0
1
2
3
4
5
6
7
8
10
11
12
13
15
16
17
18
19
22
24
27
29
30
32
33
34
37
38
39
40
41
42
44
45
47
48
49
51
54
56
59
60
62
63
64
71
74
75
78
80
88
91
93
94
95
104
107
111
114
119
121
124
134
135
138
139
145
146
149
156
162
163
165
171
178
182
184
186
188
194
196
198
200
204
207
229
230
238
267
269
276
288
295
322
324
327
328
329
331
333
334
335
336
341
345
346
348
350
352
353
355
356
357
358
359
360
361
362
363
365
366
367
369
370
372
373
374
375
376
378
379
380
382
383
384
386
387
388
389
390
394
396
397
399
400
402
403
404
405
408
409
410
411
412
413
414
415
543
556
563
569
576
579
583
843
858
861
864
866
869
870
875
876
877
878
880
882
885
886
888
889
890
891
893
894
895
896
900
903
908
909
914
915
916
919
923
932
936
939
950
963
965
1069
1070
1072
1073
1074
1076
1078
1081
1084
1085
1086
1087
1089
1090
1091
1093
1094
1095
1096
1097
1098
1100
1102
1103
1104
1105
1106
1108
1109
1110
1111
1114
1115
1116
1119
1121
1122
1124
1125
1126
1128
1129
1131
1132
1141
1142
1143
1145
1146
1147
1149
1154
1157
1159
1160
1161
1171
1172
1174
1176
1177
1178
1180
1181
1185
1188
1190
1191
1192
1197
1199
1200
1201
1203
1205
1206
1207
1209
1210
1211
1215
1216
1217
1218
1219
1222
1223
1225
1227
1230
1232
1234
1237
1238
1240
1245
1246
1248
1250
1251
1252
1254
1255
1261
1263
1266
1267
1271
1273
1274
1276
1278
1279
1280
1281
1282
1283
1285
1286
1287
1288
1290
1291
1293
1295
1296
1298
1300
1303
1304
1305
1308
1309
1310
1312
1313
1314
1315
1316
1317
1318
1319
1320
1321
1322
1323
1324
1326
1327
1329
1331
1334
1335
1336
1337
1338
1341
1344
1345
1346
1347
1348
1349
1351
1352
1353
1354
1356
1357
1358
1359
1362
1364
1365
1366
1368
1369
1370
1371
1372
1373
1375
1376
1377
1380
1381
1382
1383
1384
1386
1387
1391
1392
1393
1394
1395
1396
1399
1402
1403
1404
1405
1408
1409
1410
1411
1412
1414
1415
1419
1420
1421
1422
1423
1424
1426
1428
1429
1430
1431
1432
1434
1435
1437
1438
1439
1440
1441
1442
1443
1445
1447
1448
1449
1452
1454
1455
1456
1457
1459
1460
1461
1462
1465
1466
1468
1472
1474
1475
1476
1478
1480
1482
1483
1485
1486
1487
1489
1490
1492
1493
1494
1501
1502
1503
1504
1507
1508
1509
1510
1511
1519
1520
1521
1524
1525
1526
1527
1528
1531
1533
1534
1535
1536
1538
1539
1540
1541
1543
1545
1546
1547
1554
1555
1556
1557
1558
1559
1560
1561
1562
1563
1564
1567
1569
1572
1575
1576
1577
1578
1582
1584
1586
1588
1592
1593
1594
1595
1600
1602
1604
1608
1609
1610
1611
1613
1620
1621
1622
1624
1625
1627
1628
1629
1630
1631
1632
1633
1636
1640
1642
1643
1644
1645
1646
1648
1650
1651
1652
1653
1655
1656
1659
1663
1665
1667
1669
1671
1673
1674
1677
1678
1679
1680
1682
1685
1686
1694
1699
1701
1702
1703
1704
1706
1709
1712
1713
1714
1718
1720
1724
1725
1726
1729
1734
1742
1750
1752
1766
1774
1776
1777
1778
1780
1781
1784
1789
1791
1798
1809
1810
1811
1812
1817
1819
1824
1830
1832
1836
1861
1869
1873
1879
1880
1907
1910
1911
1912
1913
1914
1917
1918
1919
1920
1925
1930
1931
1932
1933
1934
1935
1939
1940
1943
1945
1946
1952
1954
1957
1958
1960
1961
1962
1963
1965
1966
1969
1971
1973
1974
1976
1977
1978
1979
1985
1986
1988
1989
1991
1992
1993
1994
1995
1998
1999
2000
2003
2007
2008
2011
2012
2015
2021
2023
2024
2025
2026
2027
2028
2029
2030
2032
2033
2035
2036
2040
2043
2044
2046
2048
2050
2052
2053
2054
2056
2058
2059
2060
2062
2063
2065
2066
2067
2068
2069
2072
2079
2081
2082
2083
2084
2086
2089
2095
2097
2098
2100
2101
2103
2104
2106
2107
2108
2109
2110
2111
2113
2114
2115
2116
2117
2321
2322
2324
2326
2327
2328
2329
2330
2331
2333
2334
2336
2338
2339
2340
2341
2342
2343
2344
2345
2347
2348
2349
2350
2351
2352
2353
2354
2355
2356
2357
2358
2359
2360
2361
2362
2364
2368
2370
2371
2376
2377
2380
2381
2382
2385
2389
2392
2393
2395
2397
2399
2401
2403
2404
2406
2408
2409
2411
2412
2416
2417
2419
2423
2425
2436
2438
2446
2451
2463
2475
2476
2478
2490
2492
2503
2504
2521
2525
2545
2569
2580
2603
2608
2609
2611
2614
2615
2620
2621
2625
2626
2628
2630
2632
2634
2635
2636
2638
2640
2641
2646
2647
2652
2659
2664
2665
2667
2668
2675
2676
2677
2678
2680
2681
2683
2684
2685
2690
2692
2693
2694
2708
2711
2712
2718
2722
2730
2731
2733
2735
2737
2742
2743
2744
2746
2747
2755
2760
2761
2767
2768
2769
2771
2774
2776
2779
2794
2803
2806
2814
2820
2823
2824
2931
2935
2936
2938
2945
2946
2948
2949
2953
2955
2960
2962
2964
2965
2966
2970
2972
2973
2976
2983
2988
2989
3003
3009
3010
3011
3014
3016
3019
3026
3027
3029
3032
3033
3036
3038
3040
3041
3043
3057
3063
3065
3077
3107
3108
3110
3114
3116
3117
3118
3122
3123
3127
3129
3136
3144
3146
3149
3151
3153
3156
3157
3158
3160
3161
3162
3163
3167
3171
3172
3174
3175
3177
3178
3182
3186
3194
3195
3198
3202
3203
3204
3208
3209
3210
3212
3214
3215
3220
3222
3223
3225
3227
3230
3233
3237
3238
3241
3242
3243
3245
3246
3247
3248
3251
3252
3253
3254
3255
3256
3257
3259
3260
3261
3263
3264
3268
3269
3270
3272
3273
3274
3275
3276
3278
3281
3285
3286
3287
3288
3290
3291
3294
3295
3296
3300
3306
3308
3311
3313
3314
3316
3317
3318
3319
3320
3322
3324
3325
3327
3328
3329
3333
3334
3335
3336
3338
3341
3343
3344
3345
3348
3353
3355
3358
3366
3372
3373
3374
3382
3387
3389
3390
3392
3393
3394
3396
3398
3399
3400
3401
3402
3403
3404
3405
3406
3407
3408
3409
3410
3412
3413
3414
3415
3416
3417
3419
3420
3421
3422
3423
3426
3427
3428
3429
3430
3431
3432
3434
3436
3438
3439
3440
3441
3442
3444
3446
3447
3448
3449
3450
3451
3452
3453
3456
3457
3459
3461
3462
3465
3466
3467
3468
3470
3471
3474
3476
3480
3481
3482
3483
3484
3485
3486
3487
3488
3490
3493
3495
3496
3497
3499
3500
3501
3502
3503
3504
3505
3506
3507
3508
3509
3510
3511
3512
3513
3514
3516
3517
3518
3519
3520
3523
3524
3525
3526
3527
3528
3529
3530
3531
3532
3533
3536
3538
3539
3540
3542
3544
3545
3546
3548
3552
3553
3555
3558
3559
3560
3561
3563
3564
3565
3569
3570
3571
3572
3573
3574
3575
3577
3578
3580
3584
3586
3589
3591
3592
3593
3596
3598
3601
3605
3607
3615
3625
3628
3629
3630
3631
3633
3634
3636
3637
3638
3639
3640
3642
3643
3644
3645
3646
3648
3649
3650
3652
3654
3656
3658
3661
3663
3664
3666
3667
3668
3670
3672
3675
3679
3680
3681
3686
3689
3690
3691
3692
3694
3695
3696
3698
3701
3706
3709
3710
3713
3714
3719
3722
3723
3725
3726
3727
3728
3731
3733
3735
3736
3737
3740
3744
3748
3750
3754
3755
3756
3760
3765
3766
3769
3772
3773
3774
3775
3777
3778
3780
3781
3783
3784
3787
3790
3793
3796
3797
3800
3803
3806
3807
3815
3817
3818
3822
3823
3824
3825
3827
3828
3831
3832
3833
3834
3837
3838
3839
3840
3841
3843
3845
3846
3847
3848
3851
3853
3855
3856
3857
3858
3861
3862
3863
3865
3869
3870
3872
3874
3876
3878
3879
3880
3882
3884
3886
3887
3890
3892
3893
3895
3896
3905
3908
3910
3915
3917
3918
4320
4326
4327
4328
4329
4331
4333
4334
4336
4338
4339
4341
4344
4348
4349
4350
4351
4352
4353
4354
4357
4358
4359
4360
4364
4365
4366
4367
4368
4369
4370
4371
4372
4374
4378
4380
4381
4383
4384
4385
4386
4387
4388
4389
4390
4391
4392
4394
4396
4397
4399
4400
4403
4405
4406
4407
4409
4410
4412
4414
4418
4419
4420
4422
4423
4424
4425
4426
4427
4428
4429
4430
4432
4433
4434
4435
4437
4438
4439
4440
4441
4445
4446
4447
4448
4451
4452
4453
4454
4455
4458
4459
4460
4461
4463
4465
4466
4467
4468
4469
4470
4471
4472
4473
4475
4477
4478
4480
4481
4482
4483
4485
4486
4490
4491
4492
4493
4494
4495
4498
4499
4500
4501
4502
4503
4505
4506
4507
4510
4512
4513
4514
4515
4518
4521
4523
4525
4526
4527
4528
4529
4530
4532
4535
4536
4539
4543
4544
4549
4551
4552
4553
4561
4562
4564
4565
4571
4586
4589
4592
4593
4595
4597
4601
4602
4603
4604
4611
4612
4614
4615
4616
4617
4618
4620
4623
4624
4628
4631
4633
4638
4640
4643
4652
4653
4656
4657
4660
4665
4676
4687
4688
4691
4693
4695
4696
4699
4701
4703
4704
4705
4706
4708
4710
4713
4715
4721
4722
4725
4728
4730
4735
4736
4738
4739
4740
4742
4744
4747
4750
4753
4755
4756
4760
4761
4763
4765
4768
4770
4771
4772
4774
4776
4782
4783
4784
4785
4786
4787
4789
4790
4791
4792
4793
4796
4797
4798
4800
4802
4803
4804
4807
4808
4809
4810
4811
4813
4815
4821
4822
4823
4825
4831
4832
4835
4837
4838
4839
4844
4846
4849
4850
4852
4853
4859
4861
4862
4863
4868
4869
4874
4887
4892
4895
4898
4899
4901
4902
4906
4928
4930
4931
4932
4933
4934
4937
4940
4941
4943
4944
4945
4947
4949
4950
4951
4952
4953
4955
4957
4958
4959
4960
4961
4963
4964
4965
4966
4967
4968
4970
4971
4972
4973
4974
4975
4977
4978
4980
4981
4982
4984
4986
4987
4988
4989
4991
4992
4993
4994
4997
5001
5005
5007
5008
5009
5010
5011
5012
5013
5016
5017
5019
5020
5021
5022
5024
5025
5026
5027
5028
5029
5030
5031
5034
5035
5036
5038
5039
5040
5043
5045
5046
5048
5049
5050
5055
5057
5060
5063
5064
5065
5067
5068
5072
5074
5076
5081
5082
5085
5086
5088
5094
5096
5097
5099
5100
5102
5103
5104
5105
5107
5108
5109
5114
5115
5116
5117
5120
5121
5123
5125
5126
5128
5130
5131
5133
5138
5143
5146
5152
5155
5156
5165
5167
5168
5171
5184
5189
5191
5195
5199
5205
5209
5214
5218
5224
5225
5231
5248
5261
5263
5264
5265
5266
5268
5270
5271
5272
5275
5277
5278
5281
5282
5284
5286
5291
5293
5295
5296
5298
5299
5300
5301
5302
5303
5305
5306
5307
5308
5310
5311
5313
5316
5318
5319
5320
5321
5322
5324
5325
5326
5327
5328
5329
5330
5332
5333
5334
5335
5341
5343
5344
5345
5346
5347
5351
5354
5361
5363
5364
5365
5366
5367
5368
5369
5373
5374
5376
5379
5381
5382
5383
5384
5387
5388
5390
5391
5392
5395
5396
5401
5403
5407
5408
5409
5411
5413
5416
5419
5420
5423
5426
5428
5433
5435
5436
5438
5443
5444
5445
5450
5452
5453
5456
5459
5460
5461
5463
5466
5467
5472
5473
5474
5480
5481
5482
5485
5487
5489
5491
5492
5494
5498
5505
5506
5507
5508
5510
5511
5512
5513
5515
5516
5520
5522
5524
5527
5528
5532
5533
5535
5536
5542
5543
5544
5548
5550
5551
5552
5554
5555
5556
5557
5558
5560
5561
5564
5671
5672
5675
5686
5704
5705
5706
5708
5709
5713
5715
5716
5719
5720
5725
5728
5729
5730
5731
5732
5734
5736
5742
5744
5746
5751
5752
5756
5762
5763
5766
5768
5770
5772
5773
5774
5776
5780
5782
5784
5788
5789
5799
5803
5810
5817
5822
5823
5835
5839
5840
5848
5850
5853
5856
5858
5859
5865
5866
5894
5900
5911
5952
5959
5960
5964
5966
5985
6000
6068
6069
6070
6072
6074
6075
6076
6078
6083
6084
6085
6086
6087
6088
6095
6098
6100
6101
6102
6104
6106
6108
6109
6110
6113
6114
6115
6117
6121
6123
6127
6132
6135
6136
6138
6139
6140
6145
6146
6147
6148
6149
6150
6151
6152
6153
6154
6156
6158
6161
6166
6191
6194
6196
6209
6249
6255
6301
6308
6310
6314
6321
6324
6329
6331
6332
6334
6337
6376
6379
6382
6390
6398
6421
6428
6447
6455
6462
6464
6477
6495
6499
6502
6515
6519
6558
6561
6565
6586
6615
6625
6637
6639
6642
6650
6655
6666
6670
6671
6689
6690
6696
