10 -2.18325860862e-11 
7.51312589645 6.57130908966 
7.60654211044 5.91623067856 
7.2799038887 7.68381309509 
7.40417814255 7.2197728157 
7.33328437805 7.53025770187 
8.25536823273 2.88978290558 
7.21837854385 7.751516819 
7.69778776169 5.23599052429 
9.08170986176 2.94490041597e-06 
7.46164178848 6.89759778976 
7.58286952972 6.08782434464 
7.94252824783 3.87572550774 
7.4896068573 6.7247710228 
7.65184545517 5.57939195633 
8.6700963974 1.01324498653 
8.13665485382 3.42100644112 
8.61044311523 1.23958945274 
7.79957914352 4.47047185898 
8.78678798676 0.630177497864 
7.68840360641 5.30422258377 
7.53322410583 6.43564033508 
8.85213088989 0.450135111809 
8.6525554657 1.07774233818 
8.09443855286 3.57967567444 
8.04745388031 3.72365856171 
8.95475673676 0.215370252728 
7.64239788055 5.64492082596 
7.67441797256 5.40874862671 
8.73965263367 0.775364458561 
7.71591806412 5.09917497635 
7.54788160324 6.33465242386 
8.43339920044 2.01716303825 
7.86865520477 3.96549487114 
7.60058403015 5.95954656601 
7.50340747833 6.63224124908 
7.9867181778 3.84531068802 
8.36745548248 2.33874511719 
8.42716503143 2.04841256142 
7.72179508209 5.05375671387 
8.55976581573 1.447255373 
8.21312236786 3.0898976326 
8.47570133209 1.81991112232 
8.53950405121 1.53402757645 
8.34035968781 2.47242283821 
8.00694561005 3.81409502029 
7.41699075699 7.15150737762 
7.84947681427 4.1040854454 
7.62003231049 5.81641483307 
8.920753479 0.286853313446 
8.5900888443 1.32134449482 
7.56030035019 6.24845933914 
7.44103479385 7.01940441132 
9.01429367065 0.104317761958 
8.16721725464 3.29537439346 
7.31874370575 7.57269287109 
7.68778896332 5.31002998352 
7.67320251465 5.42092752457 
7.62563610077 5.7689948082 
7.69217681885 5.27822494507 
8.3814125061 2.2652285099 
7.83503913879 4.20963764191 
7.82799863815 4.26123332977 
7.80743312836 4.41090488434 
7.84158325195 4.15890693665 
7.60783672333 5.90198421478 
7.61623334885 5.8451385498 
7.61296367645 5.8632774353 
7.59795284271 5.97829580307 
7.62416362762 5.78611850739 
7.62993001938 5.7431974411 
8.26174259186 2.85396313667 
7.5956287384 5.99490499496 
7.38714981079 7.29796934128 
7.64927339554 5.59676599503 
7.22973251343 7.74852609634 
7.69296073914 5.27219772339 
7.8173532486 4.3391046524 
8.10594844818 3.53471636772 
8.93939495087 0.241082012653 
7.59946393967 5.96584796906 
7.61028146744 5.88883829117 
8.05722904205 3.69250202179 
7.82183456421 4.30587148666 
7.65572929382 5.54859972 
7.35473489761 7.44666147232 
7.37928009033 7.34108304977 
7.46845006943 6.85391235352 
7.65944290161 5.52420330048 
7.68531179428 5.32254695892 
7.73727846146 4.93662261963 
7.81502819061 4.35572957993 
7.86761856079 3.97289848328 
8.69384860992 0.928842246532 
8.21102809906 3.09953737259 
7.8143157959 4.36073207855 
8.31171512604 2.61402010918 
8.0786447525 3.63214087486 
8.34038543701 2.47229099274 
8.18736457825 3.2070145607 
8.72772407532 0.814161837101 
9.03570461273 0.0690200179815 
8.77102375031 0.677294492722 
7.88116693497 3.87576985359 
8.25492668152 2.89187121391 
8.42906570435 2.03926539421 
8.88941955566 0.358158349991 
8.46507835388 1.86919844151 
8.45030498505 1.93839418888 
7.74644327164 4.86846208572 
7.67205619812 5.42577123642 
8.2971200943 2.68594765663 
8.39189624786 2.21897554398 
8.77888870239 0.653605878353 
8.84249210358 0.475121378899 
9.01136875153 0.109593428671 
7.86839818954 3.96730065346 
8.97057533264 0.184132382274 
8.63879203796 1.12953269482 
8.86401176453 0.419960796833 
8.66048431396 1.04839611053 
8.92670249939 0.273862272501 
8.05225372314 3.71072244644 
8.59557914734 1.29897093773 
8.48812770844 1.7627903223 
8.58098602295 1.35863304138 
7.76233911514 4.74957561493 
8.5071182251 1.67681884766 
8.16809368134 3.29160571098 
8.52815818787 1.58350336552 
7.99643182755 3.83152461052 
8.03480911255 3.75558757782 
7.54624700546 6.34348392487 
8.14018249512 3.40805029869 
8.71887969971 0.84346807003 
8.53773403168 1.54170489311 
7.95388460159 3.87323307991 
7.85546779633 4.05776500702 
8.15576457977 3.34389686584 
7.49541902542 6.68755054474 
8.27730178833 2.78318166733 
8.97901344299 0.168057918549 
8.9195766449 0.289435207844 
8.00951385498 3.8093996048 
7.52107810974 6.51402997971 
8.27226448059 2.80779051781 
8.55673789978 1.46005344391 
8.41207790375 2.1209859848 
8.56172275543 1.43898618221 
7.50565433502 6.6200799942 
7.3377737999 7.51435661316 
8.40681743622 2.14639401436 
8.61691761017 1.21405649185 
7.3401427269 7.50552272797 
8.61713600159 1.21319723129 
8.35698032379 2.39031720161 
8.65506839752 1.06836152077 
7.43388605118 7.05912876129 
7.5167183876 6.54758691788 
7.56476974487 6.21564817429 
7.61742115021 5.83282470703 
7.68172025681 5.35660934448 
7.69437265396 5.2616686821 
7.72490310669 5.03091716766 
8.7072353363 0.882368266582 
7.67598009109 5.39546060562 
7.87645626068 3.90843367577 
7.75840616226 4.77917051315 
8.45777225494 1.90296578407 
7.84818983078 4.11326742172 
7.2860994339 7.67007112503 
8.59767341614 1.27587080002 
7.7307715416 4.9853644371 
7.72766923904 5.00927782059 
7.76850223541 4.69925642014 
7.69940185547 5.21608495712 
7.63494253159 5.70535802841 
7.7229180336 5.04347038269 
7.71136713028 5.13348722458 
7.71717882156 5.08972501755 
7.76165676117 4.75020837784 
7.7742023468 4.66039085388 
8.7038602829 0.893900871277 
7.53427410126 6.42601203918 
8.55472373962 1.46508967876 
7.77148914337 4.67648792267 
7.7206158638 5.06377649307 
8.80732059479 0.563903510571 
7.44522809982 6.99494218826 
7.83059501648 4.23837566376 
7.79327487946 4.51736307144 
7.54797172546 6.32545900345 
7.67089557648 5.43471288681 
8.58115768433 1.3561630249 
7.8792142868 3.88869953156 
7.57336425781 6.1529841423 
8.68023967743 0.969639778137 
7.70885467529 5.1524810791 
7.68746042252 5.31326055527 
7.70600366592 5.17402648926 
7.99942970276 3.82536196709 
7.8334107399 4.21791505814 
9.0817117691 2.11408902828e-07 
7.51305627823 6.57210922241 
8.25525951385 2.89030957222 
7.25229454041 7.72950220108 
7.33300018311 7.53167533875 
7.94121265411 3.87576150894 
7.40401554108 7.22060203552 
7.65106964111 5.58625125885 
7.34979581833 7.46470403671 
7.606300354 5.91797876358 
7.27968120575 7.68428230286 
7.69769525528 5.23664617538 
8.57520294189 1.38109576702 
7.71557950974 5.10072422028 
7.99777984619 3.82932257652 
7.74518108368 4.87616920471 
7.87824058533 3.89510130882 
8.34907913208 2.42918801308 
8.03692245483 3.75047373772 
8.61594295502 1.21584260464 
8.72380828857 0.827082753181 
7.87036371231 3.94453620911 
8.95515346527 0.214307576418 
8.32776927948 2.53467321396 
8.89895629883 0.335907429457 
8.5430688858 1.51861250401 
7.78363513947 4.58908033371 
7.55694770813 6.27102851868 
8.16796398163 3.29214882851 
8.19244003296 3.18436217308 
7.58178901672 6.09547615051 
7.85533809662 4.06062650681 
7.49161148071 6.70929574966 
8.35803413391 2.38514900208 
7.43700265884 7.04248332977 
8.1359910965 3.42484641075 
8.21138191223 3.09794807434 
8.10184288025 3.55377340317 
8.85798740387 0.435170859098 
8.08795833588 3.60168600082 
8.11288738251 3.51370763779 
8.06427574158 3.6764550209 
7.62153720856 5.80500984192 
8.48446559906 1.77957034111 
8.31486320496 2.59847283363 
8.14794826508 3.37643432617 
7.42003107071 7.13564682007 
8.5361995697 1.54821383953 
8.37801361084 2.28599357605 
8.81048488617 0.560600876808 
8.64780330658 1.09543991089 
8.40801143646 2.14065408707 
8.24767398834 2.92517471313 
8.18032169342 3.23833346367 
7.55954933167 6.25302553177 
8.77228736877 0.673450410366 
9.08171081543 1.60047670761e-06 
8.16884040833 3.28748369217 
7.72910690308 4.99967432022 
7.36281299591 7.41397333145 
8.25062274933 2.91255450249 
7.70168590546 5.19608211517 
8.8944683075 0.346277445555 
8.02686405182 3.77385807037 
7.98227834702 3.85060858727 
8.62040328979 1.19934439659 
7.64000511169 5.66447925568 
8.59648799896 1.29539442062 
8.68934822083 0.943743169308 
8.66944026947 1.0148473978 
8.93362998962 0.258056879044 
7.79251194 4.52267742157 
8.27042388916 2.81574273109 
7.83151292801 4.2331738472 
9.04859352112 0.0478005520999 
8.28689670563 2.73555445671 
7.52917766571 6.46220159531 
8.35623645782 2.39311242104 
7.54294157028 6.36406993866 
7.61950922012 5.82011795044 
7.44972658157 6.96905422211 
8.81894111633 0.537649452686 
7.74161338806 4.89941215515 
7.76433467865 4.73330640793 
8.078748703 3.63095593452 
7.80742692947 4.41259670258 
8.71595859528 0.853164076805 
8.77063941956 0.677305996418 
7.51645755768 6.54948854446 
7.66980600357 5.44643974304 
8.22412776947 3.03767585754 
7.6163020134 5.84407806396 
7.67859554291 5.37574672699 
8.97741508484 0.16993124783 
8.57719326019 1.37339472771 
7.81440877914 4.35854005814 
7.87720727921 3.90409898758 
8.33170700073 2.51429653168 
7.41466140747 7.15928077698 
8.20598697662 3.12189292908 
7.82575702667 4.27635192871 
8.51263332367 1.65029537678 
8.74881076813 0.746056735516 
7.25002098083 7.732421875 
8.84499073029 0.467562019825 
8.83896541595 0.483389168978 
8.52836894989 1.58068108559 
9.08166027069 7.19336385373e-05 
8.88331699371 0.372718334198 
8.85799312592 0.435169100761 
7.94105243683 3.8757622242 
7.26235055923 7.7150683403 
8.18801403046 3.20420026779 
8.49236011505 1.74353659153 
7.84011650085 4.1713013649 
7.78702831268 4.56484699249 
8.65016365051 1.08611154556 
8.90182495117 0.32930842042 
8.16636562347 3.29902267456 
8.26004505157 2.86717867851 
8.66324520111 1.03616225719 
9.06399822235 0.025405107066 
8.15216732025 3.35843849182 
9.04322814941 0.0570538416505 
8.20058727264 3.14748120308 
8.69783592224 0.915028572083 
7.63370752335 5.71145009995 
8.80183124542 0.58646440506 
8.24264526367 2.95071721077 
8.73846340179 0.776542425156 
8.67599201202 0.992044210434 
8.7121887207 0.865938127041 
8.27366065979 2.80099892616 
7.79743671417 4.48411273956 
7.23018503189 7.7461681366 
8.03371620178 3.75818490982 
7.46397733688 6.88320636749 
7.43708515167 7.0383067131 
8.0177822113 3.79286408424 
7.53828668594 6.40120983124 
8.58598518372 1.33809959888 
7.57863378525 6.11824798584 
8.84244155884 0.475290238857 
7.3952703476 7.25913667679 
8.68661212921 0.954242765903 
8.20980072021 3.10525178909 
8.44389533997 1.96850121021 
8.77938652039 0.652119338512 
8.55883789062 1.45118200779 
7.50253105164 6.64088439941 
8.45325183868 1.92416870594 
8.25187301636 2.90662336349 
8.3600435257 2.37524151802 
8.91641998291 0.296403586864 
8.07471084595 3.64464688301 
8.41837596893 2.09061193466 
8.11086082458 3.52117919922 
7.97089338303 3.86246395111 
7.78082942963 4.61112785339 
8.79077339172 0.618493795395 
8.92806053162 0.270974934101 
8.59663391113 1.29258000851 
8.42808151245 2.04402112961 
8.56818962097 1.41142559052 
8.1428232193 3.39737057686 
8.13405132294 3.43255019188 
8.62144374847 1.19632446766 
8.37406158447 2.30611658096 
8.0996389389 3.5615632534 
8.57671928406 1.37625575066 
7.67718029022 5.39055156708 
9.01599788666 0.101653054357 
8.47618770599 1.81766486168 
7.70644617081 5.17062473297 
9.02654933929 0.0839473828673 
7.65326929092 5.56292104721 
8.43485355377 2.00958561897 
7.5707244873 6.17452287674 
8.4841003418 1.78125631809 
8.97199440002 0.181437417865 
8.0626449585 3.68101739883 
7.64096546173 5.66189289093 
7.27462148666 7.6923251152 
8.60452270508 1.26268541813 
8.51471042633 1.64282047749 
8.61378288269 1.22629666328 
7.60285425186 5.94305181503 
8.99943161011 0.130327314138 
8.96061134338 0.203671947122 
7.61467695236 5.8556470871 
7.69386339188 5.26433467865 
7.73275518417 4.97225284576 
8.53113269806 1.56837499142 
8.46173000336 1.88482260704 
8.36648082733 2.34348797798 
8.46781730652 1.85644769669 
8.72619056702 0.819209694862 
8.31220722198 2.61159157753 
7.71234035492 5.12619495392 
7.65725803375 5.54061794281 
7.84953975677 4.10254096985 
7.35924911499 7.42743778229 
8.38248634338 2.26496767998 
8.23153400421 3.00152659416 
8.63721656799 1.13553655148 
7.72687911987 5.01638364792 
8.0847902298 3.61220216751 
7.48487234116 6.74564695358 
8.00483322144 3.8178191185 
7.94957208633 3.87463498116 
8.76452827454 0.697124898434 
7.76062345505 4.76139497757 
8.12437725067 3.47010016441 
8.40549659729 2.15283274651 
7.74535512924 4.87545251846 
8.81785106659 0.541541337967 
8.3013420105 2.66519784927 
8.34939193726 2.42779183388 
8.09140491486 3.59005618095 
7.28667449951 7.66782712936 
8.98583507538 0.155285581946 
8.63233375549 1.15420222282 
8.11978149414 3.48787975311 
8.22919845581 3.01472520828 
8.94874763489 0.227560326457 
8.83234024048 0.502091705799 
8.28449726105 2.74752187729 
8.17617797852 3.25652194023 
8.05407810211 3.70569205284 
8.76726436615 0.688293099403 
8.72121620178 0.835341095924 
7.70031929016 5.21321964264 
8.3385848999 2.48119211197 
7.32671785355 7.55103206635 
7.99619293213 3.83193469048 
7.86060094833 4.02070426941 
8.5235824585 1.60362887383 
7.75194311142 4.82455825806 
7.75955295563 4.7694272995 
7.75281715393 4.81712245941 
8.21920108795 3.06163430214 
8.82644939423 0.517985999584 
8.21978759766 3.05713486671 
8.04549980164 3.72879505157 
8.34810829163 2.43412041664 
8.94232463837 0.24079683423 
8.13489723206 3.42816281319 
8.80715751648 0.570520102978 
8.49295520782 1.74062740803 
8.28758144379 2.73185062408 
7.75445699692 4.80685949326 
9.05662441254 0.0348780825734 
8.17203044891 3.27311873436 
8.34404659271 2.45332622528 
7.81304359436 4.36970567703 
7.73759889603 4.93549394608 
8.0010843277 3.82329344749 
8.37215995789 2.31408381462 
7.59265232086 6.01657438278 
8.59429073334 1.30422270298 
8.51291942596 1.64870679379 
7.4536523819 6.93831586838 
8.95677471161 0.211261436343 
7.523873806 6.4974861145 
7.65445041656 5.56071138382 
7.86366558075 4.00005102158 
7.85231590271 4.08366203308 
7.95788860321 3.87124109268 
8.96266841888 0.197882831097 
8.43457221985 2.01199197769 
8.30047416687 2.66713118553 
7.41357421875 7.16271543503 
8.05420780182 3.70425605774 
8.39862537384 2.18604278564 
7.52643013 6.48039054871 
8.88170623779 0.374498784542 
7.7176322937 5.07575798035 
8.41016674042 2.12837386131 
8.1631269455 3.310744524 
8.15854454041 3.33065342903 
7.78768777847 4.55992650986 
7.48154640198 6.77586174011 
7.87270212173 3.93634104729 
8.07411384583 3.64628887177 
8.60755825043 1.24996125698 
7.76882600784 4.69764709473 
7.76001977921 4.76601791382 
7.98595571518 3.84554076195 
7.74788379669 4.85556077957 
7.6438794136 5.64049625397 
7.49964809418 6.65420055389 
8.00824546814 3.81072282791 
7.61837005615 5.82481956482 
8.33334827423 2.50236368179 
7.7143497467 5.10814332962 
7.76115751266 4.75803565979 
7.39990615845 7.23638391495 
8.50594520569 1.68060791492 
8.7714214325 0.674988687038 
7.53276634216 6.43943309784 
7.48756313324 6.73693323135 
7.53924560547 6.38929653168 
8.75644874573 0.719935774803 
7.77974653244 4.61602926254 
8.32503509521 2.54609584808 
7.78419160843 4.58601093292 
7.65117406845 5.5858464241 
8.36242294312 2.36344385147 
7.84461688995 4.13959026337 
8.87815570831 0.385099411011 
8.45138549805 1.93317711353 
7.56896924973 6.18556404114 
8.085521698 3.60885977745 
8.04357433319 3.73225569725 
7.42464733124 7.10870361328 
7.7255730629 5.02606010437 
7.43124341965 7.07297801971 
8.27523136139 2.79167032242 
7.4064116478 7.20589447021 
7.49235057831 6.70691490173 
7.29941320419 7.63610219955 
7.83134937286 4.236140728 
8.67394733429 0.998325765133 
8.24020862579 2.96143221855 
8.72830104828 0.811192214489 
8.26322364807 2.84985327721 
7.55127048492 6.31160879135 
8.28648853302 2.7380464077 
8.85368442535 0.445120811462 
7.7431268692 4.89398622513 
7.61206293106 5.8722910881 
8.31602573395 2.59178972244 
7.48463249207 6.75566673279 
8.82326316833 0.526636183262 
7.53484010696 6.42527484894 
7.39232349396 7.26024341583 
8.53920936584 1.53512871265 
8.23325634003 2.99382948875 
8.89902305603 0.334053844213 
8.58804702759 1.32961261272 
7.79404020309 4.50864553452 
7.80402803421 4.43695497513 
8.36694908142 2.3410115242 
8.22197341919 3.04741406441 
8.2794084549 2.76935219765 
8.25257778168 2.90315580368 
8.06056118011 3.68724441528 
8.02870082855 3.76833128929 
9.02166175842 0.0910266041756 
7.42901468277 7.08594322205 
9.01602077484 0.10058683902 
7.85825681686 4.04018211365 
7.82347631454 4.29323339462 
8.10457897186 3.54294657707 
8.4428358078 1.97081542015 
8.07677459717 3.6372282505 
7.66843795776 5.45638513565 
8.48166561127 1.79137802124 
8.53315353394 1.55718135834 
7.37701749802 7.35152244568 
7.41427898407 7.15941047668 
8.67771911621 0.984209179878 
9.03983879089 0.0613362081349 
8.21935272217 3.05985116959 
8.3867855072 2.2392809391 
7.72882986069 5.0016412735 
7.52953863144 6.46063184738 
7.70834636688 5.15595626831 
7.42945814133 7.08173894882 
7.5982708931 5.97573757172 
7.58723497391 6.05454206467 
7.41969299316 7.13765907288 
7.87906503677 3.89071416855 
7.56671380997 6.19112110138 
7.84053421021 4.16833305359 
7.599796772 5.96444320679 
8.09329986572 3.58238077164 
7.69039678574 5.291410923 
7.60296535492 5.94099569321 
7.67947769165 5.37360239029 
7.82627487183 4.27123880386 
7.62205648422 5.80037021637 
7.78121805191 4.60822153091 
7.75109004974 4.83402776718 
8.56307029724 1.4285582304 
7.67065572739 5.44018697739 
7.66063308716 5.51527404785 
7.75583171844 4.79819297791 
7.63974332809 5.66517496109 
7.69611501694 5.24410676956 
7.68471384048 5.32858371735 
7.24608659744 7.73433685303 
7.49746990204 6.67213582993 
7.6249499321 5.78001213074 
7.77452087402 4.65820646286 
7.59045696259 6.03311872482 
7.25606155396 7.72512960434 
7.68306350708 5.34448575974 
7.86015796661 4.02667760849 
7.2530798912 7.72622013092 
7.21791934967 7.75152397156 
7.27359199524 7.69554328918 
7.30595731735 7.61710596085 
7.35067987442 7.462474823 
7.37096118927 7.37831640244 
7.40727567673 7.20176792145 
7.46437215805 6.87970495224 
7.47756385803 6.7998418808 
7.51103401184 6.58477020264 
7.67269182205 5.42238235474 
7.73576164246 4.94636058807 
7.76517438889 4.72827863693 
7.77593135834 4.64774417877 
7.81189012527 4.38011884689 
7.52725744247 6.47687339783 
8.66615104675 1.02704024315 
7.65181684494 5.58121871948 
7.54290962219 6.36708402634 
8.0184841156 3.79139661789 
8.99775886536 0.133258387446 
9.0054769516 0.119559951127 
7.8239235878 4.29031896591 
8.1529378891 3.35515737534 
7.54669809341 6.34234523773 
8.31286621094 2.60819578171 
7.73012542725 4.99157905579 
7.53744792938 6.40589904785 
7.96358728409 3.86795830727 
8.21241855621 3.09273505211 
8.52029132843 1.6173927784 
7.62886190414 5.75175380707 
8.09161567688 3.5891931057 
7.71019268036 5.13661384583 
8.07963657379 3.62884736061 
8.96726322174 0.190026879311 
8.14676570892 3.38065624237 
7.97380876541 3.8597612381 
7.38657951355 7.30666875839 
7.62728691101 5.76298904419 
8.46205711365 1.88274872303 
7.85775136948 4.04410743713 
7.83337020874 4.22149085999 
7.67395925522 5.41388559341 
8.79393577576 0.608769237995 
8.50867938995 1.6655818224 
8.47769355774 1.81058871746 
7.58980226517 6.03760194778 
8.39774417877 2.18970942497 
7.68836355209 5.30505847931 
7.66760873795 5.46146249771 
8.89452171326 0.345712631941 
7.63437986374 5.7108798027 
8.40729045868 2.14401221275 
7.56601381302 6.20499515533 
7.6105017662 5.87780094147 
7.36154031754 7.41449308395 
8.06659030914 3.66902160645 
9.07176399231 0.0139055522159 
7.6950097084 5.24795675278 
8.43475437164 2.01161623001 
8.63770294189 1.13317334652 
8.39125919342 2.2214486599 
7.75605964661 4.79577302933 
8.19416904449 3.17641210556 
8.86120700836 0.426409244537 
8.97904872894 0.167423978448 
7.3063044548 7.61687135696 
8.85479736328 0.442649781704 
8.36696434021 2.34053325653 
8.74977493286 0.742456138134 
8.18959903717 3.19657421112 
8.82110786438 0.532032370567 
8.33648109436 2.49149394035 
7.83650970459 4.19859170914 
8.82956600189 0.508918821812 
7.57673025131 6.13165807724 
8.10343265533 3.54747605324 
8.12071323395 3.48379683495 
8.28939437866 2.72393536568 
8.57741832733 1.37242138386 
8.65294742584 1.07620990276 
7.82772922516 4.26257610321 
7.98521327972 3.84662246704 
7.62507152557 5.77618980408 
8.15825271606 3.33292269707 
8.44732952118 1.95219397545 
8.32144451141 2.56543517113 
7.56304788589 6.22632408142 
8.62844657898 1.16853880882 
8.4885225296 1.76089990139 
8.57062625885 1.40106451511 
8.03299236298 3.75936889648 
7.64859819412 5.60532236099 
8.34956455231 2.42648601532 
7.66309165955 5.49627923965 
8.53428077698 1.55593240261 
8.30446434021 2.64926052094 
8.67885780334 0.98116081953 
8.55846881866 1.45213091373 
7.79708814621 4.48874473572 
8.2756652832 2.79059815407 
8.5516462326 1.47978270054 
7.56071519852 6.24556255341 
7.64252376556 5.6444811821 
7.54592609406 6.34787464142 
8.40419197083 2.15903258324 
8.43103599548 2.02960801125 
8.07329750061 3.64849615097 
8.02594947815 3.77548503876 
8.33984851837 2.47432565689 
8.08625030518 3.60658836365 
8.29496002197 2.69648146629 
8.27097892761 2.81344842911 
8.37115192413 2.31764960289 
8.700922966 0.903753101826 
7.52941894531 6.46215963364 
8.54673576355 1.50219106674 
8.37688732147 2.29178071022 
7.44569540024 6.98404073715 
9.01172447205 0.108665838838 
7.71255731583 5.11605167389 
8.84341526031 0.472542196512 
7.80083322525 4.44818639755 
8.36401557922 2.35488533974 
8.18347835541 3.22377681732 
8.58062076569 1.35956799984 
8.0974817276 3.56849265099 
8.72288608551 0.829500854015 
8.42786312103 2.04443430901 
7.6845240593 5.33204030991 
7.57163906097 6.16797351837 
7.28089761734 7.68170499802 
7.2356801033 7.74540758133 
7.57958221436 6.11147260666 
7.66996669769 5.44493150711 
7.46273708344 6.89084911346 
8.60315895081 1.2685239315 
8.2855796814 2.74269485474 
7.41890621185 7.13938140869 
8.57340526581 1.38997805119 
8.5561914444 1.46223676205 
7.52791309357 6.47064828873 
7.7464466095 4.86518526077 
7.37208509445 7.36967182159 
8.39893054962 2.17448568344 
9.00150108337 0.125483006239 
8.72643089294 0.818388819695 
7.75452184677 4.80324029922 
8.14824390411 3.37504172325 
7.83757305145 4.19077157974 
8.44913387299 1.94378936291 
8.5298871994 1.57589232922 
8.94552707672 0.234135746956 
8.37306118011 2.31115436554 
8.31155872345 2.61475324631 
8.77966022491 0.651264429092 
7.86441898346 3.99567961693 
8.98921012878 0.149030119181 
7.95140218735 3.87407588959 
7.9834523201 3.84936261177 
8.0199546814 3.78872489929 
7.4981098175 6.66955184937 
7.69754552841 5.23757266998 
8.62120342255 1.19711768627 
7.81866502762 4.31814527512 
8.89225959778 0.351469099522 
8.48154163361 1.79202699661 
8.69385433197 0.928825497627 
8.20902252197 3.10879445076 
8.35885620117 2.38106369972 
8.23453998566 2.98939847946 
7.51415586472 6.56435728073 
8.04691982269 3.72503805161 
9.08148002625 0.000309623486828 
8.50280570984 1.69526410103 
8.31962299347 2.57490706444 
7.44477510452 6.99759435654 
8.41630649567 2.10055112839 
7.88103485107 3.8766617775 
8.25517177582 2.89070105553 
7.30829238892 7.61188364029 
8.8114490509 0.55931186676 
8.47480869293 1.82117545605 
7.32200145721 7.56944084167 
8.09028339386 3.59381914139 
8.16741371155 3.29448509216 
7.77864074707 4.6237745285 
8.05819320679 3.68893051147 
7.39076662064 7.28635406494 
9.04951095581 0.0470970273018 
7.68397426605 5.33801794052 
7.56651735306 6.2037229538 
8.1171207428 3.49774956703 
8.37895774841 2.28221511841 
7.26922893524 7.70222187042 
7.31848573685 7.57952785492 
7.42532444 7.10778522491 
7.45125341415 6.96018886566 
7.50531053543 6.62274217606 
7.53515911102 6.42299890518 
7.30139255524 7.63099145889 
7.38049459457 7.33173131943 
7.39742898941 7.2524638176 
7.42269229889 7.12023258209 
7.52088737488 6.51913642883 
7.53179550171 6.4444475174 
7.26674127579 7.70774078369 
7.29152965546 7.65432977676 
7.42401599884 7.11407804489 
7.43953847885 7.02505493164 
7.58308506012 6.08426713943 
7.7565908432 4.79188871384 
7.85369348526 4.0736413002 
7.24995088577 7.73246383667 
7.2196097374 7.75145626068 
7.21966457367 7.75145292282 
7.21975374222 7.75144481659 
7.21976184845 7.75144386292 
7.2197766304 7.75144290924 
7.21990394592 7.75143003464 
7.21993112564 7.75142860413 
7.22053623199 7.7513756752 
7.46383714676 6.88456869125 
7.47688817978 6.80439329147 
7.4889831543 6.72674417496 
7.22075414658 7.75135326385 
7.52527523041 6.48699569702 
7.22096300125 7.7513256073 
7.22097826004 7.75132369995 
7.2210817337 7.75129318237 
7.22123146057 7.75127983093 
7.21833181381 7.75151729584 
7.21842002869 7.75151443481 
7.21847057343 7.75151252747 
7.36967229843 7.37895774841 
7.43014812469 7.07624673843 
7.47412872314 6.81999921799 
7.2185049057 7.75151157379 
7.21850681305 7.75151014328 
7.21851873398 7.75150966644 
7.21869945526 7.75150680542 
7.55361175537 6.29540586472 
7.21898174286 7.75149488449 
7.21905708313 7.75147676468 
7.58035516739 6.09841108322 
7.2193441391 7.75146913528 
7.21941995621 7.75146484375 
7.21942949295 7.75146245956 
7.21947669983 7.75146150589 
7.21948051453 7.75145959854 
7.63751029968 5.68609237671 
7.6495923996 5.5951628685 
7.21951150894 7.75145864487 
7.73824501038 4.92738437653 
7.22006797791 7.75142288208 
7.22034931183 7.7513961792 
7.80994844437 4.3920006752 
7.83190870285 4.23207902908 
7.22076511383 7.75134706497 
7.22083044052 7.75133991241 
7.22083568573 7.75133752823 
7.22354125977 7.75048589706 
7.22511148453 7.750041008 
7.22526454926 7.74957180023 
7.23762130737 7.74337053299 
7.24972438812 7.73259496689 
7.27894449234 7.6857008934 
7.29882955551 7.63779687881 
7.3834104538 7.32113456726 
7.21871709824 7.75150632858 
7.21898841858 7.75147819519 
7.53525686264 6.42225933075 
7.22746992111 7.74877262115 
7.54968500137 6.31956672668 
7.23779439926 7.74229860306 
7.23923683167 7.7399969101 
7.24167728424 7.73916006088 
7.24976634979 7.73253965378 
7.65978717804 5.52034950256 
7.29350376129 7.65023136139 
7.62347841263 5.79008722305 
7.63091039658 5.73660802841 
7.66377830505 5.49178314209 
8.59733390808 1.27948856354 
7.84992027283 4.10036563873 
7.69690418243 5.24079990387 
7.74103927612 4.90524673462 
7.594622612 6.00012207031 
7.67937850952 5.37447690964 
7.6513915062 5.58313369751 
7.83815097809 4.18651103973 
7.69172906876 5.28052473068 
7.3042550087 7.62330818176 
7.8297662735 4.24812173843 
8.21361255646 3.08520722389 
7.64570903778 5.62604379654 
7.63838434219 5.68076372147 
7.77653694153 4.64227247238 
8.53668117523 1.54232800007 
7.44387197495 7.00332641602 
8.17017269135 3.2813642025 
7.63266038895 5.72376155853 
8.31045722961 2.62001633644 
8.52320194244 1.60435366631 
8.25443744659 2.89299798012 
7.70507955551 5.18052053452 
7.6756029129 5.39902687073 
7.71384382248 5.11488866806 
7.76381874084 4.73796224594 
7.47679376602 6.80556678772 
7.47886276245 6.79225444794 
7.61836194992 5.82788562775 
8.56293773651 1.43178808689 
8.24681568146 2.93067193031 
8.29031276703 2.71687698364 
7.69876432419 5.22244691849 
7.83405208588 4.21617507935 
7.45349979401 6.94110393524 
7.61723089218 5.8360042572 
7.75349140167 4.81452608109 
7.64410638809 5.63814878464 
7.56783723831 6.19001483917 
7.71992635727 5.06893587112 
7.6821641922 5.35335540771 
7.35653209686 7.43432617188 
7.70164108276 5.20669031143 
7.62902116776 5.74845838547 
7.69875907898 5.22854375839 
8.4169626236 2.09384560585 
7.50042247772 6.65216112137 
7.78888988495 4.54676246643 
7.75629043579 4.79429149628 
7.66625595093 5.47305822372 
7.4098482132 7.19005537033 
7.31344366074 7.59454298019 
8.58445835114 1.3409049511 
7.72288942337 5.04655313492 
8.61253261566 1.22787392139 
8.52546405792 1.59433996677 
8.0496931076 3.71422791481 
7.66610908508 5.4741191864 
8.9171705246 0.293816775084 
7.46974086761 6.84699392319 
8.05211448669 3.7108259201 
8.39762401581 2.19029092789 
7.49126815796 6.71328639984 
7.60169124603 5.95004034042 
9.05819892883 0.0337445251644 
7.25937366486 7.71777486801 
7.45240592957 6.95086240768 
9.01692867279 0.099837064743 
8.11398124695 3.50745940208 
7.87563562393 3.91530513763 
8.35569572449 2.39448976517 
8.43054866791 2.0319879055 
8.65143680573 1.08060789108 
7.34872531891 7.47223424911 
8.20912742615 3.10830640793 
8.67484951019 0.99395608902 
8.22582912445 3.03043079376 
8.74565315247 0.755155026913 
8.26128387451 2.8561964035 
7.43622970581 7.04511499405 
8.08085823059 3.61717176437 
8.79967975616 0.592480003834 
7.98557424545 3.84661149979 
8.59537315369 1.29954683781 
8.61472034454 1.22241830826 
8.49094676971 1.74990653992 
8.58392906189 1.34560143948 
8.70149517059 0.902105748653 
7.74010229111 4.90818786621 
8.51903915405 1.62354111671 
8.46156024933 1.8853867054 
7.39953279495 7.24298048019 
8.38787460327 2.23831605911 
8.63489055634 1.14425599575 
8.15320587158 3.35244965553 
8.28069496155 2.76533508301 
8.01459312439 3.79959225655 
7.71420669556 5.10881376266 
8.44257354736 1.97427642345 
9.08045291901 0.00175357051194 
8.55227851868 1.47898709774 
8.62369251251 1.1858497858 
7.71155548096 5.13148450851 
8.97395038605 0.176994457841 
7.45775699615 6.92084312439 
8.35960292816 2.37609672546 
7.74337625504 4.89117050171 
8.19842910767 3.15700554848 
7.88009119034 3.88337349892 
7.55272626877 6.3016037941 
7.6899766922 5.29276752472 
8.17363166809 3.26760864258 
7.43103313446 7.07306098938 
8.24178314209 2.95496749878 
8.64911746979 1.09048724174 
8.49996089935 1.70871210098 
9.05177879333 0.0434845350683 
8.89793109894 0.338142365217 
7.76294612885 4.74262714386 
8.3001203537 2.67092442513 
8.71902179718 0.842815518379 
8.86973953247 0.405751854181 
8.70006752014 0.906664311886 
7.94156646729 3.87574601173 
8.08479118347 3.6119184494 
8.11591625214 3.50233387947 
8.45084762573 1.93573784828 
8.93207931519 0.262117892504 
8.32258605957 2.56005692482 
7.68052005768 5.36597156525 
7.86514091492 3.9908118248 
8.35183238983 2.41557097435 
7.57596445084 6.13295984268 
8.33030223846 2.52185606956 
8.47184753418 1.83756911755 
8.42150497437 2.07554340363 
7.81803798676 4.32661008835 
8.21857833862 3.06388449669 
7.28117179871 7.68111848831 
8.12426185608 3.47066783905 
8.26494312286 2.84306025505 
8.07546424866 3.64204716682 
8.67565441132 0.993086338043 
8.00536155701 3.81680560112 
8.52473449707 1.59818601608 
8.78524398804 0.634071469307 
8.82144737244 0.531632363796 
8.50964450836 1.66551160812 
7.60512685776 5.9258928299 
7.27661132812 7.69026136398 
8.22696876526 3.02493667603 
8.9233007431 0.280905067921 
8.43663215637 2.0031208992 
7.76898097992 4.69735908508 
7.61459159851 5.85720729828 
9.0168762207 0.0999277755618 
8.28374958038 2.75150227547 
8.46996593475 1.84629499912 
7.59708786011 5.98502779007 
9.07973480225 0.00237910239957 
8.17620182037 3.2563803196 
8.25153636932 2.90822386742 
8.77014827728 0.67874455452 
8.68332862854 0.965181171894 
8.3425245285 2.46051311493 
8.29069328308 2.7163939476 
8.43246459961 2.02186727524 
7.82669210434 4.26920795441 
7.29428482056 7.65019607544 
8.84109783173 0.477988809347 
7.47972202301 6.78190517426 
7.75516462326 4.80113792419 
7.60370588303 5.92746210098 
8.73214054108 0.788954615593 
7.48833370209 6.73121738434 
8.44981956482 1.94063305855 
8.58897590637 1.32577562332 
8.90242862701 0.327800363302 
7.47372579575 6.8246088028 
8.11925697327 3.48965740204 
7.82137012482 4.31001663208 
8.6837978363 0.963970243931 
7.40223169327 7.22954654694 
8.22881412506 3.01637077332 
7.7445268631 4.88352203369 
8.83858108521 0.485229939222 
8.33606433868 2.49355554581 
8.36078643799 2.37136721611 
8.81029033661 0.562439382076 
8.77485370636 0.665501892567 
8.96429729462 0.196258500218 
8.13742256165 3.41775822639 
7.57278203964 6.15911245346 
8.82454967499 0.52303391695 
8.29110908508 2.71452641487 
8.37271881104 2.3127310276 
7.30393075943 7.6244096756 
8.43042564392 2.03259944916 
7.96195697784 3.86905145645 
7.27471208572 7.6912689209 
8.87701129913 0.387730240822 
8.3179101944 2.58204221725 
8.75125312805 0.738329470158 
8.21803474426 3.06444048882 
8.62218379974 1.19277358055 
7.72234964371 5.05024576187 
7.65025997162 5.59254741669 
8.4048166275 2.15535569191 
8.49017906189 1.7530964613 
8.63341903687 1.14984405041 
8.75885105133 0.714454472065 
8.24084568024 2.95929813385 
7.44355010986 7.00396776199 
8.79601955414 0.603068113327 
7.8680138588 3.96877098083 
8.28300380707 2.75509381294 
7.8565196991 4.0519824028 
7.67502307892 5.40714979172 
7.38876485825 7.29635381699 
7.73917913437 4.92367219925 
8.55725669861 1.45767474174 
8.54776477814 1.49824512005 
8.53856086731 1.53795957565 
7.57989692688 6.10901403427 
8.93908214569 0.246474698186 
8.50749492645 1.67499423027 
8.02521896362 3.77753162384 
8.92388725281 0.279802709818 
8.09467124939 3.57868909836 
8.49946975708 1.71113836765 
8.03791713715 3.74595403671 
8.18651199341 3.21066451073 
8.34638118744 2.44242835045 
8.7172460556 0.848714411259 
9.01865768433 0.0970379710197 
8.78616333008 0.631915092468 
7.81128978729 4.38456773758 
7.50802659988 6.60226678848 
7.51957798004 6.52676820755 
7.62864351273 5.75350666046 
8.5291929245 1.57883417606 
7.86088562012 4.01954460144 
8.48009967804 1.79859030247 
8.30554199219 2.64434671402 
7.84740638733 4.11824846268 
8.26904582977 2.82274484634 
8.24711322784 2.92919230461 
7.4993057251 6.65597343445 
9.00332546234 0.123441845179 
8.30319213867 2.65597510338 
8.51746463776 1.6305526495 
8.9842634201 0.158074557781 
8.67224311829 1.00447881222 
8.91191196442 0.298288881779 
7.51232337952 6.57359933853 
8.71373844147 0.860476911068 
8.27336788177 2.80138158798 
7.49616479874 6.68225622177 
7.84476470947 4.13403749466 
7.71055936813 5.13571691513 
8.38094234467 2.27227950096 
7.36512231827 7.40113067627 
8.574883461 1.38364160061 
7.99524784088 3.83295655251 
7.66931676865 5.44948863983 
7.77296686172 4.66995239258 
8.25860404968 2.87391924858 
8.69985198975 0.907828688622 
7.43479967117 7.05456352234 
8.07206439972 3.65272021294 
9.04701137543 0.0510077923536 
8.58245182037 1.3524274826 
8.17395019531 3.26601052284 
8.19564819336 3.16976523399 
7.83693695068 4.1947183609 
8.86335277557 0.421414226294 
7.37394046783 7.36554050446 
8.85511112213 0.442203551531 
8.41966152191 2.08425545692 
8.17837047577 3.24472784996 
7.69851446152 5.23003053665 
7.77927064896 4.62270689011 
7.25713634491 7.72364187241 
8.65438175201 1.07020890713 
7.70513343811 5.17578601837 
8.25578784943 2.88752150536 
8.69986724854 0.907804369926 
7.835978508 4.20274400711 
8.09067153931 3.5923075676 
7.31720924377 7.58380031586 
8.19969081879 3.15139293671 
9.06569671631 0.022777210921 
7.46773147583 6.85562133789 
7.37815237045 7.34570884705 
7.73160076141 4.98036718369 
9.05805492401 0.0341376587749 
8.14492416382 3.3842856884 
7.66255092621 5.49963903427 
7.38456630707 7.31345176697 
8.0493183136 3.71844530106 
7.31832647324 7.57993984222 
7.64239501953 5.64687681198 
9.07752799988 0.00564211141318 
7.64282464981 5.64380121231 
7.25515317917 7.72618341446 
7.63542795181 5.70055103302 
9.03043365479 0.0764787942171 
8.66689300537 1.0247169733 
7.80940151215 4.3980050087 
8.99396419525 0.140096068382 
8.42621040344 2.05281829834 
8.00939750671 3.80954623222 
7.63530111313 5.70138120651 
7.22457838058 7.75011396408 
8.32169246674 2.56462407112 
8.25939559937 2.86974930763 
8.92170524597 0.281319320202 
7.54730319977 6.33534097672 
8.45669364929 1.90781021118 
8.38936042786 2.2313246727 
8.50040340424 1.70696306229 
8.06073856354 3.68222641945 
7.60776853561 5.90725946426 
8.99440860748 0.136242136359 
8.59097099304 1.31772089005 
8.69130134583 0.937680780888 
8.11439990997 3.50673031807 
8.59518718719 1.29997158051 
8.68424606323 0.962071657181 
7.72380542755 5.03959226608 
8.46079444885 1.88722968102 
7.31309938431 7.59769153595 
8.6657705307 1.02876269817 
8.35415935516 2.40356755257 
7.32985782623 7.53371667862 
7.53437948227 6.42583322525 
8.39575099945 2.19891023636 
7.83523988724 4.20362472534 
8.74623680115 0.752339482307 
8.91841125488 0.290170431137 
8.26642513275 2.83407783508 
7.595723629 5.99324274063 
7.50886154175 6.59679889679 
7.73978567123 4.91536474228 
7.84524059296 4.13189411163 
7.58277893066 6.08832788467 
7.42818069458 7.09191656113 
8.64503765106 1.10563135147 
8.17235565186 3.27171754837 
8.80936336517 0.563892364502 
8.22811412811 3.01888370514 
8.14855861664 3.37198424339 
8.38666057587 2.24343466759 
8.33880329132 2.47797131538 
8.72858142853 0.808600783348 
7.66410684586 5.48844051361 
8.27724647522 2.78323745728 
7.36907625198 7.38651895523 
7.82880067825 4.25516748428 
7.55758666992 6.26638841629 
8.00263690948 3.82138633728 
8.65565395355 1.06315994263 
8.83502006531 0.494026273489 
7.54444694519 6.35391998291 
8.4089717865 2.13575029373 
8.13203716278 3.43510103226 
7.97397851944 3.85853338242 
8.52775382996 1.58396077156 
8.06326580048 3.67696976662 
7.37591266632 7.35404586792 
8.02016353607 3.78608417511 
8.18259239197 3.22772431374 
7.43698072433 7.04279470444 
7.41847419739 7.14481306076 
7.65259552002 5.57038497925 
8.69577407837 0.921234965324 
8.16133403778 3.31833696365 
8.63272666931 1.15159356594 
7.80455350876 4.43142318726 
8.70627593994 0.884756803513 
7.29992628098 7.63217496872 
7.64728736877 5.61482334137 
8.24545669556 2.93606543541 
7.4764881134 6.80699110031 
8.28497314453 2.7454354763 
8.31674003601 2.58886098862 
9.08122253418 0.000491287850309 
7.65908622742 5.52538919449 
7.6921877861 5.27653026581 
7.5728020668 6.1585059166 
8.544090271 1.51242017746 
8.51790237427 1.62690997124 
9.02003002167 0.0942450389266 
8.2967338562 2.68734908104 
8.78332710266 0.639081478119 
7.45653247833 6.92590475082 
8.37690734863 2.29161310196 
8.44139480591 1.97963511944 
8.99217700958 0.142179638147 
8.7981967926 0.596785068512 
9.05218601227 0.0429101996124 
8.87444782257 0.391112774611 
8.51098918915 1.65842533112 
8.45013427734 1.93856739998 
8.32648944855 2.5389456749 
8.2920627594 2.70815253258 
8.1553068161 3.34544014931 
7.5688791275 6.18751335144 
7.46215200424 6.89520931244 
8.97167015076 0.181456997991 
8.18964290619 3.19495224953 
8.79241752625 0.613107740879 
8.30630779266 2.63856625557 
9.03606319427 0.0671521574259 
8.19420623779 3.17492842674 
8.88435268402 0.36716350913 
7.78350543976 4.59009838104 
8.30583381653 2.64041566849 
7.74929904938 4.84226083755 
8.76460838318 0.695418775082 
7.79135084152 4.52721261978 
8.77335929871 0.666099011898 
8.42532444 2.05509543419 
8.47793960571 1.8095856905 
7.97989749908 3.85328149796 
8.04179763794 3.73831796646 
9.03209590912 0.0729018524289 
8.83047389984 0.50710195303 
8.76312255859 0.701296806335 
8.73093891144 0.803609132767 
7.51160097122 6.58010482788 
8.98016929626 0.165653154254 
7.94127368927 3.87575674057 
8.2962846756 2.68774294853 
8.51086616516 1.66007745266 
8.85860347748 0.433613628149 
8.12854671478 3.45398378372 
7.65587902069 5.5474152565 
7.71612596512 5.09405231476 
8.62194347382 1.19420599937 
8.26877212524 2.82350540161 
8.23205947876 3.00119590759 
8.14351081848 3.38544440269 
8.53163337708 1.56826543808 
8.20716762543 3.11330294609 
7.88060188293 3.87682723999 
7.82186985016 4.3024353981 
8.40762805939 2.14118528366 
8.79506969452 0.605803906918 
7.67256355286 5.42450666428 
7.28122663498 7.68035793304 
8.30752944946 2.63231825829 
8.10112953186 3.55627059937 
8.16773319244 3.29314780235 
8.39137840271 2.21954774857 
8.24424648285 2.94320750237 
7.41252946854 7.17608118057 
8.99711990356 0.133986398578 
8.17781066895 3.24804925919 
8.35198116302 2.41481137276 
8.36603832245 2.34572219849 
8.602891922 1.26945579052 
8.37831306458 2.28522229195 
7.77729797363 4.63639068604 
8.91077804565 0.308793693781 
7.75034761429 4.83927249908 
7.48641061783 6.74398183823 
7.81146907806 4.38223171234 
8.78521633148 0.634607791901 
7.76609182358 4.7210187912 
7.76133966446 4.75709438324 
8.49120521545 1.74860095978 
8.54818820953 1.49655151367 
7.37655448914 7.35365867615 
7.62375688553 5.78971290588 
7.21823215485 7.75151872635 
7.40547132492 7.2126955986 
8.90378570557 0.324800550938 
8.54163169861 1.52461731434 
8.28874874115 2.72630190849 
9.05753421783 0.0341681055725 
7.73187875748 4.97883462906 
7.41766452789 7.14770793915 
8.03169727325 3.76293992996 
8.27667617798 2.78623318672 
8.51249694824 1.65278685093 
8.48958587646 1.75616288185 
8.16760253906 3.29343938828 
8.24625778198 2.93349814415 
8.56096363068 1.44216907024 
8.08455753326 3.61297297478 
8.78940391541 0.622490763664 
8.67706871033 0.987631082535 
7.78283500671 4.59536314011 
8.69045257568 0.94011759758 
8.5248374939 1.59800589085 
8.80432033539 0.579448342323 
8.8423538208 0.475503265858 
8.61249446869 1.23137903214 
8.04628944397 3.72668981552 
8.31865406036 2.57888913155 
8.92618942261 0.274902403355 
8.32813549042 2.53206753731 
7.86277532578 4.00788640976 
8.54919528961 1.4915163517 
8.09815692902 3.5667450428 
8.95124530792 0.222456380725 
7.61909532547 5.82340478897 
8.47790431976 1.80973756313 
8.41514968872 2.10615801811 
7.30580043793 7.6193523407 
8.01493263245 3.79872870445 
7.2705206871 7.70220756531 
7.57882118225 6.11691141129 
8.19943332672 3.15269517899 
7.5912232399 6.02533912659 
7.36369419098 7.40671014786 
8.05709552765 3.69533848763 
7.52237224579 6.50813961029 
7.46594429016 6.86743974686 
8.17955112457 3.24144339561 
8.26832675934 2.82697319984 
7.55204629898 6.30470466614 
7.51544380188 6.55587434769 
8.60359287262 1.26681041718 
8.77895736694 0.653337836266 
8.8557510376 0.440846353769 
9.00669384003 0.117708839476 
8.57005214691 1.40399777889 
8.86566257477 0.415840685368 
8.64935398102 1.08968579769 
8.00425815582 3.81796431541 
7.61392974854 5.86104726791 
8.22521495819 3.03325152397 
8.44089317322 1.98293793201 
8.7255821228 0.820422708988 
7.54395055771 6.36254262924 
8.14016151428 3.40807342529 
8.70795822144 0.880266308784 
9.04235839844 0.0575526468456 
8.63526248932 1.14293563366 
7.67254924774 5.42542457581 
8.40188217163 2.17035031319 
7.59864139557 5.97383642197 
8.76166248322 0.705918490887 
7.79905986786 4.47424173355 
8.8908700943 0.354778498411 
7.64105987549 5.65681123734 
8.71817874908 0.845772445202 
7.72225570679 5.05067062378 
8.7000207901 0.907472610474 
8.13142967224 3.4428858757 
7.78819608688 4.55404901505 
8.59388065338 1.3059399128 
7.69717264175 5.24001693726 
8.96942424774 0.186348766088 
8.19061470032 3.19228243828 
8.41149520874 2.12378096581 
8.76764202118 0.687236070633 
8.50045108795 1.70685005188 
8.35046100616 2.42251777649 
8.35743904114 2.38768768311 
8.29894065857 2.67702317238 
7.47490310669 6.81677341461 
8.06923484802 3.6607363224 
8.2195854187 3.05895161629 
8.1580953598 3.33419060707 
7.6641960144 5.48822975159 
7.98089313507 3.85238242149 
8.20840740204 3.11166119576 
8.15014457703 3.36737251282 
7.48983764648 6.71892023087 
7.85087251663 4.09389019012 
7.7487282753 4.84447097778 
8.65994262695 1.05038833618 
8.39211654663 2.21789193153 
8.64122581482 1.12024974823 
8.07434177399 3.64550447464 
8.97330284119 0.178054526448 
8.52182483673 1.61134827137 
8.58800411224 1.3296340704 
8.47109794617 1.83935952187 
7.52910900116 6.46406984329 
7.70985078812 5.14349079132 
7.37525987625 7.35758399963 
8.87899017334 0.383135408163 
8.82983112335 0.508809387684 
8.34475421906 2.4506354332 
9.03194999695 0.0744602382183 
8.66783237457 1.02149701118 
7.45903635025 6.91250514984 
7.77141332626 4.67969369888 
8.45998477936 1.89043557644 
8.21227931976 3.09378886223 
7.53630065918 6.4135684967 
8.23532581329 2.98566746712 
8.73717021942 0.78312766552 
7.49415254593 6.68959760666 
8.1855134964 3.215321064 
8.49856472015 1.71353340149 
8.38461399078 2.25453209877 
7.80572080612 4.42569589615 
8.24062538147 2.96050620079 
8.57856750488 1.36859047413 
8.39690589905 2.19456601143 
9.01566886902 0.102204762399 
7.32257652283 7.56261825562 
7.35513877869 7.4457321167 
7.37606477737 7.3536696434 
7.87960577011 3.88455510139 
7.28539562225 7.67163944244 
7.38152360916 7.32944583893 
8.4013261795 2.17119956017 
7.62092971802 5.81031179428 
7.60214042664 5.94746208191 
8.3698759079 2.31906080246 
7.79731893539 4.48803281784 
8.28139400482 2.75863981247 
8.0357465744 3.75275421143 
8.7356300354 0.788177788258 
7.40512943268 7.21465969086 
8.48018550873 1.79392707348 
7.47507381439 6.81434392929 
8.32384300232 2.54702472687 
8.07309627533 3.64964461327 
7.71921730042 5.07317829132 
8.76557254791 0.692341923714 
7.48485946655 6.75388002396 
7.98323011398 3.84945750237 
8.15777397156 3.33536839485 
8.18254375458 3.22827792168 
7.57735109329 6.12735795975 
8.36066150665 2.37164092064 
7.64776229858 5.60785150528 
8.25406265259 2.89603447914 
7.49870920181 6.66596841812 
7.86178541183 4.0149435997 
7.51880741119 6.52963685989 
8.19086170197 3.19121003151 
8.10789203644 3.53178954124 
8.47295379639 1.83231854439 
8.61334323883 1.22771072388 
8.23241043091 2.99897384644 
7.55903911591 6.2568359375 
7.63146448135 5.73250102997 
7.28998994827 7.66098022461 
8.77820301056 0.653871953487 
9.02809238434 0.081201761961 
8.57492351532 1.38323652744 
7.21786546707 7.75152444839 
7.94555854797 3.87492394447 
8.95626163483 0.212340071797 
7.77477931976 4.6553940773 
8.05445671082 3.69973635674 
7.49803066254 6.67054748535 
7.34129333496 7.49996757507 
8.23858547211 2.96811914444 
8.56793498993 1.41232585907 
8.49906253815 1.71260309219 
8.55554580688 1.46462321281 
7.71327781677 5.11518096924 
8.50721549988 1.67619252205 
8.25951480865 2.86777257919 
7.53010177612 6.45754241943 
8.54479408264 1.5087531805 
7.76844358444 4.70172452927 
7.78719806671 4.56236410141 
8.39011573792 2.22605681419 
7.32451820374 7.55351352692 
8.62570953369 1.1732378006 
7.84795045853 4.11421203613 
7.32756996155 7.54502630234 
7.31514930725 7.58957624435 
8.32539367676 2.54444813728 
8.60218334198 1.27011120319 
8.2034778595 3.13186597824 
8.21730136871 3.06517362595 
8.73016166687 0.80570435524 
7.65992689133 5.51601028442 
7.77761125565 4.63438415527 
8.13169002533 3.4376103878 
8.33688640594 2.48584866524 
7.479139328 6.78467226028 
8.0443611145 3.72987246513 
7.30994224548 7.60706853867 
7.72417783737 5.03452205658 
8.45211982727 1.92801105976 
7.86939668655 3.95762562752 
7.75250434875 4.82353162766 
8.35346412659 2.40580916405 
8.31521987915 2.59624218941 
8.35218906403 2.41026067734 
8.9222240448 0.281219989061 
7.80647850037 4.41717243195 
7.61445569992 5.85805988312 
8.39697170258 2.19378042221 
7.50763225555 6.60620880127 
8.38480091095 2.25203275681 
8.0134935379 3.80170631409 
8.32974815369 2.52280068398 
9.02188968658 0.0892627611756 
7.70350837708 5.18520927429 
7.50943374634 6.59395885468 
8.85025024414 0.453001350164 
7.87321710587 3.92765808105 
8.29797935486 2.67835521698 
8.11993026733 3.48570728302 
7.22269010544 7.75102424622 
7.73875904083 4.92491197586 
7.65008687973 5.59399604797 
7.62757062912 5.7598285675 
7.4716258049 6.83089399338 
7.78389835358 4.58800411224 
7.41863918304 7.14335107803 
7.44811058044 6.97858333588 
8.12589740753 3.46373796463 
7.71992969513 5.06873703003 
8.50514316559 1.68532013893 
7.29571533203 7.64639043808 
8.04571628571 3.72804784775 
8.25424480438 2.89478969574 
7.54042720795 6.38687896729 
7.98494005203 3.84738230705 
7.55841350555 6.26101064682 
7.66492938995 5.48216819763 
7.49092626572 6.71636390686 
7.28051614761 7.68246936798 
8.85170841217 0.450831800699 
8.65269470215 1.07663691044 
7.60537242889 5.92065763474 
7.51296949387 6.57247257233 
7.34307670593 7.49391746521 
8.08015918732 3.62715578079 
8.21060180664 3.10150909424 
8.09483146667 3.57813668251 
8.80709648132 0.571458160877 
9.0133600235 0.105648972094 
8.28590869904 2.74057483673 
7.79844141006 4.47886323929 
7.77043151855 4.68252038956 
9.03977108002 0.062335010618 
8.68550109863 0.957746505737 
8.17736530304 3.25073575974 
7.44003200531 7.02390909195 
8.71000385284 0.872929811478 
8.00759124756 3.81275224686 
8.39518547058 2.20104289055 
8.83684539795 0.489636808634 
7.63940858841 5.67353487015 
8.4632434845 1.87709569931 
8.6055803299 1.25789129734 
7.57161855698 6.16833972931 
8.33489894867 2.49751853943 
7.75753593445 4.78115844727 
8.87179470062 0.395370841026 
7.6972694397 5.23955917358 
7.78172111511 4.6044626236 
7.58881235123 6.04106092453 
7.85288667679 4.07651948929 
7.83139657974 4.23471021652 
7.57094335556 6.17263364792 
7.68618583679 5.3220038414 
7.60304498672 5.94081258774 
7.69076156616 5.28507947922 
8.2292547226 3.01378250122 
7.61263036728 5.8666229248 
8.41306495667 2.11476230621 
8.46410083771 1.87338483334 
7.42021989822 7.13535308838 
8.12522029877 3.46629047394 
8.09608840942 3.56921505928 
8.22110652924 3.05225133896 
8.04664421082 3.72531151772 
7.56390142441 6.22305202484 
7.85825157166 4.04063653946 
7.84692764282 4.12135982513 
8.48646259308 1.77007615566 
8.51591205597 1.63710582256 
8.32297039032 2.55786204338 
8.33195209503 2.50339198112 
7.67359161377 5.41778802872 
7.77513122559 4.65372896194 
8.44772624969 1.95045316219 
8.42005062103 2.08176422119 
7.64588165283 5.62215709686 
8.98986148834 0.147395431995 
8.9104719162 0.308920353651 
8.33107089996 2.51786732674 
8.77725410461 0.654985487461 
7.58466911316 6.07471323013 
7.67075777054 5.43895483017 
7.77856636047 4.6280503273 
8.33972644806 2.47489905357 
7.8205909729 4.31585264206 
7.55808448792 6.26366519928 
7.82451057434 4.2852897644 
8.88551425934 0.366786271334 
8.11256790161 3.51454114914 
9.0641450882 0.0249297916889 
8.38546657562 2.24888443947 
7.6526389122 5.56294250488 
8.04229354858 3.73627829552 
7.71937465668 5.07024431229 
8.65933799744 1.05242443085 
8.05976295471 3.68771982193 
8.18490791321 3.2172908783 
7.58633804321 6.05675077438 
8.54592895508 1.50549888611 
8.37442684174 2.29288744926 
8.30960941315 2.62402939796 
8.57635402679 1.37709307671 
7.57460784912 6.14704942703 
8.86659240723 0.411549448967 
7.73676967621 4.94129228592 
8.07352733612 3.64762592316 
8.82766246796 0.510526180267 
7.8672413826 3.97407364845 
8.40909099579 2.13463807106 
8.69089031219 0.938431441784 
8.81676387787 0.543764650822 
9.00378036499 0.12257604301 
7.52753305435 6.47273683548 
7.66591453552 5.47575855255 
7.86518621445 3.98928523064 
7.61636638641 5.83952236176 
8.14926719666 3.37031817436 
8.20413017273 3.13076710701 
8.60201072693 1.27237546444 
8.31456661224 2.59962654114 
7.86108779907 4.01854467392 
7.78539609909 4.5749130249 
8.17251014709 3.2710416317 
7.42870187759 7.08899641037 
7.51878404617 6.53389072418 
8.61426544189 1.2242950201 
8.89360141754 0.346768677235 
9.06970596313 0.0165243074298 
8.62395477295 1.17475068569 
8.39726352692 2.19123530388 
8.47990036011 1.80007052422 
7.81772375107 4.33675050735 
7.34768629074 7.47652292252 
8.30203819275 2.65825295448 
8.15270328522 3.35628175735 
8.62026405334 1.20075905323 
7.6125459671 5.87020492554 
8.10914611816 3.5271115303 
8.3458442688 2.44477891922 
7.96933794022 3.86324906349 
7.69731664658 5.23893404007 
7.73347663879 4.95373916626 
7.43317222595 7.06416606903 
8.84511470795 0.459821879864 
8.56887531281 1.40540707111 
7.42579650879 7.10336637497 
7.54608678818 6.34536170959 
8.1581363678 3.3332669735 
8.55800628662 1.45391905308 
8.60737705231 1.25100982189 
7.60812425613 5.89643001556 
7.36585998535 7.39645242691 
8.9728679657 0.179276943207 
7.48286247253 6.76164913177 
8.19447135925 3.17446398735 
7.43544387817 7.05112171173 
7.98007202148 3.85263872147 
8.06597423553 3.67061376572 
7.87654399872 3.90482091904 
7.80831289291 4.40656232834 
8.23421478271 2.9904923439 
8.18891334534 3.1996986866 
7.81098842621 4.38652133942 
7.63158273697 5.72841119766 
8.85147953033 0.451440423727 
7.59755039215 5.98174953461 
8.1216211319 3.48056077957 
9.01455211639 0.103446014225 
7.6035861969 5.93781852722 
8.08575534821 3.60867166519 
8.52704048157 1.58792674541 
7.65680265427 5.54278993607 
7.50141048431 6.64171648026 
8.6351852417 1.14293777943 
8.55360412598 1.47152018547 
8.87798500061 0.385378807783 
8.01839256287 3.79164123535 
8.22384738922 3.03921723366 
8.21179485321 3.0952963829 
8.5355463028 1.55042266846 
8.75032138824 0.740621507168 
7.80396366119 4.43874168396 
8.67462348938 0.996574223042 
7.55109834671 6.3120136261 
7.74443244934 4.88425731659 
7.85057878494 4.09564685822 
7.8345284462 4.21272087097 
7.63462400436 5.70924520493 
7.57188463211 6.16576099396 
7.71565008163 5.10066366196 
7.84874486923 4.10572814941 
7.72817659378 5.00669527054 
9.00702667236 0.116384223104 
7.60931253433 5.89560079575 
7.87594223022 3.91270947456 
8.10470294952 3.53683185577 
7.56957578659 6.18243026733 
7.84386253357 4.1447262764 
7.83798456192 4.18759727478 
7.57382202148 6.15252923965 
7.72664499283 5.01828241348 
7.78868150711 4.54984426498 
7.7991027832 4.4711689949 
7.8033823967 4.44203329086 
8.00760173798 3.81156301498 
8.67347240448 1.00110399723 
8.63135242462 1.15798008442 
8.34178733826 2.46535468102 
8.31476020813 2.5989792347 
8.52411270142 1.60125946999 
7.88104343414 3.87612009048 
9.02372455597 0.0886340886354 
7.52807617188 6.46501207352 
8.69932937622 0.909867525101 
8.36015510559 2.37469530106 
8.76692485809 0.689716637135 
8.18695545197 3.20892477036 
7.67794656754 5.38517904282 
7.58130407333 6.09661912918 
7.54178094864 6.37616443634 
7.55727767944 6.26754045486 
8.79318714142 0.611460208893 
7.86524057388 3.98521137238 
8.49569416046 1.72838997841 
8.90011978149 0.333235025406 
8.61359024048 1.22714996338 
8.14748287201 3.37834358215 
8.09011268616 3.59443593025 
9.05571365356 0.0377844572067 
8.3810300827 2.27210021019 
8.11294460297 3.51342701912 
8.74352550507 0.762912452221 
7.49659395218 6.67799425125 
7.806453228 4.41797018051 
7.36007261276 7.42594671249 
8.81339454651 0.553915381432 
8.44971942902 1.94120240211 
7.43164873123 7.07278633118 
8.46309566498 1.87844502926 
8.98295783997 0.160647735 
7.8473815918 4.11892414093 
8.12903118134 3.45228886604 
8.41230297089 2.11989736557 
8.56140422821 1.44032621384 
7.97289896011 3.86065769196 
8.00292015076 3.8210978508 
8.93673038483 0.252501934767 
8.58164024353 1.35593426228 
7.73935699463 4.91744852066 
8.59318161011 1.30875909328 
7.75402021408 4.81097793579 
8.07230377197 3.65214824677 
7.63935518265 5.67402076721 
7.42215299606 7.12295866013 
8.27467346191 2.79606509209 
8.48139381409 1.79355657101 
8.98571872711 0.155509054661 
7.61906385422 5.82351446152 
7.8550491333 4.06323814392 
8.93657875061 0.252696275711 
8.85665798187 0.438557386398 
8.2941942215 2.70038723946 
8.72272109985 0.830678641796 
7.72638273239 5.01980018616 
8.43725681305 1.99712455273 
8.19589996338 3.16736555099 
8.32842350006 2.52844619751 
7.43941831589 7.02669382095 
7.42314386368 7.11861038208 
8.70850658417 0.877786517143 
8.62942218781 1.16451466084 
8.17894935608 3.24244093895 
8.8784236908 0.383908897638 
7.79457092285 4.50833892822 
8.65867900848 1.05335509777 
8.22986125946 3.00847601891 
7.31339454651 7.59500837326 
8.56416320801 1.42809927464 
7.74701452255 4.86470985413 
8.23940181732 2.96464776993 
8.1100769043 3.52343010902 
7.7097196579 5.14443540573 
8.20418643951 3.13046479225 
8.73569011688 0.78516972065 
7.78258562088 4.596824646 
8.28039550781 2.76642012596 
8.03885746002 3.74208807945 
8.60790729523 1.24787533283 
7.54093074799 6.37695837021 
7.68703699112 5.31442975998 
7.85097646713 4.08667373657 
7.35546016693 7.44477891922 
8.34642314911 2.44204258919 
8.61116790771 1.23495793343 
7.33949995041 7.50759792328 
8.45389652252 1.91954612732 
8.93912887573 0.244167670608 
8.48195838928 1.78373336792 
8.82415866852 0.52332419157 
8.2242565155 3.03651785851 
8.24965381622 2.91553544998 
7.59588241577 5.9889922142 
8.42465686798 2.05874991417 
8.35714530945 2.38785004616 
7.87183713913 3.94242191315 
7.34378957748 7.49169397354 
7.47097110748 6.8317155838 
7.46848964691 6.84826421738 
8.31964302063 2.57426953316 
7.76657342911 4.71459531784 
7.59015369415 6.03519392014 
7.35886955261 7.42862319946 
8.60166740417 1.27307844162 
8.4596157074 1.89302670956 
7.76964855194 4.69285058975 
7.28772687912 7.6661734581 
8.47141551971 1.83911979198 
7.51479816437 6.55635309219 
8.29086494446 2.71507787704 
7.6411652565 5.65137958527 
8.48930358887 1.75684177876 
7.51803588867 6.53894758224 
8.55370140076 1.46972358227 
7.6901512146 5.2917637825 
7.80902004242 4.40106296539 
7.8235502243 4.29178524017 
8.39332675934 2.21126818657 
7.49281692505 6.70106267929 
8.57502651215 1.38180339336 
8.33370018005 2.50195527077 
8.38777256012 2.23845553398 
7.83425140381 4.21342086792 
7.83945465088 4.17544603348 
8.41162490845 2.12118506432 
7.75087881088 4.83561182022 
7.32942533493 7.54315567017 
8.64239025116 1.11540949345 
7.72064352036 5.056224823 
8.91809463501 0.291195690632 
8.16418170929 3.30771541595 
8.36171531677 2.36634850502 
7.62601804733 5.76712942123 
8.53467559814 1.55323278904 
7.86999368668 3.95375084877 
8.13113212585 3.44358301163 
8.44791603088 1.94806432724 
7.57503652573 6.1415309906 
7.67097854614 5.43308591843 
7.46075677872 6.89790725708 
8.79721164703 0.598925173283 
8.21613121033 3.0742225647 
8.90627765656 0.317224919796 
8.30999660492 2.62074136734 
7.33454656601 7.52606344223 
7.70323419571 5.1947593689 
7.48365020752 6.76163482666 
8.24433326721 2.94213533401 
7.73529005051 4.95250511169 
7.76251792908 4.74457883835 
7.77596616745 4.64746189117 
8.06251907349 3.68113970757 
7.47791862488 6.7982378006 
8.19671821594 3.16179800034 
7.2197098732 7.75144720078 
7.21981620789 7.75144052505 
7.21995306015 7.75142478943 
7.24734258652 7.7332572937 
7.22007799149 7.75141429901 
7.22011137009 7.75141191483 
7.22022104263 7.7514090538 
7.2202372551 7.75140762329 
7.22024106979 7.75140714645 
7.22024679184 7.75140666962 
7.22024917603 7.75140619278 
7.22025871277 7.75140571594 
7.22026014328 7.75140523911 
7.45975065231 6.90618801117 
7.22027301788 7.75140428543 
7.22027587891 7.75140380859 
7.52802991867 6.46992921829 
7.22029685974 7.75140190125 
7.22029924393 7.75140142441 
7.22040748596 7.75139045715 
7.22041654587 7.75138950348 
7.22042751312 7.7513885498 
7.22043848038 7.75138759613 
7.22044563293 7.75138664246 
7.22045040131 7.75138616562 
7.22045755386 7.75138568878 
7.70847511292 5.15487718582 
7.22046232224 7.75138521194 
7.22046852112 7.75138473511 
7.22047472 7.75138378143 
7.22048044205 7.7513833046 
7.2204823494 7.75138282776 
7.81679296494 4.34149074554 
7.22049856186 7.75138139725 
7.83015298843 4.24532651901 
7.22050476074 7.75138092041 
7.22051143646 7.75138044357 
7.22055339813 7.75137424469 
7.22061729431 7.75136947632 
7.22062683105 7.75136852264 
8.08307743073 3.61637854576 
7.22062730789 7.75136804581 
7.22064447403 7.7513666153 
7.22064828873 7.75136613846 
7.22065162659 7.75136566162 
7.22065734863 7.75136518478 
8.49580860138 1.72641265392 
7.22066068649 7.75136470795 
7.22066640854 7.75136423111 
8.75179004669 0.735280811787 
7.22066783905 7.75136375427 
7.22067499161 7.75136327744 
8.86983585358 0.398882120848 
7.22067975998 7.7513628006 
7.22068834305 7.75136184692 
7.22069406509 7.75136089325 
7.22069978714 7.75136041641 
7.22070550919 7.75135993958 
7.22070980072 7.75135946274 
7.37876558304 7.34228134155 
7.44204854965 7.01217699051 
7.50590896606 6.61919498444 
7.81182575226 4.38050460815 
7.8583240509 4.04010677338 
7.87159919739 3.94276070595 
7.94311523438 3.8753683567 
7.99414920807 3.83468937874 
8.23857498169 2.96996474266 
8.37431144714 2.29481887817 
7.21818447113 7.7515206337 
7.27965784073 7.68433046341 
7.69760751724 5.23710155487 
7.4041686058 7.21979141235 
7.33309078217 7.53109836578 
8.25520038605 2.89058613777 
7.4168305397 7.1526722908 
8.28666973114 2.73733448982 
7.58258152008 6.08889579773 
7.30999183655 7.60531568527 
7.6231303215 5.79435634613 
8.86437320709 0.416996181011 
8.41682243347 2.09802484512 
8.36781024933 2.33699417114 
8.01327514648 3.80230975151 
7.85386419296 4.07243061066 
7.37498760223 7.36038637161 
8.22782516479 3.02111530304 
8.9080324173 0.315172374249 
7.7203412056 5.06389284134 
7.99098920822 3.83955621719 
7.82224178314 4.30037975311 
8.12050056458 3.4851462841 
7.76481246948 4.73085260391 
8.48491096497 1.77753901482 
8.04323387146 3.73465800285 
9.05272865295 0.0420838668942 
7.66327381134 5.49556207657 
8.53552055359 1.55132186413 
8.74788570404 0.748359978199 
8.69787406921 0.91478407383 
7.88038063049 3.88139367104 
7.47735643387 6.80162763596 
8.19968128204 3.1515982151 
7.5302734375 6.45404338837 
7.74749660492 4.86115074158 
8.82098960876 0.532875001431 
8.43989181519 1.98770821095 
8.32228946686 2.56159567833 
7.68914365768 5.30112457275 
8.5755815506 1.38097333908 
8.39408111572 2.20821046829 
8.79091644287 0.61805576086 
8.20637989044 3.11592364311 
8.27889442444 2.77527236938 
8.1630153656 3.31236410141 
8.52007770538 1.61887347698 
7.71698093414 5.08989143372 
8.08677005768 3.60564780235 
8.3015165329 2.66007494926 
8.72653388977 0.818058371544 
7.31593513489 7.58884572983 
7.3524222374 7.45640993118 
7.36811971664 7.39109897614 
7.49396944046 6.69482803345 
7.78484392166 4.5808763504 
7.81615304947 4.347448349 
8.36934185028 2.32833051682 
8.45461368561 1.9112855196 
8.47380161285 1.82815742493 
8.51884174347 1.62409806252 
8.5790719986 1.36604106426 
8.62753391266 1.16891241074 
8.66788578033 1.02019262314 
8.68569850922 0.954516708851 
8.71017932892 0.869777619839 
8.73202133179 0.798954725266 
8.75519275665 0.721496939659 
7.32896232605 7.54447603226 
7.35193824768 7.45774936676 
7.38426399231 7.31756067276 
7.45318174362 6.94831037521 
7.5012550354 6.64674282074 
7.68220806122 5.35031080246 
7.73644781113 4.94139432907 
7.85155344009 4.08373260498 
8.00478076935 3.81786894798 
7.22126245499 7.75106477737 
7.22363567352 7.75023269653 
7.21798086166 7.75152349472 
7.21803617477 7.75152301788 
7.33362293243 7.52660369873 
7.35386657715 7.45018100739 
7.4769949913 6.8039317131 
7.49184036255 6.70704126358 
7.74271059036 4.89591884613 
7.76626634598 4.71464061737 
7.80215263367 4.4438791275 
8.12173748016 3.47898316383 
8.40599441528 2.14822125435 
8.53999042511 1.52768111229 
8.72793960571 0.811993658543 
8.74642181396 0.752258062363 
8.77108097076 0.675659298897 
7.21807909012 7.75152254105 
9.03576469421 0.0674641132355 
7.21808099747 7.75152206421 
7.64444875717 5.63224983215 
7.66160678864 5.50759649277 
7.65940952301 5.52420473099 
7.6778383255 5.38622045517 
7.59381580353 6.00012302399 

