[[  5.75602196   3.26183685]
 [  1.76048226   2.73191553]
 [  2.58604656 -11.8798613 ]
 [  4.64082942  -9.60311167]
 [  1.87123995   2.15448014]
 [  4.06420041   4.75729891]
 [  2.96246116   4.66650877]
 [  2.90002611  -5.81542949]
 [  4.00447927   3.39167921]
 [  4.47090144   0.89327687]
 [  4.25670148 -11.14645606]
 [  2.79990764  -8.17577421]
 [  2.96350618  -6.1856261 ]
 [  5.57604395  -0.33763751]
 [  2.19912408  -9.13475658]
 [  3.19530891  -8.08095114]
 [  3.45571314  -8.56080029]
 [  4.1149996   -6.49849344]
 [  3.16875211   1.35309575]
 [  5.51503276  -7.55052617]
 [  4.2224413  -11.62745717]
 [  3.62274106   4.80982008]
 [  2.47742567   4.07831579]
 [  5.01207837   3.72979414]
 [  5.39386729   1.60675198]
 [  3.66554367  -7.25687991]
 [  4.11394333   4.69001885]
 [  3.74666815   2.08128925]
 [  1.9415449   -2.64107532]
 [  5.59688104  -3.10783823]
 [  2.28010442  -5.4639234 ]
 [  2.18045532  -3.30978059]
 [  3.83093288 -11.67132306]
 [  2.84899602 -10.31665016]
 [  5.87703561  -0.09520327]
 [  5.7816011    5.87447805]
 [  2.81150344 -10.29122275]
 [  2.10626783  -5.85135225]
 [  1.86746588  -4.69606639]
 [  5.82572183   2.30280521]
 [  2.99254075 -11.97190913]
 [  2.88014026  -4.01233696]
 [  3.28984604  -3.44580155]
 [  3.19642888   3.21874578]
 [  4.6777348   -8.62483328]
 [  2.96126852  -4.76753031]
 [  2.85537332   1.85434863]
 [  5.95613596  -2.33006707]
 [  2.45652122   5.11481117]
 [  4.56627326  -4.07074206]
 [  4.8838794   -0.71522458]
 [  2.15164331 -10.88514901]
 [  1.63680499  -1.02529955]
 [  5.9068545  -10.81798076]
 [  4.87641768 -11.66312857]
 [  1.82247949   5.86266078]
 [  3.51445755   1.92843617]
 [  2.98804894   5.94580403]
 [  3.69385818  -7.65989116]
 [  0.79931998   5.86522589]
 [  3.24621647  -4.39250607]
 [  5.05993686  -8.09471883]
 [  5.02389432 -11.13893664]
 [  2.29616641  -0.49980287]
 [  2.68483056  -6.8052548 ]
 [  0.71536648   0.27199003]
 [  3.93641788   1.61541238]
 [  2.48423457  -4.20751778]
 [  5.34835498   0.53342524]
 [  3.88186084  -3.53635424]
 [  3.78856157 -11.63017513]
 [  4.86942997  -3.74393736]
 [  3.58175045  -1.60788735]
 [  2.39816615   3.3921002 ]
 [  5.27588602   4.73232265]
 [  3.60059246   1.67955735]
 [  1.44717776  -2.41532152]
 [  0.5761156    3.01698282]
 [  4.34077098  -0.53735779]
 [  3.30219891   0.15693326]
 [  2.0689914    3.18474318]
 [  2.62387138  -9.47476537]
 [  4.62431468  -9.30938315]
 [  1.31983129  -4.1376102 ]
 [  5.9921563    1.07598238]
 [  4.94161889   0.14478912]
 [  3.86292006  -8.93573595]
 [  0.86140548   5.44106421]
 [  1.16628257  -3.74189933]
 [  3.24804135  -1.62840036]
 [  3.450961    -5.71936283]
 [  3.36039154 -10.57842218]
 [  2.69508245  -7.43169053]
 [  4.17896876   3.09087393]
 [  3.63728391   2.52589708]
 [  1.10282653   1.35235279]
 [  5.88243139  -0.66945499]
 [  5.85098976  -6.69583574]
 [  5.14944664   4.87782291]]
