[[ 5.75602196  0.74041358]
 [ 1.76048226  2.11982569]
 [ 2.58604656 -4.20714053]
 [ 4.64082942 -1.85378752]
 [ 1.87123995  1.68576999]
 [ 4.06420041  1.41658834]
 [ 2.96246116  1.91277065]
 [ 2.90002611 -1.66047798]
 [ 4.00447927  1.09669171]
 [ 4.47090144  0.42346647]
 [ 4.25670148 -2.38364285]
 [ 2.79990764 -2.56286104]
 [ 2.96350618 -1.749828  ]
 [ 5.57604395  0.11878717]
 [ 2.19912408 -3.6990894 ]
 [ 3.19530891 -2.21604588]
 [ 3.45571314 -2.18791317]
 [ 4.1149996  -1.33620753]
 [ 3.16875211  0.74259383]
 [ 5.51503276 -1.18775834]
 [ 4.2224413  -2.51689873]
 [ 3.62274106  1.60370835]
 [ 2.47742567  2.04983579]
 [ 5.01207837  0.94367921]
 [ 5.39386729  0.4832807 ]
 [ 3.66554367 -1.70694458]
 [ 4.11394333  1.38310579]
 [ 3.74666815  0.82240784]
 [ 1.9415449  -0.84524201]
 [ 5.59688104 -0.37660944]
 [ 2.28010442 -1.95777148]
 [ 2.18045532 -1.05931113]
 [ 3.83093288 -2.78556774]
 [ 2.84899602 -3.27015204]
 [ 5.87703561  0.15395461]
 [ 5.7816011   1.18902669]
 [ 2.81150344 -3.30471683]
 [ 2.10626783 -2.30329315]
 [ 1.86746588 -1.97918818]
 [ 5.82572183  0.56693493]
 [ 2.99254075 -3.66641929]
 [ 2.88014026 -1.0458994 ]
 [ 3.28984604 -0.74343952]
 [ 3.19642888  1.31983095]
 [ 4.6777348  -1.63002684]
 [ 2.96126852 -1.27226906]
 [ 2.85537332  0.99964113]
 [ 5.95613596 -0.22331039]
 [ 2.45652122  2.48921569]
 [ 4.56627326 -0.6724832 ]
 [ 4.8838794   0.05830926]
 [ 2.15164331 -4.59423221]
 [ 1.63680499 -0.01545667]
 [ 5.9068545  -1.6621335 ]
 [ 4.87641768 -2.18667253]
 [ 1.82247949  3.7655627 ]
 [ 3.51445755  0.8332541 ]
 [ 2.98804894  2.3245282 ]
 [ 3.69385818 -1.80296342]
 [ 0.79931998  8.58883311]
 [ 3.24621647 -1.04506465]
 [ 5.05993686 -1.40213584]
 [ 5.02389432 -2.0181429 ]
 [ 2.29616641  0.2178401 ]
 [ 2.68483056 -2.16224252]
 [ 0.71536648  1.77809564]
 [ 3.93641788  0.66441431]
 [ 2.48423457 -1.29114932]
 [ 5.34835498  0.2867097 ]
 [ 3.88186084 -0.65338618]
 [ 3.78856157 -2.80586046]
 [ 4.86942997 -0.56350279]
 [ 3.58175045 -0.16971795]
 [ 2.39816615  1.83144116]
 [ 5.27588602  1.08651374]
 [ 3.60059246  0.74419901]
 [ 1.44717776 -0.97798733]
 [ 0.5761156   6.97252918]
 [ 4.34077098  0.10658065]
 [ 3.30219891  0.35035238]
 [ 2.0689914   2.02260057]
 [ 2.62387138 -3.22987073]
 [ 4.62431468 -1.79688964]
 [ 1.31983129 -2.37728126]
 [ 5.9921563   0.34644997]
 [ 4.94161889  0.23166277]
 [ 3.86292006 -2.05433605]
 [ 0.86140548  7.47738941]
 [ 1.16628257 -2.35097343]
 [ 3.24804135 -0.19347055]
 [ 3.450961   -1.36755032]
 [ 3.36039154 -2.85038873]
 [ 2.69508245 -2.38645409]
 [ 4.17896876  0.97891948]
 [ 3.63728391  0.96937637]
 [ 1.10282653  2.13302157]
 [ 5.88243139  0.0561919 ]
 [ 5.85098976 -0.97348243]
 [ 5.14944664  1.14144748]]
