[[-8.38065287e-01 -1.44900855e+00]
 [ 4.88530990e-01 -7.68487566e+00]
 [-8.15924455e-01 -5.93336673e+00]
 [-5.65230199e-01 -7.49515964e-02]
 [-1.07725261e+01 -2.10200191e+00]
 [-4.84485432e+00 -4.19224912e+00]
 [-1.13958237e+01 -4.73878157e+00]
 [-8.95728258e-02 -1.05052578e+01]
 [-8.88596388e+00  2.28756316e+00]
 [-9.27776233e-01 -6.51364624e+00]
 [-1.17145353e+01 -5.79738882e+00]
 [-7.01521971e+00 -1.16873883e+00]
 [-3.74626478e+00  1.46482418e+00]
 [-1.17274102e+01  4.32453664e+00]
 [ 2.61910440e-01  1.40906289e+00]
 [-1.01109390e+01 -1.27650932e-01]
 [-1.18175472e+01 -2.61207992e+00]
 [-4.85042181e+00  1.45626632e+00]
 [-4.37687680e+00  9.04352036e-01]
 [-1.17638739e+01 -8.42154830e+00]
 [-7.21623504e+00 -3.34798308e+00]
 [-1.05788173e+01 -8.63364788e+00]
 [-1.07126826e+01  2.48265004e+00]
 [ 6.56906162e-01 -1.19796377e+01]
 [-2.56403215e+00  4.59737328e+00]
 [-4.81517678e+00  5.79104466e+00]
 [-1.58613617e+00 -1.14505701e+01]
 [-2.38404930e+00 -3.13891723e+00]
 [-3.15374639e+00 -2.83743750e+00]
 [-1.19318225e+01  3.90246165e-01]
 [-1.05561965e+01  2.79782009e+00]
 [-1.00483263e+01  3.23340586e+00]
 [-8.04194206e+00 -7.23630560e+00]
 [ 9.61786154e-01 -9.85428478e+00]
 [-1.28996499e+00 -4.47161009e+00]
 [-4.75338022e+00 -5.94711159e+00]
 [-7.30077952e-01 -3.29213686e+00]
 [-5.75388724e-03  3.39710203e+00]
 [-1.20347275e-02  3.79201712e+00]
 [ 1.04682785e+00 -7.45835389e+00]
 [-3.87818711e-01 -8.41808782e+00]
 [-2.95006525e+00  5.68639491e+00]
 [-7.74924840e+00  2.40802678e+00]
 [-7.49963309e+00 -2.73184242e+00]
 [-5.96423328e+00 -2.96861232e+00]
 [-9.88444539e+00  8.37592142e-01]
 [ 9.42297801e-02 -2.88335040e+00]
 [-1.09749186e+01  5.66007964e+00]
 [-2.04872028e+00  2.32466367e-01]
 [-6.87197483e+00  3.36976180e+00]
 [-1.02450040e+00 -5.23591324e+00]
 [-1.18165719e+01 -6.01650962e+00]
 [-4.24756685e+00 -2.20817679e+00]
 [-4.02299665e+00 -3.44347359e+00]
 [-8.55946517e+00 -2.08742818e-01]
 [-3.89574574e+00 -6.69908770e+00]
 [-4.66067138e+00 -1.09566770e+01]
 [-3.25460382e+00 -7.87721926e+00]
 [-7.01450192e+00  3.33881078e+00]
 [-1.09616724e+01 -6.00335892e+00]
 [-2.36706519e+00 -5.68603840e+00]
 [-1.60452338e+00 -1.00983428e+01]
 [-6.22766352e+00  4.59991615e+00]
 [-7.84342068e-01 -2.83909955e+00]
 [-2.90505251e-01 -6.07079473e+00]
 [-3.35735905e+00 -5.37525205e+00]
 [-7.23952648e+00 -2.13461935e+00]
 [-6.16235875e+00  1.67780260e-01]
 [-3.19342847e-01 -9.92158858e+00]
 [-1.04888848e+01  2.60749433e+00]
 [ 9.37929342e-01 -8.36768860e+00]
 [-1.04076829e+01 -6.73503833e+00]
 [-1.30207264e+00 -3.76455150e+00]
 [-9.27621510e+00  4.84133747e+00]
 [-6.36222669e+00 -6.78731690e+00]
 [ 3.97816007e-01 -9.09709316e-01]
 [-3.92864845e+00 -4.47234353e+00]
 [-2.05453299e-01  6.96492403e-01]
 [-2.31448159e-01  5.04196927e+00]
 [-1.57714611e+00 -7.41071653e+00]
 [ 1.58782235e+00 -1.06800363e+01]
 [-5.72528604e+00 -9.27356947e+00]
 [-7.88055046e+00 -1.95168566e+00]
 [-4.35278280e+00 -8.08716316e+00]
 [-9.55317330e-01 -4.70874023e+00]
 [-9.01044245e+00  5.89129601e+00]
 [-6.64653482e+00 -1.09834827e+01]
 [-1.15648021e+01 -5.80535330e+00]
 [-5.41591475e+00  4.00794799e+00]
 [-3.41831331e+00 -2.16560154e+00]
 [-1.09581746e+01  2.38761197e+00]
 [-1.02152817e+01 -9.65789213e-01]
 [-8.06498259e+00 -2.44255379e+00]
 [-9.75463372e+00  4.62489906e+00]
 [-5.16832863e+00 -7.27667616e+00]
 [-8.68738367e+00  5.04497055e+00]
 [-1.10025399e+01 -1.51594544e+00]
 [-9.80212706e+00  2.06332068e+00]
 [-1.05671235e+01 -6.43913451e+00]
 [ 2.05646386e-02 -2.39137845e+00]
 [-7.74090324e+00 -7.31316841e+00]
 [-4.51426078e+00 -4.92034949e+00]
 [-1.02490252e+01  2.12001439e+00]
 [-9.86144774e-01  5.52879346e+00]
 [-1.08404746e+01 -1.06848465e+01]
 [-5.22420946e+00 -3.56141511e+00]
 [-1.48336641e+00  1.94947730e+00]
 [-8.90552431e+00  3.03937137e+00]
 [-5.14547643e-01 -3.63376686e+00]
 [-7.20775908e+00  3.84847680e+00]
 [-7.01947239e+00 -3.66112856e+00]
 [-1.04939959e+01 -1.07777758e+01]
 [-4.03287785e+00 -3.32516737e+00]
 [-1.57529967e+00 -8.72630962e+00]
 [-5.68193006e+00  7.36337830e-01]
 [-3.93683660e+00 -4.57863527e+00]
 [-6.10229893e+00 -1.96940968e+00]
 [-6.69115658e+00 -1.14553751e+01]
 [-6.11202326e+00 -4.21124757e+00]
 [-1.07005779e+01 -3.51265481e+00]
 [-9.23212011e+00  4.11596661e+00]
 [-4.27278507e-01 -8.35589186e+00]
 [ 1.23357820e-01 -1.11230153e+01]
 [-4.65451901e+00  2.91039913e+00]
 [-8.29320973e-01  3.85117392e+00]
 [-2.98456021e+00 -1.16942786e+01]
 [-1.87122959e+00  5.59868448e-01]
 [-3.81523387e+00 -1.12657064e+01]
 [-6.30483451e+00 -4.84542808e+00]
 [-6.74123043e+00 -1.12032418e+01]
 [-1.54564320e+00  5.41896200e+00]
 [-6.03236402e+00 -1.37703384e+00]
 [-1.18176117e+01 -3.58716117e+00]
 [-2.10792593e+00  2.06173076e+00]
 [-1.18900914e+01 -8.47751447e+00]
 [-8.35018369e+00  3.96661093e-01]
 [-8.71203550e+00 -2.51863277e+00]
 [-8.09069761e+00 -2.34198019e+00]
 [-3.39400510e+00 -9.09492276e+00]
 [-1.19665402e+01 -3.17670022e-01]
 [-1.11944022e+01  6.95026391e-01]
 [-4.66519973e-01  4.32658482e+00]
 [-1.19350301e+01  5.11589318e+00]
 [-3.24388711e+00 -1.04347723e+01]
 [-3.52811028e+00  4.94922765e+00]
 [-5.70310273e+00 -6.74235767e+00]
 [-4.85352299e+00  4.35348273e+00]
 [-5.94526573e+00  1.86079841e-01]
 [-2.78855631e+00 -6.26696099e+00]
 [-1.35048125e+00  1.34094955e-01]
 [-1.05481355e+00 -6.06196761e+00]
 [-1.00960152e+01 -5.21400535e+00]
 [-3.96483886e+00  9.60941061e-01]
 [-1.06091555e+01 -7.84839821e+00]
 [-7.09989492e+00  3.16558232e+00]
 [-3.56158401e+00 -4.17010103e+00]
 [-2.21326702e+00 -2.47769033e-01]
 [-3.89835088e+00  5.61542914e+00]
 [-5.35175206e+00  2.45849777e+00]
 [ 5.29284413e-01  4.08851218e+00]
 [-1.23230785e+00 -7.91708516e+00]
 [-9.93088442e+00  8.23547471e-01]
 [-1.96442219e+00  1.30833352e+00]
 [-1.02204630e+01 -6.61243127e+00]
 [-5.97750949e+00 -8.29121416e+00]
 [-1.30226749e+00 -6.32280100e+00]
 [-8.73619735e+00 -6.25499572e+00]
 [-7.83158095e-01 -1.07905901e+01]
 [-4.31548422e+00 -2.66009868e+00]
 [-1.35398497e+00 -9.58916425e+00]
 [-1.02621894e+01 -4.95352715e+00]
 [-1.78828492e+00 -3.75325022e+00]
 [-5.49037864e+00 -1.69974569e+00]
 [-4.91653583e+00 -8.29748361e+00]
 [-5.90888227e+00  4.89222866e+00]
 [-7.52840360e+00 -1.73617991e-01]
 [-1.01931683e+00  8.04033817e-01]
 [-8.36576786e+00  5.25405694e+00]
 [-5.21492365e+00  4.68193393e+00]
 [-8.91890119e+00 -1.08627759e+01]
 [-3.44452054e+00 -5.62312180e+00]
 [-7.39222937e+00  1.48019240e+00]
 [-1.23382809e+00  5.68690587e+00]
 [-4.30625382e+00  8.49524134e-01]
 [-1.86432537e+00  5.47225367e+00]
 [-8.67649464e+00  5.22203567e+00]
 [-1.02740376e+01 -3.80849729e+00]
 [ 2.15493284e-01 -8.91169762e+00]
 [-6.58081050e+00  1.18394490e+00]
 [-1.70683272e+00 -7.38491683e+00]
 [-3.59953972e+00 -1.43018519e+00]
 [-3.64036719e+00  3.39711092e+00]
 [-9.64173402e+00  5.47112329e+00]
 [-5.75618160e+00 -8.77666897e+00]
 [-2.03174924e+00 -1.03119732e+01]
 [-5.45548718e+00 -3.61134605e+00]
 [-9.03188242e+00 -8.49407517e+00]
 [-7.58164072e+00 -2.72826161e+00]
 [-4.44713726e+00 -3.02595291e+00]
 [-5.73554130e+00 -8.70824729e+00]
 [-9.02830111e+00 -8.93113978e+00]]
