[[  2.62563992 -11.26028112]
 [  6.13242933  -3.04187396]
 [  6.0340944   -1.64036355]
 [  4.18974675  -5.9596453 ]
 [  4.2529165   -9.63888184]
 [  6.17743931 -10.5429459 ]
 [  7.80197726  -0.400965  ]
 [  6.90949205   1.17002019]
 [  3.68278859  -5.56330503]
 [  1.50938191   6.98861779]
 [  3.28496496 -11.2331176 ]
 [  2.87279627  -3.19644196]
 [  2.59774004  -5.12990513]
 [  3.62525612   4.32971401]
 [  6.57844005 -12.51092313]
 [  4.81378642   2.58895213]
 [  3.40066693 -10.26293678]
 [  6.30440989  -8.60261046]
 [  5.4718834    6.8019285 ]
 [  7.873402     5.85678579]
 [  7.72400482  -5.88259259]
 [  4.98511946 -10.70100757]
 [  6.6663267   -1.16611169]
 [  6.58983759   2.28659547]
 [  4.76329984   0.97435466]
 [  1.46108674   1.82584723]
 [  1.38254359   7.37166457]
 [  2.39798187  -1.69042026]
 [  6.21644319  -9.77851235]
 [  5.14977976  -4.36045172]
 [  1.31248955   6.54797228]
 [  4.85316655 -12.54069736]
 [  3.79926863 -12.01382086]
 [  6.40591864   6.37133171]
 [  4.50783373 -13.84636655]
 [  0.81696002  -0.78250925]
 [  1.09072837  -0.93415496]
 [  2.98529781 -11.28052943]
 [  1.85562966   6.02967838]
 [  3.65404398  -6.51844372]
 [  3.94934522   6.85351286]
 [  7.15250384  -2.27655697]
 [  4.43960359   7.76979572]
 [  6.05880932  -3.23568262]
 [  7.63327857 -10.8165829 ]
 [  7.29284264  -2.34181228]
 [  3.21859041   5.2820736 ]
 [  2.32758209  -4.38198633]
 [  2.61538635  -1.23498215]
 [  2.58209598 -10.10199306]
 [  5.76563701   3.06648009]
 [  6.67757896   5.96326767]
 [  3.67977861  -7.93093598]
 [  4.2723747   -6.89097611]
 [  1.07968416   7.43414184]
 [  0.5275115    1.6847401 ]
 [  2.73010456  -1.73873358]
 [  5.73355841  -4.14432676]
 [  2.01133156  -1.49549441]
 [  5.07283935  -9.98715232]
 [  1.85051404   1.15706844]
 [  7.92032168  -5.57825259]
 [  6.58708741  -8.40596569]
 [  2.09443695  -2.45889238]
 [  6.06836841   2.64300055]
 [  3.8624822   -8.99640728]
 [  4.39588353   6.10643007]
 [  5.11195895   1.64075026]
 [  4.69606662   7.35553144]
 [  7.64837252 -12.34952919]
 [  7.03096065 -12.39220782]
 [  3.38385786 -12.66796799]
 [  3.15478781  -1.15120354]
 [  7.7924248  -10.36708204]
 [  3.36470426   1.8224176 ]
 [  0.86866126   4.43758109]
 [  6.02601623  -9.47307275]
 [  5.84558372   6.41172196]
 [  7.95723949  -8.81587942]
 [  5.82916945   3.09097313]
 [  2.93390861  -2.73609475]
 [  2.18944524   0.12065684]
 [  3.71204145   2.17006891]
 [  1.93724328  -5.46824663]
 [  2.98001451   0.3127031 ]
 [  4.4256496   -4.25285675]
 [  6.87986532  -7.42923041]
 [  6.96810146 -13.82058438]
 [  5.24277932  -9.64947025]
 [  5.74201923   2.48635887]
 [  4.69419352   2.86561937]
 [  3.4465914  -13.06704705]
 [  2.33539462   4.22327006]
 [  7.22301647  -2.63041707]
 [  7.65739927   4.79522184]]
