[[-5.24201507e+00 -1.09302755e+00]
 [-1.07221170e+01  8.96614237e-01]
 [-4.46298209e+00  6.40254954e-01]
 [-1.28376847e+01  3.45580119e-01]
 [-6.12500758e+00  1.86236326e+00]
 [-9.02514967e+00 -2.36406649e-01]
 [-8.34784770e+00  1.47142387e+00]
 [-2.05603533e+00  2.35146268e+00]
 [-8.25619811e+00  1.36825333e+00]
 [-1.00489176e+01  1.19645987e+00]
 [-8.60453878e+00 -6.90999215e-01]
 [-1.33506641e+01 -2.72036805e-01]
 [-1.71697233e+00  6.77163097e+00]
 [-8.39653688e+00  1.70838268e-01]
 [ 4.30649865e-01 -4.14746836e+00]
 [-1.32137680e+01 -5.28732322e-01]
 [-1.08286535e+01  9.55389442e-01]
 [-7.43687390e+00 -4.65896565e-01]
 [-6.35597635e+00  6.31718831e-01]
 [-7.33568716e+00 -5.31820393e-01]
 [-5.56428703e+00  1.16304556e+00]
 [-9.10561693e+00  1.19140684e+00]
 [-6.44883342e+00 -1.64033948e-01]
 [-7.39154788e-01 -1.07567827e+01]
 [-1.27538272e+01 -6.35018558e-01]
 [-1.08615430e+01  6.64002139e-01]
 [-5.66415837e+00  1.13965222e+00]
 [-1.28699105e+00  4.58149150e+00]
 [-7.76798142e+00 -3.50447459e-01]
 [-8.81702703e+00  1.19253695e+00]
 [-7.11568119e+00  1.42525195e+00]
 [-1.36616257e+01 -4.37626113e-01]
 [-3.06100474e+00  1.77530187e+00]
 [-1.03254328e+01  2.55613036e-01]
 [ 3.91044919e-01 -2.64416139e+00]
 [-5.29577874e-01  1.09602081e+01]
 [-1.37924638e+01  5.99395883e-01]
 [-1.23099620e+01 -6.02590882e-01]
 [-5.61600800e+00  9.86517228e-01]
 [-4.74564435e+00 -1.90632536e-01]
 [-1.09538958e+01 -3.78170244e-01]
 [-6.14402817e+00 -5.23019198e-01]
 [-5.75710353e-01 -6.45788643e+00]
 [-1.15549589e+01  5.75825166e-01]
 [-1.21829473e+01  3.25775458e-01]
 [-7.26056755e+00 -1.33673569e-01]
 [-9.20807438e-01 -3.93624453e+00]
 [-4.25953410e+00  1.76042117e+00]
 [-6.72255312e+00 -1.08562913e+00]
 [-1.18077946e+01  2.58427156e-01]
 [-9.19444981e+00  4.98296323e-01]
 [ 1.31300786e+00 -7.13368798e+00]
 [-1.30478288e+01 -3.14852569e-01]
 [-1.10530888e+01 -4.08694240e-01]
 [-7.22029982e+00 -1.12983427e+00]
 [-1.16156848e+00  1.38821675e+00]
 [-9.14970110e+00 -9.60770079e-01]
 [-1.82485968e+00  3.48312396e+00]
 [-2.73994092e+00  3.62691411e+00]
 [ 2.28332520e-01 -5.66607719e+01]
 [-1.07188108e+01 -3.19037783e-01]
 [-6.98420442e+00  9.29053245e-01]
 [-6.36130208e+00 -1.34164262e+00]
 [ 3.78159281e-01 -1.55530051e+01]
 [-1.26411750e+01 -6.38175987e-01]
 [-7.64087620e+00  9.57691050e-01]
 [-3.19236823e+00  3.49604052e+00]
 [-4.49744638e+00  1.25014080e+00]
 [-7.84155569e+00  1.02811481e+00]
 [-1.20181660e+01 -2.19690219e-01]
 [-2.95895139e+00  2.60541226e+00]
 [-4.36666442e+00  8.80210000e-01]
 [-4.99103219e+00  6.80672297e-01]
 [ 5.14307071e-01 -1.13369109e+01]
 [-5.22660389e+00  7.36811254e-01]
 [-5.24637179e+00  1.42701166e+00]
 [-8.22475394e+00 -3.09146088e-01]
 [-5.57846516e+00  2.25185093e+00]
 [-5.13982895e+00 -1.57938221e+00]
 [-8.63738827e+00 -4.72409822e-02]
 [-5.00365567e+00  6.76490877e-01]
 [-2.80996444e+00  3.96639100e+00]
 [-2.49373544e+00  5.09858902e+00]
 [-1.03863014e+01 -4.31097975e-01]
 [ 2.23230571e-01  2.82837269e+01]
 [-5.56886934e+00  1.76777133e+00]
 [-1.73710570e-01  5.23300473e+01]
 [-1.29320883e+01  2.28641933e-01]
 [-1.18091567e+01  6.35701998e-01]
 [-6.00797975e+00  6.51972425e-01]
 [-1.31356049e+01 -6.68705679e-01]
 [-4.59701192e+00 -1.65537149e+00]
 [-4.96131246e-01 -2.41985806e+00]
 [-8.79659199e-01  3.98824545e+00]
 [-1.21979488e+01  3.32624089e-01]
 [-9.66082202e+00 -5.07167537e-01]
 [-2.00553847e+00  3.03515911e-01]
 [-1.38234664e+01  6.71033047e-01]
 [-1.12450156e+01  1.18788104e-01]
 [-1.01982644e+01  7.28051743e-01]
 [ 1.35826398e+00 -6.45030628e+00]
 [-2.06768981e-02 -2.52637179e+02]
 [-4.12057067e+00 -1.66991783e+00]
 [-9.32652416e+00  1.02949107e-01]
 [-1.15468985e+01 -6.86464883e-02]
 [-4.27216320e-01  1.18350323e+01]
 [-1.29653098e+00  6.85435525e+00]
 [-1.29132693e+01  7.29022555e-01]
 [-5.88188315e+00  1.27706743e+00]
 [-1.03814069e+01  6.52691114e-01]
 [-1.06717929e+01  3.67898229e-01]
 [ 9.53666462e-01 -2.74198353e+00]
 [ 1.45610777e+00 -4.90082710e+00]
 [-1.02174684e+01  1.26094858e+00]
 [-1.27337652e-01 -5.60196576e+01]
 [-1.35650669e+01  4.97156830e-01]
 [-1.22024803e+01 -5.24833108e-01]
 [ 6.83978456e-01  1.16988325e+01]
 [-1.01267564e+01 -5.10024264e-01]
 [-6.51270545e+00  1.16239077e+00]
 [-2.41724913e+00 -1.41935082e+00]
 [-1.38978034e+01 -5.49732802e-01]
 [-9.89965450e+00  1.23629563e+00]
 [-7.39906594e+00 -1.19010882e+00]
 [-9.71503487e+00 -8.17851220e-01]
 [-3.08624224e+00  3.65405575e+00]
 [-9.06354624e+00  3.07107746e-01]
 [-4.87912116e+00  1.28294858e-01]
 [ 3.74090547e-01  2.38771580e+01]
 [-1.00689582e+01  3.34067991e-01]
 [-6.09669379e+00 -6.77352076e-01]
 [-1.38177464e-01  2.92366768e+01]
 [-4.83944749e+00 -4.90972349e-01]
 [-9.32152409e+00 -5.64779657e-01]
 [-2.73395531e-01  2.85044826e+01]
 [-1.31730583e+01  9.86341028e-01]
 [-6.44233898e+00  1.19002578e+00]
 [-7.41204189e+00 -3.72768769e-01]
 [ 4.43304109e-01  1.44367389e+01]
 [-1.30892022e+01  1.79745725e-01]
 [-1.23424219e+01 -1.78589247e-01]
 [-1.39092013e+01  2.21653193e-01]
 [ 1.03726657e+00 -1.10176276e+01]
 [-1.17705617e+01 -4.73751666e-01]
 [-3.55158536e+00  6.96636118e-01]
 [-5.28042596e+00  1.76596870e+00]
 [-7.32960136e+00  6.78224900e-01]
 [-9.48005701e+00  1.34148738e+00]
 [-4.55403860e+00  1.52472641e+00]
 [-4.41057350e+00  1.38252646e+00]
 [-1.33785302e+01  8.85751156e-01]
 [-6.31661839e+00  1.89048455e+00]
 [-3.80270106e+00  5.23238065e-01]
 [-1.17617221e+01 -1.18539562e-01]
 [-7.39412635e+00  1.34145116e+00]
 [-1.29790090e+01  9.10284780e-01]
 [-2.53404910e+00  3.11290631e-01]
 [-9.50261122e+00 -8.62478388e-01]
 [ 1.74406759e-01 -2.60420632e+01]
 [-9.13698674e-01  1.05667505e+01]
 [-2.97145101e+00 -2.39785064e+00]
 [-5.34882233e+00 -1.06754656e+00]
 [-1.06291594e+00 -2.08893376e+00]
 [-1.12539826e+01  8.77705747e-01]
 [-1.07290874e+01 -5.48379993e-01]
 [-2.57022510e+00  2.06571175e+00]
 [-3.84687381e+00 -1.52398184e+00]
 [-1.35522350e+01  5.00932443e-01]
 [-6.00656480e+00  1.48541025e-01]
 [-8.34936347e+00  2.10736139e-01]
 [-6.63128365e+00 -1.67747304e-02]
 [-8.08736461e-01  5.37694539e+00]
 [-6.93536434e+00  1.34312612e+00]
 [-1.28303070e+01 -6.33585081e-01]
 [-5.00670496e+00  1.42435978e+00]
 [-7.91172785e+00  1.27416399e+00]
 [ 7.67767109e-01 -2.53533984e+00]
 [ 3.36991079e-01 -2.07886760e+01]
 [-3.35213137e+00 -2.78956752e-01]
 [-1.09163894e+01  5.01830430e-01]
 [-8.69175105e+00  4.47019997e-01]
 [-9.93028554e+00 -4.51608521e-01]
 [-4.40891029e+00  1.74161770e+00]
 [-1.26264444e+01  6.33286533e-01]
 [-1.39426190e+01  9.00390465e-01]
 [-4.40536337e-02  8.92519704e+01]
 [ 8.42858495e-01 -5.47934518e+00]
 [ 1.10323070e-01  1.77025096e+01]
 [ 4.68455634e-01  1.66547042e+01]
 [ 8.26808875e-01 -7.78120557e+00]
 [-4.83911141e+00 -1.08567944e+00]
 [-5.19868260e+00 -1.32019473e+00]
 [-2.86043973e+00  4.10140057e+00]
 [-1.21384947e+01  1.92312267e-01]
 [-4.87501961e+00  8.29294088e-01]
 [-1.33887450e+01  5.60082137e-01]
 [ 6.70608715e-01 -1.91660263e+01]
 [-1.96699595e+00  2.70966043e+00]
 [-1.11111057e+01 -7.33402617e-01]
 [-6.79854230e+00 -4.62473103e-01]
 [-4.69054348e+00  2.65521200e+00]
 [-1.38920169e+01  5.60941929e-01]
 [-2.97343281e+00  3.57967943e+00]
 [-4.02526140e+00  4.81935075e-01]
 [-2.00675077e+00  6.05588093e+00]]
