[[ 2.62563992 -3.9077259 ]
 [ 6.13242933 -0.33296331]
 [ 6.0340944  -0.10612422]
 [ 4.18974675 -1.18375778]
 [ 4.2529165  -2.03128414]
 [ 6.17743931 -1.54480609]
 [ 7.80197726  0.0767799 ]
 [ 6.90949205  0.31406364]
 [ 3.68278859 -1.23908959]
 [ 1.50938191  5.29264179]
 [ 3.28496496 -3.11513752]
 [ 2.87279627 -0.76456586]
 [ 2.59774004 -1.58980694]
 [ 3.62525612  1.47016206]
 [ 6.57844005 -1.74979525]
 [ 4.81378642  0.74555699]
 [ 3.40066693 -2.72385887]
 [ 6.30440989 -1.20591944]
 [ 5.4718834   1.42582141]
 [ 7.873402    0.87087968]
 [ 7.72400482 -0.63213226]
 [ 4.98511946 -1.945993  ]
 [ 6.6663267  -0.02491802]
 [ 6.58983759  0.49873695]
 [ 4.76329984  0.41449305]
 [ 1.46108674  1.93407219]
 [ 1.38254359  6.05526264]
 [ 2.39798187 -0.28791721]
 [ 6.21644319 -1.4121439 ]
 [ 5.14977976 -0.6525428 ]
 [ 1.31248955  5.7508818 ]
 [ 4.85316655 -2.37797266]
 [ 3.79926863 -2.89893186]
 [ 6.40591864  1.15070642]
 [ 4.50783373 -2.84978713]
 [ 0.81696002  0.26621957]
 [ 1.09072837  0.06036796]
 [ 2.98529781 -3.44371988]
 [ 1.85562966  3.78829814]
 [ 3.65404398 -1.51022915]
 [ 3.94934522  1.98856074]
 [ 7.15250384 -0.17847694]
 [ 4.43960359  1.97535558]
 [ 6.05880932 -0.36899703]
 [ 7.63327857 -1.28602445]
 [ 7.29284264 -0.1839903 ]
 [ 3.21859041  1.95180896]
 [ 2.32758209 -1.4530041 ]
 [ 2.61538635 -0.08984606]
 [ 2.58209598 -3.52504056]
 [ 5.76563701  0.70529589]
 [ 6.67757896  1.04278328]
 [ 3.67977861 -1.88351983]
 [ 4.2723747  -1.37885287]
 [ 1.07968416  7.81167507]
 [ 0.5275115   5.08944372]
 [ 2.73010456 -0.27058802]
 [ 5.73355841 -0.54840756]
 [ 2.01133156 -0.24635143]
 [ 5.07283935 -1.77162171]
 [ 1.85051404  1.16565905]
 [ 7.92032168 -0.57803872]
 [ 6.58708741 -1.12431568]
 [ 2.09443695 -0.69655588]
 [ 6.06836841  0.6003262 ]
 [ 3.8624822  -2.0702768 ]
 [ 4.39588353  1.61661018]
 [ 5.11195895  0.51658284]
 [ 4.69606662  1.77926169]
 [ 7.64837252 -1.48391428]
 [ 7.03096065 -1.62029179]
 [ 3.38385786 -3.44812592]
 [ 3.15478781 -0.04792828]
 [ 7.7924248  -1.20207539]
 [ 3.36470426  0.83883081]
 [ 0.86866126  6.25972556]
 [ 6.02601623 -1.40608197]
 [ 5.84558372  1.2679182 ]
 [ 7.95723949 -0.98223504]
 [ 5.82916945  0.70181064]
 [ 2.93390861 -0.59173443]
 [ 2.18944524  0.51184511]
 [ 3.71204145  0.8539961 ]
 [ 1.93724328 -2.30649743]
 [ 2.98001451  0.44050225]
 [ 4.4256496  -0.73500097]
 [ 6.87986532 -0.93449946]
 [ 6.96810146 -1.83989634]
 [ 5.24277932 -1.64978721]
 [ 5.74201923  0.607166  ]
 [ 4.69419352  0.82348956]
 [ 3.4465914  -3.50115394]
 [ 2.33539462  2.2365685 ]
 [ 7.22301647 -0.22572523]
 [ 7.65739927  0.75681333]]
