[[ 6.69852880e+00  6.41895379e+00]
 [ 8.79268118e+00 -3.05315370e+00]
 [ 8.54277401e+00 -4.70494573e+00]
 [ 1.75590851e+01 -1.16363753e-02]
 [ 3.03899814e+00  1.37616460e+01]
 [ 5.36144980e+00  1.83589758e+01]
 [ 1.65974447e+01  3.28919515e+00]
 [ 1.56761095e+01  1.72474489e+01]
 [ 1.56036358e+01  1.19536171e+01]
 [ 7.91347351e+00  1.66812422e+01]
 [ 1.39372816e+01 -5.45996445e+00]
 [ 8.85877545e+00  1.23227647e+01]
 [ 3.78757836e+00 -1.72179800e+00]
 [ 6.63479956e+00  1.55578256e+01]
 [ 1.15732858e+01  1.49869142e+01]
 [ 1.18583536e+01 -4.30499188e+00]
 [ 8.36307663e+00  3.12296812e+00]
 [ 1.70904646e+01  1.78305757e+01]
 [ 9.49803313e+00 -4.56516518e+00]
 [ 1.79374815e+01  5.29898797e+00]
 [ 7.92979776e+00  1.41572833e+01]
 [ 1.34558818e+01  9.83988021e+00]
 [ 1.52339667e+01  3.73509588e+00]
 [ 1.56190416e+01  5.08454359e+00]
 [ 7.41012226e+00  1.59401454e+01]
 [ 7.59025799e+00  1.18652290e+01]
 [ 7.35596900e-01  2.10067928e+00]
 [ 1.29448723e+01 -5.48422199e+00]
 [ 1.49619500e+01 -4.83380418e+00]
 [ 7.06774085e+00  5.95973076e-01]
 [ 8.17344832e+00  6.55681141e+00]
 [ 1.78476366e+01 -6.43981280e+00]
 [ 6.22748235e+00  1.09712226e+01]
 [ 1.27343187e+01  3.52923428e+00]
 [ 1.56497060e+01  1.78406404e+01]
 [ 1.64532145e+01  2.39723027e+00]
 [ 1.19376143e+01  6.73799130e+00]
 [ 1.49984000e+01  6.27801325e+00]
 [ 1.52601530e+01  8.77147405e+00]
 [ 5.06886654e+00 -2.96844847e+00]
 [ 1.52675156e+01  1.38683365e+00]
 [ 1.79887403e+00 -6.19823087e+00]
 [ 1.29657223e+01  8.62005989e+00]
 [ 1.51959970e+01  1.79520095e+01]
 [ 5.35644186e+00  1.60497078e+01]
 [ 7.48804126e+00  1.34959141e+01]
 [ 1.24586843e+01  1.24329621e+01]
 [ 1.09136413e+01 -2.78788954e+00]
 [ 1.40733420e+01  3.91145515e+00]
 [ 1.61368186e+01  1.51734228e+01]
 [ 1.10101713e+01  6.09764042e+00]
 [ 1.80017717e+01  7.32352052e+00]
 [ 1.03965898e+01  1.46490363e+01]
 [ 1.61672238e+01  1.21005259e+01]
 [ 1.57530175e+01  2.49447760e+00]
 [ 4.16770655e+00  2.53802005e+00]
 [ 1.59850501e+01 -5.51909292e+00]
 [ 1.73417555e+01  1.26454539e+01]
 [ 2.60828219e+00  9.88336907e+00]
 [ 1.19150274e+01  1.60396585e+01]
 [ 1.71303565e+01 -2.03308989e+00]
 [ 9.23024329e+00 -5.34227768e+00]
 [ 1.41957438e+01  4.77496356e+00]
 [ 1.33837198e+01  1.56553142e+01]
 [ 3.80364743e+00 -2.91930320e+00]
 [ 4.22747679e+00 -8.64164831e-01]
 [ 5.25946110e+00  1.12730516e+01]
 [ 3.76311042e+00  6.06425346e+00]
 [ 8.62192392e+00 -4.16702957e+00]
 [ 5.60378219e+00  1.71811862e+01]
 [ 1.61747518e+01  1.67800682e+01]
 [ 6.12490246e+00  1.23921490e+01]
 [ 8.97903457e+00  7.37117144e+00]
 [ 1.35432710e+01  5.71972458e+00]
 [ 7.14288617e+00  1.67487754e+01]
 [ 1.65663481e+01  1.17675180e+01]
 [ 7.19846111e+00  3.96814204e+00]
 [ 8.87942863e+00 -4.20254513e+00]
 [ 9.53308515e+00  1.48419245e+01]
 [ 1.10563666e+01  1.77207832e+01]
 [ 1.12925280e+01  1.03859705e+01]
 [ 7.96607974e+00 -6.85690402e+00]
 [ 1.51327921e+01  1.14966741e+01]
 [ 2.37666793e+00 -4.63046388e+00]
 [ 1.13734915e+01  9.39190604e+00]
 [ 1.74228925e+01  1.21283105e+01]
 [ 1.35870408e+01 -3.87888065e+00]
 [ 2.34665607e+00 -2.66527637e+00]
 [ 9.10529869e+00 -6.57829899e+00]
 [ 1.40146200e+01  1.37506987e+01]
 [ 4.82119625e+00  2.18113710e+00]
 [ 3.68343593e+00  1.85623737e+01]
 [ 1.04734157e+01 -5.28287053e+00]
 [ 8.51484718e-01  4.71981266e+00]
 [ 1.80037425e+01 -4.07377797e+00]
 [ 1.08087582e+01 -6.61439925e+00]
 [ 6.91898735e+00  2.17934804e+00]
 [ 1.07890403e+01  1.33071208e+01]
 [ 1.74468672e+01  1.25933514e+01]
 [ 1.08431125e+01  3.06204677e+00]
 [ 1.04250812e+01 -6.45553155e+00]
 [ 1.86632918e+01  6.86781665e+00]
 [ 1.39835268e+01  1.70099158e+01]
 [ 1.38090151e+01 -6.84223539e+00]
 [ 1.12689774e+01  1.11713575e+01]
 [ 1.30883298e+01 -5.87005626e+00]
 [ 5.89543957e+00  1.89040733e+01]
 [ 8.52866136e-01  3.02322211e+00]
 [ 4.18379226e+00  2.54541126e+00]
 [ 2.15818195e+00  1.71331364e+01]
 [ 1.32344393e+01  1.29792043e+01]
 [ 1.87438822e+01  7.54241953e+00]
 [ 7.06479243e+00  7.36443974e+00]
 [ 6.88969187e+00  1.47580923e+01]
 [ 1.25697285e+00  4.60776549e+00]
 [ 9.58635251e+00  1.62802072e+01]
 [ 3.99938299e+00  6.94185702e+00]
 [ 9.85915698e+00 -2.16458382e+00]
 [ 1.55147582e+01  6.72805782e+00]
 [ 8.10438305e+00  9.28780797e+00]
 [ 1.37466325e+01 -2.53349531e+00]
 [ 1.82321055e+01 -5.36459070e+00]
 [ 7.00259950e+00  3.62621649e+00]
 [ 1.86859732e+01  7.98974807e+00]
 [ 6.64433162e+00  1.47276398e+01]
 [ 8.62106973e+00  7.36202295e+00]
 [ 2.06576680e+00  1.59227854e+00]
 [ 5.07127236e+00 -7.78790231e-01]
 [ 9.57068174e+00  1.44699795e+01]
 [ 7.23175092e+00  1.59961088e+01]
 [ 7.46633858e+00 -6.24340075e+00]
 [ 1.08090523e+01  6.76471609e+00]
 [ 4.21509448e+00  3.82457232e+00]
 [ 2.73988361e+00  1.65412928e+01]
 [ 1.56002081e+01  4.96555731e+00]
 [ 1.62323066e+01  1.31383310e+00]
 [ 1.03812265e+01  1.16285194e+01]
 [ 2.65921160e+00  7.75635502e+00]
 [ 1.66012905e+00  4.76036253e+00]
 [ 4.88623643e+00 -1.99309637e+00]
 [ 5.54236547e+00  9.95467799e+00]
 [ 1.02497296e+01  3.48867951e+00]
 [ 1.25757843e+01  5.60212035e-01]
 [ 2.95743963e+00  9.29611438e+00]
 [ 5.44695404e+00  2.85201923e+00]
 [ 3.25434907e+00 -3.54559875e+00]
 [ 1.30787526e+01 -5.19453027e-01]
 [ 1.58601368e+01  4.27115684e+00]
 [ 5.87041677e+00 -1.99117522e+00]
 [ 1.52420913e+01  5.49709286e+00]
 [ 5.44284674e+00  1.83303313e+01]
 [ 1.49850178e+01 -2.15540832e+00]
 [ 1.03100067e+00  4.60482192e+00]
 [ 6.99918669e+00  1.58025415e+01]
 [ 1.06799630e+01  1.25082927e+01]
 [ 1.02612126e+01 -1.94015397e+00]
 [ 3.49967287e+00  5.32621081e-02]
 [ 1.30996224e+01  1.23304197e+00]
 [ 1.19122431e+01  8.61047920e+00]
 [ 1.66521508e+01 -1.63975934e-01]
 [ 9.51205090e+00 -2.24505969e+00]
 [ 1.41992015e+01  1.06000524e+01]
 [ 1.28720850e+01  4.76032663e+00]
 [ 1.54322415e+01  1.33207775e+01]
 [ 1.24765893e+01  9.03646033e+00]
 [ 1.74655000e+01  1.69059132e+01]
 [ 2.51409122e+00  5.07896107e+00]
 [ 3.99815573e+00 -3.07878468e+00]
 [ 8.43863207e+00  1.51399674e+01]
 [ 1.43119349e+01 -3.94309794e-01]
 [ 8.54538404e+00  1.39598397e+01]
 [ 9.56405792e+00 -4.41291479e+00]
 [ 3.89587220e+00  1.63658450e+01]
 [ 1.03124032e+01  1.44673639e+01]
 [ 7.65554055e+00  7.97458067e+00]
 [ 9.25259973e+00  3.37935276e+00]
 [ 4.62273537e+00 -5.64782064e+00]
 [ 1.46684136e+01  7.91689557e+00]
 [ 2.86136512e+00 -5.41779217e+00]
 [ 1.68808670e+01 -1.99248931e+00]
 [ 7.39984734e+00 -2.73756346e+00]
 [ 1.72148918e+01 -2.00373911e-01]
 [ 1.45189648e+01  2.41484404e+00]
 [ 8.89656010e+00 -1.65920111e+00]
 [ 1.52206505e+01  1.43440940e+01]
 [ 5.03833294e+00  1.40047799e+01]
 [ 9.43261306e+00  1.39697281e+01]
 [ 6.94432817e+00 -5.67387799e+00]
 [ 7.45753724e+00  1.37279199e+01]
 [ 1.78329646e+01  9.56424983e-01]
 [ 8.84444908e+00 -1.76247784e+00]
 [ 1.59252337e+01 -5.94586307e-01]
 [ 1.73669169e+01  1.52238538e+01]
 [ 1.80627291e+01  7.34765218e+00]
 [ 1.13295936e+01 -2.65694740e+00]
 [ 1.38868379e+01  1.00958925e+01]
 [ 1.31171104e+01 -1.99580707e+00]
 [ 1.58154107e+01  4.75477818e+00]
 [ 1.70811436e+01  7.18884206e+00]
 [ 7.88397734e+00  1.35179888e+01]
 [ 4.64085578e+00 -2.07847979e+00]
 [ 7.21887428e+00  7.65628546e+00]
 [ 1.89189519e+01  1.67111019e+01]
 [ 1.78386613e+01  5.22938858e+00]
 [ 5.54608479e+00  1.67376383e+01]
 [ 1.89562533e+01 -5.48966907e+00]
 [ 1.58369655e+01 -4.81762354e+00]
 [ 1.12867569e+01  1.21649680e+01]
 [ 4.04062209e+00 -1.17697619e+00]
 [ 1.60438788e+01  1.22990144e+01]]
