[[-3.16839375e+00 -4.94786217e-01]
 [-4.70574842e+00 -8.93376348e-01]
 [-5.10650545e+00 -2.11838167e+00]
 [-6.75172374e+00 -1.82379887e+00]
 [-1.01474474e+00 -1.50651359e+01]
 [ 2.64475068e-01  4.42381514e+01]
 [-4.13633287e+00 -1.85878081e+00]
 [-5.50682893e+00 -7.67809587e-01]
 [-2.29587682e+00 -2.56935863e+00]
 [-2.48436727e+00 -2.92548693e+00]
 [-5.93725919e+00  5.09676050e-01]
 [-1.70760349e+00 -3.88668475e+00]
 [-3.59556801e+00  7.19581832e-01]
 [-5.60481731e+00 -6.61771339e-01]
 [-1.58957316e+00 -4.67893202e-01]
 [-5.31308504e+00 -3.70733565e+00]
 [-1.19266298e+00  2.71413651e+00]
 [-4.12821209e+00 -2.96901647e+00]
 [-6.08021994e+00 -2.48577395e+00]
 [-1.80152709e+00 -3.21871376e+00]
 [-2.44304388e+00  3.90797141e-01]
 [-6.40561436e+00 -2.12764081e+00]
 [-6.14863036e+00 -1.62386296e+00]
 [-5.10587540e+00  4.87486174e-01]
 [-4.32806748e+00  5.08516486e-01]
 [-3.42764075e+00 -1.84601000e+00]
 [-4.02308956e+00 -9.83656445e-01]
 [-4.67507268e+00  1.52697994e-01]
 [-2.80635766e+00  4.69850067e-01]
 [-3.78880950e+00 -5.42031857e-01]
 [-5.68541520e+00 -3.07756592e+00]
 [-3.73025078e+00  1.34573832e+00]
 [-5.87332880e+00 -3.23556198e+00]
 [ 9.58274305e-01  1.78180151e+01]
 [-6.66806007e+00 -9.36462238e-01]
 [-2.35989516e+00 -6.56945161e+00]
 [-6.40559987e+00 -2.15472926e+00]
 [ 9.17735265e-02  5.96230458e+01]
 [-5.42983298e-01 -1.81963266e+01]
 [-5.63162490e+00 -3.04797483e-01]
 [-5.30193225e+00  4.33002352e-01]
 [-1.96190207e+00 -7.19116355e+00]
 [-2.90119853e+00 -2.50221597e+00]
 [-7.73397144e-01 -4.95791950e-01]
 [-4.63743608e+00 -1.82507734e+00]
 [-2.42082460e+00 -7.63710742e+00]
 [-6.90629815e+00  6.00995104e-01]
 [-1.06882345e+00 -2.91834378e-01]
 [-4.55937238e+00  9.59481975e-01]
 [ 1.48454375e+00  1.00401316e+01]
 [-4.06736410e+00 -2.58323038e+00]
 [-3.97623833e+00 -3.39861030e+00]
 [-2.66441567e+00 -7.08004415e+00]
 [ 1.43840315e+00  9.13242112e+00]
 [-5.43706062e+00 -2.30489626e+00]
 [-1.76565457e+00  1.34718462e+00]
 [-5.79719395e+00 -1.65472609e+00]
 [-3.54655497e+00 -9.02591033e-01]
 [ 9.90768270e-02  2.41026138e+01]
 [-1.12525998e+00 -1.67663585e+01]
 [ 5.90001634e-01  1.16355619e+01]
 [-3.54504418e+00 -5.51630667e+00]
 [ 3.33425448e-01  1.74520178e+01]
 [-5.16040788e+00 -2.89472804e+00]
 [-6.07632556e+00 -3.16221598e+00]
 [-9.64091275e-01  1.49679376e+00]
 [-6.34879436e-01  7.38847837e+00]
 [-8.47263372e-01 -5.43160737e+00]
 [-4.26866429e+00 -2.46834973e+00]
 [-3.70853165e+00 -4.92425123e+00]
 [-2.51922486e+00  2.21328328e-01]
 [ 2.09369806e-01 -2.50029154e+00]
 [ 1.51971979e+00  1.24457710e+01]
 [-5.98049381e+00 -2.66089858e+00]
 [-1.53880316e-01 -1.16751090e+02]
 [ 8.66558996e-01  2.29544628e+01]
 [-3.90980784e+00 -3.45134257e+00]
 [ 9.61717307e-01 -6.23644219e+00]
 [ 5.81422755e-01  1.76808116e+01]
 [-4.55387246e+00  6.80581273e-01]
 [-5.26018997e+00 -3.73004532e+00]
 [-5.29245184e-01  8.62224260e+00]
 [-5.64638258e+00 -1.53656069e+00]
 [-2.02973040e+00 -6.67067968e+00]
 [-6.82226313e+00 -1.31315396e+00]
 [-2.70669747e-01 -3.74249443e+01]
 [-2.58138335e+00  4.71955609e-01]
 [-4.07505598e+00 -3.20464391e+00]
 [-2.51064614e+00 -5.34948617e+00]
 [-4.14681981e-01  1.63158268e+00]]
