[[ 6.6985288   1.10754973]
 [ 8.79268118 -0.23350712]
 [ 8.54277401 -0.43369352]
 [17.55908513  0.05628788]
 [ 3.03899814  4.85740541]
 [ 5.3614498   3.61077255]
 [16.59744474  0.25842503]
 [15.67610946  1.16402918]
 [15.60363584  0.83016659]
 [ 7.91347351  2.23432128]
 [13.93728156 -0.32000246]
 [ 8.85877545  1.5039059 ]
 [ 3.78757836 -0.19056979]
 [ 6.63479956  2.49560298]
 [11.57328575  1.38136347]
 [11.85835361 -0.2787058 ]
 [ 8.36307663  0.49299657]
 [17.09046465  1.10181765]
 [ 9.49803313 -0.37535826]
 [17.9374815   0.35116345]
 [ 7.92979776  1.91143378]
 [13.45588175  0.80558676]
 [15.23396668  0.31082488]
 [15.61904156  0.38955934]
 [ 7.41012226  2.28608177]
 [ 7.59025799  1.69496598]
 [ 0.7355969   4.21518807]
 [12.9448723  -0.34640913]
 [14.96194999 -0.25623693]
 [ 7.06774085  0.22581092]
 [ 8.17344832  0.92455609]
 [17.84763658 -0.30479177]
 [ 6.22748235  1.9223214 ]
 [12.7343187   0.3556715 ]
 [15.64970595  1.2038974 ]
 [16.45321447  0.20647821]
 [11.93761428  0.64820249]
 [14.99840003  0.48525264]
 [15.26015296  0.64032609]
 [ 5.06886654 -0.38834096]
 [15.26751558  0.15633412]
 [ 1.79887403 -2.88971367]
 [12.96572234  0.74196097]
 [15.19599699  1.24717118]
 [ 5.35644186  3.18302863]
 [ 7.48804126  1.93587529]
 [12.45868434  1.07820069]
 [10.91364131 -0.16382154]
 [14.07334203  0.34898997]
 [16.1368186   1.00226837]
 [11.01017134  0.64464396]
 [18.00177168  0.4623723 ]
 [10.39658983  1.50520858]
 [16.16722376  0.81031388]
 [15.75301754  0.22182909]
 [ 4.16770655  0.84891295]
 [15.98505013 -0.28270746]
 [17.34175551  0.7868554 ]
 [ 2.60828219  4.17261948]
 [11.91502745  1.43009813]
 [17.13035651 -0.06030755]
 [ 9.23024329 -0.47044022]
 [14.19574381  0.40680951]
 [13.38371984  1.24444582]
 [ 3.80364743 -0.50459545]
 [ 4.22747679  0.0321315 ]
 [ 5.2594611   2.33351884]
 [ 3.76311042  1.87723789]
 [ 8.62192392 -0.36732284]
 [ 5.60378219  3.24444913]
 [16.17475185  1.09924828]
 [ 6.12490246  2.18650812]
 [ 8.97903457  0.93230195]
 [13.54327098  0.49616703]
 [ 7.14288617  2.48481846]
 [16.56634805  0.77068995]
 [ 7.19846111  0.69016724]
 [ 8.87942863 -0.36067018]
 [ 9.53308515  1.6617836 ]
 [11.0563666   1.69321296]
 [11.29252803  1.00827472]
 [ 7.96607974 -0.7352304 ]
 [15.13279206  0.82580095]
 [ 2.37666793 -1.5275436 ]
 [11.37349148  0.91369533]
 [17.42289253  0.75350924]
 [13.58704082 -0.2118843 ]
 [ 2.34665607 -0.70963802]
 [ 9.10529869 -0.61264316]
 [14.01462     1.0525222 ]
 [ 4.82119625  0.65982319]
 [ 3.68343593  5.31090373]
 [10.47341567 -0.40892777]
 [ 0.85148472  6.71745781]
 [18.00374247 -0.17072995]
 [10.80875819 -0.51943055]
 [ 6.91898735  0.4595106 ]
 [10.7890403   1.32607909]
 [17.44686719  0.7791285 ]
 [10.84311246  0.37462   ]
 [10.42508121 -0.5233083 ]
 [18.66329179  0.4215664 ]
 [13.98352676  1.28793802]
 [13.80901515 -0.42307401]
 [11.26897744  1.08007648]
 [13.08832983 -0.3720915 ]
 [ 5.89543957  3.37618139]
 [ 0.85286614  4.71729612]
 [ 4.18379226  0.8474157 ]
 [ 2.15818195  8.40204246]
 [13.23443933  1.05627477]
 [18.74388217  0.45574441]
 [ 7.06479243  1.18396115]
 [ 6.88969187  2.28719841]
 [ 1.25697285  4.46132587]
 [ 9.58635251  1.80258416]
 [ 3.99938299  1.98577057]
 [ 9.85915698 -0.11812205]
 [15.51475821  0.4981101 ]
 [ 8.10438305  1.26941285]
 [13.74663247 -0.11155425]
 [18.23210547 -0.23939038]
 [ 7.0025995   0.66064274]
 [18.6859732   0.48109606]
 [ 6.64433162  2.36707628]
 [ 8.62106973  0.9699519 ]
 [ 2.0657668   1.25487472]
 [ 5.07127236  0.04362017]
 [ 9.57068174  1.61639264]
 [ 7.23175092  2.35020661]
 [ 7.46633858 -0.70227203]
 [10.80905226  0.71835309]
 [ 4.21509448  1.14459411]
 [ 2.73988361  6.40220365]
 [15.60020809  0.38240242]
 [16.2323066   0.14254494]
 [10.38122654  1.21647662]
 [ 2.6592116   3.29283876]
 [ 1.66012905  3.46982817]
 [ 4.88623643 -0.20324362]
 [ 5.54236547  1.97653476]
 [10.24972957  0.43793151]
 [12.57578425  0.12406479]
 [ 2.95743963  3.48142842]
 [ 5.44695404  0.70718776]
 [ 3.25434907 -0.78221441]
 [13.0787526   0.03674257]
 [15.86013683  0.33235255]
 [ 5.87041677 -0.16884239]
 [15.24209129  0.42625994]
 [ 5.44284674  3.55151123]
 [14.9850178  -0.07710423]
 [ 1.03100067  5.43629317]
 [ 6.99918669  2.400642  ]
 [10.67996302  1.2648258 ]
 [10.26121255 -0.09162211]
 [ 3.49967287  0.30096016]
 [13.09962236  0.17046613]
 [11.91224308  0.80677326]
 [16.65215085  0.05020517]
 [ 9.5120509  -0.13089288]
 [14.19920149  0.81695104]
 [12.87208496  0.44750533]
 [15.43224148  0.9279778 ]
 [12.47658926  0.8044234 ]
 [17.46549996  1.02521618]
 [ 2.51409122  2.41795565]
 [ 3.99815573 -0.51993589]
 [ 8.43863207  1.91262841]
 [14.31193491  0.04232064]
 [ 8.54538404  1.75063399]
 [ 9.56405792 -0.35684798]
 [ 3.8958722   4.45749863]
 [10.31240323  1.49987967]
 [ 7.65554055  1.17229876]
 [ 9.25259973  0.47331052]
 [ 4.62273537 -1.0054265 ]
 [14.66841356  0.60789775]
 [ 2.86136512 -1.54394563]
 [16.88086699 -0.05879374]
 [ 7.39984734 -0.23481072]
 [17.21489179  0.04644967]
 [14.51896477  0.23519887]
 [ 8.8965601  -0.07409618]
 [15.22065051  1.00811026]
 [ 5.03833294  2.97812392]
 [ 9.43261306  1.58701814]
 [ 6.94432817 -0.6730497 ]
 [ 7.45753724  1.97490397]
 [17.83296456  0.10970834]
 [ 8.84444908 -0.08620976]
 [15.92523367  0.02545732]
 [17.3669169   0.93418158]
 [18.0627291   0.46214789]
 [11.32959365 -0.1462495 ]
 [13.88683786  0.79902226]
 [13.11711044 -0.07591665]
 [15.81541073  0.36387156]
 [17.08114361  0.4794083 ]
 [ 7.88397734  1.84145492]
 [ 4.64085578 -0.23238813]
 [ 7.21887428  1.19911847]
 [18.91895186  0.93615661]
 [17.83866129  0.34920718]
 [ 5.54608479  3.19822704]
 [18.95625328 -0.23684369]
 [15.8369655  -0.24105777]
 [11.28675692  1.1664084 ]
 [ 4.04062209 -0.04379924]
 [16.04387884  0.82891516]]
