[[262.87418928 197.28189814]
 [  6.64955423  43.8228361 ]
 [197.26314566 103.26750258]
 [370.97244154 229.47616546]
 [525.12869514 337.78664665]
 [155.73237981 175.83611269]
 [ 66.61998044  62.90418181]
 [274.63112879 203.47599407]
 [235.49840746 183.69549094]
 [389.45286718 284.87221175]
 [479.24264936 314.40542143]
 [115.158141   154.3359243 ]
 [248.18169589 218.37740168]
 [308.77886018 173.96885982]
 [ 69.05183706  96.68766916]
 [273.61327941 166.2276944 ]
 [353.14751054 229.29480203]
 [625.22597711 382.83986496]
 [187.64740059 170.5351256 ]
 [ 26.21283403  32.77293524]
 [429.06589518 303.6890521 ]
 [416.90776925 298.07320387]
 [176.93336742  97.46999321]
 [202.7685977  126.21671484]
 [181.65215998 185.3873981 ]
 [362.29129681 263.01001243]
 [205.38503207 184.56976663]
 [316.14443467 253.84658649]
 [174.26336748 186.17735473]
 [192.11104501 106.26455532]
 [319.12776697 162.04744994]
 [336.61743807 263.27201943]
 [296.16105341 243.81307338]
 [332.98612551 251.08934256]
 [338.98418824 204.73895682]
 [174.27879733 145.86584646]
 [ 94.38013325 132.76281264]
 [370.41318874 176.72133085]
 [555.39873212 352.6783162 ]
 [ 81.78503017 121.91445643]
 [126.29658902 108.28597343]
 [158.38111803 176.81239764]
 [170.65450888 179.88743789]
 [ 45.77212662 109.17850503]
 [112.00957374  97.70122907]
 [ 81.03453485  16.93079126]
 [477.5399457  322.51567335]
 [ 60.27966417 118.88207057]
 [ 90.96832841  92.06645887]
 [ 55.34443072  29.68151907]
 [ 76.96948793  73.63337393]
 [ 44.52903663  85.68479108]
 [260.38182798 204.57831946]
 [260.96687908 228.16597945]
 [383.50408406 284.24022701]
 [ 21.57187118  50.6185914 ]
 [122.81945124  90.31766368]
 [401.48428975 286.88780388]
 [ 74.33585207  84.30480406]
 [154.46487204   1.38017246]
 [447.60870255 298.51916583]
 [ 17.7462423   78.90857513]
 [107.12935151 118.03752463]
 [328.18344061 210.05323422]
 [ 16.02822698  81.6367284 ]
 [106.82700425  67.16479151]
 [341.87131208 181.43422108]
 [252.63774913 176.28311863]
 [189.47507951 190.05959523]
 [298.75887734 246.03264428]
 [ 87.23127236  82.60053318]
 [314.97950417 196.91835425]
 [ 35.68104753  51.95485681]
 [424.01203569 211.0683799 ]
 [ 90.97723299 121.73473123]
 [192.29644065 163.37442647]
 [365.0043079  232.51204977]
 [231.16466708 215.25491773]
 [ 90.92710459 139.99827476]
 [614.42359322 378.52554775]
 [240.13086634 214.62140577]
 [356.58170454 264.58269219]
 [298.01991249 240.06468023]
 [ 14.17973249  69.30654721]
 [534.80205077 346.60659697]
 [389.577975   208.44265059]
 [ 96.27886939  39.74314688]
 [594.48436539 370.95665124]
 [336.63575282 202.2051028 ]
 [320.24545799 252.28824431]
 [143.3318022  169.28301053]
 [267.70926818 135.86916368]
 [289.26991793 173.25160226]
 [213.94398991 113.95324859]
 [  2.36283302  43.99013201]
 [135.65039324 127.2101366 ]
 [479.48246122 314.78481852]
 [ 34.45532366  95.87094534]
 [449.58322717 311.64892729]
 [154.42603497 111.3690292 ]
 [250.61603602 183.62302535]
 [ 13.08077085  78.50792657]
 [243.29154011 178.52362388]
 [381.47182792 213.21578527]
 [ 38.95615361  88.00641925]
 [211.1928092  158.02021601]
 [173.50107696 168.88485602]
 [233.71275493 145.76305362]
 [ 21.81381994  77.97668995]
 [ 77.37263486  31.73197783]
 [  0.94559967  51.55142442]
 [201.93974375 200.04919321]
 [ 67.50021978  81.56343819]
 [ 12.85168475  43.31754503]
 [ 35.06744442  98.42633374]
 [249.66606301 224.04494251]
 [ 10.89141746  76.0540951 ]
 [438.10062868 303.1658338 ]
 [353.87050198 204.77505061]
 [119.42554444  99.68486687]
 [429.0824625  303.51410209]
 [ 28.43063691  82.16020961]
 [129.41846799 118.64726129]
 [131.75455738 163.40142675]
 [193.15862926 106.41560119]
 [186.16790449 166.47289204]
 [ 61.75111883 102.61476449]
 [296.55418839 233.53445643]
 [398.75456552 270.15364378]
 [448.63303026 309.4332455 ]
 [105.54038333 149.01889999]
 [ 62.23271907 114.7018699 ]
 [148.4931663  128.04428686]
 [242.62765091 144.81104088]
 [365.22188936 257.74415152]
 [ 70.48619246 113.00487477]
 [623.51368615 382.44467721]
 [112.16301359 142.24692037]
 [235.37251007 121.74865694]
 [ 68.24800149 120.37689381]
 [ 52.52625114  69.82615457]
 [354.09000019 258.28560148]
 [165.6660874  175.03437605]
 [ 89.85594472  97.21817302]
 [ 88.10258732  15.19290641]
 [ 93.08730694 122.44582314]
 [316.0987451  193.13047092]
 [133.60708869 149.32345008]
 [168.06934021 136.24500263]
 [476.42570122 224.44818735]
 [334.36625031 179.54236832]
 [ 62.30319353 120.07787355]
 [ 94.19311057  51.45960273]
 [206.11102925 202.96560434]
 [ 78.60791255 118.26949311]
 [279.35559225 211.72584972]
 [366.71158975 211.09561044]
 [283.63198489 239.96047759]
 [209.58931832 204.57816267]
 [102.48432217 119.1713679 ]
 [260.65950946 178.67962455]
 [158.48416606 145.8530182 ]
 [141.27921441 133.88781005]
 [ 19.31774255  30.03784806]
 [399.56716108 253.64538802]
 [193.99753725 117.93705554]
 [168.08964649 183.18453814]
 [ 43.19930058  99.51455063]
 [190.04588161 189.0350238 ]
 [114.38640939 154.02305638]
 [ 55.73998825  22.4441489 ]
 [439.79784989 303.75144683]
 [ 42.36139138  88.876088  ]
 [200.4445552  103.31949973]
 [365.02532896 242.86101847]
 [ 92.33246121 136.44721415]
 [284.6159154  166.88310488]
 [140.01137575  78.32945474]
 [158.31467118 162.23728033]
 [343.55929601 190.71120412]
 [311.56263571 252.15628583]
 [332.92396887 249.40519414]
 [ 57.92721423 116.08054686]
 [343.50236777 255.92403834]
 [287.63034142 175.53414285]
 [158.76507938 172.11520436]
 [105.6658681   10.37355632]
 [ 45.21640036  67.96771476]
 [101.13810049 146.11740776]
 [191.3486844   98.75646701]
 [189.92530083  99.57472181]
 [442.07331767 216.03404076]
 [370.82414818 232.55014245]
 [ 99.42588688 100.02505165]
 [190.85748205 165.99787418]
 [ 50.36952009 111.47884709]
 [447.95158281 303.53161623]
 [ 61.40363652 119.33977366]
 [278.13351829 226.19766221]
 [ 58.30404823 111.51371698]
 [383.32293541 219.24447881]
 [ 88.05015642  36.43709567]
 [398.91065517 275.22564925]
 [307.90126791 251.00187918]
 [223.12452576 135.25683444]
 [166.00205091 181.93394333]
 [ 66.57492402  39.66700897]
 [716.6767715  418.42554731]
 [ 79.93524198 112.47482986]
 [324.25901908 227.65714872]
 [396.20943431 268.91353902]
 [ 84.0656166   99.77632734]
 [297.46717452 243.7988063 ]
 [280.78550164 237.78079771]
 [384.75433573 223.31957311]
 [540.73896314 347.5000742 ]
 [174.01172229 176.85791347]
 [318.28408007 194.31492715]
 [256.0113881  134.50814246]
 [ 11.79190826  51.12951171]
 [398.93439245 212.13415961]
 [386.49993994 285.09122067]
 [323.178841   202.22602802]
 [233.24122616 215.36718723]
 [ 59.46828657  15.10434723]
 [299.29461729 234.16734789]
 [ 81.22417534 108.40704424]
 [ 51.2776049  112.68657721]
 [296.68991069 209.6090986 ]
 [334.02001905 232.13459048]
 [322.43977092 206.89635151]
 [230.32225359 213.00195658]
 [391.96988576 285.78797979]
 [268.2074319  224.3189552 ]
 [324.78712796 245.81992824]
 [305.48981867 247.520532  ]
 [245.75771905 155.52720113]
 [ 48.23805969 107.44034199]
 [404.30718334 263.66510332]
 [347.17152244 235.08592227]
 [446.51469143 310.77207819]
 [198.93285646 134.56138689]
 [ 68.50475197 123.57766922]
 [277.20768034 236.53922353]
 [137.05351854 162.77734174]
 [630.36608413 384.4383009 ]
 [100.06707252  83.69551649]]
