[[102.0614672   75.49022301]
 [ 45.04202514  24.80445799]
 [151.8493094   94.24520254]
 [ 78.80574689  35.63465174]
 [  5.02982135  35.5996395 ]
 [  9.0055315   39.35171801]
 [ 75.75340194   8.43853267]
 [ 66.69376649  12.22344807]
 [ 39.94279252  70.99072167]
 [130.32053698   2.05546115]
 [ 36.14999619  18.80149568]
 [143.35940446   2.22414156]
 [ 41.33627671  15.48117034]
 [ 48.63734399  14.80978078]
 [ 43.15656975  51.41299012]
 [ 67.4987771   31.738191  ]
 [ 63.63393158  51.1674897 ]
 [ 10.55795027  48.35833247]
 [121.01212821   3.03153487]
 [ 72.09291738   8.77902135]
 [ 14.78901937  27.16943056]
 [ 97.52941469  30.50181342]
 [ 60.19889771  41.27272649]
 [ 31.72955521  18.47313425]
 [ 86.69942952   8.06607283]
 [  4.99059229  37.76569754]
 [ 50.95180451  12.86981327]
 [ 98.64350973  85.99888188]
 [103.78836868   4.52770322]
 [ 37.28829909  67.15469098]
 [ 92.05405564  90.47912176]
 [ 14.50847904  27.12776146]
 [ 53.70510028  13.65414695]
 [ 60.71650819  55.09777236]
 [ 48.192103    50.42259957]
 [ 88.63807647  66.40516893]
 [ 16.411172    28.37550064]
 [ 55.87968281  12.94095945]
 [ 47.84583994  13.87558893]
 [ 62.89875292   9.73951496]
 [  2.38576733  56.57325999]
 [ 75.87444797  47.16100736]
 [ 27.07391657  33.85838437]
 [134.51622584   1.80086763]
 [ 51.21619432  51.82442421]
 [ 62.28506217  11.83904767]
 [ 47.39840072  13.16885888]
 [ 93.2789149   59.87068823]
 [ 94.72934567   4.93000024]
 [ 91.17285681  39.00575092]
 [ 85.54581344  26.50428137]
 [160.94398737  80.72497643]
 [ 52.57525326  13.36593541]]
