[[-0.0497903  -8.10654478]
 [-0.43115531  1.21511055]
 [-5.15932472  4.76415311]
 [ 0.91358515 -9.58689066]
 [-9.92450014 -5.72594714]
 [-5.11079522 -3.57950655]
 [-2.69209925  3.06718058]
 [-0.19819264 -8.28362855]
 [ 0.18857224 -7.67066114]
 [-8.06279938 -5.68810011]
 [-9.99310913 -4.46636677]
 [-3.42147485 -4.13316405]
 [-3.65633135 -6.97686642]
 [ 3.41696874 -8.09438322]
 [ 1.07178353 -4.01425452]
 [ 2.94579663 -7.72823408]
 [ 0.29081572 -9.39160816]
 [-8.33354611 -9.31979096]
 [-0.53394939 -6.82837815]
 [-0.17584925  2.55387657]
 [-7.50635392 -7.13590391]
 [-7.81207412 -6.57255204]
 [-4.86188375  4.53821862]
 [ 3.59381445 -6.14627099]
 [-2.92771275 -6.06972306]
 [-3.32735598 -8.91636285]
 [-7.05215244 -1.27019843]
 [-6.99809626 -5.48295152]
 [-4.04688896 -5.21426233]
 [-5.29489906  4.47121965]
 [ 4.49314034 -7.71969116]
 [-5.82441288 -7.08735311]
 [-7.06396214 -4.91331887]
 [-3.26422402 -8.5200571 ]
 [-8.98831609  1.98902512]
 [-6.48102413  1.25140942]
 [-4.70351113 -1.2132668 ]
 [-8.29312781  4.88132444]
 [-6.66654186 -9.71632146]
 [-4.47095837 -0.67586152]
 [ 2.40650296 -5.07768557]
 [-3.47735406 -5.24435776]
 [-2.84071997 -5.8816611 ]
 [-2.54434042 -2.22920692]
 [ 2.62491783 -4.59480139]
 [ 0.92867238  4.40411187]
 [-6.62213838 -8.69093031]
 [-3.23428786 -2.1469276 ]
 [ 2.26448731 -4.19692499]
 [-0.29269903  3.70815789]
 [-3.31357397  2.87447378]
 [ 0.78708493 -3.24233812]
 [-8.01388489 -0.93440135]
 [-6.50710718 -4.78531879]
 [-7.19457375 -6.64184685]
 [-1.38593414  1.86337177]
 [-4.36926661  3.40798652]
 [-8.7214872  -4.93018594]
 [-3.73122785  2.15914375]
 [ 3.83002234  4.89358221]
 [-9.87889524 -3.78280378]
 [-0.37443552 -2.07276593]
 [-5.08537292  0.95985424]
 [-8.98072834  1.17999094]
 [-1.07321181 -1.68975535]
 [-3.14585014  4.10004609]
 [-8.41809422  3.82145492]
 [ 1.49335578 -7.80572391]
 [-3.14947825 -6.11960429]
 [-5.33598547 -6.79830703]
 [-3.79735003  2.71807852]
 [-8.67682161  1.85947379]
 [-1.73471769  2.4312582 ]
 [-9.49278016  3.98624306]
 [-0.13176356 -4.76727874]
 [ 0.39240497 -6.9224366 ]
 [ 0.4173254  -9.54342268]
 [-5.21685791 -5.52951719]
 [-3.13108909 -3.59556077]
 [-9.30342282 -8.18854212]
 [-6.86325622 -3.5956127 ]
 [-3.98353558 -8.56019103]
 [-3.81142029 -7.74454992]
 [-1.86111163  0.28495022]
 [-7.43518056 -8.85542787]
 [ 3.222945   -9.32776068]
 [-1.29848077  4.73113782]
 [-8.86513795 -8.36841804]
 [-8.92532985  2.12071339]
 [-4.47361481 -7.74907317]
 [-4.88432741 -3.46067858]
 [-6.65381421  4.75962955]
 [-7.99400158  2.9005893 ]
 [-5.66817454  4.62144943]
 [-0.10175251  0.76181013]
 [ 1.33792298 -5.66767681]
 [-9.97242832 -4.518992  ]
 [-2.77756006 -0.94815139]
 [-6.75084956 -8.17446249]
 [-5.3817004   3.10544836]
 [-7.87690335  0.78000171]
 [-1.05515418 -1.4686192 ]
 [ 0.96846365 -7.73853754]
 [ 2.62222902 -9.40701185]
 [-3.10803926  0.28130118]
 [ 1.57196107 -7.09416244]
 [-1.04905487 -6.50190381]
 [ 3.20566881 -6.9391553 ]
 [-2.33384019  0.08151669]
 [-0.59634972  4.35746781]
 [-0.4032075   0.27170505]
 [-4.30007965 -5.65634608]
 [-3.54478497  2.07594664]
 [-0.67213497  1.66167258]
 [-1.31122507 -2.65472219]
 [-5.81805127 -5.34479141]
 [-1.19023051 -1.14289356]
 [-8.96556085 -5.39850681]
 [-9.08096977  2.45022725]
 [-4.72576085  2.74291277]
 [-7.72133747 -6.90301118]
 [-2.66144046  0.15618543]
 [-5.40411942  1.77485499]
 [-3.49053325 -4.55574549]
 [ 4.49061523 -5.30320961]
 [-6.81997107 -0.17312052]
 [-3.92369048  0.205992  ]
 [-8.14385813 -2.79573281]
 [-2.34021079 -9.70628945]
 [-8.72548491 -6.00201388]
 [-3.57360276 -3.68977766]
 [-1.13758829 -3.77678073]
 [-5.8375305   1.74543097]
 [-6.94337209  3.52795928]
 [-9.2509019  -2.39296602]
 [-4.18271231 -0.35562035]
 [-8.81810685 -8.83851872]
 [-5.1375595  -1.2830572 ]
 [-6.0309224   4.74036945]
 [-1.47209249 -3.85939685]
 [-2.87515032  2.20569114]
 [-3.0893193  -8.88699085]
 [-5.97766678 -2.38411864]
 [-4.35220267  1.87678398]
 [ 1.12760013  4.55567391]
 [-4.82316774 -0.0942319 ]
 [ 2.20197108 -8.61254954]
 [-5.71201375 -0.88015405]
 [-6.22616246  1.8033957 ]
 [-9.97100621  4.43683   ]
 [ 3.74539691 -8.34047748]
 [-3.32652599 -2.12368153]
 [-2.14431446  4.35318195]
 [-5.27135822 -4.87242648]
 [-4.40997457 -0.45177692]
 [-8.31071938 -0.87797579]
 [-9.28396586  2.34219456]
 [-5.81026955 -6.09497859]
 [-4.79862554 -5.41945777]
 [-5.01810787  0.66307913]
 [-7.91885141  1.56737669]
 [ 0.63882618 -6.26202384]
 [ 1.0012897  -5.85809035]
 [ 0.30247705  2.17668171]
 [-9.98704157 -0.38831821]
 [ 3.85565562 -5.79942274]
 [-4.07346983 -5.04274282]
 [-0.65010894 -3.22136361]
 [-2.89858024 -6.2537751 ]
 [-4.04596111 -3.49668429]
 [ 0.44243569  3.70664912]
 [-5.37979414 -9.0004043 ]
 [-3.22949118  0.40091716]
 [ 4.84256461 -5.1634007 ]
 [-0.62833747 -9.53213115]
 [-4.39459603 -1.94181386]
 [ 3.22254606 -7.79545866]
 [-3.83647282  4.50381174]
 [-6.20025393 -1.06560732]
 [-8.69350151  3.2113635 ]
 [-5.62978808 -6.79677461]
 [-8.61484322 -3.00257697]
 [-1.81519799 -3.34467634]
 [-3.37397748 -8.63086716]
 [ 2.68190562 -8.04456137]
 [-2.42963754 -5.81275591]
 [ 1.78422973  4.82006134]
 [-2.68712225  2.02076078]
 [-3.22697064 -3.85631762]
 [-4.93641189  4.8444823 ]
 [-4.97598452  4.76664486]
 [-9.67173939  4.12016826]
 [-9.60817149  0.62376095]
 [ 2.03468387 -4.55154186]
 [-6.90710992  0.07875955]
 [-3.01130956 -1.87733715]
 [-4.6466746  -9.50769745]
 [-2.07617697 -3.32270949]
 [-2.81855376 -7.84787451]
 [-1.012668   -3.6811025 ]
 [ 2.19799421 -9.53936871]
 [-1.02162764  4.57917198]
 [-9.51364456 -3.03615399]
 [-6.02472641 -6.37792981]
 [-6.54512847  3.59755817]
 [-3.96963626 -5.0737068 ]
 [-1.20116521  3.89883741]
 [-9.66200908 -9.26362636]
 [-4.46510399  0.21600205]
 [-8.97777    -0.68146939]
 [-2.3039639  -9.68215415]
 [ 1.46723518 -4.3432275 ]
 [-4.73734673 -7.20585453]
 [-6.60925316 -5.14918907]
 [-9.6203432   1.90724428]
 [-9.4298069  -6.80172644]
 [-6.26091239 -2.0745859 ]
 [ 2.17631332 -8.65070404]
 [-6.58856017  4.53803062]
 [-1.11974658  1.30159312]
 [ 3.21497184 -9.45502799]
 [-7.53995303 -6.30667054]
 [ 1.68593088 -8.82906265]
 [-4.64417344 -6.06151463]
 [ 1.37336541  3.60290704]
 [-8.2097599  -2.72460946]
 [ 0.64912428 -4.45922432]
 [-2.05419766 -2.93251994]
 [-8.61207278  0.06841069]
 [-9.10676544 -0.75619314]
 [-8.88935058  1.2607097 ]
 [-4.26802113 -6.27411818]
 [-5.65396378 -8.12558706]
 [-7.54517832 -3.1815314 ]
 [-8.51543942 -2.9468752 ]
 [-7.27973186 -4.83507587]
 [ 2.88092223 -7.28969937]
 [-1.33031413 -3.20776858]
 [-9.97085298 -1.28797777]
 [-0.52800927 -9.3012949 ]
 [-7.00445839 -7.90988214]
 [ 2.93128898 -6.41410625]
 [-3.5946943  -2.05045382]
 [-6.39991419 -5.32381615]
 [-2.61398769 -5.23740852]
 [-8.06208157 -9.62259641]
 [-3.94393491  3.07606007]]
