[[675.12261289 399.92390313]
 [ 49.13141788  36.00924114]
 [679.63356166 404.10071511]
 [306.99506442 248.3484542 ]
 [203.05934259 149.32489965]
 [663.25601067 395.92335123]
 [375.88861888 259.18396362]
 [610.33424763 377.27386544]
 [471.63347689 231.95583617]
 [485.10714793 325.6345999 ]
 [ 43.58867453 107.09898451]
 [347.56481554 193.79436526]
 [ 62.17026043  53.95733226]
 [251.97437645 219.85752872]
 [ 30.78056468  91.0846254 ]
 [418.69195547 202.55639506]
 [276.25576741 209.93283853]
 [611.27875784 377.46029629]
 [246.79588464 194.26033477]
 [243.43692661 212.43832521]
 [295.85800316 217.51833194]
 [376.46338822 251.13685795]
 [121.30509265   5.35640935]
 [329.11809195 201.49878602]
 [369.03808629 186.19236518]
 [ 65.93974757 120.64444594]
 [524.11235071 338.10150319]
 [ 20.25471437  75.17817443]
 [458.74092436 315.59990968]
 [ 68.56437599 103.48893372]
 [  6.3187482   57.06760279]
 [154.98699571 141.44197077]
 [401.58881525 288.77853774]
 [261.1751667  210.38068335]
 [391.81855081 284.86738873]
 [241.17423827 151.00824869]
 [161.52125045 129.24372647]
 [402.56972295 268.45888682]
 [411.5152828  295.50335254]
 [282.63972335 179.54766161]
 [295.54348489 240.10674617]
 [436.98853979 267.81294519]
 [ 85.06964625  17.47035191]
 [164.10376478 157.73393498]
 [337.13560465 218.78062612]
 [166.22147645 146.34139534]
 [512.32618803 336.37971133]
 [128.93324184   5.11264732]
 [606.0512163  375.50098513]
 [426.17663569 294.81979187]
 [ 64.53025851  64.40759889]
 [120.94720618   5.49463542]
 [247.62332205 156.48448718]
 [288.78343985 163.64885165]
 [308.48939495 249.57590272]
 [363.11605601 259.40419644]
 [357.0153544  220.39709454]
 [222.20103815 210.357295  ]
 [133.58730683  98.35868852]
 [392.3842373  270.31865316]
 [489.80361843 313.84495491]
 [ 53.18943646 105.85937717]
 [244.77137564 191.50012546]
 [232.02462284 165.49003279]
 [372.22042652 264.27473776]
 [222.07834456 118.55824134]
 [465.76810875 319.04299877]
 [140.10004322 148.85059943]
 [436.37560915 305.77696127]
 [813.2091565  454.03921178]
 [454.21984303 265.48560166]
 [380.69549493 272.33620584]
 [738.66608387 425.38890343]
 [378.60609852 267.42580802]
 [176.52403084 178.36453698]
 [ 54.85177284 114.00914284]
 [555.41296666 247.85777008]
 [ 74.54416392  13.91367999]
 [127.2269204  143.294459  ]
 [479.06161289 302.51585851]
 [516.58305165 231.75758058]
 [247.26098543 187.45536019]
 [394.99464846 283.74391155]
 [107.46558646 117.04827637]
 [194.62271593 196.82562134]
 [233.41668386 215.06765635]
 [274.43985619 197.27472787]
 [  6.38127528  67.51839861]
 [475.09595889 219.86210174]
 [122.3299568  112.51845752]
 [ 82.80944676 100.48547852]
 [637.61370608 386.5246449 ]
 [231.66096482 130.23997893]
 [349.936211   261.22462174]
 [290.94327921 235.75751034]
 [473.30744155 231.22119172]
 [299.29298278 226.74957299]
 [100.28548207  60.48788354]
 [442.1960744  228.90413874]
 [695.92190845 406.80206691]
 [272.45183102 218.33350501]
 [ 53.57814933  61.89546768]
 [ 78.7062214  122.44637479]
 [151.10799577 173.73667526]
 [305.64792261 248.25125145]
 [395.23247379 192.313452  ]
 [556.70898372 254.76004214]
 [344.82087302 168.78962893]
 [273.59107239 171.66088787]
 [269.86663738 139.77300121]
 [ 35.86907733  83.78541177]
 [140.84912722  73.25918713]
 [382.56336789 211.47821018]
 [172.89908838 101.56448707]
 [205.78557879 165.54508512]
 [301.94312444 162.46854769]
 [ 77.07866796  64.70145389]
 [176.20248884 162.0417246 ]
 [564.33154655 358.40425612]
 [127.25789463 158.04462021]
 [494.53422899 225.44914148]
 [104.42635015 110.34617542]
 [ 13.33444582  54.80326551]
 [154.31237028 168.45527662]
 [ 11.7793324   70.78840775]
 [339.46650324 240.94643119]
 [617.78463572 377.70185134]
 [169.00428353 168.49183409]
 [130.03534089 147.30647805]
 [797.72893621 448.34523255]
 [ 19.09563098  82.40685325]
 [ 35.26642415  99.27807152]
 [ 23.51951447  77.0102473 ]
 [303.25273346 248.93794143]
 [365.34396176 213.35779537]
 [144.04496514  98.0861452 ]
 [ 27.15697642  93.06180528]
 [444.38473922 277.94051088]
 [241.05236784 205.83802892]
 [108.73214703 135.86331149]
 [101.48155388 120.73023412]
 [119.47974435 150.83367574]
 [ 43.16410304  78.18215791]
 [135.01725967 155.1394837 ]
 [542.9438809  350.05328091]
 [539.26841209 244.37643747]
 [281.15027925 226.97129534]
 [470.93058398 321.0567229 ]
 [ 17.58109348  83.29691878]
 [155.26698716 140.8314282 ]
 [219.89036166 161.39449441]
 [236.95188444 154.08958239]
 [ 68.21249383  14.56168559]
 [ 64.79475245  97.16113805]
 [135.74031217 166.22847894]
 [ 90.01381204  43.23485287]
 [170.46421079 184.2610761 ]
 [265.73836916 231.30018202]
 [781.65373327 442.9980248 ]
 [ 82.52516684  24.44957885]
 [184.20840209 137.13424219]
 [283.19866729 175.65565535]
 [  8.92743702  44.42827217]
 [ 99.78229636 115.62073951]
 [422.31238494 227.31674645]
 [443.16742834 307.39184441]
 [291.66150382 172.44481701]
 [ 16.4164122   54.93074114]
 [567.65358903 355.13541316]
 [699.48725466 410.54275272]
 [442.02837337 286.94787911]
 [ 49.86934157  92.55034635]
 [224.59941172 197.79238982]
 [574.88076124 351.68546356]
 [404.86724841 283.00716488]
 [271.54571672 142.74947596]
 [ 21.94509813  88.60697812]
 [168.9604257  153.75871261]
 [ 12.26250948  77.78272097]
 [290.01657611 169.48443275]
 [134.27745555 101.19692969]
 [ 22.14889423  83.64342388]
 [375.14684368 273.12006937]
 [ 16.75632488  70.06881083]
 [ 10.99549662  74.43718967]
 [229.28730485 184.85208667]
 [465.28609683 317.98546697]
 [136.59058847 141.96210615]
 [130.4494596  148.92340744]
 [452.39301549 235.23373763]
 [184.57961572 151.48670894]
 [336.76660981 234.3408354 ]
 [595.73108831 363.05346487]
 [146.76925074 149.43117421]
 [ 88.83307626 135.91815649]
 [163.23211506 164.43585213]
 [162.88588871 180.54578886]
 [426.84139448 287.23790978]
 [317.73844487 216.83583356]
 [451.63577799 279.65127574]
 [ 90.82875823 128.76992309]
 [ 61.71200043 105.51732242]
 [ 76.129301   129.96902196]
 [658.78939478 396.10921144]
 [185.34929079 141.32205642]
 [  9.34795342  73.66848092]
 [122.42330603 108.94538914]
 [752.2120001  430.25261591]
 [111.45747036 150.73724893]
 [148.75845238 138.55363709]
 [552.80596532 353.94593059]
 [359.39825601 228.36593244]
 [483.65492967 278.25782857]
 [341.51025815 240.69009595]
 [ 90.67208979  66.59203289]
 [115.90792571 114.74488485]
 [226.45536    151.48701859]
 [ 24.44599119  37.32830412]
 [389.77341476 209.3934011 ]
 [118.06068252 125.55795303]
 [300.53913635 174.51777315]
 [560.03095506 356.89532758]
 [451.93077383 301.16681274]
 [104.92219297 136.5118377 ]
 [164.64604416 106.25719014]
 [217.7591689  153.44180131]
 [104.40135096  96.10319199]
 [294.30579749 177.55992365]
 [256.45437597 181.76031451]
 [ 67.47296747  75.61080824]
 [310.67543283 152.93099329]
 [488.79008067 311.50444181]
 [528.00927314 330.9587715 ]
 [531.20749217 338.44723274]
 [303.15411916 246.92174187]
 [266.35908051 183.1954644 ]
 [ 67.68144786 123.79831156]
 [ 10.58836594  74.97713895]
 [410.59802203 270.95001467]
 [469.64071048 231.38313199]
 [239.51336398 208.79200219]
 [403.7535335  286.64030641]
 [146.68835157  99.79597095]
 [496.35380955 250.31078357]
 [351.96802243 199.17141371]
 [214.29090134 133.59159757]
 [ 17.91133461  82.66529111]
 [ 60.44685902 118.23743305]
 [273.66172952 235.31357517]
 [ 61.88617536  24.48623865]
 [438.79272025 284.23655336]
 [142.08191402 140.63948066]
 [104.22896313 122.81292987]
 [189.97979262 194.65505808]
 [120.98352332 138.99925119]
 [124.12011023 159.48155247]]
