[[ -7.52154075 -10.59278424]
 [ -0.78766898   3.41503031]
 [ -9.57997284  -8.83925963]
 [ -4.89331988  -7.26664893]
 [ -6.84243615   1.98642975]
 [-10.35029371  -7.66064114]
 [ -9.47565102  -2.04552987]
 [ -8.72945763  -8.73957273]
 [-10.18083948   3.77609278]
 [ -8.75353415  -6.68224714]
 [ -1.97532992  -2.64485167]
 [  3.10048551  -8.79080164]
 [ -2.14759341   3.3061167 ]
 [ -3.62650056  -7.05989291]
 [ -2.6992443   -0.63970412]
 [ -9.22091499   4.43257437]
 [ -8.27025043  -0.81663924]
 [ -9.13388958  -8.33017111]
 [ -0.41208397  -7.84405239]
 [ -2.9263202   -7.23158916]
 [ -8.56375024  -0.79163287]
 [ -1.05871067  -9.64339042]
 [  2.69400972   4.80297666]
 [ -8.86110163   1.93917532]
 [  4.23021739  -8.62350175]
 [ -3.66156729  -1.75438361]
 [ -9.8117053   -5.89563625]
 [ -2.23875234   0.22730276]
 [ -6.90971898  -8.18174888]
 [ -4.11252452   0.47774055]
 [ -1.11970666   0.57091509]
 [  0.89105916  -6.16058134]
 [ -5.39423295  -8.44390044]
 [ -1.585259    -7.92343016]
 [ -8.29979207  -5.39148303]
 [ -7.13500548   3.06353657]
 [ -5.99462031   2.10827892]
 [ -9.84296426  -1.93868135]
 [ -7.89609105  -6.36636213]
 [ -8.10777238   2.2189993 ]
 [ -7.59281427  -4.02927323]
 [-10.44398883  -0.4125922 ]
 [  0.84637889   4.53332707]
 [ -6.399397    -0.27140238]
 [  0.70392721  -9.15359971]
 [ -6.38263946   0.90403684]
 [ -9.09601     -6.73380643]
 [  2.73904456   4.97302175]
 [ -8.97632812  -8.42248999]
 [ -4.57461453  -9.25294876]
 [ -2.75256195   2.92505852]
 [  2.66359898   4.81061764]
 [ -7.32645906   2.8685934 ]
 [  3.56668138  -7.71198054]
 [ -5.08634177  -7.15901363]
 [ -2.73600135  -9.12651689]
 [  1.25003508  -9.36436068]
 [ -4.68013479  -5.80056875]
 [  3.26921572  -4.7654019 ]
 [ -9.53196637  -2.69029302]
 [ -3.71638197 -10.42302306]
 [ -0.6721249   -3.5840769 ]
 [ -0.21098853  -7.81973962]
 [ -7.42854206   1.68015435]
 [ -2.93175547  -9.19020764]
 [ -5.88019985   4.57633433]
 [ -7.57197729  -7.68811987]
 [ -0.48420703  -5.89835183]
 [ -6.46400833  -8.20429757]
 [-10.99228544  -9.08140683]
 [-10.64656281   0.45349872]
 [ -9.03417529  -3.68205792]
 [ -8.3547248  -10.71751345]
 [ -9.24386323  -3.03356511]
 [ -2.13146368  -6.29188925]
 [ -1.78528797  -3.24433199]
 [-10.74270901   4.84225617]
 [  1.38272287   4.08951323]
 [ -5.61436933  -0.53440356]
 [ -2.65933308 -10.61571245]
 [  4.96235802 -10.22353979]
 [ -7.85681319   0.2928018 ]
 [ -4.79655034  -8.7029746 ]
 [  1.05631621  -5.07450418]
 [ -4.42424973  -5.39274451]
 [ -4.49444566  -6.17690288]
 [  0.40664883  -8.27312521]
 [ -0.39143404  -1.20087394]
 [  4.71622071  -9.82503191]
 [ -5.16631931   1.97272248]
 [ -4.3411018    1.36279011]
 [ -7.72827625  -9.98384559]
 [  4.14794736  -6.38042114]
 [ -8.52427156  -3.84978534]
 [ -7.75659007  -3.54557899]
 [-10.1642741    3.87484096]
 [ -1.71413033  -8.4785024 ]
 [ -2.73550313   4.19385183]
 [-10.02028985   3.18477784]
 [ -7.28880945 -10.99334953]
 [ -8.00202781  -2.02002692]
 [ -2.51186902   2.66177598]
 [ -4.33455791  -0.94242403]
 [ -3.65313144  -4.94283619]
 [ -7.13789401  -5.04603307]
 [  4.50846537  -8.85899873]
 [  4.39131422 -10.94959384]
 [ -7.98911437   4.7306733 ]
 [  2.5432328   -7.86954478]
 [  4.58463005  -6.81526424]
 [ -2.95665308   0.47483883]
 [ -3.55553076   4.75084022]
 [  2.78958071  -9.37331753]
 [  4.213188    -5.0471595 ]
 [  0.72591679  -7.13578584]
 [  4.00949445  -7.7077711 ]
 [ -2.86717686   3.32399817]
 [ -0.16407431  -6.63503593]
 [ -9.1079186   -7.62421835]
 [ -2.63692284  -4.98609182]
 [-10.01402929   4.83247086]
 [  1.46959574  -4.89355453]
 [ -1.3624381    1.2154727 ]
 [ -2.16680284  -5.82091557]
 [ -0.06972286  -1.7146346 ]
 [ -1.52232395  -9.08565659]
 [ -7.186559   -10.13901024]
 [ -1.24417903  -6.37989729]
 [ -0.84038609  -5.6393782 ]
 [-10.84016912  -9.05113073]
 [ -0.69026845  -2.0730261 ]
 [ -2.58474715  -1.4613994 ]
 [ -2.40696581   0.29392894]
 [ -6.07064258  -6.24183323]
 [ -9.31949424   2.11731375]
 [  3.59638723  -4.80387762]
 [ -2.1382437   -1.48901241]
 [-10.47002367  -1.21440893]
 [ -7.47969567  -2.07779803]
 [ -0.701732    -5.16629548]
 [ -5.01415419   0.47816963]
 [ -5.07963635  -2.01673761]
 [ -3.02347958   1.28436637]
 [ -1.53516118  -5.6033557 ]
 [ -8.82211518  -7.60961589]
 [-10.62912779   4.67319435]
 [ -7.92073643  -2.74763613]
 [ -7.97546361  -7.35694408]
 [ -1.11436499  -1.77579955]
 [ -6.15665247   0.95518433]
 [  1.59792246  -7.24011286]
 [  2.71623159  -7.20139272]
 [  1.34465623   3.90448756]
 [  0.83990196  -3.93614695]
 [ -4.3071004   -3.92223969]
 [ -1.55486407   4.48172408]
 [ -5.13992542  -4.02457693]
 [ -5.26157742  -6.22498156]
 [ -9.55129714 -10.207162  ]
 [  0.0766499    4.54152139]
 [ -6.39077566   2.28256149]
 [  2.53705708  -8.02265593]
 [ -0.59149763   1.37185634]
 [ -4.92107785   0.85356131]
 [  2.73152959  -9.90539461]
 [ -6.03886117  -8.62113756]
 [ -7.98326551   3.0303214 ]
 [ -1.47323386   1.39057005]
 [ -6.07468462 -10.24751697]
 [ -8.16476958 -10.40232433]
 [-10.23168964  -2.41238893]
 [  0.48863615  -3.49693725]
 [ -7.24277339  -1.9214803 ]
 [-10.97682279  -4.81970454]
 [ -3.90872236  -9.27031292]
 [  4.44875304  -6.93505772]
 [ -1.68220292  -1.62986743]
 [ -6.49041504   0.33855442]
 [ -1.16184863  -1.30986073]
 [  3.19482928  -7.89285816]
 [  3.11960337  -4.88235995]
 [ -0.51440287  -2.29621716]
 [ -8.71956859  -4.21376725]
 [  0.4160243   -2.00399726]
 [ -1.52992616  -0.63890539]
 [ -7.5688781   -0.18414794]
 [ -6.77333094  -8.39306334]
 [ -5.84327174   0.06182584]
 [ -5.62061103  -1.01049322]
 [  2.99173374 -10.20528212]
 [ -6.69336883   1.15918833]
 [ -9.13313232  -0.88178598]
 [-10.87575027  -5.53631901]
 [ -6.05340403  -0.22048213]
 [ -4.16363554  -2.2073532 ]
 [ -6.298904    -1.06387833]
 [ -4.92678032  -4.05565135]
 [ -3.24589581  -9.8068603 ]
 [  0.17084974  -8.91097198]
 [ -1.10609738 -10.56813574]
 [ -0.93337211  -4.67290125]
 [ -3.92699457  -0.08193766]
 [ -3.52949425  -2.56417542]
 [ -8.8003812   -9.34080507]
 [ -6.50477375   2.00630037]
 [ -0.89075444  -1.24239482]
 [ -5.06322089   2.22926462]
 [ -8.31585207 -10.90410951]
 [ -4.45360808  -2.83368005]
 [  0.8957776   -6.03218   ]
 [ -7.63706982  -8.9373741 ]
 [  0.60776016  -9.459397  ]
 [-10.99303619   0.25862658]
 [ -1.3975574   -9.13369574]
 [ -3.04906752   3.65666647]
 [ -5.14847455   1.57168421]
 [ -7.06785986   2.580542  ]
 [ -0.53519712   2.41351649]
 [ -9.3526727    3.15766796]
 [ -5.37748313   0.77320489]
 [ -8.07902405   3.14072515]
 [ -8.95691608  -7.7318428 ]
 [ -9.86795902  -3.9504529 ]
 [ -5.02172218  -1.00640676]
 [  3.71858801  -5.22815592]
 [  2.1560806   -7.05628151]
 [ -4.47143691   2.47115149]
 [  2.73246379  -8.13081122]
 [ -7.92288665   1.1582146 ]
 [ -3.30819777   2.43394113]
 [  4.83926905  -7.36548256]
 [ -3.41813393 -10.51255823]
 [-10.6929878   -4.20265752]
 [ -5.36622959 -10.19830638]
 [ -7.15717286  -4.95614835]
 [ -8.04240619   1.38183676]
 [ -3.45416636  -2.2336286 ]
 [ -0.83907095  -1.39393379]
 [ -1.87309194  -9.95695898]
 [-10.16095636   3.76366092]
 [ -7.28649266  -2.60487346]
 [ -4.67994487  -8.89024743]
 [  3.57528941  -4.88767772]
 [  3.08233082 -10.70456394]
 [  2.82649499  -8.9444358 ]
 [ -6.45407706   3.45218983]
 [ -0.90679459  -1.91195116]
 [ -3.36339447  -1.94917735]
 [ -5.63330203  -6.05651225]
 [  0.16876431   3.92976621]
 [ -2.21760776 -10.23622957]
 [ -5.94420641   0.4323062 ]
 [  0.41237631  -5.08794522]
 [ -4.47426512  -5.24174587]
 [ -5.48581374  -0.38952329]
 [ -4.28091879  -3.5642337 ]]
