[[ 2.97428697  1.75872426]
 [ 0.51331801  1.91368758]
 [ 0.87271372  0.1375867 ]
 [ 0.97525768  2.73828451]
 [ 4.18741046 -0.3362097 ]
 [ 2.64995889 -4.36283597]
 [ 0.95414379  2.69144206]
 [ 1.99662299  2.29898402]
 [ 1.36261166  2.17486116]
 [ 1.2156964  -2.51921968]
 [ 0.5112009  -1.61572921]
 [ 2.75118463 -1.20593149]
 [ 3.50998807  2.78672685]
 [ 1.50653171 -0.7876978 ]
 [ 2.27226082  0.21997654]
 [ 0.85402098 -0.18574332]
 [ 4.55464682 -0.46079822]
 [ 3.37847179  1.31078356]
 [ 0.31984635  0.9257848 ]
 [ 1.97661647  3.00132243]
 [ 1.69383895 -2.0347116 ]
 [ 1.94951668  0.77011304]
 [ 1.56418116  3.53732556]
 [ 4.37311346 -2.82323169]
 [ 0.3380313  -0.52862516]
 [ 0.83464443  1.40913117]
 [ 3.65876314 -0.54709873]
 [ 1.88313245  2.85379254]
 [ 3.39182986  2.70719049]
 [ 4.28470466  1.01005329]
 [ 1.96525395  0.06064057]
 [ 0.45687192 -0.40547107]
 [ 2.0041548   0.60807358]
 [ 4.96353569 -2.23318771]
 [ 4.7787872  -1.36511088]
 [ 4.17817413 -4.75256266]
 [ 4.96396505  0.65215378]
 [ 4.30136728  1.14515593]
 [ 1.39838553 -2.5820661 ]
 [ 2.35375724 -3.40306213]
 [ 4.13275525 -2.0792648 ]
 [ 1.13930391  3.06175754]
 [ 2.85665959 -0.48150321]
 [ 4.32610157 -4.00596825]]
