[[-10.81534114   4.97062172]
 [  0.67058381   7.2096169 ]
 [ 16.67251084  15.21870674]
 [ 10.21341242   7.94448203]
 [ -4.31931439   8.53906927]
 [-12.4784331    3.05655381]
 [ 13.97130042  -4.14771365]
 [ -5.12545097   0.84067117]
 [ 11.88723103  -6.50877195]
 [-13.40349526  -0.41078961]
 [  4.54599769   7.21759252]
 [ -4.40368279  -0.50452036]
 [-13.99611547  12.84968889]
 [ -9.05703754 -11.72368306]
 [-11.17043898   5.07042733]
 [ -0.63214025   4.61838123]
 [-11.00052709 -11.57642738]
 [ -3.15585855  -7.99392326]
 [ -1.01450464   9.14870702]
 [ -7.18817763  -0.07253055]
 [ 16.59363096   8.12133305]
 [ -1.91696183  10.12551182]
 [-11.32341953  -8.12778341]
 [  9.11263201 -12.58483704]
 [ 13.05994062   9.54664611]
 [ -6.31858535   9.60980929]
 [ 11.84436363 -13.38459682]
 [ -4.12453296  -2.09252312]
 [ 17.64688547  -5.47727659]
 [ -1.90274732  11.87319615]
 [  0.14000745  -3.72462883]
 [ 17.83433127  -7.0574408 ]
 [ 14.74576871  -6.46670648]
 [-14.96124247   4.98503834]
 [ 11.45420919 -14.02338213]
 [  0.85769816   9.0674105 ]
 [ -4.16794971  -7.00265625]
 [ 14.73948282   8.97256336]
 [ 13.20786747   8.73769249]
 [  0.23222632  -8.47759212]
 [ -5.446965     9.85335126]
 [  1.38762983 -10.65263941]
 [ -6.85629334   5.47284423]
 [  0.9267769    3.18165559]
 [  1.13262707  15.12168066]
 [ -9.51972369  -3.02760529]
 [  4.41745063  14.99047912]
 [  0.33631461   4.78278998]
 [ -2.61981968  16.10628417]
 [  0.53994637   9.53451977]
 [  6.32114527   5.71461382]
 [ -7.695987    -6.42292531]
 [-12.69942248  -3.07875077]
 [ -6.48361374  15.59181179]
 [  2.06305074   4.24900142]
 [  7.88815062  10.36084053]
 [ -8.1173288   14.78833621]
 [ -8.98678036   8.75057718]
 [ 10.9172533   16.63779675]
 [ 11.54578739  16.25798894]
 [-12.94350144  -8.00422349]
 [  6.10375581  -5.06629273]
 [  8.35048721  11.14315384]
 [  7.24262859  10.76958467]
 [ -5.06108987   4.9953058 ]
 [  1.97992466  -9.35982472]
 [  1.54159802  14.95812924]
 [ 12.05241452  15.10442012]
 [ -0.26473225 -14.10987606]
 [ -2.76641863   1.1750792 ]
 [ -1.03897955  10.29098839]
 [  5.29549187  14.78323718]
 [  8.88744912  -6.06048845]
 [-14.32981193  12.25173947]
 [ -6.21837403   3.96005586]
 [ 14.29273451 -12.88561779]
 [-14.75436851  -4.72910537]
 [-10.14073328  16.41875314]
 [  0.19553003  -7.89381396]
 [-14.22238159   5.55789434]
 [ 12.0846306  -14.65993513]
 [  4.59955119   9.98825208]
 [ -0.0876417   -5.21164804]
 [-11.78484705  -7.65082226]
 [ 17.87365157  -0.34439723]
 [ -8.40293486  -8.49264961]
 [  7.88389415  16.98088103]
 [ -9.88546097  12.41618234]
 [  2.22084044  -4.84415958]
 [ -6.93241084  14.55042437]
 [  4.53705788  -9.82359151]
 [ -0.19671006 -10.82340932]
 [-13.86494229  -4.05060795]
 [-12.64027775 -13.16859216]
 [ 14.10690785  -9.37346031]
 [  5.03742239  -9.06041123]
 [ 11.95331042  -3.34346712]
 [ 13.73617337   3.64366112]
 [ -2.62834584 -14.34386567]
 [-13.43518643   4.20781903]
 [ -9.43319211  -6.32878153]
 [ -5.4545639   16.68977439]
 [ 16.06569076  -9.56675765]
 [ 17.08020654 -13.92674099]
 [ -2.03301892  17.51094327]
 [ 16.10621496  -0.87048705]
 [ -9.31018973 -11.57528626]
 [ 17.15931288  -4.99692107]
 [ -2.25676611  -6.40433894]
 [  7.26237317  -8.00037976]
 [ -6.37486507  13.13416475]
 [  3.16822494 -10.89066565]
 [ -9.0346674    9.44433084]
 [ 10.58198452  -3.46802304]
 [ 16.08824087   0.25520369]
 [-10.91869106 -13.75371913]
 [-13.90196435   6.74328048]
 [  1.63534893   8.165093  ]
 [ -6.95998165   9.69574422]
 [ -5.7265543  -10.88781315]
 [ 12.24095132  -2.65269446]
 [-13.77450672  -3.77008578]
 [  8.62487979  16.20656605]
 [ 10.26361248  -7.67982554]
 [ 17.70118313  17.60987915]
 [-13.12472849  11.86704618]
 [ 17.51230705  -8.85984862]
 [ -9.60340006 -11.08492494]
 [ -7.80933321 -12.49893228]
 [-12.42839106   5.66683127]
 [ -4.08719789  -8.46390758]
 [ -7.62644519  17.07509585]
 [ 15.84975164  -7.81909558]
 [ 11.75948094   3.36649774]
 [ -8.29284812 -13.63210769]
 [  5.17011645   7.87664603]
 [-10.32367454  15.98171995]
 [-13.533527    -1.25178039]
 [ 15.85332222  -0.20930831]
 [ -1.34682398 -12.877026  ]
 [-10.3928959   16.95357214]
 [ -9.14550155  14.93347136]
 [ -3.54426032  -2.02889829]
 [ -8.67085071   3.81334429]
 [ -5.08094439  13.95555547]
 [-13.17441233   1.82507203]
 [ 15.61404536  -1.84665557]
 [ -1.07114843  -5.24927466]
 [ -6.98853583  -1.80879984]
 [ -4.06569332  13.00356407]
 [ 17.11045012  -9.82249523]
 [ -6.64889412   5.83638465]
 [  0.81805508   7.46050022]
 [ -1.96225957   5.98120527]
 [ 14.92838201  10.76873222]
 [  8.71929373  -5.9028157 ]
 [ -7.56073689  15.09016298]
 [  6.13557505  17.64518389]
 [ 13.97700559  14.85232652]
 [ -9.29204387  -0.60903233]
 [  2.61518922  17.30142083]
 [ -7.19741653  -4.11124264]
 [ -7.74396055 -13.484003  ]
 [-11.57701056 -10.54681838]
 [  6.34020717   7.41064224]
 [ 12.60541916  -1.61885175]
 [ 16.37147677   0.70519171]
 [  4.86478675  15.59965122]
 [ -4.51922201  -6.10970898]
 [  6.9515998   -1.3923888 ]
 [-12.18952907   4.95426378]
 [ 11.01379487  -5.27545901]
 [  6.01481345  13.14501407]
 [ 16.07675726  15.38363797]
 [ -5.40331364  -7.63305961]
 [-13.43365464  -9.29512644]
 [ 12.21119353  -0.78098637]
 [  9.01014055  -7.94858758]
 [ -8.53315203   6.09746469]
 [  0.65193969  13.10127606]
 [ -2.73215465  -3.73866836]
 [-10.99138718  -3.79003788]
 [ -2.68148613  -1.18156434]
 [ 16.76040667  12.07120762]
 [ 15.66572658   0.56247581]
 [ 17.42678473  14.06751085]
 [  6.22059707  16.15438463]
 [ -3.25646099  13.29319721]
 [ -5.38276233  -4.55041662]
 [  6.30882601   9.09075243]
 [  4.52857942  -7.61464669]
 [ -6.23808846  13.58698782]
 [ 17.34394743  11.66251346]
 [ -6.11042207  15.52554772]
 [ -7.98254507   5.74712769]
 [ 14.49949865  -3.47957619]
 [  8.97866188  -6.69354587]
 [  3.11522789  14.11578613]
 [ 14.25773054  -6.7314928 ]
 [ -9.99864787  -8.07560268]
 [  6.66390517  17.63344978]
 [ -6.16509682   7.65176173]
 [  8.75176596   8.34555753]
 [ -3.95920045   2.41997329]
 [-12.62458168  10.98708519]
 [  8.13021967  -3.70761976]
 [-11.55428058  -7.54480934]
 [  3.51124188  10.10655164]
 [  8.53246038  13.16221876]
 [ 10.62526862   3.62031001]
 [ -2.72997102   5.65261481]
 [ 14.8535356   14.86089199]
 [ -0.91978121 -11.2928657 ]
 [  4.64208935  -6.97859169]
 [ 10.08403675  15.61191297]
 [ -9.93138846  -5.51115147]
 [ 11.84732451   1.61043263]
 [ 12.74318651  -1.09322672]
 [ -7.96497983 -10.55403678]
 [-12.9742172   -0.25538494]
 [  5.63266111  -2.16051351]
 [-11.40513162   5.43597318]
 [ -6.43321964 -10.28171166]
 [  4.19924402   7.26953552]
 [ -1.22200847  14.97441233]
 [-11.73061385   4.12432496]
 [  9.89872837  -2.25092248]
 [  4.5742105   -8.96062415]
 [ 12.50618872  14.92193681]
 [ -1.12306626   2.4389654 ]
 [ -9.28661541  -5.55333968]
 [ 17.79639372  -8.78355143]
 [  8.26088273  14.681122  ]
 [  0.94340773  14.43646571]
 [ -6.95417996   8.95474587]
 [ 14.01636919  -0.89093183]
 [ -3.69452394 -11.97781809]
 [ -2.30858882  -6.52888781]
 [ 15.86806245  -3.36680398]
 [ -2.18313999  12.42857172]
 [-11.04854213  17.63978642]
 [ -8.02044104  11.53287123]
 [-13.09031222  -6.99179331]
 [-10.81655745   7.46885572]
 [ 10.9706383   -3.36035881]
 [ -3.08003994 -13.16664689]
 [ -2.74319086   1.23427812]
 [  7.29517224 -14.86876152]
 [ -0.96274835  15.2062329 ]
 [  5.2600557   -5.65403107]
 [ 10.26075789  -0.75095937]
 [  5.14670281 -10.61641803]
 [ -1.99023574  12.27240111]
 [ -2.15886909   1.10292696]
 [-11.80539714  13.06670376]
 [ -4.06742735  -9.03886583]
 [ 15.78704912   0.59563015]
 [ -7.58212909  11.42597053]
 [ -4.52909409  -7.27522872]
 [-12.05037265  -9.65972126]
 [ 10.348378     6.51364692]
 [ -6.84916664   3.85328369]
 [-10.39303477   6.77891753]
 [ -0.40632446   2.04100541]
 [  4.49139871   5.90318525]
 [ -1.91457265   7.27834253]
 [  5.19875274 -11.01977563]
 [ -2.40289597 -13.20136152]
 [-13.97140303   6.71430609]
 [ -8.65578533   7.64363076]
 [ -5.05535828  14.38609591]
 [ 13.65287302   2.77558218]
 [ 12.52199489   0.55097579]
 [ 12.8316078   14.48639447]
 [ -9.39795008  -5.91209837]
 [ -7.14324158  12.70180903]
 [ -7.1589395   14.82792731]
 [ -3.36498447  17.9390639 ]
 [  8.36382973  13.1888582 ]
 [ 16.8097568  -10.15436866]
 [ -3.97172636   1.60374706]
 [  0.31332122  15.86535595]
 [ 11.65436653  12.86271522]]
