[[  8.18120023  -3.42217499]
 [ -3.12625986   4.80094475]
 [-10.71558797  -5.59166397]
 [-15.50814762  -9.86772618]
 [ -6.23164346 -15.61969192]
 [  8.53430308   8.71620514]
 [-14.72890207 -12.64890345]
 [ -1.65182168 -16.28130424]
 [-10.75675781 -11.19478519]
 [ -9.15005479  -7.67036027]
 [  1.3602738   -7.87436021]
 [-11.07311763  -2.6849478 ]
 [ -9.21329371   2.94522425]
 [ -2.11085869   2.5229242 ]
 [ -4.43201356 -14.57415907]
 [  3.72056854 -10.42395913]
 [  5.68217785 -16.39046018]
 [ -2.05359762  -8.43825092]
 [ -8.14412022   0.26067112]
 [-13.30394248 -16.92980987]
 [ -1.85326323  -7.96150101]
 [-12.62132011  -2.53120712]
 [  7.60088278 -14.50369725]
 [-10.36272184  -7.1949413 ]
 [ -5.35405465  -3.44091693]
 [-16.49975797   4.37266083]
 [-10.64395849 -14.4622084 ]
 [ -3.65142953   6.76930338]
 [ -1.41141655  -0.85744922]
 [-10.88772149 -15.25377683]
 [  8.59190622   6.41717316]
 [ -8.44084687  -2.23365256]
 [  0.93685476   4.43682311]
 [-13.08420323   4.84086485]
 [ -3.47596177 -10.45885142]
 [ -4.4957146  -13.55984927]
 [-14.24229257  -0.26107864]
 [ -6.19181732  -5.76490185]
 [-15.61940814  -2.1586129 ]
 [ -0.8705629  -14.62289338]
 [  2.66461636  -6.68980007]
 [  2.31273311   7.00426393]
 [ -9.3322773  -15.23730995]
 [  7.24847921  -9.90456424]
 [ -5.54244177   4.14137989]
 [-16.78708055  -6.62604284]
 [  6.02065888  -3.40264587]
 [ -8.57679476   2.24997293]
 [  5.6396157  -10.12235136]
 [ -0.89172891  -7.62431087]
 [ -8.69692124   8.21778867]
 [  4.79030085   5.45347366]
 [ -5.60623576   3.77245178]
 [-16.06041603   4.77445737]
 [ -3.72494121  -0.03427358]
 [-10.75355229   6.36836347]
 [  2.1865225  -16.67036371]
 [ -0.35558865 -10.04885045]
 [  5.86422842   8.67735616]
 [-15.77459531  -2.25747886]
 [-16.69345941 -10.22690088]
 [ -1.33452284  -8.82096486]
 [-12.60414523  -3.49420513]
 [ -2.29406088  -2.93344866]
 [ -2.87062368  -4.82678981]
 [ -1.67777435 -11.05624741]
 [  5.07726312 -10.7321368 ]
 [ -2.82837092   7.93002521]
 [ -9.17871913  -7.4362969 ]
 [  1.33040649  -8.63858301]
 [  4.88894147   7.7441157 ]
 [ -0.94531657  -3.61727755]
 [  0.08211642  -1.48784546]
 [ -9.24725319   5.55521147]
 [  8.82851806  -2.84235154]
 [-12.36333311  -3.6785128 ]
 [ -4.28636592 -11.21454187]
 [  3.86902742 -12.45928314]
 [-13.79231595   2.25703067]
 [ -4.43130024   8.24727481]
 [-13.4595508   -5.61923669]
 [-13.5906883   -1.05730543]
 [-13.49561192   8.85614569]
 [-10.32035358 -15.12310219]
 [-13.96294173  -7.53538517]
 [ -3.18035579 -12.25849556]
 [ -2.17432984  -1.65833689]
 [  2.96166025 -11.80219133]
 [  3.44546119  -9.21920225]
 [-12.22589571   1.46699424]
 [ -8.79354872   6.82031441]
 [  2.85240683 -15.71765942]
 [  8.89765031 -12.92690064]
 [ -0.60454436 -15.31467442]
 [ -8.82742919   0.24841389]
 [  3.66707779  -4.90515974]
 [ -0.45736188  -9.9605543 ]
 [ -6.33864087  -2.05022235]
 [-15.24541344  -5.16312428]
 [-15.10563418   0.26055335]
 [ -9.1607111   -0.73885374]
 [ -0.54748123 -16.7394752 ]
 [-14.32503208   0.75876328]
 [  7.21572352  -8.5322353 ]
 [  6.3471548    5.37857173]
 [-15.30033915 -13.15105604]
 [ -4.57380739   5.40140269]
 [ -8.4899099    0.62569584]
 [  6.17683379   8.79213475]
 [  1.74719589   6.94878434]
 [  3.14384918   8.96654472]
 [ -8.16940049   8.84530446]
 [ -8.7511438    2.45582757]
 [ -1.28833645   4.15750051]
 [  1.07243832   8.46018353]
 [ -5.49615065  -8.39916817]
 [ -0.8303804   -4.51815345]
 [-15.43667551  -4.64909396]
 [ -8.51040643 -16.9842072 ]
 [ -2.74036252  -0.84130218]
 [  8.27697729 -14.45869915]
 [ -6.94064649  -8.9531007 ]
 [-13.19850613  -1.37253393]
 [-16.57741721 -10.86818302]
 [ -2.07225401 -11.6632193 ]
 [-10.0685321    7.65498626]
 [  2.59034957   6.70911659]
 [ -5.91862524   6.4978266 ]
 [ -5.40534059   8.39794072]
 [  8.78221716 -13.59631211]
 [ -4.43805164  -3.28395335]
 [ -5.24157838  -9.66690431]
 [-15.45691231 -12.05954472]
 [ -5.76385253  -7.6630884 ]
 [-14.4180165   -2.20872772]
 [ -0.64324568 -11.64820374]
 [ -7.43049156   8.85344313]
 [  7.76390819  -5.45694621]
 [-15.97792853   3.20066422]
 [ -6.22154085  -8.05758932]
 [ -6.75674134  -5.79552948]
 [-16.56797304 -16.12349099]
 [  4.93359188 -11.650499  ]
 [ -6.63895937  -6.40060996]
 [ -0.98544563 -14.66696947]
 [  5.83660733  -3.06461749]
 [  3.87043311  -8.10711846]
 [-12.96058828  -4.81364913]
 [ -6.54014436   4.47992865]
 [-13.2550687  -12.33806161]
 [-14.3578177    6.59855729]
 [-14.23530266  -5.98159511]
 [ -9.23765005   7.593588  ]
 [-14.96310222 -10.89148284]
 [  2.61112507 -10.04661872]
 [-16.9078774  -13.52656976]
 [-15.43972768  -6.46899562]
 [ -1.18530796   4.94363001]
 [ -3.62189099 -11.4702333 ]
 [  1.48541058 -15.28159723]
 [ -3.60000459  -8.25346925]
 [-10.74947425 -15.46234965]
 [ -6.5640566  -16.58979551]
 [  5.23821186  -6.75026755]
 [-15.96897993   3.63185276]
 [-15.34831305   4.79114388]
 [-12.48955356  -1.1240292 ]
 [ -2.91081782 -11.31064618]
 [ -5.0263136   -0.91974375]
 [ -0.65039344   5.74454653]
 [  7.74047568 -10.68512863]
 [ -8.5683277   -9.47705308]
 [  5.62532271  -2.88562844]
 [ -4.64942173  -7.64657311]
 [ -9.01472767  -0.31841892]
 [-10.83742762  -9.07541777]
 [  0.02005523  -7.92277517]
 [  2.71874465   4.46720261]
 [  7.03367081  -1.53102446]
 [ -6.81034145   2.46665252]
 [-16.28751929  -4.16706561]
 [  2.47140454   6.68182959]
 [ -8.49784805  -3.73013626]
 [ -3.88667574   0.83022034]
 [-10.88259634   4.18922862]
 [  4.95427596 -15.85194816]
 [  3.65071401  -5.49868499]
 [ -6.00324617 -11.58463976]
 [-10.26278736 -16.71403814]
 [-14.52937183  -7.22102798]
 [  4.14464638  -8.00577425]
 [ -2.14188173   6.99075259]
 [  1.00841237   4.22718205]
 [  5.72290412 -15.49041887]
 [  8.24109431  -6.2540684 ]
 [  2.12346399 -14.3775629 ]
 [ -7.17779937  -9.08254949]
 [ -6.67462359  -4.12054181]
 [-16.19045364   8.74329817]
 [  6.237714   -12.03908304]
 [ -2.02632177 -16.04338051]
 [ -2.42512431  -3.72154468]
 [  7.95649252   6.76668716]
 [  4.16706887 -14.32339715]
 [-13.89885805   0.26995735]
 [ -0.16459205 -16.67260768]
 [ -3.40552074   0.20974738]
 [ -7.65969393  -0.6128534 ]
 [-13.40150847   8.86566325]
 [ -1.21443617   6.95552004]
 [-12.52403052  -7.92568929]
 [-10.82596511   6.90912165]
 [-16.57067917   7.62463266]
 [ -9.00010977   0.56139944]
 [  3.67245211 -14.95637346]
 [-12.09749056  -4.52799561]
 [ -9.92124407   7.66110425]
 [-13.22610772   2.05937775]
 [ -4.18026884  -1.16711064]
 [ -9.85480848 -14.36731939]
 [ -0.70125545 -15.83129436]
 [  7.44499898  -4.87859341]
 [-15.61047457   1.32827558]
 [ -0.74917343  -3.83054373]
 [  7.48845216   8.21472158]
 [ -9.76263613 -16.7682186 ]
 [  7.10156969 -10.28282881]
 [ -1.9395623   -3.51484205]
 [ -2.81669815   3.93248021]
 [ -7.97651122   2.47907571]
 [-15.18887418   6.46643005]
 [-10.457388    -9.30349176]
 [-13.03835574   8.35093602]
 [ -9.084341   -10.5768656 ]
 [-13.22832801 -10.14990441]
 [ -2.29548591   7.31437972]
 [-15.25332561 -13.34098324]
 [-12.14704193 -16.67582829]
 [ -5.75958608 -10.67503366]
 [-14.6185739   -4.78821095]
 [  7.54612348 -11.22886829]
 [ -7.05058278 -11.38809721]
 [  4.2793847   -6.80841852]
 [  8.841246   -10.66723467]
 [-14.0670888    6.80034118]
 [  5.57380158  -5.90556124]
 [ -0.9301667   -7.69014366]
 [ -9.84273513 -10.85448556]
 [-16.07079983  -7.09401826]
 [ -0.50736354  -3.42565837]
 [  7.24574258  -6.09226445]
 [ -5.96920587  -6.06511843]
 [  5.19062764   6.33998841]
 [-16.07110679   7.80905692]
 [-14.65338022   6.35218782]
 [ -9.8145783   -9.59795448]
 [  4.9357664   -6.32910859]
 [  7.81614902  -7.94809433]
 [ -0.05582335  -9.88900057]
 [-12.20477822   5.54104323]
 [-10.51328026 -11.68474016]
 [ -3.08530764  -4.97015429]
 [  5.28527271 -15.1404392 ]
 [ -6.14559    -15.99768257]
 [ -5.80794736 -12.08960381]
 [ -8.67509434  -3.16982341]
 [-10.68060128  -3.20108646]
 [ -4.99368541  -8.57804415]
 [ -5.7113088   -4.18599465]
 [-14.37769282   4.67197637]
 [  8.00649631 -11.1807224 ]
 [-13.84481935 -12.48927617]
 [ -2.91818363 -14.95187638]
 [ -8.10753652  -4.30110595]]
