[[3.14573275e+02 8.10530664e+01]
 [1.31290285e+02 6.60757222e+01]
 [5.84362126e+02 3.59163051e+02]
 [1.35149865e+03 6.41633400e+02]
 [1.13123262e+03 5.51321510e+02]
 [5.95226245e+02 2.63014789e+01]
 [1.50774126e+03 7.00713370e+02]
 [1.07123753e+03 4.97140642e+02]
 [9.64124216e+02 5.10546484e+02]
 [5.70231717e+02 3.60762080e+02]
 [2.55423574e+02 1.78996758e+02]
 [5.19291515e+02 3.17403533e+02]
 [3.74236507e+02 2.06239821e+02]
 [4.32834837e+01 5.67002159e+01]
 [9.28195428e+02 4.72110583e+02]
 [4.90006217e+02 2.39535460e+02]
 [1.20373732e+03 4.58017153e+02]
 [3.01685367e+02 2.30339827e+02]
 [2.65578575e+02 1.95229135e+02]
 [1.85445339e+03 8.15950871e+02]
 [2.67280332e+02 2.14967725e+02]
 [6.62818923e+02 3.67230003e+02]
 [1.07252261e+03 3.87158798e+02]
 [6.36612737e+02 3.84729816e+02]
 [1.62023242e+02 1.78455526e+02]
 [1.16544870e+03 4.62633147e+02]
 [1.28979730e+03 6.23510993e+02]
 [2.36625623e+02 7.79776673e+01]
 [1.09092633e+01 7.54159735e+01]
 [1.40488075e+03 6.62635170e+02]
 [4.60003856e+02 1.49101701e+01]
 [3.04948399e+02 2.32982094e+02]
 [8.22523844e+01 1.68263175e+01]
 [7.78521386e+02 3.27063730e+02]
 [4.85879533e+02 3.10818015e+02]
 [8.16323848e+02 4.34636601e+02]
 [8.11644239e+02 3.97944772e+02]
 [2.86290780e+02 2.41139887e+02]
 [9.94502081e+02 4.76405731e+02]
 [8.58347562e+02 4.19521453e+02]
 [2.07414421e+02 1.42105442e+02]
 [2.17633790e+02 1.12384773e+01]
 [1.27706806e+03 6.14962887e+02]
 [6.02563374e+02 2.27201694e+02]
 [1.91478753e+02 1.11880307e+02]
 [1.30284207e+03 6.09841751e+02]
 [1.91305329e+02 7.16462021e+01]
 [3.14495146e+02 1.91892005e+02]
 [5.37069050e+02 2.29094619e+02]
 [2.35701187e+02 1.94085695e+02]
 [5.72673959e+02 1.97959815e+02]
 [2.10749429e+02 2.49612093e-01]
 [1.82645087e+02 1.13999112e+02]
 [1.12292962e+03 4.43591993e+02]
 [5.55054467e+01 1.01468510e+02]
 [6.24779761e+02 2.50046828e+02]
 [1.13072763e+03 4.77520319e+02]
 [4.04423355e+02 2.55150230e+02]
 [4.38742740e+02 1.42698391e+01]
 [1.01573627e+03 4.84254809e+02]
 [1.53304435e+03 7.02464691e+02]
 [3.18361489e+02 2.31145249e+02]
 [6.84295786e+02 3.82057450e+02]
 [5.54713454e+01 1.16142932e+02]
 [1.26153521e+02 1.58512515e+02]
 [5.00222134e+02 3.02395751e+02]
 [5.63829444e+02 2.47506098e+02]
 [2.83539927e+02 6.98684389e+01]
 [5.58189585e+02 3.55697557e+02]
 [3.05580391e+02 1.99476863e+02]
 [3.35492307e+02 7.54250500e+00]
 [5.59132811e+01 1.09604261e+02]
 [8.88170888e+00 6.62777177e+01]
 [4.65488264e+02 2.03292483e+02]
 [3.44086774e+02 7.61600282e+01]
 [6.65533848e+02 3.76801921e+02]
 [5.76555528e+02 3.49147960e+02]
 [6.80812438e+02 3.06105667e+02]
 [7.81288667e+02 3.60675019e+02]
 [3.50615854e+02 9.94942179e+01]
 [8.50941315e+02 4.53523204e+02]
 [7.43298813e+02 3.82304640e+02]
 [1.04225143e+03 3.56957520e+02]
 [1.34087167e+03 6.39652475e+02]
 [1.00698309e+03 5.16729040e+02]
 [6.41541505e+02 3.64773890e+02]
 [2.99111659e+01 9.58044587e+01]
 [5.92252607e+02 2.86468462e+02]
 [3.87459572e+02 2.04602304e+02]
 [6.06498392e+02 3.09213613e+02]
 [4.95372751e+02 1.93575531e+02]
 [1.02072417e+03 4.33833568e+02]
 [9.85091765e+02 3.36565444e+02]
 [9.39618906e+02 4.44096914e+02]
 [3.11940862e+02 2.13775369e+02]
 [1.50032207e+02 9.98888712e+01]
 [3.97687287e+02 2.53600984e+02]
 [1.77527119e+02 1.78270412e+02]
 [1.03632193e+03 5.13165860e+02]
 [9.12992288e+02 4.26698880e+02]
 [3.37858131e+02 2.33460181e+02]
 [1.12203906e+03 5.03379330e+02]
 [8.23129063e+02 3.91444954e+02]
 [4.99462821e+02 1.88030823e+02]
 [2.76861631e+02 1.95814261e+00]
 [1.62820261e+03 7.41564605e+02]
 [2.00379460e+02 9.18189121e+01]
 [2.89880262e+02 2.01112206e+02]
 [4.61819636e+02 1.57652237e+01]
 [2.05353189e+02 1.43784950e+01]
 [3.61130848e+02 1.91787729e+01]
 [5.79914061e+02 1.88219476e+02]
 [3.30454427e+02 1.95566769e+02]
 [7.57784853e+01 4.02529806e+01]
 [2.90899317e+02 2.73986108e+01]
 [4.03014792e+02 2.89706886e+02]
 [8.44129689e+01 1.24588581e+02]
 [1.03962010e+03 5.10762720e+02]
 [1.44356125e+03 6.65836448e+02]
 [3.28695043e+01 9.40340231e+01]
 [1.11024934e+03 3.89379553e+02]
 [5.13322343e+02 3.37268058e+02]
 [7.04337654e+02 3.71794814e+02]
 [1.57171265e+03 7.17384166e+02]
 [5.61299685e+02 3.27679654e+02]
 [6.39896613e+02 2.34109612e+02]
 [2.06888625e+02 8.72749474e+00]
 [3.09007501e+02 1.21459862e+02]
 [3.98972461e+02 1.19817114e+02]
 [1.04794816e+03 3.60127991e+02]
 [1.21922608e+02 1.57700702e+02]
 [4.83692731e+02 3.20008010e+02]
 [1.53739503e+03 7.09513328e+02]
 [3.67779679e+02 2.76214329e+02]
 [8.51030712e+02 4.29025120e+02]
 [5.44377662e+02 3.09008910e+02]
 [5.34382641e+02 1.69366144e+02]
 [3.60226129e+02 1.16986913e+02]
 [1.06215381e+03 4.43311095e+02]
 [4.14529265e+02 2.96423618e+02]
 [3.16966862e+02 2.54764424e+02]
 [2.13785877e+03 9.11379332e+02]
 [6.40297823e+02 2.77243527e+02]
 [3.40174358e+02 2.65439283e+02]
 [8.64364386e+02 4.22615247e+02]
 [1.73831462e+02 6.57379671e+01]
 [3.22822488e+02 1.73072476e+02]
 [7.64592266e+02 4.18890441e+02]
 [2.51372996e+02 1.33445406e+02]
 [1.31169844e+03 6.33855914e+02]
 [9.98751550e+02 3.77280492e+02]
 [9.53693287e+02 4.90592299e+02]
 [5.71987028e+02 2.09437378e+02]
 [1.37007531e+03 6.51064677e+02]
 [4.31010087e+02 2.32107458e+02]
 [1.87537763e+03 8.23188879e+02]
 [1.12093238e+03 5.49320328e+02]
 [1.03377731e+02 3.82612122e+01]
 [5.78737385e+02 3.45605589e+02]
 [9.42934634e+02 4.23695525e+02]
 [3.24319151e+02 2.49614526e+02]
 [1.41854181e+03 6.66753692e+02]
 [1.27323262e+03 5.99846675e+02]
 [2.92019902e+02 1.38125532e+02]
 [1.07279470e+03 4.41569946e+02]
 [1.03410309e+03 4.14097465e+02]
 [6.29009559e+02 3.43388217e+02]
 [5.45614310e+02 3.28618217e+02]
 [1.04439028e+02 1.35570330e+02]
 [1.33691306e+02 3.24812956e+01]
 [6.96347750e+02 2.53533467e+02]
 [6.52923099e+02 3.93684582e+02]
 [1.59884428e+02 6.25741643e+01]
 [3.20348811e+02 2.53047151e+02]
 [3.25466823e+02 2.24698172e+02]
 [7.99252180e+02 4.48941499e+02]
 [2.51083074e+02 1.91797968e+02]
 [1.09389886e+02 5.48799905e+00]
 [2.07266244e+02 4.67900975e+01]
 [2.09860501e+02 1.45902015e+02]
 [1.13059088e+03 5.37193570e+02]
 [2.03018748e+02 9.22234577e+00]
 [3.44509352e+02 2.58407181e+02]
 [6.31820566e+01 9.63600681e+01]
 [5.43922158e+02 2.52914217e+02]
 [1.10331644e+03 4.34805833e+02]
 [1.74252998e+02 1.12042959e+02]
 [6.80971371e+02 3.96121702e+02]
 [1.53873550e+03 7.04452130e+02]
 [1.05298356e+03 5.30749889e+02]
 [3.25082060e+02 1.69881794e+02]
 [2.13833116e+02 5.49695706e+01]
 [7.55438545e+01 1.65300194e+01]
 [1.09081883e+03 4.20379856e+02]
 [4.28116028e+02 1.37158748e+02]
 [8.44893657e+02 3.83764403e+02]
 [5.36054036e+02 3.46616998e+02]
 [2.46117859e+02 2.19481119e+02]
 [1.35430421e+03 4.63047607e+02]
 [7.35394385e+02 2.91862287e+02]
 [1.04598415e+03 4.92193061e+02]
 [7.89244910e+01 1.31197813e+02]
 [4.36375313e+02 1.18620315e+01]
 [8.90096675e+02 3.74087452e+02]
 [7.73004528e+02 3.79540139e+02]
 [1.11201175e+03 4.96374935e+02]
 [4.65662618e+01 9.35992990e+01]
 [2.36186002e+02 1.91771974e+02]
 [1.03280166e+03 3.53558866e+02]
 [1.99416457e+02 4.24432755e+01]
 [8.78671565e+02 4.74165089e+02]
 [6.59749930e+02 2.54105917e+02]
 [1.33088973e+03 4.72182897e+02]
 [3.25268581e+02 2.15704249e+02]
 [9.48720047e+02 4.00019225e+02]
 [6.67408089e+02 3.83106884e+02]
 [6.28494409e+02 2.29725001e+02]
 [7.16683849e+02 3.40838262e+02]
 [7.53471793e+01 1.22310590e+02]
 [1.21414847e+03 5.95758395e+02]
 [1.00448656e+03 4.66447138e+02]
 [3.16914734e+02 1.03564628e+02]
 [9.81804930e+02 4.38273222e+02]
 [6.09373043e+01 1.11031498e+02]
 [4.94234265e+02 1.65268290e+01]
 [1.50592888e+03 6.91790766e+02]
 [6.24675442e+02 2.37981452e+02]
 [6.44640664e+01 1.20660060e+02]
 [9.35927563e+01 6.22403684e+01]
 [2.79082191e+02 1.74744903e+02]
 [1.09006647e+03 4.09741058e+02]
 [7.83647691e+02 4.43520720e+02]
 [9.58947411e+02 3.36611050e+02]
 [7.77581349e+02 4.41007403e+02]
 [1.11203689e+03 5.61791546e+02]
 [2.35077625e+02 5.85804682e+01]
 [1.64258310e+03 7.46588865e+02]
 [1.70253551e+03 7.63862579e+02]
 [5.88516702e+02 3.61475373e+02]
 [9.46518668e+02 4.80697516e+02]
 [7.32125850e+02 2.69858911e+02]
 [7.17597902e+02 4.13786275e+02]
 [2.58670785e+02 1.39958034e+02]
 [7.67830106e+02 2.60217413e+02]
 [9.76510510e+02 3.66795104e+02]
 [2.63771670e+02 1.19260514e+02]
 [2.40014079e+02 1.96206623e+02]
 [8.58797167e+02 4.71671499e+02]
 [1.23438281e+03 5.90243883e+02]
 [4.79702120e+01 1.01322772e+02]
 [3.58465887e+02 1.28081690e+02]
 [2.89668321e+02 2.42760323e+02]
 [2.68552273e+02 1.83190784e+00]
 [1.27704737e+03 4.51882342e+02]
 [1.02028737e+03 3.88083766e+02]
 [7.53786710e+02 4.32572005e+02]
 [2.57677622e+02 1.28352827e+02]
 [4.97057556e+02 1.75583842e+02]
 [3.91181794e+02 2.47243688e+02]
 [7.18639085e+02 2.96297121e+02]
 [9.88248858e+02 5.19042419e+02]
 [1.36886228e+02 1.64776176e+02]
 [1.02866803e+03 4.05718672e+02]
 [1.17477650e+03 5.65126850e+02]
 [7.19563091e+02 4.08866285e+02]
 [3.41220169e+02 2.53754220e+02]
 [4.97288793e+02 3.13139075e+02]
 [3.94078942e+02 2.84237031e+02]
 [2.00566398e+02 1.99114634e+02]
 [9.14181656e+02 3.75602579e+02]
 [7.56450146e+02 2.70854798e+02]
 [1.39064417e+03 6.61001997e+02]
 [9.28297612e+02 4.60775003e+02]
 [3.36926644e+02 2.58318086e+02]]
