[[ 4.47726183 -4.02205961]
 [ 4.5515577  -3.26149391]
 [ 2.46418531 -3.49404825]
 [ 3.93266268 -4.84582537]
 [ 6.77682857  3.74016018]
 [ 3.38189958 -4.02455975]
 [ 7.3797114   1.52467629]
 [ 3.78892483  0.13776531]
 [ 1.49286916  3.02327868]
 [ 0.761927   -0.59658063]
 [ 7.25545987 -0.23630045]
 [ 4.37204903 -1.24411953]
 [ 7.43017744  3.91964284]
 [ 6.27833216  0.46047785]
 [ 4.00483986 -2.23619438]
 [ 3.85304944 -3.10866178]
 [ 1.94932118  3.33333482]
 [ 5.37198911  0.63767787]
 [ 2.17695067 -3.87626086]
 [ 1.5041052  -0.85570472]
 [ 6.78989272  1.97508355]
 [ 6.24777452 -0.1677167 ]
 [ 4.62620047 -0.43686484]
 [ 0.98645968 -0.99859332]
 [ 1.84274742 -1.33145423]
 [ 8.91901387  2.17238734]]
