[[144.89134784  81.67081479]
 [125.41608027  68.45338217]
 [ 73.12232967  78.5792119 ]
 [155.79143693  98.07948611]
 [239.65681431   4.74431614]
 [110.53730356  84.06092759]
 [227.13911253  17.74090126]
 [ 57.49972248  25.10802924]
 [ 45.47548933  16.20739388]
 [  3.74576479  49.28297757]
 [210.79014328  32.50594163]
 [ 82.65058453  39.38335106]
 [282.28454693   7.07293396]
 [158.51797819  22.24139444]
 [ 84.15723037  53.35285285]
 [ 98.03907208  67.06589145]
 [ 59.64389631  12.08441408]
 [117.05960034  19.16823023]
 [ 79.05804992  86.75761436]
 [ 11.97825202  46.51055823]
 [200.01439296  12.35383547]
 [156.25126159  28.26223717]
 [ 86.37032655  29.69922536]
 [  7.88116533  52.09162775]
 [ 20.67395372  50.05555646]
 [337.07230061  23.35406307]]
