[[ 137.71776421   44.29240328]
 [1179.18271377  129.45990684]
 [ 676.64472052   67.90218774]
 [  68.6949759    69.76601485]
 [  10.4180091    73.72282767]
 [ 100.73810308  117.63470649]
 [ 976.61792206  492.88597261]
 [ 825.74509807  457.59002188]
 [ 608.32656504  371.27901085]
 [1155.0318955   501.11891596]
 [ 633.7668385   190.41531736]
 [1160.07792002  202.88369692]
 [1625.53549884  736.9724035 ]
 [ 717.67784183  395.07042312]
 [1335.14585352  455.36954006]
 [ 560.62545183   90.71533207]
 [ 515.17425158   58.97709492]
 [ 575.48861069   54.90393432]
 [1097.12448681  118.96273933]
 [ 758.25359723  434.23425639]
 [1229.05069042  570.32191299]
 [  28.45252464   82.93307775]
 [ 244.00486875   55.05769392]
 [  41.11319923   89.18376908]
 [ 963.53630802  162.00243338]
 [ 686.68353314  298.93736992]
 [ 570.40174171   50.25251106]
 [ 405.50613338  122.55318215]
 [ 807.35135251  125.7332254 ]
 [ 161.03478576  175.45033785]
 [  40.49248658   80.30852145]
 [ 531.54638598   24.1062678 ]
 [   3.50722015   64.11916734]
 [ 952.56940137   70.46065824]
 [ 183.44400236  108.16019878]
 [ 374.91832068   10.33302936]
 [ 102.03054568   30.27371189]
 [ 818.40281022  282.74156395]
 [1020.5558067   480.3968994 ]
 [  30.26639834   95.23579229]
 [1176.69534654  575.1821205 ]
 [ 328.2593504   101.55064609]
 [ 729.27179438  188.20397446]
 [ 562.52064139  338.72605205]
 [ 922.91334475  495.3072158 ]
 [ 816.16653569  287.71880014]
 [ 553.76098344  332.11500153]
 [  54.09734019  115.35875671]
 [ 158.98999073  171.18427742]
 [ 953.06449573   70.21777362]
 [1212.36113272  264.55454089]
 [ 736.87502107  216.6472342 ]
 [ 524.69391042  328.95761269]
 [  79.66782911   65.30967373]
 [1364.93372553  639.75238583]
 [ 145.25413809   49.34293828]
 [ 994.48178273  143.28364154]
 [ 231.88953227    5.35457318]
 [ 523.86855091  278.96153282]
 [1922.41013805  557.3453732 ]
 [1104.69127688  521.9126906 ]
 [1747.55108192  778.89926679]
 [ 949.01071672  101.41815583]
 [ 411.3408905    90.69999855]
 [1416.98812776  657.91299593]
 [1474.8534557   681.26185128]
 [ 853.38437212  102.77452626]
 [ 843.93305042   67.15575024]
 [1088.42553432  271.16943025]
 [1891.50694518  533.85063641]
 [ 529.0021672   221.57564518]
 [1419.54313221  449.68829403]
 [ 482.00488414  265.95225206]
 [1948.20673021  552.1935332 ]
 [ 171.2798278   183.84541552]
 [ 856.60693863  470.53695441]
 [ 794.17919502  311.98226617]
 [1130.25159721  562.87306017]
 [ 463.22958237  311.56871543]
 [ 619.97232736  187.14667372]
 [1306.28938888  130.74807594]
 [ 473.60324687  274.57220631]
 [ 715.80380259  274.32472005]
 [ 151.81907814  134.0596557 ]
 [ 970.97219129  134.9808659 ]
 [1281.34060309  481.02241279]
 [1240.76346002  475.0705606 ]
 [ 473.18763951  172.02385237]
 [1415.19499151  420.81644027]
 [ 388.33656239  237.75221291]
 [1083.93325848  265.36730602]
 [  34.83139055   82.59529377]
 [ 161.99401742   79.9659447 ]
 [ 811.17168332   65.93671178]
 [ 310.20899291  203.24155759]
 [1393.75567373  659.95514379]
 [ 734.56095154   68.26839812]
 [1935.29605524  223.87274199]
 [ 973.84056367  374.8677491 ]
 [ 710.47076643   48.36247201]
 [ 173.0198633    65.20809943]
 [1051.82144131  222.52980313]
 [1140.49711079  450.81297003]
 [1164.70751601  580.22045734]
 [1111.8410667   122.46665812]
 [ 280.17645395  194.85174467]
 [ 872.35469411  264.94006793]
 [1138.95203797  366.47739071]
 [ 224.16895153  211.04869013]
 [ 603.42737625  371.32003571]
 [  96.28438212   38.06249175]
 [1204.46756952  318.27943787]
 [1550.58211087  164.08013064]
 [1165.61524665  282.83621373]
 [ 499.48104453   18.02998878]
 [ 962.22497038  273.34319821]
 [ 766.04485185  436.00551006]
 [1044.55505605  480.29079357]
 [1680.20941798  447.94330496]
 [1066.77167837  241.63013879]
 [ 611.9440665    91.28836255]
 [  73.88155868  100.06734119]
 [1118.30605312  142.53193515]
 [1463.66033856  396.29017187]
 [ 763.22189019  336.85000821]
 [ 920.28963234  382.12681858]
 [ 264.92899106  135.99012578]
 [ 820.23153784   76.1419201 ]
 [ 402.34853252    8.76225106]
 [ 989.55731779  517.81756118]
 [ 939.73648305  499.17032181]
 [1053.3430824   218.33478611]
 [1042.8963732   524.03288084]
 [1365.96944149  419.59026533]
 [ 579.13697334   27.3550412 ]
 [ 592.32329759  367.18750945]
 [1018.31169435  483.77275042]
 [ 217.22597006  204.77445726]
 [ 604.0122292   216.73321423]
 [ 296.65330739  170.23379508]
 [ 586.95226323  169.37806661]
 [ 791.78287826   57.16595118]
 [ 340.79488435  237.52112467]
 [ 848.69008544  347.01785416]
 [ 910.97452742  436.7081923 ]
 [1072.57034975   87.64750571]
 [ 881.36509461  320.74160759]
 [ 981.82359173  243.04404623]
 [ 170.95834776   54.05482804]
 [1310.35598717  144.21085895]
 [ 290.20930009  129.48758847]
 [1295.82147993  337.69507774]
 [ 553.55702051  292.88282206]
 [1087.31493264  552.29863858]
 [ 808.54773994  451.45487104]
 [1007.67650206  124.30929951]
 [ 353.58795151   33.5576499 ]
 [ 908.99553942  160.14591263]
 [1117.35057092  127.72542541]
 [ 483.90545857   78.20372682]
 [1352.95535085  289.98429076]
 [ 695.34858032  188.75299616]
 [1908.63970975  834.53453451]
 [ 104.60598542  127.94542329]
 [ 714.20782886   91.66088095]
 [ 623.92058046  313.85835121]
 [1002.29872912   93.79860441]
 [1322.70134752  627.99509593]
 [  77.88481865   18.65932781]
 [ 970.55592884  133.82418502]
 [1330.41509681  480.57244211]
 [1123.01118791  461.14003531]
 [ 359.04676742    5.81584719]
 [1122.64311093   94.30133373]
 [1303.57079408  391.98131261]
 [1275.7258593   396.28282715]
 [ 137.88185587  124.97151061]
 [  72.18546307   53.50569652]
 [1172.56214494  582.13910815]
 [1299.48279979  622.94614728]
 [ 889.31879067  193.24484958]
 [ 680.54053124   35.77866359]
 [1617.0097287   455.41175309]
 [2061.5847593   885.86115968]
 [1493.33976372  687.59187403]
 [ 524.2417582   336.16824994]
 [ 125.71422017  148.28362145]
 [1532.17014449  165.27157777]
 [1035.35201996  428.03936877]
 [1440.46034274  144.84704282]
 [ 811.05405461  364.42819636]
 [ 715.43065207  233.88950152]
 [ 613.94626246   28.35737835]
 [1104.87150822  558.26614696]
 [ 588.76517135   65.36071196]
 [ 985.39513498  352.96469347]
 [1369.6636601   641.39273208]
 [ 627.22435008   29.7189378 ]
 [  69.56666152   53.55030762]
 [1891.6416018   829.95417428]
 [ 676.03928346   39.72750816]
 [2163.46977397  584.01879673]
 [ 757.57472362  411.31159848]
 [  95.93631786  142.23677681]
 [ 115.13194781  102.42896388]
 [ 585.91681057  130.58010335]
 [ 847.14223924  375.59823555]
 [ 793.94265479  443.6653791 ]
 [1213.83583145  577.76454308]
 [ 281.03796278  179.08213472]
 [ 665.45243635   92.58458478]
 [ 538.44254724   35.91242301]
 [ 349.76617332  130.17661415]
 [1608.74726065  733.38183633]
 [ 954.44301144   91.59310307]
 [1973.50763196  229.25493587]
 [ 358.02722669  180.32590215]
 [ 730.17039014  175.37408217]
 [1732.27435182  436.37427962]
 [ 337.80694104   51.97647391]
 [ 119.72442554   48.7368216 ]
 [ 979.82467635  174.31901037]
 [ 840.27110564  227.25854971]
 [ 967.44812174  217.69243539]
 [ 824.3139033   420.26642105]
 [ 826.03893005  148.99898987]
 [ 300.25691545   84.49060973]
 [  22.28857848   37.33999335]
 [1740.8997438   497.31313364]
 [ 517.86093452  206.24201627]
 [ 117.86178177  124.6452206 ]
 [ 816.81538355  116.68411426]
 [1037.80335534  325.05813246]
 [2124.2610132   589.57759167]
 [ 155.26403513   51.78007993]
 [ 681.07881022  400.03127554]
 [1079.27743306   99.44729554]
 [ 323.52460965   54.27607301]
 [ 945.60927991  241.06606843]
 [ 949.65359785  425.79720823]
 [ 702.17332115  285.21475387]
 [1561.3608211   168.73874944]
 [1829.41128132  547.08429604]
 [ 560.12315459  354.71328116]
 [ 820.68517719  456.60239007]
 [ 391.88951545   35.43378238]
 [ 942.12630675  481.84330474]
 [ 665.84611539  245.44309278]
 [ 405.33625896  194.18465156]
 [1145.32063434  100.75895383]
 [ 502.61465966  282.11630281]
 [ 846.87368188  428.63244046]
 [ 396.82255529  262.16918069]
 [ 493.28089493  277.9698312 ]
 [ 176.99132165   35.03296467]
 [1188.79752021  349.52528016]
 [1367.31887394  425.43785591]
 [1463.02542862  149.75342256]
 [  87.3047638   109.20542169]
 [ 245.25981168  179.80189766]
 [1058.1443585   524.00151115]
 [ 181.26736297  165.54561542]
 [ 659.15597876  366.87778009]
 [ 397.69663858  232.32313216]
 [ 582.1904295   346.75994035]
 [ 290.78583389  133.98342208]
 [1839.61580331  483.07370859]
 [ 977.37572173  401.40300524]
 [ 842.10415508   59.28282452]
 [1336.18645168  482.39464232]
 [1142.44394742  134.38170075]
 [ 663.5091002   155.45248987]
 [  65.1411478    30.44816629]
 [ 717.27404701  222.89825128]
 [1068.36964823  545.14455237]
 [1606.74908121  487.33509509]
 [ 229.78065227  213.58251145]
 [ 264.51546836  193.51091013]
 [ 668.16556764   40.40073101]
 [ 271.8512771   234.54281014]
 [ 745.16120381  228.16514008]
 [1348.24431226  461.52619257]
 [ 478.75754503  182.82682114]
 [1122.00721859  486.09153054]
 [1592.27695111  495.40578584]
 [1273.02771343  609.68636459]
 [ 800.3663338    53.30775004]]
