[[ -1.62457566   5.63827943]
 [  5.15661007  16.37696709]
 [  2.33013172  12.79576751]
 [ -3.05708213   2.79785504]
 [ -1.48868869  -0.62314385]
 [  0.72129445  -4.96631252]
 [-14.7679021   -5.10524711]
 [ -8.62204742 -11.49332732]
 [ -6.3452891  -10.57444786]
 [-16.976732     0.7406378 ]
 [ -7.95353656   9.75617578]
 [ -3.04241195  16.75599026]
 [-16.55274392 -11.50610895]
 [-12.87701509  -3.68808117]
 [  8.83385908 -15.99216674]
 [ -1.76270049  11.70680358]
 [ 11.33000091   0.65164589]
 [  2.08470224  11.81211959]
 [  4.63107524  15.90076299]
 [ -9.93315036  -9.53393535]
 [ -4.31689569 -16.98902835]
 [  0.08373591  -2.66573057]
 [ -1.9647997    7.55915202]
 [ -3.19179415   0.30124723]
 [ -2.43937679  15.32754116]
 [-12.2841418    4.55749313]
 [ 11.66084081   2.57395162]
 [ -5.53101307   8.41334819]
 [ -1.51544617  14.12590744]
 [ -2.8505722   -5.66859194]
 [ -3.01997507   1.00143509]
 [  6.090959     9.78707387]
 [ -0.66357438  -0.66066185]
 [ 10.10441963  11.66374958]
 [  4.13396888  -5.36388869]
 [  5.1276892    8.21196588]
 [ -0.50209617   5.02548862]
 [-11.4230593    8.60897316]
 [-15.88898364  -1.63681114]
 [ -2.36913401  -1.39778526]
 [-15.24836637  -7.85246202]
 [ -4.69559488   7.74701403]
 [ -7.08375055  11.49514796]
 [ -3.46981081 -11.33977836]
 [-10.22503014 -11.23285782]
 [  8.27533032 -11.64304694]
 [ -2.98683007 -11.3806455 ]
 [ -2.37923731  -2.80420485]
 [ -5.88674287  -2.2569351 ]
 [ 11.42237355  10.38246148]
 [ 15.91367953  -7.0601053 ]
 [ -8.67848844  10.43564055]
 [-10.70377495  -4.07463856]
 [ -2.91692211   3.37765047]
 [ -8.39946801 -16.45242744]
 [ -1.99070251   5.68776213]
 [ 15.76599116  -0.23231075]
 [  3.49989256   6.76188843]
 [  1.54049105 -11.33993056]
 [-16.78101835  14.10673448]
 [-16.29092826  -3.28305888]
 [-12.30555841 -16.89559122]
 [ 14.97416969   3.60928264]
 [  9.56939582  -3.35587341]
 [-16.71535261  -8.65124379]
 [-16.59548023  -9.65936851]
 [ 14.52588366   1.53127302]
 [ 13.09267977   6.29007147]
 [ 13.92958718  -8.83589184]
 [ 14.81806464 -15.91545465]
 [  5.92418915  -9.85669949]
 [ 10.89093416 -15.37118526]
 [-10.89410056   1.34899745]
 [ 14.82984598 -16.34403104]
 [ -5.38547507  -3.71707079]
 [-11.0865419   -9.55198008]
 [-12.61706361   6.27331687]
 [ -8.57025353 -14.46076256]
 [ -9.47616834  -5.09996364]
 [ -7.86555064   9.65019145]
 [ 15.78581551   8.79661162]
 [-10.87808437   0.26094491]
 [-11.45174504   6.9143681 ]
 [ -6.00162544   1.39113682]
 [  0.19725356  15.57896463]
 [  5.84713067 -16.91585687]
 [-16.79396538   5.30599582]
 [  7.50219823  -7.87489248]
 [ 12.42222238 -14.12399161]
 [  0.75718444  -9.82399167]
 [ 14.08384455  -8.52224369]
 [  0.51659193  -2.90533654]
 [ -3.94236689   4.99562285]
 [ 13.09891925   5.58670166]
 [ -8.72955851   1.16062758]
 [-11.27508394 -14.87653859]
 [  3.42601979  13.11116418]
 [ 14.17940971  16.81571747]
 [  6.1844757  -14.32523652]
 [  6.05110141  11.87442055]
 [  5.83640648  -3.03171984]
 [ -6.01607127  15.05862699]
 [  4.66077745 -16.22964668]
 [-13.60561734 -10.29874049]
 [ 16.05491186   4.49444899]
 [ -8.32640408   0.84564096]
 [ 10.59867314 -10.28381258]
 [-13.41281085  10.23887272]
 [ -4.57561422  -5.925031  ]
 [-10.19174364  -6.85457552]
 [ -1.16503755   4.76589793]
 [-10.51800804  13.80175349]
 [ 16.27205043  11.08448928]
 [ 14.63848225  -8.78172245]
 [  6.87353389   8.81049335]
 [-10.07266379  11.79396823]
 [-10.81353416  -8.63589555]
 [-16.14124379  -0.77395916]
 [-13.34460469  15.55550964]
 [ 14.67378037  -7.16750229]
 [ 12.31556569  -1.14580029]
 [  1.01616407  -4.17585922]
 [ 16.58576685   2.11869097]
 [ 14.47178674 -12.50929547]
 [-13.30759886   3.7031453 ]
 [-14.53661936   4.33117831]
 [  4.68133793  -6.65712573]
 [  4.20220923  13.6893872 ]
 [  7.17969538   7.00279283]
 [ -9.53038799 -12.51243518]
 [-12.36232082  -9.06129929]
 [ -5.69528072  15.19537917]
 [ -6.58984745 -14.7410313 ]
 [-14.39614036  11.58634986]
 [  6.85133598   9.89158423]
 [-10.0514968   -6.8591717 ]
 [-15.81627085  -2.10321183]
 [ -3.63822084  -6.40857563]
 [ -9.44000044   7.86698475]
 [ -7.94049452   3.3334477 ]
 [ -7.08762592   9.82362584]
 [ 12.36397686   6.71399997]
 [ -1.06338347  -9.16885689]
 [  5.14333054 -13.62786382]
 [ -0.82801123 -15.06844482]
 [ 12.64338583  10.40612235]
 [  7.66920077 -12.70923417]
 [ 13.3844415   -8.14325633]
 [ -2.26439481   6.1328707 ]
 [ 16.92543715   6.41237664]
 [  5.66621594  -6.35974229]
 [-10.78423362  14.41026284]
 [-11.69749564   1.24813895]
 [ -9.75617433 -13.29081621]
 [ -8.64325989 -11.28853372]
 [  2.01780691  15.74317569]
 [  1.15292337   9.33101043]
 [ -3.05224591  14.76254313]
 [ 16.24908766   3.91213407]
 [ 10.88132975  -1.60406596]
 [ 16.95367951  -7.12822481]
 [ -7.40228363  10.91069852]
 [-16.91213277 -13.82532793]
 [ -5.11342791  -0.06596478]
 [ 13.35823647   0.33087116]
 [-12.38646379   1.59864318]
 [ 14.62791513   6.04969266]
 [-15.89019147  -8.84178444]
 [  0.72924483   4.35194286]
 [ 15.57383501   0.30764471]
 [  7.03082632 -16.82769311]
 [  3.37378312 -16.41250695]
 [  6.86198185   6.53260262]
 [ 11.00193179  12.63401261]
 [ 11.93524121 -13.54410262]
 [-13.92127235  11.18613611]
 [ -5.64919292   1.59908826]
 [ -2.18751714   3.64158407]
 [-13.89144209 -10.0084151 ]
 [-15.33324007  -9.47430466]
 [ -5.81964197  13.72812678]
 [  8.90270911   9.53293781]
 [ 14.15902576 -14.27495785]
 [-15.04672268 -16.9997743 ]
 [-16.68964888  -9.73604443]
 [-10.07576499  -5.43501605]
 [ -1.21196057  -5.47354607]
 [  9.88596991  16.89112593]
 [-15.65009346   3.72995708]
 [ 15.298029    11.22877529]
 [-13.96233035   2.79586208]
 [  9.20174257  -9.70492642]
 [  8.49626284   9.01665588]
 [ -9.73347272 -13.47135427]
 [  1.10086503  12.08219306]
 [  7.90051332 -13.5621043 ]
 [ -8.41965744 -16.47802426]
 [  8.91264358   8.7960714 ]
 [ -2.17444127   3.55857704]
 [-14.47725863 -16.22711875]
 [  6.92707334  11.00115793]
 [ 16.78373587 -16.09887119]
 [ -4.03438138 -13.15741037]
 [ -4.00082106  -2.82444867]
 [ -4.78697122   2.42237353]
 [ 11.19323789  -4.60332796]
 [  2.88313242 -14.2644    ]
 [-11.76024252  -7.75772902]
 [-16.30909807  -6.12146045]
 [  2.20469006  -8.08695446]
 [ -0.51023394  12.88808638]
 [  3.96685339  10.90296799]
 [  6.96542971  -6.23893679]
 [-15.90821197 -12.21129014]
 [ 14.56951477   5.13225021]
 [ 15.78928861  15.62290861]
 [  4.32990914  -8.41181868]
 [ -6.25753282  11.97438435]
 [ 16.86342485 -12.19399402]
 [  9.14575926  -0.89823313]
 [ -1.98046156   5.09989004]
 [ 15.31058492  -3.24686905]
 [ 11.75692192  -8.47599925]
 [ -6.64421039  14.06116989]
 [ -2.239051   -14.17974353]
 [ 13.99867269  -3.24759842]
 [  7.80938749  -3.75202558]
 [ -0.4866213    2.30983643]
 [ 14.13489663 -15.3437164 ]
 [ -9.2723205    6.59464223]
 [  0.84418583  -5.36216334]
 [ -0.52825082  14.28022398]
 [-12.14330666  10.5825773 ]
 [ 15.86399563 -16.71522946]
 [  5.84915236  -2.14555947]
 [-11.07357463  -6.90258267]
 [  7.3443598   14.69284647]
 [  8.90664351  -1.24613557]
 [ -8.36628296  12.89990812]
 [-15.33533584   1.49695496]
 [-11.86444772   5.89730536]
 [ 10.30109039  16.8590552 ]
 [-16.97756891  13.00442134]
 [ -6.74597612  -9.72227313]
 [ -8.99943946 -11.14367012]
 [  1.46473687   9.78912278]
 [ -5.18740621 -14.4437666 ]
 [-10.45634953   7.55819313]
 [ -8.93050403   4.64544535]
 [  9.67366166  13.88345881]
 [  0.54978044 -11.19604423]
 [-14.36304967  -2.32835233]
 [ -1.44093157  -9.85542262]
 [  0.62253978 -11.08750053]
 [  6.61559135  -0.69410478]
 [ 12.0732975  -12.30588751]
 [-14.64540174  11.284588  ]
 [ 15.74642463  10.85386883]
 [  0.85502052  -4.59294359]
 [ -7.77536119   0.92666672]
 [-15.22496949  -5.72157267]
 [ -0.29768417  -6.7251933 ]
 [-12.56095021  -2.64792833]
 [  1.55868887  -9.84858612]
 [-11.51167721  -3.60955608]
 [ -6.56682603   5.43812967]
 [-13.76319976  16.44622398]
 [  4.3175091  -15.02341658]
 [ 12.06614205   8.05817938]
 [-16.86907371   7.03427077]
 [ 16.50913283   3.61379578]
 [ 11.6125576   -5.57007908]
 [ -0.42893109   4.01264315]
 [  9.78442713  -9.14240108]
 [-13.28057381  -9.52464022]
 [-15.84179082  12.27700834]
 [ -4.55870986  -6.05502498]
 [  0.38465878  -8.12286309]
 [  6.48344022  11.18062587]
 [ -5.89360578  -5.76439331]
 [ -9.23636115  10.04887724]
 [-16.15981095   8.7132995 ]
 [ -8.36486841   7.05112492]
 [  1.14970714 -16.70867972]
 [ 11.54118277 -16.27483757]
 [ -8.40977378 -15.73316984]
 [ 11.63810773   8.04027561]]
