[[3.47479304e+01 3.35549196e+01]
 [8.84493587e+01 6.79374457e+00]
 [1.76065350e+02 8.35430943e+01]
 [2.34302175e+01 5.59345254e+01]
 [1.28759002e+02 9.29187890e+01]
 [4.67598109e+01 4.66774691e+01]
 [5.48599586e+00 3.78201771e+01]
 [1.62339750e+02 2.77988567e+00]
 [1.35821495e+02 1.37306501e+01]
 [2.70418147e+01 7.46399137e+01]
 [1.36878100e+02 1.87048006e+01]
 [2.04844419e+02 1.67768037e-02]
 [1.25340311e+02 7.39304594e+01]
 [3.33300513e+01 5.43176607e+01]
 [1.33040541e+02 5.69044978e+01]
 [2.22928001e+01 3.43741387e+01]
 [6.68579059e+01 7.02542405e+01]
 [4.50292453e+01 1.50486227e+01]
 [6.96107362e+01 1.36438600e+01]
 [1.28472860e+02 4.20405412e+00]
 [1.38408458e+02 1.30064429e+01]
 [1.70272083e+02 1.08557414e+00]
 [8.54813157e+01 1.93413471e+01]
 [8.02799529e+01 8.65218701e+00]
 [7.93801839e+01 5.22352481e+01]
 [1.74044546e+02 1.02430423e+00]
 [7.99742444e+01 5.68820969e+01]
 [9.66246489e+01 2.28950446e+01]
 [4.49576747e+01 7.90729724e+01]
 [1.87215773e+02 3.74251928e+00]
 [1.24379243e+02 5.26494328e+00]
 [3.68351515e+01 5.89975041e+01]
 [6.59512674e+01 1.67807869e+01]
 [5.87857681e+01 2.33797212e+01]
 [6.61952803e+01 1.44953395e+01]
 [5.38859696e+01 6.57888442e+01]]
