[[ 2.91926361 -0.40605732]
 [ 2.64153191  3.8903276 ]
 [ 5.18563027 -4.13830596]
 [ 1.70751418 -1.71521127]
 [ 3.43936178 -4.51226562]
 [ 3.04878425 -1.54753588]
 [ 0.20148451  1.15364767]
 [ 5.39928725  3.38121794]
 [ 5.66736869  1.35510369]
 [ 0.71258827 -2.50053427]
 [ 5.80146675  0.75000569]
 [ 5.12915957  4.99027324]
 [ 4.31110238 -3.57064055]
 [ 2.23198824 -1.83050303]
 [ 5.17699403 -2.54143029]
 [ 2.34956522 -0.22965909]
 [ 2.70847769 -3.06245409]
 [ 1.771409    2.84945985]
 [ 3.90297788  1.47290453]
 [ 4.83515806  2.95625803]
 [ 5.69785034  1.46171683]
 [ 5.17530058  3.97294409]
 [ 4.58074874  0.62214945]
 [ 3.84846858  2.29331155]
 [ 3.90493373 -2.14395395]
 [ 5.23346631  4.01521692]
 [ 3.74863065 -2.43748423]
 [ 4.91014464  0.21596712]
 [ 1.30482413 -3.08817951]
 [ 5.97628699  3.3298554 ]
 [ 4.87407517  2.70891157]
 [ 2.15632334 -2.13519496]
 [ 3.92303587  1.04766713]
 [ 3.82098346  0.31068862]
 [ 3.82762217  1.37772589]
 [ 2.4768763  -2.70861149]]
