[[-16.19081517  -6.38091577]
 [ -7.29112705  -8.24726922]
 [ -2.20635853   0.40774913]
 [  6.12737456  -6.75212997]
 [  5.41636082  -2.0395627 ]
 [ -6.91401883 -15.89863751]
 [-17.06028915   6.03276036]
 [ -8.05256889   1.74332574]
 [-17.41323732   4.70591796]
 [  5.07722182  -7.37323313]
 [-12.13353668  -0.78403167]
 [-16.52952027   5.59890724]
 [-13.15493308 -17.69053335]
 [ -8.0050599    5.2945638 ]
 [-12.9573494    5.87720615]
 [  2.49219165  -7.14685424]
 [-13.33890034   3.58947949]
 [ -0.74146447  -8.43591476]
 [ -1.09171238 -15.01849453]
 [  2.37702412 -10.02199078]
 [ -7.91384366   2.04406502]
 [ -0.09800941 -10.45007428]
 [-15.55829518   2.18751916]
 [-11.46054067  -5.70365869]
 [ -9.6785176    5.82490303]
 [  5.89859191 -13.49968776]
 [ -5.30715519  -9.80159676]
 [ -0.30256181 -12.66793568]
 [-14.06098732  -7.92298456]
 [ -2.78279266  -6.80877085]
 [  6.09573106 -15.56382704]
 [-11.7159803    2.82001203]
 [ -8.62457341 -16.07870048]
 [  6.95902385 -13.05039968]
 [-15.59920887  -1.30058876]
 [ -8.75436663 -15.80353646]
 [-16.18214068   5.78591481]
 [  6.61219135   6.22149533]
 [  5.72182463  -1.50141339]
 [ -2.83289367  -4.51336709]
 [ -7.20008634   0.49487095]
 [-11.28388225 -15.67611939]
 [-14.82440051   6.52725629]
 [ -4.40934054   5.99338484]
 [ -5.80203317 -12.93015601]
 [-16.91467142 -11.19070576]
 [ -1.48953917  -2.53426478]
 [-12.0213487  -17.06473728]
 [-14.90233841   3.2262941 ]
 [-16.10631551  -6.38237407]
 [-10.63814582   5.39433916]
 [-12.62317243 -11.06115155]
 [-14.76343885   2.40403366]
 [ -9.10242046  -2.76039465]
 [ -3.13965587   4.44083358]
 [-16.22381253  -9.45258422]
 [ -7.38228584  -1.4314812 ]
 [-14.95044032 -12.58946137]
 [ -1.73709385  -1.32870334]
 [-16.61081545  -5.24807332]
 [-16.90424135 -11.58336644]
 [ -0.03570899  -9.10859675]
 [ -3.3274888   -4.62371281]
 [-15.91230539  -6.04897606]
 [  2.99032008 -16.37916781]
 [  5.30144197 -13.33332409]
 [ -3.30154109 -14.32772137]
 [ -9.87628753   5.48833099]
 [ -0.70033352   6.20566648]
 [-14.44262457   6.57607942]
 [ -2.85513662 -16.78118336]
 [ -6.20958947   1.9491726 ]
 [ -3.9309292   -9.23123395]
 [-12.49694214 -14.49985499]
 [  4.85773637  -6.96816576]
 [ -0.61979299  -8.7870955 ]
 [ -8.96870299 -11.90122514]
 [ -4.49008611   0.58755671]
 [ -4.64056233   6.94299827]
 [-11.62782206   6.23988775]
 [-13.97692076   2.99257585]
 [ -0.27359629 -12.31843826]
 [-14.44255052 -16.91681555]
 [-17.97309664  -1.09543107]
 [-14.3633215  -12.02296544]
 [ -7.51921118 -14.50083558]
 [ -1.87067903   0.61636742]
 [  6.24643723  -5.11577516]
 [  5.46295589  -6.69770034]
 [-11.18358458 -11.25013891]
 [-13.09981532  -5.54485192]
 [ -4.32918538  -6.49064085]
 [ -1.62034702 -17.35675678]
 [-14.53967706   3.83411018]
 [ -6.66181902 -11.11141498]
 [ -6.57513021   4.48529222]
 [-10.47785021 -10.87054256]
 [  1.71645492 -14.44013286]
 [ -3.02105862 -12.61892421]
 [ -0.36281034  -5.25071919]
 [-16.67548643 -17.40301189]
 [ -3.84288588   6.05286223]
 [ -9.85966484 -11.72728063]
 [-11.99470427 -13.30914197]
 [  0.22839068   1.81368297]
 [ -8.62882192  -9.47570483]
 [ -6.80304048   3.52511787]
 [ -6.37532207  -4.90884532]
 [-16.62356172 -17.06617157]
 [-15.41711216 -10.74886311]
 [ -9.11243193 -16.59591765]
 [-12.93533786 -15.76763142]
 [ -0.21018136  -0.79006435]
 [-16.31810121 -11.23914701]
 [  6.43321124 -15.69962824]
 [-17.20646086 -14.77240589]
 [-17.7130178    5.57850377]
 [-15.20313283   1.0753776 ]
 [-11.71911602 -17.52632648]
 [ -3.70976417 -14.97056471]
 [  6.19023575  -2.51412432]
 [-13.97780819   2.98426166]
 [-13.3917231   -3.99179955]
 [ -6.54399383 -12.20730768]
 [ -8.46823657  -5.00371458]
 [ -8.01634476  -3.32715395]
 [  2.1734188   -4.91819036]
 [  0.2045292   -4.83898608]
 [-14.5428468    5.410742  ]
 [  3.32598191  -5.73119002]
 [ -9.32505382  -6.26679669]
 [-13.53579096 -17.47433781]
 [-10.10510441  -5.60188565]
 [-16.22626124 -12.02287178]
 [ -5.2731759  -11.95763817]
 [-17.78594963  -2.202681  ]
 [  6.51069972  -3.33780628]
 [-12.77712441 -14.91082285]
 [  2.17704343   5.92814629]
 [-12.77995974   6.88183863]
 [-14.0383     -11.6356073 ]
 [-14.9592337   -2.31688174]
 [  5.44504522 -15.25913358]
 [  1.81387801  -7.86966301]
 [  5.25556188  -6.82099663]
 [ -0.84993444 -17.72747203]
 [ -4.9053177  -10.24005892]
 [  2.8464659  -11.12501632]
 [-17.76172356  -9.10636388]
 [ -9.03469587   2.23128254]
 [-14.36024235 -11.65182104]
 [  6.15056457  -5.11747807]
 [-12.06369256 -12.5712894 ]
 [  1.90372539  -8.56878352]
 [  3.32352056 -16.07559881]
 [  6.96820355  -0.96193676]
 [  4.03185548  -7.41125083]
 [ -6.02526073  -1.83401196]
 [-12.74786842 -12.81260199]
 [  5.14780612 -13.15480394]
 [-16.33538665 -12.80684961]
 [-10.76306589   0.14427294]
 [-16.52593524   2.65062863]
 [ -5.65007499   0.21113099]
 [  3.56633413  -8.13108386]
 [-11.74909525 -14.34319831]
 [  0.6362557   -2.78703902]
 [-12.09217323  -9.03693078]
 [ -7.07166707 -14.92862963]
 [-11.06726692  -5.35538051]
 [ -3.82992657 -14.28055848]
 [ -2.94212779 -14.13179446]
 [  6.78637348 -12.55611164]
 [-12.63136848 -10.91672538]
 [ -6.59366492  -6.78067161]
 [ -2.19306734 -11.34788376]
 [-12.5023563   -2.11137845]
 [  6.67492475  -8.08832808]
 [  1.16699817  -3.56690675]
 [  4.193568    -8.44383074]
 [ -8.83818523  -3.41063704]
 [  0.65887021  -8.06721226]
 [ -8.9754814   -4.65039832]
 [ -8.36674636 -16.50821817]
 [ -6.9744128    6.91648039]
 [-16.96930501 -14.13504466]
 [-13.93345187   4.52758321]
 [-13.46558752   6.47484169]
 [ -3.70642083   1.85118791]
 [ -4.31176387  -9.70795098]
 [ -3.11969464   4.32762005]
 [ -1.01024179 -15.0824443 ]
 [ -1.6888148  -14.90586071]
 [  3.40175571 -17.53547654]
 [ -0.5946521  -16.40695816]
 [ -2.65674612  -6.0665713 ]
 [ -2.63951898  -2.36297131]
 [ -0.28388291 -16.5523545 ]
 [ -3.24453577   3.88941532]
 [  3.22399446 -17.32149036]
 [ -6.08050744   3.34559285]
 [-17.0366352    6.86064851]
 [-15.45072086 -11.9343152 ]
 [ -6.84621144 -14.53881869]
 [-12.93833512 -14.23594877]
 [  6.62942139   6.24130184]
 [-14.04905981   5.94665964]
 [-16.1851027   -9.31274356]
 [  2.30677117 -16.87738803]
 [ -2.56635027  -6.79066088]
 [-13.878272    -9.71453708]
 [ -1.40104257 -11.76320176]
 [ -2.7831581    3.87412541]
 [ -4.98900025   3.31320132]
 [-11.26421355  -2.70870128]
 [  6.06378373  -7.39461413]
 [-15.54991314   1.45131015]
 [ -9.18864008  -5.16162267]
 [ -8.74647033 -11.73219364]
 [ -8.89301911  -1.59992259]
 [ -5.09876333   5.00113049]
 [-16.08541     -4.90317158]
 [ -9.24942381  -9.33676909]
 [-17.9059148  -15.93806322]
 [  4.27938155 -11.62373241]
 [-16.50306722  -6.65403908]
 [ -2.80861129 -15.51893899]
 [-13.75099975 -11.54960075]
 [  0.16126932 -12.78370324]
 [ -2.35023016 -16.2016635 ]
 [-12.77528543   3.21366391]
 [  2.01298487 -11.87597546]
 [-15.12933924  -4.28821847]
 [-11.23993714  -4.97002452]
 [-16.9532387    4.76234638]
 [  3.55268523 -11.73803998]
 [  1.61052563 -14.7852497 ]
 [-11.30845482  -0.06239511]
 [ -2.06183513  -9.50481908]
 [-14.11522898 -17.7929856 ]
 [ -9.59145    -10.99117667]
 [ -0.92190212 -12.74749789]
 [  2.26410028 -11.19478256]
 [ -9.52800974 -12.82782723]
 [-11.97073228 -17.2393585 ]
 [-12.13026205  -1.5799727 ]
 [ -0.93358198  -8.38135342]
 [ -0.40803676 -12.49793678]
 [ -5.0158468    5.00157908]
 [-12.98684581 -14.13429085]
 [ -4.87515364  -3.52008303]
 [ -5.1200699   -0.90627861]
 [-13.46127929   2.81648293]
 [-12.10068121  -4.33988538]
 [-16.37166433   5.26044406]
 [  6.57213054  -7.59989701]
 [ -6.66408431 -11.34998819]
 [-13.95928748  -8.18832039]
 [  2.97386477 -16.50577003]
 [ -3.67775005  -8.93299985]
 [ -9.18876917 -14.53557389]
 [ -0.88987494   6.85194347]
 [ -0.37259351   6.7735825 ]
 [-17.99474746  -5.03815641]]
