[[-18.91698716 -17.50626589]
 [ -2.89521754 -13.26758134]
 [ -3.72645123  -1.34096116]
 [-10.83820357  -8.80609278]
 [-17.88227357 -14.21494637]
 [ -9.39153746  -7.60069156]
 [-13.21809763  -1.19919395]
 [ -7.21594037 -13.17615308]
 [ -7.68440287  -1.9750082 ]
 [ -1.68056429  -7.34157656]
 [-17.87468258  -2.02123794]
 [ -8.42893605 -18.84059643]
 [ -8.74597195  -7.33773902]
 [ -3.26828862 -13.80400533]
 [-10.80994711 -18.34160915]
 [ -4.73901934  -7.93938674]
 [ -7.23457507 -15.28986984]
 [ -8.71292124 -12.40741375]
 [-17.0097113   -5.19633651]
 [-14.08047589  -4.04005516]
 [ -8.99074994 -16.09291601]
 [-15.69399331 -17.8962038 ]
 [-17.95168143  -6.4585767 ]
 [-15.26017683 -10.61353954]
 [-11.35810038  -3.31579314]
 [-11.91953734 -17.14687266]
 [ -2.8494427   -5.34617018]
 [-14.55177486 -14.277438  ]
 [-13.68304027 -11.93351928]
 [ -1.15614302 -17.25850197]
 [ -4.9575013  -15.06185818]
 [-15.63575752  -7.84031348]
 [-12.59083962  -4.00098543]
 [-18.14656937  -7.99880546]
 [-10.96402172  -8.27652803]
 [ -9.75598776  -1.24357465]
 [-15.70611433 -11.6571489 ]
 [ -1.22585073 -13.16455573]
 [-18.5162035   -1.06347562]
 [ -5.56206543  -4.87047657]
 [-16.8653255  -12.02409661]
 [-11.11629783 -18.95655042]
 [ -1.61241264 -10.00397686]
 [-15.29194677 -14.00015864]
 [-17.93450381 -10.95124798]
 [-15.63100813  -3.60071718]
 [ -9.54493774  -9.95817858]
 [-10.88485743  -7.1646592 ]
 [-13.40077582  -6.56308915]
 [ -9.42324868  -8.91555641]
 [ -6.41082179 -14.79794694]
 [ -2.62418505 -10.08242529]
 [-10.24666763  -8.54814463]
 [ -3.68998904 -13.58702278]
 [-11.41304217 -10.69329394]
 [ -4.84704248  -1.65039109]
 [-17.08856119 -12.61189441]
 [ -9.44694672  -7.85077689]
 [ -6.37083298  -5.05204022]
 [-14.05468591 -15.40126032]
 [-14.6247096   -7.9295542 ]
 [-16.36012963  -6.21628369]
 [ -7.4555532   -7.49481118]
 [-10.38578607  -6.23778367]
 [-13.1807709  -16.8556424 ]
 [ -7.85991941  -2.45813369]
 [ -4.01647568 -16.39075101]
 [ -4.35062002 -15.62294012]
 [ -0.77557889  -6.49158104]
 [-11.38593667  -8.34866194]
 [ -9.34736212 -14.21394645]
 [-13.89858286 -17.99760792]
 [ -4.20370375  -9.86848537]
 [ -7.11786632  -5.5881289 ]
 [-17.97102401  -9.12959509]
 [ -8.64828012  -9.43129021]
 [-18.0405637  -11.87771317]
 [-10.53907076  -3.37696172]
 [ -4.58069932  -5.56978282]
 [ -8.65627795 -15.82113476]
 [ -9.49539265  -8.26472261]
 [-13.252053   -16.66091324]
 [-16.62552677  -5.84142379]
 [-17.0784116  -13.23150593]
 [-14.50302617 -11.46313751]
 [-14.22429724 -15.39281504]
 [ -5.80326019 -17.15716659]
 [-13.72909864 -16.81521355]
 [-17.74273429 -16.07702277]
 [ -0.40293776 -14.08877993]
 [ -3.66970853 -18.94139575]
 [-10.08627501  -9.41009117]
 [ -8.89662872  -4.97440904]
 [-13.24212437  -8.62018759]
 [-13.50905912  -6.8035115 ]
 [ -9.35785578  -7.63698359]
 [-15.06036085  -8.84006142]
 [-18.0066351   -5.56754203]
 [-18.89052582 -10.71076125]
 [ -2.03594363  -7.05025718]
 [-17.96584862  -4.63627992]
 [-15.03537466  -6.19550468]
 [ -6.89422835 -13.38289956]
 [-16.61440813  -4.01429972]
 [ -1.86672373 -16.1502219 ]
 [ -9.46384395 -16.08096387]
 [-15.93285957  -2.73637265]
 [ -7.74760198  -1.61801054]
 [ -6.64341659  -2.64225897]
 [-11.37404842  -0.92601594]
 [ -3.05708599  -9.45009676]
 [-14.38766695  -9.41717857]
 [-10.2244597  -17.81529501]
 [ -1.22934436  -5.10445856]
 [-10.35219577  -2.82223395]
 [-11.44834709  -2.14816348]
 [ -3.65428697  -8.90738699]
 [ -3.27244831  -7.75973609]
 [ -6.40255045 -10.3942005 ]
 [ -6.79875672  -1.08072593]
 [ -3.84505599  -6.72512497]
 [-11.52678865 -17.97548567]
 [-18.51170883  -0.27976727]
 [-17.33670745  -8.19778586]
 [-15.37270759 -15.89029674]
 [-13.19790809  -0.51980519]
 [ -3.49312261 -11.77241043]
 [ -4.55735812  -8.33072889]
 [ -5.5905273  -18.08779244]
 [ -5.64748053  -6.02544983]
 [-11.27622576  -2.94440688]
 [ -9.74039912 -15.38013319]
 [ -2.91664623  -1.75707952]
 [ -6.55794938 -15.47729188]
 [ -9.37074222 -14.12298457]
 [ -0.4044997  -10.85741931]
 [ -7.57081821  -2.79891334]
 [-14.06902486  -5.36805597]
 [ -1.0662583   -3.72786557]
 [ -1.53644565 -18.85631372]
 [ -1.81447015 -13.29834535]
 [-10.82958839  -8.74888429]
 [ -4.47781322  -9.00738986]
 [-11.86278704  -1.85011473]
 [-18.90411052 -14.73555872]
 [-14.71169871  -3.50287853]
 [ -2.96052554 -13.34610415]
 [-17.64107484 -15.19754792]
 [ -5.41637993 -17.07098534]
 [-12.09199277 -17.83796345]
 [-13.79420103 -15.38825506]
 [ -6.2053155  -11.12196464]
 [-15.62853237 -15.68386441]
 [-18.00019032 -13.34099292]
 [-13.80907688 -10.50204271]
 [-17.8191696   -6.5903619 ]
 [ -7.69214942  -8.66980492]
 [-11.06817571  -0.11206826]
 [ -4.81600335 -11.02326642]
 [-10.62904602 -17.53107089]
 [ -7.67743743  -3.30546392]
 [-12.76717626 -16.52202136]
 [ -2.70022525 -15.62309841]
 [ -2.93491973 -14.76567704]
 [ -9.53168979 -12.45020791]
 [ -2.25660605  -6.03454513]
 [ -0.76937542  -4.0764884 ]
 [-14.12389331 -10.77511731]
 [-12.05783127  -9.38484878]
 [-15.63610171 -15.68724894]
 [-14.59970145  -4.08265465]
 [ -5.05444381 -15.7091362 ]
 [-13.36943616 -17.68180535]
 [ -7.61072454 -10.31736139]
 [-11.45916982  -3.4274662 ]
 [ -1.74528972  -5.71629288]
 [ -4.64209501 -13.41508075]
 [-10.70768069  -4.58246572]
 [-15.59069942 -11.67863292]
 [-10.28305218  -4.2883478 ]
 [-11.04968967  -8.23091053]
 [ -5.90514261 -17.03451772]
 [ -2.89992378 -18.21474628]
 [ -4.61592531 -10.41365703]
 [-16.04013204 -13.71910112]
 [ -3.99260402 -15.99915484]
 [-12.16824623 -18.39396651]
 [ -9.77301895  -7.45442739]
 [-13.25939551  -1.6911957 ]
 [ -7.39686343  -8.13728805]
 [ -6.60182306 -10.46361537]
 [ -1.04154887 -16.53000527]
 [-10.49571243  -8.49572057]
 [-18.22317961 -15.00309004]
 [-16.93763888  -5.1899328 ]
 [ -7.18384602  -2.11959544]
 [-14.60557624  -9.01033402]
 [-13.99743816  -3.92025281]
 [-17.26702598  -7.98532753]
 [-10.04103903 -11.39731127]
 [-10.42177536 -10.29257242]
 [ -7.8782149   -0.02859736]
 [ -8.61422344  -1.93915915]
 [ -4.90018509  -0.04098661]
 [ -5.5469464  -17.66564863]
 [ -9.07242744 -18.07515117]
 [-10.87008229 -11.72621292]
 [-12.96300398 -10.39870335]
 [-13.86143783 -12.14343104]
 [-12.4345197  -14.06764445]
 [ -2.58897196 -10.3219013 ]
 [-13.27991853 -18.99161186]
 [ -2.44236611  -7.98422501]
 [ -0.19535732  -6.83529946]
 [-17.27830939 -13.03098713]
 [-12.70250918  -4.6911123 ]
 [ -9.00654479 -17.3054013 ]
 [-17.58354395 -13.35549851]
 [-15.77213392  -8.90550179]
 [-16.61603225  -6.37299674]
 [-16.99701384 -13.42088897]
 [-11.27404483  -6.86277378]
 [ -2.23033101  -1.85260971]
 [-16.69069283  -5.47105257]
 [ -0.35621846  -1.0763026 ]
 [ -6.66633349 -10.96206704]
 [-15.04240316 -13.43899234]
 [ -8.20047569  -8.36918427]
 [-10.27064275  -5.22316243]
 [-11.69491992 -14.77644106]
 [-18.52428582 -10.49033206]
 [-17.75007981 -13.83063605]
 [-15.96818743 -10.01937919]
 [ -8.2329869   -1.99013872]
 [-18.70085952  -1.25662604]
 [-15.17993951  -7.79876176]
 [-11.36374372 -12.32894647]
 [ -6.81775426 -11.28443824]
 [-11.38695553 -15.48910349]
 [ -6.8813214   -2.68394125]
 [-10.73952467 -13.10812875]
 [-10.42340314 -16.24755222]
 [ -5.65063688  -4.74475245]
 [ -5.38760452 -10.72281266]
 [ -7.36525422  -3.12139324]
 [ -7.10710152 -11.81398645]
 [-17.29131741 -18.43049321]
 [ -0.7181026   -2.68390068]
 [-18.7789492  -15.33053159]
 [ -3.15270273 -16.3863077 ]
 [ -9.57349155 -15.19381699]
 [ -0.31930394  -4.86539326]
 [-10.05755688 -14.56897502]
 [-11.67169829  -7.2714284 ]
 [-15.04642492  -4.14300792]
 [ -9.43752125 -18.59249473]
 [ -2.74616511  -1.37567782]
 [-14.42832593  -7.10599864]
 [ -8.28566776  -8.89128258]
 [ -0.57687318 -17.74568438]
 [-18.59198212  -4.15426307]
 [-15.80330923 -12.10678794]
 [ -4.97981392 -10.44096171]
 [ -3.67231477  -6.92537957]
 [-18.0582801  -18.05457922]
 [ -9.9903918  -12.25064465]
 [ -1.21767775 -13.36167475]
 [-15.67006438  -0.89072437]
 [-11.1837549   -5.71957912]
 [ -8.27936486 -12.2792425 ]
 [-10.02810795 -15.84986713]
 [ -7.08692872  -5.89080275]
 [-18.17685539  -7.07395053]
 [-12.82956811 -17.42276797]
 [ -7.32404087  -0.84945159]
 [-11.88867201  -3.84608143]
 [-14.09489896 -17.4438598 ]
 [ -8.76755213 -13.7965149 ]
 [-14.15889115 -14.00571772]
 [ -1.40438178  -3.68599717]
 [ -1.65296657  -7.01044631]
 [-15.80114956  -7.2133611 ]
 [ -2.17270268  -4.20127404]
 [ -9.86102418 -14.29407783]
 [ -8.87111311  -7.38943354]
 [-16.34898294  -9.44076732]
 [ -2.52818591  -3.86611496]
 [ -1.04617146  -2.20101778]
 [ -1.2623421   -0.94707081]
 [-15.04893983 -18.25379656]
 [ -5.61240597 -10.70252988]
 [ -9.02046529  -4.44994723]
 [-15.94395913 -11.04135311]
 [-16.84904935  -6.9493127 ]
 [-16.72998357  -6.81382232]
 [ -0.66711763  -0.6874822 ]
 [-10.58814582 -16.88936657]
 [ -4.25777162 -14.60020301]
 [ -8.02172768  -5.57956389]
 [-11.56825923 -16.00824827]]
