[[2657.28699527 1078.55427937]
 [ 737.64399689  396.03898804]
 [  62.73846245  116.35873954]
 [ 780.05570707  441.45689031]
 [2087.36163304  892.81260763]
 [ 583.8859525   365.89377836]
 [ 704.62468406  370.32908683]
 [ 902.72322187  479.60174   ]
 [ 251.80281945  209.54481559]
 [ 226.89217102  196.9444513 ]
 [1294.35872075  572.54888542]
 [1704.06014619  748.71036126]
 [ 521.33775653  341.17154874]
 [ 804.92909448  421.95521311]
 [1813.07833042  794.78514517]
 [ 341.9686646   262.27622696]
 [1144.47678396  561.36364501]
 [ 919.43564978  491.06226232]
 [1265.32876602  588.39266959]
 [ 858.3273874   445.78715729]
 [1359.26212155  640.65218997]
 [2266.30214645  952.47750776]
 [1455.90431719  658.07866062]
 [1382.08087376  654.25738214]
 [ 560.00371357  336.73986362]
 [1744.3624501   776.75471255]
 [ 146.8034373   168.65698816]
 [1662.39754958  753.89151599]
 [1318.53789446  635.80006919]
 [1196.77022752  533.33900673]
 [1005.74556361  501.62998567]
 [1223.78971495  590.70813873]
 [ 698.14850687  390.45537719]
 [1573.11547458  704.73261695]
 [ 754.84275405  431.116186  ]
 [ 386.90310055  256.72139924]
 [1530.28459163  706.20378023]
 [ 699.23295078  368.71230234]
 [1375.92309026  589.77756377]
 [ 218.63245548  208.98353387]
 [1716.0724135   767.91232443]
 [1931.69152503  833.65136377]
 [ 410.71771007  268.84332251]
 [1719.39231221  772.76913218]
 [1766.30503611  780.43377686]
 [1029.17431787  499.6108326 ]
 [ 761.08462855  435.30232036]
 [ 679.24985117  400.30762912]
 [ 890.61972724  472.29358151]
 [ 673.13904719  401.67281271]
 [1040.31147842  522.16555687]
 [ 434.16658761  285.60775029]
 [ 712.25989704  416.01309693]
 [ 792.89282884  420.99332541]
 [ 978.41626785  515.66742811]
 [ 104.87044612  141.19194719]
 [1804.31521565  798.08335984]
 [ 603.51800021  373.85673613]
 [ 264.44249326  230.33935537]
 [1738.93206181  779.29247774]
 [1107.03984269  552.30259867]
 [1225.18409781  582.06015767]
 [ 447.02987256  311.26111194]
 [ 587.09798942  363.01019473]
 [1831.38160918  808.2095353 ]
 [ 271.28301724  221.00128527]
 [1139.15518171  538.86106226]
 [1052.01661073  512.73975412]
 [ 170.96858792  165.41374629]
 [ 797.35884017  446.68569615]
 [1157.63780898  575.02253793]
 [2068.33798577  886.04640428]
 [ 460.23251522  305.78002004]
 [ 327.56482208  258.95115769]
 [1625.22884186  727.31340147]
 [ 654.96793587  394.53768722]
 [1866.16803538  815.72477756]
 [ 489.90353228  311.63620796]
 [ 208.02114789  203.51010842]
 [1300.95781208  620.01358013]
 [ 633.87248579  386.06927407]
 [1812.81175483  802.33260111]
 [1242.12148866  585.19987774]
 [1866.97956727  819.84406707]
 [1366.96515878  651.40292651]
 [1757.07754808  785.44050989]
 [1312.18477728  607.65046211]
 [1884.95822515  826.68267822]
 [2293.10112524  961.47285193]
 [ 794.62431514  393.57325566]
 [1488.97293389  648.35427621]
 [ 761.1310377   435.24642123]
 [ 415.57899195  292.60512566]
 [ 998.64596725  518.28461137]
 [ 915.12978768  481.90815306]
 [ 583.57193246  365.8413768 ]
 [1219.8446195   593.96537758]
 [1420.94572688  640.97820294]
 [1886.28948931  817.58524302]
 [ 215.40477124  194.71320093]
 [1377.06723274  620.28809363]
 [1057.78707747  526.75556278]
 [ 906.52954023  479.4036641 ]
 [1168.61263895  548.44023826]
 [1057.25729904  494.48378103]
 [1392.64696456  653.60981928]
 [1045.37499789  498.0360717 ]
 [ 250.57317842  206.29941983]
 [ 204.46606574  193.97327203]
 [ 520.90593193  303.22712663]
 [ 394.6004145   273.72193119]
 [1182.75284981  583.73666763]
 [1687.69724947  752.32185946]
 [ 110.26713915  140.90481403]
 [ 460.53184738  296.87725912]
 [ 542.7170298   321.64436314]
 [ 370.78142515  268.3120959 ]
 [ 283.68968827  231.24426601]
 [ 596.12822538  366.99956588]
 [ 189.56424565  176.18588786]
 [ 240.04704545  215.7135709 ]
 [1823.93976718  801.00768505]
 [1371.0465343   580.67639462]
 [1471.0604732   673.1100514 ]
 [1955.28667648  851.45171242]
 [ 697.81990109  361.63210808]
 [ 603.16621171  353.44688332]
 [ 360.68222706  269.05142679]
 [1433.68892378  645.20542837]
 [ 272.80032817  234.92938569]
 [ 543.29119745  328.02912581]
 [1325.69548757  632.62919497]
 [  46.37661475  108.33141123]
 [1130.21305582  552.90567656]
 [1149.07801174  572.20677084]
 [ 472.18869634  280.6663642 ]
 [ 260.60481672  218.84851961]
 [ 907.01394212  471.12429388]
 [  60.13555382  112.97512712]
 [1431.68492938  611.84882608]
 [ 720.5531638   381.26644595]
 [ 775.29184404  439.60768781]
 [ 404.73553329  286.03591411]
 [ 576.59456396  331.27765876]
 [2298.00834187  960.89877791]
 [ 914.81694772  460.85000937]
 [ 747.53283003  399.94950445]
 [2168.69193594  920.55921149]
 [1283.02284828  595.62936479]
 [1857.63691621  813.7087912 ]
 [1708.31350271  768.90293652]
 [ 648.81615167  385.4768393 ]
 [1960.93850668  853.3585944 ]
 [2007.95577511  865.40077621]
 [1203.93402116  594.09470117]
 [1443.822701    655.05099026]
 [ 537.33872058  347.95422361]
 [ 490.06829143  284.31951257]
 [ 578.82516283  353.09898834]
 [1681.26026285  751.91623476]
 [ 279.47654868  229.69815064]
 [1743.91191761  778.86995558]
 [1005.48968158  484.60565705]
 [ 906.55588889  453.6449399 ]
 [ 983.44314862  515.67976411]
 [ 166.03202302  174.41951754]
 [  68.83878494  115.66833448]
 [1262.3500613   614.57762154]
 [ 933.86672642  497.89348212]
 [1962.30982281  853.81096211]
 [ 919.27740605  466.64291254]
 [1089.2974501   529.9601627 ]
 [1965.55225406  851.90047857]
 [ 657.48429604  393.65193328]
 [ 572.24038976  341.92645759]
 [ 142.88816187  160.33786646]
 [ 806.05375063  432.08519524]
 [ 542.61367126  338.55488188]
 [1517.84150174  702.15369889]
 [ 496.52435602  319.8450888 ]
 [ 759.37411923  432.64953173]
 [1300.18201273  604.4421065 ]
 [1360.74616009  601.33324065]
 [ 519.0040767   330.04684255]
 [1781.99828576  793.09190305]
 [1087.65536972  521.831431  ]
 [1945.61688098  842.02634765]
 [ 604.3215484   373.35485049]
 [ 714.68684828  378.17762417]
 [ 483.71618124  326.27056005]
 [ 612.28525735  373.72569865]
 [1097.30359258  500.04143947]
 [ 729.34898949  422.25157735]
 [2228.70794335  939.43968233]
 [1255.27605298  585.09473002]
 [ 224.40131373  199.13474298]
 [1178.03590539  580.66807889]
 [ 845.18662839  440.47356681]
 [1447.66256708  664.4391768 ]
 [ 922.88467599  495.104672  ]
 [ 858.2017951   471.69392662]
 [ 248.26835129  191.13521043]
 [ 311.86073492  233.49900968]
 [  96.05397524  123.42521081]
 [1371.37502311  624.96970603]
 [1636.08011761  730.49581549]
 [1022.65103337  531.6257104 ]
 [1104.69001354  559.78957662]
 [1358.40950452  649.65106483]
 [1410.06360213  667.53754202]
 [ 452.9776889   292.35315484]
 [2148.15022839  909.75286096]
 [ 278.8520051   223.97891252]
 [ 187.0379329   167.06605101]
 [1873.38640351  821.43956604]
 [ 733.44109665  407.29648901]
 [1522.37905265  693.71422407]
 [1950.20143389  846.94078313]
 [1312.27268188  624.84452755]
 [1266.83046124  596.59790523]
 [1876.07496146  823.19776852]
 [ 696.80700345  405.56993699]
 [  33.62615657   99.23594632]
 [1234.04657273  580.12909711]
 [   5.14127552   65.61052949]
 [ 658.42766412  390.89092135]
 [1627.52163179  741.69436295]
 [ 549.16418736  352.98764641]
 [ 531.07011275  337.70557995]
 [1420.4574495   669.8279722 ]
 [1812.78492744  793.34241067]
 [2025.40730755  872.15898551]
 [1421.48387603  665.24663516]
 [ 286.97090181  223.97398167]
 [1405.20502372  600.87611156]
 [1165.00499344  571.03826099]
 [1124.55037011  568.06449448]
 [ 695.28127786  404.84224444]
 [1478.30033335  688.33567361]
 [ 218.22449954  200.2087514 ]
 [1148.64171782  575.63696366]
 [1490.52114476  689.33983979]
 [ 217.76949145  208.39626607]
 [ 576.0199748   355.10916544]
 [ 255.96026162  218.85653993]
 [ 760.32467139  429.29204754]
 [2554.69095167 1045.89084417]
 [  30.87597692   91.73902711]
 [2350.69652799  978.76893993]
 [1113.80245755  523.84071863]
 [1290.01526025  620.17690042]
 [  95.09602647  125.62097869]
 [1253.63793376  609.6748024 ]
 [ 756.40884794  428.5334789 ]
 [ 974.23766983  485.45374583]
 [1738.99067006  765.04782729]
 [  37.73564901  100.65234149]
 [1034.68722339  524.01505158]
 [ 590.82878469  369.47669959]
 [1260.96838739  548.46767251]
 [1451.67880245  640.38215244]
 [1585.27558751  725.41986859]
 [ 535.2489128   338.01998457]
 [ 245.78711185  217.42372135]
 [2608.27724369 1063.1979041 ]
 [ 999.54489045  522.29658709]
 [ 720.06836524  375.81061635]
 [ 985.37723091  461.95219527]
 [ 631.15983626  376.82329931]
 [ 877.31071564  474.91375253]
 [1407.12494876  660.56098804]
 [ 339.70446314  264.70343053]
 [1521.75539232  682.94690732]
 [1872.60264596  820.67402225]
 [ 217.4525708   186.0980673 ]
 [ 624.53145865  363.48039915]
 [2011.81768567  868.34200902]
 [1068.85517509  542.85446409]
 [1586.53730939  728.28041601]
 [  62.23545329  116.46265285]
 [ 207.51462377  188.51278471]
 [1206.83562355  581.85401255]
 [  89.4853621   136.11110775]
 [1206.24183571  593.11147903]
 [ 533.20150358  345.90584242]
 [1425.66932287  664.3148333 ]
 [  85.35427573  135.28157772]
 [  23.75581596   88.4108464 ]
 [   9.96180274   74.58457973]
 [2238.68671516  942.69904267]
 [ 584.17298673  359.19260522]
 [ 404.68329777  285.87494964]
 [1504.48524495  695.97443365]
 [1328.73364334  620.16703127]
 [1305.28209956  611.7585838 ]
 [   3.6707108    64.46367595]
 [1589.43814086  722.13465918]
 [ 925.17818837  469.87429338]
 [ 381.91859267  281.49256387]
 [1560.35453715  715.85370929]]
