[[4.97470092 3.67697599]
 [8.92035857 2.90929698]
 [4.34455406 4.71430891]
 [7.95109532 3.51860621]
 [7.3369865  1.71259845]
 [0.76225933 1.55861417]
 [6.39325192 2.71968079]
 [4.23273623 0.19695434]
 [9.17425659 0.21989323]
 [4.93698271 2.72911437]
 [8.29634592 3.38572727]
 [3.82024205 3.25052488]
 [6.20614716 4.41136342]
 [5.97780456 4.22399214]
 [6.24908709 3.33506729]
 [7.95020218 2.20129426]
 [3.56803199 0.91320482]
 [6.26797268 0.92832382]
 [5.26556177 3.7615657 ]
 [2.69340653 1.50943836]
 [8.92302602 1.52740201]
 [5.1663973  1.27512137]
 [1.11256929 2.86018506]
 [3.30519827 0.36777426]
 [0.92571672 1.04623658]
 [4.11855301 0.5255838 ]
 [4.27304432 2.10285473]
 [1.81082618 1.68944952]
 [3.0979791  0.78167283]
 [8.08033999 1.90014381]
 [0.14853228 0.43742056]
 [7.65013145 2.99925583]
 [5.51719227 1.09430282]
 [7.40029685 0.55133967]
 [2.84867669 1.95841987]
 [1.51903359 0.58785926]
 [7.32446301 1.08679919]
 [6.90475447 3.21931758]
 [4.76877795 0.46080983]
 [2.96011738 0.09469751]
 [5.71744832 3.68260988]
 [7.05518878 0.95010511]
 [5.31752077 1.46289201]
 [5.14390989 0.06686019]
 [7.44273809 1.32163083]
 [9.75872996 0.68877992]
 [4.16763101 2.70362824]
 [2.99887136 1.7596117 ]
 [7.22104457 3.91638902]
 [5.87996816 3.50430826]
 [3.34497722 2.70501213]
 [5.44673845 2.53140402]
 [1.15101809 1.90787925]
 [4.90623179 4.80800319]
 [4.89852678 3.8228242 ]
 [7.91690788 0.80248801]
 [3.8934042  3.15366503]
 [4.89708753 3.7419471 ]
 [7.93446311 3.88368073]
 [6.1662795  3.9649793 ]
 [5.28285489 0.93604774]
 [4.41597736 0.0650268 ]
 [3.15963531 1.35286297]
 [2.86034058 1.83698158]
 [8.0532769  0.21149805]
 [4.59187177 0.56296905]
 [0.62076148 1.66680893]
 [5.87281617 1.28528206]
 [2.44248541 2.68580899]
 [9.30300399 0.89303662]
 [6.43825861 3.45004483]
 [0.19017051 0.93858775]]
