[[ 2.40439873 11.76087861]
 [ 6.10101905  6.0699953 ]
 [10.69862797  7.28381053]
 [ 5.41964024  6.45905492]
 [ 8.90751079  4.23093803]
 [ 3.49418438  6.47872426]
 [ 8.12383783  4.18633032]
 [ 4.94614403 11.92566585]
 [ 7.51050146 10.93758735]
 [ 7.7117302   8.07563194]
 [ 1.27807854  9.99009922]
 [ 6.75379886 10.78061782]
 [11.04179877  3.74375003]
 [10.31311244  5.93923637]
 [ 1.92996853  5.92419368]
 [10.33302966  1.24294817]
 [ 9.88171564 10.89299628]
 [ 0.95951868  9.88757258]
 [10.81801777 11.96261649]
 [ 3.56180111 11.64999052]
 [ 2.8954368   8.7518326 ]
 [ 9.78114293  2.39869729]
 [11.76944778  7.98155195]
 [ 3.56148894 10.97352559]
 [ 0.14708675  7.30321571]
 [ 1.39611227  8.57179929]
 [ 9.60676236  3.52989814]
 [ 6.94560537  5.70502802]
 [10.59884506 11.65223081]
 [ 5.4943186   7.30326023]
 [ 6.77629397  9.29306354]
 [ 8.27540989 11.34681498]
 [ 8.83141918  6.71337456]
 [11.56708822  5.02151817]
 [ 8.80126996  8.01019776]
 [ 7.72155488 10.85548064]
 [ 3.93119088 10.07384935]
 [ 9.55399123  3.80650399]
 [ 9.70208615  6.61778843]
 [ 1.33855942 11.15469245]
 [ 7.49306412  6.50240052]
 [ 1.29031206  7.4027172 ]
 [10.7829274   2.76307636]
 [ 1.09781199  8.16221381]
 [ 1.07787756 11.66189533]
 [ 3.33635971  6.65586531]
 [ 7.91553185  9.96279652]
 [ 1.58442281  8.62332531]
 [ 5.68166621  6.56500924]
 [ 0.78332512 11.658215  ]
 [ 3.04647671 10.09603278]
 [ 9.87177591  6.61317926]
 [ 1.6148243   6.81137838]
 [ 4.70523996  5.24538116]
 [ 1.71720671  3.83962742]
 [ 7.45085753  9.09200411]
 [ 0.86373227  6.02403852]
 [ 5.13803625  5.91045229]
 [11.14408775  5.64168773]
 [ 0.455183    9.00648599]
 [ 9.6086434   4.69113915]
 [ 0.31687303 10.80202498]
 [ 1.72554366  9.59719198]
 [ 2.37898591  7.01448931]
 [ 9.46896146  6.12260199]
 [ 0.08175267 11.76868593]
 [ 2.03834098  4.29485217]
 [ 7.27031607  9.51242463]
 [ 4.60727616  9.40512771]
 [ 7.56651357  5.31593184]
 [ 3.43529559  5.8830187 ]
 [ 8.26158386  8.98247207]
 [10.45841602  2.69243555]
 [11.89348442  6.5921611 ]
 [11.66587664  4.96312859]
 [ 9.11221839  6.82820787]
 [ 7.11630697  8.60225169]
 [ 0.32831522  3.19327964]
 [ 8.77600621  7.70535848]
 [11.67001725 11.83968486]
 [ 4.69368835 11.68499434]
 [ 1.83678137  8.8476447 ]
 [ 0.76827396  9.1427762 ]
 [ 4.89596247  5.51179658]
 [ 3.99310574 11.55583664]
 [ 4.30542997 11.41867668]
 [ 5.80675701  7.47679179]
 [11.31410069  6.64880934]
 [ 7.33229434  9.06726195]
 [ 2.69552985  7.02737258]
 [ 9.86675165 10.1770034 ]
 [10.2372103   3.94994509]
 [ 0.28002698  3.75886793]
 [ 1.57009077  6.18999367]
 [ 9.02361302  4.24257902]
 [ 3.98762801  7.02872214]
 [ 6.48163094 11.07704301]
 [10.90100465  9.45866264]
 [ 0.7031524  10.32997684]
 [ 0.68628925 10.74026277]
 [ 9.7216689  11.36055022]
 [ 9.4686715   9.12511635]
 [ 3.46597735  5.07059611]
 [ 4.38563753  9.84214576]
 [ 8.92980666  5.42188203]
 [ 5.08936713  5.24156151]
 [ 9.1908984   3.4100514 ]
 [ 5.61359721  9.48218385]
 [ 7.33102961 11.67742603]
 [10.24371196  1.61505386]
 [ 2.24819588 11.67635194]
 [ 9.86057634  6.3342159 ]
 [ 5.92879368  6.27030399]
 [11.91917857  8.89517854]
 [11.64727258  8.42706645]
 [ 9.08739041  9.08921752]
 [10.56364618 10.7876378 ]
 [ 7.85695489  9.31175973]
 [ 3.15600259  7.70104816]
 [ 0.01246816  6.50360548]
 [10.15869148  8.86194358]
 [ 9.15338766  5.49628923]
 [ 2.40441908  5.0069187 ]
 [11.69269391  5.06327861]
 [10.70436575 10.05331756]
 [ 4.52088019  5.06351847]
 [10.83826202  0.16119684]
 [10.67245992  8.52447029]
 [ 1.92538905 11.71774123]
 [ 9.36603185 11.03605321]
 [ 8.07310844 11.35102154]
 [ 3.84968551 10.96240158]
 [ 3.88737324  7.7306088 ]
 [10.01144018  8.75426964]
 [ 7.88049191  7.55293476]
 [ 4.37617337  8.8116277 ]
 [ 7.77196589  4.29169356]
 [ 9.37975336  7.74640484]
 [10.78776589  2.27882632]
 [ 9.58961382 11.5786547 ]
 [ 7.83022835  7.91258988]
 [10.35733403  0.17516057]
 [ 5.53258587 10.16760382]
 [ 8.3523958  11.61779149]
 [ 9.59802978 10.31483164]
 [ 2.6695607  10.80756635]
 [ 8.53292558  3.64681919]
 [ 9.76295515  8.06292436]
 [ 5.51991309  5.24149738]
 [ 0.3838807  11.3181669 ]
 [ 0.29466523  2.81651381]
 [ 3.07084331  7.38293493]
 [ 7.75554421  7.9672995 ]
 [10.64808929  6.5286462 ]
 [ 0.22345632  1.49570743]
 [ 5.84621723  6.98417986]
 [ 8.76726874 10.25351286]
 [ 0.22747284  3.62458685]
 [ 9.28980801  7.90660641]
 [ 0.83318511  4.66051936]
 [ 7.86076859  8.26986769]
 [ 0.58898926  8.69915711]
 [10.01026476  5.91737222]
 [11.25872312 11.31751952]
 [11.21034931  0.60865898]
 [ 6.61129223  6.05132565]
 [ 3.81214091 10.07551444]
 [ 7.49438865  6.51049976]
 [11.18115525 10.96300254]
 [10.00960419  8.76258896]
 [ 3.76965879  7.03801784]
 [11.25412007 10.9934993 ]
 [ 7.18912554  6.46139683]
 [11.66150343 10.28464846]
 [ 3.23544099  7.16908139]
 [ 6.31113559  7.40512083]
 [11.77925591  3.39901973]
 [10.80787077  0.41288089]
 [ 0.38448944  7.13745094]
 [ 0.94780829  4.94694326]
 [10.20939071  3.10467561]
 [ 9.88721759 11.05320134]
 [10.38661458  7.0266398 ]
 [ 7.09943793 10.78619047]
 [ 8.6721023   6.73799294]
 [10.31288554  8.22514977]
 [ 3.16105375 10.50526029]
 [10.59454858  4.6939999 ]
 [ 4.59349314  5.64272543]
 [ 1.03034959  6.51629612]
 [ 4.63176068  6.81563806]
 [ 5.44688791  6.72698672]
 [10.29671487  9.00408967]
 [ 7.73130201  7.20919309]
 [ 3.12235254 11.10129444]
 [ 1.80656082  7.5089763 ]
 [ 6.92455861  7.93866752]
 [11.16777091  3.26429527]
 [ 7.4468143   5.66748466]
 [11.33312171  6.76904411]
 [10.68113262  9.07044189]
 [11.2909814   8.88189787]
 [ 5.21293722 10.83220625]
 [ 9.72825221  3.28490632]
 [ 8.37529294 11.70967228]
 [ 3.33764526 11.8109123 ]
 [ 6.65743277  5.74034443]
 [ 7.23918482  9.7786255 ]
 [11.91579169 10.03192496]
 [ 8.06878062 10.32011806]
 [11.98412007  4.44641957]
 [ 9.9920499  11.07661653]
 [ 0.12485606 11.93632682]
 [ 0.51032138  9.04150209]
 [ 5.93763806  5.37141523]
 [ 5.04647951  6.15272749]
 [ 3.47902609 10.72653087]
 [ 6.69242766  7.32405887]
 [ 3.15213961  8.53648437]
 [11.10168133  1.82326575]
 [ 8.57955948  8.09739992]
 [ 8.23039292  6.08198078]
 [ 9.03637211  3.09543286]
 [10.37789001  6.72339492]
 [ 7.25565777  8.79173133]
 [ 3.15054648  7.5773073 ]
 [ 8.43621354 11.01817254]
 [11.48508372  9.88941482]]
