[[  48.95683671  -43.99213645]
 [  42.55213517  -42.36591106]
 [  18.21590757   -7.70269111]
 [  71.83855189  -57.48967248]
 [ 167.91747338 -110.79850685]
 [  58.91252617  -16.56663806]
 [ 132.43919466   20.53261607]
 [ 157.7559293   -25.53879774]
 [ 134.21312521  -59.3852787 ]
 [  88.08288044  -82.68248359]
 [  31.35147601   -9.35931305]
 [ 102.8962579   -88.27160239]
 [  38.09764624  -37.83838722]
 [ 122.44367613 -119.15359976]
 [  30.54522214  -19.01423142]
 [ 129.33012023 -103.93543495]
 [ 280.22998395 -134.68457141]
 [  58.95416483  -58.17401133]
 [ 216.91171071 -122.06921012]
 [ 127.841557   -127.29284866]
 [  89.87855683  -76.69491962]
 [ 241.06621988 -153.22432334]
 [  24.66990984  -17.98355943]
 [  17.50865426  -15.19651361]
 [ 126.22514375  -14.97170176]
 [ 128.51361627  -84.54657933]
 [  95.51777434  -80.63620297]
 [ 218.87965865 -143.8836418 ]
 [ 102.45299022  -12.34907218]
 [  17.29868657  -16.3554834 ]
 [ 228.41009625 -119.0335492 ]
 [  78.68476288  -61.12727322]
 [ 114.4162655   -43.28220907]
 [ 254.31362194 -124.9793465 ]
 [ 244.29975435 -131.97738031]
 [ 203.27617921 -113.41390606]
 [  76.82529599  -61.02696939]
 [  85.48256758  -74.64031068]
 [ 137.51935134 -133.39507647]
 [  92.25088496  -61.46067863]
 [  56.3528371   -17.41746868]
 [  18.91093922  -15.44579119]
 [  84.07761711  -67.02884848]
 [ 126.16907641  -16.99544978]
 [ 199.51647866 -110.84958937]
 [  97.31386014  -71.04114871]
 [  99.45112351  -77.01217912]
 [  17.46443773  -13.09866735]
 [ 184.44733171 -159.62463928]
 [  91.30712406  -27.31525711]
 [ 248.93001395 -184.90253753]
 [ 110.60065988  -75.79948708]
 [  36.89191279    7.52082958]
 [ 191.08390828 -123.17850692]
 [ 260.1600278  -130.44274819]
 [ 138.93958344 -137.94103129]
 [ 137.04711066  -92.0909078 ]
 [  49.0037163     3.74189807]
 [  98.61229852  -91.14298137]
 [ 102.80525296  -77.28515438]
 [ 220.67938411 -180.30870046]
 [  41.33640846  -25.80817633]
 [ 184.83584236 -140.38080178]
 [ 148.44566149 -106.81523322]
 [ 198.17794924 -115.7337669 ]
 [  65.05681598  -64.56234248]
 [ 137.26618408  -26.99873804]
 [ 140.72873121   33.91185181]
 [  47.05577259   -2.77160463]
 [ 138.26517884   52.94044842]
 [ 105.0891851   -89.19885178]
 [ 272.57883856 -139.8526216 ]
 [ 140.29135146 -135.13787039]
 [ 227.9569145  -126.13655442]
 [ 130.40263319 -130.38747561]
 [ 106.73254838  -44.39845738]
 [ 230.2253513  -134.59103381]
 [  27.40405751   28.95753356]
 [  36.40805642  -11.90114693]]
