[[-1.11212127e+01 -6.90025762e+00]
 [-1.00204863e+01 -1.58343050e+01]
 [ 2.73680184e+00 -1.36679886e+01]
 [ 5.72430902e+00  1.86519948e+00]
 [ 4.11414242e+00 -3.72751807e+00]
 [ 1.19443840e+01  2.09604948e+00]
 [-4.75916996e+00  2.18223507e-02]
 [-1.57930469e+01 -1.58180543e+01]
 [ 1.19086128e+01 -1.40243982e+00]
 [-1.30337057e+01 -4.84349855e+00]
 [-1.30962270e+01 -1.42858451e+01]
 [-9.81893942e+00 -7.77376951e+00]
 [-1.38364637e+01 -1.66728418e+01]
 [-1.44879597e+01 -1.55615112e+01]
 [-8.91872382e+00 -8.93282541e+00]
 [-8.85875490e+00 -1.48932716e+00]
 [-1.42785048e+01 -1.24279952e+01]
 [ 1.00652153e+01 -1.39642364e+01]
 [-1.62559886e+00 -7.02051322e+00]
 [ 1.18989528e+01 -1.03706717e+01]
 [ 2.49808366e+00 -9.88487876e-01]
 [-1.59299103e+01 -3.60795519e+00]
 [-1.35902051e-01 -1.55473891e+01]
 [-6.42032139e+00 -1.06796874e+01]
 [ 1.14160594e+01 -1.30628208e+01]
 [-1.69018796e+01 -1.67395432e+01]
 [-9.52714121e+00 -1.63539152e+00]
 [-1.39558919e+01 -4.64160231e+00]
 [ 8.19776977e+00 -3.88461340e-01]
 [ 2.59213787e+00 -1.19932750e-01]
 [-6.14970475e+00  8.37220889e-01]
 [-1.21814721e+01 -6.82879423e+00]
 [ 7.95347060e+00 -1.18636436e+01]
 [ 1.13558365e+01  4.92164328e+00]
 [-9.61914573e+00 -7.27080212e+00]
 [ 9.99997583e+00 -1.49727076e+01]
 [-1.16421876e+01  1.19531373e+01]
 [ 1.12705039e+00 -1.21427518e+01]
 [ 5.55452596e+00  2.76517569e+00]
 [ 3.84293879e+00 -4.04243655e+00]
 [ 1.11807427e+01 -1.39956362e+01]
 [-1.27824481e+01 -1.13979000e+01]
 [ 9.27015531e+00 -1.49781584e+01]
 [ 1.09433097e+01 -1.57169268e+01]
 [ 1.14227005e+01 -8.12546006e+00]
 [ 4.53722832e+00 -7.87027848e+00]
 [ 1.13224772e+01  2.12508020e+00]
 [ 8.02061391e+00  4.58252923e+00]
 [-9.31254021e+00 -1.62514465e+01]
 [-6.16763392e+00 -2.47665181e-01]
 [ 1.95925916e+00  9.14537784e-01]
 [-9.12391395e+00 -1.66458424e+01]
 [-1.35163605e+01 -1.36952057e+01]
 [ 4.66400372e+00 -1.34907406e+01]
 [ 9.73195918e+00  3.33705917e+00]
 [-1.48970051e+01 -7.79183874e+00]
 [-9.60300915e+00 -3.30270515e+00]
 [ 2.25023219e+00 -2.10395214e-01]
 [-1.52920599e+01 -1.31000283e+01]
 [-1.64527398e+01  7.41836899e+00]
 [-5.11628644e-01  1.95561011e+00]
 [-2.27212247e+00 -1.31500726e+01]
 [ 9.89656206e+00 -1.51610298e+01]
 [-3.91946852e+00 -1.29688974e+01]
 [ 5.32645634e+00  4.41900378e+00]
 [ 9.17535592e+00 -1.66355855e+01]
 [-1.22309602e+01 -7.27110248e+00]
 [ 8.03561728e+00  5.85300866e+00]
 [-6.10413209e+00 -4.25067100e-01]
 [-7.94443170e+00 -1.51340637e+01]
 [ 9.15294266e+00  4.09390280e+00]
 [-9.57879873e-01 -9.44398764e+00]
 [ 5.16379923e+00  3.66932825e+00]
 [-1.09043093e+01 -4.44625724e+00]
 [ 8.49831394e+00 -6.29764122e+00]
 [-1.22045165e+01 -1.55750110e+01]
 [-7.83817358e+00 -1.17270230e+01]
 [ 9.16070368e+00  3.60894911e+00]
 [ 9.87238158e+00 -6.17267478e+00]
 [ 1.11918692e+01 -7.09917875e-01]
 [-3.47752411e+00 -1.24176299e+01]
 [-9.49530868e+00 -6.50692431e+00]
 [ 1.13346169e+01 -3.70912752e+00]
 [-1.51034806e+01 -4.35398123e+00]
 [-1.60072729e+01 -5.05984294e+00]
 [-3.68141207e+00 -1.16883678e+01]
 [-5.94371759e+00 -5.65099242e+00]
 [-1.09127956e+01 -1.35310588e+01]
 [-4.27102051e+00 -4.67107350e+00]
 [ 3.84035831e-01 -5.64893689e+00]
 [ 4.13351598e+00 -1.56933635e+01]
 [-1.45872975e+01  6.47529528e+00]
 [-7.33763639e+00 -4.18162889e+00]
 [ 4.92607439e+00  4.88114535e+00]
 [-1.24718176e+01 -1.12874797e+01]
 [ 1.07489606e+01 -1.28147174e+01]
 [ 1.16526810e+01  3.49455838e+00]
 [-1.39374548e+01  7.67026573e+00]
 [-7.14878293e+00 -1.07875713e+01]
 [-9.28840335e+00 -1.37249511e+01]
 [ 1.03055060e+00 -1.42191926e+00]
 [-6.99747217e+00 -2.26993843e+00]
 [ 7.42855950e+00 -3.64870155e+00]
 [ 1.10711188e+00 -1.19430905e+01]
 [ 2.76617103e-01 -1.44178988e+01]
 [ 5.42864002e+00  3.83515234e+00]
 [ 8.45235372e+00 -1.49530387e+01]
 [ 9.79963998e+00  1.65915136e+00]
 [-8.30921066e+00 -6.49832853e+00]
 [ 8.80006586e-01 -8.84407628e+00]
 [-5.27736756e+00 -1.14770576e+01]
 [-2.94820044e+00 -7.62447821e+00]
 [ 7.42350303e-01 -2.72349089e+00]
 [ 7.60853479e+00  3.00647730e+00]
 [ 4.85613145e+00 -1.42399365e+01]
 [-1.34962714e+01 -7.89783578e+00]
 [-7.09107281e-01 -2.44194511e+00]
 [ 1.13120354e+01 -5.94546894e+00]
 [ 5.25117362e+00 -4.44792889e+00]
 [-1.02250070e+01 -1.13048045e+01]
 [-5.96903632e+00 -7.19708218e+00]
 [-1.28129683e+01 -1.02816417e+01]
 [-5.77951708e+00 -2.32123308e+00]
 [ 1.05120728e+01 -1.37934906e+01]
 [ 8.82621483e+00 -8.78072340e+00]
 [-1.55076553e+01 -1.18292106e+01]
 [ 8.59382728e+00 -4.89443226e+00]
 [-1.54345796e+01 -6.99566027e+00]
 [ 1.08095511e+01  2.44175188e+00]
 [ 4.63290262e+00 -1.24286655e+01]
 [ 5.25569061e+00 -1.15038276e+01]
 [ 9.05481826e+00  5.72953364e+00]
 [-2.71377927e+00 -5.93364210e+00]
 [-1.69458576e+01 -1.39633424e+01]
 [ 6.40509047e+00  1.92330401e+00]
 [ 4.72169398e+00 -1.36042650e+01]
 [-1.47990137e+01 -3.54228958e+00]
 [ 1.08801343e+01  1.23084155e+00]
 [ 5.77291353e+00 -1.15237109e+01]
 [-5.54291230e+00 -1.42900349e+01]
 [-1.59453612e+01 -8.51672456e+00]
 [-1.61631148e+01  5.34117480e+00]
 [ 9.45050373e+00 -1.41049365e+01]
 [-1.46047839e+01 -6.96653343e+00]
 [ 1.95934111e+00  1.53018285e+00]
 [-2.48352413e+00 -1.49715812e+01]
 [ 3.92287532e+00  1.68155766e+00]
 [-1.66599985e+01 -7.41357576e+00]
 [ 4.36912067e+00 -5.18389112e+00]
 [-1.40062415e+01 -6.33202208e+00]
 [ 6.19001721e+00 -9.89518750e+00]
 [-7.31701552e+00 -6.65354723e+00]
 [-1.03574284e+01 -1.60093922e+01]
 [-1.05588385e+00 -6.59570101e+00]
 [-1.76203735e+00 -1.59077125e+00]
 [-4.61456123e+00 -1.40265225e+01]
 [ 8.72082535e+00 -1.00395275e+00]
 [-1.55000660e+01  1.13610871e+01]
 [ 4.36625799e+00 -6.40548695e+00]
 [ 1.11421301e+01  6.24116400e+00]
 [-7.89031837e-01 -1.38879844e+01]
 [ 7.78691513e+00  3.41596488e+00]
 [ 6.46684973e+00 -8.89668028e-02]
 [-4.64481805e+00  9.80586987e-01]
 [ 8.96844066e+00  8.11332809e-01]
 [ 1.00383508e+01 -8.29310584e+00]
 [ 7.82235650e+00 -6.42664701e-01]
 [-7.77513429e+00 -7.69414921e+00]
 [-4.74274081e+00 -4.20759893e+00]
 [ 2.43537172e+00 -1.56828488e+01]
 [-1.10065828e+01 -1.01554451e+01]
 [ 5.56679730e+00 -4.78243880e+00]
 [-1.87089178e+00 -3.74923183e+00]
 [-1.31474317e+01  1.10837531e+01]
 [ 3.61976858e+00 -6.57948798e+00]
 [ 9.49058508e+00  3.18009247e+00]
 [-1.42870076e+01  6.75953921e+00]
 [-6.04183198e+00 -1.10367072e+01]
 [-3.02189938e+00  2.18036935e+00]
 [-5.21709711e+00 -4.27347989e+00]
 [-7.79165124e-02 -8.43549955e+00]
 [-1.09047073e+01 -1.87302250e+00]
 [-4.20904780e+00  5.47107911e-01]
 [ 5.69655861e-01 -6.03002265e+00]
 [ 1.02186384e+01 -4.53205713e+00]
 [-1.10742741e+01 -4.72609143e+00]
 [-1.31624907e+01 -1.35360028e+01]
 [ 1.11941660e+01 -1.61261475e+01]
 [ 1.04708816e+01 -3.84856901e+00]
 [ 3.79764290e+00 -1.44286093e+01]
 [-6.43121058e+00 -1.03598861e+01]
 [ 8.05041070e+00 -6.30247994e+00]
 [ 3.03920819e+00 -1.56055167e+01]
 [ 1.10724050e+01  4.47883080e+00]
 [-1.48222490e+01 -2.22363807e+00]
 [-1.50295055e+00 -9.22525182e+00]
 [ 6.39358984e+00  2.76021383e+00]
 [-3.59290808e-01  8.36610719e-01]
 [-9.63348152e+00 -9.25851622e-01]
 [-1.69020552e+00 -1.68012839e+01]
 [-3.66729274e+00 -5.10827502e+00]
 [-1.44646892e+00 -5.13369884e+00]
 [-2.38149528e-03 -1.42132948e+01]
 [ 6.86935642e+00  1.18257577e+00]
 [-2.70678805e+00 -5.55586380e+00]
 [-1.51022933e+00 -1.42169060e+00]
 [-1.56183309e+01  4.41321046e+00]
 [-1.55791456e+01 -1.62976349e+01]
 [ 5.19973180e-01 -1.52974026e+01]
 [ 2.16714947e+00 -6.75651720e-01]
 [ 6.95053025e+00  1.66117415e+00]
 [-8.07655640e+00 -7.03133699e-01]
 [-9.37521013e+00 -7.75416331e+00]
 [ 1.35415531e+00 -9.55183634e+00]
 [-5.11449427e+00 -1.48915879e+01]
 [ 8.65400419e+00 -5.38498562e+00]
 [-1.64839741e+01 -2.00177879e+00]
 [ 1.21451380e+00 -1.02312879e+01]
 [-6.46570232e+00 -1.55805451e+01]
 [ 7.18283421e+00 -1.38387615e+01]
 [-7.59801390e-01  2.97678117e+00]]
