[[-11.38668727  -5.48397098]
 [ -0.57283051 -14.18317997]
 [ -0.84840249 -12.05485192]
 [ -1.0297709  -18.3734982 ]
 [ -5.31284226  -8.36087765]
 [ -4.71504264  -3.73429707]
 [-13.14526112  -1.85992322]
 [ -0.7581756   -6.37397827]
 [-18.87686231  -4.41402961]
 [ -7.3588174  -14.12618981]
 [ -6.45416621  -2.51933759]
 [ -3.79884135 -12.54819169]
 [ -0.95782465  -4.49893439]
 [-11.19866264  -6.35210614]
 [-15.11299236  -4.06555519]
 [ -7.59771981  -9.36880765]
 [ -2.34940991 -15.47864405]
 [-11.02651555  -1.80807221]
 [ -4.31335624  -3.62548658]
 [-12.42788433 -14.35001194]
 [ -6.73845102 -16.66626964]
 [-18.26508006  -3.00843606]
 [ -1.01616005  -8.74252525]
 [-11.46066269 -13.38963909]
 [ -3.4807588  -17.72689665]
 [ -9.55858357 -13.30794645]
 [ -3.74579517 -12.16320716]
 [ -1.20264277 -13.5983936 ]
 [ -8.40508742 -12.05912473]
 [ -7.78075817  -0.13269995]
 [ -2.78235657  -2.31061777]
 [ -7.62536497 -18.43432358]
 [ -6.91627052 -15.82986063]
 [ -7.76444949 -16.82636725]
 [ -1.45487005  -8.72601786]
 [ -0.35060583 -15.04267797]
 [ -6.23361198  -2.33485518]
 [ -8.67124032  -8.31988255]
 [-13.34732859 -16.21760575]
 [ -3.80441731 -17.83570463]
 [-13.95035006  -7.67190024]
 [-16.48578388 -18.53319272]
 [ -5.41626251  -2.64908479]
 [ -9.1910047  -14.58345169]
 [-14.21182309  -6.96588638]
 [-17.37654611  -8.78020509]
 [ -0.21413586  -3.4162478 ]
 [-15.32233399  -4.13670318]
 [ -5.65394163  -9.0000835 ]
 [ -5.70894059  -6.2413093 ]
 [ -4.91675382 -11.71479769]
 [ -0.94855546 -14.94306163]
 [ -1.45522383  -9.6862285 ]
 [-13.021434    -9.8685898 ]
 [-11.53478619  -5.12576975]
 [-16.82358929  -0.31143026]
 [-18.82559111  -4.01546474]
 [-16.68919492 -14.69630966]
 [-18.52828792  -7.29877241]
 [-13.91338715 -14.73111553]
 [ -0.13831619 -18.88754012]
 [-11.22970035 -17.105233  ]
 [ -9.15837542 -17.92740481]
 [-16.83225311  -0.53993294]
 [-16.9380405   -2.77769739]
 [-17.32750703  -2.36736879]
 [-11.75916787 -12.33333385]
 [ -2.28247158 -16.25752793]
 [-11.44530696 -14.26117989]
 [ -7.6237973  -17.12961311]
 [ -5.70512902  -5.90533009]
 [-18.65062753 -11.92231619]
 [-11.77597888  -9.56314783]
 [ -3.98508099  -2.54432312]
 [ -9.73275316  -6.21385724]
 [ -2.59348701  -8.33580028]
 [-10.37203552  -3.77225872]
 [ -3.36592365 -16.30804863]
 [ -6.42612015  -8.23236884]
 [ -8.28304772 -12.56616729]
 [ -7.85175078 -15.06147033]
 [ -7.32180817 -16.9120075 ]
 [ -3.68206264  -5.46696852]
 [-15.69936189  -4.66627467]
 [-14.10293028 -18.25063264]
 [ -5.56747103 -15.84421053]
 [ -0.74047162  -1.69116169]
 [ -6.59617062  -2.38193746]
 [ -5.72358907 -11.14854117]
 [-18.56673846  -6.70530226]
 [ -2.73777651 -14.98497391]
 [ -9.52485059 -15.03192872]
 [ -7.15954646  -0.09332027]
 [-16.19906176 -12.73170295]
 [-10.35908682 -11.60965876]
 [-13.31108329  -1.4211431 ]
 [ -2.86073879 -18.44421935]
 [ -6.03339203 -15.09917936]
 [-14.90341791  -4.87461397]
 [ -4.49086808 -11.32828789]
 [ -6.1256006  -17.97602136]
 [ -7.87360402  -8.70780256]
 [ -4.30447386  -6.41334086]
 [ -2.67294381 -16.58234795]
 [-18.84706062 -14.58308202]
 [ -7.12223144  -1.15865987]
 [-18.72804569  -1.77603304]
 [ -7.11586189 -14.07509398]
 [ -9.56287373  -6.50998213]
 [ -3.18260772  -3.69882258]
 [ -8.62318106  -3.10382029]
 [ -7.84305053  -0.70344647]
 [ -2.01103944 -16.04507925]
 [-15.57668934  -0.69842658]
 [-11.64258195  -1.99972236]
 [ -5.27068939  -9.34313065]
 [ -5.83691605  -5.40728926]
 [-11.84352853  -4.79569069]
 [-14.34626018  -4.08598038]
 [-12.90972107  -1.69053045]
 [ -2.8137922   -7.45936316]
 [-11.2791199   -1.0550905 ]
 [ -1.97344056 -18.28974395]
 [-16.3120958   -1.95314195]
 [-11.19718445 -15.71037642]
 [ -8.81095316 -17.21772916]
 [ -3.81393686  -2.99738255]
 [-13.26492705  -7.02374201]
 [-18.76301425  -6.46627618]
 [-13.75786159 -16.01465939]
 [ -2.49674613  -5.42330398]
 [ -2.79913992  -0.16851222]
 [-10.73488982 -16.77544054]
 [ -8.66203822 -13.87025962]
 [-13.0434176  -14.03240859]
 [-16.37455605 -16.98447451]
 [ -1.53369945 -17.57014094]
 [-17.46661232  -2.25508083]
 [ -7.65312005 -12.01883036]
 [-12.03369388  -7.25888639]
 [ -1.33092404 -14.79727023]
 [ -1.15073887 -10.55615762]
 [-18.41301927  -2.35790723]
 [-15.76558721  -3.69007316]
 [-15.80324126 -17.59375349]
 [ -8.15318285  -9.25610138]
 [ -3.64197855  -1.28209395]
 [-11.42134515 -18.35206461]
 [-16.28412228 -11.09472851]
 [-14.56592808  -7.63666839]
 [ -7.41697395 -16.4335969 ]
 [ -3.25841404 -18.27498685]
 [-15.75683366 -11.5744372 ]
 [ -1.57046448 -11.92752412]
 [ -0.55749433 -18.44612515]
 [-12.86452029 -13.36905982]
 [ -3.11341925  -9.72167408]
 [-13.7307589   -7.22716724]
 [ -7.88757439 -16.25638255]
 [-13.9827903  -14.11064202]
 [-14.76509979 -18.87639037]
 [ -4.59571902  -2.8667738 ]
 [ -5.28254832 -10.65416501]
 [ -9.47823918 -16.77147575]
 [-15.46939759 -13.07838282]
 [-12.79513933  -1.27039171]
 [-17.03628264 -11.22643843]
 [-14.22751409 -17.82345574]
 [ -4.29886505 -18.03121389]
 [ -1.77017362 -15.07350273]
 [-18.18650936  -1.50807524]
 [-17.72050048 -12.06925708]
 [-14.2241818  -11.29888441]
 [ -6.36657132  -6.22263389]
 [-15.24977819  -4.79690208]
 [-13.41956505  -6.25868898]
 [ -8.88142127  -6.58129113]
 [-16.79170084 -13.04181088]
 [-11.36840744  -1.81143552]
 [-18.52018117  -6.07671845]
 [-10.09147896  -7.08741339]
 [-14.95315039 -17.16871691]
 [-11.22120094 -11.42108651]
 [ -0.95401295  -5.97459276]
 [ -0.59399154  -7.10502923]
 [ -6.7572479  -14.55019777]
 [ -9.67298748  -8.96786913]
 [-10.2808591  -17.17414609]
 [-16.06356336  -6.00353927]
 [ -5.11564276 -17.46256083]
 [ -7.51516333  -9.45049348]
 [ -1.95021563  -8.55682155]
 [-12.0427953   -2.47482748]
 [-10.23776762  -1.34621723]
 [-13.33569224 -17.57183177]
 [-18.7881383   -2.67072477]
 [-17.32823026 -13.09302175]
 [ -0.47255726  -6.92992303]
 [-10.84596303  -3.23058568]
 [-15.18777664  -8.87454887]
 [ -4.92830945 -17.83561732]
 [ -9.44378976 -12.50204468]
 [-15.69890925  -9.68603318]
 [-12.91328303 -17.92656469]
 [ -8.52709985 -14.94662091]
 [ -4.66839787  -3.7625496 ]
 [ -6.38943776  -8.16113675]
 [-15.34427905  -0.22314974]
 [ -3.98016348  -1.6500003 ]
 [-11.80686208 -11.14992521]
 [-11.98719125  -5.82906354]
 [-10.26490868 -16.18083318]
 [ -2.53442347  -3.48528732]
 [-11.36542697  -6.45265298]
 [ -0.64312185  -3.0783557 ]
 [ -7.51500298 -17.00042317]
 [ -2.59648382 -17.78056461]
 [ -6.68977799  -8.09420285]
 [ -2.26687239 -16.19305933]
 [ -6.82555068 -16.23786636]
 [ -5.98244803  -9.97539431]
 [-13.86801728 -13.70394846]
 [-18.91465333 -18.4510682 ]
 [-13.68185361 -15.52969837]
 [-12.53529509 -15.02982146]
 [-11.55214756 -14.64743085]
 [-13.19294974  -5.72493932]
 [-10.62632394 -10.8322873 ]
 [ -1.52880516  -6.87321642]
 [-16.01842654 -15.21425075]
 [-13.83587831 -18.98341601]
 [-13.48367008 -18.16016858]
 [ -1.17969822  -9.0309761 ]
 [-12.71099729  -4.78118034]
 [-13.63056579 -14.25023182]
 [ -8.77774947  -8.7563071 ]
 [ -7.60058951 -17.62505938]
 [-13.08397337 -14.20696093]
 [ -5.4208001  -13.09637649]
 [-12.37020493  -6.16648517]
 [-17.93769285 -17.21783472]
 [-11.39126861  -1.81445868]
 [ -2.00405267  -0.45270871]
 [-14.389723   -17.30937277]
 [ -2.90809395 -13.12913941]
 [-12.52285359 -15.97954403]
 [-17.3072947  -16.22451692]
 [ -1.32819603  -3.25001913]
 [-12.3159326  -16.03339728]
 [ -9.6160015   -3.21509259]
 [ -9.04014841 -12.21601367]
 [-12.93788008 -15.91415429]
 [-13.40916747 -10.59067659]
 [ -8.44554297  -7.98189001]
 [ -0.10130892 -15.8164477 ]
 [ -4.64094049  -1.66407666]
 [ -6.48531491 -15.97585943]
 [-15.07429116  -5.40606672]
 [ -6.99834535  -6.08942066]
 [-11.01328511  -8.79829299]
 [ -9.8952958   -8.49359634]
 [ -5.83654009 -14.33902341]
 [-18.12846507 -17.28752185]
 [ -3.51098496  -2.15572837]
 [ -7.59120439 -17.51327794]
 [-16.57506725 -10.98193967]
 [-13.01751929  -9.77540896]
 [ -8.13027919 -15.76812794]
 [ -4.37993764  -4.82057884]
 [ -2.71592371 -13.82519293]
 [ -4.73238516  -3.26187237]
 [ -0.32085726  -6.08693456]
 [ -7.0352735   -1.56743412]
 [ -9.8320121  -17.13291621]
 [ -9.38248836 -13.79884555]
 [ -3.08637674 -18.29649517]
 [-16.01418173  -9.94186049]
 [-18.80832364 -10.83635423]
 [ -0.21390794  -7.38507998]
 [ -0.66718071 -18.47102886]
 [ -5.27068178 -16.44805465]
 [ -6.8455953  -18.08413427]
 [-10.16677277  -0.72133665]
 [ -9.61722254  -7.62831881]
 [-15.17428978 -12.58618631]
 [ -4.69635174 -15.42395731]
 [-18.1807491  -12.57955423]
 [-11.70384741 -14.50872631]
 [ -6.57011517 -10.10727306]
 [-15.82558631  -5.09269643]
 [-18.5694353   -9.59499434]
 [-16.00751976  -6.78934526]
 [-10.90874417 -16.45664275]
 [-13.58075622  -6.41262027]
 [ -6.9049816   -0.99079384]
 [ -2.76343433  -1.14882555]
 [ -2.62824856  -3.61847363]]
