[[  95.84312889  -69.81929658]
 [ 110.20471987  -93.88262479]
 [ 165.38349298 -149.7759772 ]
 [ 120.15416336  -79.86013254]
 [ 151.17569506 -125.88389167]
 [  50.41898349  -46.69022443]
 [ 130.46752196 -106.26552948]
 [  39.85831855  -38.60634163]
 [ 107.98842633  -36.70962477]
 [ 150.6972103    33.64678489]
 [ 113.28019685  -20.18925757]
 [ 136.84520957 -114.0924182 ]
 [ 210.64380364 -127.34207865]
 [ 185.69263675 -180.86287676]
 [  55.57435017  -52.66798712]
 [ 188.24799772 -131.6645979 ]
 [ 175.16388187 -145.2263906 ]
 [  54.9530688   -24.37497786]
 [ 132.70247695  -88.66186431]
 [ 178.47865729 -173.04043525]
 [ 137.69855583 -137.55571083]
 [ 146.24599021  -99.59531867]
 [ 137.55638015  -89.03551056]
 [ 181.81455205 -103.51681235]
 [  48.92705004  -48.84049537]
 [ 103.35093053  -92.92103284]
 [ 197.19746388 -124.5972551 ]
 [ 139.19359311   -0.33564548]
 [  60.59532034   -9.4210964 ]
 [  87.89349661  -87.08670186]
 [  97.51176148  -74.62756488]
 [ 142.94734601 -121.05537984]
 [ 144.5733674  -144.60033513]
 [ 153.9587738  -144.75792251]
 [ 131.67336052 -118.15166126]
 [  80.09962291   32.19073314]
 [  53.79197398  -47.84021862]
 [  15.87299322    3.42075835]
 [  30.23454029  -16.94319702]
 [  37.14821483  -37.28862768]
 [ 211.66797145 -188.69832121]
 [  30.50877645   -3.82965858]
 [  61.83600355  -35.3255461 ]
 [ 155.77520662 -144.60900045]
 [ 201.3622588  -118.92344308]
 [  18.07929162  -15.8532341 ]
 [ 132.72854162  -93.52136399]
 [ 235.51858363 -156.54071058]
 [ 184.92944969 -184.9485552 ]
 [  69.03889916  -66.21601332]
 [ 270.19341026 -131.39350143]
 [ 137.36691034 -109.64953637]
 [ 149.82220881  -95.84884714]
 [ 243.41484678 -138.06710199]
 [  73.90179262  -60.00524658]
 [ 194.93141177 -107.15523653]
 [  21.43252255  -19.86785463]
 [  74.14796917  -74.36719126]
 [ 125.40773711 -116.83050374]
 [ 116.72049968  -78.50394463]
 [ 225.16789275 -149.76156042]]
