[[ -7.62580065   2.08953694]
 [ -6.57088382   6.89446099]
 [ -6.48214964  10.56225028]
 [ -8.86741948   1.23099183]
 [  2.55388993  13.20118441]
 [ -4.4946827    3.49761489]
 [ -7.4448956    7.26589731]
 [ -1.27444832   6.20925203]
 [  5.95747016  10.5040442 ]
 [ 11.08653728   9.1321615 ]
 [  7.16131147  10.20005765]
 [  2.29612253  12.60851071]
 [-11.64066327   5.75143234]
 [ -0.24616771  14.36590316]
 [ -4.27661562   4.76542781]
 [-10.038793     7.4277104 ]
 [  2.99431445  14.12155557]
 [  3.05230501   8.20039742]
 [ -9.15511928   3.50315616]
 [ -4.88499938  12.3611373 ]
 [ -3.12677348  11.46015055]
 [ -9.3484065    4.93187744]
 [ -9.48361436   2.9191095 ]
 [-11.36271627  -0.11909156]
 [ -3.08013333   5.59557346]
 [ -5.76801128   7.40382162]
 [-11.03523338   6.02793742]
 [  9.29440323  10.16434802]
 [  4.67106854   8.17361229]
 [ -3.52800523   8.43872669]
 [ -7.30980214   3.9731037 ]
 [ -7.20552507   8.49704303]
 [ -2.97226292  11.85587255]
 [ -5.57422369  10.72573438]
 [ -6.21102402   8.89002187]
 [  8.10850395   7.38637631]
 [ -4.99033238   2.71091415]
 [  1.92083155   4.72380525]
 [  1.17985642   6.24994331]
 [ -2.8310395    4.43646216]
 [ -7.31867723  12.08287987]
 [  2.6893273    6.29467698]
 [  2.67305108   8.70603697]
 [ -5.87878768  10.57600707]
 [-11.59333908   4.81882067]
 [ -0.92645066   3.74138252]
 [ -8.78149486   4.80629877]
 [-11.40100405   8.34381877]
 [ -2.98051482  13.57473347]
 [ -0.74703513   8.71315092]
 [-14.29194254   2.66313517]
 [ -7.78841885   7.28917854]
 [  4.86365138  12.81616306]
 [-12.77607633   5.8044162 ]
 [ -6.26118944   2.91168554]
 [-11.88222656   1.46389383]
 [ -1.15290389   4.08086345]
 [ -2.32456367   8.31068521]
 [  0.47106603  12.00318581]
 [ -8.70214117   1.42973728]
 [-11.19806486   7.99849817]]
