[[ 1.10575533e+02 -8.04040255e+01]
 [ 3.02618160e+02  8.43512221e+01]
 [ 9.84310764e+00  1.11179457e+00]
 [ 3.78583208e+02 -2.43197287e+02]
 [ 3.55642015e+02 -2.87924002e+02]
 [ 2.94998008e+02 -1.56013559e+02]
 [ 6.91883646e+01  9.09749074e+01]
 [ 7.35598521e+01 -6.95071908e+01]
 [ 1.64274140e+02 -1.46671425e+02]
 [ 9.19253385e+00  1.79161740e+01]
 [ 4.87255766e+02 -2.82854420e+01]
 [ 1.30068556e+02 -1.30223355e+02]
 [ 5.53514022e+02 -3.55277334e+02]
 [ 2.43288791e+00  2.38456243e+01]
 [ 4.76213822e+02 -2.06923266e+01]
 [ 2.79358900e+02 -2.74700034e+02]
 [ 3.77552679e+02 -3.34742756e+02]
 [ 2.72342592e+02 -2.63249100e+02]
 [ 2.69367754e+02 -2.60939448e+02]
 [ 4.84064749e+02 -2.18110746e+02]
 [ 5.14239049e+01 -4.76386182e+01]
 [ 2.92667640e+02  1.48737150e+02]
 [ 6.78250360e+01  8.10057508e+01]
 [ 2.64033425e+02 -1.36270499e+02]
 [ 1.75875605e+02 -8.86900863e+01]
 [ 4.33192888e+02 -6.11985071e+00]
 [ 1.33698052e+02 -1.32581586e+02]
 [ 3.89243368e+02 -2.73614859e+02]
 [ 3.90191993e+02  6.14866614e+01]
 [ 1.79277333e+01 -1.77940508e+01]
 [ 4.22337665e+02 -2.55908509e+02]
 [ 4.48392593e+02 -7.70980905e+00]
 [ 3.66895052e+02 -2.49605748e+02]
 [ 1.59532221e+02 -1.41772243e+02]
 [ 3.75157699e+01 -3.09481310e+01]
 [ 8.24473893e+02 -5.57507025e+02]
 [ 3.66174348e+02  6.88531005e+00]
 [ 2.37862755e+02 -1.18231335e+02]
 [ 4.85885749e+02 -2.81166469e+02]
 [ 4.23335804e+02 -1.98773532e+02]
 [ 5.90183905e+02 -4.11771748e+02]
 [ 5.76089597e+01  6.77828671e+01]
 [ 6.61233877e+01  3.35541812e-01]
 [ 3.67893112e+02 -1.84978371e+02]
 [ 3.95695582e+02 -2.06372722e+02]
 [ 3.09311476e+02 -2.02439600e+02]
 [ 3.74227035e+02 -1.55750241e+02]
 [ 1.88562325e+01  4.81481946e+01]
 [ 4.43619460e+02 -1.80708408e+02]
 [ 3.72728152e+02 -3.58613090e+02]
 [ 3.49382670e+02 -3.41056235e+02]
 [ 3.68440750e+02 -3.50125803e+02]
 [ 2.27896172e+02  8.45410118e+01]
 [ 4.71319939e+02 -2.37620354e+02]
 [ 2.30750253e+02 -1.10236391e+02]
 [ 4.01618761e+02 -3.49125738e+02]
 [ 1.81002607e+02 -1.56557525e+02]
 [ 5.14557372e+02 -5.68178621e+01]
 [ 5.32247957e+02 -4.63516706e+02]
 [ 4.16520484e+02 -1.84301393e+02]
 [ 4.96819489e+02 -1.50623390e+02]
 [ 3.50605002e+02  5.97457780e+01]
 [ 1.40145192e+02  1.23724598e+02]
 [ 2.97248155e+02 -1.80918415e+02]
 [ 2.06177218e+02 -1.87883789e+02]
 [ 6.32172713e+01 -4.63239729e+00]
 [ 8.41670617e+01  7.54055131e+01]
 [ 3.29329450e+02 -2.97085640e+02]
 [ 3.14798517e+02  3.79799994e+01]
 [ 4.32762465e+02 -4.23251933e+02]
 [ 5.48886506e+02 -4.60060517e+02]
 [ 2.65136516e+02  1.54898119e+02]
 [ 5.18155286e+02 -4.47318512e+02]
 [ 1.61081625e+02 -1.02673793e+02]
 [ 3.65530017e+02 -1.20703777e+02]
 [ 5.35632125e+02 -4.17327720e+02]
 [ 1.25400692e+02 -7.75855351e+01]
 [ 8.39101389e+01  9.89804418e+01]
 [ 4.77439268e+02 -3.30301741e+02]
 [ 4.56076052e+02 -1.60777716e+02]
 [ 1.67890085e+02 -1.52133687e+02]
 [ 3.56314470e+02 -1.57850412e+01]
 [ 8.60244790e+01  9.80116897e+01]
 [ 3.50949810e+02 -2.04589265e+02]
 [ 1.87503917e+02  1.20764047e+02]
 [ 8.77681433e+00 -4.40557855e+00]
 [ 1.80965213e+02  1.20747288e+02]
 [ 3.55630823e+02 -3.39936613e+02]
 [ 2.33634811e+02 -2.21450627e+02]
 [ 1.23317370e+01 -1.09084676e+01]
 [ 3.24210646e+02 -2.88194382e+02]
 [ 3.35473895e+02 -2.04971424e+02]
 [ 3.89271791e+01  1.30613069e+01]
 [ 1.07581531e+02  1.04609607e+02]
 [ 3.43291821e+02 -3.43541794e+02]
 [ 4.11978970e+02 -4.12113337e+02]
 [ 2.92862035e+02 -8.41610647e+01]
 [ 6.00706076e+02 -3.90528520e+02]
 [ 2.73609953e+02 -1.67746965e+02]
 [ 2.74985914e+02 -2.43433966e+02]
 [ 3.01873675e+02 -3.00993745e+02]
 [ 3.77021022e+02 -6.30300534e+01]
 [ 3.16083723e+02  1.28514691e+02]
 [ 3.74447642e+02 -2.03190590e+02]
 [ 2.58752530e+02  1.17509632e+02]
 [ 1.78716907e+02 -1.38625014e+02]
 [ 4.10953284e+02 -3.44234248e+02]
 [ 1.97885792e+01  4.91926915e+01]
 [ 3.98830797e+02 -1.52989607e+02]
 [ 3.05892922e+02 -2.21078155e+02]
 [ 3.04084397e+02  1.12339211e+01]
 [ 3.50229663e+02 -2.65957765e+02]
 [ 1.78509634e+02 -1.50391482e+02]
 [ 4.80069049e+02 -2.09405514e+01]
 [ 1.04287845e+02  9.87188868e+01]
 [ 3.93437503e+02 -3.78708437e+02]
 [ 3.50693600e+02 -2.68792195e+02]
 [ 4.24031249e+01 -4.09995982e+01]
 [ 2.96056374e+02  1.59772218e+02]
 [ 3.76043316e+02 -3.73502060e+02]
 [ 1.48803032e+02 -1.14454753e+02]
 [ 3.14605350e+02 -1.83544362e+02]
 [ 1.63396002e+01  3.93643711e+01]
 [ 3.80595881e+02 -3.79838093e+02]
 [ 4.04663027e+02 -1.41449662e+02]
 [ 3.60310735e+02 -1.61537624e+02]
 [ 3.03100836e+02 -3.03122172e+02]
 [ 2.94691430e+02 -2.94522438e+02]
 [ 3.63632149e+02 -1.66183940e+02]
 [ 4.37688374e+02 -3.60820568e+02]
 [ 5.44133968e+02 -3.82757970e+02]
 [ 5.66747974e+02 -3.46171511e+02]
 [ 2.45043826e+02 -1.63017466e+02]
 [ 3.36367482e+02 -2.00725977e+02]
 [ 6.78500672e+01  5.66067268e+01]
 [ 2.62479308e+02  1.59634460e+02]
 [ 4.37534723e+02 -1.79415620e+02]
 [ 6.64490277e+01  8.38679116e+01]
 [ 3.37952148e+02 -3.35714941e+02]
 [ 1.99646423e+02 -1.78127028e+01]
 [ 1.44314499e+02 -9.38839857e+01]
 [ 9.99061146e+00  9.62715613e+00]
 [ 3.69640179e+02 -3.01279135e+02]
 [ 3.34543107e+02 -3.32601771e+02]
 [ 1.23028570e+02  5.71181750e+01]
 [ 2.52725186e+02 -1.27332417e+02]
 [ 2.40614177e+02 -2.29156431e+02]
 [ 1.42736672e+02 -1.70090566e-02]
 [ 3.49660034e+02 -3.42688102e+02]
 [ 4.94883952e+02 -2.66777145e+02]
 [ 2.83220442e+02 -1.54938369e+02]
 [ 2.77738742e+02  1.42211702e+02]
 [ 2.12801359e+02 -1.80025148e+02]
 [ 3.05921155e+02  8.45715197e+01]
 [ 2.13307995e+02 -1.66594092e+02]
 [ 5.21113097e+02 -4.39537812e+02]
 [ 1.77872071e+02  3.93902902e+01]
 [ 9.28757308e+01  7.53128609e+01]
 [ 4.07334059e+02 -1.00772105e+02]
 [ 7.07554826e+02 -4.66962521e+02]
 [ 2.11639293e+02 -1.31648763e+02]
 [ 3.78046472e+02 -1.85651484e+02]
 [ 3.06163018e+02  1.03139376e+02]
 [ 3.17237333e+02 -1.93178688e+02]
 [ 6.70768828e+02 -5.11293928e+02]
 [ 2.56652209e+02 -2.56899352e+02]
 [ 2.72113844e+02 -1.60824105e+02]
 [ 4.58647553e+02 -4.06229429e+02]
 [ 3.69786267e+02 -1.04445432e+02]
 [ 3.78634561e+02 -3.00401391e+02]
 [ 3.88224842e+02 -1.59185897e+02]
 [ 7.49219190e+01  3.51411353e+01]
 [ 6.35798028e+01 -5.48243611e+01]
 [ 5.38950529e+02 -1.41959373e+02]
 [ 1.03778334e+01 -7.25840189e+00]
 [ 2.16822711e+02 -2.16889596e+02]
 [ 4.29988237e+02 -2.60918737e+02]
 [ 3.59925379e+02 -1.61038337e+02]
 [ 3.06472601e+02  8.25562075e+01]
 [ 1.90852345e+02 -1.51220444e+02]
 [ 3.05809533e+02 -2.22600031e+02]
 [ 3.11758801e+02 -1.47306512e+02]
 [ 5.56476711e+02 -3.46695121e+02]
 [ 1.36920080e+02  7.13198147e+01]
 [ 3.85363920e+02 -3.77067618e+02]
 [ 1.46704154e+01 -1.34041901e+01]
 [ 3.16683295e+02 -1.46794868e+02]
 [ 1.85178922e+02  4.56053074e+01]
 [ 2.38650507e+02  1.21988469e+02]
 [ 2.01411380e+02  6.49308591e+01]
 [ 5.33333115e+02 -4.80565422e+02]
 [ 3.96990060e+02  4.36622578e+01]
 [ 9.99781418e+01 -5.47769218e+01]
 [ 2.77829970e+02  8.10869763e+01]
 [ 4.23668491e+02 -2.79106895e+02]
 [ 6.44999108e+01 -5.97787212e+01]
 [ 1.81843095e+02 -1.38255235e+02]
 [ 4.06339320e+02 -1.81099459e+02]
 [ 2.24151774e+02  8.41542974e+01]
 [ 2.02780987e+02 -1.36707692e+02]
 [ 3.09279599e+02 -2.53527276e+02]
 [ 9.22419212e+00 -4.99384300e+00]
 [ 2.43696959e+02 -6.05588547e+01]
 [ 9.81006517e+01 -3.49774660e+01]
 [ 2.00434780e+02  1.18492752e+02]
 [ 2.33203104e+02 -2.28829239e+02]
 [ 1.09362961e+02 -5.16569597e+00]
 [ 5.93567478e+00  3.21556811e+01]
 [ 4.31320286e+02 -1.71389040e+02]
 [ 5.87775590e+01 -5.81473663e+01]
 [ 2.77579927e+02 -2.34827205e+02]
 [ 1.74553962e+02 -1.47416971e+02]
 [ 5.07205020e+02 -4.14672730e+02]
 [ 4.27084496e+02 -3.62092146e+02]
 [ 1.37790764e+01  1.93980748e+01]
 [ 5.15832053e+02 -1.20105569e+02]
 [ 3.00541249e+02  1.16979629e+02]
 [ 2.21588465e+02  3.16757290e+01]
 [ 3.98420466e+02 -1.75526550e+02]
 [ 3.48017895e+02 -3.45388223e+02]
 [ 3.71808848e+02 -1.56610118e+02]
 [ 1.12052941e+02 -7.74581905e+01]
 [ 2.07235609e+02  3.04129175e+01]
 [ 2.66581168e+02  1.52634335e+02]
 [ 1.09923502e+02 -8.99867348e+01]
 [ 4.27540717e+02 -1.73073162e+02]
 [ 1.49560631e+02  8.40075608e+01]
 [ 5.82169649e+02 -3.56456694e+02]
 [ 3.05015790e+02 -1.49490113e+02]
 [ 3.43619534e+02 -3.16118632e+02]
 [ 3.23057444e+02 -2.61485844e+02]
 [ 1.51618212e+02 -8.92454900e+01]
 [ 1.55453525e+02 -9.66115149e+01]
 [ 4.60711697e+02 -1.48219374e+02]
 [ 1.00479456e+02 -1.00252157e+02]
 [ 8.77343756e+00  2.75233404e+01]
 [ 3.57908234e+02 -2.67948536e+02]
 [ 7.96655993e+01  7.37486379e+01]
 [ 4.61241035e+01  5.71076384e+01]]
