[[0.74846964 0.1258495  0.41162318]
 [0.19330534 0.67698295 0.90905266]
 [0.51006461 0.56988763 0.04280414]
 [0.11971321 0.33969962 0.63693504]
 [0.35350687 0.69138589 0.38695434]
 [0.49948442 0.83427297 0.80566358]
 [0.98211065 0.22290188 0.89927662]
 [0.27487467 0.98924701 0.78954812]
 [0.87711133 0.87320254 0.80000429]
 [0.43275512 0.03037871 0.18367923]
 [0.02460432 0.66570939 0.3025051 ]
 [0.44295121 0.55048725 0.25248436]
 [0.89880763 0.8447421  0.08196343]
 [0.89447846 0.83052691 0.30038325]
 [0.1413198  0.28364203 0.75626912]
 [0.79002275 0.27151502 0.61665117]
 [0.91643431 0.95304741 0.96670629]
 [0.35372067 0.0311074  0.28582534]
 [0.16619193 0.78500378 0.01937035]
 [0.61256119 0.43667424 0.51416886]
 [0.26328695 0.30834658 0.6802266 ]
 [0.81491291 0.2601807  0.01664998]
 [0.66338685 0.06473187 0.6009996 ]
 [0.88124068 0.77993244 0.33266824]
 [0.06087543 0.99556388 0.73098477]
 [0.99726737 0.77552704 0.32182768]
 [0.0302013  0.14593909 0.29951425]
 [0.45143068 0.11519439 0.33114813]
 [0.53178409 0.33436227 0.86156148]
 [0.6472378  0.14222815 0.33478745]
 [0.01223863 0.46472886 0.59170029]
 [0.645269   0.50489363 0.28647726]
 [0.77269511 0.96724855 0.47586291]
 [0.85282769 0.80868478 0.30122029]
 [0.54675099 0.84121542 0.86063881]
 [0.66836907 0.73007421 0.693177  ]
 [0.49912937 0.70282882 0.70447711]
 [0.88404175 0.92034203 0.66336185]
 [0.06165138 0.98241789 0.21599372]
 [0.33392425 0.12787004 0.26887135]
 [0.71036794 0.85024764 0.73646273]
 [0.79712942 0.64560189 0.44138148]
 [0.71515111 0.62581487 0.80254059]
 [0.87004393 0.71035475 0.04728916]
 [0.99424225 0.49157641 0.77319   ]
 [0.31056887 0.28903311 0.13307512]
 [0.42075071 0.06047016 0.75776312]
 [0.06776728 0.71637505 0.43073933]
 [0.73636053 0.37011701 0.72795075]
 [0.6624964  0.02181488 0.39239393]
 [0.03115645 0.55798215 0.63702654]
 [0.81225653 0.70919282 0.63433665]
 [0.07592674 0.68939464 0.70431757]
 [0.52628848 0.23603852 0.1748987 ]
 [0.62687381 0.10224769 0.98748216]
 [0.29125906 0.94356317 0.31572722]
 [0.13490156 0.91159827 0.45483736]
 [0.03198738 0.90463588 0.80902887]
 [0.62378402 0.61801798 0.7155389 ]
 [0.14502275 0.41422708 0.76462348]
 [0.43551734 0.16664179 0.44314589]
 [0.51433043 0.67061161 0.16754763]
 [0.9532404  0.78083206 0.49072961]
 [0.41579524 0.27094701 0.15106075]
 [0.89354807 0.86950501 0.32904353]
 [0.76456962 0.12130895 0.49731164]
 [0.28887491 0.422664   0.54355753]
 [0.40967207 0.12550267 0.31586809]
 [0.03004188 0.13044554 0.24173864]
 [0.71972311 0.35910995 0.51897244]
 [0.52492785 0.32089865 0.33266846]
 [0.04812513 0.59046884 0.27639921]
 [0.33192538 0.77223294 0.52844421]
 [0.89705049 0.40998548 0.9785309 ]
 [0.02444588 0.37769054 0.97402923]
 [0.61310607 0.24641384 0.2977649 ]
 [0.83592297 0.26681559 0.82021993]
 [0.74700984 0.12056455 0.47469091]
 [0.71696879 0.06085528 0.51202147]
 [0.79579904 0.69956479 0.35198201]
 [0.83137935 0.73326973 0.07613756]
 [0.46080616 0.20523665 0.36786332]
 [0.11884593 0.82788321 0.42497766]
 [0.57151453 0.54936783 0.08114412]
 [0.43906214 0.55524788 0.34401974]
 [0.96652185 0.60595596 0.1629413 ]
 [0.48286002 0.62973622 0.79287322]
 [0.08309033 0.12016657 0.59828717]
 [0.91361128 0.39211952 0.79540646]
 [0.10267256 0.94899454 0.44874865]
 [0.02147532 0.4214905  0.72395216]
 [0.58194945 0.24873179 0.17072557]
 [0.61263324 0.75916557 0.90571801]
 [0.73115609 0.27851924 0.74232492]
 [0.23600465 0.43066066 0.83136716]
 [0.63882814 0.20085093 0.72051947]
 [0.84936788 0.35936006 0.48275059]
 [0.13104944 0.98275523 0.80058314]
 [0.30694258 0.87036868 0.9449559 ]
 [0.43031487 0.41347322 0.13909295]
 [0.39279753 0.03877128 0.90197907]
 [0.1436028  0.53111942 0.21370108]
 [0.23778625 0.7982081  0.01638406]
 [0.54225189 0.13820715 0.14036015]
 [0.54990275 0.39108527 0.46157566]
 [0.7913336  0.99191827 0.87235624]
 [0.05235771 0.14975827 0.11247123]
 [0.56997189 0.19095727 0.00946805]
 [0.97781689 0.74390669 0.703783  ]
 [0.9698522  0.35327677 0.32939695]
 [0.07806004 0.88863175 0.20336502]
 [0.56042859 0.15988721 0.42793389]
 [0.87508613 0.59450603 0.62438856]
 [0.90629087 0.93705781 0.91450395]
 [0.52594146 0.1236549  0.39046128]
 [0.99903174 0.2907903  0.70906733]
 [0.05908034 0.45400518 0.48808657]
 [0.02552315 0.61139338 0.32312444]
 [0.42356901 0.70652845 0.10573175]
 [0.84134719 0.11056123 0.54152948]
 [0.36864531 0.02220296 0.82536901]
 [0.92475822 0.45581632 0.744071  ]
 [0.49088719 0.14176738 0.79334703]
 [0.40268386 0.9874216  0.03989599]
 [0.39997414 0.56133735 0.52989078]
 [0.30154052 0.79577527 0.3006591 ]
 [0.08736012 0.59406193 0.62424044]
 [0.3443893  0.76044406 0.14817869]
 [0.74373619 0.29070142 0.2319827 ]
 [0.14955539 0.77586562 0.49419706]
 [0.94780756 0.39595749 0.39843807]
 [0.50644322 0.22480784 0.2720443 ]
 [0.54030241 0.55087544 0.02943791]
 [0.92451352 0.49369099 0.618904  ]
 [0.96651581 0.75724271 0.59673706]
 [0.68701702 0.13676057 0.57990393]
 [0.55293468 0.37280342 0.02101053]
 [0.92393792 0.19222635 0.6379215 ]
 [0.68400545 0.41169397 0.53938659]
 [0.81523362 0.81523288 0.55802625]
 [0.97919062 0.7660579  0.71878663]
 [0.71972943 0.63214487 0.59396009]
 [0.50575558 0.84524519 0.22218476]
 [0.6927678  0.51291034 0.0798599 ]
 [0.02301496 0.2645521  0.51071949]
 [0.22371826 0.20121247 0.64991831]
 [0.06789334 0.76851512 0.54605867]
 [0.28289383 0.16076462 0.70875203]
 [0.21559048 0.09722961 0.7264369 ]
 [0.04135557 0.69189823 0.22097636]
 [0.83083652 0.38485873 0.78220595]
 [0.36906641 0.99765565 0.64756324]
 [0.20700728 0.41892818 0.2788768 ]
 [0.77507579 0.20244444 0.85937615]
 [0.15069901 0.04186774 0.86966841]
 [0.06558214 0.68487482 0.86262422]
 [0.59148884 0.86485318 0.92282412]
 [0.84112633 0.11510073 0.64661224]
 [0.97632548 0.59768749 0.86848684]
 [0.01808066 0.79939936 0.71801693]
 [0.5442187  0.89971133 0.43358314]
 [0.03965758 0.2937536  0.47915968]
 [0.92633665 0.10608812 0.99701434]
 [0.26180652 0.29094134 0.3934735 ]
 [0.92269547 0.98403592 0.15004082]
 [0.25598956 0.37518837 0.0382137 ]
 [0.58372521 0.76272222 0.28227108]
 [0.40850931 0.44100397 0.72409875]
 [0.63856961 0.95712617 0.42384439]
 [0.56557468 0.90061127 0.9197702 ]
 [0.52469996 0.52463312 0.56381155]
 [0.34276879 0.28793734 0.9353938 ]
 [0.12085379 0.20422651 0.49716094]
 [0.58316672 0.24303103 0.60784483]
 [0.24370263 0.3481496  0.41069537]
 [0.10238859 0.84350505 0.50177717]
 [0.1432124  0.63864558 0.64698963]
 [0.90379103 0.31646433 0.66491876]
 [0.65035297 0.72836668 0.06307833]
 [0.25208697 0.74980421 0.96531959]
 [0.11050583 0.02402023 0.57253127]
 [0.83941073 0.20657584 0.72776655]
 [0.27272993 0.73416149 0.17182519]
 [0.40580044 0.17895814 0.29507314]
 [0.63094672 0.89385475 0.28097831]
 [0.12901785 0.21244621 0.64664119]
 [0.45629517 0.60607436 0.72883489]
 [0.8627903  0.30211791 0.72212703]
 [0.44826434 0.85852968 0.98559423]
 [0.73219638 0.24032506 0.98793339]
 [0.5098699  0.635254   0.41575888]
 [0.70202553 0.82234788 0.33714996]
 [0.73431637 0.2202187  0.84863551]
 [0.734701   0.09528027 0.11242576]
 [0.14196557 0.78762361 0.94774106]
 [0.21991629 0.76415015 0.62141403]
 [0.48751139 0.99838684 0.86259796]
 [0.10923262 0.39123088 0.79395218]
 [0.53516881 0.85502471 0.88291336]
 [0.85967078 0.09851491 0.667904  ]
 [0.66351812 0.25910608 0.73780801]
 [0.14750835 0.39884337 0.99825688]
 [0.54262296 0.2035304  0.49796249]
 [0.10497599 0.21600205 0.96649116]
 [0.28605897 0.02983839 0.85792369]
 [0.26734681 0.14902512 0.13559353]
 [0.4921292  0.25712892 0.88460268]
 [0.25258501 0.08623295 0.02570578]
 [0.00373473 0.31504946 0.66244706]
 [0.36866626 0.94490069 0.5454378 ]
 [0.00175994 0.28300669 0.69739397]
 [0.62142337 0.22900155 0.2603599 ]
 [0.15863416 0.441655   0.93059399]
 [0.32090768 0.57734307 0.35107227]
 [0.94573317 0.23716984 0.26913152]
 [0.67003493 0.1426575  0.91376079]
 [0.01778269 0.43181734 0.43689415]
 [0.20154004 0.7334537  0.83063422]
 [0.29518733 0.04065777 0.02378429]
 [0.39490771 0.37742281 0.2602794 ]
 [0.00403241 0.94242708 0.27854318]
 [0.16768653 0.54505374 0.42656148]
 [0.3424595  0.02156763 0.76402705]
 [0.4643094  0.44289501 0.05815428]
 [0.27837157 0.6180973  0.77782202]
 [0.68941188 0.0162259  0.90478719]
 [0.59262321 0.75663353 0.70546371]
 [0.88402732 0.12054811 0.09441915]
 [0.25731584 0.64089225 0.94825588]
 [0.58841095 0.26451653 0.44877344]
 [0.20158518 0.48201734 0.71430929]
 [0.35030889 0.20570817 0.35661575]
 [0.46663999 0.71262536 0.30587591]
 [0.20591734 0.74597543 0.29291045]
 [0.91178321 0.94248919 0.24332953]
 [0.66208859 0.40252234 0.50970222]
 [0.94235774 0.74875517 0.58868423]
 [0.91954806 0.75686424 0.61447729]
 [0.7490197  0.54744397 0.01239012]
 [0.77253267 0.96655524 0.47013655]
 [0.72873208 0.81995409 0.99434979]
 [0.45068007 0.5585316  0.70777505]
 [0.26025142 0.65597513 0.90928755]
 [0.34029056 0.22769033 0.49365939]
 [0.79888278 0.01674301 0.80839981]
 [0.96133252 0.03600702 0.55798015]
 [0.17167701 0.16968896 0.38414159]
 [0.73993146 0.94764286 0.98211959]
 [0.91722235 0.75669947 0.48825141]
 [0.89934259 0.69309556 0.4257222 ]
 [0.87988437 0.5952161  0.34053638]
 [0.80362281 0.23769398 0.27389279]
 [0.69121083 0.84647233 0.15635281]
 [0.47380989 0.49145252 0.08567336]
 [0.14270724 0.62834397 0.92748933]
 [0.5063642  0.88348026 0.09724789]
 [0.6117656  0.80467587 0.17427784]
 [0.51209878 0.41062509 0.99854231]
 [0.29417329 0.88280106 0.85914741]
 [0.2911483  0.5123446  0.90378245]
 [0.38308967 0.68276798 0.61797123]
 [0.95498247 0.90868383 0.27776682]
 [0.79439609 0.17050296 0.53853664]
 [0.38421689 0.0216262  0.3103432 ]
 [0.03223299 0.18502703 0.76251524]
 [0.83567684 0.1360898  0.93116467]
 [0.5003668  0.77753543 0.00925472]
 [0.89888604 0.64790401 0.90161596]
 [0.01314031 0.56082732 0.86494274]
 [0.77380815 0.12390914 0.6194475 ]
 [0.94332951 0.70593942 0.47673081]
 [0.51164021 0.67640835 0.57763386]
 [0.82313772 0.883001   0.44432828]
 [0.88574671 0.51849938 0.3974374 ]
 [0.37249955 0.91255195 0.66991655]
 [0.39344198 0.98340738 0.04627448]
 [0.88035735 0.62219254 0.46719568]
 [0.81172136 0.7624246  0.49321216]
 [0.58586312 0.19274246 0.85239587]
 [0.68564656 0.45133162 0.05919989]
 [0.34721659 0.51210361 0.64992604]
 [0.64201875 0.56330063 0.87315822]
 [0.59786605 0.6659095  0.35535432]
 [0.240564   0.98039694 0.96718666]
 [0.37822439 0.5749594  0.17778517]
 [0.50384128 0.25554124 0.91309757]
 [0.56915651 0.44893883 0.03556499]
 [0.06586883 0.49816245 0.31713762]
 [0.34762459 0.82093231 0.76232298]
 [0.19448858 0.33549339 0.2105089 ]
 [0.38743628 0.94142575 0.63519521]
 [0.59046501 0.16988335 0.69074339]
 [0.32950901 0.86260805 0.33425474]
 [0.01238143 0.99180879 0.9553708 ]
 [0.43161399 0.10959593 0.47996909]
 [0.64296058 0.94412345 0.69947169]
 [0.90649596 0.95779309 0.81366649]]
