[[3.14578290e+00 1.67003848e+03]
 [1.70783636e+00 4.66866168e+02]
 [2.61078471e+00 3.66440819e+03]
 [8.87639032e-01 1.06240468e+03]
 [2.16197144e+00 5.87563895e+02]
 [3.10941002e+00 2.02791440e+02]
 [4.32627373e+00 5.36742558e+02]
 [2.38113427e+00 3.75730478e+02]
 [4.69617416e+00 1.46657917e+02]
 [1.76373148e+00 1.45769227e+04]
 [7.94200377e-01 1.07791436e+04]
 [2.34309352e+00 7.16742367e+02]
 [4.44356004e+00 1.15931019e+03]
 [4.45517532e+00 3.34826366e+02]
 [9.30916134e-01 7.61793631e+02]
 [3.51640995e+00 5.61353985e+02]
 [5.09683714e+00 1.20772392e+02]
 [1.45084340e+00 9.35789637e+03]
 [1.44992655e+00 2.48512133e+04]
 [2.96141948e+00 4.00648638e+02]
 [1.44118937e+00 4.61292178e+02]
 [3.51989666e+00 1.84697645e+04]
 [2.75885518e+00 2.39915736e+03]
 [4.35908945e+00 3.24947963e+02]
 [1.48072367e+00 1.82756583e+03]
 [4.81665947e+00 3.36720993e+02]
 [2.73487920e-01 8.86872055e+03]
 [1.93324628e+00 2.20918013e+03]
 [2.61726315e+00 3.66561162e+02]
 [2.74799057e+00 1.77175546e+03]
 [5.89475233e-01 1.11674901e+04]
 [3.11289039e+00 5.75343840e+02]
 [4.18375468e+00 2.19104690e+02]
 [4.26554538e+00 3.42993478e+02]
 [3.34691576e+00 1.73902687e+02]
 [3.60164474e+00 1.92345580e+02]
 [2.88696527e+00 2.31016552e+02]
 [4.68889408e+00 1.57245733e+02]
 [1.25203795e+00 6.01642243e+03]
 [1.47112246e+00 2.40953462e+03]
 [3.94517500e+00 1.58667909e+02]
 [3.91356345e+00 3.06875275e+02]
 [3.72004071e+00 2.04238420e+02]
 [4.19156751e+00 2.38417535e+03]
 [4.67196248e+00 2.66058434e+02]
 [1.53454389e+00 2.09825039e+03]
 [1.78880660e+00 2.19051392e+03]
 [1.05264215e+00 2.75650628e+03]
 [3.45161697e+00 3.67267260e+02]
 [2.68614011e+00 1.00395134e+04]
 [7.87776551e-01 4.08153200e+03]
 [4.12946931e+00 2.10590692e+02]
 [1.15160293e+00 1.51899685e+03]
 [2.34678682e+00 1.96726742e+03]
 [2.72647283e+00 1.11353550e+03]
 [2.15813493e+00 8.72664278e+02]
 [1.54454675e+00 1.31221975e+03]
 [1.29415945e+00 3.15394009e+03]
 [3.29467854e+00 2.22449245e+02]
 [1.11203518e+00 7.34512809e+02]
 [1.93499878e+00 1.18493245e+03]
 [2.73908496e+00 9.29159216e+02]
 [4.71133249e+00 2.32564648e+02]
 [1.93838755e+00 1.97675778e+03]
 [4.50163098e+00 2.94365736e+02]
 [3.21730641e+00 1.48100755e+03]
 [1.64718744e+00 5.14171376e+02]
 [1.77540430e+00 2.11632671e+03]
 [2.54589635e-01 1.10359194e+04]
 [3.30761189e+00 4.83621872e+02]
 [2.44514997e+00 7.89773666e+02]
 [8.05568190e-01 6.02858861e+03]
 [2.21266476e+00 4.60052753e+02]
 [4.26762703e+00 2.78997542e+02]
 [6.27885613e-01 3.45796771e+03]
 [2.71631582e+00 1.13762286e+03]
 [3.75835169e+00 4.72786837e+02]
 [3.14246495e+00 1.54734177e+03]
 [2.95964388e+00 2.88444182e+03]
 [3.93713129e+00 3.44432194e+02]
 [4.06151178e+00 1.43708497e+03]
 [2.06968579e+00 1.12903756e+03]
 [1.37760150e+00 1.59285765e+03]
 [2.83770193e+00 1.80050684e+03]
 [2.34991795e+00 5.31595053e+02]
 [4.48324100e+00 8.20933096e+02]
 [2.77267803e+00 2.13026417e+02]
 [4.76089827e-01 1.62717483e+03]
 [4.22703140e+00 3.27741780e+02]
 [1.45343363e+00 1.74722322e+03]
 [6.07646778e-01 5.22925058e+03]
 [2.58224780e+00 1.91116802e+03]
 [3.53682939e+00 1.56976614e+02]
 [3.32143131e+00 4.81895774e+02]
 [1.52424582e+00 4.16447234e+02]
 [2.84399374e+00 6.81350378e+02]
 [3.82116814e+00 5.12067691e+02]
 [1.79349276e+00 7.77637558e+02]
 [2.45905534e+00 2.83409212e+02]
 [2.13975357e+00 1.40442473e+03]
 [1.66285350e+00 3.08070488e+03]
 [1.11834202e+00 2.61059364e+03]
 [1.74946821e+00 2.05345528e+04]
 [2.30990441e+00 4.16439655e+03]
 [2.64494331e+00 4.88107352e+02]
 [4.55604022e+00 1.22687572e+02]
 [3.60216130e-01 1.35906264e+04]
 [2.47085980e+00 4.42499622e+04]
 [4.88101710e+00 1.86852298e+02]
 [4.26448948e+00 7.23808447e+02]
 [1.21946474e+00 5.04598038e+03]
 [2.42841855e+00 1.27178976e+03]
 [4.24361034e+00 2.54076492e+02]
 [4.98851457e+00 1.26506226e+02]
 [2.24651206e+00 1.77874472e+03]
 [4.41490093e+00 4.75630603e+02]
 [7.43271689e-01 2.79485642e+03]
 [7.44943860e-01 9.73191647e+03]
 [2.40533452e+00 1.78694860e+03]
 [3.52182150e+00 1.51952189e+03]
 [1.53443464e+00 5.66037342e+03]
 [4.33063970e+00 2.94009368e+02]
 [2.18275990e+00 9.07954860e+02]
 [2.59902266e+00 4.97987194e+03]
 [2.24914904e+00 3.80758302e+02]
 [2.04052917e+00 8.84898226e+02]
 [1.05397726e+00 1.48473873e+03]
 [2.14724932e+00 1.56874507e+03]
 [3.27836477e+00 1.21778223e+03]
 [1.46821004e+00 1.09062973e+03]
 [4.23622218e+00 5.45853387e+02]
 [2.26343077e+00 1.35563475e+03]
 [2.71238226e+00 5.02988297e+03]
 [4.32265271e+00 3.07913841e+02]
 [4.79066841e+00 2.06165957e+02]
 [2.93488983e+00 1.16606610e+03]
 [2.58465492e+00 1.02157206e+04]
 [3.97046406e+00 7.73834710e+02]
 [3.22854956e+00 4.09324753e+02]
 [4.22608660e+00 2.01381769e+02]
 [4.92291752e+00 1.78925273e+02]
 [3.64572785e+00 2.47816988e+02]
 [2.89199788e+00 7.13023737e+02]
 [3.28616675e+00 1.95929680e+03]
 [3.89864489e-01 6.86133754e+03]
 [1.14658259e+00 7.29602389e+02]
 [1.14972072e+00 2.17787571e+03]
 [1.34624975e+00 8.60573105e+02]
 [9.96644086e-01 1.39995503e+03]
 [8.74264286e-01 8.76742174e+03]
 [3.87490383e+00 3.37387759e+02]
 [2.68405280e+00 3.39094785e+02]
 [1.26495279e+00 1.38913655e+03]
 [3.43797739e+00 6.06305620e+02]
 [6.72364465e-01 2.91178317e+03]
 [1.17284038e+00 1.44661814e+03]
 [3.60494089e+00 1.50412916e+02]
 [3.54524890e+00 1.28003702e+03]
 [4.78792355e+00 2.04127127e+02]
 [1.05760002e+00 6.26076592e+03]
 [3.17026796e+00 3.41020641e+02]
 [4.85499133e-01 4.24011225e+03]
 [3.96852145e+00 1.06804246e+03]
 [1.36493370e+00 7.80342282e+02]
 [4.68842815e+00 5.78265766e+02]
 [1.39946719e+00 8.17840229e+03]
 [3.13323293e+00 4.86736387e+02]
 [2.20507318e+00 3.09305486e+02]
 [3.60812616e+00 2.97234893e+02]
 [3.54496752e+00 1.57800657e+02]
 [2.72182061e+00 3.10483712e+02]
 [1.80233527e+00 4.06718289e+02]
 [7.15208227e-01 1.34171900e+03]
 [2.64385242e+00 6.33742223e+02]
 [1.35630262e+00 8.03502312e+02]
 [1.35650287e+00 1.56934349e+03]
 [1.34095233e+00 8.74621325e+02]
 [4.04480767e+00 4.56558964e+02]
 [3.33154961e+00 1.95035963e+03]
 [2.07945374e+00 3.38189865e+02]
 [4.74206729e-01 6.70314482e+03]
 [3.66825459e+00 6.58132849e+02]
 [1.83684605e+00 1.70871916e+03]
 [1.81419865e+00 1.57956406e+03]
 [3.45847469e+00 4.52369530e+02]
 [7.75764881e-01 9.71356976e+02]
 [2.60519789e+00 2.44515932e+02]
 [3.87960565e+00 4.52304855e+02]
 [3.05211637e+00 1.86490379e+02]
 [3.35461900e+00 4.73650601e+02]
 [2.73843695e+00 3.79421939e+02]
 [3.68588775e+00 3.39196387e+02]
 [3.29147251e+00 5.61438017e+02]
 [3.03584510e+00 7.51533984e+03]
 [1.66873767e+00 6.11051264e+02]
 [1.78989006e+00 5.92420495e+02]
 [3.31337745e+00 1.94611003e+02]
 [9.44999651e-01 9.40446538e+02]
 [3.33279954e+00 1.73384827e+02]
 [3.60475836e+00 1.46208455e+03]
 [3.02084111e+00 5.20047951e+02]
 [1.17168853e+00 5.59952304e+02]
 [2.41461496e+00 8.81790813e+02]
 [7.32386024e-01 8.11191251e+02]
 [1.20957324e+00 4.11760754e+03]
 [1.22039033e+00 3.99528391e+03]
 [2.35937563e+00 4.69578540e+02]
 [1.09662232e+00 3.61018449e+04]
 [3.93048939e-01 3.27759412e+04]
 [2.56462893e+00 4.01524353e+02]
 [3.52177251e-01 6.61630172e+04]
 [2.72758948e+00 1.38649987e+03]
 [1.25479131e+00 5.56389773e+02]
 [1.90045408e+00 7.12819677e+02]
 [4.03709466e+00 1.29792860e+03]
 [2.94242664e+00 8.31334925e+02]
 [5.42784354e-01 1.03583705e+04]
 [1.77683499e+00 4.88074802e+02]
 [1.22143945e+00 8.27520924e+04]
 [1.97296911e+00 8.41503437e+02]
 [9.94472617e-01 7.13974751e+04]
 [1.26711937e+00 1.12477504e+03]
 [1.42174460e+00 6.10970680e+03]
 [2.30107716e+00 3.11129140e+03]
 [1.91740356e+00 3.76395490e+02]
 [2.84919674e+00 7.34866034e+03]
 [3.33304337e+00 1.94306839e+02]
 [3.65817855e+00 7.05987090e+03]
 [1.94101050e+00 3.36954190e+02]
 [2.65834258e+00 7.38675002e+02]
 [1.41145631e+00 5.64367204e+02]
 [1.62519058e+00 1.15780003e+03]
 [2.61722611e+00 5.62119726e+02]
 [1.60319284e+00 1.32991376e+03]
 [4.62386485e+00 3.61248180e+02]
 [3.12156251e+00 4.37656765e+02]
 [4.67889621e+00 2.10609933e+02]
 [4.60967480e+00 2.01894712e+02]
 [3.54357917e+00 1.17952775e+04]
 [4.17944642e+00 2.21783033e+02]
 [4.15996223e+00 1.38372358e+02]
 [2.51499783e+00 2.54695228e+02]
 [1.95417545e+00 3.46686126e+02]
 [1.62541231e+00 7.93735390e+02]
 [3.28166741e+00 7.60035315e+03]
 [3.92379574e+00 4.55976048e+03]
 [8.71645836e-01 1.31472118e+03]
 [4.37587581e+00 1.20479580e+02]
 [4.53819783e+00 2.40963728e+02]
 [4.37097732e+00 2.94672450e+02]
 [4.16105074e+00 4.16943387e+02]
 [3.46846647e+00 1.27408653e+03]
 [3.62371109e+00 7.40807335e+02]
 [2.38892707e+00 1.97124067e+03]
 [1.44297468e+00 6.20450175e+02]
 [2.91370332e+00 1.62508135e+03]
 [3.26618850e+00 7.51059920e+02]
 [2.69154493e+00 2.75725223e+02]
 [2.36739964e+00 3.23752104e+02]
 [1.88453731e+00 3.11690676e+02]
 [2.35315740e+00 3.41934782e+02]
 [4.77221599e+00 3.28954479e+02]
 [3.39990980e+00 9.89558133e+02]
 [1.56412997e+00 1.24805823e+04]
 [3.63934250e-01 3.31353753e+03]
 [3.61804003e+00 8.62616882e+02]
 [2.77904130e+00 1.72758416e+04]
 [4.55811831e+00 1.84393671e+02]
 [7.95283464e-01 7.20145554e+03]
 [3.27788402e+00 1.22604243e+03]
 [4.58207868e+00 2.63341794e+02]
 [2.84893503e+00 2.73498190e+02]
 [4.27904418e+00 2.23125635e+02]
 [4.11838140e+00 4.17752564e+02]
 [2.60914913e+00 3.25050241e+02]
 [2.55833295e+00 4.39437193e+03]
 [4.23211490e+00 3.03765516e+02]
 [4.12158937e+00 2.37213819e+02]
 [2.64933355e+00 6.39829764e+02]
 [3.19500839e+00 2.99939061e+03]
 [2.01783833e+00 3.59156682e+02]
 [3.37636099e+00 2.15928365e+02]
 [3.10758707e+00 3.78034603e+02]
 [2.35391854e+00 3.53742661e+02]
 [2.09836642e+00 1.19089498e+03]
 [2.41325137e+00 4.64281658e+02]
 [2.72593868e+00 5.01365679e+03]
 [7.86916143e-01 3.84169620e+03]
 [2.44779221e+00 3.07317746e+02]
 [1.12187724e+00 1.95670793e+03]
 [2.68445421e+00 3.29147378e+02]
 [2.60328845e+00 8.28573949e+02]
 [2.23215027e+00 7.28880212e+02]
 [1.42260619e+00 6.95335305e+03]
 [1.86040649e+00 1.68694226e+03]
 [3.76303171e+00 1.80582682e+02]
 [4.93503499e+00 1.32340970e+02]]
