[[ -9.65264313   1.90466122  -1.27699195  -8.83045645  -9.42438023
   -1.57431739]
 [ -3.61146282   0.67083949  -9.63656701  -2.35005827  -6.97172831
   -6.20063627]
 [ -1.81941682 -10.17036069  -0.28067759 -10.22952335 -11.04851488
   -0.91638899]
 ...
 [-12.25921657  -3.49557431  -7.90762422  -1.24228733  -2.13654744
   -9.9969226 ]
 [  1.64983939  -6.43752089 -11.8928147   -4.78925466 -10.44532348
   -7.71301695]
 [ -0.59664133  -6.09410239  -8.28344557  -3.58420179 -12.65807924
    1.12353141]]
