[[-3673.08439778   267.70634128]
 [-1005.98779133   198.9317726 ]
 [ -862.10248046   334.37789192]
 [-1468.80659816   152.1534588 ]
 [-4214.75424704   400.32315497]
 [-4390.5999409    404.3635143 ]
 [-5291.80551641   390.54017988]
 [ -521.09305951   309.3045246 ]
 [ -490.56549336   312.81402527]
 [ -445.79581032   277.36985431]
 [ -240.80696985   203.79816225]
 [ -338.2917589    218.42443023]
 [-1315.38106178   390.54961105]
 [-1836.20643587   199.22383208]
 [-3879.4250612    308.07855913]
 [-4307.78414266   415.78751288]
 [ -937.9799214    233.78936068]
 [-2416.07771016   181.08005667]
 [-1679.55929285   374.21847887]
 [-2355.65726268   427.19820944]
 [-5765.92118737   494.80720292]
 [ -965.22821378   234.3677503 ]
 [ -169.24549407    47.19102321]
 [-2850.97403131   518.36986592]
 [-1999.8273032    347.46567329]
 [-5306.94585089   429.42448006]
 [-1642.97525489   238.82829823]
 [-2108.95412981    83.56905212]
 [-1702.82690335    51.32121126]
 [-4697.03126206   596.24328248]
 [-2882.60369417   373.9708268 ]
 [-3732.99399462   307.09125248]
 [-4322.59841241   435.96972194]
 [ -484.39704749   282.48421157]
 [-5415.18368473   621.01749081]
 [ -807.4921945    136.1350675 ]
 [-2625.14862585   288.51506901]
 [ -878.28504073   291.48597684]
 [ -442.21129735   248.30631731]
 [-4123.67378785   287.24046263]
 [-5582.7007483    360.0188877 ]
 [-1980.06558408   209.36189747]
 [ -439.4537027     71.07902696]
 [-1273.70671144    78.17373415]
 [-1139.04470945   401.8255344 ]
 [ -197.08674998   106.68916389]
 [ -699.0337933    279.81796713]
 [ -176.38333408    82.81525298]
 [-5952.83775872   400.2697265 ]
 [ -773.62203462    71.94323718]
 [-1297.12740349   405.26612579]
 [-1778.30432375   561.30938598]
 [-4082.61206969   377.74548959]
 [-2402.03427938   257.76212337]
 [-2343.20455112   272.50723416]
 [ -410.37227931   243.3043321 ]
 [ -166.38996165    95.0740895 ]
 [ -675.04446569   365.42112361]
 [-1475.19708807   193.90088321]
 [-3620.19282141   238.14268682]
 [-1826.93717431   292.305632  ]
 [-1302.78388244   259.181573  ]
 [-1296.39130914   175.26795356]
 [-5298.45975385   275.44132313]
 [-1174.15799936   385.3086988 ]
 [ -188.72650813    98.49912273]
 [-2541.61489772   285.3354458 ]
 [ -720.99525003   423.49654903]
 [-4054.35520033   143.24226394]
 [-2752.54890676   478.2977932 ]
 [ -817.69136407   159.85855025]
 [ -549.56698985   288.0944068 ]
 [-4965.05792009   364.20708369]
 [-1272.5378914    200.79547023]
 [-5882.91573012   372.76190546]
 [-5733.90403404   343.85754639]
 [-1066.02105215   111.35579715]
 [-5019.22167994   509.96404151]
 [-3227.34293865   310.60230529]
 [-5374.71509666   511.73679081]
 [ -429.5819497    333.27457646]
 [  -85.63090457    53.27534032]
 [ -677.61711008   393.01041836]
 [-4557.80768386   265.16567128]
 [ -284.14088094   213.35180727]
 [ -306.54992589   330.53278556]
 [-3172.66567935   192.36103492]
 [ -543.37451212    98.63292331]
 [-3200.68642657   293.40917268]
 [ -649.41563291   221.2927491 ]
 [-4419.39482069   484.2267216 ]
 [ -175.28492538    99.12867114]
 [-1332.50519326   230.74227279]
 [-1367.41701171   343.35617741]
 [-4507.77475172   433.54309966]
 [-1917.47124429   277.56239009]
 [-4860.81725256   431.01235041]
 [-1314.85661726   396.68487112]
 [-4782.65758562   160.07984621]
 [ -534.65789012   273.63181514]
 [-2394.23533884   159.38592862]
 [-2073.08590937   358.35045319]
 [ -254.16890082   206.01794952]
 [-5785.23879225   397.31748056]
 [-1020.59392479   318.7071004 ]
 [ -114.56304113   124.87268466]
 [-1080.45879801   259.94570753]
 [-1183.46916127    90.77225741]
 [ -196.39175639    73.78518695]
 [-2471.13035164   320.69989685]
 [-3353.32536199   205.05636005]
 [ -768.10186476   362.39886626]
 [-2868.89616513   405.81737179]
 [-2731.87758715   249.38595938]
 [ -697.37776631   339.28458588]
 [-1771.74819533   114.78930709]
 [-3457.8017526    289.28306981]
 [-3191.48152163   511.87893474]
 [-4902.93172409   419.27363177]
 [ -474.64312083   314.38346079]
 [-2172.54497953   287.61439099]
 [ -798.26027385   245.0286493 ]
 [-1113.93120515   217.44917019]
 [-1897.92977851   305.85064463]
 [-3106.1211857    290.67429264]
 [-1605.10298271   586.84786542]
 [-1265.42314853   168.09170319]
 [-2873.39666115   374.44728003]
 [-1748.61892589   212.25165985]
 [-5686.41483379   356.84886848]
 [ -432.22531173   156.24342784]
 [-1475.16441187   283.04876048]
 [ -435.84466513   283.65569363]
 [-1481.88946818   226.90854617]
 [ -587.79398309   550.88994089]
 [-2253.35805598    81.76437366]
 [-5550.2204202    404.04202181]
 [-3126.46380053   434.06246694]
 [-5482.48157251   382.7097443 ]
 [-2255.81605672   170.97851054]
 [-5610.92785395   371.79484747]
 [ -452.78549332   345.4466494 ]
 [ -261.24939355   127.26573724]
 [ -423.21813208   369.48377524]
 [ -168.62658595    94.34760102]
 [ -481.95065764   181.27651558]
 [-1226.58245791   237.57932976]
 [-3271.32115024   348.78646724]
 [ -224.03110752   277.38921226]
 [-1015.79249657   270.79300438]
 [-4232.14444988   383.6184382 ]
 [ -764.25783021   201.38086886]
 [-1051.56242033    68.255602  ]
 [ -861.2022815    209.33263457]
 [-3541.20809973   523.81959083]
 [-1757.44043066   216.29379015]
 [-1606.77732601   221.76064977]
 [-2564.56638111   459.4046853 ]
 [ -322.24795955   219.03734537]
 [ -457.50668121   393.94136342]
 [ -421.61455225   154.66501946]
 [ -508.97113629   270.88044149]
 [ -442.49930531   159.44665126]
 [ -666.76095385   269.963666  ]
 [-2585.56704563   279.60504362]
 [ -702.48893518   399.54102111]
 [-5084.99196528   425.05139737]
 [ -382.41575879   192.98418276]
 [ -462.47070122   390.33684487]
 [ -629.44111187   168.9413193 ]
 [-2401.05756252   264.21286212]
 [-2749.06517672   270.96454249]
 [-2712.42894834   406.46214047]
 [-1874.20771492   310.79827418]
 [-5195.5721932    378.41946616]
 [-2329.57380251   180.29171722]
 [ -233.06206424    78.12647017]
 [-1595.70074831   267.77798322]
 [-1388.24296646   317.5532704 ]
 [ -879.54248054   318.87201706]
 [-3748.29978817   191.2207682 ]
 [-4917.34569258   693.7974811 ]
 [-3872.88713968   308.19594736]
 [-1807.72382953   296.79360075]
 [-1552.9774393    495.12470852]
 [ -710.96495634   347.10036194]
 [-1125.41075549   349.50460286]
 [-2987.20644939   330.54786568]
 [ -526.87397159    93.21123687]
 [-2648.87253056   319.90647802]
 [ -439.23665116   227.61989194]
 [-2534.62880408   177.94638661]
 [-5114.70274413   477.3521986 ]
 [ -304.98568179   200.82631559]
 [ -696.41652867   472.97079977]
 [-1685.5467508    291.52176223]
 [ -288.61157861   150.00859303]
 [-4018.87117555   308.5074481 ]
 [-2788.19484929   386.47957745]
 [-2625.1315665    333.33781036]
 [-2583.7679385    283.85511194]
 [ -606.6013853    539.82894806]
 [-3619.40010852   184.41785861]
 [-1228.28691464   408.55546817]
 [-5236.31743781   487.84717328]
 [-2004.03839699   535.08672603]
 [-1414.49230968   279.93523304]
 [ -700.94564535   329.50993347]
 [-2074.26184672   297.08851566]
 [-2130.94395772   365.51856195]
 [-1864.42977622   469.0943862 ]
 [-2750.8403185    372.71872375]
 [ -248.61043005   231.82164582]
 [-5334.93377807   409.44608605]
 [-2682.94033012   303.14306589]
 [-4554.41716625   274.04428266]
 [-3635.63254784   486.93683157]
 [-4120.93686458   362.77925822]
 [-1344.5132907    212.78491964]
 [ -184.63063273   238.12322711]
 [-3205.15374865   298.17170975]
 [ -624.50567225   128.51194752]
 [-4420.65890805   286.29920397]
 [-2137.87129924   299.11240492]
 [ -767.06511738   489.10921526]
 [ -775.43413127   405.22063792]
 [-4717.27134883   440.9843601 ]
 [-5432.27899672   305.62323156]
 [ -385.55286671   220.71352237]
 [-2576.8289362    221.71835796]
 [ -825.7780234     70.78696269]
 [ -919.44362846   223.71320628]
 [ -402.19331532   180.38765561]
 [-1012.85071305   237.93010607]
 [ -767.44448515   311.79180312]
 [ -993.30757491   338.05852979]
 [ -251.42161736   192.39152054]
 [-3831.17811743   344.08031459]
 [-2625.59123274   121.02703732]
 [ -439.75960609   162.84988105]
 [-2608.52726387   214.59552789]
 [ -598.95604609   210.57954414]
 [-1183.97806971    78.98029634]
 [-2328.4967999    356.79692348]
 [-3703.10610518   386.89029829]
 [ -440.0444372    307.28782435]
 [-1449.32139469   152.26616455]
 [-3879.55570175   269.11045931]
 [-4532.82333866   290.05136923]
 [-4863.30826584   390.67763612]
 [-3135.2104057    242.28486907]
 [-3864.18481296   281.84452383]
 [-3342.12781596   257.30818335]
 [-1021.70883678   227.50235041]
 [-1294.92827787   395.47482597]
 [-2203.23991506   190.14322211]
 [-1099.04725018   283.90509277]
 [-4743.17451214   249.39349188]
 [-4955.18671748   264.03668402]
 [-3485.06401532   296.06311134]
 [ -936.83350753   149.99979918]
 [-3539.04787511   271.77800928]
 [ -831.9279405    155.71620296]
 [ -609.56020499   361.29403082]
 [-2695.85275094   333.39770374]
 [-2403.5320434    379.49268035]
 [-3661.74680576   154.62042021]
 [-1194.54568565   208.21000911]
 [-2894.54839965   429.28539434]
 [-1801.95431832   581.86728474]
 [-1522.65694594   107.02207677]
 [-1114.73582235   233.35471007]
 [-2640.37699432   130.4965784 ]
 [-4651.94487969   564.09174181]
 [-3745.41904936   325.10875602]
 [-3017.92626657   247.2508941 ]
 [ -107.42904049    62.04464432]
 [-5398.56247197   319.55813129]
 [ -169.98109588   111.51922152]
 [-5641.03026554   642.08913758]
 [-1590.0112182    102.4938198 ]
 [-1436.73310792   171.231894  ]
 [-3808.39580634   389.97133307]
 [ -412.30510297   223.51932814]
 [-1082.3153677    276.40399795]
 [-1558.72829866   262.847771  ]
 [-1800.26285563   341.34837386]
 [-2736.51079212   299.09078572]
 [ -542.2885261    171.70427902]
 [-3398.07439379   318.89233482]
 [-1732.13487083   497.28470003]
 [-1502.95692141   154.88422313]
 [-5148.8284653    345.30992706]
 [-4765.79583611   340.97485902]
 [-1071.99763912   425.61546544]
 [-2083.3451275    318.66833744]
 [-5229.99804379   331.08452567]
 [ -448.72816798   377.13505983]
 [ -564.32375497   280.44533067]]
