[[-1.13700474e+01  1.18673042e+01 -6.08378628e+00  4.94546508e+00
   3.67861537e+00  1.36320627e+01]
 [ 5.54822679e+00  1.02394252e+01 -1.64502312e+01  5.81787787e+00
  -8.10650968e+00  1.22547360e+01]
 [-1.42529331e+01 -1.99341347e+01  1.12480804e+01 -1.87614701e+01
   1.18290475e+01  4.26354507e+00]
 ...
 [ 7.98980739e+00  5.25798723e+00 -2.28670976e+01 -2.00101985e+01
  -2.36464090e+01 -2.16467888e+00]
 [-1.57909113e+01 -4.27311027e+00 -1.49839238e+01  1.70429593e+00
   1.35988492e+01  1.14562439e+00]
 [-2.31245108e+01 -1.65052374e+01 -1.19268164e+01  9.51354062e-03
  -1.44725290e+01 -1.46034788e+01]]
