[[ -4624.5667845     530.94631286]
 [  -773.37972858    655.98051326]
 [ -7825.42808979   1237.13208004]
 [ -3812.52982673   1068.84040382]
 [ -4982.81641524    793.6284086 ]
 [ -3529.79989279   1020.51834299]
 [ -3482.44648816    409.21980492]
 [ -3616.21876182   1637.31367038]
 [ -5642.86619955    530.98048812]
 [ -1464.67552666   1044.47430868]
 [-12662.51595464   1114.30922867]
 [ -6913.54167635   1461.04847624]
 [ -3079.78102707   1051.73348476]
 [ -1315.2937788     234.488777  ]
 [ -2907.62861007    394.03122777]
 [ -4240.38546106    252.26865668]
 [ -1086.31776015    545.26717572]
 [ -1304.6451554     551.96472249]
 [ -2090.29206932    402.37369982]
 [  -355.3868769     238.59685336]
 [-16372.72030325    782.72345737]
 [  -786.22680906    829.66289377]
 [  -675.5009444     844.59964092]
 [-18052.07056536   2200.1975266 ]
 [ -1041.03156143    477.68470361]
 [ -7193.89320832    963.48250064]
 [-11654.15152628    636.65444038]
 [-13709.53005967   1348.91612974]
 [ -3459.36856403    837.0317755 ]
 [  -729.64748346    482.08559544]
 [ -1035.24340076    784.97110927]
 [ -5846.13947482   1416.23235235]
 [ -5904.92563362    813.14391608]
 [-11156.45109173   1129.49117996]
 [ -3049.34308371    423.76391587]
 [ -1996.66847879    648.72075314]
 [-12683.53997892    712.07296758]
 [ -2691.06774433   1391.67223946]
 [  -686.87778355   1100.4715267 ]
 [-11460.59653204   1054.94312924]
 [ -8075.1975557     639.12579886]
 [  -459.48293527    666.93245197]
 [ -4872.11620875    923.87711523]
 [ -6790.71695264   1274.55728775]
 [ -1163.20854067    855.60548137]
 [-15518.33148437   1012.73349212]
 [ -4826.26059628    602.40408212]
 [  -284.52811357    667.06760583]
 [ -2184.85993088    790.49682033]
 [ -3193.62984644    952.5760813 ]
 [-11625.8075622    1323.13548433]
 [ -2804.11034972    656.43744957]
 [ -2057.64053964   1182.0382062 ]
 [ -1289.04980162    315.32452255]
 [ -8792.29539801    928.57587099]
 [  -331.90186284    509.0429289 ]
 [ -1100.53299465    319.36459614]
 [ -6145.56016496   1166.27899358]
 [ -7483.02309236    703.40040239]
 [ -8799.81092862   1195.60856348]
 [ -4597.94238322    740.46040167]
 [ -2164.87065222   1598.08232278]
 [ -1923.19305884    689.09655068]
 [ -7180.61632957    765.38631681]
 [ -7133.01440708    800.01256802]
 [ -1465.68803363   1130.70800953]
 [-17509.17447426   1310.75000861]
 [ -1668.22909334    941.08350159]
 [ -4074.97545131    310.80254078]
 [  -754.24533018    626.88017233]
 [ -7260.69662548   1494.26200424]
 [ -1337.36362132   1106.54355071]
 [  -568.49411913    467.1733637 ]
 [ -9979.97371886    858.0654701 ]
 [ -1215.60085861    593.61436778]
 [  -321.89080938    152.76784868]
 [ -1478.54597285    255.44418949]
 [  -658.27256635    889.49652324]
 [-15996.00894712    893.48328096]
 [ -2042.85078998    945.72481511]
 [  -656.84774383    356.34467696]
 [  -942.64645014    745.78924768]
 [-14974.81056519   1052.74483179]
 [ -1227.21987389   1005.12137208]
 [ -3911.37165194    633.42323643]
 [ -5129.39445647    962.50175464]
 [  -914.16418192    926.21777602]
 [-15538.82571583   1381.62038087]
 [ -6470.47123678   1514.99432628]
 [ -1847.29401981   1599.34607304]
 [ -3400.08496636    716.94934469]
 [-11822.95727945    924.04396047]
 [ -7539.98423781    788.02250946]
 [ -7275.92658334   1866.26740637]
 [ -1631.9524815    1388.90231802]
 [-14645.74303198    800.96684886]
 [-10941.9072613    1237.33083047]
 [-14421.22707642    788.44322608]
 [ -1911.52506517    895.37445435]
 [-12269.31574302    751.50383463]
 [ -9296.93144269    386.1018795 ]
 [ -5614.83385404   1185.21902675]
 [  -524.27755956    407.16429423]
 [ -2369.14707949    528.26965466]
 [  -889.80272869    553.52078739]
 [ -5806.47628378   1546.38698295]
 [-15808.70370376   1163.37132142]
 [-10454.32842386    977.11919183]
 [ -1813.28040945    963.85766452]
 [ -1313.62188961    993.69086645]
 [ -2692.60167349    411.34835893]
 [ -2087.35081434    886.59140019]
 [ -1111.92456972    715.00898517]
 [  -869.51095917    755.50469517]
 [ -1138.30110059    449.62268489]
 [ -1055.62582308   1228.10218311]
 [  -982.03591663    847.18332008]
 [ -5083.85378453    930.84663935]
 [ -1466.86027343    675.36314205]
 [  -665.58161547    463.38396522]
 [ -7616.92554161    482.23825678]
 [ -3884.1958261    1062.32493616]
 [ -2980.81644481    698.07776251]
 [  -988.10260292    822.81113221]
 [ -4604.07956746   1182.72731925]
 [ -6557.77220166   1021.19041348]
 [ -3357.68698875    919.00287497]
 [ -1090.27023923    946.67235847]
 [-15615.10747488   1511.77464631]
 [ -1221.3476957    1115.41834812]
 [ -3092.43989995    847.03326877]
 [ -3407.58866373   1344.68922892]
 [ -1719.32420446    404.39212702]
 [-12186.02922985   1966.23831777]
 [ -7081.66474528    705.87324357]
 [ -1465.45128463   1129.43305258]
 [ -3846.92045045   1033.4148285 ]
 [ -1098.42319922    921.33571443]
 [ -1349.58400413   1115.6774473 ]
 [ -5497.69652642   1120.10254896]
 [-11233.82252481   1206.71398448]
 [ -3260.03885821    988.88974703]
 [ -3223.92815651    929.57378912]
 [ -3328.67680421    537.12570859]
 [ -1040.39563154    388.98440396]
 [ -1002.25158593    556.12577971]
 [ -1197.25731296    889.94664368]
 [  -623.02046952    565.25772836]
 [ -2560.86509601   1185.54118613]
 [ -2660.91630329    852.54233196]
 [-16200.70208581   1078.13275949]
 [-12119.41596087    686.92282005]
 [-14695.18312166   1297.45677173]
 [-11149.58155719   1290.17065242]
 [  -543.96672014    878.74833002]
 [ -4745.63661546   1407.61777289]
 [ -3429.7867735    1249.53780493]
 [-11489.41207885    740.40033895]
 [ -9559.80243073    499.94485001]
 [-13543.84856859   1533.65316869]
 [ -9726.10701345    872.15159406]
 [ -1046.68906302    436.65774844]
 [ -4017.26446211    764.47340244]
 [ -5184.44544689   1030.28319385]
 [ -4492.47575638    513.8677747 ]
 [ -1121.14311066   1041.13256868]
 [ -7112.6373717     898.7797393 ]
 [-10658.67355031    625.15038162]
 [-10193.00929683    667.77393941]
 [ -3417.86682723    771.19868378]
 [ -9091.47486971    759.21169433]
 [ -1826.98430231   1132.16970585]
 [ -3678.23625074    538.53208727]
 [-15234.89294822   1755.45166893]
 [ -9457.91544935    640.08994461]
 [ -1312.85582721    769.91514187]
 [ -1923.59451013    559.77969858]
 [ -7855.92616764    818.61218059]
 [ -1460.5530227     906.92050552]
 [  -154.852957       80.36585942]
 [ -5318.97488583    588.04713368]
 [ -7566.5117435     655.13474307]
 [ -4281.16759024    873.30668982]
 [ -2151.29935326    260.14235112]
 [ -4958.73267909    944.59065178]
 [ -4252.44149663    962.20728228]
 [-11393.89539678    767.81528449]
 [  -798.92762504    864.43670788]
 [ -6011.3204795    1321.58702524]
 [  -783.74554078   1063.19047906]
 [ -1071.21358227    234.59880426]
 [ -5123.85614984   1256.7483878 ]
 [ -3046.7492332     333.17275006]
 [-12650.81120605    515.76921392]
 [  -706.3729497     520.75090116]
 [  -685.46537548    615.3165747 ]
 [-12415.3699836    1039.41790353]
 [ -1577.75948317    887.03718826]
 [ -3453.77931397    737.2557994 ]
 [ -9922.19853939    700.01056125]
 [ -2089.50235502   1039.58570242]
 [ -7491.29617003    728.49402993]
 [ -1041.072368      814.40435232]
 [ -3340.94863403    803.63113978]
 [ -1426.11333019   1381.94927704]
 [  -618.80115075    680.08043607]
 [ -1480.42389918   1526.65305729]
 [  -537.33543481    357.57180779]
 [-10208.56668923   1704.92171993]
 [-17240.77109781   1184.88448209]
 [ -5645.82932251   1401.50582951]
 [-10654.80406109   1407.71412797]
 [ -1539.15319961   1117.03684557]
 [  -975.41371016    913.7577389 ]
 [-11081.51992614   1111.62793089]
 [ -1401.39793674   1437.21676809]
 [ -1643.28868589   1220.19235742]
 [ -6386.38207244   1173.94154425]
 [  -847.78199285    264.55585868]
 [ -3643.94768322    346.20602634]
 [ -2211.77082281    409.97286556]
 [ -7842.41118307    989.01492844]
 [-12358.63793802   1353.13149673]
 [-15433.35980138   1147.58829641]
 [ -4111.89130717   1264.48083741]
 [  -566.81426791    186.91066842]
 [ -4096.26192054   1005.03300456]
 [ -5275.79313697    573.73144167]
 [  -735.24684234    890.83128932]
 [  -806.76391387    732.57595854]
 [ -2079.60413528    845.28110718]
 [-12603.72421647    885.87061259]
 [ -5793.288863      657.98565728]
 [ -8809.41653571    551.0739294 ]
 [  -883.94005182    596.89623834]
 [ -3148.65137032    796.55388876]
 [ -5013.9969529    1062.89826576]
 [ -1358.015797     1224.31325349]
 [ -4625.83662769    903.66014244]
 [ -4715.20268071    985.89268706]
 [-17120.82689167   1377.88559947]
 [ -1141.42580048    963.37362955]
 [ -1619.40532424    572.45299222]
 [ -2981.81934146    851.01603364]
 [  -420.88786254    444.55157917]
 [  -591.07089839    626.90444594]
 [ -2701.33472485    812.71356867]
 [ -2437.06451141    983.31902711]
 [ -8466.6548064     581.89131565]
 [  -209.79005973    275.24406853]
 [ -1313.87053074    916.77518347]
 [ -2418.71824071   1121.92854297]
 [ -5432.17120088    847.0521338 ]
 [-11218.66720772   1122.34076697]
 [ -7626.34303941   1144.9773432 ]
 [ -3775.98614525    566.15014817]
 [ -3468.98520765    504.42927095]
 [ -1762.64569851    564.14822635]
 [-16070.18400541   1159.65124036]
 [ -1478.54364262    870.12810592]
 [-11741.17965715    742.54672993]
 [ -2303.81197751    618.05606458]
 [ -7466.28821091   1112.74057074]
 [ -3716.67877892    458.30680445]
 [-11116.10872888   1180.49998498]
 [ -1306.14624681    747.45993327]
 [ -1432.84493435   1227.13263159]
 [ -4754.57533545   1529.9877832 ]
 [ -2852.37442981    989.40253385]
 [ -2569.51647203    607.2965543 ]
 [-13793.68230115   1199.26922234]
 [-10910.12167873    811.80579801]
 [ -1104.40691623    887.48604373]
 [ -1474.51533263    948.46849944]
 [ -2378.75652116    818.53646461]
 [ -2335.40773351    317.51430042]
 [ -2101.17265515   1391.45730672]
 [ -2342.53094404   1154.02768987]
 [ -1938.55221614   1151.06831909]
 [ -2700.43686364   1246.06151798]
 [ -3007.68701261   1034.07059399]
 [  -886.67550011    476.61284802]
 [ -1733.19072433    735.8422334 ]
 [-12074.46837927   1040.4343665 ]
 [  -800.98801652    769.66919553]
 [ -9814.57788215   1199.23443748]
 [ -5045.31412177    604.33115132]
 [ -1017.323697     1021.59321483]
 [  -933.65626015    155.48161743]
 [ -3329.4479411    1357.40917745]
 [-17182.65561368   1360.64170925]
 [ -9646.62984449   1330.29906357]
 [ -2259.04134397   1606.95166735]
 [-12728.61895774    738.9119742 ]
 [  -559.77733158    666.36988199]
 [ -6513.9669805    1535.43436125]
 [ -3741.74559062    746.19417035]
 [ -2661.13274766   1578.63413898]
 [ -8371.75210418    681.27610375]
 [-16545.89556272   1372.13058924]]
