[[  -72.391954     272.36706336]
 [ -564.96743663   388.45782224]
 [-1481.12836996   853.60701329]
 [ -604.10856995   486.38474369]
 [ -315.61327221   419.86674023]
 [-1609.84719149   789.51069538]
 [ -483.4336592    569.77599501]
 [-1003.94094434   563.1598722 ]
 [ -146.91428546   230.28644553]
 [ -298.44632747   282.98090195]
 [-3624.41108841   825.96375912]
 [ -933.20283499   572.54413156]
 [-1013.76339954   505.08366608]
 [ -157.46115623   317.04815445]
 [-1237.24649034   463.97169159]
 [-1568.13721358   200.37699845]
 [ -351.50626001   434.91325434]
 [-2676.00977731   644.76548116]
 [ -351.25290097   700.16180553]
 [ -453.93420006   109.42011472]
 [ -249.77225249   253.46274842]
 [-4807.67846068   749.9389957 ]
 [ -345.64235856   415.06990973]
 [ -925.44063649   340.45091639]
 [ -623.65544957   386.31991298]
 [ -510.27148416   935.84894903]
 [ -836.11238085   694.90020827]
 [  -73.96768513   238.1112936 ]
 [-2973.35525699   489.84201646]
 [-4443.7533277    484.81128717]
 [ -673.64825032   550.44893544]
 [-2784.92165502   723.0586311 ]
 [-2845.30334166   819.15752686]
 [ -223.85991249   258.29304305]
 [-3506.02577984   442.13654491]
 [-2328.13962298   408.26280957]
 [ -526.79664122   387.82927428]
 [-3998.89542581   717.27493106]
 [-1536.5247515    296.2469002 ]
 [-4162.23438257   475.70546426]
 [  -84.50823284   167.15401942]
 [ -434.41763929   776.47047817]
 [-2652.34841255   472.73450934]
 [ -225.31934988   254.21306037]
 [-4845.2803308    673.95055795]
 [-2012.86700129   212.82805014]
 [ -247.62412635   408.01304054]
 [-1979.03595354   741.45734404]
 [ -992.99046096   302.59957229]
 [ -722.21915319   289.51443541]
 [ -486.50594866   372.54409764]
 [-3308.34311147   475.41960643]
 [ -475.59667698   561.69083517]
 [  -98.22180595   102.06942603]
 [-1734.22111197   471.7222088 ]
 [ -554.77745901   381.15057105]
 [ -299.68144226   434.89495633]
 [-4742.17735912   624.07999346]
 [  -94.16362085    83.73209347]
 [  -58.22305374   227.27277955]
 [ -178.21256      277.77499887]
 [ -317.33938526   349.72932195]
 [-1375.74037969   449.80248296]
 [ -734.76585855   428.69527387]
 [-3884.88984379   775.75982871]
 [ -261.74041434   398.8304534 ]
 [ -515.48209284   593.55917956]
 [ -660.03015934   643.3881482 ]
 [-4124.72418288   422.84879051]
 [ -147.03890947   187.29212318]
 [-1770.0244539    435.69625556]
 [ -608.54043226   576.64057809]
 [-2693.28055933   429.26161129]
 [ -310.36875837   422.50632751]
 [ -218.69366618   211.45807522]
 [ -343.58070418   298.62792397]
 [ -501.57487824   405.06394642]
 [ -290.60884685   494.14364887]
 [ -667.867054     621.65828936]
 [ -907.84165998   504.49033478]
 [-2030.58051402   495.51475473]
 [-2908.41179887   598.8156781 ]
 [-1113.73816688   461.11407962]
 [-2806.65969479   497.83410244]
 [ -413.29064779   403.22425774]
 [-1576.70105926   712.6314354 ]
 [ -333.35038308   503.79069497]
 [ -138.49617812   136.50526308]
 [ -284.04228907   265.17160787]
 [ -817.96522425   501.20709982]
 [-2539.77777722   580.90108274]
 [-5091.34438687   748.42929837]
 [-3851.1996432    676.80770369]
 [ -763.78512613   284.23698075]
 [ -233.07484567    59.94762178]
 [ -176.12088718   299.67543688]
 [-1491.30611045   458.593909  ]
 [-4989.33037352   624.2601315 ]
 [ -172.44290334   328.39864921]
 [ -191.25014275   364.58181319]
 [-4313.24516048   459.58508718]
 [-1730.39802716   565.31409531]
 [-2458.63063981   461.49728523]
 [-2382.73428631   513.31812238]
 [-2570.21275461   583.36897942]
 [-2821.86419787   805.13475995]
 [-3541.41559467   496.67057983]
 [ -422.63869337   378.80537035]
 [-1193.05718209   347.16983535]
 [ -751.89120523   439.00924312]
 [ -276.76583131   442.92336063]
 [ -328.02284122   460.17177281]
 [-4334.33088513   295.89662933]
 [ -771.39179058   412.49731007]
 [-4803.5568986    610.05431036]
 [ -546.19144348   108.70414557]
 [ -719.20935976   503.31658151]
 [ -627.01469469   241.44947013]
 [-2739.30641514   619.67549395]
 [ -481.78960952   596.8160392 ]
 [ -516.93475991   359.58527911]
 [-1764.41918094   562.81740093]
 [-4765.54427705   594.42473344]
 [ -306.63885012   182.12518164]
 [ -354.0806923    291.01555845]
 [ -356.76649439   655.86723783]
 [ -917.84957227   206.75215797]
 [ -840.35502185   491.24175465]
 [-3810.38016728   492.57133814]
 [-1673.73404182   447.9109868 ]
 [ -483.19540394   469.23499084]
 [-1548.03752444   592.60577918]
 [-1659.53053372   425.54000446]
 [-2835.66823325   251.15806085]
 [-3301.06268254   288.8079365 ]
 [-2014.42774333   424.2986316 ]
 [-1963.82780091   430.33235628]
 [ -797.55840777   352.85624546]
 [ -373.89585013   413.86097129]
 [-2206.63758327   366.68001519]
 [ -457.61513635   342.90362182]
 [ -849.80807606   121.76169744]
 [ -204.14797975   273.4487049 ]
 [-2101.71211307   398.41838304]
 [ -398.81383689   550.86236234]
 [ -666.8024837    644.93686171]
 [ -343.56897815   201.72217255]
 [-4374.34308467   366.5831305 ]
 [ -625.36608619    78.63164687]
 [-1879.84808349   513.74737493]
 [ -978.02676845   934.66960086]
 [-2524.89048446   523.22225406]
 [-1737.22410195   558.28878373]
 [-1051.97297957   232.23204399]
 [-4753.80615692   402.98582542]
 [-2341.81701159   641.89836235]
 [ -330.69439163   179.31564388]
 [ -282.27803568   334.44372654]
 [-3562.02664641   457.48599841]
 [ -670.23634346   545.91339004]
 [  -20.51216743    26.66257025]
 [-4437.33209656   569.53942475]
 [-1153.78164081   382.42022229]
 [ -745.74046751   343.5517002 ]
 [ -256.44807246   423.79832769]
 [ -314.32267632   484.08879192]
 [ -507.97627149   579.62095812]
 [ -138.41678534   249.67415251]
 [ -753.02252889   434.64771989]
 [ -226.71042836   172.53066446]
 [ -980.14108588   467.41240937]
 [-2073.73453581   598.73284271]
 [-2937.66632183   567.79997778]
 [-3011.63208001   633.76688657]
 [-2114.55443344   696.19321386]
 [-3670.21579984   599.74216091]
 [ -822.07299459   507.4327922 ]
 [ -951.52971015   501.98351538]
 [ -283.89256883   630.46910217]
 [-1565.21205486   449.49383315]
 [ -447.12253943   586.43250264]
 [-2912.05972648   471.91983694]
 [-1436.91088619   425.82987556]
 [ -934.73169937   365.45236952]
 [-3876.84229763   387.64030003]
 [ -670.46937729   696.73529788]
 [-4936.83793814   884.13374608]
 [ -170.96857668   341.05819997]
 [ -340.47801342   308.59786484]
 [ -352.73407242   325.28885607]
 [ -550.83475871   485.90223302]
 [ -132.08010641   171.02460003]
 [ -629.41219735   409.60604312]
 [ -667.95292052   444.9401012 ]
 [-1943.65038104   557.94274772]
 [-1530.40707569   453.76731567]
 [ -190.00306162   424.05675973]
 [-3080.54173924   436.15635254]
 [ -504.28494895   208.69357925]
 [-3690.25471993   756.36499168]
 [ -961.29412845   200.06736331]
 [ -316.18158241   567.92248305]
 [-1458.82768824   648.77045728]
 [ -584.27645371   646.69409379]
 [ -945.03574778   572.35025815]
 [ -322.12667235   371.09338586]
 [-2535.34018864   469.19053179]
 [-3223.82677978   559.44123188]
 [-3821.16430338   555.69089114]
 [ -179.48992333   237.98528753]
 [ -335.69621936   595.23393013]
 [ -837.57010835   348.15098652]
 [ -636.46480246   685.1481847 ]
 [ -907.3280189    344.82373968]
 [-1904.11660361   555.27729967]
 [-1424.58423301   320.99399294]
 [ -129.38915038   194.37690959]
 [-1409.4947578    645.86056148]
 [-1465.89375406   628.81659273]
 [ -978.03840127   535.43576087]
 [ -633.19401745   546.54739026]
 [ -664.05354793   341.95579241]
 [  -98.72499625   254.520002  ]
 [ -521.94057611   345.4513216 ]
 [ -565.3316987     75.80877845]
 [ -215.10184479   353.51198587]
 [ -399.9137288    281.77817157]
 [ -108.31478675   219.03996993]
 [-3036.15914206   675.38796209]
 [ -225.66426372   222.97839414]
 [ -520.02618291   270.56803947]
 [-1779.2551656    564.1726318 ]
 [ -885.74465975   481.39277175]
 [-3479.12022231   416.61344111]
 [  -82.77831407   157.41873467]
 [-4911.74542688   345.17840992]
 [  -62.29231725   241.12627162]
 [  -40.90121539   170.34570488]
 [ -213.41412708   209.18365376]
 [-1669.22960395   619.8903346 ]
 [-1547.20530674   323.80987577]
 [-3544.0011112    613.84980389]
 [ -874.54379413   308.3525868 ]
 [ -606.25408317    59.0455632 ]
 [ -277.19539249   259.06273768]
 [-1794.33180106   593.59384687]
 [-4344.70196295   594.18526979]
 [-3236.9228434    479.5693467 ]
 [-2239.63287095   442.8037522 ]
 [-2435.90811097   217.68852092]
 [ -402.7155363    230.49197982]
 [ -658.42895076   372.12371787]
 [-1022.65287932   211.00607626]
 [ -521.69141633   624.84923711]
 [ -354.43835109   210.99841685]
 [-3568.40530616   463.5804214 ]
 [-3771.45017643   551.93107876]
 [ -699.18806834   658.78977428]
 [ -530.27326584   213.52064913]
 [-3757.13995985   488.09669686]
 [-1976.43254892   491.86539629]
 [ -269.52748995   497.12527388]
 [ -177.95178481   289.37828523]
 [ -262.44393776   374.10278418]
 [ -490.73976604   583.94700901]
 [-1351.65036903   422.5643906 ]
 [-3746.1371731    498.13165925]
 [-2628.46059938   418.07156079]
 [-2747.50680184   760.597087  ]
 [-4606.10914961   693.58796155]
 [-1079.76204271   477.94676572]
 [-1551.34208885   288.18050934]
 [ -439.5053905    165.82624964]
 [-2493.25536637   365.77068472]
 [ -497.3200906    240.17859306]
 [-2354.96247034   392.86588399]
 [ -391.83447083   480.26522523]
 [ -503.55404156   514.8985191 ]
 [-1666.60068689   315.83214574]
 [ -289.39090676   431.57290944]
 [ -177.8981644    344.44039773]
 [ -279.74695496   380.43421542]
 [-1438.09469456   826.35880396]
 [ -175.94466065   238.39058175]
 [-2949.58872206   238.02097916]
 [ -554.41359287   249.15927027]
 [ -260.88440598   266.51713229]
 [ -863.98315189   297.73432374]
 [-2360.79059176   560.47613064]
 [ -300.37865456   449.7211314 ]
 [-3614.86501084   384.04751514]
 [-4249.57510762   457.24007294]
 [-4196.65165426   392.62682931]
 [-3046.89122686   418.66650987]
 [ -245.32442592   430.145207  ]
 [ -579.57345605   299.51003959]
 [ -278.01351426   493.13848241]
 [-1627.48100009   653.14715063]
 [-1034.81169647   370.25685752]
 [-3277.01949406   783.74739606]]
