[[ -86.99123719    0.98909781]
 [ -73.98855484    3.8080835 ]
 [ -73.65479881    2.97799453]
 [ -83.86884436    3.4502484 ]
 [ -49.37415669    4.59715759]
 [ -40.57034388    3.3916351 ]
 [ -75.54643973    0.98489966]
 [ -99.35332725    2.06943898]
 [ -59.23649521    2.02713779]
 [ -78.20561368    1.79395864]
 [ -81.61350189    1.34112595]
 [ -67.04881434    1.32220044]
 [-107.0272892     1.72269642]
 [ -54.86395041    2.40375324]
 [ -72.8507933     2.2975859 ]
 [ -98.89985352    1.43528423]
 [ -76.05124508    0.77747642]
 [ -57.71097701    1.24635456]
 [ -68.66461719    1.14117145]
 [ -65.59054815    3.85092644]
 [ -65.1627152     2.2838984 ]
 [ -66.59353403    1.21358771]
 [ -73.07613174    3.14913834]
 [ -55.60292527    2.07718907]
 [-103.31089317    3.46254959]
 [-111.20596665    2.09899061]
 [ -82.49437419    1.25321233]
 [ -80.960903      1.70209112]
 [ -75.37159782    1.0905486 ]
 [ -85.20358386    1.87120319]
 [ -88.31030789    1.37731422]
 [ -83.6878795     1.8299059 ]
 [-110.65867764    1.02842858]
 [ -80.1205261     0.7534639 ]
 [ -65.01373291    2.33739389]
 [ -44.70469123    2.20053962]
 [ -52.00727799    3.95659632]
 [-106.04312727    0.89760099]
 [ -81.8393984     2.5209755 ]
 [ -53.31416067    3.94459529]
 [ -72.57602994    2.12942833]
 [ -99.5750199     1.47729256]
 [ -64.31227525    1.366134  ]
 [ -99.13645898    3.21417934]
 [ -75.13550755    1.49342507]
 [ -40.79834057    3.05777987]
 [ -92.20715465    2.11509597]
 [ -55.43119914    2.88425042]
 [ -73.47442128    1.34588387]
 [ -49.56098699    1.90585577]
 [ -72.44482791    2.26535991]
 [ -70.15898357    1.96987883]
 [ -55.47303171    2.52379091]
 [ -53.4162495     2.55296542]
 [-114.16423605    0.7653336 ]
 [ -57.54924189    1.90441943]
 [ -70.45560662    1.74721703]
 [-108.90661786    1.58248823]
 [ -77.92955758    1.99347925]
 [ -43.56859928    2.13560446]
 [ -72.45107444    1.27455097]
 [ -73.26149034    1.73283025]
 [ -62.53434757    2.61254383]
 [ -82.71776118    0.85984789]
 [ -90.08413912    1.08650786]
 [ -71.48867497    2.34022276]
 [ -80.43053509    1.92898284]
 [ -93.33251843    1.44286032]
 [ -96.79845471    1.69830069]
 [ -71.40458773    1.24995825]
 [ -59.65746338    2.51532357]
 [ -66.0236304     3.20332834]
 [ -63.68033189    1.96316806]
 [ -70.30927622    1.47849695]
 [ -43.19535444    1.70508992]
 [ -67.74132858    2.72457436]
 [ -72.25835609    1.53655951]
 [ -58.94251095    1.55584721]
 [ -50.78393189    2.10512671]
 [ -51.98989053    1.94759633]
 [-105.00194084    3.63658193]
 [ -89.71625783    1.12036377]
 [ -77.81024543    2.25486137]
 [ -64.28103881    2.82759989]
 [ -68.67926258    1.59129944]
 [ -62.43459957    1.84006026]
 [ -79.12454423    2.29919623]
 [ -62.53916084    1.56506422]
 [ -74.35506991    1.69116576]
 [ -96.26051572    1.10809621]
 [ -49.80889673    2.75528297]
 [-100.21010372    1.43027878]
 [ -93.6444059     2.05774283]
 [-112.60224458    1.32094328]
 [ -68.00704967    2.71410171]
 [ -90.05164786    2.43486387]
 [-103.29548004    1.34204924]
 [ -76.01900296    1.4656683 ]
 [ -79.49701285    0.539493  ]
 [ -47.55506686    1.5923095 ]
 [-111.14727334    2.68722324]
 [ -82.06775478    2.0866105 ]
 [ -65.2141015     1.15900836]
 [ -89.58089221    2.24440363]
 [ -48.09061743    3.00274037]
 [ -81.93294998    0.9239217 ]
 [ -38.79858794    3.99970197]
 [ -75.30465486    1.0497612 ]
 [-106.26679686    0.55466151]
 [ -56.05966597    2.67379149]
 [ -59.81871073    2.98268664]
 [ -93.66861585    1.00578   ]
 [ -76.61161789    1.79579976]
 [ -95.45515918    2.7105789 ]
 [-112.09696411    1.41031631]
 [-106.81423948    1.0702363 ]
 [ -85.42759597    0.79514783]
 [ -69.23323163    1.75612991]
 [ -94.57392469    1.06831302]
 [-114.38196906    1.53156439]
 [ -86.51153703    3.28352698]
 [ -58.46046038    0.89298809]
 [ -54.1350551     1.81002833]
 [ -43.73769022    2.05192411]
 [-110.06538075    2.45573572]
 [-108.99469209    2.01988148]
 [-108.71042361    3.28630109]
 [ -48.96583991    2.08176936]
 [-108.48858459    2.43578717]
 [ -92.46120502    1.67032847]
 [ -44.55707349    2.04284773]
 [ -85.47888775    2.04643434]
 [ -65.57639512    2.65879992]
 [ -55.40571086    2.82445238]
 [-109.62470592    0.88919133]
 [ -56.90377188    1.73712003]
 [ -71.8351515     0.85945609]
 [ -74.26589189    2.71137596]
 [-102.83726458    0.61440508]
 [-107.59752757    1.38375588]
 [-114.7870803     1.5679074 ]
 [ -60.06542815    2.14148663]
 [ -96.39723391    2.09574445]
 [ -92.70447103    1.3182424 ]
 [ -99.34223888    1.16506042]
 [-102.87265823    2.06212186]
 [ -48.02558464    1.85644145]
 [ -72.71084606    2.07844898]
 [-108.26729832    1.29225524]
 [ -61.46675293    2.06215808]
 [ -57.23306664    2.67118228]
 [ -60.21925651    1.79857819]
 [ -79.59550733    0.97369757]
 [ -67.61804538    2.40471549]
 [ -98.13995269    1.81045514]
 [-112.06266092    0.45300403]
 [-109.44029603    1.34931827]
 [ -88.83272879    1.99755246]
 [ -44.29970251    2.87046566]
 [ -93.54412461    1.01900693]
 [-108.06228091    1.75633127]
 [ -48.85432954    1.5307311 ]
 [ -38.72861848    2.57395378]
 [-101.26859528    1.69955983]
 [ -62.48979442    2.1612545 ]
 [ -55.75159446    2.2753536 ]
 [ -98.23529325    2.51604442]
 [ -76.45350876    3.47941634]
 [-104.84358839    1.65180613]
 [-110.58678666    1.7640338 ]
 [ -77.91573407    1.33691287]
 [ -97.62826033    1.08500969]
 [-103.81681526    1.82585764]
 [ -41.52122362    2.98271114]
 [ -70.60000124    1.89363939]
 [ -80.76357772    1.25340842]
 [ -83.74165566    1.76441669]
 [ -77.97398195    1.44821629]
 [-102.98004627    0.98035386]
 [ -59.33061466    1.64695904]
 [ -42.19272624    2.58110853]
 [ -94.28015261    2.48145487]
 [-117.43501721    1.34782897]
 [ -75.77541346    2.07547511]
 [ -93.07435147    1.6695691 ]
 [ -50.38060949    1.29431175]
 [ -50.94252601    2.01430872]
 [ -40.32749614    2.97541014]
 [ -46.03788678    3.24447356]
 [ -66.88512142    1.95492881]
 [ -70.16694653    1.43886725]
 [ -78.0437572     3.19780705]
 [ -55.51622415    1.87311384]
 [ -51.56428749    1.32078829]
 [-113.87657642    1.2370776 ]
 [-105.84780646    3.08493604]
 [ -54.62359947    1.35971768]
 [ -80.94256055    1.76793428]
 [ -64.19979642    2.71773497]
 [ -54.30899133    1.76349832]
 [ -58.82403111    1.99530891]
 [ -70.24458294    1.87564288]
 [-102.35829812    1.32422424]
 [ -86.55583675    2.41580762]
 [-102.27226019    1.66025659]
 [-107.67155797    2.26557653]
 [-114.57846101    0.71824839]
 [ -91.68675091    1.62164882]
 [ -55.93262707    2.37770029]
 [ -55.74117308    3.34549241]
 [ -68.71626814    2.29575741]
 [ -92.62552019    1.38210305]
 [ -95.84107574    0.86700395]
 [ -92.09124347    2.7073116 ]
 [ -66.14785605    2.85210293]
 [ -62.5333976     2.34507551]
 [-106.07886753    0.92138483]
 [ -86.72038812    1.42115801]
 [ -45.16562112    2.46215994]
 [ -70.90503272    2.3914208 ]
 [ -44.3228726     2.31100036]
 [ -85.70512346    1.50822141]
 [ -51.5556368     2.25758568]
 [ -70.43459525    1.68059652]
 [ -50.21106493    3.00397433]
 [ -99.81481954    0.87283621]
 [ -70.22007688    1.0585597 ]
 [ -91.30354234    1.90176762]
 [ -61.02961735    2.29646251]
 [-100.53804641    0.75585572]
 [ -79.49479446    0.98439338]
 [-106.95795734    1.50653955]
 [ -50.82846103    2.7041047 ]
 [ -78.31783066    3.01297849]
 [ -70.54799317    2.61879661]
 [ -73.06901659    2.56296253]
 [ -43.63178223    1.89113346]
 [ -54.33733743    3.54487313]
 [ -52.8382066     1.61722616]
 [-114.47664577    1.02455604]
 [ -48.34334402    1.65408113]
 [ -72.99010646    1.78119091]
 [ -79.89763093    2.42565774]
 [ -49.88905856    2.14311052]
 [ -52.23606693    2.3831249 ]
 [ -92.16798659    1.34561174]
 [-100.34663871    1.55330585]
 [ -72.59043039    1.79005336]
 [ -50.54354313    2.51046809]
 [ -69.82412829    0.74417049]
 [ -92.8395366     1.28261304]
 [ -76.73296688    2.71726775]
 [ -84.74742888    1.01924781]
 [ -94.97895602    0.76647779]
 [-112.11758158    1.54631153]
 [ -88.10848226    1.24170134]
 [ -41.97220037    3.39967113]
 [ -52.82371167    4.17642128]
 [ -53.77215024    1.99599255]
 [ -47.27975635    2.67558446]
 [ -92.60484123    2.41799056]
 [ -68.8687658     2.26041785]
 [ -39.29350263    2.49687611]
 [ -57.46764084    2.60881635]
 [ -44.05448137    2.95167618]
 [ -74.61957798    1.98334739]
 [-102.08166317    2.08928588]
 [ -60.88989167    1.77386961]
 [ -84.87012073    2.03810194]
 [ -58.23084346    1.9416564 ]
 [ -79.5263969     2.46078187]
 [ -87.90708393    1.61618211]
 [ -58.85983858    2.14385145]
 [ -42.50037304    1.95305752]
 [ -47.11160274    2.77576241]
 [ -46.84860478    2.14976173]
 [ -54.4427612     2.63526936]
 [-108.92227149    2.40014631]
 [ -45.38828668    1.97037062]
 [ -61.24968009    2.52775965]
 [ -56.50177797    1.96355458]
 [ -55.38486777    2.54500916]
 [ -83.19195589    2.87587748]
 [ -51.56914936    2.40366813]
 [ -72.10362618    2.01147381]
 [ -83.48175808    2.2368629 ]
 [ -58.40311407    2.68139377]
 [ -53.07407188    1.70878694]
 [ -99.40617004    2.1320995 ]
 [ -59.36481172    2.16437728]
 [-110.2378059     1.74745969]
 [ -88.62768658    1.36189143]
 [ -95.77399868    1.68556212]
 [ -51.22282185    2.79131328]
 [ -81.81779187    0.94182121]
 [ -75.30501914    1.63113234]
 [ -86.39217358    1.52418156]
 [-108.62017164    2.06603116]
 [ -78.86936781    0.30852987]
 [ -38.74224492    3.43485957]]
