[[ -39.98659875   26.49920757]
 [ -45.35097771   33.66661642]
 [ -33.87941524   34.48771092]
 [ -95.09382173   38.6361709 ]
 [-106.19166943   30.85157204]
 [ -85.82600872   48.64677002]
 [ -26.89320403   41.79845522]
 [ -88.08505977   43.57980514]
 [ -16.16390233   35.70339826]
 [ -27.98148849   15.04855949]
 [ -66.03697794   24.41606242]
 [ -33.79523393   19.02753221]
 [ -12.63595164   22.30481675]
 [ -25.42307238   13.37155461]
 [ -97.79374522   31.29713724]
 [ -74.67743429   42.26969604]
 [ -55.95727484   24.06273253]
 [ -71.65956589   42.22458902]
 [ -19.13655781   28.75404275]
 [ -14.34810585   17.16808178]
 [ -52.42634272   29.84443682]
 [ -13.21062698   35.6365167 ]
 [ -32.16057065   21.2637351 ]
 [ -94.15787139   36.76716563]
 [-112.30230992   22.9669372 ]
 [ -84.86544066    5.13908234]
 [ -23.50203499   48.77487375]
 [  -4.03985617   24.53557656]
 [ -75.29550851   35.17606656]
 [ -54.28291656   15.28056677]
 [ -31.51326321   30.26417277]
 [ -36.85656656   46.54453737]
 [ -92.77125223   31.32334537]
 [ -55.8614046    23.26644341]
 [-118.38638171   46.84311736]
 [ -16.44499961   32.34673976]
 [ -41.22334104   21.35200251]
 [ -19.95797885   23.79112432]
 [ -46.49435372    9.37919054]
 [ -12.31826876   32.17709181]
 [ -65.53681435   22.23007853]
 [ -72.73120225   30.88883086]
 [ -55.91727755   35.37180282]
 [ -76.94014643   12.08980748]
 [ -23.29257539   17.21089141]
 [ -34.6547696    34.28473036]
 [ -45.80517944   40.43280008]
 [ -20.3543462    51.73791882]
 [ -10.61645629   46.20640598]
 [ -93.04164491   44.44119487]
 [ -14.91307014   31.71691085]
 [ -57.09112466   47.5542937 ]
 [ -19.30885122   32.70052947]
 [ -16.45212136   17.4614082 ]
 [ -77.77042574   34.79530456]
 [ -58.50883614   30.53725252]
 [ -69.75637319   24.78847773]
 [ -66.74678479   31.10876458]
 [ -16.30429865   20.1908906 ]
 [ -87.710339     42.73305577]
 [ -13.47475744   29.73553667]
 [ -10.92586897   12.72502857]
 [ -21.38445172   24.39767453]
 [ -82.44383086   12.42354934]
 [-102.62056838   35.46110867]
 [ -34.01343643   31.26551789]
 [ -91.86040424   35.31314272]
 [ -75.39506406   10.31266936]
 [ -74.58406553   43.08035701]
 [ -39.4345994    34.36483251]
 [ -59.98461771   30.26692806]
 [ -11.32490254   38.4699457 ]
 [ -93.61899919   37.70379687]
 [-100.37336997   51.98805442]
 [ -24.94007057   41.25479582]
 [ -12.89519994   32.21032921]
 [  -6.44248935   22.59307223]
 [ -22.77874137   36.59337973]
 [ -12.71773399   40.52008019]
 [ -15.84608373   14.48880849]
 [ -88.35362031   20.5132704 ]
 [  -5.94379471   25.92224854]
 [ -25.28052227   52.46331885]
 [  -4.37530895   19.42464337]
 [ -12.06672653   38.88762628]
 [ -70.67157848   35.14832876]
 [ -79.24392894   45.6073443 ]
 [ -35.83107793   42.18882357]
 [  -6.28982888   29.01790433]
 [ -10.21162044   35.90523693]
 [ -14.00428406   17.41900085]
 [ -35.84754084   43.32133661]
 [ -28.71040918   16.85707438]
 [ -31.65215102   46.80737097]
 [ -42.72140444   16.52996513]
 [  -7.81875806   35.66626908]
 [ -19.65052474   41.86363785]
 [ -23.61358694   29.21078223]
 [ -72.01860005   58.78506846]
 [ -52.50903408   40.02423604]
 [ -49.17742961   52.02257169]
 [  -7.57763233   33.03974527]
 [ -73.82145203   51.43098887]
 [ -14.3907977    25.61821506]
 [ -54.0962592    56.71567259]
 [ -24.90711315    7.48954799]
 [ -10.00717898   29.8473526 ]
 [ -18.32717481   38.09285876]
 [ -17.98744653    8.24844149]
 [ -38.05591768   12.94559861]
 [ -24.35635756   25.33125415]
 [ -40.40839978   28.100747  ]
 [  -9.24798416   31.99623197]
 [ -53.79933729   41.96857832]
 [ -20.07447443   19.82049754]
 [ -52.05354126   26.43646507]
 [ -95.43565066   35.04107312]
 [ -31.09679956    8.20132085]
 [ -11.03352984   37.63866251]
 [ -85.59261217   13.39631861]
 [ -10.84548652   33.07089702]
 [ -46.68879492   31.42910501]
 [ -12.71635193   14.83286647]
 [ -36.14369352   55.42629694]
 [ -11.4606432    20.74722192]
 [ -73.56787393   24.14312607]
 [-115.19013451   44.75771838]
 [  -3.023363     33.44938166]
 [ -92.61373864   55.64652684]
 [ -49.38814889   40.50174515]
 [ -74.58263504   36.46621144]
 [ -76.91667366   32.15520188]
 [ -15.67255103   40.5656334 ]
 [ -57.01461487   22.84461093]
 [ -37.73771808   34.61989794]
 [ -47.07539651   31.07452226]
 [ -31.58303263   29.43649993]
 [  -7.64153291   15.68108494]
 [ -42.45838082   33.34657321]
 [  -9.03040228   50.70605763]
 [ -13.64260571   41.47655994]
 [ -13.89696088   31.39857143]
 [-106.14655134   31.37197299]
 [ -83.37743918   26.71771964]
 [ -80.33093793   44.36728677]
 [ -73.63633822   53.80915279]
 [ -26.65026351   23.77153838]
 [ -11.90957761   41.57396405]
 [ -93.83307974   49.2252894 ]
 [  -9.80507639   28.19242805]
 [ -39.0886114    39.09776701]
 [ -85.13120915   17.81906659]
 [ -16.75765409   32.19084396]
 [ -67.92786718   35.64504153]
 [ -89.0373097    59.31955564]
 [ -47.55308175   60.52496889]
 [ -46.00528964   24.7902943 ]
 [ -13.3805175    13.81493186]
 [ -71.33550064   23.59116599]
 [ -98.25225449   37.06637033]
 [ -21.31304597   14.11341486]
 [ -21.8294934    34.60039557]
 [-109.7219303    47.98986672]
 [ -33.41329288   49.36006628]
 [ -95.20913285   32.1432835 ]
 [ -22.90970022   38.71106341]
 [ -15.86732176   47.65861417]
 [ -14.1517238    21.44246736]
 [ -39.0375495    29.25119498]
 [ -95.44807196   22.53596434]
 [ -74.11682021   36.74867016]
 [ -35.45900148   14.33723583]
 [ -62.55495112   35.0366029 ]
 [ -80.42461456   23.09097028]
 [ -60.66761877   16.24371589]
 [ -29.47375529   38.66720244]
 [ -48.43221456    7.30606547]
 [ -39.81360063   28.70843117]
 [ -45.22496343   25.78652545]
 [ -98.6861926    25.31731713]
 [ -20.01879546   40.044877  ]
 [-114.852671     56.45246612]
 [ -99.54445101   39.67860198]
 [ -56.15178767   27.27705866]
 [ -24.4567165    22.7893245 ]
 [ -75.17273032   40.4937946 ]
 [ -28.02146473   23.8861611 ]
 [ -13.60011961   32.53754049]
 [ -90.34416395   34.37222072]
 [ -49.09987881   20.52266391]
 [ -78.40213142   31.8580078 ]
 [ -16.8192577    59.55847751]
 [ -36.24029631   27.2679232 ]
 [ -46.34346709   32.72205625]
 [ -36.48623476   34.99089156]
 [ -11.43298353   38.8947491 ]
 [ -20.14127762   36.72976707]
 [  -6.75029298   39.78823201]
 [ -26.70411751   43.50065507]
 [ -22.5550698    26.47759006]
 [ -24.94400507   31.32595677]
 [ -30.82683302   32.7998515 ]
 [  -9.84061827   28.40946371]
 [ -51.90993597   48.0247584 ]
 [ -17.31777934   24.85767167]
 [ -50.95599867   16.43523559]
 [ -73.10646137   25.05932305]
 [ -17.79883377   38.69073596]
 [ -51.15435622   29.86051993]
 [  -8.63837917   35.78221058]
 [ -21.10879671   36.63485912]
 [ -37.66581668   27.24113238]
 [ -17.62932368   35.3806588 ]
 [ -15.49301102   35.68140522]
 [ -11.81000659   21.69525627]
 [ -66.34412567   23.12447413]
 [ -53.97936235   19.62458026]
 [ -49.58847159   32.55333947]
 [ -66.65451669   30.50924978]
 [-105.32382499   11.6556815 ]
 [ -28.67411644   24.7725977 ]
 [ -17.26208843   32.04867929]
 [ -85.31348772   29.87877188]
 [ -74.0924698    43.40038324]
 [ -57.76075783   38.16298634]
 [ -29.98012826   24.418479  ]
 [  -7.9298853    10.28437286]
 [ -15.89546513   22.99041009]
 [  -3.16532012   27.10176887]
 [ -16.3974579    18.80020122]
 [ -26.52928622   30.35999282]
 [  -1.28269769   23.80677609]
 [ -26.16302288   33.99930646]
 [ -79.17530632   22.60514731]
 [ -56.28342573   33.23583966]
 [ -10.54154591   45.0323554 ]
 [ -24.2373595    33.67658574]
 [ -75.70137416   54.26069876]
 [ -16.03231461   24.8653345 ]
 [ -28.17254169   36.07917169]
 [ -18.81098314   27.43007921]
 [ -42.07633811   22.61852921]
 [  -8.66732783   32.73882696]
 [ -43.45304773   26.34653274]
 [ -61.30638684   61.36787152]
 [ -77.19549563   55.98622242]
 [ -86.26126921   24.33705068]
 [ -37.50170451   38.12671068]
 [ -72.82895462   41.32293449]
 [ -75.95061914   50.21768278]
 [ -32.4789183    36.42071596]
 [ -50.28925343   33.16962478]
 [ -33.03036408   26.76280422]
 [ -33.54644385   34.45693189]
 [  -2.93883598   20.4568582 ]
 [ -31.95723824   38.14682196]
 [ -44.04534779   34.91963055]
 [ -84.78138029   46.39249959]
 [ -52.69171826   24.66202726]
 [ -51.83785445   36.31680318]
 [ -72.91696852   26.10306594]
 [ -42.35648065   22.98450244]]
[[ -37.83035595   26.17629849]
 [ -19.61697435   48.17913098]
 [ -19.42419398   32.99441526]
 [ -31.84411502   20.25608607]
 [ -72.92829571   19.85645762]
 [  -8.48688896   43.35103897]
 [ -55.91413705   24.31116537]
 [  -2.66847695   32.96274678]
 [ -16.0741684    22.30334673]
 [  -6.46237559   30.06678091]
 [ -85.04400471   36.8779415 ]
 [ -37.92974433   29.35038688]
 [ -61.86868832   22.36308746]
 [ -10.50559862   25.3630869 ]
 [-107.69584575   24.89693022]
 [  -2.99556459   31.58679573]
 [ -15.79600539   25.23073411]
 [ -10.94355443   42.43524971]
 [ -16.03360396   25.29130239]
 [ -23.59569849   17.52373787]
 [ -25.34459867   34.03949771]
 [ -18.77707353   38.58882595]
 [ -15.65809108   26.94698508]
 [ -20.18298565   47.45522789]
 [ -19.04706957   21.52601161]
 [-107.12782465   41.27982785]
 [ -52.33684941   34.51026831]
 [-111.79389812   16.35402567]
 [ -37.79398129    7.0009487 ]
 [-104.63681675   30.77382337]
 [  -3.13723172   30.76373295]
 [ -20.967303     58.03327335]
 [ -42.85074281   38.82410945]
 [ -64.65796943   34.04795359]
 [ -83.60250866   28.75934802]
 [ -74.03188445   33.78981199]
 [ -11.16496825   42.31013803]
 [ -66.20238927   38.24312886]
 [ -82.35840646   29.35587108]
 [ -76.05344798   44.86168909]
 [ -28.15740873   19.38836507]
 [ -41.83396495   41.47751089]
 [ -22.6036145    12.41296234]
 [ -82.42339762   36.12021749]
 [  -9.36686076   18.83540547]
 [ -41.27492854   30.83644512]
 [ -25.959451     36.32954944]
 [ -54.10357089   42.36543727]
 [ -17.16721414    9.92813837]
 [ -13.33223049   28.04806928]
 [ -53.28150901   12.07620308]
 [-122.03752375   62.09693715]
 [ -14.07956387   19.66104664]
 [ -18.39923314   32.47763429]
 [ -31.78917545   38.35955967]
 [ -60.72558511   27.98156813]
 [  -6.89147034   23.26784425]
 [ -56.25914169   22.08826189]
 [ -45.85799704   25.96982901]
 [ -46.84677317   28.25699032]
 [ -68.78893989   27.10778153]
 [ -82.33976483   18.27202213]
 [ -23.63220396   25.98111051]
 [ -13.42810117   45.00654611]
 [  -2.55067649   43.99765081]
 [ -12.26879374   30.21741954]
 [ -83.34804144   34.29632817]
 [ -15.56301421   22.2926155 ]
 [ -83.46991349   32.12474563]
 [  -6.84379961   25.12301843]
 [ -23.43762468   36.68766761]
 [ -95.57724059   14.27091229]
 [ -56.06453822   34.08738291]
 [ -62.28344483   26.95554601]
 [ -13.80898982   20.23914859]
 [  -9.30307699   18.95366863]
 [ -47.83034811   38.00283104]
 [ -37.9754883    25.79637019]
 [ -94.03085987   40.41133047]
 [ -82.43699102   22.36618771]
 [-102.39915486   36.21341617]
 [ -23.77354519   12.71731419]
 [ -54.60721178   31.63191478]
 [ -64.59097004   28.49770847]
 [ -76.20853527   39.51605019]
 [ -25.00502621   26.2453664 ]
 [ -76.36485695   57.21572412]
 [ -88.00810372   31.65895496]
 [ -13.72472326   19.01633443]
 [ -20.4862218    43.24340678]
 [ -31.30558041   33.59366152]
 [-101.55547325   43.48671017]
 [ -79.30424181   24.91260983]
 [ -65.38022213   33.89022638]
 [ -37.46381787   21.47093256]
 [ -72.51211121   31.03735429]
 [ -85.22914736   28.26717684]
 [ -18.60051143   48.94474054]
 [ -46.09983312   21.48772575]
 [ -33.86690135    9.60550792]
 [ -20.96810819   29.65251956]
 [ -25.68281864   16.5882064 ]
 [ -16.83121638   47.28442113]
 [  -7.47721202   39.94699797]
 [ -97.16093266   39.97846658]
 [ -51.11765338   31.53774362]
 [  -9.85043209   10.30986667]
 [  -5.91747372   21.28204858]
 [ -67.87845729   43.08009953]
 [ -12.1995567    26.53463484]
 [-110.81404692   43.24243312]
 [ -34.23702966   21.09695513]
 [ -99.69368938   58.55849633]
 [-114.46739036   25.41496367]
 [ -95.65245806   54.59470682]
 [ -75.26848692   66.98393512]
 [ -52.61455301   36.31413913]
 [  -8.43625492   26.59268323]
 [ -30.84841226   28.96700429]
 [ -29.16858287   15.37059007]
 [ -53.46433468   36.02485698]
 [ -27.01638478   36.78449267]
 [-103.10720631   35.69482033]
 [ -69.25919764   39.83647785]
 [ -63.73628444   18.7963849 ]
 [ -66.85253671   31.68310074]
 [ -66.75490448   52.51426529]
 [ -53.89433044   21.76210226]
 [ -87.28424719   68.74593935]
 [-100.68811743   40.81117107]
 [ -12.6961244    45.47163814]
 [ -55.40440331   23.10222284]
 [ -10.41270607   47.39700183]
 [ -99.20606263   41.63846489]
 [ -88.1149579    40.51084884]
 [ -41.19417874   34.98899459]
 [ -20.34020717   21.97096911]
 [ -12.79655959   10.12988416]
 [ -62.74931566   10.45972508]
 [-119.75185409   53.19560344]
 [  -0.1318655    36.31961067]
 [ -35.83125996   35.13421898]
 [ -35.77816717   21.97889407]
 [ -97.69390728   33.07861681]
 [ -83.78609153   33.70594287]
 [ -19.99062301   25.98048552]
 [ -20.49168907   18.64138302]
 [ -32.90242715   37.04522091]
 [ -24.47086837   44.19658335]
 [ -80.2378203     8.66181793]
 [ -13.48668293   15.61796255]
 [ -53.56443683   38.82701722]
 [ -31.40370107   40.06324001]
 [ -10.75667019   27.34496714]
 [ -20.68061161   28.93987553]
 [ -25.59542059   24.98465552]
 [ -55.54138322   34.43753534]
 [ -56.81872939   52.98893761]
 [-105.74312057   44.50034679]
 [-102.08826631   44.40559893]
 [ -52.21653844   50.50584308]
 [ -60.62324807   54.91185471]
 [ -14.56142336   19.39536225]
 [ -49.39190897   40.66091004]
 [ -98.11484815   26.17298327]
 [  -5.31702737   18.21469309]
 [ -38.56370213   29.40859809]
 [ -49.45290721   29.77803112]
 [ -15.38908846   35.85554835]
 [ -50.8263062    27.57532562]
 [ -98.76217241   26.74245534]
 [ -32.10314575   40.09272086]
 [ -91.91597685   26.28514008]
 [ -59.39730413   31.95668295]
 [ -56.74459764   15.62048365]
 [ -84.34604419   26.87286392]
 [ -50.27545982   30.82701376]
 [ -91.57574882   29.24507158]
 [-102.46387923   24.38588957]
 [ -83.18556406   33.38482944]
 [ -73.13327424   27.94539795]
 [ -24.15051485   22.74806013]
 [ -39.06002824   33.66293894]
 [ -67.82234685   43.22470384]
 [ -35.82875263   49.83419579]
 [ -47.12466517   27.45004512]
 [ -89.15389019   22.82372104]
 [ -32.46684156   26.19078557]
 [  -7.91935102   33.73502318]
 [ -27.10437494   32.03758877]
 [ -46.23142617   28.10523743]
 [ -49.395004     21.71182961]
 [ -37.99313385   36.2374012 ]
 [-102.44807939   37.62284104]
 [ -50.77594158   34.17723943]
 [ -10.12226523   29.63658598]
 [-111.75189442   17.17860712]
 [ -64.29247289   55.05866551]
 [ -41.26482079   26.34011469]
 [ -31.03298676   43.22980317]
 [ -96.40078805   18.05059762]
 [  -9.99695619   27.45239704]
 [ -44.22774034   39.44323686]
 [  -6.87197777   27.18104074]
 [ -40.39928261   25.36746574]
 [-104.86283871   46.50055906]
 [ -32.23442378   26.59277816]
 [  -3.54400019   28.25463733]
 [ -75.13583119   36.49769438]
 [ -57.92588204   34.83472152]
 [ -10.79521268   27.53585575]
 [ -81.16693304   36.47026938]
 [ -43.96426481   34.28885402]
 [ -43.57476349   20.77955525]
 [ -79.87742303   16.31179005]
 [ -19.03149315   44.51111718]
 [ -30.44667924   46.48276608]
 [ -19.46216553   30.96911254]
 [ -36.4514446    41.11071402]
 [ -46.96566114   14.98720564]
 [-118.34251164   36.20742866]
 [ -10.74039046   34.36869067]
 [ -34.7910512    28.58139796]
 [-106.11634826   24.05321779]
 [ -60.32496452   45.07537133]
 [ -90.52774781   13.53418292]
 [ -59.72253544   46.61975208]
 [  -3.21090787   23.63383512]
 [ -80.10181896   18.08274249]
 [ -68.50566944   28.51949588]
 [ -37.8431413    16.54551109]
 [ -16.43926887   38.03154688]
 [  -4.80348137   23.39028995]
 [ -15.76165611   24.75173621]
 [ -38.57842695   34.6851403 ]
 [ -26.02899571   32.26202965]
 [ -73.01766621   12.12336211]
 [-115.74954207   26.97018964]
 [  -1.19708133   21.38065846]
 [  -7.92017805   28.41189529]
 [ -64.44109249   27.61504721]
 [ -19.59871626   29.73320545]
 [ -27.71776362   16.45812542]
 [  -8.68150829   11.1837002 ]
 [ -84.95934604   34.83098268]
 [ -29.44936125   29.90968624]
 [ -13.32741988   24.27722869]
 [ -18.21724868   21.59525431]
 [ -83.05231129   49.39276233]
 [ -24.20442735   24.90137626]
 [ -44.21082718   26.82876198]
 [ -59.20816711   24.40036614]
 [ -15.13590001   21.62391928]
 [  -4.05009093   31.88336624]
 [ -19.29540915   34.74594497]
 [-102.92039848   20.9583464 ]
 [ -41.86777657   20.53628458]
 [ -65.42565042   24.16710701]
 [ -55.72928321   37.56682768]
 [ -95.23933651   47.33405314]
 [ -15.9646594    27.72039443]
 [ -27.65858331   32.31344119]]
