[[2.8967566  0.03166901 2.70428401 1.05837427 3.10955352 0.0661411 ]
 [0.84804102 2.81324477 0.38250591 1.27460532 2.92491518 3.83497567]
 [1.00793887 3.40565563 3.1877663  2.41593153 0.94237329 2.23307709]
 ...
 [3.11057241 1.48962189 2.20913381 0.65972235 3.85019864 2.06945254]
 [3.62225339 2.54259701 1.02829386 1.39460208 0.79749925 1.6968319 ]
 [0.83377299 0.40849064 0.32947165 3.19179059 3.17224122 1.32788078]]
[[2.96492043 2.75480362 1.54473759 0.64839856 2.56648336 0.63492567]
 [2.72971843 2.22882748 2.73593823 3.48376422 2.72406688 2.95255564]
 [2.25764852 1.37468588 2.96153742 1.45686181 3.6567699  1.32006089]
 ...
 [3.77902093 2.99135828 3.03432349 0.68451005 0.9479112  3.67839923]
 [1.58089029 1.4903916  2.50185224 1.54584822 2.74218653 2.61369755]
 [2.86008161 3.19200589 2.78980514 1.8927142  1.31644924 0.91981218]]
