[[1.74119286 2.00031537 3.60383577 1.4893567  0.49254388 1.66051721]
 [3.24560347 2.00495772 2.56105804 0.97989021 0.58590687 0.18486658]
 [2.11550865 0.80553756 1.97260635 0.17911636 0.03607981 1.82851513]
 [0.42809885 2.02400819 2.45505802 1.86835178 0.41263224 1.50203166]
 [1.34666672 2.86128209 3.38639841 0.09471247 0.94192173 2.27845769]
 [2.20076848 1.4619958  2.23873236 1.17714006 2.36358833 3.65988064]
 [1.8886011  3.19839213 3.77149116 0.52588106 2.77099067 3.95228249]
 [1.55659453 3.14067305 3.40579214 3.34471275 0.8506906  2.56998992]
 [0.07941779 1.96150332 1.9812489  0.5615205  0.73886111 3.77122553]
 [2.34713338 2.27679201 3.80925334 0.08167908 1.63046705 2.17985499]
 [1.86211556 3.24374748 2.85371714 1.82168518 2.43038427 3.68876915]
 [0.82944894 1.92649037 1.66841825 0.3929168  0.20498442 0.75561583]
 [1.33360315 2.45565653 3.26289384 0.22198897 0.03422928 3.94420611]
 [1.39300521 1.58162228 3.55222299 2.55927876 1.16319371 2.31713981]
 [1.06949142 1.26765387 1.38938131 1.16582298 1.08941552 3.94540567]
 [1.94672432 2.13346449 3.82273864 2.33500645 1.05560326 3.54303323]
 [3.56197888 2.0988577  1.4751088  0.97528236 0.27241191 2.69883936]
 [3.4680844  2.50293314 2.01508483 0.97312231 0.74830148 2.36114791]
 [2.48194351 1.4930428  1.74842806 0.90405827 0.76692201 0.22769585]
 [0.31968061 2.21724865 2.6565567  2.28636339 1.0760519  2.98686337]
 [3.34523015 1.015265   3.12198928 3.98499384 1.40116063 2.94427189]
 [2.94964096 2.59853006 2.55356727 2.60914554 1.24342467 3.71676615]
 [1.88551927 0.49010964 1.77145546 1.43768665 0.45430292 0.95889583]
 [0.96956032 2.24331354 2.68309914 0.18081552 1.49194276 2.8785043 ]
 [0.8341645  2.70396828 2.58708285 3.35887114 1.44751786 3.57571052]
 [1.78795304 1.21445739 2.08862577 2.41053388 1.60814189 2.17909826]
 [3.82394537 1.29460508 1.8296375  1.9094953  1.28146085 2.77052778]
 [2.25086173 2.17346971 2.55954558 1.09694378 0.19326255 1.30165029]
 [1.88989727 2.06054863 2.29524896 1.17752103 1.53728401 3.01765098]
 [2.18035752 1.98308555 3.83520359 1.17688861 0.34894893 2.86743254]
 [2.51334845 2.51292956 1.66821796 1.35135864 1.73664568 2.99693917]
 [1.94059009 2.06224243 3.53150804 0.88915931 1.69610471 2.61770918]
 [2.51887522 0.98770991 2.25012567 1.69505163 0.04210457 2.12758659]
 [0.48548447 1.7587254  3.82533627 2.63762133 0.3576848  1.42385901]
 [2.51426023 1.16526246 2.97619051 3.26385558 0.58998384 1.92151548]
 [3.67698532 1.45926389 1.97396048 1.43518644 1.80794987 3.83717718]
 [1.22271202 1.07225903 2.96466399 3.59750341 0.26954267 3.43297556]
 [3.79181985 2.06321321 1.68474343 1.80217064 0.20579451 2.14782127]]
[[2.30411755e+00 1.63211221e+00 3.87855744e+00 2.80719545e+00
  1.65757811e+00 3.99404760e+00]
 [2.85922155e+00 2.71623906e+00 2.66859253e+00 1.59997276e+00
  2.96998098e-02 8.79457128e-02]
 [2.44703146e+00 4.78719457e-01 3.12662880e+00 3.92284586e+00
  1.22833119e-01 2.54230018e+00]
 [1.11542709e+00 2.76532980e+00 2.82969065e+00 3.16052735e-01
  1.61767034e+00 2.53037330e+00]
 [3.46180846e+00 1.90838292e+00 2.27079836e+00 1.10586183e+00
  2.81864343e-01 1.93600198e+00]
 [1.33786680e+00 2.21805072e+00 2.98814540e+00 3.68771695e+00
  1.47507234e+00 3.80640422e+00]
 [1.43487695e+00 3.01303301e+00 3.02259284e+00 3.32348696e+00
  1.27250355e+00 3.20998093e+00]
 [1.93994532e+00 2.48888724e+00 2.34739343e+00 7.36158246e-01
  1.11788542e+00 3.77607146e+00]
 [3.32707292e+00 1.41129391e+00 2.70012426e+00 1.82719695e+00
  1.45747078e+00 3.88851480e+00]
 [3.83237812e+00 1.06387219e+00 2.39455626e+00 1.76876133e+00
  3.55608647e-02 3.50791430e+00]
 [2.45858276e+00 9.92830283e-01 2.14963198e+00 1.25116171e+00
  3.86798431e+00 3.69095031e+00]
 [2.73500398e+00 1.61871431e+00 2.63600639e+00 2.88864718e+00
  2.52927457e+00 3.79310264e+00]
 [7.16178930e-01 2.33515436e+00 3.14309656e+00 2.08217997e+00
  5.73025259e-02 9.86978422e-01]
 [1.44780725e+00 2.01259634e+00 3.80954465e+00 1.61306734e+00
  1.32655741e+00 3.50688962e+00]
 [3.52651900e+00 1.18924974e+00 3.73774086e+00 7.70528126e-01
  5.20572793e-01 2.06779859e+00]
 [1.60850907e+00 1.91371694e+00 2.57111865e+00 1.19694352e+00
  1.20570798e+00 3.19688684e+00]
 [3.95067313e+00 1.67853963e+00 1.85299058e+00 2.08732314e-01
  1.05767487e-03 2.55697198e+00]
 [2.84591118e+00 2.12818171e+00 1.34984958e+00 7.16635366e-01
  6.62339554e-01 3.84722439e+00]
 [1.87452401e+00 3.62050640e+00 2.45227410e+00 1.35167383e+00
  1.12906882e+00 1.15271276e+00]
 [1.62019867e-01 1.91931071e+00 2.85082367e+00 1.14067880e+00
  6.26156801e-01 2.22187635e+00]
 [2.48250201e+00 2.01112881e-01 1.20196142e+00 5.91005858e-01
  1.49731867e+00 3.00567224e+00]
 [2.28447202e+00 1.31537038e+00 2.10956959e+00 7.66383641e-01
  1.84536275e+00 3.44521564e+00]
 [1.66606980e+00 2.36537122e+00 2.72456854e+00 1.23973499e+00
  1.63900600e+00 3.99573604e+00]
 [1.14834083e+00 1.15748718e+00 2.08541940e+00 2.81486416e-01
  1.47893872e+00 2.67631272e+00]
 [1.03038162e+00 2.77484707e+00 1.38572045e+00 5.75236858e-01
  2.99089683e-01 3.76605380e+00]
 [3.11321375e+00 1.03085105e+00 2.04263849e+00 6.15196341e-01
  3.93813397e-01 7.09894242e-01]
 [2.34626805e+00 2.59251163e+00 3.82606692e+00 3.18841345e-01
  9.05334191e-01 3.28826793e-01]
 [3.24534158e+00 7.20591082e-01 3.34624364e+00 2.22508132e+00
  8.75269610e-01 1.86222798e+00]
 [1.51566626e+00 1.80737165e+00 1.43064133e+00 1.44212093e+00
  1.05639186e+00 3.78204643e+00]
 [9.15314724e-01 1.54241610e+00 2.97335785e+00 2.06747857e+00
  8.16162411e-01 2.31170249e+00]
 [1.71494986e+00 2.17676831e+00 3.95648333e+00 1.89964765e-02
  4.69038937e-01 3.34947447e+00]
 [1.99517850e+00 8.44885566e-01 2.23663795e+00 2.38071774e+00
  1.03529299e+00 9.83130389e-01]
 [2.47580759e+00 3.17193635e+00 3.71147885e+00 2.20063734e+00
  3.98283233e+00 3.61730532e+00]
 [3.16102169e+00 9.45532592e-01 3.56883837e+00 2.36200646e+00
  2.92170407e-01 3.61895967e+00]
 [2.04071076e+00 1.82059419e+00 2.70118438e+00 1.58504411e+00
  5.93867753e-01 2.77508362e+00]
 [2.33455113e+00 3.19871127e+00 2.25886798e+00 7.71477493e-01
  1.23694303e-03 1.46572801e+00]
 [2.29217615e+00 3.34076883e+00 3.60094807e+00 7.24671019e-01
  1.94726637e+00 3.39063572e+00]
 [1.96553991e+00 2.58369858e+00 3.37247733e+00 1.66903754e+00
  3.44247054e+00 3.98525934e+00]]
