Problem,Alg_name,Iteration,Objectives,n_variables,lower_bound,upper_bound,exec_time,solutions,path
ZDT1,NSGA2,100,2,10,[0. 0. 0. 0. 0. 0. 0. 0. 0. 0.],[1. 1. 1. 1. 1. 1. 1. 1. 1. 1.],1.6207284927368164,300,/home/582/ow6835/MOOP/Result/ZDT1/NSGA2_ZDT1/ZDT1_NSGA2_Iteration-100_Obj-2_Var-10.2021_10_29-04:11:28_PM
ZDT1,AGNOMEN,100,2,10,[0. 0. 0. 0. 0. 0. 0. 0. 0. 0.],[1. 1. 1. 1. 1. 1. 1. 1. 1. 1.],1.7966601848602295,100,/home/582/ow6835/MOOP/Result/ZDT1/AGNOMEN_ZDT1/ZDT1_AGNOMEN_Iteration-100_Obj-2_Var-10.2021_10_29-04:11:39_PM
ZDT1,NSGA2,1000,2,10,[0. 0. 0. 0. 0. 0. 0. 0. 0. 0.],[1. 1. 1. 1. 1. 1. 1. 1. 1. 1.],16.827739477157593,300,/home/582/ow6835/MOOP/Result/ZDT1/NSGA2_ZDT1/ZDT1_NSGA2_Iteration-1000_Obj-2_Var-10.2021_10_29-04:11:43_PM
ZDT1,NSGA3,100,2,10,[0. 0. 0. 0. 0. 0. 0. 0. 0. 0.],[1. 1. 1. 1. 1. 1. 1. 1. 1. 1.],1.852701663970948,100,/home/582/ow6835/MOOP/Result/ZDT1/NSGA3_ZDT1/ZDT1_NSGA3_Iteration-100_Obj-2_Var-10.2021_10_29-04:11:45_PM
ZDT1,NSGA2,100,2,20,[0. 0. 0. 0. 0. 0. 0. 0. 0. 0. 0. 0. 0. 0. 0. 0. 0. 0. 0. 0.],[1. 1. 1. 1. 1. 1. 1. 1. 1. 1. 1. 1. 1. 1. 1. 1. 1. 1. 1. 1.],2.079350233078003,300,/home/582/ow6835/MOOP/Result/ZDT1/NSGA2_ZDT1/ZDT1_NSGA2_Iteration-100_Obj-2_Var-20.2021_10_29-04:11:56_PM
ZDT1,AGNOMEN,1000,2,10,[0. 0. 0. 0. 0. 0. 0. 0. 0. 0.],[1. 1. 1. 1. 1. 1. 1. 1. 1. 1.],25.3738751411438,100,/home/582/ow6835/MOOP/Result/ZDT1/AGNOMEN_ZDT1/ZDT1_AGNOMEN_Iteration-1000_Obj-2_Var-10.2021_10_29-04:12:02_PM
ZDT1,NSGA3,1000,2,10,[0. 0. 0. 0. 0. 0. 0. 0. 0. 0.],[1. 1. 1. 1. 1. 1. 1. 1. 1. 1.],23.960590839385983,100,/home/582/ow6835/MOOP/Result/ZDT1/NSGA3_ZDT1/ZDT1_NSGA3_Iteration-1000_Obj-2_Var-10.2021_10_29-04:12:07_PM
ZDT1,NSGA3,100,2,20,[0. 0. 0. 0. 0. 0. 0. 0. 0. 0. 0. 0. 0. 0. 0. 0. 0. 0. 0. 0.],[1. 1. 1. 1. 1. 1. 1. 1. 1. 1. 1. 1. 1. 1. 1. 1. 1. 1. 1. 1.],1.957833766937256,100,/home/582/ow6835/MOOP/Result/ZDT1/NSGA3_ZDT1/ZDT1_NSGA3_Iteration-100_Obj-2_Var-20.2021_10_29-04:12:08_PM
ZDT1,RNSGA2,100,2,10,[0. 0. 0. 0. 0. 0. 0. 0. 0. 0.],[1. 1. 1. 1. 1. 1. 1. 1. 1. 1.],3.232751607894897,300,/home/582/ow6835/MOOP/Result/ZDT1/RNSGA2_ZDT1/ZDT1_RNSGA2_Iteration-100_Obj-2_Var-10.2021_10_29-04:12:09_PM
ZDT1,AGNOMEN,100,2,20,[0. 0. 0. 0. 0. 0. 0. 0. 0. 0. 0. 0. 0. 0. 0. 0. 0. 0. 0. 0.],[1. 1. 1. 1. 1. 1. 1. 1. 1. 1. 1. 1. 1. 1. 1. 1. 1. 1. 1. 1.],1.646897315979004,100,/home/582/ow6835/MOOP/Result/ZDT1/AGNOMEN_ZDT1/ZDT1_AGNOMEN_Iteration-100_Obj-2_Var-20.2021_10_29-04:12:12_PM
ZDT1,MOEAD,100,2,10,[0. 0. 0. 0. 0. 0. 0. 0. 0. 0.],[1. 1. 1. 1. 1. 1. 1. 1. 1. 1.],7.287147283554077,100,/home/582/ow6835/MOOP/Result/ZDT1/MOEAD_ZDT1/ZDT1_MOEAD_Iteration-100_Obj-2_Var-10.2021_10_29-04:12:13_PM
ZDT1,NSGA2,1000,2,20,[0. 0. 0. 0. 0. 0. 0. 0. 0. 0. 0. 0. 0. 0. 0. 0. 0. 0. 0. 0.],[1. 1. 1. 1. 1. 1. 1. 1. 1. 1. 1. 1. 1. 1. 1. 1. 1. 1. 1. 1.],20.132439374923703,300,/home/582/ow6835/MOOP/Result/ZDT1/NSGA2_ZDT1/ZDT1_NSGA2_Iteration-1000_Obj-2_Var-20.2021_10_29-04:12:15_PM
ZDT1,MOEAD,100,2,20,[0. 0. 0. 0. 0. 0. 0. 0. 0. 0. 0. 0. 0. 0. 0. 0. 0. 0. 0. 0.],[1. 1. 1. 1. 1. 1. 1. 1. 1. 1. 1. 1. 1. 1. 1. 1. 1. 1. 1. 1.],7.309607982635498,82,/home/582/ow6835/MOOP/Result/ZDT1/MOEAD_ZDT1/ZDT1_MOEAD_Iteration-100_Obj-2_Var-20.2021_10_29-04:12:22_PM
ZDT1,NSGA3,1000,2,20,[0. 0. 0. 0. 0. 0. 0. 0. 0. 0. 0. 0. 0. 0. 0. 0. 0. 0. 0. 0.],[1. 1. 1. 1. 1. 1. 1. 1. 1. 1. 1. 1. 1. 1. 1. 1. 1. 1. 1. 1.],20.02147650718689,100,/home/582/ow6835/MOOP/Result/ZDT1/NSGA3_ZDT1/ZDT1_NSGA3_Iteration-1000_Obj-2_Var-20.2021_10_29-04:12:23_PM
ZDT2,NSGA2,100,2,10,[0. 0. 0. 0. 0. 0. 0. 0. 0. 0.],[1. 1. 1. 1. 1. 1. 1. 1. 1. 1.],1.7662022113800049,300,/home/582/ow6835/MOOP/Result/ZDT2/NSGA2_ZDT2/ZDT2_NSGA2_Iteration-100_Obj-2_Var-10.2021_10_29-04:12:28_PM
ZDT1,AGNOMEN,1000,2,20,[0. 0. 0. 0. 0. 0. 0. 0. 0. 0. 0. 0. 0. 0. 0. 0. 0. 0. 0. 0.],[1. 1. 1. 1. 1. 1. 1. 1. 1. 1. 1. 1. 1. 1. 1. 1. 1. 1. 1. 1.],24.58620977401733,100,/home/582/ow6835/MOOP/Result/ZDT1/AGNOMEN_ZDT1/ZDT1_AGNOMEN_Iteration-1000_Obj-2_Var-20.2021_10_29-04:12:35_PM
ZDT2,NSGA3,100,2,10,[0. 0. 0. 0. 0. 0. 0. 0. 0. 0.],[1. 1. 1. 1. 1. 1. 1. 1. 1. 1.],1.80806827545166,100,/home/582/ow6835/MOOP/Result/ZDT2/NSGA3_ZDT2/ZDT2_NSGA3_Iteration-100_Obj-2_Var-10.2021_10_29-04:12:46_PM
ZDT2,NSGA2,1000,2,10,[0. 0. 0. 0. 0. 0. 0. 0. 0. 0.],[1. 1. 1. 1. 1. 1. 1. 1. 1. 1.],19.211617708206177,300,/home/582/ow6835/MOOP/Result/ZDT2/NSGA2_ZDT2/ZDT2_NSGA2_Iteration-1000_Obj-2_Var-10.2021_10_29-04:12:48_PM
ZDT2,AGNOMEN,100,2,10,[0. 0. 0. 0. 0. 0. 0. 0. 0. 0.],[1. 1. 1. 1. 1. 1. 1. 1. 1. 1.],1.9640281200408936,100,/home/582/ow6835/MOOP/Result/ZDT2/AGNOMEN_ZDT2/ZDT2_AGNOMEN_Iteration-100_Obj-2_Var-10.2021_10_29-04:12:49_PM
ZDT1,RNSGA2,100,2,20,[0. 0. 0. 0. 0. 0. 0. 0. 0. 0. 0. 0. 0. 0. 0. 0. 0. 0. 0. 0.],[1. 1. 1. 1. 1. 1. 1. 1. 1. 1. 1. 1. 1. 1. 1. 1. 1. 1. 1. 1.],3.213745594024658,300,/home/582/ow6835/MOOP/Result/ZDT1/RNSGA2_ZDT1/ZDT1_RNSGA2_Iteration-100_Obj-2_Var-20.2021_10_29-04:12:56_PM
ZDT1,RNSGA2,1000,2,20,[0. 0. 0. 0. 0. 0. 0. 0. 0. 0. 0. 0. 0. 0. 0. 0. 0. 0. 0. 0.],[1. 1. 1. 1. 1. 1. 1. 1. 1. 1. 1. 1. 1. 1. 1. 1. 1. 1. 1. 1.],37.93057560920715,300,/home/582/ow6835/MOOP/Result/ZDT1/RNSGA2_ZDT1/ZDT1_RNSGA2_Iteration-1000_Obj-2_Var-20.2021_10_29-04:13:02_PM
ZDT2,RNSGA2,100,2,10,[0. 0. 0. 0. 0. 0. 0. 0. 0. 0.],[1. 1. 1. 1. 1. 1. 1. 1. 1. 1.],2.957789897918701,300,/home/582/ow6835/MOOP/Result/ZDT2/RNSGA2_ZDT2/ZDT2_RNSGA2_Iteration-100_Obj-2_Var-10.2021_10_29-04:13:03_PM
ZDT2,NSGA2,100,2,20,[0. 0. 0. 0. 0. 0. 0. 0. 0. 0. 0. 0. 0. 0. 0. 0. 0. 0. 0. 0.],[1. 1. 1. 1. 1. 1. 1. 1. 1. 1. 1. 1. 1. 1. 1. 1. 1. 1. 1. 1.],2.0657920837402344,300,/home/582/ow6835/MOOP/Result/ZDT2/NSGA2_ZDT2/ZDT2_NSGA2_Iteration-100_Obj-2_Var-20.2021_10_29-04:13:07_PM
ZDT2,MOEAD,100,2,10,[0. 0. 0. 0. 0. 0. 0. 0. 0. 0.],[1. 1. 1. 1. 1. 1. 1. 1. 1. 1.],7.914385318756103,100,/home/582/ow6835/MOOP/Result/ZDT2/MOEAD_ZDT2/ZDT2_MOEAD_Iteration-100_Obj-2_Var-10.2021_10_29-04:13:09_PM
ZDT2,AGNOMEN,1000,2,10,[0. 0. 0. 0. 0. 0. 0. 0. 0. 0.],[1. 1. 1. 1. 1. 1. 1. 1. 1. 1.],23.567132234573364,100,/home/582/ow6835/MOOP/Result/ZDT2/AGNOMEN_ZDT2/ZDT2_AGNOMEN_Iteration-1000_Obj-2_Var-10.2021_10_29-04:13:10_PM
ZDT2,AGNOMEN,100,2,20,[0. 0. 0. 0. 0. 0. 0. 0. 0. 0. 0. 0. 0. 0. 0. 0. 0. 0. 0. 0.],[1. 1. 1. 1. 1. 1. 1. 1. 1. 1. 1. 1. 1. 1. 1. 1. 1. 1. 1. 1.],1.4836444854736328,100,/home/582/ow6835/MOOP/Result/ZDT2/AGNOMEN_ZDT2/ZDT2_AGNOMEN_Iteration-100_Obj-2_Var-20.2021_10_29-04:13:12_PM
ZDT1,RNSGA2,1000,2,10,[0. 0. 0. 0. 0. 0. 0. 0. 0. 0.],[1. 1. 1. 1. 1. 1. 1. 1. 1. 1.],35.19201040267944,300,/home/582/ow6835/MOOP/Result/ZDT1/RNSGA2_ZDT1/ZDT1_RNSGA2_Iteration-1000_Obj-2_Var-10.2021_10_29-04:13:21_PM
ZDT2,NSGA2,1000,2,20,[0. 0. 0. 0. 0. 0. 0. 0. 0. 0. 0. 0. 0. 0. 0. 0. 0. 0. 0. 0.],[1. 1. 1. 1. 1. 1. 1. 1. 1. 1. 1. 1. 1. 1. 1. 1. 1. 1. 1. 1.],21.33058738708496,300,/home/582/ow6835/MOOP/Result/ZDT2/NSGA2_ZDT2/ZDT2_NSGA2_Iteration-1000_Obj-2_Var-20.2021_10_29-04:13:26_PM
ZDT2,RNSGA2,100,2,20,[0. 0. 0. 0. 0. 0. 0. 0. 0. 0. 0. 0. 0. 0. 0. 0. 0. 0. 0. 0.],[1. 1. 1. 1. 1. 1. 1. 1. 1. 1. 1. 1. 1. 1. 1. 1. 1. 1. 1. 1.],3.3914051055908203,300,/home/582/ow6835/MOOP/Result/ZDT2/RNSGA2_ZDT2/ZDT2_RNSGA2_Iteration-100_Obj-2_Var-20.2021_10_29-04:13:27_PM
ZDT1,MOEAD,1000,2,20,[0. 0. 0. 0. 0. 0. 0. 0. 0. 0. 0. 0. 0. 0. 0. 0. 0. 0. 0. 0.],[1. 1. 1. 1. 1. 1. 1. 1. 1. 1. 1. 1. 1. 1. 1. 1. 1. 1. 1. 1.],75.28958058357239,100,/home/582/ow6835/MOOP/Result/ZDT1/MOEAD_ZDT1/ZDT1_MOEAD_Iteration-1000_Obj-2_Var-20.2021_10_29-04:13:30_PM
ZDT3,NSGA2,100,2,10,[0. 0. 0. 0. 0. 0. 0. 0. 0. 0.],[1. 1. 1. 1. 1. 1. 1. 1. 1. 1.],1.7100377082824707,300,/home/582/ow6835/MOOP/Result/ZDT3/NSGA2_ZDT3/ZDT3_NSGA2_Iteration-100_Obj-2_Var-10.2021_10_29-04:13:31_PM
ZDT2,AGNOMEN,1000,2,20,[0. 0. 0. 0. 0. 0. 0. 0. 0. 0. 0. 0. 0. 0. 0. 0. 0. 0. 0. 0.],[1. 1. 1. 1. 1. 1. 1. 1. 1. 1. 1. 1. 1. 1. 1. 1. 1. 1. 1. 1.],23.391507863998413,100,/home/582/ow6835/MOOP/Result/ZDT2/AGNOMEN_ZDT2/ZDT2_AGNOMEN_Iteration-1000_Obj-2_Var-20.2021_10_29-04:13:32_PM
ZDT2,RNSGA2,1000,2,10,[0. 0. 0. 0. 0. 0. 0. 0. 0. 0.],[1. 1. 1. 1. 1. 1. 1. 1. 1. 1.],39.72932887077332,300,/home/582/ow6835/MOOP/Result/ZDT2/RNSGA2_ZDT2/ZDT2_RNSGA2_Iteration-1000_Obj-2_Var-10.2021_10_29-04:13:40_PM
ZDT3,AGNOMEN,100,2,10,[0. 0. 0. 0. 0. 0. 0. 0. 0. 0.],[1. 1. 1. 1. 1. 1. 1. 1. 1. 1.],1.8694756031036377,100,/home/582/ow6835/MOOP/Result/ZDT3/AGNOMEN_ZDT3/ZDT3_AGNOMEN_Iteration-100_Obj-2_Var-10.2021_10_29-04:13:42_PM
ZDT2,NSGA3,100,2,20,[0. 0. 0. 0. 0. 0. 0. 0. 0. 0. 0. 0. 0. 0. 0. 0. 0. 0. 0. 0.],[1. 1. 1. 1. 1. 1. 1. 1. 1. 1. 1. 1. 1. 1. 1. 1. 1. 1. 1. 1.],1.9629950523376465,96,/home/582/ow6835/MOOP/Result/ZDT2/NSGA3_ZDT2/ZDT2_NSGA3_Iteration-100_Obj-2_Var-20.2021_10_29-04:13:47_PM
ZDT3,NSGA2,1000,2,10,[0. 0. 0. 0. 0. 0. 0. 0. 0. 0.],[1. 1. 1. 1. 1. 1. 1. 1. 1. 1.],18.431501626968384,300,/home/582/ow6835/MOOP/Result/ZDT3/NSGA2_ZDT3/ZDT3_NSGA2_Iteration-1000_Obj-2_Var-10.2021_10_29-04:13:48_PM
ZDT3,NSGA3,100,2,10,[0. 0. 0. 0. 0. 0. 0. 0. 0. 0.],[1. 1. 1. 1. 1. 1. 1. 1. 1. 1.],1.884420394897461,71,/home/582/ow6835/MOOP/Result/ZDT3/NSGA3_ZDT3/ZDT3_NSGA3_Iteration-100_Obj-2_Var-10.2021_10_29-04:13:53_PM
ZDT3,RNSGA2,100,2,10,[0. 0. 0. 0. 0. 0. 0. 0. 0. 0.],[1. 1. 1. 1. 1. 1. 1. 1. 1. 1.],3.9025418758392334,300,/home/582/ow6835/MOOP/Result/ZDT3/RNSGA2_ZDT3/ZDT3_RNSGA2_Iteration-100_Obj-2_Var-10.2021_10_29-04:13:55_PM
ZDT1,MOEAD,1000,2,10,[0. 0. 0. 0. 0. 0. 0. 0. 0. 0.],[1. 1. 1. 1. 1. 1. 1. 1. 1. 1.],73.13767290115356,100,/home/582/ow6835/MOOP/Result/ZDT1/MOEAD_ZDT1/ZDT1_MOEAD_Iteration-1000_Obj-2_Var-10.2021_10_29-04:13:58_PM
ZDT2,NSGA3,1000,2,20,[0. 0. 0. 0. 0. 0. 0. 0. 0. 0. 0. 0. 0. 0. 0. 0. 0. 0. 0. 0.],[1. 1. 1. 1. 1. 1. 1. 1. 1. 1. 1. 1. 1. 1. 1. 1. 1. 1. 1. 1.],21.53404402732849,100,/home/582/ow6835/MOOP/Result/ZDT2/NSGA3_ZDT2/ZDT2_NSGA3_Iteration-1000_Obj-2_Var-20.2021_10_29-04:13:59_PM
ZDT2,MOEAD,100,2,20,[0. 0. 0. 0. 0. 0. 0. 0. 0. 0. 0. 0. 0. 0. 0. 0. 0. 0. 0. 0.],[1. 1. 1. 1. 1. 1. 1. 1. 1. 1. 1. 1. 1. 1. 1. 1. 1. 1. 1. 1.],7.41159176826477,93,/home/582/ow6835/MOOP/Result/ZDT2/MOEAD_ZDT2/ZDT2_MOEAD_Iteration-100_Obj-2_Var-20.2021_10_29-04:13:59_PM
ZDT2,MOEAD,1000,2,10,[0. 0. 0. 0. 0. 0. 0. 0. 0. 0.],[1. 1. 1. 1. 1. 1. 1. 1. 1. 1.],71.97045946121216,100,/home/582/ow6835/MOOP/Result/ZDT2/MOEAD_ZDT2/ZDT2_MOEAD_Iteration-1000_Obj-2_Var-10.2021_10_29-04:14:00_PM
ZDT3,AGNOMEN,1000,2,10,[0. 0. 0. 0. 0. 0. 0. 0. 0. 0.],[1. 1. 1. 1. 1. 1. 1. 1. 1. 1.],26.534294605255127,100,/home/582/ow6835/MOOP/Result/ZDT3/AGNOMEN_ZDT3/ZDT3_AGNOMEN_Iteration-1000_Obj-2_Var-10.2021_10_29-04:14:04_PM
ZDT3,NSGA3,1000,2,10,[0. 0. 0. 0. 0. 0. 0. 0. 0. 0.],[1. 1. 1. 1. 1. 1. 1. 1. 1. 1.],35.438992738723755,72,/home/582/ow6835/MOOP/Result/ZDT3/NSGA3_ZDT3/ZDT3_NSGA3_Iteration-1000_Obj-2_Var-10.2021_10_29-04:14:14_PM
ZDT3,RNSGA2,1000,2,10,[0. 0. 0. 0. 0. 0. 0. 0. 0. 0.],[1. 1. 1. 1. 1. 1. 1. 1. 1. 1.],41.6506187915802,300,/home/582/ow6835/MOOP/Result/ZDT3/RNSGA2_ZDT3/ZDT3_RNSGA2_Iteration-1000_Obj-2_Var-10.2021_10_29-04:14:33_PM
ZDT3,MOEAD,100,2,10,[0. 0. 0. 0. 0. 0. 0. 0. 0. 0.],[1. 1. 1. 1. 1. 1. 1. 1. 1. 1.],7.526510715484619,97,/home/582/ow6835/MOOP/Result/ZDT3/MOEAD_ZDT3/ZDT3_MOEAD_Iteration-100_Obj-2_Var-10.2021_10_29-04:14:34_PM
ZDT3,MOEAD,1000,2,10,[0. 0. 0. 0. 0. 0. 0. 0. 0. 0.],[1. 1. 1. 1. 1. 1. 1. 1. 1. 1.],72.26114273071289,100,/home/582/ow6835/MOOP/Result/ZDT3/MOEAD_ZDT3/ZDT3_MOEAD_Iteration-1000_Obj-2_Var-10.2021_10_29-04:14:56_PM
ZDT1,NSGA2,10000,2,10,[0. 0. 0. 0. 0. 0. 0. 0. 0. 0.],[1. 1. 1. 1. 1. 1. 1. 1. 1. 1.],204.2472498416901,300,/home/582/ow6835/MOOP/Result/ZDT1/NSGA2_ZDT1/ZDT1_NSGA2_Iteration-10000_Obj-2_Var-10.2021_10_29-04:15:00_PM
ZDT2,RNSGA2,1000,2,20,[0. 0. 0. 0. 0. 0. 0. 0. 0. 0. 0. 0. 0. 0. 0. 0. 0. 0. 0. 0.],[1. 1. 1. 1. 1. 1. 1. 1. 1. 1. 1. 1. 1. 1. 1. 1. 1. 1. 1. 1.],43.05303359031677,300,/home/582/ow6835/MOOP/Result/ZDT2/RNSGA2_ZDT2/ZDT2_RNSGA2_Iteration-1000_Obj-2_Var-20.2021_10_29-04:15:17_PM
ZDT1,NSGA2,10000,2,20,[0. 0. 0. 0. 0. 0. 0. 0. 0. 0. 0. 0. 0. 0. 0. 0. 0. 0. 0. 0.],[1. 1. 1. 1. 1. 1. 1. 1. 1. 1. 1. 1. 1. 1. 1. 1. 1. 1. 1. 1.],203.4854526519776,300,/home/582/ow6835/MOOP/Result/ZDT1/NSGA2_ZDT1/ZDT1_NSGA2_Iteration-10000_Obj-2_Var-20.2021_10_29-04:15:23_PM
ZDT2,NSGA3,1000,2,10,[0. 0. 0. 0. 0. 0. 0. 0. 0. 0.],[1. 1. 1. 1. 1. 1. 1. 1. 1. 1.],25.650744915008545,100,/home/582/ow6835/MOOP/Result/ZDT2/NSGA3_ZDT2/ZDT2_NSGA3_Iteration-1000_Obj-2_Var-10.2021_10_29-04:15:29_PM
ZDT2,MOEAD,1000,2,20,[0. 0. 0. 0. 0. 0. 0. 0. 0. 0. 0. 0. 0. 0. 0. 0. 0. 0. 0. 0.],[1. 1. 1. 1. 1. 1. 1. 1. 1. 1. 1. 1. 1. 1. 1. 1. 1. 1. 1. 1.],75.29981994628906,100,/home/582/ow6835/MOOP/Result/ZDT2/MOEAD_ZDT2/ZDT2_MOEAD_Iteration-1000_Obj-2_Var-20.2021_10_29-04:15:50_PM
ZDT2,NSGA2,10000,2,10,[0. 0. 0. 0. 0. 0. 0. 0. 0. 0.],[1. 1. 1. 1. 1. 1. 1. 1. 1. 1.],227.4873275756836,300,/home/582/ow6835/MOOP/Result/ZDT2/NSGA2_ZDT2/ZDT2_NSGA2_Iteration-10000_Obj-2_Var-10.2021_10_29-04:16:18_PM
ZDT1,NSGA3,10000,2,10,[0. 0. 0. 0. 0. 0. 0. 0. 0. 0.],[1. 1. 1. 1. 1. 1. 1. 1. 1. 1.],282.409930229187,100,/home/582/ow6835/MOOP/Result/ZDT1/NSGA3_ZDT1/ZDT1_NSGA3_Iteration-10000_Obj-2_Var-10.2021_10_29-04:16:26_PM
ZDT1,AGNOMEN,10000,2,10,[0. 0. 0. 0. 0. 0. 0. 0. 0. 0.],[1. 1. 1. 1. 1. 1. 1. 1. 1. 1.],284.4529092311859,100,/home/582/ow6835/MOOP/Result/ZDT1/AGNOMEN_ZDT1/ZDT1_AGNOMEN_Iteration-10000_Obj-2_Var-10.2021_10_29-04:16:27_PM
ZDT1,AGNOMEN,10000,2,20,[0. 0. 0. 0. 0. 0. 0. 0. 0. 0. 0. 0. 0. 0. 0. 0. 0. 0. 0. 0.],[1. 1. 1. 1. 1. 1. 1. 1. 1. 1. 1. 1. 1. 1. 1. 1. 1. 1. 1. 1.],264.59274554252625,100,/home/582/ow6835/MOOP/Result/ZDT1/AGNOMEN_ZDT1/ZDT1_AGNOMEN_Iteration-10000_Obj-2_Var-20.2021_10_29-04:16:35_PM
ZDT2,NSGA2,10000,2,20,[0. 0. 0. 0. 0. 0. 0. 0. 0. 0. 0. 0. 0. 0. 0. 0. 0. 0. 0. 0.],[1. 1. 1. 1. 1. 1. 1. 1. 1. 1. 1. 1. 1. 1. 1. 1. 1. 1. 1. 1.],214.3651466369629,300,/home/582/ow6835/MOOP/Result/ZDT2/NSGA2_ZDT2/ZDT2_NSGA2_Iteration-10000_Obj-2_Var-20.2021_10_29-04:16:39_PM
ZDT2,AGNOMEN,10000,2,10,[0. 0. 0. 0. 0. 0. 0. 0. 0. 0.],[1. 1. 1. 1. 1. 1. 1. 1. 1. 1.],249.4070935249329,100,/home/582/ow6835/MOOP/Result/ZDT2/AGNOMEN_ZDT2/ZDT2_AGNOMEN_Iteration-10000_Obj-2_Var-10.2021_10_29-04:16:55_PM
ZDT1,NSGA3,10000,2,20,[0. 0. 0. 0. 0. 0. 0. 0. 0. 0. 0. 0. 0. 0. 0. 0. 0. 0. 0. 0.],[1. 1. 1. 1. 1. 1. 1. 1. 1. 1. 1. 1. 1. 1. 1. 1. 1. 1. 1. 1.],293.40487146377563,100,/home/582/ow6835/MOOP/Result/ZDT1/NSGA3_ZDT1/ZDT1_NSGA3_Iteration-10000_Obj-2_Var-20.2021_10_29-04:16:58_PM
ZDT3,NSGA2,10000,2,10,[0. 0. 0. 0. 0. 0. 0. 0. 0. 0.],[1. 1. 1. 1. 1. 1. 1. 1. 1. 1.],212.26392221450809,300,/home/582/ow6835/MOOP/Result/ZDT3/NSGA2_ZDT3/ZDT3_NSGA2_Iteration-10000_Obj-2_Var-10.2021_10_29-04:17:01_PM
ZDT2,AGNOMEN,10000,2,20,[0. 0. 0. 0. 0. 0. 0. 0. 0. 0. 0. 0. 0. 0. 0. 0. 0. 0. 0. 0.],[1. 1. 1. 1. 1. 1. 1. 1. 1. 1. 1. 1. 1. 1. 1. 1. 1. 1. 1. 1.],242.2502768039704,100,/home/582/ow6835/MOOP/Result/ZDT2/AGNOMEN_ZDT2/ZDT2_AGNOMEN_Iteration-10000_Obj-2_Var-20.2021_10_29-04:17:17_PM
ZDT2,NSGA3,10000,2,20,[0. 0. 0. 0. 0. 0. 0. 0. 0. 0. 0. 0. 0. 0. 0. 0. 0. 0. 0. 0.],[1. 1. 1. 1. 1. 1. 1. 1. 1. 1. 1. 1. 1. 1. 1. 1. 1. 1. 1. 1.],308.4078226089477,100,/home/582/ow6835/MOOP/Result/ZDT2/NSGA3_ZDT2/ZDT2_NSGA3_Iteration-10000_Obj-2_Var-20.2021_10_29-04:18:18_PM
ZDT1,RNSGA2,10000,2,10,[0. 0. 0. 0. 0. 0. 0. 0. 0. 0.],[1. 1. 1. 1. 1. 1. 1. 1. 1. 1.],373.06759548187256,300,/home/582/ow6835/MOOP/Result/ZDT1/RNSGA2_ZDT1/ZDT1_RNSGA2_Iteration-10000_Obj-2_Var-10.2021_10_29-04:18:19_PM
ZDT1,RNSGA2,10000,2,20,[0. 0. 0. 0. 0. 0. 0. 0. 0. 0. 0. 0. 0. 0. 0. 0. 0. 0. 0. 0.],[1. 1. 1. 1. 1. 1. 1. 1. 1. 1. 1. 1. 1. 1. 1. 1. 1. 1. 1. 1.],382.742105960846,300,/home/582/ow6835/MOOP/Result/ZDT1/RNSGA2_ZDT1/ZDT1_RNSGA2_Iteration-10000_Obj-2_Var-20.2021_10_29-04:18:48_PM
ZDT3,NSGA3,10000,2,10,[0. 0. 0. 0. 0. 0. 0. 0. 0. 0.],[1. 1. 1. 1. 1. 1. 1. 1. 1. 1.],258.8780198097229,72,/home/582/ow6835/MOOP/Result/ZDT3/NSGA3_ZDT3/ZDT3_NSGA3_Iteration-10000_Obj-2_Var-10.2021_10_29-04:18:53_PM
ZDT3,AGNOMEN,10000,2,10,[0. 0. 0. 0. 0. 0. 0. 0. 0. 0.],[1. 1. 1. 1. 1. 1. 1. 1. 1. 1.],333.1178436279297,100,/home/582/ow6835/MOOP/Result/ZDT3/AGNOMEN_ZDT3/ZDT3_AGNOMEN_Iteration-10000_Obj-2_Var-10.2021_10_29-04:19:19_PM
ZDT3,RNSGA2,10000,2,10,[0. 0. 0. 0. 0. 0. 0. 0. 0. 0.],[1. 1. 1. 1. 1. 1. 1. 1. 1. 1.],351.3186185359955,300,/home/582/ow6835/MOOP/Result/ZDT3/RNSGA2_ZDT3/ZDT3_RNSGA2_Iteration-10000_Obj-2_Var-10.2021_10_29-04:19:42_PM
ZDT2,NSGA3,10000,2,10,[0. 0. 0. 0. 0. 0. 0. 0. 0. 0.],[1. 1. 1. 1. 1. 1. 1. 1. 1. 1.],449.6129338741303,100,/home/582/ow6835/MOOP/Result/ZDT2/NSGA3_ZDT2/ZDT2_NSGA3_Iteration-10000_Obj-2_Var-10.2021_10_29-04:20:19_PM
ZDT2,RNSGA2,10000,2,10,[0. 0. 0. 0. 0. 0. 0. 0. 0. 0.],[1. 1. 1. 1. 1. 1. 1. 1. 1. 1.],437.1523902416229,300,/home/582/ow6835/MOOP/Result/ZDT2/RNSGA2_ZDT2/ZDT2_RNSGA2_Iteration-10000_Obj-2_Var-10.2021_10_29-04:20:21_PM
ZDT2,RNSGA2,10000,2,20,[0. 0. 0. 0. 0. 0. 0. 0. 0. 0. 0. 0. 0. 0. 0. 0. 0. 0. 0. 0.],[1. 1. 1. 1. 1. 1. 1. 1. 1. 1. 1. 1. 1. 1. 1. 1. 1. 1. 1. 1.],491.9404377937317,300,/home/582/ow6835/MOOP/Result/ZDT2/RNSGA2_ZDT2/ZDT2_RNSGA2_Iteration-10000_Obj-2_Var-20.2021_10_29-04:22:04_PM
ZDT1,MOEAD,10000,2,20,[0. 0. 0. 0. 0. 0. 0. 0. 0. 0. 0. 0. 0. 0. 0. 0. 0. 0. 0. 0.],[1. 1. 1. 1. 1. 1. 1. 1. 1. 1. 1. 1. 1. 1. 1. 1. 1. 1. 1. 1.],730.0547528266907,100,/home/582/ow6835/MOOP/Result/ZDT1/MOEAD_ZDT1/ZDT1_MOEAD_Iteration-10000_Obj-2_Var-20.2021_10_29-04:24:26_PM
ZDT1,MOEAD,10000,2,10,[0. 0. 0. 0. 0. 0. 0. 0. 0. 0.],[1. 1. 1. 1. 1. 1. 1. 1. 1. 1.],759.7672305107117,100,/home/582/ow6835/MOOP/Result/ZDT1/MOEAD_ZDT1/ZDT1_MOEAD_Iteration-10000_Obj-2_Var-10.2021_10_29-04:24:46_PM
ZDT2,MOEAD,10000,2,10,[0. 0. 0. 0. 0. 0. 0. 0. 0. 0.],[1. 1. 1. 1. 1. 1. 1. 1. 1. 1.],752.1545720100403,100,/home/582/ow6835/MOOP/Result/ZDT2/MOEAD_ZDT2/ZDT2_MOEAD_Iteration-10000_Obj-2_Var-10.2021_10_29-04:25:33_PM
ZDT2,MOEAD,10000,2,20,[0. 0. 0. 0. 0. 0. 0. 0. 0. 0. 0. 0. 0. 0. 0. 0. 0. 0. 0. 0.],[1. 1. 1. 1. 1. 1. 1. 1. 1. 1. 1. 1. 1. 1. 1. 1. 1. 1. 1. 1.],752.633415222168,100,/home/582/ow6835/MOOP/Result/ZDT2/MOEAD_ZDT2/ZDT2_MOEAD_Iteration-10000_Obj-2_Var-20.2021_10_29-04:26:24_PM
ZDT3,MOEAD,10000,2,10,[0. 0. 0. 0. 0. 0. 0. 0. 0. 0.],[1. 1. 1. 1. 1. 1. 1. 1. 1. 1.],800.8044784069061,100,/home/582/ow6835/MOOP/Result/ZDT3/MOEAD_ZDT3/ZDT3_MOEAD_Iteration-10000_Obj-2_Var-10.2021_10_29-04:28:20_PM
ZDT2,NSGA2,100000,2,20,[0. 0. 0. 0. 0. 0. 0. 0. 0. 0. 0. 0. 0. 0. 0. 0. 0. 0. 0. 0.],[1. 1. 1. 1. 1. 1. 1. 1. 1. 1. 1. 1. 1. 1. 1. 1. 1. 1. 1. 1.],1783.9798934459686,300,/home/582/ow6835/MOOP/Result/ZDT2/NSGA2_ZDT2/ZDT2_NSGA2_Iteration-100000_Obj-2_Var-20.2021_10_29-04:42:48_PM
ZDT1,NSGA2,100000,2,10,[0. 0. 0. 0. 0. 0. 0. 0. 0. 0.],[1. 1. 1. 1. 1. 1. 1. 1. 1. 1.],1909.855937719345,300,/home/582/ow6835/MOOP/Result/ZDT1/NSGA2_ZDT1/ZDT1_NSGA2_Iteration-100000_Obj-2_Var-10.2021_10_29-04:43:26_PM
ZDT1,NSGA2,100000,2,20,[0. 0. 0. 0. 0. 0. 0. 0. 0. 0. 0. 0. 0. 0. 0. 0. 0. 0. 0. 0.],[1. 1. 1. 1. 1. 1. 1. 1. 1. 1. 1. 1. 1. 1. 1. 1. 1. 1. 1. 1.],2026.121145486832,300,/home/582/ow6835/MOOP/Result/ZDT1/NSGA2_ZDT1/ZDT1_NSGA2_Iteration-100000_Obj-2_Var-20.2021_10_29-04:45:49_PM
ZDT3,NSGA2,100000,2,10,[0. 0. 0. 0. 0. 0. 0. 0. 0. 0.],[1. 1. 1. 1. 1. 1. 1. 1. 1. 1.],2152.128488302231,300,/home/582/ow6835/MOOP/Result/ZDT3/NSGA2_ZDT3/ZDT3_NSGA2_Iteration-100000_Obj-2_Var-10.2021_10_29-04:49:42_PM
ZDT2,NSGA2,100000,2,10,[0. 0. 0. 0. 0. 0. 0. 0. 0. 0.],[1. 1. 1. 1. 1. 1. 1. 1. 1. 1.],2364.770043849945,300,/home/582/ow6835/MOOP/Result/ZDT2/NSGA2_ZDT2/ZDT2_NSGA2_Iteration-100000_Obj-2_Var-10.2021_10_29-04:51:54_PM
ZDT2,AGNOMEN,100000,2,20,[0. 0. 0. 0. 0. 0. 0. 0. 0. 0. 0. 0. 0. 0. 0. 0. 0. 0. 0. 0.],[1. 1. 1. 1. 1. 1. 1. 1. 1. 1. 1. 1. 1. 1. 1. 1. 1. 1. 1. 1.],2372.375317335129,100,/home/582/ow6835/MOOP/Result/ZDT2/AGNOMEN_ZDT2/ZDT2_AGNOMEN_Iteration-100000_Obj-2_Var-20.2021_10_29-04:52:47_PM
ZDT2,AGNOMEN,100000,2,10,[0. 0. 0. 0. 0. 0. 0. 0. 0. 0.],[1. 1. 1. 1. 1. 1. 1. 1. 1. 1.],2452.7712206840515,100,/home/582/ow6835/MOOP/Result/ZDT2/AGNOMEN_ZDT2/ZDT2_AGNOMEN_Iteration-100000_Obj-2_Var-10.2021_10_29-04:53:44_PM
ZDT3,NSGA3,100000,2,10,[0. 0. 0. 0. 0. 0. 0. 0. 0. 0.],[1. 1. 1. 1. 1. 1. 1. 1. 1. 1.],2693.6946082115173,71,/home/582/ow6835/MOOP/Result/ZDT3/NSGA3_ZDT3/ZDT3_NSGA3_Iteration-100000_Obj-2_Var-10.2021_10_29-04:58:46_PM
ZDT1,AGNOMEN,100000,2,20,[0. 0. 0. 0. 0. 0. 0. 0. 0. 0. 0. 0. 0. 0. 0. 0. 0. 0. 0. 0.],[1. 1. 1. 1. 1. 1. 1. 1. 1. 1. 1. 1. 1. 1. 1. 1. 1. 1. 1. 1.],2802.4591579437256,100,/home/582/ow6835/MOOP/Result/ZDT1/AGNOMEN_ZDT1/ZDT1_AGNOMEN_Iteration-100000_Obj-2_Var-20.2021_10_29-04:58:56_PM
ZDT2,NSGA3,100000,2,10,[0. 0. 0. 0. 0. 0. 0. 0. 0. 0.],[1. 1. 1. 1. 1. 1. 1. 1. 1. 1.],2798.576451778412,100,/home/582/ow6835/MOOP/Result/ZDT2/NSGA3_ZDT2/ZDT2_NSGA3_Iteration-100000_Obj-2_Var-10.2021_10_29-04:59:27_PM
ZDT1,NSGA3,100000,2,10,[0. 0. 0. 0. 0. 0. 0. 0. 0. 0.],[1. 1. 1. 1. 1. 1. 1. 1. 1. 1.],2875.795864343643,100,/home/582/ow6835/MOOP/Result/ZDT1/NSGA3_ZDT1/ZDT1_NSGA3_Iteration-100000_Obj-2_Var-10.2021_10_29-04:59:34_PM
ZDT1,AGNOMEN,100000,2,10,[0. 0. 0. 0. 0. 0. 0. 0. 0. 0.],[1. 1. 1. 1. 1. 1. 1. 1. 1. 1.],2931.515164613724,100,/home/582/ow6835/MOOP/Result/ZDT1/AGNOMEN_ZDT1/ZDT1_AGNOMEN_Iteration-100000_Obj-2_Var-10.2021_10_29-05:00:32_PM
ZDT1,NSGA3,100000,2,20,[0. 0. 0. 0. 0. 0. 0. 0. 0. 0. 0. 0. 0. 0. 0. 0. 0. 0. 0. 0.],[1. 1. 1. 1. 1. 1. 1. 1. 1. 1. 1. 1. 1. 1. 1. 1. 1. 1. 1. 1.],2929.593634366989,100,/home/582/ow6835/MOOP/Result/ZDT1/NSGA3_ZDT1/ZDT1_NSGA3_Iteration-100000_Obj-2_Var-20.2021_10_29-05:00:55_PM
ZDT1,RNSGA2,100000,2,20,[0. 0. 0. 0. 0. 0. 0. 0. 0. 0. 0. 0. 0. 0. 0. 0. 0. 0. 0. 0.],[1. 1. 1. 1. 1. 1. 1. 1. 1. 1. 1. 1. 1. 1. 1. 1. 1. 1. 1. 1.],3451.2170174121857,300,/home/582/ow6835/MOOP/Result/ZDT1/RNSGA2_ZDT1/ZDT1_RNSGA2_Iteration-100000_Obj-2_Var-20.2021_10_29-05:09:59_PM
ZDT1,RNSGA2,100000,2,10,[0. 0. 0. 0. 0. 0. 0. 0. 0. 0.],[1. 1. 1. 1. 1. 1. 1. 1. 1. 1.],3487.887964248657,300,/home/582/ow6835/MOOP/Result/ZDT1/RNSGA2_ZDT1/ZDT1_RNSGA2_Iteration-100000_Obj-2_Var-10.2021_10_29-05:10:14_PM
ZDT3,AGNOMEN,100000,2,10,[0. 0. 0. 0. 0. 0. 0. 0. 0. 0.],[1. 1. 1. 1. 1. 1. 1. 1. 1. 1.],3498.994612932205,100,/home/582/ow6835/MOOP/Result/ZDT3/AGNOMEN_ZDT3/ZDT3_AGNOMEN_Iteration-100000_Obj-2_Var-10.2021_10_29-05:12:06_PM
ZDT2,NSGA3,100000,2,20,[0. 0. 0. 0. 0. 0. 0. 0. 0. 0. 0. 0. 0. 0. 0. 0. 0. 0. 0. 0.],[1. 1. 1. 1. 1. 1. 1. 1. 1. 1. 1. 1. 1. 1. 1. 1. 1. 1. 1. 1.],4162.268663406372,100,/home/582/ow6835/MOOP/Result/ZDT2/NSGA3_ZDT2/ZDT2_NSGA3_Iteration-100000_Obj-2_Var-20.2021_10_29-05:24:07_PM
ZDT3,RNSGA2,100000,2,10,[0. 0. 0. 0. 0. 0. 0. 0. 0. 0.],[1. 1. 1. 1. 1. 1. 1. 1. 1. 1.],4318.233349561691,300,/home/582/ow6835/MOOP/Result/ZDT3/RNSGA2_ZDT3/ZDT3_RNSGA2_Iteration-100000_Obj-2_Var-10.2021_10_29-05:27:32_PM
ZDT2,RNSGA2,100000,2,10,[0. 0. 0. 0. 0. 0. 0. 0. 0. 0.],[1. 1. 1. 1. 1. 1. 1. 1. 1. 1.],4644.731717348099,300,/home/582/ow6835/MOOP/Result/ZDT2/RNSGA2_ZDT2/ZDT2_RNSGA2_Iteration-100000_Obj-2_Var-10.2021_10_29-05:30:27_PM
ZDT2,RNSGA2,100000,2,20,[0. 0. 0. 0. 0. 0. 0. 0. 0. 0. 0. 0. 0. 0. 0. 0. 0. 0. 0. 0.],[1. 1. 1. 1. 1. 1. 1. 1. 1. 1. 1. 1. 1. 1. 1. 1. 1. 1. 1. 1.],5127.513724327087,300,/home/582/ow6835/MOOP/Result/ZDT2/RNSGA2_ZDT2/ZDT2_RNSGA2_Iteration-100000_Obj-2_Var-20.2021_10_29-05:39:19_PM
ZDT3,MOEAD,100000,2,10,[0. 0. 0. 0. 0. 0. 0. 0. 0. 0.],[1. 1. 1. 1. 1. 1. 1. 1. 1. 1.],7189.611565589905,100,/home/582/ow6835/MOOP/Result/ZDT3/MOEAD_ZDT3/ZDT3_MOEAD_Iteration-100000_Obj-2_Var-10.2021_10_29-06:13:40_PM
ZDT1,MOEAD,100000,2,20,[0. 0. 0. 0. 0. 0. 0. 0. 0. 0. 0. 0. 0. 0. 0. 0. 0. 0. 0. 0.],[1. 1. 1. 1. 1. 1. 1. 1. 1. 1. 1. 1. 1. 1. 1. 1. 1. 1. 1. 1.],7331.547952890396,100,/home/582/ow6835/MOOP/Result/ZDT1/MOEAD_ZDT1/ZDT1_MOEAD_Iteration-100000_Obj-2_Var-20.2021_10_29-06:14:27_PM
ZDT2,MOEAD,100000,2,10,[0. 0. 0. 0. 0. 0. 0. 0. 0. 0.],[1. 1. 1. 1. 1. 1. 1. 1. 1. 1.],7306.777476072311,100,/home/582/ow6835/MOOP/Result/ZDT2/MOEAD_ZDT2/ZDT2_MOEAD_Iteration-100000_Obj-2_Var-10.2021_10_29-06:14:48_PM
ZDT1,MOEAD,100000,2,10,[0. 0. 0. 0. 0. 0. 0. 0. 0. 0.],[1. 1. 1. 1. 1. 1. 1. 1. 1. 1.],7555.817403078079,100,/home/582/ow6835/MOOP/Result/ZDT1/MOEAD_ZDT1/ZDT1_MOEAD_Iteration-100000_Obj-2_Var-10.2021_10_29-06:17:43_PM
ZDT2,MOEAD,100000,2,20,[0. 0. 0. 0. 0. 0. 0. 0. 0. 0. 0. 0. 0. 0. 0. 0. 0. 0. 0. 0.],[1. 1. 1. 1. 1. 1. 1. 1. 1. 1. 1. 1. 1. 1. 1. 1. 1. 1. 1. 1.],7530.007932424545,100,/home/582/ow6835/MOOP/Result/ZDT2/MOEAD_ZDT2/ZDT2_MOEAD_Iteration-100000_Obj-2_Var-20.2021_10_29-06:18:55_PM
ZDT1,NSGA2,1000000,2,10,[0. 0. 0. 0. 0. 0. 0. 0. 0. 0.],[1. 1. 1. 1. 1. 1. 1. 1. 1. 1.],18007.147094726562,300,/home/582/ow6835/MOOP/Result/ZDT1/NSGA2_ZDT1/ZDT1_NSGA2_Iteration-1000000_Obj-2_Var-10.2021_10_29-06:50:45_PM
ZDT2,NSGA2,1000000,2,20,[0. 0. 0. 0. 0. 0. 0. 0. 0. 0. 0. 0. 0. 0. 0. 0. 0. 0. 0. 0.],[1. 1. 1. 1. 1. 1. 1. 1. 1. 1. 1. 1. 1. 1. 1. 1. 1. 1. 1. 1.],20750.61070847512,300,/home/582/ow6835/MOOP/Result/ZDT2/NSGA2_ZDT2/ZDT2_NSGA2_Iteration-1000000_Obj-2_Var-20.2021_10_29-07:39:03_PM
ZDT3,NSGA2,1000000,2,10,[0. 0. 0. 0. 0. 0. 0. 0. 0. 0.],[1. 1. 1. 1. 1. 1. 1. 1. 1. 1.],21348.04883956909,300,/home/582/ow6835/MOOP/Result/ZDT3/NSGA2_ZDT3/ZDT3_NSGA2_Iteration-1000000_Obj-2_Var-10.2021_10_29-07:49:22_PM
ZDT1,NSGA2,1000000,2,20,[0. 0. 0. 0. 0. 0. 0. 0. 0. 0. 0. 0. 0. 0. 0. 0. 0. 0. 0. 0.],[1. 1. 1. 1. 1. 1. 1. 1. 1. 1. 1. 1. 1. 1. 1. 1. 1. 1. 1. 1.],21739.78722834587,300,/home/582/ow6835/MOOP/Result/ZDT1/NSGA2_ZDT1/ZDT1_NSGA2_Iteration-1000000_Obj-2_Var-20.2021_10_29-07:54:34_PM
ZDT2,AGNOMEN,1000000,2,10,[0. 0. 0. 0. 0. 0. 0. 0. 0. 0.],[1. 1. 1. 1. 1. 1. 1. 1. 1. 1.],24134.10935664177,100,/home/582/ow6835/MOOP/Result/ZDT2/AGNOMEN_ZDT2/ZDT2_AGNOMEN_Iteration-1000000_Obj-2_Var-10.2021_10_29-08:35:01_PM
ZDT3,NSGA3,1000000,2,10,[0. 0. 0. 0. 0. 0. 0. 0. 0. 0.],[1. 1. 1. 1. 1. 1. 1. 1. 1. 1.],24127.799703359604,71,/home/582/ow6835/MOOP/Result/ZDT3/NSGA3_ZDT3/ZDT3_NSGA3_Iteration-1000000_Obj-2_Var-10.2021_10_29-08:36:23_PM
ZDT2,AGNOMEN,1000000,2,20,[0. 0. 0. 0. 0. 0. 0. 0. 0. 0. 0. 0. 0. 0. 0. 0. 0. 0. 0. 0.],[1. 1. 1. 1. 1. 1. 1. 1. 1. 1. 1. 1. 1. 1. 1. 1. 1. 1. 1. 1.],25015.78985118866,100,/home/582/ow6835/MOOP/Result/ZDT2/AGNOMEN_ZDT2/ZDT2_AGNOMEN_Iteration-1000000_Obj-2_Var-20.2021_10_29-08:50:28_PM
ZDT3,AGNOMEN,1000000,2,10,[0. 0. 0. 0. 0. 0. 0. 0. 0. 0.],[1. 1. 1. 1. 1. 1. 1. 1. 1. 1.],26761.8786444664,100,/home/582/ow6835/MOOP/Result/ZDT3/AGNOMEN_ZDT3/ZDT3_AGNOMEN_Iteration-1000000_Obj-2_Var-10.2021_10_29-09:20:16_PM
ZDT1,AGNOMEN,1000000,2,20,[0. 0. 0. 0. 0. 0. 0. 0. 0. 0. 0. 0. 0. 0. 0. 0. 0. 0. 0. 0.],[1. 1. 1. 1. 1. 1. 1. 1. 1. 1. 1. 1. 1. 1. 1. 1. 1. 1. 1. 1.],27969.87196683884,100,/home/582/ow6835/MOOP/Result/ZDT1/AGNOMEN_ZDT1/ZDT1_AGNOMEN_Iteration-1000000_Obj-2_Var-20.2021_10_29-09:37:57_PM
ZDT2,NSGA2,1000000,2,20,[0. 0. 0. 0. 0. 0. 0. 0. 0. 0. 0. 0. 0. 0. 0. 0. 0. 0. 0. 0.],[1. 1. 1. 1. 1. 1. 1. 1. 1. 1. 1. 1. 1. 1. 1. 1. 1. 1. 1. 1.],19859.56905817985,300,/home/582/ow6835/MOOP/Result/ZDT2/NSGA2_ZDT2/ZDT2_NSGA2_Iteration-1000000_Obj-2_Var-20.2021_10_29-09:44:02_PM
ZDT1,NSGA2,1000000,2,10,[0. 0. 0. 0. 0. 0. 0. 0. 0. 0.],[1. 1. 1. 1. 1. 1. 1. 1. 1. 1.],19964.54940843582,300,/home/582/ow6835/MOOP/Result/ZDT1/NSGA2_ZDT1/ZDT1_NSGA2_Iteration-1000000_Obj-2_Var-10.2021_10_29-09:44:15_PM
ZDT1,NSGA2,1000000,2,20,[0. 0. 0. 0. 0. 0. 0. 0. 0. 0. 0. 0. 0. 0. 0. 0. 0. 0. 0. 0.],[1. 1. 1. 1. 1. 1. 1. 1. 1. 1. 1. 1. 1. 1. 1. 1. 1. 1. 1. 1.],19995.54799246788,300,/home/582/ow6835/MOOP/Result/ZDT1/NSGA2_ZDT1/ZDT1_NSGA2_Iteration-1000000_Obj-2_Var-20.2021_10_29-09:45:20_PM
ZDT1,NSGA3,1000000,2,20,[0. 0. 0. 0. 0. 0. 0. 0. 0. 0. 0. 0. 0. 0. 0. 0. 0. 0. 0. 0.],[1. 1. 1. 1. 1. 1. 1. 1. 1. 1. 1. 1. 1. 1. 1. 1. 1. 1. 1. 1.],28877.061857938766,100,/home/582/ow6835/MOOP/Result/ZDT1/NSGA3_ZDT1/ZDT1_NSGA3_Iteration-1000000_Obj-2_Var-20.2021_10_29-09:53:32_PM
ZDT1,NSGA3,1000000,2,10,[0. 0. 0. 0. 0. 0. 0. 0. 0. 0.],[1. 1. 1. 1. 1. 1. 1. 1. 1. 1.],29108.640127658844,100,/home/582/ow6835/MOOP/Result/ZDT1/NSGA3_ZDT1/ZDT1_NSGA3_Iteration-1000000_Obj-2_Var-10.2021_10_29-09:56:06_PM
ZDT2,NSGA3,1000000,2,10,[0. 0. 0. 0. 0. 0. 0. 0. 0. 0.],[1. 1. 1. 1. 1. 1. 1. 1. 1. 1.],29255.87237596512,100,/home/582/ow6835/MOOP/Result/ZDT2/NSGA3_ZDT2/ZDT2_NSGA3_Iteration-1000000_Obj-2_Var-10.2021_10_29-09:59:51_PM
ZDT2,NSGA3,1000000,2,20,[0. 0. 0. 0. 0. 0. 0. 0. 0. 0. 0. 0. 0. 0. 0. 0. 0. 0. 0. 0.],[1. 1. 1. 1. 1. 1. 1. 1. 1. 1. 1. 1. 1. 1. 1. 1. 1. 1. 1. 1.],30281.45397830009,100,/home/582/ow6835/MOOP/Result/ZDT2/NSGA3_ZDT2/ZDT2_NSGA3_Iteration-1000000_Obj-2_Var-20.2021_10_29-10:17:59_PM
ZDT1,AGNOMEN,1000000,2,10,[0. 0. 0. 0. 0. 0. 0. 0. 0. 0.],[1. 1. 1. 1. 1. 1. 1. 1. 1. 1.],30630.386546850204,100,/home/582/ow6835/MOOP/Result/ZDT1/AGNOMEN_ZDT1/ZDT1_AGNOMEN_Iteration-1000000_Obj-2_Var-10.2021_10_29-10:21:21_PM
ZDT2,NSGA2,1000000,2,10,[0. 0. 0. 0. 0. 0. 0. 0. 0. 0.],[1. 1. 1. 1. 1. 1. 1. 1. 1. 1.],30811.251736164093,300,/home/582/ow6835/MOOP/Result/ZDT2/NSGA2_ZDT2/ZDT2_NSGA2_Iteration-1000000_Obj-2_Var-10.2021_10_29-10:26:04_PM
ZDT3,NSGA2,1000000,2,10,[0. 0. 0. 0. 0. 0. 0. 0. 0. 0.],[1. 1. 1. 1. 1. 1. 1. 1. 1. 1.],22361.10207962989,300,/home/582/ow6835/MOOP/Result/ZDT3/NSGA2_ZDT3/ZDT3_NSGA2_Iteration-1000000_Obj-2_Var-10.2021_10_29-10:26:31_PM
ZDT3,RNSGA2,1000000,2,10,[0. 0. 0. 0. 0. 0. 0. 0. 0. 0.],[1. 1. 1. 1. 1. 1. 1. 1. 1. 1.],32107.867117404938,300,/home/582/ow6835/MOOP/Result/ZDT3/RNSGA2_ZDT3/ZDT3_RNSGA2_Iteration-1000000_Obj-2_Var-10.2021_10_29-10:49:06_PM
ZDT2,NSGA2,1000000,2,10,[0. 0. 0. 0. 0. 0. 0. 0. 0. 0.],[1. 1. 1. 1. 1. 1. 1. 1. 1. 1.],24270.514672517776,300,/home/582/ow6835/MOOP/Result/ZDT2/NSGA2_ZDT2/ZDT2_NSGA2_Iteration-1000000_Obj-2_Var-10.2021_10_29-10:57:13_PM
ZDT2,AGNOMEN,1000000,2,10,[0. 0. 0. 0. 0. 0. 0. 0. 0. 0.],[1. 1. 1. 1. 1. 1. 1. 1. 1. 1.],24530.974715948105,100,/home/582/ow6835/MOOP/Result/ZDT2/AGNOMEN_ZDT2/ZDT2_AGNOMEN_Iteration-1000000_Obj-2_Var-10.2021_10_29-11:01:43_PM
ZDT2,AGNOMEN,1000000,2,20,[0. 0. 0. 0. 0. 0. 0. 0. 0. 0. 0. 0. 0. 0. 0. 0. 0. 0. 0. 0.],[1. 1. 1. 1. 1. 1. 1. 1. 1. 1. 1. 1. 1. 1. 1. 1. 1. 1. 1. 1.],25551.121931791306,100,/home/582/ow6835/MOOP/Result/ZDT2/AGNOMEN_ZDT2/ZDT2_AGNOMEN_Iteration-1000000_Obj-2_Var-20.2021_10_29-11:19:41_PM
ZDT1,NSGA3,1000000,2,10,[0. 0. 0. 0. 0. 0. 0. 0. 0. 0.],[1. 1. 1. 1. 1. 1. 1. 1. 1. 1.],25781.112293481827,100,/home/582/ow6835/MOOP/Result/ZDT1/NSGA3_ZDT1/ZDT1_NSGA3_Iteration-1000000_Obj-2_Var-10.2021_10_29-11:21:19_PM
ZDT1,AGNOMEN,1000000,2,20,[0. 0. 0. 0. 0. 0. 0. 0. 0. 0. 0. 0. 0. 0. 0. 0. 0. 0. 0. 0.],[1. 1. 1. 1. 1. 1. 1. 1. 1. 1. 1. 1. 1. 1. 1. 1. 1. 1. 1. 1.],26256.446580171585,100,/home/582/ow6835/MOOP/Result/ZDT1/AGNOMEN_ZDT1/ZDT1_AGNOMEN_Iteration-1000000_Obj-2_Var-20.2021_10_29-11:29:49_PM
ZDT2,NSGA3,1000000,2,10,[0. 0. 0. 0. 0. 0. 0. 0. 0. 0.],[1. 1. 1. 1. 1. 1. 1. 1. 1. 1.],27528.91123175621,100,/home/582/ow6835/MOOP/Result/ZDT2/NSGA3_ZDT2/ZDT2_NSGA3_Iteration-1000000_Obj-2_Var-10.2021_10_29-11:51:39_PM
ZDT1,NSGA3,1000000,2,20,[0. 0. 0. 0. 0. 0. 0. 0. 0. 0. 0. 0. 0. 0. 0. 0. 0. 0. 0. 0.],[1. 1. 1. 1. 1. 1. 1. 1. 1. 1. 1. 1. 1. 1. 1. 1. 1. 1. 1. 1.],28038.83922362328,100,/home/582/ow6835/MOOP/Result/ZDT1/NSGA3_ZDT1/ZDT1_NSGA3_Iteration-1000000_Obj-2_Var-20.2021_10_29-11:59:30_PM
ZDT3,AGNOMEN,1000000,2,10,[0. 0. 0. 0. 0. 0. 0. 0. 0. 0.],[1. 1. 1. 1. 1. 1. 1. 1. 1. 1.],27973.5853009224,100,/home/582/ow6835/MOOP/Result/ZDT3/AGNOMEN_ZDT3/ZDT3_AGNOMEN_Iteration-1000000_Obj-2_Var-10.2021_10_29-11:59:57_PM
ZDT2,NSGA3,1000000,2,20,[0. 0. 0. 0. 0. 0. 0. 0. 0. 0. 0. 0. 0. 0. 0. 0. 0. 0. 0. 0.],[1. 1. 1. 1. 1. 1. 1. 1. 1. 1. 1. 1. 1. 1. 1. 1. 1. 1. 1. 1.],31761.70426034928,100,/home/582/ow6835/MOOP/Result/ZDT2/NSGA3_ZDT2/ZDT2_NSGA3_Iteration-1000000_Obj-2_Var-20.2021_10_30-01:02:33_AM
ZDT1,AGNOMEN,1000000,2,10,[0. 0. 0. 0. 0. 0. 0. 0. 0. 0.],[1. 1. 1. 1. 1. 1. 1. 1. 1. 1.],32201.265504598618,100,/home/582/ow6835/MOOP/Result/ZDT1/AGNOMEN_ZDT1/ZDT1_AGNOMEN_Iteration-1000000_Obj-2_Var-10.2021_10_30-01:08:23_AM
ZDT1,RNSGA2,1000000,2,20,[0. 0. 0. 0. 0. 0. 0. 0. 0. 0. 0. 0. 0. 0. 0. 0. 0. 0. 0. 0.],[1. 1. 1. 1. 1. 1. 1. 1. 1. 1. 1. 1. 1. 1. 1. 1. 1. 1. 1. 1.],33697.92002439499,300,/home/582/ow6835/MOOP/Result/ZDT1/RNSGA2_ZDT1/ZDT1_RNSGA2_Iteration-1000000_Obj-2_Var-20.2021_10_30-01:34:05_AM
ZDT1,RNSGA2,1000000,2,10,[0. 0. 0. 0. 0. 0. 0. 0. 0. 0.],[1. 1. 1. 1. 1. 1. 1. 1. 1. 1.],34738.15117764473,300,/home/582/ow6835/MOOP/Result/ZDT1/RNSGA2_ZDT1/ZDT1_RNSGA2_Iteration-1000000_Obj-2_Var-10.2021_10_30-01:51:43_AM
