6.620349746828708248e+00,6.184901227028440474e+00
5.352549988131010572e+00,8.987553150990807538e+00
5.266944789956100159e+00,4.745479083309727564e+00
4.119317330756159024e+00,7.138629993077806546e+00
3.697761647489170578e+00,7.353867669705246968e+00
6.764000390865906098e+00,4.999416811343209588e+00
2.376670998918307909e+00,7.161358256443027592e+00
2.711630667588693200e+00,7.724811682567347404e+00
1.037062561548959927e+00,8.446291326978514036e+00
6.495241358989944480e+00,6.901753583325129782e+00
5.975056602191571642e+00,7.222054122131837062e+00
5.783453309829233113e+00,5.997903770467234885e+00
1.727424052002888510e+00,7.052463903035004478e+00
4.923166172461225898e+00,7.362949460484900399e+00
6.696098771228570001e+00,8.250012710117342607e+00
6.724517665387129028e+00,8.001063798688585749e+00
2.997947218757921917e+00,7.956121153728064499e+00
6.542908659039730068e+00,8.591745198362286118e+00
5.161769681065139004e+00,5.949985664543707031e+00
2.567394438632681908e+00,6.535312872230445436e+00
3.227420951902326252e+00,7.133992346340852109e+00
6.978848920052726612e+00,3.061257070964865434e+00
5.362769526473659454e+00,3.479613356558668436e+00
5.858316482568461048e+00,3.114260071079597125e+00
5.130855071268605627e+00,5.554769878559259411e+00
2.451658087365399030e+00,7.328085998248404564e+00
1.059225953724700187e+00,7.526757475940140552e+00
3.480355155962388203e+00,6.553716429320219916e+00
1.583009718997735016e+00,7.888035791541314623e+00
5.855866979427345242e+00,6.145454875340025325e+00
4.439771126743662144e+00,6.673113115872237877e+00
2.702013106258692066e+00,7.603650248406617074e+00
5.650618550339268076e+00,7.898491907582656069e+00
1.697532940368605248e+00,7.116549995682534657e+00
2.147440745381158589e+00,7.081067893461350238e+00
5.990569093816720425e+00,7.369183246171144397e+00
6.679713033327946192e+00,3.811377843361211326e+00
6.581619479094152680e+00,8.425031673848362601e+00
5.455350110232210170e+00,7.320263101316255572e+00
6.676525707907256191e+00,6.916191827016345606e+00
2.373490113654173506e+00,7.418142806314178550e+00
6.394256057812199856e+00,7.839222876233627346e+00
6.358389773354883090e+00,3.851077867531264687e+00
5.306909205788743478e+00,7.267814972171146692e+00
3.828634473089633783e+00,7.627223856101519317e+00
6.890690806833292825e+00,4.311382089879364443e+00
5.814771620303339716e+00,7.004514151922108134e+00
3.020761535096998518e+00,8.946830335358296082e+00
5.085367812544228983e+00,4.631704144744388074e+00
3.360988134607280742e+00,6.291072954592149102e+00
4.688058930070397423e+00,6.652431508821788242e+00
1.192124547367380272e+00,6.991783850381183996e+00
4.078823718580562918e+00,5.483681505249560217e+00
3.653436156833909099e+00,7.799366173440405170e+00
2.870485570044587043e+00,6.849929064389865374e+00
1.550075302977513614e+00,7.220911163623346063e+00
6.875038126077249068e+00,7.223581303964463629e+00
6.262283666961238282e+00,7.710795212788873698e+00
4.928451671120030575e+00,7.842727711146583403e+00
2.555955240779344884e+00,8.002974420650875942e+00
2.296059104472574663e+00,6.510484455811363702e+00
3.503018461225859248e+00,6.349373650318084650e+00
6.131411806693940036e+00,8.158726187615883418e+00
6.859884101841178250e+00,6.234218225332538665e+00
5.653250831074323912e+00,7.206204508511563134e+00
4.962191626092423924e+00,6.128356950553962790e+00
2.768559863052985737e+00,6.296623758093556233e+00
5.836149954351159685e+00,5.342000347879080735e+00
4.990765688823686652e+00,8.291583158854255231e+00
2.902603888027720735e+00,8.209416979022204686e+00
1.609104105453035727e+00,7.118414350894899378e+00
2.968493806664175949e+00,6.175187430707445024e+00
3.488586714945692613e+00,7.199290369916437449e+00
4.315230165057348799e+00,7.258592011555687229e+00
5.021204688747759270e+00,5.226332565841757649e+00
1.317547994796064437e+00,7.672288236904110548e+00
5.174691969448622864e+00,5.871425710660209241e+00
5.833182494689086006e+00,4.661834854962229713e+00
4.753800979033629304e+00,7.495989554412424205e+00
5.632823194747987650e+00,8.464148593037581492e+00
2.884238137012986591e+00,7.820989798628336764e+00
6.344893196609236341e+00,3.312884770369763032e+00
6.341525783755846746e+00,3.221233534714303737e+00
4.512985210485076948e+00,8.826299244596338411e+00
2.184359304096659571e+00,6.976866982711943166e+00
5.506224915238810524e+00,3.863217282205708258e+00
3.758648967121113849e+00,8.198821090320922877e+00
4.004471452663359798e+00,7.887189222004530542e+00
4.034754194804023086e+00,8.063757279873149386e+00
3.019043837204624658e+00,8.374443310993926914e+00
2.437567623912073600e+00,6.306494020147642487e+00
6.787613171632354891e+00,7.872494131277167462e+00
1.460459790559759830e+00,6.744238173009692083e+00
5.113221954808029324e+00,6.962008041762473454e+00
5.986866863880901057e+00,5.678780539955649687e+00
4.950697763118437678e+00,5.954085049105343863e+00
4.532797813190219571e+00,7.681233277314960972e+00
1.396940568469678512e+00,8.473330234931527372e+00
4.548809976784392362e+00,6.819307040828418209e+00
2.042789080531887791e+00,6.759174677620061189e+00
3.964026257886605009e+00,7.374454532323932554e+00
2.827558589676489653e+00,6.070740671050361748e+00
4.041048094211644681e+00,8.334417504629488604e+00
5.654115860750017930e+00,6.411668277624937851e+00
3.880530384113029641e+00,6.092287916472550080e+00
4.371665739933881412e+00,6.843519556417824390e+00
3.473783097746800053e+00,8.617946993273260858e+00
5.798663060263359981e+00,8.698850582619611416e+00
6.764228274211986580e+00,4.861888500260348245e+00
1.253391878573143714e+00,8.843679625914919740e+00
2.318594177366464670e+00,7.511663468111108521e+00
1.894998394125192887e+00,8.564564706700977581e+00
6.645215840890495329e+00,4.270764877976938934e+00
2.061507969409808183e+00,8.512116596381325451e+00
1.921335857811130143e+00,6.881017003811661148e+00
5.151831486854489661e+00,5.879662604488982147e+00
6.064466367464037333e+00,4.074365442108965674e+00
4.977469853375314557e+00,6.491989638038349497e+00
4.181741347933030539e+00,7.037312174044873636e+00
5.415569952591915204e+00,8.517012208726328026e+00
5.433042702813690283e+00,5.642344894585223258e+00
4.888833519540358274e+00,5.304402507786909915e+00
6.914839880708870012e+00,5.351477493152429155e+00
1.518746661852745872e+00,6.851774352253285905e+00
3.041455483390354431e+00,7.441872596945152019e+00
6.470492466978055468e+00,4.625404205583081740e+00
1.704002061096812293e+00,7.603919357740212881e+00
4.516913731173562319e+00,6.459656812490160327e+00
3.715604269811208837e+00,7.057834627048074516e+00
3.014888273906369598e+00,7.102537800003715596e+00
5.446596254820328831e+00,8.854051863975964665e+00
3.456811964414636229e+00,8.063326880506480165e+00
6.834418847079819948e+00,5.266155355026849172e+00
5.440889431061929571e+00,6.722051393612559878e+00
5.137696569364912591e+00,7.318949633354702833e+00
6.784073991575482410e+00,8.114901189922244740e+00
2.382287386023302034e+00,7.110161395435282472e+00
6.832224097055952683e+00,6.325745572322983179e+00
6.090045491848045778e+00,6.154475384436469021e+00
6.779947181837401970e+00,3.364198720835946510e+00
3.959800643635208672e+00,6.005978610822547026e+00
5.571356212078780956e+00,8.848904640392888155e+00
6.500070175333541478e+00,5.545994822219879161e+00
6.728482359194050133e+00,5.155065998158644192e+00
5.646584264203012182e+00,7.089849554454414893e+00
6.266467278079847603e+00,4.931783797324287733e+00
5.842152956325231017e+00,8.152488226858046971e+00
4.764999571368678133e+00,6.216526850648760316e+00
1.927987924456647795e+00,6.595985028765683822e+00
3.596063981807907872e+00,7.328638028426762929e+00
4.195531964185279961e+00,6.776043625805749926e+00
2.528538225688232277e+00,6.889370507676002120e+00
4.172529098866730735e+00,8.699509104065242582e+00
1.549492610584713104e+00,6.742546404716328823e+00
5.546450823166298782e+00,5.909942305199985313e+00
6.672961739160214734e+00,5.360783115260042919e+00
4.446927653612251063e+00,6.807740868096893827e+00
5.149649797935634155e+00,8.610219301721393492e+00
4.084656070163175556e+00,8.438279343901204044e+00
5.499404050813284428e+00,4.222394038488966217e+00
4.370181187464586614e+00,6.912450890523173186e+00
4.009178808967503116e+00,7.734851490698243737e+00
4.825889361483064022e+00,8.990489219889740369e+00
6.937602276034384730e+00,5.961963322670282395e+00
6.060179103935271705e+00,3.846157108851992135e+00
4.835902224111134018e+00,6.150557687599688350e+00
3.643171966845477172e+00,5.999533070608627838e+00
6.454299839220517754e+00,6.205854474500902995e+00
1.217609451210143190e+00,7.452854084402535939e+00
4.560744634059785696e+00,6.620771033260122174e+00
4.939381413181454406e+00,5.981566190320899423e+00
1.786994967093800124e+00,6.888629141986827520e+00
2.291474361568411222e+00,6.933351395652467275e+00
5.689510770591075683e+00,7.789288494200724777e+00
6.620001642833186928e+00,4.030577330606960551e+00
2.399025754468840255e+00,7.859622305851289070e+00
5.869260555675168689e+00,8.970009030026567132e+00
5.143234079237188894e+00,6.711771168308061419e+00
4.645197564359039966e+00,7.592640697822560902e+00
6.343771858014921605e+00,4.601801465778525113e+00
3.439138559117124849e+00,6.338100939621156726e+00
6.161853513357690382e+00,8.833459314672147400e+00
2.576421149649199549e+00,8.027214043989832959e+00
5.395762847437226561e+00,7.886592453929286428e+00
1.159214481161373822e+00,8.727776717975523013e+00
1.788921302960275517e+00,6.486634347861675032e+00
2.859575017327931956e+00,6.177065878099910812e+00
4.023713989072766672e+00,5.718715250766495117e+00
3.523733536890577778e+00,7.699192736107924873e+00
6.292133535147492296e+00,5.323690319121119785e+00
5.649245225453518593e+00,4.407038921751363247e+00
6.161165210434448980e+00,8.249305239088450037e+00
6.351384496742188190e+00,7.343323729375256903e+00
6.646188540222782493e+00,5.348451881325425816e+00
2.733169175053717481e+00,7.671572404770733655e+00
6.419511712349767585e+00,3.879524208238606775e+00
5.885126627750876693e+00,5.539968491838081377e+00
3.211813367360150551e+00,7.213198881805936935e+00
2.444720441960092749e+00,8.588791817134611151e+00
3.304807005568904277e+00,8.579974502492811794e+00
1.006910000664198668e+00,8.141489214028531762e+00
5.328519643450331245e+00,6.759081854969949177e+00
2.581299836734660680e+00,8.736774567282321158e+00
4.284688046071070566e+00,5.401310770198904265e+00
2.438747163058192946e+00,8.358788311002602001e+00
6.548122379112257363e+00,4.278585427966703492e+00
5.707876065795682408e+00,6.400013904018782007e+00
2.147732223358268300e+00,7.099431074804709141e+00
6.957605160216428608e+00,4.968397999711292812e+00
4.798808248146436028e+00,8.708493393101321089e+00
4.864048390793017873e+00,5.895500057636564151e+00
5.627336773670024606e+00,6.039158152508361077e+00
3.048874607492744637e+00,8.014824272966571073e+00
5.193457669825535916e+00,6.760702409684832048e+00
4.096961196172523856e+00,8.987971391185993753e+00
4.277326586555434851e+00,6.681445519532588584e+00
6.342183796776580174e+00,7.520353464134488242e+00
6.745102263962952982e+00,7.137728011139652828e+00
4.435423944653919648e+00,6.011499299340604452e+00
4.536160165891765850e+00,6.834125954428438732e+00
1.094050904359093579e+00,6.389600386100361185e+00
5.421012243435831657e+00,8.051850657245845255e+00
2.399503768143310012e+00,8.016785383778213259e+00
5.349372507543450617e+00,8.562568123646236984e+00
4.989516694134552566e+00,6.114117555644906332e+00
6.067110037603894668e+00,7.400504991647438580e+00
6.477999696396153695e+00,3.184591699208422000e+00
2.679287095510129557e+00,7.908035145758729456e+00
5.171749817882488998e+00,7.688847534417840635e+00
6.166748367220708182e+00,5.557176479413541870e+00
6.804752966560323024e+00,8.211152751801128247e+00
4.475240902574110891e+00,5.426398504476743767e+00
1.732863097135740160e+00,7.944307919007390417e+00
4.860430060492523907e+00,6.021684611226607586e+00
4.648983547480227685e+00,8.849572353940843072e+00
5.976481269984112998e+00,8.062745549505073939e+00
6.952243760859966315e+00,8.609381613185885129e+00
5.640314899932780790e+00,6.113817233681330343e+00
3.127913636210386983e+00,7.095606119181343097e+00
5.290673877287027871e+00,6.709573760029824641e+00
5.397556481780743987e+00,4.544629544853997949e+00
4.146850248685500340e+00,7.996788519719212118e+00
4.260653686120477346e+00,7.074397543393999399e+00
2.942204424333914936e+00,8.002502258238640920e+00
1.974220710704525317e+00,8.422882979972003525e+00
2.864137729209361272e+00,7.502471230664250257e+00
6.136806609144174196e+00,6.024657839761224487e+00
2.006830295171978751e+00,8.613290056123116045e+00
2.237645210674392260e+00,7.915311324030495754e+00
6.424397571440213284e+00,3.755920432814625620e+00
5.782677270724049912e+00,3.119090588410292852e+00
5.860336511342634225e+00,7.184486159257634341e+00
4.561918558249608679e+00,8.902758726778516873e+00
4.923665292245337888e+00,5.767734634838344476e+00
1.023149376648017084e+00,6.851692162175472056e+00
6.166642693689835752e+00,3.191673603184239649e+00
6.245812939034117051e+00,6.211303444899698434e+00
4.819320493102225100e+00,7.740395632560530537e+00
5.219087232459285630e+00,6.299783959365385044e+00
3.400045727532501338e+00,7.762827191360626600e+00
6.145659558499597885e+00,4.483597520201151987e+00
2.322184021830872247e+00,6.293932152503216138e+00
1.149115830066259392e+00,6.557515815556504535e+00
4.443637924842344766e+00,5.982122094293284675e+00
4.504520965593785675e+00,7.350000980393274652e+00
2.698856778476968810e+00,6.722735901259664359e+00
3.114555946399623743e+00,8.948023271913429610e+00
5.466177683713813629e+00,7.698739066776150608e+00
4.463934581028089710e+00,6.477311270266886467e+00
6.909666893677805177e+00,5.744317525923816170e+00
4.800807880482960144e+00,5.632489379357902948e+00
6.473895430242926352e+00,8.125860671874114871e+00
2.849740643691289321e+00,7.496103574230406963e+00
2.419836969379030478e+00,8.140498909605987876e+00
2.422386289323522846e+00,6.190981231000104223e+00
3.398469003642542674e+00,8.566507969999488381e+00
1.894382782067308479e+00,6.599022725809888357e+00
5.914794644261935908e+00,3.363249380941118805e+00
6.831494894470941937e+00,7.292402059197913289e+00
3.635836923423384270e+00,7.568059296369048283e+00
5.289629197586282139e+00,5.639188797265440201e+00
6.236653860238680736e+00,6.743452142628020951e+00
4.556912228050144620e+00,8.542168867777711228e+00
