3.269963618007613704e+00,7.487226484765585610e-01
1.527720844601323069e+00,-5.283753210001800227e+01
2.750529110751212869e+00,6.441857414051369801e+00
4.403996595241369327e+00,-1.925634661393888791e+01
6.905367961111739561e+00,-7.031954164285068032e+00
2.328670657942981670e+00,-9.686389109802753694e+01
-2.390768053633545165e-01,-6.750678658614504002e+01
4.011720703302415814e+00,-1.012347737938813452e+01
-1.283440616284944991e+00,-2.700194920638803353e+01
-1.346763306225257750e+00,-1.024508971789678924e+01
1.767894415225444327e+00,-9.636841688841965947e+01
5.280262631139837737e+00,-1.173044272599848625e+01
6.710487685779405354e+00,-2.829215645875353857e+01
5.272881464329821632e+00,-1.705455180779478042e+01
2.280678724809537705e+00,-1.985055560543020192e+01
5.908831905789988959e+00,-6.028187567073743480e+00
6.360870703038266072e+00,-2.286303631157322513e+01
-1.231274586651903036e+00,6.031557082003502046e+00
5.602151585540980250e+00,-8.415278094489177363e+01
-1.230492201965860399e+00,-6.397234458076724195e+00
-1.310598354656777431e+00,-2.911641759900103921e+01
3.754396777706817900e+00,-8.186091300524796566e+01
6.515668322704105009e+00,-8.473899352803840657e+01
-9.741916687967662192e-01,-2.127848947709958338e+01
5.756242343410566953e-01,-2.577329627035412329e+01
5.578429955528970474e+00,-2.981231565885727264e+01
4.644721035501953921e+00,-3.650557935058035497e+01
3.923460134099251206e+00,-9.687032422048299907e+01
6.771840295762899586e+00,-4.031416459653802775e+01
9.787543540492888994e-01,-4.484096317092186723e+01
6.690664672685869618e+00,-2.519649902123524043e+01
6.427841547383073006e+00,-2.872591435889360412e+01
6.101210651201130375e+00,-3.936503373962798236e+01
3.615199052262012103e+00,-4.819533241401919810e+01
6.685453843146678565e+00,-2.813069540534193891e+01
2.160938966086609625e+00,-5.636097625391852972e+01
-5.671827521920760340e-01,-4.075249696947092559e+01
4.721716266737643330e-01,-3.468280068199926802e+01
2.618836454521813017e+00,-3.666217412884473248e+01
-1.511558851474888554e+00,-2.544976389126063054e+00
4.776663942738349711e+00,-5.199386596705867447e+01
-6.109094719324168477e-01,-6.154971823956334021e+01
2.694211729437784975e+00,-2.175805593026011309e+01
-4.364146018830770135e-01,-4.874397612344970554e+01
5.211910128475112813e+00,-9.149523716028529918e+01
-1.594213809290572437e+00,-3.470131791959553880e+01
6.090039347318379370e+00,-8.052042468859305302e+01
1.782552706599201731e+00,-2.765705377346667149e+01
-8.067977790505245217e-01,-1.918835037439893654e+01
3.857064862473521316e+00,-1.449636968090956657e+00
9.774747008280781913e-01,-4.995534382461098488e+01
4.526913562652018719e+00,-3.872396818594538814e+01
7.791250477845634848e-02,3.356507578421386029e+00
2.757323498555578567e+00,-8.919214598649200809e+01
-1.412956032083345859e+00,-7.033900794450148908e+01
6.130786874276507703e+00,-2.193575514292396633e+01
-1.794916830368502136e+00,-1.927955816551074975e+01
2.813134098952799533e+00,-2.446526998670421449e+00
6.225416321418732579e+00,-2.003986500442759677e+01
2.604665999843918556e+00,-1.986941606269519411e+01
3.217269802637851228e+00,-4.597533935539478023e+01
5.355296495982693195e+00,-3.925871074144987460e+01
-1.953777511054419325e+00,-7.437175045482560165e+01
2.534789236400487589e+00,-2.449494433492900214e+01
5.749044315353229351e+00,-8.215081388807895735e+01
4.139466135045790196e+00,-4.277501415512031002e+01
2.221755490302437686e+00,-7.923783379964325491e+01
5.395865121462097846e-01,-3.389342342557274890e+01
5.459932730357926367e+00,-7.432887093314485583e+01
9.024692371377796007e-01,-7.624290498612631950e+01
4.049476637409084034e+00,-1.583764453198671163e+01
4.073480252303355087e+00,4.034213978722362981e-01
2.009478613551138437e+00,-8.261349489469489527e+01
-4.200844791999882588e-01,-4.079806163139475927e+01
3.033733966037529761e+00,-7.623598749082282211e+01
-3.457346938639374034e-01,-8.336159135469760884e+01
6.732718841985091629e+00,-1.967763185504072965e+01
-1.543856644975853953e+00,-6.100396897767749493e+01
2.430979228970237216e+00,-7.243747848925906396e+01
5.987389727407855133e+00,5.720517619950669541e+00
1.143490604919642273e+00,-3.612402219762867617e+01
-1.589160080591757618e+00,-3.473158077030088009e+01
6.291461718580162454e+00,-1.096863755416934794e+01
6.056350901393955155e+00,-8.127662992165861056e+01
4.930434012016683631e+00,-2.469828478013994300e+01
4.477643465261044398e+00,-4.778495098315645606e+01
9.450317044241236530e-01,-9.533432677930807131e+01
-4.294284782978774473e-01,-8.417962454585735088e+01
4.935082533730414944e-01,-8.867979670616630017e+01
2.777944639385694359e+00,-5.389427463454720879e+01
2.457726567099721926e+00,-3.134611923176092318e+01
6.459393695374011202e+00,-7.528981734570807305e+01
-9.216043382545922036e-01,-3.647199893733493781e+01
5.708213042964603190e+00,-1.676173844225584730e+01
-7.628109594242724611e-01,-2.121062142724140642e+01
6.673712444001900224e+00,-1.969863192879473957e+01
1.380807545513602186e+00,-5.422056383060034079e+01
1.447427451995554559e+00,-4.070824674710666358e+01
-6.980674496077345914e-01,-4.050799145716651850e+01
3.340537459440899859e+00,-3.393119308238739507e+01
-9.734793449730538839e-02,-4.943335964292433005e+01
5.456005216193617890e-01,-2.202464194825952859e+01
9.365506141515478333e-01,-2.064365603484320388e+01
2.786580232947641456e+00,-9.935264126983720701e+01
5.614014666278737131e-01,-5.164197196137168788e+01
4.371968441280477791e+00,-2.741010028852788594e+01
5.900978065040231257e+00,-4.144870836645634427e+01
-1.984589141025118852e+00,-5.532087598019915475e+01
2.780480753296695084e+00,-1.640446637225548443e+01
1.717445293712872356e+00,-3.768814984264210466e+00
4.525302888277544788e-01,-2.430545379308027520e+01
-1.684198744895252453e+00,-1.756874070554361822e+01
3.627532053458085493e+00,-3.447496900496571470e+01
2.715338671159289063e+00,-5.183892974095965656e+01
6.220880102149585866e+00,-5.481553574406645879e+01
5.258476091372110695e+00,-4.990921977767915507e+01
5.881298615667240881e-01,-1.919355051502277831e+01
3.571103448707164674e-01,-6.620070033833709999e+01
-7.858741387929688571e-01,-9.728110125259030383e+01
1.473465824979702354e+00,-7.461578699124332559e+01
6.486823540188957793e+00,-7.121172020449805018e+00
1.452837600868928547e+00,1.760619733806478848e+00
2.259123339021770427e+00,-9.261083309483530002e+01
2.894204107324866548e+00,-4.013049689455367997e+01
-7.470744524072940873e-01,-5.867613836958588536e+01
4.618424879541835004e+00,-4.517018661427324844e+01
5.789059337527540094e+00,-6.423907693558759036e+01
6.341726019599260411e+00,1.810683861402267780e+00
1.451893139188338289e-01,-3.101895709439816073e+01
-5.800602719777354643e-01,-8.890233007974202906e+01
-1.156674489035665054e-01,-6.769638698751977302e+01
5.679709679343845075e+00,-4.722663478934124726e+01
6.248274788448881623e+00,-7.244350753109655727e+01
4.099057865966504899e+00,-8.871520006047657603e+01
4.953013267427285982e+00,-1.091545101184613031e+01
-6.047465297728105149e-02,-8.378470361227240915e+01
-5.390168765409037999e-01,-8.955812388281643166e+01
-1.257361729639164816e+00,-8.891142805135291383e+01
4.973670266590629829e+00,-2.434183054046434336e+01
-6.185546000926422927e-01,-8.359018921956187853e+01
1.285754484755515570e+00,-8.099061229472098944e+00
-5.559091923861481099e-02,-8.042151184771265093e+01
5.540989989648847924e-01,-3.792143463188167374e+01
-1.975521575718224287e+00,-1.004688938889870542e+00
3.130542778219780331e+00,-3.465311386245734582e+01
1.848408579558044718e+00,-4.233124198419793061e+01
2.985120515824976728e+00,-1.838441640980255443e+01
4.424719257227001101e-01,-5.395013750298322464e+01
2.508862589670537879e+00,-6.020714363652231782e+00
6.939130331373922544e+00,-5.166999442291589162e+01
6.359586934699489547e+00,-6.496493165633700073e+01
-1.637962994474703393e+00,-1.526279660799491467e+01
3.753264154841994937e+00,-2.109336299527204517e+01
2.931456798360871474e+00,-9.781990207842790142e+01
3.355904401811288018e+00,-5.212116301292368803e+00
4.507705044725560661e-01,-1.531431307359305549e+01
1.723520030852162765e+00,-7.363583781188033583e+01
2.624318024416830042e+00,-8.360833696249633817e+01
2.294941112660106697e+00,-3.874661512689826282e+00
5.651329182160055531e+00,-5.793414596205509781e+01
3.237716258203313657e+00,-4.892144862089258339e+01
-6.055309462650506624e-01,-1.676035475228781024e+01
-1.952185411694208117e+00,-5.608052295874353632e+01
9.012474576578490826e-01,-6.486540188066800283e+01
3.353858577582684575e+00,-4.693122784779224332e+01
-1.576513638459298150e-02,-2.741448814957649915e+00
1.093725883354824013e+00,-8.382574878087091008e+01
-5.718766505645644926e-01,-5.858979185882825647e+01
5.680700520385324026e+00,-8.139470175474005487e+01
2.414415051218087527e+00,-7.725875500630394299e+00
4.488922912178627378e+00,-4.335198212863355138e+01
7.216350211127675607e-02,-9.834647122243060835e+01
1.750543613895413131e+00,-3.067106793647251095e+01
1.222926950744645858e+00,-2.894447160236272509e+01
3.932459294199799338e+00,-8.269398213775630779e+00
-1.242942614882866614e+00,-8.790106850891409351e+01
5.327515467076795908e+00,-3.882615688761542572e+01
1.563064320130159501e+00,-5.880077643411667765e+01
6.235844127545512094e+00,-8.430327419439974790e+01
4.834975127917900295e+00,-2.073626143198505645e+01
3.071873470534765893e+00,-6.902668992551106442e+01
3.907330185351516327e-01,-2.454654809704361185e+01
2.671374941123869640e-01,3.299309529111923212e+00
4.594502157902386585e+00,-7.843553927367874223e+01
2.837945638606337084e+00,-8.874794360362507462e+01
4.069149564381150164e+00,-1.153763029201377321e+01
4.056983907440204540e+00,5.153641130261533476e+00
1.575873713390169240e+00,-4.969022205831447536e+01
4.696800889098755150e+00,-3.935443203703912474e+01
4.201197677392288554e+00,-4.208159797930552060e+01
5.650237823783484714e+00,-7.969461860434630296e+01
3.014693811480355201e+00,-9.439157696936995023e+01
5.654699010521754055e+00,4.234240512538235635e+00
6.143951590808281793e+00,5.562903535395591348e+00
1.077591467610184317e+00,-6.267856379894083574e+01
6.335163029594976791e-01,-7.298520635613995466e+01
3.132299150249212794e+00,-3.001719027000552842e+01
5.418595838896296257e+00,-5.525411446074805610e+01
3.243300190704998975e+00,-3.336608909881462637e+00
4.048642421002309533e+00,5.026850142661629661e-01
-1.048436493104103473e+00,-5.490685233673466570e+01
6.407294150747564032e+00,-3.145187666292136441e+01
3.972960753762377450e+00,5.251873649086476803e+00
-1.811814461773164187e+00,-9.045895796584939319e+01
3.948478731560457256e+00,-2.775707421530100305e+01
8.149138832904969654e-01,-8.008903786448932749e+01
4.944998613988031977e+00,-5.095422095851552058e+01
2.327640173797115963e+00,-6.114869463138297334e+01
5.427647458390861601e+00,-3.729407452982528071e+00
6.062299877217904864e+00,-7.209035421401272004e+01
3.669022746174952943e+00,-5.804383768794150456e+01
5.097463090701477739e+00,-2.127062928347072557e+00
2.184074644002675036e+00,-1.655535051349049525e+01
7.745148660610228220e-01,-1.538494691683797555e+01
5.247208606950622745e+00,-7.519710464338663769e+01
4.473280182232421964e-01,-6.865863908545412642e+01
-1.746816179124859758e+00,-6.659242593916900432e+00
-6.427619485814455302e-01,-8.400095430891825288e+01
6.741791534125924912e+00,-9.108081588636078152e+01
6.955031293635229872e+00,-7.043192446290679243e+01
2.083599919751861762e+00,-9.517443791633461103e+01
-6.173828450671199342e-01,-1.629092560172533410e+01
5.192408738612826369e+00,6.858488366799676328e+00
5.888742413461726777e+00,-3.100471611360006818e+00
2.425242294324370107e-02,-6.187947336974752943e+01
3.465873072754257933e+00,-2.701153757907707131e+01
6.100018956033625983e+00,-1.189640812907923362e+01
2.174068766907904404e+00,-9.468502223525047157e+01
-9.065712425608551950e-01,2.549788841239916337e+00
-1.114686742528864682e+00,-1.461885752776139213e+01
1.945143195879151410e+00,-5.400602319908804816e+01
5.715950788252897041e-01,3.326410827874170195e+00
-3.951880561204017539e-01,-2.711689445288141087e+01
5.037900333493237959e+00,-3.839368805533592166e+01
4.345359391242693547e+00,-8.347974599186004241e+01
3.798698978551874106e+00,-3.406005266139507626e+01
8.258044200363312548e-01,-4.164166024072001449e+01
3.564986606655269341e+00,-4.515793040879994891e+01
4.029966759946226773e+00,-1.586373302806873653e+01
5.183049215254437847e+00,-1.153711236855147604e+01
4.256749748194904370e+00,-4.037437554838430742e+01
6.898746964797537018e+00,-3.719267547680572505e+01
6.994037891241356775e+00,-5.965599801953776904e+01
5.925999208001424989e+00,-5.324465491388308891e+01
-2.130288980944778920e-01,1.077735174499792947e+00
2.487930294514971052e+00,-5.659399389585928475e-03
-4.300047000846367595e-01,-9.348050976985692273e+01
2.911653388872498027e+00,-7.262624380763901399e+01
9.729370720409047379e-02,3.108395324097600110e+00
6.654354660873366356e+00,-8.346942080560094723e+01
8.165831051066883006e-01,-8.842308549608092960e+01
5.364385693113895570e+00,-6.800423208884396331e+01
4.943925542282030072e+00,-7.676888464960848069e+01
3.409359238237525958e+00,-2.246271861164333927e+01
2.366274745573950788e+00,-7.894858642525687742e+01
1.836997933966906693e+00,-2.382546875938807318e+01
3.495763026542531904e+00,-3.523995417481143022e+01
6.546844877396155837e+00,-7.370207410820057703e-01
2.296908146139355011e+00,-8.990214998407083158e+00
6.493011623786514974e+00,-1.006873078911989694e+01
1.659467041509695484e+00,-7.987093984922449863e+01
7.248042366321021390e-01,-5.614189166442092471e+01
3.162857490750353939e+00,-5.924385606357731149e+01
1.637504896413263911e+00,-4.209171381245671739e+01
1.568757034486878421e+00,-8.404577823770299005e+01
6.592782298981418876e+00,-1.028427519960506231e+01
6.943595344690974613e+00,-1.912894916396874123e+01
4.547951519263051523e+00,-4.009153712706766726e+01
4.716245964313571903e+00,-4.353334165633213360e+01
5.681637250688057250e+00,-1.564972087246729870e+00
2.831724584028874503e+00,6.614293735711029854e+00
-1.514441167838694202e+00,-6.257578577601174885e+01
4.038486076699772553e+00,-4.995766722051193653e+01
-2.425343316908583624e-01,-1.619653003238138922e+01
-1.048144996233697945e+00,-7.685880286618194646e+01
-1.706253801034077533e+00,-8.621470833178719317e+00
1.940257182263638747e+00,-5.660987397978979629e+01
4.922882247348804086e+00,1.104438151392045597e+00
1.296487570354101670e+00,-4.671735164503964910e+01
6.892627035165231675e+00,-9.153296962541730863e+01
5.339208967122435645e+00,2.092250542344345376e+00
1.128380036903374517e+00,-9.956467267751911265e+01
4.978009431929407924e+00,-6.245730928172720553e+01
6.607477393526176357e+00,-7.997707038521028267e+00
1.911507506576170190e+00,-8.257396517368061950e+01
-1.721414094736562372e+00,-4.644138089366655464e+01
5.245060960606616973e+00,-3.699400619588803352e+01
6.020264520426797716e+00,-9.677281584163938533e+01
2.661237468148171637e+00,-9.139166187697348676e+01
6.236074799094406984e+00,-8.374251368450151745e+01
7.559506671121685173e-01,-3.428909473434231359e+01
5.393056932539040282e+00,-3.623791500019309808e+01
5.851946134227619112e+00,-9.531323641136148694e+01
-1.041379175160874748e+00,-7.355985082698536814e+01
2.653326001652582811e+00,-7.500546430567473521e+01
4.669031670765034114e+00,-4.107940109566046516e+01
3.402777603435943377e+00,-9.874394389428420027e+01
6.200344566479651931e+00,-9.519586258814231883e+01
6.323200012366712031e+00,2.932918163212264062e+00
3.902541153867530532e+00,-9.378535597145555869e+01
6.731178644648005971e-02,-3.223552190921908789e+01
3.775732626773183220e+00,-6.789834031854329055e+01
8.084265619741675124e-01,-6.966806338075798521e+00
-1.606565806899831417e+00,-3.836316792213225568e+01
5.590721231419744086e+00,-1.166130624785002112e+01
-1.656774364010164868e+00,-6.352194500408683098e+01
7.149400396346199393e-01,-9.214661452429994881e+01
1.316188238259266008e+00,-6.147248270954278837e+00
3.684392015084517524e+00,-2.539088289706415935e+01
3.189610639247979940e+00,-5.162018139489288870e+01
6.399120436245249621e+00,-9.200768832695187882e+01
3.675073565814320098e+00,-7.330298757096362294e+01
1.870356354764765250e+00,-1.422627146677305632e+01
1.347345721799768636e+00,-6.798814428043436919e+01
6.607264900293046139e+00,-3.118390838042785163e+00
-6.423987251610374649e-01,-1.480521924437005055e+01
4.586955732329163204e+00,-7.759615867036826842e+01
1.597378030692749640e+00,-9.158503381692710832e+01
-1.836295419528842343e+00,-2.908350700258338861e+01
1.146192425779780866e+00,-7.900176407968379522e+01
5.642413084067569251e+00,-3.791836700556233808e+01
1.541626429935749165e+00,-1.695142776944518914e+01
6.485049546157794609e+00,-2.933140151154049136e+00
2.177817121283527335e-01,-9.394327870177427542e+01
3.674842430464636323e+00,-5.373709558690336507e+01
3.452935655123663850e+00,-8.958377986092213519e+01
4.693755395174640910e+00,-9.901253251151536006e+01
-1.422455431638611323e+00,-1.443831555067291106e+00
6.174542799336665055e+00,-4.918565294434102952e+01
6.827998897848983617e+00,-7.074021990132584392e+01
1.973134394037491468e+00,-3.142136685852159417e+01
5.700382315166012681e+00,-6.399511387564103870e+00
-2.285222095964702937e-01,-4.036321495999951736e+01
3.721332570050828181e+00,-3.353814834664160571e+01
-1.942457858750205268e+00,-8.216849397883117945e+01
1.129121548500390926e+00,-1.484572194613588181e+01
1.962955575796648144e+00,-4.709091302898037412e+01
6.959367072015952616e+00,-8.678708221396487943e+01
2.060064612475755119e+00,-5.840690806744628105e+01
4.516902889681507105e+00,-8.531761789965864295e+01
-1.143870291368757952e+00,-7.737239734942210134e+01
2.379734429323381306e+00,-8.082122193507515817e+01
-1.096065620197537616e+00,-6.446822417099585323e+01
4.684935158816432299e+00,-5.464982362173218178e+01
6.955040749527372057e+00,-4.436267014904752415e+01
5.672426430923946938e-01,-4.304405773215209763e+01
3.484365116070974544e+00,-1.230939675222342089e+01
1.550439924668586045e+00,-3.634285486458135495e+01
-7.792085388805314317e-01,-7.131570066228884741e+01
3.851035845621878728e+00,-6.335034137558206879e+01
3.781634073346714864e+00,-1.360223403717843382e+01
-3.287892225472357488e-01,-4.745136004919237394e+01
1.951763595749262059e+00,-2.885905105369248247e+01
-3.326662373106232806e-01,-1.581858769760745531e+01
7.113612837051350724e-01,2.553250954648092375e+00
4.052067496620237463e+00,-6.877431188474849932e+01
2.161605530450844803e+00,-8.488774230969198697e+01
8.286581217801423094e-01,-9.741908694911161604e+01
-9.045545892577555591e-02,-5.058968112950127249e+01
3.597814727157635062e+00,-7.129162603096173711e+01
3.392459440776249835e-01,-8.073767066107603796e+01
5.546321940192299849e+00,-8.739766600695527643e+01
2.818777405067652175e+00,-9.355768757542719527e+01
4.660735948432875198e+00,-1.041962656553633337e+01
7.438097600606612403e-01,-4.406614308612434883e+01
6.630056164565782950e+00,-3.059418808852471727e+01
1.264725509967145278e+00,-9.615076376590829454e+01
3.631589130176089419e-01,-5.779096666154089235e+01
2.413897752028828947e+00,-7.363401654895287152e+01
3.544974358222853894e+00,-4.970141556716551179e+01
1.495260159761039986e+00,-5.244821854597955735e+01
6.998575517655259759e+00,-1.992975897582410028e+01
6.418540796328612075e+00,-4.662032643379150443e+01
1.067367485320407372e+00,-1.905124916687195480e+01
-1.044517672512338846e+00,-4.585662653833869484e+01
6.362490137301964666e+00,-8.283963018669942358e+01
1.276992923278510439e+00,-6.922513218748279940e+01
5.247130469652788953e+00,-2.564742518822635020e+01
-1.562052740254419980e+00,-7.826940814299430826e+01
-1.150334779546380748e+00,-2.069663701097269382e+01
1.510800835323081071e+00,-9.777213792788290903e+01
4.588593053288561485e+00,-2.112540672151006049e+01
5.098929409280584579e+00,-8.186943561951343895e+01
2.967152235805870397e+00,-4.883687191269184780e+01
3.275531059797507361e+00,-4.330531591296131921e+01
5.334181060127783702e+00,-9.833638611802706464e+01
5.398845404362033307e+00,-2.548914322355737738e+01
5.540893748106046957e+00,-8.071148721366527923e+01
3.124038920755101145e+00,-5.025239096457532639e+01
5.433687273843577970e+00,-1.914054755709315714e+01
6.594667905797582108e+00,-5.427744514319021363e+01
1.072978788831071562e+00,-3.245286061776889142e+01
5.422861532261247675e+00,-8.620615325911730054e+01
6.602722078338244316e+00,-7.917173480143276265e+00
2.553094689418536234e+00,-6.173822231401384641e+01
3.603270080482445792e+00,-1.489205993598592670e+01
3.057261649568432382e+00,-1.835782926202239196e+01
-3.656599284503143643e-01,-6.618210076090289817e+01
-3.291892064318391320e-01,-7.851243904834106502e+00
9.824181121409978346e-01,-6.607031992391551967e+01
-7.377314873451450428e-01,-8.320269600306896507e+01
4.975572878899203744e-02,-3.411837712938505263e+01
8.062351717286673214e-01,-5.923853050135954845e+01
2.949481358757298999e+00,-5.718690300137581062e-01
4.846996201506128088e+00,-7.461808858733564875e+01
1.445822942309668235e+00,-5.291558738980784682e+01
2.064303871913535815e+00,-1.689893049828901894e+01
3.612134777875161795e+00,2.951583135437331862e+00
6.546353960165637531e+00,-8.628140270730705197e+01
1.651913204523077550e+00,-1.712904178869065674e+01
6.496481613897083562e+00,-3.046853988792892665e+01
2.660254635949495849e+00,-1.788704781902357865e+01
-1.321883388390256320e+00,-3.589082868242998359e+01
6.341220664847705635e+00,-4.748466239710189996e+01
-3.446379580548568633e-01,-5.861274148967169850e+01
1.768158277928967959e+00,-7.667739061932246614e+01
4.420471906356956637e+00,-2.117176170312880856e+01
3.954563504034983801e+00,-8.608536440028571235e+01
5.608916578322770796e+00,-7.290031684834164594e+01
6.681393620362200636e+00,-5.658601351713023320e+01
1.300143900708479627e+00,-6.676041172148170233e+01
1.152075327022888285e+00,-8.987358637466897449e+01
4.971768730508568268e+00,-2.670497475209077720e+01
5.232678085123533940e+00,-9.125988201810969258e+00
1.814521862372502792e+00,-4.740111248891001594e+01
4.988043178029913705e+00,-1.471448054536186589e+01
2.932245840338385534e+00,6.571832456139233614e+00
9.347068510569167543e-01,-9.105253352349905072e+00
4.646997257980802765e+00,-3.999763563203298844e+01
-1.073899875955720340e+00,-1.800181657696084869e+01
3.562630617866939353e+00,-9.583568512831149633e+00
2.572043810164936772e+00,6.827870923155870742e+00
2.424588005799906298e+00,-9.635026350246187121e+01
2.130987861798547378e+00,-2.411051585299526323e+01
-3.730281048208432537e-01,-2.668550403655879677e+01
5.971513117209140908e+00,-1.240739566369096281e+01
1.611415266147611991e+00,-9.564123354282313016e+01
-9.808633209523531793e-01,-4.226339623989505867e+01
4.317988920870767799e+00,-2.307007914953857153e+01
-8.971318310810407759e-01,-6.424030414113224197e+01
5.773669122533320319e+00,-4.609118413327617247e+01
6.652668217255856220e+00,1.062866703750344755e+00
2.583775096765975832e+00,-1.898863377129887908e+01
5.161928701249068219e+00,-8.981083015370958833e+01
-1.376698922577518136e+00,-3.013210224189674591e+01
7.297228927705123880e-01,-9.749968891564918749e+01
4.897783221685809707e+00,-7.694185858317271709e+01
6.540259272594310502e+00,-7.595649358639144566e+01
3.304876690907495806e+00,-9.095828588598772058e+01
4.968784016740404930e+00,-2.991709102319029512e+01
5.528337794280812290e+00,-8.545058289606396329e+01
-1.878310416111705239e+00,-5.073082357141424836e+01
-9.994703050163273872e-01,-4.106338022284344191e+01
-2.027890116468713533e-01,-1.165392659552824739e+01
7.227700954386495624e-01,-3.151526836016205380e+01
5.489990304331924698e+00,-2.790961973132412766e+01
-2.650337246142697722e-02,-2.596920294596881718e+01
1.593485908931903339e+00,-3.090384280657700344e+01
-1.599944508469280935e+00,-4.295198086916997227e+00
2.198507226516197122e+00,-9.194553097897455984e+01
-1.907784812363582105e+00,-8.083519209845871956e+01
1.775851534398133591e+00,6.629882029376190644e+00
-1.947077431821449212e+00,-1.812525730545453939e+01
6.216157476667730108e+00,-1.826505922035919127e+01
-1.394394495209489993e-01,3.912102504033597938e+00
3.115471814591089128e+00,-8.178090862177796794e+01
6.515995354396601158e+00,-8.135390946859050132e+01
2.392959660251230858e+00,4.841682031117628071e+00
7.436385824082116791e-01,-2.252567422121032337e+00
1.113336088065155494e-01,-2.762290241212589592e+01
-1.260727321999462802e+00,-8.562641387424163497e+01
6.122029172130741159e+00,-7.387142330355916897e+01
3.077454310603408238e+00,-9.678871643592110274e+01
4.162900139412077927e+00,-8.098800442993344006e+01
8.076043610779977122e-01,-5.108455439703891443e+01
4.902497990906508285e+00,-6.036216152345861730e+01
5.981333617838772376e+00,-9.188546323984685671e+01
2.820120104115538595e+00,-2.263608829442169679e+01
6.773106949137881472e+00,-3.273793317441021600e+01
-6.893578926472465618e-02,-1.022536287813552747e+01
2.362667275884841267e+00,-2.991653132590160169e+01
4.686259452828810623e+00,1.399106264398739086e+00
3.038378179670342405e+00,-8.396443531226216805e+01
5.168401519976328018e+00,-5.851733079616709432e+01
5.421223430928382214e+00,-7.163751156585723834e+01
5.081786320172314575e-01,-8.653258338432070218e+01
2.175572481104421030e+00,-5.570057509712657406e+01
4.912267234946651406e+00,5.198514349541909496e+00
-1.547998902804687882e+00,-1.001278487552980323e+01
-1.699499440444784515e+00,-2.420056641383310136e+01
6.857238363905869605e+00,-1.192785281481515369e+01
4.720978924516411546e+00,-4.619967320284986556e+01
6.634384712849113797e+00,-6.149117255422851969e+01
2.005153871701066848e+00,-5.147143528855092143e+01
1.895328238816627486e+00,-7.920542360870287268e+01
9.071043338466706629e-01,-8.575802249841788694e+01
-2.469293206933862450e-01,-3.242792740412919272e+01
6.684569540996944781e+00,-9.898196895961824282e+01
1.636225009621012916e+00,-7.188171720698179001e+00
1.337474745002766419e+00,2.232197495106277074e+00
-9.163039966336448128e-01,-6.808975737482234081e+01
3.346781989828143011e+00,-1.317860087265179914e+01
2.925384592199290701e+00,-5.643297648220553242e+00
1.426972700156834861e+00,-7.887891023082131881e+01
-1.880283838371406890e+00,-1.577997106534765237e+01
-3.590433570315059164e-01,3.860599849568842501e+00
4.582481570041223584e+00,-3.612640865778235622e+01
3.419118435429063574e+00,-1.463114313698994806e+00
6.739240601273603914e+00,3.119065270628084363e+00
-1.960663116707393350e+00,-7.329653919597569711e+01
2.083252265028734840e+00,-1.535779938980462589e+01
6.667533971963446326e-01,-7.599225647661890548e+01
1.475375658664606959e+00,-3.901281197310167670e+01
2.833112794072375706e+00,-6.582182434523679149e+01
2.345368321087473618e+00,-7.987130131232183317e+01
-4.236239259828025183e-01,-6.884988059390100545e+01
2.592499104858878134e+00,-6.855237625166287785e+01
4.648597655817194862e+00,-7.842798057725224226e+01
1.516202352966731226e-01,-2.201764366947948304e+01
2.944025893180294950e+00,-1.247855759232875528e+01
1.544819356014180745e+00,-2.872263364607627523e+01
-1.272922085959370175e+00,-6.434950677883696812e+01
-9.145404885869501399e-02,-2.271817852823184580e+01
5.002236929863355108e+00,-3.570989755847472225e+01
-9.623849910886601577e-01,-3.628184002810602493e+01
1.552569610729617189e+00,-3.163016452533089762e+01
6.785795149262487058e+00,-5.742929322625187183e+00
5.407214565468748013e+00,-5.311647641218522153e+01
1.699141215566569496e+00,-9.003938624556397485e+01
-1.470278555886008531e+00,-7.693212415627498046e+01
2.640625930467848548e+00,-4.921958150214518923e+01
4.504447162402939853e+00,-1.261358108934481947e+01
6.065706951285758208e+00,-4.512473424555534507e+01
5.067544503899858555e+00,2.693117493897432269e+00
8.972790324016655106e-02,-7.630678012153413192e+01
-9.303130758115489840e-01,-1.525244274900366293e+01
2.611410450865587762e+00,-8.999058461575346257e+01
1.290103759040563958e+00,-3.175841822043022944e+01
2.281875202832330807e-01,-9.228635399762896441e+01
-1.681218053508892751e-02,-1.828029882682159268e+00
3.492302682968313476e+00,-1.029840606776133427e-01
6.805041747199252811e+00,6.358490006012644358e+00
5.189947845688314132e+00,-7.406257070068240012e+01
3.924632103077003720e+00,-8.073136417653513774e+01
1.576972205194326460e+00,-1.663833090968924466e+01
1.956518311824777090e+00,-1.100841414598347967e+01
-2.872614032113847138e-01,-4.915712416595108181e+01
-8.500008334288429168e-01,-4.115798535211080633e+01
-5.721935071014607743e-01,-7.003817958518628473e+01
4.828191260733008860e+00,-7.955133405351146791e+01
-1.631550742723930636e+00,-6.510111973834810328e+01
5.033613492971843684e+00,-6.001288733957333221e+01
5.043519624138168567e-01,-4.309154522174582524e+01
4.503054482135039116e+00,-6.589500410656717122e+01
-5.815077048047130326e-01,-8.066296424668172449e+01
-5.882854194526978553e-01,-7.930364014186035604e+01
3.260432559190073576e+00,-2.963117410873216784e+01
8.456914043330274744e-01,-1.736347997243909447e+01
5.262935153497005025e+00,-7.162769738013109588e+01
3.386662787808761621e+00,-8.192636455527843964e+01
4.354384310915022205e+00,-3.047557078720296886e+01
1.050631318077121623e+00,-8.788945665849246325e+01
5.280418940821381746e+00,-7.316685619023137122e+01
-5.026229196605087601e-01,-7.747694444359038357e+01
1.796135816977811661e+00,-6.946530269279178071e+01
4.423562089973263944e+00,-5.263995303312157148e+00
-1.606034930559582463e+00,6.552671098392082172e+00
2.805078039184293104e+00,-8.726959320343510740e+00
3.968458556983595287e+00,-3.201887318253120895e+01
2.099668684918942319e+00,-1.952206340567158804e+01
6.900611430105890065e+00,-1.001827754416468963e+01
-1.393360144980184456e+00,-3.446130219767489677e+01
-2.631885616156091068e-01,-4.333316446012690903e+01
4.029241180231275088e+00,-3.381044572943787330e+01
1.416219674993586253e-01,-2.588089704301864913e+00
1.024220878275242441e+00,-2.101872342885867795e+01
1.790063428562314485e+00,-1.219924833359922900e+01
2.185252096223940121e+00,-1.790479136338765898e+01
4.407420870796299184e+00,-3.653204222554082037e+01
4.815942154245236750e+00,-6.003303399021603326e+01
4.750577364540934155e+00,-4.381293238062065853e+01
2.193577370318966935e+00,-3.254554306759442284e+01
4.833396942515320482e+00,-3.456343229548208740e+01
3.737784350147616230e+00,-3.319230934261337040e+01
2.731361255636102214e-01,-5.883765116662815586e+01
4.419378344759973487e+00,-9.769939136638281241e+01
4.647420127009841195e+00,-2.922250730182058476e+01
1.381197348080708487e+00,-3.563285156915102903e+01
1.386627092966059571e+00,-8.558788656400842854e+01
3.540440921863182488e+00,-6.696944421237363088e+01
4.371346858783722311e-01,-2.097632779375865653e+01
-1.792730820760188859e-01,-5.649582555132803208e+01
6.578261532647067256e+00,-5.956234582169713576e+01
5.030835742667130184e-01,-4.162981926789598930e+01
2.568930284632759076e+00,-3.039232397597574220e+01
4.002544400198147834e+00,-2.583916680834012425e+01
5.251902551806944430e+00,-3.808613228275712004e+01
6.471432777238934619e+00,-6.666976535598320197e+01
5.665572625145427921e+00,-8.368674481688543665e+00
-1.227286272451730831e-01,-6.286964259716855707e+01
-1.211575711939012479e+00,-8.236149748878885646e+01
1.395757976662013178e-01,-6.447560710616758683e+01
1.811376193011652536e+00,-4.056311972770318164e+01
2.469713053118340440e+00,-5.508872117614146191e+01
1.033491478725801826e+00,-2.611553698434580895e+01
-1.710415176306519847e+00,-4.360346542204410980e+00
-1.129229598958697789e+00,-3.605105629773760256e+01
6.937708099960948616e+00,-7.948736226022955975e+01
2.577557987511018389e+00,-1.594390660642685020e+01
1.082413506334955144e+00,-3.841040008129255057e+00
3.016098461396971686e+00,-3.866445534083334223e+01
-1.461798917595624303e+00,-2.398841344156559785e+01
5.755420547844724233e+00,-5.868546000412192853e+01
5.906136647208655610e+00,-6.037903537858944247e+01
1.459333400519694734e+00,-1.084583816698216197e+01
4.624262842718242617e+00,-5.298926066069498830e+01
5.486003765998803239e+00,-7.056405551499875628e+01
3.322288450950240168e+00,-5.792364469978725339e+01
-4.435872399478846262e-02,-5.228131849938754527e+01
6.264735792694652972e+00,-6.045128882428481631e+01
4.566417080515459581e+00,-5.525280562946070972e+01
-1.949464235558759473e+00,2.948168647469699977e+00
9.065204110288962447e-01,4.552715405045688613e-01
3.319233681858681173e+00,-3.495419333887612368e+01
6.537753212100392730e+00,-9.269792332447678973e+01
9.395164096693839895e-01,-4.862796593511472310e+01
2.951052805556876102e+00,-6.898026143708382563e+01
2.547932568430801403e+00,-4.564549461754021564e+01
2.651086704664389337e+00,-2.907520638256744405e+01
4.334844518060714691e+00,2.963016674602272360e-01
2.153682385468588478e+00,-2.199532466895678340e+01
-1.357975016627034348e+00,-3.105111903517676808e+01
5.005521667995206592e+00,5.693527413171935336e+00
6.432531100151248182e+00,-6.096150804352701158e+01
2.390270665406166728e+00,-9.728325116798086469e+01
6.764932077401329735e+00,-3.477025652675669676e+01
-7.206744758466845369e-01,-9.707213111240673697e+01
4.796351990553155531e+00,-6.244201677161270680e+01
4.095581945530135215e+00,-8.203509926494889726e+01
6.493945365972033201e+00,-9.800811807390942931e+00
-1.678456519839390149e+00,-6.431087379308900154e+01
-6.506869163659751987e-01,-2.320167838057031418e+01
-1.250670175513755478e+00,-8.071104819160780153e+00
-1.273443299221932890e+00,-1.347982562865233547e+01
6.351340257783666843e+00,-4.551697789186691523e+01
4.159307645022828126e+00,-3.590658292986120159e+01
3.796984027882487567e+00,-6.141043291054305087e+01
3.774791969798238611e+00,-2.745289088657031584e+01
-1.188046524653457059e+00,-1.281506245457053694e+01
6.841839088714552375e+00,5.303578044588405760e+00
1.713782280382840639e+00,-3.583745058820632323e+01
3.263017867312800746e-02,-3.212887279092501558e+01
-1.702765886135189533e+00,-5.268943853360811858e+01
6.033341002355877336e+00,-7.496686186447385580e+01
2.275743261995787137e+00,4.043754574102592869e+00
6.961506962473654525e+00,-1.721354658812094840e+01
5.671060577555103954e+00,-8.428794859444215604e+01
2.656479270312936514e+00,-7.565198744787417695e+01
2.047015148587943756e+00,1.979122747515432934e+00
4.491510457755389041e+00,-8.333792965236270334e+00
5.812061668456573571e+00,-7.316682596369798830e+01
6.804245555247902644e+00,-5.322217311741245993e+01
-7.932757488406787516e-01,-3.116095737301620261e+00
1.518002248897968531e+00,-7.208357771527869318e+01
2.387249693881077661e+00,-3.758167118974488830e+01
-1.964905327272224334e+00,-4.548130308773036745e+01
4.591726496119150625e-01,-8.053922479523298250e+01
2.778126101886238430e+00,-8.616415746158385502e+01
3.842937681031661334e+00,-6.058292478824512273e+00
1.775571196595110202e+00,-2.760004314002047465e+01
-4.950433969547363144e-01,-3.237350531592244351e+01
-1.693533941599745241e+00,-5.098095158949555383e+01
-8.649324998219354299e-01,-5.365809364457440012e+01
-1.895494707888228048e+00,-9.326280573427382592e+01
5.319111690007511051e+00,-5.269001149617758273e+01
1.430514537755006810e+00,-2.788355408838728522e+01
-9.844219569423624527e-01,-8.557172640980797951e+01
5.889014082943716311e+00,-9.374034139722036230e+01
6.265163787848678112e+00,-5.958439317250505241e+01
2.544703983442471618e+00,-1.782981555119305028e+01
6.542763100708533841e+00,-8.695763672208536832e+01
-1.306055042801334665e+00,-2.993400720233988466e+01
4.713050495126863026e+00,-8.881751132988048880e+01
3.145551844507538775e+00,-7.998240130161630645e+01
4.893849195723785073e+00,-5.536917356005586299e+01
2.267349909230540916e+00,5.636110313648202919e+00
1.947048458334941223e+00,-2.602783491388251491e+00
-1.824786078516553278e+00,-8.781240215233302138e+01
9.487933735123128542e-01,-1.468868263400693763e+00
7.567993570234499145e-02,-4.848255520680515929e+01
-3.880336968490041283e-01,-1.927878712827825325e+01
-3.321219496262270976e-01,-4.363641699784320593e+01
2.855703637124675787e+00,-6.068876188562963847e+01
4.921527684400786029e-01,-8.590065465665446709e+00
1.074232968762538043e+00,-8.231538023826404071e+01
3.868126316754107563e+00,3.821239816735328532e+00
2.916110116973402278e+00,-3.326787664643480014e+01
2.544319379644600865e+00,-5.258176187703070781e+01
5.826927025544345717e+00,-8.192479492372027039e+01
1.772552492611278119e+00,-4.344949453983539911e+01
3.650119912110664444e+00,-3.938911898342632156e+01
-2.618114646164309001e-01,-9.261984393118440551e+01
2.078744700306190296e+00,-4.141922247128190548e+01
6.650402782873436891e+00,-7.752142636090702865e+01
2.202101321216864527e+00,-2.131914301847133686e+01
6.531114811621012706e+00,-3.138398053944223420e+01
-1.001790469798949035e+00,-1.234515343862867098e+01
2.393508836330561884e+00,-2.736580221661523638e+01
2.356228118944261318e-01,-1.105395549820958934e+01
3.589001914532553350e+00,-1.363673359625499870e+01
1.704177189363850431e+00,-5.124927758169413039e+01
3.384979703017347852e+00,-9.980956669810034043e+01
6.571976819976697470e+00,-6.645386253757132522e+01
4.720974371497273836e+00,-9.649630194557153118e+01
6.147498925404116576e+00,-1.188043433657065862e+01
6.090683245160990467e+00,-2.241949859701577452e+01
-8.488558705261217696e-02,-1.326518755876655575e+01
1.971515142700464462e+00,5.308084596889429463e+00
-1.187619439522857867e-01,-6.732918128936944413e-01
-2.415901080435700621e-01,-7.851042624369837597e+01
5.221387893602990715e+00,-4.775296199448308698e+01
5.202340490659381977e+00,-2.885877899083517661e+01
1.687018603458714239e+00,-4.741549766640120822e+01
4.807710807547511678e+00,-3.215525416471000142e+01
6.927732679878701560e+00,-7.294110665604063115e+01
2.440912560295712908e+00,-3.656858824187074930e+01
5.560919622959378472e+00,-3.398731718857236217e+01
-1.136469732067955762e+00,-8.213156553239036839e+01
3.760852827945567967e+00,-7.474452431472799674e+01
5.465832528953725955e+00,-3.082164602459670277e+01
1.691981084309529315e+00,-1.850672839397972780e+01
2.554084918437343532e+00,-3.456092013875495184e+01
3.304763273854756989e+00,-6.039564583249565288e+01
6.641001530181441126e+00,-8.397286277786260200e+01
4.449454855496688843e+00,-3.505270808305728281e+01
-1.650900372848814079e+00,6.896675063691347418e+00
-1.861376558877474219e+00,-9.410988168392498210e+01
3.069747083627049733e+00,-4.150957789908237316e+01
6.898092710039538389e-02,-2.177547671396179396e+01
5.940171322726500946e+00,-2.716954873850251317e+01
-8.304424386470672381e-01,-3.591994191334050868e+01
2.983542857117821967e+00,-2.001659554039028421e+01
3.398561561134430420e+00,-4.480733651499627967e+01
5.278855467371391441e+00,-8.441389603092784455e+01
5.616052908307382907e+00,-2.154996669806494936e+01
-1.909198027186884694e+00,-2.463203310917734257e+00
5.389437940546067729e+00,-4.555151051041974597e+01
5.559563202372956425e+00,-6.688004738397224003e+01
5.395817106255408113e+00,-2.001401085956076997e+01
3.283722447079894913e+00,-7.827966687570764748e+01
3.003082290076907412e+00,-1.622398044935177097e+01
1.525382466345257981e+00,-8.106952153419894103e+01
5.304916527493782397e+00,-4.167373687155048145e+01
2.184832040824270294e+00,-7.709098204564895696e+01
4.312826939450104646e+00,-8.185189664825304590e+01
2.413627315270949758e-01,-1.782792279349122566e+01
6.314461764951936118e+00,-2.332343166896409059e+01
2.733331187930335027e+00,-8.701432296674599343e+01
3.778316781911490452e-01,-8.261229043099773151e+01
2.036952771839034781e+00,-7.796731101299229749e+00
6.582277674080151186e+00,-6.232348712462383844e+01
1.729973370640693009e+00,-1.775677845740051453e+01
9.721791573121922880e-01,-9.057167629847610613e+01
-1.632995080648550701e+00,-6.168048825357583809e+01
-8.322594776158429575e-01,-7.690801147307274732e+01
1.186202729325872340e+00,-3.720472169985283273e+01
3.795772154397567100e+00,-6.088958047054361344e+01
1.698454083292323169e+00,-2.287976718815501442e+01
2.254040071787787980e+00,-7.619959251264819500e+01
1.045318409090761236e+00,-8.328242482359057419e+01
-1.502685157689645834e+00,-9.237496077738867939e+01
2.921963124206434337e+00,-1.870060732430069095e+01
6.115324120678561570e+00,6.186692458441726217e+00
5.349820264581374829e+00,-1.565817656992697948e+01
5.806803011248944379e+00,-3.924478815273956656e+01
1.732816071924919044e+00,5.909125401548607215e+00
1.920964988783342875e+00,-4.466368711937403901e+01
6.117796352094446277e+00,-7.068572855419273537e+01
-1.989713191210777055e+00,-3.530281659606262679e+01
-1.279075377386280632e+00,-6.924153732789390858e+01
-1.735720383023236391e+00,-5.497661308446074457e+01
6.767765511103254639e+00,5.743306972826019319e+00
4.907568245828878517e+00,-6.883585760602412051e+01
3.531638473651319110e+00,-2.404182735985001784e+01
2.380789453832880653e+00,-9.285324320529029762e+01
6.353981239614840959e+00,-6.332091081042975134e+00
4.813548329475825227e+00,-3.159087191773475922e+01
-1.673263867445220932e+00,-4.431101444872027173e+00
-1.957639587843719164e+00,-3.867987906158303701e+01
6.753254532121916398e+00,-8.583557543319565752e+01
5.927321580406597512e+00,-4.562622531102157808e+01
-1.140036116592789028e+00,-8.909999169780169836e+01
2.459444568750686066e+00,-1.507098674196247146e+01
5.540730810071927692e-01,2.340496803099100021e+00
3.884593558665061508e-02,-8.130507156247927014e+01
1.193411018937999390e+00,-7.734293371520286087e+01
3.577543845513092791e+00,-5.127225041927230365e+01
3.330938409382804721e+00,-8.826086450431515118e+01
4.145910173558045031e+00,-8.733157137541938653e+01
5.834611953644751381e+00,-4.041594229625138013e+01
2.240953392175049075e+00,-9.497629040870911865e+01
2.174929213353030910e+00,-4.600703067821576298e+01
1.648472986554836428e+00,-3.267912378029994613e+01
-1.858906631575607538e-01,-9.849019347719259088e+01
-4.060009497254482014e-01,-4.132562894101511120e+01
1.909676623933805217e+00,-6.109651978426558827e+01
3.215191238096912763e+00,-4.328161739047408929e+01
3.805803276057725171e+00,-9.930769845613873770e+01
5.291809024367096548e+00,-4.835189725034709340e+00
3.691215664278796993e+00,-1.733738389328780727e+01
-1.627244963104069742e+00,-7.017898125278878751e+01
1.933660620076388170e+00,-7.097624642755121727e+01
1.124021533600206180e+00,-1.985662927596294480e+01
4.246110641619393000e+00,-2.824726835616601761e+01
-2.112028402101389091e-01,-5.083100845365201081e+01
-1.803679454211941202e+00,-7.588273009941937630e+01
2.983582758958696068e+00,-7.351133393538830774e+01
1.502949366442236645e-01,-9.904995620888072949e+01
3.438534417536480703e+00,-9.973280701605004595e+01
4.740961675075554993e+00,-5.154193627538725764e+01
6.102266588871113839e+00,-5.666423447188398654e+01
2.577497229346447760e+00,3.330310177368346558e+00
5.535387769886975562e+00,-8.355704658502645543e+01
-1.689518123649649262e-01,-8.196884885840205470e-01
-1.349420006293646113e+00,-4.659204126025682768e+01
2.409249570609910407e-01,-7.900847939319157831e+01
-6.805069028896786332e-01,-9.920573947570592566e+01
1.740405389876801490e+00,-9.311745592495869062e+01
-9.547129610316065218e-01,-7.041295751646978829e+01
5.169379046473229877e+00,-9.900795582860503430e+01
2.260810140393482826e+00,-4.133203329943940219e+01
5.982121078048134422e+00,4.059433150088551656e-01
6.084895333805535600e+00,-1.772878318651298457e+01
9.182659896932188204e-01,-9.133810715627794252e+01
-1.256979111974403374e+00,-1.669613748197430425e+01
5.397499735205768090e+00,-8.772805351329679979e+01
5.437001727657542638e+00,-9.569531901508580063e+01
-1.412776019653437576e+00,-5.206777316510296316e+01
5.429548965205929889e+00,-3.187664978154822393e+01
3.832438365167027072e+00,-5.358140530595116502e+01
-1.659998138929577927e+00,-6.886606247164499450e+01
1.886436624767307890e+00,-7.094219618028083119e+01
1.627294859023433737e+00,-8.181569086356336129e+01
8.419535834483573566e-01,-4.449573198084024739e+01
4.314031351900278644e+00,-3.740554145724573942e+01
2.906744559039337261e+00,-8.040018691029413844e+01
3.702162949298074324e+00,-5.531986217805016537e+01
2.738532036710976669e+00,2.609098120460203063e+00
5.773175979189266727e+00,-7.881463206432258062e+00
-1.214578150817351432e+00,-3.488872440296468369e+01
5.248135008989163630e+00,-7.794594791083017071e+01
6.728783532032833747e+00,-7.125848700820199610e+00
1.515260080880540094e+00,-2.540539196064520411e+01
4.802393393404109645e+00,-3.225534572876036066e+01
5.378198452098896354e+00,-3.753783272282105088e+01
6.984491660499379861e+00,-2.419944692223155869e+01
4.004120102207225251e+00,-2.061202816956750894e+01
-4.926091502158378432e-01,1.476332436461163411e+00
3.419834099792075754e+00,-4.609959989274990022e+01
5.852583361163899767e+00,-1.290333134949894145e+01
6.968815944324060041e+00,-3.069431173260470302e+01
2.153767798362926200e+00,-3.950472328128993382e+01
6.622218350442414803e+00,-8.415123933890464514e+01
3.458895082067808602e+00,-6.061152365151689025e+01
3.040214711877772480e+00,-4.311518343197840153e+01
-7.730112927827632596e-01,-9.128810095545210856e+01
-5.605649285055549491e-01,-4.635873496554513906e+01
-1.255273943874043674e+00,-8.539567133686173861e+01
3.981893380741370336e+00,-1.232750047133168891e+01
1.951875045703553191e+00,-4.892230309064488125e+01
4.785879577527349937e+00,-8.381826038148560087e+01
-1.314418833772449613e+00,-3.740060586711771862e+01
6.594834188062410618e-01,-4.757304578371793014e+01
4.263540715353932420e+00,4.056396899174572468e+00
2.828853898384625865e+00,-1.032095262379785083e+01
5.049827085766670720e+00,-1.957008086753450016e+01
3.339276124152423364e+00,-2.714286997649236355e+01
1.837253528445330630e-01,-8.774679676795909700e+01
6.961936671801352006e+00,-2.816051817732893880e+01
6.517390440080056635e+00,-2.291817987091657471e+01
3.119261768632190623e+00,-2.631088699982953472e+00
-1.917325516345818048e+00,-5.971881026038346363e+01
3.431331033190458513e+00,-5.910588041818600402e+01
5.076004177441401310e+00,-4.793626284956972938e+01
4.470490293931724146e+00,-7.155348398710469837e+01
3.934502801261246852e+00,-9.925899386894954546e+01
-4.712877260669441348e-01,-8.030911355096297655e+01
1.461067590952818573e+00,-1.054576413209645125e+01
-1.955489460181190520e+00,-4.573041062197324180e+01
5.747518431623870327e-01,-1.337784869796297471e+01
2.231042646988647959e-01,-2.579651772244766050e+01
2.192553623247944117e+00,-5.790600121988719451e+01
5.604676804047405980e+00,-9.388345041457669993e+01
-1.425642684408028105e+00,-3.855428426728632729e+01
6.650221855615189526e+00,-5.640073501241742804e+01
6.428546558895508412e+00,-5.162899893952036479e+01
2.798708349846162236e+00,-8.609021916604315550e+01
2.578125931201001642e+00,-1.679285702979711914e+01
6.723078999825874646e+00,-7.757755668134278437e+01
3.888559782330437642e+00,-1.651094830237013866e+01
1.058113918476508708e+00,-4.652133201433306908e+01
3.014970659621976523e+00,-9.246591030539289591e+01
6.504485488755040734e+00,-9.498006807425269926e+00
-1.040080562423861821e+00,-7.002044222294497899e+01
5.772634020709431546e+00,-7.477734578846406066e+01
5.577896424947246246e+00,-7.620724648515371769e+01
-3.338119073727505715e-01,-6.874024462370792321e+01
-2.183832807379992857e-01,-3.390589666329185548e+01
5.815563494027475855e+00,-6.135232802197644020e+01
5.472562989718781523e+00,-3.842484801628656754e+01
2.363298688432601935e+00,-4.354525788885603532e+01
2.368308040434388140e+00,-5.823169925579350092e+00
4.631053896296642769e+00,-1.171164037204471242e+01
7.180597539301314391e-01,-3.597587766356099337e+01
6.241121031009800646e+00,-1.383988792295458836e+01
6.189940128542962938e+00,-4.208142430242919119e+01
6.463467431005597064e+00,-2.542423332558902871e+01
-5.543869458791756966e-01,-8.600099494268960143e+00
2.739878242437874256e+00,-6.604398847314476484e+01
3.727793819154398669e+00,-8.564722723833040163e+01
4.389426052391623756e+00,-4.803321644496228515e+01
4.363824204806482143e+00,-6.928679638866049117e+01
3.657962941224056408e+00,-3.352157810287390305e+01
4.809824915854832739e+00,-9.689317009893683519e+01
4.505314230897505823e+00,-2.394300853182156175e+01
4.588696908585685463e+00,-5.302590630415949846e+01
-1.328492036256814446e+00,-5.399289313159122372e+01
6.728477967221348166e+00,-7.026056037168758905e+01
3.366324331112924284e-01,-9.338477571967713686e+01
3.261779171110106290e+00,2.245587676132387855e+00
2.876162244610870111e+00,-3.738026231475975436e+01
2.576040181179313215e-01,-6.584611920150383924e+01
2.955626404311628264e+00,-3.956681465170690615e+01
5.273861601780645003e-01,4.249792282063978632e+00
2.992742233053968803e+00,-9.022315933900986806e+01
5.287220308958255899e+00,-8.531759643354226341e+01
4.329249159873294062e+00,-9.306472053458216465e+01
6.809562150874262088e-01,3.598412759698135233e-01
-1.437971367303465531e-01,-6.243982889625812049e-01
1.441355346982789776e+00,-4.322580628840452022e+01
2.716316235181744254e+00,-3.578459154060894321e+01
2.008186300365128574e+00,-1.344713847469007817e+01
2.788796216616418633e+00,-7.128529265822118077e+01
6.846439873605005388e+00,-7.118313658407957689e+01
3.266750320328741353e+00,-9.763210822796649779e+01
6.399414928371115252e+00,-4.569223394310574804e+01
8.097565256979200043e-01,-5.154801804900230877e+01
-5.376141597616519441e-01,-8.716616335489970879e+01
2.938531725038409093e+00,-8.941263314351998304e+01
2.941816321924788369e+00,-1.773103631946882786e+01
5.828502085567772717e-01,-1.282785270331599747e+01
5.539201224348652808e+00,-8.977366355408368293e+01
2.954385415245493363e+00,-2.895336153551100722e+01
-6.800444004292938160e-01,-7.524972624995862702e+01
9.149869227323432774e-01,-3.474139795396513364e+01
1.460148847078367229e+00,-6.029927655245131746e+00
3.034802734700243754e+00,2.998260440916041603e+00
4.469930885982879687e+00,-7.114398721170945805e+01
6.706862516451446155e+00,-8.010632227478713219e+01
4.158842351480563693e+00,-7.337957798590508673e+00
4.903241210903723335e+00,-6.069758287371712413e+00
6.900664977648185427e-02,-4.980632551500215754e+01
4.456228142940821257e+00,-9.098728933325617163e+00
4.901681377972206377e+00,-8.143367188745718011e+01
5.839237889634800283e+00,-8.622611663918171132e+01
2.950943896860629856e+00,-3.167664089352246037e+01
5.237425932591913025e+00,-2.077095758234953848e+01
3.578051016903938120e-02,-9.234621999428897254e+01
4.008495660792337212e+00,-4.911383323001814460e-01
4.447642440115062712e-02,-3.918191269008174515e+01
4.223922797993121314e+00,3.055403993311813338e+00
3.819676051230729286e+00,-1.554094692024482072e+01
1.342184562912870582e+00,-1.863909543179617856e+01
1.347074562811371834e+00,3.741006409713321545e+00
1.103250567386850900e+00,-6.337864660907986547e+01
-1.145072171774367042e+00,-8.718525832308824874e+01
4.985990394111206925e+00,-2.929721631471122123e+01
3.800861880334625020e-01,-6.928172599486168792e+01
1.803243853657320095e+00,-5.848814183519202459e+01
6.152849062685961101e+00,-5.306760216399043628e+01
4.377235050464818755e+00,-3.575502502813679939e+01
3.191610721361129777e+00,-4.875778201576223836e+01
7.704542300931471743e-01,-2.562487000396860992e+01
5.382360912964359478e+00,-1.016537989395251884e+01
-1.182504973319339570e+00,-5.887303649534784000e+01
-9.717370014584463256e-01,-7.146490378814741007e+01
5.322406693358027852e+00,-5.689541396994584943e+00
5.163705012313406506e+00,-9.975877608874915836e+01
2.290106962513573485e+00,-3.777887666302282810e+01
2.584423604150628329e+00,-3.439171427899636058e+01
2.412087891209414359e+00,-2.160389360214574594e+01
4.622501957747334522e+00,-8.006085845406451540e+01
-2.917000095989132902e-01,-6.595981235378943097e+00
5.995156248451682934e+00,-5.773255443305203016e+00
3.919723953643879710e+00,-8.318229367956259068e+01
2.078580121610132281e+00,-5.872574551410566102e+01
3.800814500172422505e-01,-7.958745232054992869e+01
5.137589252470779577e+00,-1.340272529603349483e+01
2.394358834121758761e+00,-9.611653488985122351e+01
-6.910732326343342891e-01,2.023670525101309181e+00
