,Problem,Alg_name,Iteration,Objectives,n_variables,exec_time,solutions,hv,hv_exc_time,hv_ref,lower_bound,upper_bound,path
0,LTDZ1,NSGA3,250,3,3,3.228384256362915,100,342.4161274838247,0.04000401496887207,[4. 4. 4.],[0 0 0],[1 1 1],/home/582/ow6835/MOOP/Result/LTDZ1/NSGA3_LTDZ1/LTDZ1_NSGA3_Iteration-250_Obj-3_Var-3.2021_10_27-02:23:29_PM
1,LTDZ1,RNSGA2,250,3,3,6.651727437973023,200,292.6710114036906,0.012957096099853516,[4. 4. 4.],[0 0 0],[1 1 1],/home/582/ow6835/MOOP/Result/LTDZ1/RNSGA2_LTDZ1/LTDZ1_RNSGA2_Iteration-250_Obj-3_Var-3.2021_10_27-02:23:29_PM
2,TKLY1,NSGA2,250,2,4,2.654026746749878,200,9.891578640953531,0.0020148754119873047,[4. 4.],[0.1 0.  0.  0. ],[1 1 1 1],/home/582/ow6835/MOOP/Result/TKLY1/NSGA2_TKLY1/TKLY1_NSGA2_Iteration-250_Obj-2_Var-4.2021_10_27-02:23:35_PM
3,TKLY1,NSGA3,250,2,4,3.046335220336914,100,8.828597641483755,0.0007479190826416016,[4. 4.],[0.1 0.  0.  0. ],[1 1 1 1],/home/582/ow6835/MOOP/Result/TKLY1/NSGA3_TKLY1/TKLY1_NSGA3_Iteration-250_Obj-2_Var-4.2021_10_27-02:23:36_PM
4,ZDT2,NSGA3,250,2,20,2.941406488418579,100,15.327819713616059,0.0016541481018066406,[4. 4.],[0. 0. 0. 0. 0. 0. 0. 0. 0. 0. 0. 0. 0. 0. 0. 0. 0. 0. 0. 0.],[1. 1. 1. 1. 1. 1. 1. 1. 1. 1. 1. 1. 1. 1. 1. 1. 1. 1. 1. 1.],/home/582/ow6835/MOOP/Result/ZDT2/NSGA3_ZDT2/ZDT2_NSGA3_Iteration-250_Obj-2_Var-20.2021_10_27-02:23:40_PM
5,ZDT2,AGNOMEN,250,2,20,4.919387102127075,100,15.326544959658445,0.0015676021575927734,[4. 4.],[0. 0. 0. 0. 0. 0. 0. 0. 0. 0. 0. 0. 0. 0. 0. 0. 0. 0. 0. 0.],[1. 1. 1. 1. 1. 1. 1. 1. 1. 1. 1. 1. 1. 1. 1. 1. 1. 1. 1. 1.],/home/582/ow6835/MOOP/Result/ZDT2/AGNOMEN_ZDT2/ZDT2_AGNOMEN_Iteration-250_Obj-2_Var-20.2021_10_27-02:23:41_PM
6,VU2,NSGA2,250,2,2,3.39708948135376,200,89.92472070078055,0.0030231475830078125,[4. 4.],[-3 -3],[3 3],/home/582/ow6835/MOOP/Result/VU2/NSGA2_VU2/VU2_NSGA2_Iteration-250_Obj-2_Var-2.2021_10_27-02:23:43_PM
7,ZDT3,AGNOMEN,250,2,10,5.035205602645874,100,18.36153711659183,0.0016112327575683594,[4. 4.],[0. 0. 0. 0. 0. 0. 0. 0. 0. 0.],[1. 1. 1. 1. 1. 1. 1. 1. 1. 1.],/home/582/ow6835/MOOP/Result/ZDT3/AGNOMEN_ZDT3/ZDT3_AGNOMEN_Iteration-250_Obj-2_Var-10.2021_10_27-02:23:44_PM
8,VU2,NSGA3,250,2,2,3.891777515411377,100,89.86214312457146,0.0016326904296875,[4. 4.],[-3 -3],[3 3],/home/582/ow6835/MOOP/Result/VU2/NSGA3_VU2/VU2_NSGA3_Iteration-250_Obj-2_Var-2.2021_10_27-02:23:45_PM
9,VU1,RNSGA2,250,2,2,6.353940010070801,200,10.604871200490111,0.0029337406158447266,[4. 4.],[-3 -3],[3 3],/home/582/ow6835/MOOP/Result/VU1/RNSGA2_VU1/VU1_RNSGA2_Iteration-250_Obj-2_Var-2.2021_10_27-02:23:48_PM
10,ZDT2,NSGA2,250,2,10,2.8356645107269287,200,15.330527083343247,0.0016262531280517578,[4. 4.],[0. 0. 0. 0. 0. 0. 0. 0. 0. 0.],[1. 1. 1. 1. 1. 1. 1. 1. 1. 1.],/home/582/ow6835/MOOP/Result/ZDT2/NSGA2_ZDT2/ZDT2_NSGA2_Iteration-250_Obj-2_Var-10.2021_10_27-02:23:54_PM
11,ZDT2,NSGA3,250,2,10,2.893747568130493,100,15.32846752245539,0.0014426708221435547,[4. 4.],[0. 0. 0. 0. 0. 0. 0. 0. 0. 0.],[1. 1. 1. 1. 1. 1. 1. 1. 1. 1.],/home/582/ow6835/MOOP/Result/ZDT2/NSGA3_ZDT2/ZDT2_NSGA3_Iteration-250_Obj-2_Var-10.2021_10_27-02:23:55_PM
12,ZDT2,AGNOMEN,250,2,10,5.229844331741333,100,15.327624541604866,0.003030538558959961,[4. 4.],[0. 0. 0. 0. 0. 0. 0. 0. 0. 0.],[1. 1. 1. 1. 1. 1. 1. 1. 1. 1.],/home/582/ow6835/MOOP/Result/ZDT2/AGNOMEN_ZDT2/ZDT2_AGNOMEN_Iteration-250_Obj-2_Var-10.2021_10_27-02:23:57_PM
13,ZDT3,NSGA2,250,2,10,2.707190990447998,200,18.363054691734984,0.0011882781982421875,[4. 4.],[0. 0. 0. 0. 0. 0. 0. 0. 0. 0.],[1. 1. 1. 1. 1. 1. 1. 1. 1. 1.],/home/582/ow6835/MOOP/Result/ZDT3/NSGA2_ZDT3/ZDT3_NSGA2_Iteration-250_Obj-2_Var-10.2021_10_27-02:23:57_PM
14,TKLY1,NSGA2,2500,2,4,25.511754989624023,200,9.891474439692791,0.0012264251708984375,[4. 4.],[0.1 0.  0.  0. ],[1 1 1 1],/home/582/ow6835/MOOP/Result/TKLY1/NSGA2_TKLY1/TKLY1_NSGA2_Iteration-2500_Obj-2_Var-4.2021_10_27-02:23:57_PM
15,ZDT3,NSGA3,250,2,10,2.843520164489746,72,18.3597332940251,0.00115203857421875,[4. 4.],[0. 0. 0. 0. 0. 0. 0. 0. 0. 0.],[1. 1. 1. 1. 1. 1. 1. 1. 1. 1.],/home/582/ow6835/MOOP/Result/ZDT3/NSGA3_ZDT3/ZDT3_NSGA3_Iteration-250_Obj-2_Var-10.2021_10_27-02:23:58_PM
16,ZDT3,MOEAD,250,2,10,18.72788381576538,100,18.357164116899895,0.0015978813171386719,[4. 4.],[0. 0. 0. 0. 0. 0. 0. 0. 0. 0.],[1. 1. 1. 1. 1. 1. 1. 1. 1. 1.],/home/582/ow6835/MOOP/Result/ZDT3/MOEAD_ZDT3/ZDT3_MOEAD_Iteration-250_Obj-2_Var-10.2021_10_27-02:23:59_PM
17,VU1,NSGA3,2500,2,2,36.607866287231445,100,10.544796609394508,0.000850677490234375,[4. 4.],[-3 -3],[3 3],/home/582/ow6835/MOOP/Result/VU1/NSGA3_VU1/VU1_NSGA3_Iteration-2500_Obj-2_Var-2.2021_10_27-02:24:00_PM
18,LTDZ1,NSGA3,2500,3,3,36.11724042892456,100,342.4162469370639,0.007193803787231445,[4. 4. 4.],[0 0 0],[1 1 1],/home/582/ow6835/MOOP/Result/LTDZ1/NSGA3_LTDZ1/LTDZ1_NSGA3_Iteration-2500_Obj-3_Var-3.2021_10_27-02:24:02_PM
19,TKLY1,NSGA3,2500,2,4,30.226563692092896,100,8.828693452296147,0.0007319450378417969,[4. 4.],[0.1 0.  0.  0. ],[1 1 1 1],/home/582/ow6835/MOOP/Result/TKLY1/NSGA3_TKLY1/TKLY1_NSGA3_Iteration-2500_Obj-2_Var-4.2021_10_27-02:24:03_PM
20,ZDT1,NSGA2,250,2,20,3.0312576293945312,200,15.663651048601293,0.0022804737091064453,[4. 4.],[0. 0. 0. 0. 0. 0. 0. 0. 0. 0. 0. 0. 0. 0. 0. 0. 0. 0. 0. 0.],[1. 1. 1. 1. 1. 1. 1. 1. 1. 1. 1. 1. 1. 1. 1. 1. 1. 1. 1. 1.],/home/582/ow6835/MOOP/Result/ZDT1/NSGA2_ZDT1/ZDT1_NSGA2_Iteration-250_Obj-2_Var-20.2021_10_27-02:24:04_PM
21,ZDT1,NSGA3,250,2,20,3.0115389823913574,100,15.661185539653367,0.0014672279357910156,[4. 4.],[0. 0. 0. 0. 0. 0. 0. 0. 0. 0. 0. 0. 0. 0. 0. 0. 0. 0. 0. 0.],[1. 1. 1. 1. 1. 1. 1. 1. 1. 1. 1. 1. 1. 1. 1. 1. 1. 1. 1. 1.],/home/582/ow6835/MOOP/Result/ZDT1/NSGA3_ZDT1/ZDT1_NSGA3_Iteration-250_Obj-2_Var-20.2021_10_27-02:24:06_PM
22,ZDT1,AGNOMEN,250,2,10,5.468132734298706,100,15.661254990224132,0.001519918441772461,[4. 4.],[0. 0. 0. 0. 0. 0. 0. 0. 0. 0.],[1. 1. 1. 1. 1. 1. 1. 1. 1. 1.],/home/582/ow6835/MOOP/Result/ZDT1/AGNOMEN_ZDT1/ZDT1_AGNOMEN_Iteration-250_Obj-2_Var-10.2021_10_27-02:24:07_PM
23,ZDT1,RNSGA2,250,2,10,5.060320854187012,200,15.65916455853732,0.0017685890197753906,[4. 4.],[0. 0. 0. 0. 0. 0. 0. 0. 0. 0.],[1. 1. 1. 1. 1. 1. 1. 1. 1. 1.],/home/582/ow6835/MOOP/Result/ZDT1/RNSGA2_ZDT1/ZDT1_RNSGA2_Iteration-250_Obj-2_Var-10.2021_10_27-02:24:08_PM
24,ZDT2,MOEAD,250,2,10,18.038912057876587,100,15.327506455150598,0.0029075145721435547,[4. 4.],[0. 0. 0. 0. 0. 0. 0. 0. 0. 0.],[1. 1. 1. 1. 1. 1. 1. 1. 1. 1.],/home/582/ow6835/MOOP/Result/ZDT2/MOEAD_ZDT2/ZDT2_MOEAD_Iteration-250_Obj-2_Var-10.2021_10_27-02:24:11_PM
25,VU2,NSGA2,2500,2,2,34.51726937294006,200,89.91805945359457,0.002160310745239258,[4. 4.],[-3 -3],[3 3],/home/582/ow6835/MOOP/Result/VU2/NSGA2_VU2/VU2_NSGA2_Iteration-2500_Obj-2_Var-2.2021_10_27-02:24:14_PM
26,ZDT2,NSGA3,2500,2,20,39.594067335128784,100,15.328497420818747,0.0011396408081054688,[4. 4.],[0. 0. 0. 0. 0. 0. 0. 0. 0. 0. 0. 0. 0. 0. 0. 0. 0. 0. 0. 0.],[1. 1. 1. 1. 1. 1. 1. 1. 1. 1. 1. 1. 1. 1. 1. 1. 1. 1. 1. 1.],/home/582/ow6835/MOOP/Result/ZDT2/NSGA3_ZDT2/ZDT2_NSGA3_Iteration-2500_Obj-2_Var-20.2021_10_27-02:24:17_PM
27,ZDT2,NSGA2,2500,2,10,27.874755144119263,200,15.330574717953322,0.003027677536010742,[4. 4.],[0. 0. 0. 0. 0. 0. 0. 0. 0. 0.],[1. 1. 1. 1. 1. 1. 1. 1. 1. 1.],/home/582/ow6835/MOOP/Result/ZDT2/NSGA2_ZDT2/ZDT2_NSGA2_Iteration-2500_Obj-2_Var-10.2021_10_27-02:24:19_PM
28,ZDT1,MOEAD,250,2,10,18.207443237304688,100,15.655130577388562,0.0014736652374267578,[4. 4.],[0. 0. 0. 0. 0. 0. 0. 0. 0. 0.],[1. 1. 1. 1. 1. 1. 1. 1. 1. 1.],/home/582/ow6835/MOOP/Result/ZDT1/MOEAD_ZDT1/ZDT1_MOEAD_Iteration-250_Obj-2_Var-10.2021_10_27-02:24:21_PM
29,ZDT3,NSGA2,2500,2,10,28.90279245376587,200,18.36310830845776,0.002801656723022461,[4. 4.],[0. 0. 0. 0. 0. 0. 0. 0. 0. 0.],[1. 1. 1. 1. 1. 1. 1. 1. 1. 1.],/home/582/ow6835/MOOP/Result/ZDT3/NSGA2_ZDT3/ZDT3_NSGA2_Iteration-2500_Obj-2_Var-10.2021_10_27-02:24:23_PM
30,VU2,NSGA3,2500,2,2,43.4563353061676,100,89.86212392661685,0.0014309883117675781,[4. 4.],[-3 -3],[3 3],/home/582/ow6835/MOOP/Result/VU2/NSGA3_VU2/VU2_NSGA3_Iteration-2500_Obj-2_Var-2.2021_10_27-02:24:25_PM
31,LTDZ1,RNSGA2,2500,3,3,62.19176554679871,200,299.16491961276495,0.020980358123779297,[4. 4. 4.],[0 0 0],[1 1 1],/home/582/ow6835/MOOP/Result/LTDZ1/RNSGA2_LTDZ1/LTDZ1_RNSGA2_Iteration-2500_Obj-3_Var-3.2021_10_27-02:24:25_PM
32,ZDT1,NSGA2,2500,2,20,28.26771068572998,200,15.663673615443987,0.0027341842651367188,[4. 4.],[0. 0. 0. 0. 0. 0. 0. 0. 0. 0. 0. 0. 0. 0. 0. 0. 0. 0. 0. 0.],[1. 1. 1. 1. 1. 1. 1. 1. 1. 1. 1. 1. 1. 1. 1. 1. 1. 1. 1. 1.],/home/582/ow6835/MOOP/Result/ZDT1/NSGA2_ZDT1/ZDT1_NSGA2_Iteration-2500_Obj-2_Var-20.2021_10_27-02:24:30_PM
33,ZDT2,NSGA3,2500,2,10,40.221555948257446,100,15.32849742056367,0.0012705326080322266,[4. 4.],[0. 0. 0. 0. 0. 0. 0. 0. 0. 0.],[1. 1. 1. 1. 1. 1. 1. 1. 1. 1.],/home/582/ow6835/MOOP/Result/ZDT2/NSGA3_ZDT2/ZDT2_NSGA3_Iteration-2500_Obj-2_Var-10.2021_10_27-02:24:33_PM
34,ZDT2,AGNOMEN,2500,2,20,57.62814903259277,100,15.327433487717432,0.0014395713806152344,[4. 4.],[0. 0. 0. 0. 0. 0. 0. 0. 0. 0. 0. 0. 0. 0. 0. 0. 0. 0. 0. 0.],[1. 1. 1. 1. 1. 1. 1. 1. 1. 1. 1. 1. 1. 1. 1. 1. 1. 1. 1. 1.],/home/582/ow6835/MOOP/Result/ZDT2/AGNOMEN_ZDT2/ZDT2_AGNOMEN_Iteration-2500_Obj-2_Var-20.2021_10_27-02:24:34_PM
35,ZDT3,NSGA3,2500,2,10,39.97930026054382,72,18.359254045489,0.0011560916900634766,[4. 4.],[0. 0. 0. 0. 0. 0. 0. 0. 0. 0.],[1. 1. 1. 1. 1. 1. 1. 1. 1. 1.],/home/582/ow6835/MOOP/Result/ZDT3/NSGA3_ZDT3/ZDT3_NSGA3_Iteration-2500_Obj-2_Var-10.2021_10_27-02:24:35_PM
36,VU1,RNSGA2,2500,2,2,59.97987055778504,200,10.60439816023698,0.0017404556274414062,[4. 4.],[-3 -3],[3 3],/home/582/ow6835/MOOP/Result/VU1/RNSGA2_VU1/VU1_RNSGA2_Iteration-2500_Obj-2_Var-2.2021_10_27-02:24:41_PM
37,VU1,AGNOMEN,2500,2,2,77.57818651199341,100,10.577977324961923,0.0004086494445800781,[4. 4.],[-3 -3],[3 3],/home/582/ow6835/MOOP/Result/VU1/AGNOMEN_VU1/VU1_AGNOMEN_Iteration-2500_Obj-2_Var-2.2021_10_27-02:24:42_PM
38,ZDT1,NSGA3,2500,2,10,39.89620065689087,100,15.661550220058148,0.0008769035339355469,[4. 4.],[0. 0. 0. 0. 0. 0. 0. 0. 0. 0.],[1. 1. 1. 1. 1. 1. 1. 1. 1. 1.],/home/582/ow6835/MOOP/Result/ZDT1/NSGA3_ZDT1/ZDT1_NSGA3_Iteration-2500_Obj-2_Var-10.2021_10_27-02:24:42_PM
39,ZDT1,NSGA3,2500,2,20,40.75376915931702,100,15.66155033954227,0.0007495880126953125,[4. 4.],[0. 0. 0. 0. 0. 0. 0. 0. 0. 0. 0. 0. 0. 0. 0. 0. 0. 0. 0. 0.],[1. 1. 1. 1. 1. 1. 1. 1. 1. 1. 1. 1. 1. 1. 1. 1. 1. 1. 1. 1.],/home/582/ow6835/MOOP/Result/ZDT1/NSGA3_ZDT1/ZDT1_NSGA3_Iteration-2500_Obj-2_Var-20.2021_10_27-02:24:43_PM
40,ZDT3,AGNOMEN,2500,2,10,66.28721880912781,100,18.361653543077125,0.0007889270782470703,[4. 4.],[0. 0. 0. 0. 0. 0. 0. 0. 0. 0.],[1. 1. 1. 1. 1. 1. 1. 1. 1. 1.],/home/582/ow6835/MOOP/Result/ZDT3/AGNOMEN_ZDT3/ZDT3_AGNOMEN_Iteration-2500_Obj-2_Var-10.2021_10_27-02:24:45_PM
41,ZDT2,AGNOMEN,2500,2,10,57.97547268867493,100,15.327811868885696,0.0010142326354980469,[4. 4.],[0. 0. 0. 0. 0. 0. 0. 0. 0. 0.],[1. 1. 1. 1. 1. 1. 1. 1. 1. 1.],/home/582/ow6835/MOOP/Result/ZDT2/AGNOMEN_ZDT2/ZDT2_AGNOMEN_Iteration-2500_Obj-2_Var-10.2021_10_27-02:24:49_PM
42,ZDT1,RNSGA2,2500,2,10,52.61899375915527,200,15.658917270014546,0.002637624740600586,[4. 4.],[0. 0. 0. 0. 0. 0. 0. 0. 0. 0.],[1. 1. 1. 1. 1. 1. 1. 1. 1. 1.],/home/582/ow6835/MOOP/Result/ZDT1/RNSGA2_ZDT1/ZDT1_RNSGA2_Iteration-2500_Obj-2_Var-10.2021_10_27-02:24:55_PM
43,ZDT2,RNSGA2,2500,2,20,70.6540014743805,200,15.328634819417392,0.0024890899658203125,[4. 4.],[0. 0. 0. 0. 0. 0. 0. 0. 0. 0. 0. 0. 0. 0. 0. 0. 0. 0. 0. 0.],[1. 1. 1. 1. 1. 1. 1. 1. 1. 1. 1. 1. 1. 1. 1. 1. 1. 1. 1. 1.],/home/582/ow6835/MOOP/Result/ZDT2/RNSGA2_ZDT2/ZDT2_RNSGA2_Iteration-2500_Obj-2_Var-20.2021_10_27-02:25:06_PM
44,ZDT1,AGNOMEN,2500,2,10,69.95709180831909,100,15.660997733357515,0.0009112358093261719,[4. 4.],[0. 0. 0. 0. 0. 0. 0. 0. 0. 0.],[1. 1. 1. 1. 1. 1. 1. 1. 1. 1.],/home/582/ow6835/MOOP/Result/ZDT1/AGNOMEN_ZDT1/ZDT1_AGNOMEN_Iteration-2500_Obj-2_Var-10.2021_10_27-02:25:11_PM
45,ZDT2,MOEAD,2500,2,10,179.24445104599,100,15.328493060853091,0.0011036396026611328,[4. 4.],[0. 0. 0. 0. 0. 0. 0. 0. 0. 0.],[1. 1. 1. 1. 1. 1. 1. 1. 1. 1.],/home/582/ow6835/MOOP/Result/ZDT2/MOEAD_ZDT2/ZDT2_MOEAD_Iteration-2500_Obj-2_Var-10.2021_10_27-02:26:52_PM
46,ZDT1,MOEAD,2500,2,10,179.6073703765869,100,15.661560537142915,0.0012519359588623047,[4. 4.],[0. 0. 0. 0. 0. 0. 0. 0. 0. 0.],[1. 1. 1. 1. 1. 1. 1. 1. 1. 1.],/home/582/ow6835/MOOP/Result/ZDT1/MOEAD_ZDT1/ZDT1_MOEAD_Iteration-2500_Obj-2_Var-10.2021_10_27-02:27:02_PM
47,TKLY1,NSGA2,25000,2,4,254.1978054046631,200,9.89173247075894,0.0019655227661132812,[4. 4.],[0.1 0.  0.  0. ],[1 1 1 1],/home/582/ow6835/MOOP/Result/TKLY1/NSGA2_TKLY1/TKLY1_NSGA2_Iteration-25000_Obj-2_Var-4.2021_10_27-02:27:46_PM
48,LTDZ1,NSGA2,25000,3,3,280.6184155941009,200,342.41076869604746,0.015355110168457031,[4. 4. 4.],[0 0 0],[1 1 1],/home/582/ow6835/MOOP/Result/LTDZ1/NSGA2_LTDZ1/LTDZ1_NSGA2_Iteration-25000_Obj-3_Var-3.2021_10_27-02:28:05_PM
49,ZDT2,NSGA2,25000,2,20,275.62290382385254,200,15.330637872198366,0.0013425350189208984,[4. 4.],[0. 0. 0. 0. 0. 0. 0. 0. 0. 0. 0. 0. 0. 0. 0. 0. 0. 0. 0. 0.],[1. 1. 1. 1. 1. 1. 1. 1. 1. 1. 1. 1. 1. 1. 1. 1. 1. 1. 1. 1.],/home/582/ow6835/MOOP/Result/ZDT2/NSGA2_ZDT2/ZDT2_NSGA2_Iteration-25000_Obj-2_Var-20.2021_10_27-02:28:12_PM
50,TKLY1,NSGA3,25000,2,4,301.3464901447296,100,8.828696773817265,0.0007321834564208984,[4. 4.],[0.1 0.  0.  0. ],[1 1 1 1],/home/582/ow6835/MOOP/Result/TKLY1/NSGA3_TKLY1/TKLY1_NSGA3_Iteration-25000_Obj-2_Var-4.2021_10_27-02:28:34_PM
51,ZDT2,NSGA2,25000,2,10,285.44706416130066,200,15.330632501924756,0.0026483535766601562,[4. 4.],[0. 0. 0. 0. 0. 0. 0. 0. 0. 0.],[1. 1. 1. 1. 1. 1. 1. 1. 1. 1.],/home/582/ow6835/MOOP/Result/ZDT2/NSGA2_ZDT2/ZDT2_NSGA2_Iteration-25000_Obj-2_Var-10.2021_10_27-02:28:37_PM
52,ZDT3,NSGA2,25000,2,10,293.36768865585327,200,18.36310972247623,0.0050237178802490234,[4. 4.],[0. 0. 0. 0. 0. 0. 0. 0. 0. 0.],[1. 1. 1. 1. 1. 1. 1. 1. 1. 1.],/home/582/ow6835/MOOP/Result/ZDT3/NSGA2_ZDT3/ZDT3_NSGA2_Iteration-25000_Obj-2_Var-10.2021_10_27-02:28:47_PM
53,ZDT1,NSGA2,25000,2,20,288.44605016708374,200,15.663731923483411,0.0021944046020507812,[4. 4.],[0. 0. 0. 0. 0. 0. 0. 0. 0. 0. 0. 0. 0. 0. 0. 0. 0. 0. 0. 0.],[1. 1. 1. 1. 1. 1. 1. 1. 1. 1. 1. 1. 1. 1. 1. 1. 1. 1. 1. 1.],/home/582/ow6835/MOOP/Result/ZDT1/NSGA2_ZDT1/ZDT1_NSGA2_Iteration-25000_Obj-2_Var-20.2021_10_27-02:28:50_PM
54,VU1,NSGA3,25000,2,2,351.4739227294922,100,10.54481297496454,0.0007960796356201172,[4. 4.],[-3 -3],[3 3],/home/582/ow6835/MOOP/Result/VU1/NSGA3_VU1/VU1_NSGA3_Iteration-25000_Obj-2_Var-2.2021_10_27-02:29:15_PM
55,VU2,NSGA2,25000,2,2,355.3567454814911,200,89.92516176851258,0.002983570098876953,[4. 4.],[-3 -3],[3 3],/home/582/ow6835/MOOP/Result/VU2/NSGA2_VU2/VU2_NSGA2_Iteration-25000_Obj-2_Var-2.2021_10_27-02:29:35_PM
56,ZDT3,NSGA3,25000,2,10,429.3808522224426,71,18.359189916237682,0.0010368824005126953,[4. 4.],[0. 0. 0. 0. 0. 0. 0. 0. 0. 0.],[1. 1. 1. 1. 1. 1. 1. 1. 1. 1.],/home/582/ow6835/MOOP/Result/ZDT3/NSGA3_ZDT3/ZDT3_NSGA3_Iteration-25000_Obj-2_Var-10.2021_10_27-02:30:49_PM
57,ZDT2,NSGA3,25000,2,10,423.62007093429565,100,15.328497419730681,0.001588582992553711,[4. 4.],[0. 0. 0. 0. 0. 0. 0. 0. 0. 0.],[1. 1. 1. 1. 1. 1. 1. 1. 1. 1.],/home/582/ow6835/MOOP/Result/ZDT2/NSGA3_ZDT2/ZDT2_NSGA3_Iteration-25000_Obj-2_Var-10.2021_10_27-02:30:56_PM
58,ZDT2,NSGA3,25000,2,20,445.9117271900177,100,15.328497420021918,0.0015931129455566406,[4. 4.],[0. 0. 0. 0. 0. 0. 0. 0. 0. 0. 0. 0. 0. 0. 0. 0. 0. 0. 0. 0.],[1. 1. 1. 1. 1. 1. 1. 1. 1. 1. 1. 1. 1. 1. 1. 1. 1. 1. 1. 1.],/home/582/ow6835/MOOP/Result/ZDT2/NSGA3_ZDT2/ZDT2_NSGA3_Iteration-25000_Obj-2_Var-20.2021_10_27-02:31:03_PM
59,ZDT1,NSGA3,25000,2,20,440.0149209499359,100,15.661550202314263,0.0015702247619628906,[4. 4.],[0. 0. 0. 0. 0. 0. 0. 0. 0. 0. 0. 0. 0. 0. 0. 0. 0. 0. 0. 0.],[1. 1. 1. 1. 1. 1. 1. 1. 1. 1. 1. 1. 1. 1. 1. 1. 1. 1. 1. 1.],/home/582/ow6835/MOOP/Result/ZDT1/NSGA3_ZDT1/ZDT1_NSGA3_Iteration-25000_Obj-2_Var-20.2021_10_27-02:31:23_PM
60,TKLY1,RNSGA2,25000,2,4,489.6334834098816,200,8.801376036837699,0.0021016597747802734,[4. 4.],[0.1 0.  0.  0. ],[1 1 1 1],/home/582/ow6835/MOOP/Result/TKLY1/RNSGA2_TKLY1/TKLY1_RNSGA2_Iteration-25000_Obj-2_Var-4.2021_10_27-02:31:31_PM
61,ZDT1,NSGA3,25000,2,10,470.9180166721344,100,15.661550204986565,0.0034961700439453125,[4. 4.],[0. 0. 0. 0. 0. 0. 0. 0. 0. 0.],[1. 1. 1. 1. 1. 1. 1. 1. 1. 1.],/home/582/ow6835/MOOP/Result/ZDT1/NSGA3_ZDT1/ZDT1_NSGA3_Iteration-25000_Obj-2_Var-10.2021_10_27-02:31:53_PM
62,ZDT1,RNSGA2,25000,2,10,498.74599957466125,200,15.658509620913026,0.0023050308227539062,[4. 4.],[0. 0. 0. 0. 0. 0. 0. 0. 0. 0.],[1. 1. 1. 1. 1. 1. 1. 1. 1. 1.],/home/582/ow6835/MOOP/Result/ZDT1/RNSGA2_ZDT1/ZDT1_RNSGA2_Iteration-25000_Obj-2_Var-10.2021_10_27-02:32:21_PM
63,ZDT2,AGNOMEN,25000,2,10,578.0998702049255,100,15.327996412563921,0.0014715194702148438,[4. 4.],[0. 0. 0. 0. 0. 0. 0. 0. 0. 0.],[1. 1. 1. 1. 1. 1. 1. 1. 1. 1.],/home/582/ow6835/MOOP/Result/ZDT2/AGNOMEN_ZDT2/ZDT2_AGNOMEN_Iteration-25000_Obj-2_Var-10.2021_10_27-02:33:29_PM
64,VU1,RNSGA2,25000,2,2,598.8323166370392,200,10.602868552343484,0.003003358840942383,[4. 4.],[-3 -3],[3 3],/home/582/ow6835/MOOP/Result/VU1/RNSGA2_VU1/VU1_RNSGA2_Iteration-25000_Obj-2_Var-2.2021_10_27-02:33:40_PM
65,ZDT1,AGNOMEN,250,2,20,5.24065375328064,100,15.660115416706557,0.0013408660888671875,[4. 4.],[0. 0. 0. 0. 0. 0. 0. 0. 0. 0. 0. 0. 0. 0. 0. 0. 0. 0. 0. 0.],[1. 1. 1. 1. 1. 1. 1. 1. 1. 1. 1. 1. 1. 1. 1. 1. 1. 1. 1. 1.],/home/582/ow6835/MOOP/Result/ZDT1/AGNOMEN_ZDT1/ZDT1_AGNOMEN_Iteration-250_Obj-2_Var-20.2021_10_27-02:34:15_PM
66,ZDT1,AGNOMEN,25000,2,20,646.379314661026,100,15.661021897610416,0.001352548599243164,[4. 4.],[0. 0. 0. 0. 0. 0. 0. 0. 0. 0. 0. 0. 0. 0. 0. 0. 0. 0. 0. 0.],[1. 1. 1. 1. 1. 1. 1. 1. 1. 1. 1. 1. 1. 1. 1. 1. 1. 1. 1. 1.],/home/582/ow6835/MOOP/Result/ZDT1/AGNOMEN_ZDT1/ZDT1_AGNOMEN_Iteration-25000_Obj-2_Var-20.2021_10_27-02:34:23_PM
67,ZDT2,RNSGA2,250,2,10,5.301158428192139,200,15.328805104430984,0.003038167953491211,[4. 4.],[0. 0. 0. 0. 0. 0. 0. 0. 0. 0.],[1. 1. 1. 1. 1. 1. 1. 1. 1. 1.],/home/582/ow6835/MOOP/Result/ZDT2/RNSGA2_ZDT2/ZDT2_RNSGA2_Iteration-250_Obj-2_Var-10.2021_10_27-02:34:26_PM
68,LTDZ1,MOEAD,250,3,3,21.68174815177917,100,342.4160615385228,0.006955146789550781,[4. 4. 4.],[0 0 0],[1 1 1],/home/582/ow6835/MOOP/Result/LTDZ1/MOEAD_LTDZ1/LTDZ1_MOEAD_Iteration-250_Obj-3_Var-3.2021_10_27-02:34:33_PM
69,VU2,AGNOMEN,250,2,2,7.695442199707031,100,89.83686994557327,0.0005896091461181641,[4. 4.],[-3 -3],[3 3],/home/582/ow6835/MOOP/Result/VU2/AGNOMEN_VU2/VU2_AGNOMEN_Iteration-250_Obj-2_Var-2.2021_10_27-02:34:39_PM
70,ZDT2,MOEAD,250,2,20,18.11464738845825,100,15.325986627311954,0.0033349990844726562,[4. 4.],[0. 0. 0. 0. 0. 0. 0. 0. 0. 0. 0. 0. 0. 0. 0. 0. 0. 0. 0. 0.],[1. 1. 1. 1. 1. 1. 1. 1. 1. 1. 1. 1. 1. 1. 1. 1. 1. 1. 1. 1.],/home/582/ow6835/MOOP/Result/ZDT2/MOEAD_ZDT2/ZDT2_MOEAD_Iteration-250_Obj-2_Var-20.2021_10_27-02:34:39_PM
71,ZDT2,NSGA2,250,2,20,2.994898557662964,200,15.330086924449866,0.002796173095703125,[4. 4.],[0. 0. 0. 0. 0. 0. 0. 0. 0. 0. 0. 0. 0. 0. 0. 0. 0. 0. 0. 0.],[1. 1. 1. 1. 1. 1. 1. 1. 1. 1. 1. 1. 1. 1. 1. 1. 1. 1. 1. 1.],/home/582/ow6835/MOOP/Result/ZDT2/NSGA2_ZDT2/ZDT2_NSGA2_Iteration-250_Obj-2_Var-20.2021_10_27-02:34:50_PM
72,VU2,MOEAD,250,2,2,17.920889377593994,100,89.80506048858867,0.0014960765838623047,[4. 4.],[-3 -3],[3 3],/home/582/ow6835/MOOP/Result/VU2/MOEAD_VU2/VU2_MOEAD_Iteration-250_Obj-2_Var-2.2021_10_27-02:34:50_PM
73,VU1,NSGA3,250,2,2,3.298379182815552,100,10.544392554817215,0.00036835670471191406,[4. 4.],[-3 -3],[3 3],/home/582/ow6835/MOOP/Result/VU1/NSGA3_VU1/VU1_NSGA3_Iteration-250_Obj-2_Var-2.2021_10_27-02:34:52_PM
74,ZDT3,RNSGA2,2500,2,10,47.26423096656799,200,18.358807362460272,0.0026559829711914062,[4. 4.],[0. 0. 0. 0. 0. 0. 0. 0. 0. 0.],[1. 1. 1. 1. 1. 1. 1. 1. 1. 1.],/home/582/ow6835/MOOP/Result/ZDT3/RNSGA2_ZDT3/ZDT3_RNSGA2_Iteration-2500_Obj-2_Var-10.2021_10_27-02:34:54_PM
75,VU2,RNSGA2,250,2,2,5.667151689529419,200,83.73244171205484,0.0028777122497558594,[4. 4.],[-3 -3],[3 3],/home/582/ow6835/MOOP/Result/VU2/RNSGA2_VU2/VU2_RNSGA2_Iteration-250_Obj-2_Var-2.2021_10_27-02:34:58_PM
76,TKLY1,RNSGA2,2500,2,4,49.29506039619446,200,8.772108998625512,0.0024611949920654297,[4. 4.],[0.1 0.  0.  0. ],[1 1 1 1],/home/582/ow6835/MOOP/Result/TKLY1/RNSGA2_TKLY1/TKLY1_RNSGA2_Iteration-2500_Obj-2_Var-4.2021_10_27-02:34:59_PM
77,TKLY1,MOEAD,250,2,4,17.941348552703857,100,7.628070064382262,0.0010612010955810547,[4. 4.],[0.1 0.  0.  0. ],[1 1 1 1],/home/582/ow6835/MOOP/Result/TKLY1/MOEAD_TKLY1/TKLY1_MOEAD_Iteration-250_Obj-2_Var-4.2021_10_27-02:35:01_PM
78,VU1,MOEAD,250,2,2,18.049129724502563,100,10.597612406702849,0.0014400482177734375,[4. 4.],[-3 -3],[3 3],/home/582/ow6835/MOOP/Result/VU1/MOEAD_VU1/VU1_MOEAD_Iteration-250_Obj-2_Var-2.2021_10_27-02:35:06_PM
79,ZDT3,AGNOMEN,25000,2,10,688.3888490200043,100,18.361445567346273,0.0033202171325683594,[4. 4.],[0. 0. 0. 0. 0. 0. 0. 0. 0. 0.],[1. 1. 1. 1. 1. 1. 1. 1. 1. 1.],/home/582/ow6835/MOOP/Result/ZDT3/AGNOMEN_ZDT3/ZDT3_AGNOMEN_Iteration-25000_Obj-2_Var-10.2021_10_27-02:35:07_PM
80,LTDZ1,AGNOMEN,250,3,3,9.098082542419434,100,342.4118699118934,0.021528244018554688,[4. 4. 4.],[0 0 0],[1 1 1],/home/582/ow6835/MOOP/Result/LTDZ1/AGNOMEN_LTDZ1/LTDZ1_AGNOMEN_Iteration-250_Obj-3_Var-3.2021_10_27-02:35:07_PM
81,ZDT1,MOEAD,250,2,20,23.99653506278992,100,15.650126605135315,0.0005705356597900391,[4. 4.],[0. 0. 0. 0. 0. 0. 0. 0. 0. 0. 0. 0. 0. 0. 0. 0. 0. 0. 0. 0.],[1. 1. 1. 1. 1. 1. 1. 1. 1. 1. 1. 1. 1. 1. 1. 1. 1. 1. 1. 1.],/home/582/ow6835/MOOP/Result/ZDT1/MOEAD_ZDT1/ZDT1_MOEAD_Iteration-250_Obj-2_Var-20.2021_10_27-02:35:12_PM
82,ZDT1,NSGA2,250,2,10,2.7487354278564453,200,15.663747880871153,0.0025272369384765625,[4. 4.],[0. 0. 0. 0. 0. 0. 0. 0. 0. 0.],[1. 1. 1. 1. 1. 1. 1. 1. 1. 1.],/home/582/ow6835/MOOP/Result/ZDT1/NSGA2_ZDT1/ZDT1_NSGA2_Iteration-250_Obj-2_Var-10.2021_10_27-02:35:14_PM
83,LTDZ1,NSGA2,250,3,3,2.8978796005249023,200,342.3930552859249,0.01227116584777832,[4. 4. 4.],[0 0 0],[1 1 1],/home/582/ow6835/MOOP/Result/LTDZ1/NSGA2_LTDZ1/LTDZ1_NSGA2_Iteration-250_Obj-3_Var-3.2021_10_27-02:35:14_PM
84,VU1,NSGA2,250,2,2,2.914656162261963,200,10.595621276390244,0.0013649463653564453,[4. 4.],[-3 -3],[3 3],/home/582/ow6835/MOOP/Result/VU1/NSGA2_VU1/VU1_NSGA2_Iteration-250_Obj-2_Var-2.2021_10_27-02:35:14_PM
85,ZDT1,NSGA3,250,2,10,2.884246587753296,100,15.661341111972341,0.0015683174133300781,[4. 4.],[0. 0. 0. 0. 0. 0. 0. 0. 0. 0.],[1. 1. 1. 1. 1. 1. 1. 1. 1. 1.],/home/582/ow6835/MOOP/Result/ZDT1/NSGA3_ZDT1/ZDT1_NSGA3_Iteration-250_Obj-2_Var-10.2021_10_27-02:35:15_PM
86,LTDZ1,NSGA2,2500,3,3,28.49392938613892,200,342.408018919049,0.0158998966217041,[4. 4. 4.],[0 0 0],[1 1 1],/home/582/ow6835/MOOP/Result/LTDZ1/NSGA2_LTDZ1/LTDZ1_NSGA2_Iteration-2500_Obj-3_Var-3.2021_10_27-02:35:16_PM
87,TKLY1,RNSGA2,250,2,4,5.202169418334961,200,8.835470131464621,0.0015139579772949219,[4. 4.],[0.1 0.  0.  0. ],[1 1 1 1],/home/582/ow6835/MOOP/Result/TKLY1/RNSGA2_TKLY1/TKLY1_RNSGA2_Iteration-250_Obj-2_Var-4.2021_10_27-02:35:18_PM
88,ZDT2,RNSGA2,2500,2,10,65.37970542907715,200,15.32863124580867,0.004029750823974609,[4. 4.],[0. 0. 0. 0. 0. 0. 0. 0. 0. 0.],[1. 1. 1. 1. 1. 1. 1. 1. 1. 1.],/home/582/ow6835/MOOP/Result/ZDT2/RNSGA2_ZDT2/ZDT2_RNSGA2_Iteration-2500_Obj-2_Var-10.2021_10_27-02:35:27_PM
89,ZDT2,RNSGA2,250,2,20,5.492034196853638,200,15.329119955476841,0.0012042522430419922,[4. 4.],[0. 0. 0. 0. 0. 0. 0. 0. 0. 0. 0. 0. 0. 0. 0. 0. 0. 0. 0. 0.],[1. 1. 1. 1. 1. 1. 1. 1. 1. 1. 1. 1. 1. 1. 1. 1. 1. 1. 1. 1.],/home/582/ow6835/MOOP/Result/ZDT2/RNSGA2_ZDT2/ZDT2_RNSGA2_Iteration-250_Obj-2_Var-20.2021_10_27-02:35:33_PM
90,ZDT1,AGNOMEN,25000,2,10,697.2824912071228,100,15.661065064488387,0.0011925697326660156,[4. 4.],[0. 0. 0. 0. 0. 0. 0. 0. 0. 0.],[1. 1. 1. 1. 1. 1. 1. 1. 1. 1.],/home/582/ow6835/MOOP/Result/ZDT1/AGNOMEN_ZDT1/ZDT1_AGNOMEN_Iteration-25000_Obj-2_Var-10.2021_10_27-02:35:39_PM
91,ZDT1,NSGA2,2500,2,10,27.36539649963379,200,15.663903557448979,0.0028030872344970703,[4. 4.],[0. 0. 0. 0. 0. 0. 0. 0. 0. 0.],[1. 1. 1. 1. 1. 1. 1. 1. 1. 1.],/home/582/ow6835/MOOP/Result/ZDT1/NSGA2_ZDT1/ZDT1_NSGA2_Iteration-2500_Obj-2_Var-10.2021_10_27-02:35:39_PM
92,ZDT1,RNSGA2,2500,2,20,53.22752118110657,200,15.659526840151939,0.002773284912109375,[4. 4.],[0. 0. 0. 0. 0. 0. 0. 0. 0. 0. 0. 0. 0. 0. 0. 0. 0. 0. 0. 0.],[1. 1. 1. 1. 1. 1. 1. 1. 1. 1. 1. 1. 1. 1. 1. 1. 1. 1. 1. 1.],/home/582/ow6835/MOOP/Result/ZDT1/RNSGA2_ZDT1/ZDT1_RNSGA2_Iteration-2500_Obj-2_Var-20.2021_10_27-02:35:42_PM
93,VU2,RNSGA2,2500,2,2,56.27901363372803,200,88.41800171558876,0.0018990039825439453,[4. 4.],[-3 -3],[3 3],/home/582/ow6835/MOOP/Result/VU2/RNSGA2_VU2/VU2_RNSGA2_Iteration-2500_Obj-2_Var-2.2021_10_27-02:35:45_PM
94,TKLY1,AGNOMEN,2500,2,4,66.02619671821594,100,8.832294975482316,0.0006825923919677734,[4. 4.],[0.1 0.  0.  0. ],[1 1 1 1],/home/582/ow6835/MOOP/Result/TKLY1/AGNOMEN_TKLY1/TKLY1_AGNOMEN_Iteration-2500_Obj-2_Var-4.2021_10_27-02:35:48_PM
95,VU2,AGNOMEN,2500,2,2,82.29632997512817,100,89.8409245187915,0.0012843608856201172,[4. 4.],[-3 -3],[3 3],/home/582/ow6835/MOOP/Result/VU2/AGNOMEN_VU2/VU2_AGNOMEN_Iteration-2500_Obj-2_Var-2.2021_10_27-02:35:54_PM
96,VU1,NSGA2,2500,2,2,27.32685685157776,200,10.598543372452287,0.0039484500885009766,[4. 4.],[-3 -3],[3 3],/home/582/ow6835/MOOP/Result/VU1/NSGA2_VU1/VU1_NSGA2_Iteration-2500_Obj-2_Var-2.2021_10_27-02:35:54_PM
97,ZDT2,NSGA2,2500,2,20,30.24648141860962,200,15.330465180028193,0.003055095672607422,[4. 4.],[0. 0. 0. 0. 0. 0. 0. 0. 0. 0. 0. 0. 0. 0. 0. 0. 0. 0. 0. 0.],[1. 1. 1. 1. 1. 1. 1. 1. 1. 1. 1. 1. 1. 1. 1. 1. 1. 1. 1. 1.],/home/582/ow6835/MOOP/Result/ZDT2/NSGA2_ZDT2/ZDT2_NSGA2_Iteration-2500_Obj-2_Var-20.2021_10_27-02:35:57_PM
98,ZDT3,RNSGA2,250,2,10,4.549929141998291,200,18.339704749242063,0.002987384796142578,[4. 4.],[0. 0. 0. 0. 0. 0. 0. 0. 0. 0.],[1. 1. 1. 1. 1. 1. 1. 1. 1. 1.],/home/582/ow6835/MOOP/Result/ZDT3/RNSGA2_ZDT3/ZDT3_RNSGA2_Iteration-250_Obj-2_Var-10.2021_10_27-02:36:09_PM
99,ZDT2,RNSGA2,25000,2,20,738.3894920349121,200,15.328636474051946,0.0017771720886230469,[4. 4.],[0. 0. 0. 0. 0. 0. 0. 0. 0. 0. 0. 0. 0. 0. 0. 0. 0. 0. 0. 0.],[1. 1. 1. 1. 1. 1. 1. 1. 1. 1. 1. 1. 1. 1. 1. 1. 1. 1. 1. 1.],/home/582/ow6835/MOOP/Result/ZDT2/RNSGA2_ZDT2/ZDT2_RNSGA2_Iteration-25000_Obj-2_Var-20.2021_10_27-02:36:14_PM
100,ZDT2,MOEAD,2500,2,20,183.347580909729,100,15.328489874924246,0.0014874935150146484,[4. 4.],[0. 0. 0. 0. 0. 0. 0. 0. 0. 0. 0. 0. 0. 0. 0. 0. 0. 0. 0. 0.],[1. 1. 1. 1. 1. 1. 1. 1. 1. 1. 1. 1. 1. 1. 1. 1. 1. 1. 1. 1.],/home/582/ow6835/MOOP/Result/ZDT2/MOEAD_ZDT2/ZDT2_MOEAD_Iteration-2500_Obj-2_Var-20.2021_10_27-02:37:24_PM
101,VU2,MOEAD,2500,2,2,177.5557942390442,100,89.80484027059765,0.0014736652374267578,[4. 4.],[-3 -3],[3 3],/home/582/ow6835/MOOP/Result/VU2/MOEAD_VU2/VU2_MOEAD_Iteration-2500_Obj-2_Var-2.2021_10_27-02:37:30_PM
102,TKLY1,MOEAD,2500,2,4,180.9319717884064,100,7.628556636483901,0.0013546943664550781,[4. 4.],[0.1 0.  0.  0. ],[1 1 1 1],/home/582/ow6835/MOOP/Result/TKLY1/MOEAD_TKLY1/TKLY1_MOEAD_Iteration-2500_Obj-2_Var-4.2021_10_27-02:37:44_PM
103,VU1,MOEAD,2500,2,2,180.94323682785037,100,10.598175196319332,0.0014088153839111328,[4. 4.],[-3 -3],[3 3],/home/582/ow6835/MOOP/Result/VU1/MOEAD_VU1/VU1_MOEAD_Iteration-2500_Obj-2_Var-2.2021_10_27-02:37:49_PM
104,LTDZ1,MOEAD,2500,3,3,203.6291561126709,100,342.4162462340039,0.006671905517578125,[4. 4. 4.],[0 0 0],[1 1 1],/home/582/ow6835/MOOP/Result/LTDZ1/MOEAD_LTDZ1/LTDZ1_MOEAD_Iteration-2500_Obj-3_Var-3.2021_10_27-02:38:12_PM
105,ZDT3,MOEAD,2500,2,10,181.95907187461853,100,18.358651548643856,0.002009153366088867,[4. 4.],[0. 0. 0. 0. 0. 0. 0. 0. 0. 0.],[1. 1. 1. 1. 1. 1. 1. 1. 1. 1.],/home/582/ow6835/MOOP/Result/ZDT3/MOEAD_ZDT3/ZDT3_MOEAD_Iteration-2500_Obj-2_Var-10.2021_10_27-02:38:15_PM
106,VU1,NSGA2,25000,2,2,273.6712489128113,200,10.596586613901168,0.001527547836303711,[4. 4.],[-3 -3],[3 3],/home/582/ow6835/MOOP/Result/VU1/NSGA2_VU1/VU1_NSGA2_Iteration-25000_Obj-2_Var-2.2021_10_27-02:39:21_PM
107,ZDT1,NSGA2,25000,2,10,269.5155577659607,200,15.66397470077508,0.0028243064880371094,[4. 4.],[0. 0. 0. 0. 0. 0. 0. 0. 0. 0.],[1. 1. 1. 1. 1. 1. 1. 1. 1. 1.],/home/582/ow6835/MOOP/Result/ZDT1/NSGA2_ZDT1/ZDT1_NSGA2_Iteration-25000_Obj-2_Var-10.2021_10_27-02:39:41_PM
108,LTDZ1,NSGA3,25000,3,3,338.42334961891174,100,342.416246433571,0.007140398025512695,[4. 4. 4.],[0 0 0],[1 1 1],/home/582/ow6835/MOOP/Result/LTDZ1/NSGA3_LTDZ1/LTDZ1_NSGA3_Iteration-25000_Obj-3_Var-3.2021_10_27-02:39:49_PM
109,VU2,NSGA3,25000,2,2,375.4634630680084,100,89.86212468262633,0.0007784366607666016,[4. 4.],[-3 -3],[3 3],/home/582/ow6835/MOOP/Result/VU2/NSGA3_VU2/VU2_NSGA3_Iteration-25000_Obj-2_Var-2.2021_10_27-02:40:48_PM
110,TKLY1,AGNOMEN,250,2,4,6.17084527015686,100,8.831698645043213,0.0008280277252197266,[4. 4.],[0.1 0.  0.  0. ],[1 1 1 1],/home/582/ow6835/MOOP/Result/TKLY1/AGNOMEN_TKLY1/TKLY1_AGNOMEN_Iteration-250_Obj-2_Var-4.2021_10_27-02:41:41_PM
111,VU1,AGNOMEN,250,2,2,7.670477151870727,100,10.579455702327472,0.0008809566497802734,[4. 4.],[-3 -3],[3 3],/home/582/ow6835/MOOP/Result/VU1/AGNOMEN_VU1/VU1_AGNOMEN_Iteration-250_Obj-2_Var-2.2021_10_27-02:41:42_PM
112,ZDT1,RNSGA2,250,2,20,4.9949281215667725,200,15.654478266125736,0.0030670166015625,[4. 4.],[0. 0. 0. 0. 0. 0. 0. 0. 0. 0. 0. 0. 0. 0. 0. 0. 0. 0. 0. 0.],[1. 1. 1. 1. 1. 1. 1. 1. 1. 1. 1. 1. 1. 1. 1. 1. 1. 1. 1. 1.],/home/582/ow6835/MOOP/Result/ZDT1/RNSGA2_ZDT1/ZDT1_RNSGA2_Iteration-250_Obj-2_Var-20.2021_10_27-02:43:18_PM
113,ZDT1,AGNOMEN,2500,2,20,62.07042336463928,100,15.66067165292152,0.0007216930389404297,[4. 4.],[0. 0. 0. 0. 0. 0. 0. 0. 0. 0. 0. 0. 0. 0. 0. 0. 0. 0. 0. 0.],[1. 1. 1. 1. 1. 1. 1. 1. 1. 1. 1. 1. 1. 1. 1. 1. 1. 1. 1. 1.],/home/582/ow6835/MOOP/Result/ZDT1/AGNOMEN_ZDT1/ZDT1_AGNOMEN_Iteration-2500_Obj-2_Var-20.2021_10_27-02:43:20_PM
114,ZDT2,AGNOMEN,25000,2,20,572.2577214241028,100,15.32757159913264,0.0018305778503417969,[4. 4.],[0. 0. 0. 0. 0. 0. 0. 0. 0. 0. 0. 0. 0. 0. 0. 0. 0. 0. 0. 0.],[1. 1. 1. 1. 1. 1. 1. 1. 1. 1. 1. 1. 1. 1. 1. 1. 1. 1. 1. 1.],/home/582/ow6835/MOOP/Result/ZDT2/AGNOMEN_ZDT2/ZDT2_AGNOMEN_Iteration-25000_Obj-2_Var-20.2021_10_27-02:43:52_PM
115,LTDZ1,AGNOMEN,2500,3,3,97.45038199424744,100,342.41107437876957,0.007829427719116211,[4. 4. 4.],[0 0 0],[1 1 1],/home/582/ow6835/MOOP/Result/LTDZ1/AGNOMEN_LTDZ1/LTDZ1_AGNOMEN_Iteration-2500_Obj-3_Var-3.2021_10_27-02:43:56_PM
116,ZDT1,RNSGA2,25000,2,20,559.4146356582642,200,15.660144495375603,0.005144834518432617,[4. 4.],[0. 0. 0. 0. 0. 0. 0. 0. 0. 0. 0. 0. 0. 0. 0. 0. 0. 0. 0. 0.],[1. 1. 1. 1. 1. 1. 1. 1. 1. 1. 1. 1. 1. 1. 1. 1. 1. 1. 1. 1.],/home/582/ow6835/MOOP/Result/ZDT1/RNSGA2_ZDT1/ZDT1_RNSGA2_Iteration-25000_Obj-2_Var-20.2021_10_27-02:44:47_PM
117,TKLY1,AGNOMEN,25000,2,4,614.9947810173035,100,8.832375147170989,0.0005469322204589844,[4. 4.],[0.1 0.  0.  0. ],[1 1 1 1],/home/582/ow6835/MOOP/Result/TKLY1/AGNOMEN_TKLY1/TKLY1_AGNOMEN_Iteration-25000_Obj-2_Var-4.2021_10_27-02:44:57_PM
118,LTDZ1,RNSGA2,25000,3,3,662.7465529441833,200,295.4574222400394,0.01192927360534668,[4. 4. 4.],[0 0 0],[1 1 1],/home/582/ow6835/MOOP/Result/LTDZ1/RNSGA2_LTDZ1/LTDZ1_RNSGA2_Iteration-25000_Obj-3_Var-3.2021_10_27-02:45:14_PM
119,VU2,RNSGA2,25000,2,2,591.7882616519928,200,85.96853844463442,0.0018224716186523438,[4. 4.],[-3 -3],[3 3],/home/582/ow6835/MOOP/Result/VU2/RNSGA2_VU2/VU2_RNSGA2_Iteration-25000_Obj-2_Var-2.2021_10_27-02:45:20_PM
120,ZDT2,RNSGA2,25000,2,10,666.5720527172089,200,15.328629622114601,0.002651214599609375,[4. 4.],[0. 0. 0. 0. 0. 0. 0. 0. 0. 0.],[1. 1. 1. 1. 1. 1. 1. 1. 1. 1.],/home/582/ow6835/MOOP/Result/ZDT2/RNSGA2_ZDT2/ZDT2_RNSGA2_Iteration-25000_Obj-2_Var-10.2021_10_27-02:45:28_PM
121,ZDT1,MOEAD,2500,2,20,190.03012657165527,100,15.661558616441125,0.0014903545379638672,[4. 4.],[0. 0. 0. 0. 0. 0. 0. 0. 0. 0. 0. 0. 0. 0. 0. 0. 0. 0. 0. 0.],[1. 1. 1. 1. 1. 1. 1. 1. 1. 1. 1. 1. 1. 1. 1. 1. 1. 1. 1. 1.],/home/582/ow6835/MOOP/Result/ZDT1/MOEAD_ZDT1/ZDT1_MOEAD_Iteration-2500_Obj-2_Var-20.2021_10_27-02:45:30_PM
122,VU1,AGNOMEN,25000,2,2,732.4525420665741,100,10.580009322563715,0.0009975433349609375,[4. 4.],[-3 -3],[3 3],/home/582/ow6835/MOOP/Result/VU1/AGNOMEN_VU1/VU1_AGNOMEN_Iteration-25000_Obj-2_Var-2.2021_10_27-02:46:44_PM
123,VU2,AGNOMEN,25000,2,2,835.0520443916321,100,89.840497815937,0.0016689300537109375,[4. 4.],[-3 -3],[3 3],/home/582/ow6835/MOOP/Result/VU2/AGNOMEN_VU2/VU2_AGNOMEN_Iteration-25000_Obj-2_Var-2.2021_10_27-02:48:26_PM
124,ZDT3,RNSGA2,25000,2,10,531.0148162841797,200,18.33840958911074,0.003287076950073242,[4. 4.],[0. 0. 0. 0. 0. 0. 0. 0. 0. 0.],[1. 1. 1. 1. 1. 1. 1. 1. 1. 1.],/home/582/ow6835/MOOP/Result/ZDT3/RNSGA2_ZDT3/ZDT3_RNSGA2_Iteration-25000_Obj-2_Var-10.2021_10_27-02:50:42_PM
125,ZDT2,MOEAD,25000,2,10,1816.4260370731356,100,15.328493664645782,0.0015494823455810547,[4. 4.],[0. 0. 0. 0. 0. 0. 0. 0. 0. 0.],[1. 1. 1. 1. 1. 1. 1. 1. 1. 1.],/home/582/ow6835/MOOP/Result/ZDT2/MOEAD_ZDT2/ZDT2_MOEAD_Iteration-25000_Obj-2_Var-10.2021_10_27-02:54:09_PM
126,VU1,MOEAD,25000,2,2,1830.1925163269043,100,10.59821439073736,0.0035321712493896484,[4. 4.],[-3 -3],[3 3],/home/582/ow6835/MOOP/Result/VU1/MOEAD_VU1/VU1_MOEAD_Iteration-25000_Obj-2_Var-2.2021_10_27-02:54:11_PM
127,ZDT1,MOEAD,25000,2,10,1810.117122173309,100,15.661560610125772,0.0012881755828857422,[4. 4.],[0. 0. 0. 0. 0. 0. 0. 0. 0. 0.],[1. 1. 1. 1. 1. 1. 1. 1. 1. 1.],/home/582/ow6835/MOOP/Result/ZDT1/MOEAD_ZDT1/ZDT1_MOEAD_Iteration-25000_Obj-2_Var-10.2021_10_27-02:54:13_PM
128,LTDZ1,AGNOMEN,25000,3,3,957.7014925479888,100,342.409761133827,0.00616908073425293,[4. 4. 4.],[0 0 0],[1 1 1],/home/582/ow6835/MOOP/Result/LTDZ1/AGNOMEN_LTDZ1/LTDZ1_AGNOMEN_Iteration-25000_Obj-3_Var-3.2021_10_27-02:58:16_PM
129,TKLY1,MOEAD,25000,2,4,1789.8692989349363,100,7.628558799816875,0.0006961822509765625,[4. 4.],[0.1 0.  0.  0. ],[1 1 1 1],/home/582/ow6835/MOOP/Result/TKLY1/MOEAD_TKLY1/TKLY1_MOEAD_Iteration-25000_Obj-2_Var-4.2021_10_27-03:04:35_PM
130,ZDT3,MOEAD,25000,2,10,1821.2040202617643,100,18.358653322619276,0.0010676383972167969,[4. 4.],[0. 0. 0. 0. 0. 0. 0. 0. 0. 0.],[1. 1. 1. 1. 1. 1. 1. 1. 1. 1.],/home/582/ow6835/MOOP/Result/ZDT3/MOEAD_ZDT3/ZDT3_MOEAD_Iteration-25000_Obj-2_Var-10.2021_10_27-03:04:42_PM
131,ZDT2,MOEAD,25000,2,20,1823.9979276657104,100,15.32810288029188,0.001279592514038086,[4. 4.],[0. 0. 0. 0. 0. 0. 0. 0. 0. 0. 0. 0. 0. 0. 0. 0. 0. 0. 0. 0.],[1. 1. 1. 1. 1. 1. 1. 1. 1. 1. 1. 1. 1. 1. 1. 1. 1. 1. 1. 1.],/home/582/ow6835/MOOP/Result/ZDT2/MOEAD_ZDT2/ZDT2_MOEAD_Iteration-25000_Obj-2_Var-20.2021_10_27-03:04:45_PM
132,VU2,MOEAD,25000,2,2,1790.8757526874542,100,89.80483282074483,0.001272439956665039,[4. 4.],[-3 -3],[3 3],/home/582/ow6835/MOOP/Result/VU2/MOEAD_VU2/VU2_MOEAD_Iteration-25000_Obj-2_Var-2.2021_10_27-03:05:19_PM
133,ZDT1,MOEAD,25000,2,20,1920.6511454582212,100,15.661208181355804,0.0011219978332519531,[4. 4.],[0. 0. 0. 0. 0. 0. 0. 0. 0. 0. 0. 0. 0. 0. 0. 0. 0. 0. 0. 0.],[1. 1. 1. 1. 1. 1. 1. 1. 1. 1. 1. 1. 1. 1. 1. 1. 1. 1. 1. 1.],/home/582/ow6835/MOOP/Result/ZDT1/MOEAD_ZDT1/ZDT1_MOEAD_Iteration-25000_Obj-2_Var-20.2021_10_27-03:06:08_PM
134,LTDZ1,MOEAD,25000,3,3,2023.643280506134,100,342.4162465672341,0.006956338882446289,[4. 4. 4.],[0 0 0],[1 1 1],/home/582/ow6835/MOOP/Result/LTDZ1/MOEAD_LTDZ1/LTDZ1_MOEAD_Iteration-25000_Obj-3_Var-3.2021_10_27-03:08:32_PM
