[[ 1.95631879e+00  6.85326412e+00]
 [-1.06763454e+01  6.98401115e+00]
 [-1.67627677e+01 -6.63930794e-01]
 [-1.60277850e+01 -2.34228627e+00]
 [ 6.77692234e+00 -1.03714909e+01]
 [-1.63146905e+01  3.71932831e+00]
 [-9.89459223e+00 -7.47484536e+00]
 [-2.26198471e+00  3.73144639e+00]
 [-5.96884394e-02 -1.66210987e+01]
 [-1.03106785e+01 -1.40529881e+01]
 [-1.33686190e+01  1.41445181e+00]
 [ 1.65244940e+00  1.73743535e+00]
 [-4.36149580e+00 -3.53642081e+00]
 [-1.36537030e+01 -3.68761097e+00]
 [ 1.68892140e+00 -1.73368290e-01]
 [-1.07885236e+01  5.34446273e+00]
 [ 4.47687708e-01  2.52678182e+00]
 [-2.54162677e+00 -1.46286357e+01]
 [-6.36584893e-01 -1.18940697e+01]
 [-1.03259918e+01  6.09725192e+00]
 [ 4.83475139e+00 -3.81547895e+00]
 [ 6.44059984e+00 -1.15923914e+01]
 [ 5.10918357e+00 -1.60173475e+01]
 [-1.08127695e+01  3.92175264e+00]
 [ 2.65738750e+00 -5.59905386e+00]
 [ 1.32092138e+00  5.24679566e+00]
 [-1.11228426e+01 -9.08889351e+00]
 [-1.02276828e+01 -1.39709910e+01]
 [-3.18711493e+00 -8.62882274e+00]
 [-8.06996038e+00 -1.19609485e+01]
 [-1.02717609e+01  6.57785891e-01]
 [ 5.38497169e+00  3.17836721e-01]
 [-1.97223574e+00 -9.84319702e+00]
 [-1.21967791e+01 -9.04922554e+00]
 [-1.51823931e+01  1.91559508e+00]
 [-1.17855001e+00 -1.36471360e+01]
 [ 2.29994423e+00 -8.57412901e+00]
 [ 4.30566261e+00 -1.12323563e+01]
 [ 2.89006262e+00 -1.65690305e+01]
 [-8.85077665e+00  2.36970712e+00]
 [ 2.93210056e+00 -3.07657375e-01]
 [-1.40761305e+01  5.65713087e+00]
 [ 3.58597611e-01 -1.20646894e+01]
 [-1.35998345e+01 -1.19394825e+01]
 [-3.00630539e+00  5.76718195e-02]
 [-1.22957645e+01  1.14015507e+00]
 [-1.47078133e+01 -7.55750550e+00]
 [ 6.84038648e-01 -9.09159651e-01]
 [-5.61976450e+00  6.60197625e+00]
 [-5.87910012e+00 -4.70814475e+00]
 [ 9.30060997e-01 -1.92637130e+00]
 [ 5.98350820e+00 -6.87592696e+00]
 [-9.21945559e+00  6.37274658e+00]
 [-2.25089011e+00 -1.15653678e+01]
 [-3.66649120e+00 -7.62847581e-02]
 [ 5.07569883e+00 -6.94261767e+00]
 [-8.34254736e+00 -8.38472589e+00]
 [-1.48684885e+01 -1.68264456e+01]
 [-1.29396874e+00  1.55099304e+00]
 [ 5.73095316e-01 -5.07939163e+00]
 [-1.50016952e+01 -7.54442935e+00]
 [-8.07297823e+00 -1.41352808e+01]
 [-9.00629311e+00  1.81374658e+00]
 [-9.19326882e+00 -1.68066510e+01]
 [ 1.80882376e+00 -4.04637177e-01]
 [-2.23398841e-01 -1.28472966e+00]
 [-5.01166304e+00 -1.30932795e+01]
 [ 4.94870842e+00 -1.41332105e-01]
 [ 2.05247854e+00 -8.68016981e+00]
 [-1.66257191e+01  1.60513085e+00]
 [ 5.89349459e-01  4.60201609e+00]
 [-9.79435663e+00 -9.07144621e+00]
 [ 6.90404235e+00 -7.24737585e-01]
 [-7.72851121e+00  4.91957890e+00]
 [-1.64854353e+01 -1.22262554e+01]
 [-1.12886065e+01 -1.07458571e+01]
 [ 4.42971345e+00 -1.57473689e+01]
 [-6.62134783e+00 -6.48339952e+00]
 [ 3.10948397e+00 -1.41591826e+01]
 [ 3.71402024e+00 -1.18168356e+00]
 [-1.68086873e+01 -6.04803238e+00]
 [-3.26622959e+00 -1.16396451e+01]
 [ 1.75942789e-01 -1.63137704e+01]
 [-1.09332544e+01  2.44432017e-01]
 [-1.29281718e+01  2.11059553e+00]
 [ 5.34367956e+00 -1.15057249e+01]
 [-2.91126528e+00 -3.32225314e+00]
 [-1.03229849e+01  1.18964792e+00]
 [ 6.89664021e+00 -1.02498644e+01]
 [ 2.77128379e+00  4.46313492e+00]
 [-8.25998622e+00  4.70268721e+00]
 [-1.31410918e+01 -1.11642858e+01]
 [ 7.79534916e-01  4.09136661e-01]
 [-3.59448825e+00 -1.11626372e+01]
 [-3.95998622e+00 -1.17818284e+01]
 [-1.52368067e+00 -7.14759608e+00]
 [-1.38915554e+01 -1.04279281e+01]
 [ 4.41416174e+00 -6.46002723e+00]
 [-1.30856900e+01  1.79062891e+00]
 [-1.18130396e-01 -5.94039441e+00]
 [-1.35961124e+01 -1.64752358e+01]
 [ 5.13784879e-01 -7.69525232e+00]
 [-1.20099581e+01  5.74250792e+00]
 [-2.80202147e+00 -3.27902971e+00]
 [-1.06462674e+00 -4.49853452e+00]
 [-1.26723230e+01 -7.96200680e+00]
 [-3.17835731e+00  3.31449280e+00]
 [-5.18850254e+00  6.85100103e+00]
 [ 4.76905113e+00 -5.51113429e+00]
 [ 4.84950025e+00 -5.19052312e+00]
 [-7.00309570e-01  5.04168816e+00]
 [-8.13845017e+00 -4.27861676e+00]
 [-1.51801839e+01 -1.07600380e+01]
 [-1.19730379e+01  6.91616644e+00]
 [ 2.23595864e+00 -6.86614631e+00]
 [-1.39499247e+01 -2.30795486e+00]
 [ 3.66472546e+00  9.77551052e-01]
 [ 4.62182604e+00  8.38811789e-02]
 [-3.60052621e+00 -1.50304042e+01]
 [-1.07571637e+01 -7.16169385e+00]
 [ 1.07756441e+00  4.61836373e+00]
 [-1.84877171e+00 -1.41826637e+01]
 [ 5.17307090e+00  3.78374615e+00]
 [-1.31187260e+01 -1.15985513e+01]
 [-7.25364668e+00 -7.86423083e+00]
 [-9.00042515e+00 -1.02834388e+01]
 [-1.50236882e+01  6.00730650e+00]
 [-1.36649041e+01 -1.15813077e+01]
 [-1.90474971e+00 -7.61853679e-01]
 [-1.19923628e+01  1.37312671e+00]
 [-1.34321924e+01 -6.17641543e+00]
 [-1.08385546e+01 -1.13417234e+01]
 [-1.66999500e+01 -1.19711857e+01]
 [ 6.17843590e+00 -9.53532180e+00]
 [ 1.33056547e+00 -7.45069010e+00]
 [-7.49244500e+00 -2.58871654e+00]
 [ 1.28042420e+00  4.60542789e+00]
 [-9.67206814e+00 -1.94184016e+00]
 [-9.07742166e+00  4.35743606e+00]
 [-6.69724980e+00  1.73586494e+00]
 [-4.54307832e+00 -1.02473591e+01]
 [-8.54604574e+00 -2.72546459e+00]
 [-3.14612329e+00 -1.65547120e+00]
 [-4.87958145e+00 -1.23822427e+00]
 [ 2.68937857e+00  1.33492816e+00]
 [-1.60777181e+01 -1.44884974e+01]
 [ 4.01711085e+00 -8.72490934e+00]
 [-1.09588532e+01 -1.65872813e+01]
 [-1.42524922e+01  6.05477572e+00]
 [-7.30836363e-01  7.60957924e-01]
 [-5.19398054e+00  2.41361844e+00]
 [ 6.08340683e+00  4.45915936e+00]
 [ 4.02481113e+00 -1.64441144e+01]
 [-7.99561928e+00 -6.00892990e+00]
 [-1.18097225e+01  3.10671069e+00]
 [-9.45071757e-01 -1.27181153e+01]
 [ 2.50963799e+00  1.68394073e+00]
 [-9.92548674e+00 -2.20845349e+00]
 [ 4.88378151e+00  4.57127233e+00]
 [-2.42220290e+00 -8.01671853e+00]
 [ 2.54538231e+00 -1.40221877e+01]
 [-1.98512107e+00 -6.58290793e+00]
 [-2.36500857e-02 -1.57450179e+01]
 [-4.92684947e+00 -3.22885641e+00]
 [-4.80409373e+00 -2.71467399e+00]
 [-2.76962364e+00 -1.92146968e+00]
 [ 2.78307816e+00 -6.16305273e+00]
 [-1.17520633e+01 -6.27161427e+00]
 [ 1.48895400e+00 -4.45488845e+00]
 [ 3.96422840e+00  4.31441424e+00]
 [ 7.01001327e-01  5.24250415e+00]
 [-1.38300665e+01 -5.59906847e+00]
 [ 4.82598316e+00  2.48512340e+00]
 [-3.79573888e+00 -1.95718109e+00]
 [-1.15952719e+01  2.88490624e+00]
 [-9.14173824e+00 -1.03084447e+01]
 [ 2.22464228e+00 -3.43400583e+00]
 [-1.02734230e+01  3.61455615e+00]
 [-4.14140309e+00 -4.77638937e+00]
 [-3.91638952e+00  6.50944269e+00]
 [-2.20282536e+00  4.20736268e+00]
 [ 6.18867613e-01  4.00139208e+00]
 [ 5.44238509e+00 -1.11221771e+01]
 [ 6.03895890e+00 -8.88995670e+00]
 [-1.82195439e+00 -1.00748472e+01]
 [-9.01716513e+00 -1.57725670e+01]
 [-7.73501290e+00 -9.96277349e+00]
 [-1.62610947e+01 -4.75771897e+00]
 [ 6.22516426e+00  3.78530173e+00]
 [-1.35313048e+01 -8.28645296e+00]
 [-3.98325385e+00 -8.61636123e+00]
 [-1.63494037e+01 -1.46605949e+01]
 [-4.15814450e+00 -1.06423161e+01]
 [-3.22738152e+00  1.88484791e+00]
 [ 6.45979530e+00 -1.54349397e+01]
 [-3.53013737e+00 -1.46616413e+01]
 [-1.75945058e-01  2.04723224e+00]
 [-3.45730455e+00 -1.55540039e+01]
 [-6.56631159e+00 -1.19787706e+01]
 [-1.65396722e+01  3.43450295e+00]
 [ 3.42737682e-01 -4.58587284e+00]
 [-4.24374471e+00 -1.43055236e+01]
 [-1.47393409e+01 -6.19507481e+00]
 [ 2.03181827e+00  2.26309363e+00]
 [ 2.96456324e+00 -1.29928638e+01]
 [ 4.36500832e+00 -2.17243921e+00]
 [-9.62573446e-01  4.91895367e+00]
 [ 2.14817400e+00 -9.68691148e+00]
 [ 4.59267245e-02  5.18392418e+00]
 [-1.02377975e+01 -6.13778310e-02]
 [-1.67460021e+01 -7.47243527e+00]
 [ 5.85517199e+00  3.36238734e+00]
 [-6.52179279e-01 -1.59909621e+01]
 [-1.41097637e+01 -1.15754232e+01]
 [ 6.99868027e+00 -4.19756342e+00]
 [-6.07556998e+00 -1.38685895e+01]
 [-2.82127256e+00 -7.04832312e+00]
 [-8.70970041e+00 -1.22481292e+01]
 [-3.37218706e+00 -1.92126626e+00]
 [-1.11328114e+01 -1.09109439e+01]
 [ 7.29888628e-01 -6.70733127e+00]
 [-1.24291772e+01  6.23639746e+00]
 [ 6.47929080e+00 -1.76534472e+00]
 [ 3.31110391e+00 -1.51919058e+01]
 [ 2.27591028e+00 -1.51398705e+01]
 [-1.38110454e+01 -5.39972498e+00]
 [ 3.65769855e+00 -2.93945222e+00]
 [-3.24103589e+00 -7.53324176e+00]
 [-1.29569617e+01  4.46582863e+00]
 [-1.60887887e+01 -1.09269284e+01]
 [-1.26751249e+00 -1.55744109e+01]
 [-1.17849669e+01 -1.57966997e+01]
 [-1.51480409e+01  5.60682120e+00]
 [-5.85082971e+00  2.20570213e+00]
 [-1.56902561e+01  4.10516053e-01]
 [-5.30985103e+00 -6.01269437e+00]
 [ 5.81636111e+00  4.76012498e-02]
 [-5.17735974e+00 -9.84149616e+00]
 [ 6.12653748e+00 -1.33140642e+01]
 [-9.47708998e+00 -6.46241327e+00]
 [-1.45661860e+01 -1.63506521e+00]
 [-9.68902561e+00 -1.19552818e+01]
 [ 5.61588484e+00 -9.23022636e+00]
 [ 3.20856124e+00 -2.86585807e+00]
 [-1.12644818e+01 -1.23670771e+01]
 [-3.71808161e+00 -8.26785034e+00]
 [-4.35207319e+00 -7.97020146e+00]
 [-2.78082964e+00  3.05207487e+00]
 [-1.51912782e+01  5.97310295e+00]
 [-5.54408197e+00 -1.63116433e+01]
 [-7.59375680e+00  1.20342004e+00]
 [-6.88861294e+00 -1.45899549e+01]
 [-1.16991943e+01 -1.40351563e+01]
 [-5.68947654e+00  2.06213988e+00]
 [-8.22274179e+00  1.90736841e+00]
 [ 5.39774997e+00  6.59958414e+00]
 [ 9.72407814e-01 -1.48458018e+01]
 [ 6.69953546e-01 -1.64325401e+01]
 [-7.24678410e+00 -3.70987662e+00]
 [ 3.96491814e+00 -9.31469585e+00]
 [ 1.87104422e+00  5.70726376e+00]
 [-1.31034831e+01 -9.14521937e+00]
 [-9.46743723e+00  5.01148505e+00]
 [-8.47365665e+00 -1.62496433e+01]
 [-3.11358730e+00 -1.34341259e+01]
 [ 6.91328401e+00  6.55966469e+00]
 [-1.32933537e+01 -1.42316873e+01]
 [-3.32208087e+00  4.14709555e+00]
 [-3.30184507e+00 -1.60848392e+01]
 [-6.58521374e+00 -1.95077986e+00]
 [ 2.54654128e+00 -1.14741823e+01]
 [ 5.99608982e+00 -3.27470747e-01]
 [ 5.83876366e+00 -1.37287382e+01]
 [ 1.16333750e+00 -1.52301217e+00]
 [-2.64097986e+00 -1.49229445e+01]
 [-1.11415737e+01 -9.19268952e+00]
 [-6.68882072e+00 -8.63496377e+00]
 [-1.33755816e+01 -5.23194420e+00]
 [-1.54731406e+01  1.73091135e+00]
 [-8.23534238e+00 -1.51639023e+01]
 [-1.20809377e+01 -9.81881830e+00]
 [ 4.53598443e+00 -1.49631698e+01]
 [-6.91737470e+00 -1.33007444e+00]
 [-1.09831484e+01 -9.77175863e+00]
 [-9.05531677e+00  2.14168411e+00]
 [-7.87021929e+00 -1.56508450e+01]
 [ 5.36372976e+00 -1.56930465e+01]
 [-1.19483617e+01 -6.79519914e+00]
 [-1.04885197e+01  5.36257179e+00]
 [-8.23479318e+00  2.03363068e+00]
 [ 2.78963084e+00 -5.36106506e+00]
 [-1.48134288e+01  4.92090710e+00]
 [-8.86095851e+00  6.05447718e+00]
 [-6.01869237e+00 -1.63665716e+01]
 [-1.61004413e+01 -1.41142965e+01]
 [-1.90343402e+00 -1.10350710e+01]
 [-8.93834335e+00  9.57240702e-02]
 [ 2.08313040e+00  5.61921130e+00]
 [ 3.69466220e+00 -7.43215380e+00]
 [-1.14135006e-02  3.88666519e+00]]
