[[-0.43990046 -0.34880826]
 [-0.3807253  -0.73522835]
 [-0.57532538 -0.45539644]
 [-0.06105732 -0.68403355]
 [-0.14289547 -0.38109013]
 [-0.43758729 -0.32955024]
 [-0.29764251 -0.05680917]
 [-0.6423294  -0.48759758]
 [-0.69377963 -0.85167538]
 [-0.88991164 -0.96347816]
 [-0.21314458 -0.13412474]
 [-0.00105877 -0.84845639]
 [-0.90752368 -0.32556616]
 [-0.98383158 -0.16622142]
 [-0.55060721 -0.99677826]
 [-0.56054203 -0.1300265 ]
 [-0.01457556 -0.52028465]
 [-0.47673396 -0.67805522]
 [-0.66840577 -0.02062999]
 [-0.93855283 -0.18395516]
 [-0.09373282 -0.14307503]
 [-0.58721124 -0.48289823]
 [-0.55256923 -0.30188812]
 [-0.97713804 -0.95619657]
 [-0.78266162 -0.36478798]
 [-0.89268722 -0.14800196]
 [-0.97743869 -0.40958506]
 [-0.68665747 -0.16524158]
 [-0.22094473 -0.27654777]
 [-0.5275309  -0.75687918]
 [-0.58449238 -0.6303384 ]
 [-0.60698546 -0.69214807]
 [-0.61891708 -0.63470129]
 [-0.75776102 -0.29376228]
 [-0.89223652 -0.01873422]
 [-0.03223301 -0.08139659]
 [-0.6596312  -0.41537169]
 [-0.58004527 -0.01333609]
 [-0.49931857 -0.35396234]
 [-0.84710938 -0.42739719]
 [-0.13346338 -0.30186691]
 [-0.29244613 -0.80766043]
 [-0.56373192 -0.22321951]
 [-0.15991506 -0.67328348]
 [-0.24737313 -0.01322598]
 [-0.31049647 -0.86050002]
 [-0.6701465  -0.66722501]
 [-0.34948076 -0.0611554 ]
 [-0.54574109 -0.61073127]
 [-0.69366727 -0.79060318]
 [-0.39001044 -0.33411224]
 [-0.84674956 -0.56936309]
 [-0.21756155 -0.52203607]
 [-0.32019512 -0.8164835 ]
 [-0.05907732 -0.36058676]
 [-0.46484816 -0.72408996]
 [-0.92922575 -0.99118364]
 [-0.10927018 -0.38986519]
 [-0.22904613 -0.43373257]
 [-0.57638308 -0.13997437]
 [-0.23869744 -0.18409557]
 [-0.66769199 -0.77239682]
 [-0.90109145 -0.69071466]
 [-0.4066422  -0.68089842]
 [-0.87336983 -0.50827911]
 [-0.78486332 -0.98628529]
 [-0.46536934 -0.26170375]
 [-0.03954855 -0.03757823]
 [-0.37984315 -0.84909431]
 [-0.22184059 -0.86762415]
 [-0.86647992 -0.94850812]
 [-0.18008936 -0.04122424]
 [-0.58284069 -0.95216667]
 [-0.97719793 -0.49832457]
 [-0.62069091 -0.4879174 ]
 [-0.52201113 -0.70146034]
 [-0.68289196 -0.73170749]
 [-0.23917599 -0.11595934]
 [-0.50907537 -0.01589075]
 [-0.39156817 -0.65403245]
 [-0.33456262 -0.62998434]
 [-0.34391469 -0.13282018]
 [-0.19987961 -0.34345191]
 [-0.08095293 -0.44700814]
 [-0.13893274 -0.7316918 ]
 [-0.30160365 -0.318005  ]
 [-0.37725698 -0.40077529]
 [-0.91867369 -0.30683443]
 [-0.4597426  -0.96416568]
 [-0.46527601 -0.31871844]
 [-0.84512476 -0.1531174 ]
 [-0.9281063  -0.16738042]
 [-0.47866862 -0.14074056]
 [-0.50111646 -0.18022845]
 [-0.47670398 -0.67803186]
 [-0.87002194 -0.2622897 ]
 [-0.10405691 -0.64893551]
 [-0.58945755 -0.44969047]
 [-0.30469451 -0.54534277]
 [-0.69373242 -0.85438703]
 [-0.64649648 -0.92792825]
 [-0.25806293 -0.9009626 ]
 [-0.84534243 -0.26685583]
 [-0.79969221 -0.53861946]
 [-0.15439927 -0.53159817]
 [-0.7749186  -0.50386189]
 [-0.09326205 -0.01632457]
 [-0.89076377 -0.93796132]
 [-0.99742452 -0.1697869 ]
 [-0.7485342  -0.10340816]
 [-0.59565679 -0.08738222]
 [-0.18655515 -0.82147927]
 [-0.19362608 -0.70904394]
 [-0.05353253 -0.74853992]
 [-0.09291834 -0.66951259]
 [-0.39020408 -0.4555181 ]
 [-0.59701161 -0.83341648]
 [-0.15434976 -0.58441173]
 [-0.63966005 -0.69542342]
 [-0.21637255 -0.09878128]
 [-0.93469917 -0.53034275]
 [-0.77500344 -0.71235921]
 [-0.81988035 -0.00262683]
 [-0.645943   -0.01183925]
 [-0.74079276 -0.00701126]
 [-0.65627362 -0.453747  ]
 [-0.64550992 -0.66841049]
 [-0.32177058 -0.62273272]
 [-0.81620441 -0.74640814]
 [-0.56243297 -0.93311093]
 [-0.06373536 -0.93167513]
 [-0.81548762 -0.39459335]
 [-0.17512314 -0.55700007]
 [-0.90711672 -0.57197978]
 [-0.81315141 -0.69578965]
 [-0.45079174 -0.76808834]
 [-0.52720991 -0.77960557]
 [-0.13073012 -0.50966731]
 [-0.01741019 -0.92138841]
 [-0.91815881 -0.98616071]
 [-0.84818966 -0.67291808]
 [-0.33853127 -0.53797129]
 [-0.76531806 -0.0478095 ]
 [-0.5473735  -0.08362401]
 [-0.33310679 -0.29854128]
 [-0.69810576 -0.71187231]
 [-0.72662231 -0.9738151 ]
 [-0.64370479 -0.99788424]
 [-0.5573286  -0.10380274]
 [-0.13243289 -0.38952342]
 [-0.72618963 -0.92333113]
 [-0.16259781 -0.48632664]
 [-0.71557138 -0.43938201]
 [-0.49261221 -0.48120756]
 [-0.68450222 -0.55417528]
 [-0.6420347  -0.31559785]
 [-0.70207247 -0.51309301]
 [-0.71369735 -0.79908293]
 [-0.67376539 -0.01816708]
 [-0.45996024 -0.59879377]
 [-0.76429181 -0.87375485]
 [-0.51089036 -0.30075253]
 [-0.80782736 -0.96282507]
 [-0.35839382 -0.50941927]
 [-0.61912383 -0.82567246]
 [-0.36977586 -0.06083637]
 [-0.98462815 -0.33753891]
 [-0.36241703 -0.82597505]
 [-0.30896749 -0.77176745]
 [-0.98006309 -0.70701936]
 [-0.45970381 -0.47030608]
 [-0.42118077 -0.50502497]
 [-0.53108615 -0.03507698]
 [-0.38401315 -0.64837751]
 [-0.89091202 -0.26409586]
 [-0.8532422  -0.23326311]
 [-0.50785885 -0.33294613]
 [-0.75351818 -0.56495608]
 [-0.23330915 -0.20955168]
 [-0.44900603 -0.20028481]
 [-0.78862939 -0.72130299]
 [-0.65727337 -0.35531845]
 [-0.15195492 -0.93810009]
 [-0.55120988 -0.04953874]
 [-0.7860321  -0.63270587]
 [-0.0069363  -0.02419716]
 [-0.37775317 -0.60196213]
 [-0.10577065 -0.77397285]
 [-0.09106099 -0.20561513]
 [-0.28355856 -0.72249918]
 [-0.44003132 -0.73952256]
 [-0.74315381 -0.3178599 ]
 [-0.72276564 -0.75674769]
 [-0.88560268 -0.53580826]
 [-0.70942392 -0.28690725]
 [-0.95568572 -0.19212469]
 [-0.93476749 -0.73331598]
 [-0.04894373 -0.69021638]
 [-0.86380459 -0.21674986]
 [-0.19797508 -0.43222747]
 [-0.27926477 -0.94604777]
 [-0.09443057 -0.73495402]
 [-0.27825083 -0.63988984]
 [-0.51711486 -0.41736808]
 [-0.7150027  -0.26276969]
 [-0.49177663 -0.15737254]
 [-0.81079765 -0.6019744 ]
 [-0.13134607 -0.17162252]
 [-0.9887847  -0.73252255]
 [-0.01379917 -0.58368633]
 [-0.2668121  -0.29034455]
 [-0.90811098 -0.75233147]
 [-0.95454346 -0.04337526]
 [-0.40160113 -0.51328435]
 [-0.92368413 -0.79483623]
 [-0.98263287 -0.59239097]
 [-0.64073759 -0.96978604]
 [-0.21078091 -0.71587293]
 [-0.3309718  -0.69801536]
 [-0.53404993 -0.58366436]
 [-0.21800146 -0.58737116]
 [-0.41080757 -0.74566487]
 [-0.67523981 -0.70756313]
 [-0.78824413 -0.71293948]
 [-0.16283957 -0.7152981 ]
 [-0.57936605 -0.05563635]
 [-0.30867618 -0.87824725]
 [-0.93156657 -0.38731602]
 [-0.4893176  -0.90713943]
 [-0.3066094  -0.52878644]
 [-0.26848993 -0.4037583 ]
 [-0.72736167 -0.41163533]
 [-0.16743937 -0.18599117]
 [-0.71301732 -0.92926148]
 [-0.25871205 -0.02456352]
 [-0.58754428 -0.5036695 ]
 [-0.85740832 -0.67510286]
 [-0.277405   -0.45372781]
 [-0.8985186  -0.48690584]
 [-0.14702656 -0.20850403]
 [-0.53457239 -0.46852219]
 [-0.95553873 -0.4883284 ]
 [-0.54180058 -0.43251939]
 [-0.92868477 -0.44357542]
 [-0.54287104 -0.82649493]
 [-0.0739496  -0.99466914]
 [-0.35256524 -0.4998638 ]
 [-0.54873627 -0.89841598]
 [-0.80146451 -0.29397193]
 [-0.66001672 -0.55538243]
 [-0.03164305 -0.52918537]
 [-0.52953307 -0.83723837]
 [-0.85057629 -0.18095958]
 [-0.53992747 -0.62278896]
 [-0.57763645 -0.22035677]
 [-0.58759261 -0.94745403]
 [-0.31388808 -0.10846985]
 [-0.54887369 -0.48566572]
 [-0.34335978 -0.51175018]
 [-0.62046196 -0.74503408]
 [-0.47692631 -0.77228118]
 [-0.30427112 -0.65707162]
 [-0.81056945 -0.12924035]
 [-0.48141225 -0.95911081]
 [-0.88351974 -0.45544798]
 [-0.56317825 -0.77977347]
 [-0.15275494 -0.53865588]
 [-0.91304925 -0.31719975]
 [-0.85080379 -0.31325407]
 [-0.69970468 -0.56340526]
 [-0.79208342 -0.85317135]
 [-0.93118737 -0.66789373]
 [-0.19158847 -0.02002034]
 [-0.65639084 -0.63268212]
 [-0.28311147 -0.67274535]
 [-0.60593974 -0.3932408 ]
 [-0.39201794 -0.05027445]
 [-0.55486416 -0.41363248]
 [-0.98210111 -0.08331846]
 [-0.38476141 -0.78542102]
 [-0.90786588 -0.38091722]
 [-0.37301555 -0.87738838]
 [-0.05608525 -0.23524618]
 [-0.91246772 -0.07623082]
 [-0.79215274 -0.09351621]
 [-0.1391294  -0.02546246]
 [-0.94409155 -0.8371529 ]
 [-0.95144049 -0.66370736]
 [-0.43062781 -0.28437593]
 [-0.72871508 -0.98900614]
 [-0.44711759 -0.74945169]
 [-0.84024219 -0.0812809 ]
 [-0.78970942 -0.90783951]
 [-0.84602581 -0.72729106]
 [-0.872969   -0.91874446]
 [-0.36416989 -0.12576973]
 [-0.55305888 -0.25878036]
 [-0.92830526 -0.96420435]
 [-0.92500732 -0.82786077]
 [-0.34375118 -0.27182477]]
