[[ 8.40901388e+00  9.65008808e+00]
 [ 3.26830634e+00  8.29371866e+00]
 [-7.34019463e-01  1.14060228e+01]
 [ 3.46025686e+00  3.91543036e+00]
 [ 1.04539540e+01  6.96142904e+00]
 [ 1.25757396e+01  1.44549823e+00]
 [ 1.22486215e+01  1.90072765e+00]
 [-4.73191177e-01  9.47155613e+00]
 [-5.25714911e-01  1.05282184e+01]
 [ 4.47495613e+00  5.45800298e+00]
 [ 5.87043955e-02  4.67395037e-01]
 [ 1.02866326e+01  6.19777874e+00]
 [ 9.25523427e-01  1.27784283e+01]
 [ 9.42228306e+00  6.61074265e+00]
 [ 2.77839748e+00  3.29933264e-01]
 [-2.27768366e-01  1.14096965e+01]
 [ 2.28749057e+00  5.71175288e+00]
 [ 9.47943310e+00  6.65110094e+00]
 [ 9.62927487e+00  8.40406223e+00]
 [ 7.63852789e+00  8.13093963e+00]
 [-3.40999001e-01  1.80828140e+00]
 [ 9.42866177e+00  8.86096558e+00]
 [ 5.59861086e+00  5.68374849e+00]
 [ 7.57883574e+00  1.38145706e+01]
 [ 1.23535900e+00  1.37756513e+01]
 [ 3.04948618e+00  1.07431455e+01]
 [ 5.77889112e+00  1.69309022e+00]
 [ 1.20094075e+01  1.30127324e+01]
 [ 6.63665407e+00  1.21795920e+01]
 [ 1.16366135e+01  3.87362937e+00]
 [ 9.40851346e+00 -1.66430634e-01]
 [ 1.10449911e+01  1.16506414e+01]
 [ 2.03844360e+00  7.07771885e+00]
 [ 3.93644159e+00  6.21574769e+00]
 [ 7.76520959e+00  1.11544454e+01]
 [ 1.38666103e+01  5.39936933e+00]
 [ 8.62166803e+00  5.07765847e+00]
 [ 4.35697849e+00  7.96249598e+00]
 [ 1.21635619e+01  1.07971643e+00]
 [ 1.28538359e+01  9.12183651e+00]
 [ 1.35368298e+01  5.31517228e+00]
 [ 2.92565617e+00  5.44105093e+00]
 [ 7.76478377e-01  1.36479500e+01]
 [ 9.51498752e+00  3.22472425e+00]
 [ 3.84927695e+00  5.72168863e+00]
 [ 1.17808038e+01  2.81985002e+00]
 [ 1.27307405e+01  1.04011063e+01]
 [ 1.37390927e+01  1.21967542e-01]
 [ 1.01060419e+00  6.67210546e+00]
 [ 6.81324020e+00  1.21811310e+01]
 [ 8.30265421e+00  1.08010210e+00]
 [ 6.99283411e+00  1.33637983e+01]
 [ 5.31853350e-01  7.23688709e+00]
 [ 4.20979629e+00 -3.51422554e-01]
 [ 1.86322795e+00  9.02350793e+00]
 [ 5.86787487e-01  1.10685867e+01]
 [ 9.65276756e+00  9.11783253e+00]
 [ 9.15694256e+00  1.22771827e+01]
 [ 1.17863570e+01  4.24570972e+00]
 [ 4.50427316e-01  7.30251666e+00]
 [ 7.10095514e-01  9.17837428e+00]
 [ 1.00052505e+01  4.55801552e+00]
 [ 1.30797330e+01  1.29489226e+01]
 [ 5.48984310e+00  1.00969094e+01]
 [ 1.04807433e+01  3.26174115e+00]
 [ 8.90316722e+00  1.04831172e+01]
 [ 6.39476771e+00  7.08896791e+00]
 [ 3.79524336e+00  1.12091866e+01]
 [ 3.18955146e+00 -8.52221850e-01]
 [ 5.85184430e+00  5.48338525e-01]
 [ 7.54485685e+00  4.69884985e+00]
 [ 8.92518964e+00  1.03913582e+01]
 [ 1.23693526e+01  2.94099935e+00]
 [ 8.26886002e+00  5.17925445e+00]
 [ 1.11965844e+01  9.55115398e+00]
 [ 1.03582683e+01  1.30380562e+01]
 [ 7.88025121e-03  5.93026237e+00]
 [ 7.69964518e+00  1.22115274e+01]
 [ 2.86228853e+00  5.23822381e+00]
 [ 1.30769042e+01  5.37335911e+00]
 [ 4.83418096e+00  1.15416137e+01]
 [ 1.34531735e+01  1.39724511e+00]
 [ 1.13408777e+01  1.14772303e+01]
 [ 1.00217038e+01  1.10398919e+01]
 [ 1.05386222e+00  4.68282583e+00]
 [ 1.47591582e+00  2.42792430e+00]
 [ 3.82315487e-01  4.70178193e+00]
 [ 1.21339388e+01  7.56417350e+00]
 [ 5.01632105e+00  7.94241630e+00]
 [ 4.99082394e+00  9.67935657e+00]
 [ 1.15936503e+01  7.70637301e+00]
 [ 8.65536634e+00  9.03420959e+00]
 [ 1.00686096e+01  7.87445605e+00]
 [ 1.14777930e+01  1.03836333e+01]
 [ 1.96001175e+00  1.11062476e+01]
 [ 1.08407433e+01 -7.32916151e-01]
 [ 6.48282143e-02  7.80444718e+00]
 [ 2.32124525e+00  1.22205155e+01]
 [ 4.35524122e+00  6.70288324e+00]
 [ 8.20813841e+00  4.30724209e+00]
 [ 1.97087678e+00  2.36501660e+00]
 [ 1.12152351e+01  5.64069694e+00]
 [ 2.64416564e+00  7.75610759e+00]
 [ 6.31698847e+00  9.03429251e+00]
 [ 7.08335431e-01  6.37123442e+00]
 [ 3.93264120e+00  1.14683214e+01]
 [ 1.11146477e+01  7.55181231e+00]
 [ 8.75819734e+00 -7.12481821e-01]
 [ 5.21372110e+00  7.85992141e+00]
 [ 1.01075646e+01  1.16004411e+01]
 [ 1.11161023e+00 -9.15239816e-01]
 [ 6.26872730e+00  1.19032154e+01]
 [ 6.71876687e+00  6.32733729e-01]
 [ 1.29547258e+01  3.55135542e-01]
 [ 3.87579671e-01  1.92519401e+00]
 [ 1.30602346e+01  1.10427605e+01]
 [ 2.46950441e+00  4.84898586e+00]
 [ 2.03440800e+00  1.18742873e+00]
 [ 1.79364492e+00  1.35216869e+01]
 [ 1.18185130e+01  5.47036110e+00]
 [ 5.61316279e+00  5.10467692e+00]
 [ 1.28082950e+01  8.78643794e+00]
 [ 1.08692848e+01  9.67130348e+00]
 [ 7.76531134e+00  5.46170237e+00]
 [ 3.50935478e-01  2.59940647e+00]
 [ 2.39449309e+00  9.27539880e+00]
 [ 1.26683278e+01  9.65638368e+00]
 [ 7.37427749e+00  6.57391701e+00]
 [ 1.15901331e+01  6.63847471e+00]
 [ 1.32142811e+01  5.41201474e+00]
 [ 9.41646855e+00  1.16522083e+01]
 [ 1.95965060e+00  3.68052045e+00]
 [ 4.90016598e+00  9.78456541e+00]
 [-6.89750367e-01  5.33561972e+00]
 [ 3.51420326e+00 -3.49885733e-01]
 [ 2.72210857e+00  5.75596190e-01]
 [ 1.62818919e+00  3.63011295e+00]
 [ 1.23869113e+01  9.90749743e+00]
 [ 5.35266699e+00  5.19008893e+00]
 [ 1.23430260e+01  6.95623113e+00]
 [ 8.85145797e+00  5.75990830e+00]
 [ 5.49690569e+00  1.10061381e+01]
 [ 5.00470264e+00  3.48428331e+00]
 [ 8.20546813e+00  1.90152655e+00]
 [-6.38181409e-01  1.05534103e+00]
 [ 1.34360387e+01  8.89373869e+00]
 [ 3.71676201e-01  1.11274913e+01]
 [ 3.32589301e+00  2.37838274e+00]
 [ 8.35117382e-01  1.03687101e+01]
 [ 2.17983034e+00  4.93497310e+00]
 [ 1.11517147e+01  1.06669408e+01]
 [ 7.02734881e+00  8.75393359e+00]
 [ 1.24003838e+01  6.65738352e+00]
 [ 6.72227309e+00  6.36237157e+00]
 [ 2.03701848e+00  3.91572904e+00]
 [ 1.04006004e+01  1.32866934e+01]
 [-5.49977172e-01  2.57429884e+00]
 [ 8.74453255e-01  6.17516338e+00]
 [ 3.65568478e-01  1.02960357e+01]
 [ 2.56153407e+00  1.06443413e+01]
 [ 1.29110737e+00  5.35583242e+00]
 [ 7.06835037e+00  7.93475867e+00]
 [ 1.71590397e+00  1.21663062e+01]
 [ 4.58734661e+00  2.44505328e+00]
 [ 7.60586542e+00  1.16602448e+01]
 [ 5.21409803e+00  4.08964694e+00]
 [ 6.19406023e+00 -7.39593024e-01]
 [ 2.23141400e+00  1.24137907e+01]
 [ 3.54454687e+00  5.48889600e+00]
 [ 1.29801740e+01  1.80030287e+00]
 [ 1.39096774e+01  8.68053184e+00]
 [ 1.20886168e+01  1.39163122e+00]
 [ 1.31947175e+01 -8.76840898e-01]
 [ 1.29494022e+01  3.02273712e+00]
 [ 1.23781667e+01  1.11435258e+01]
 [-6.51567021e-02  5.17702174e+00]
 [ 3.02360981e+00  2.85573669e+00]
 [ 5.71545981e+00  5.46921099e+00]
 [ 4.79996516e+00  1.38390509e+01]
 [ 5.59417705e+00  9.64622614e+00]
 [ 2.59499890e+00  7.17368094e+00]
 [ 3.85816991e+00 -6.34340070e-01]
 [ 4.47168431e+00  3.04478811e+00]
 [ 1.17017486e+00  4.64112495e+00]
 [ 3.42352887e+00  1.25770502e+01]
 [ 6.48431696e+00  1.27305641e+01]
 [ 1.28004489e+01  6.25047380e-01]
 [ 1.33234795e+01  5.60893618e+00]
 [ 5.36258461e+00  7.24181970e+00]
 [ 3.82109264e+00  6.86504260e+00]
 [ 4.82621740e+00  8.76692945e+00]
 [ 1.07554097e+01 -5.03610588e-01]
 [ 8.13688626e-01  5.54328144e+00]
 [ 6.49493488e+00  1.06109186e+01]
 [ 1.72505182e+00  4.21437106e-01]
 [ 5.78594257e+00  4.47453108e+00]
 [ 5.02398660e+00  6.21723150e+00]
 [ 4.60318309e+00  1.01311153e+01]
 [ 1.03250119e+01  1.11877764e+01]
 [ 7.11896376e+00  1.19695549e+01]
 [ 4.79070980e+00  1.06147681e+01]
 [ 7.57348783e+00  1.15681714e+01]
 [ 3.52469379e+00  1.29075232e+01]
 [-4.22086896e-01  1.09401368e+01]
 [ 8.97876623e+00  1.16428087e+01]
 [ 3.00543767e+00  1.50582828e+00]
 [ 5.19153085e+00  1.05485918e+01]
 [ 7.84824559e+00  3.16728619e+00]
 [ 5.89491133e+00  1.28880630e+01]
 [ 4.08744797e+00  1.65220596e+00]
 [ 9.99356393e-01  1.30825628e+01]
 [ 8.24095106e+00  8.76066264e-01]
 [ 2.75090158e+00  8.05010713e-01]
 [ 2.70518667e+00  1.38934867e+01]
 [ 8.63404521e+00  1.00302528e+01]
 [ 1.01911849e+01  1.32797837e+01]
 [ 5.10846839e+00 -8.54623909e-01]
 [ 3.40034121e+00  1.36246318e+01]
 [ 7.11364198e+00  1.10763608e+01]
 [ 1.95349368e+00  6.10675562e+00]
 [ 3.26720013e+00  5.40245576e+00]
 [ 1.31745490e+01  1.25949153e+01]
 [ 1.27274559e+01  2.32314536e+00]
 [ 9.61975002e+00 -8.24081784e-01]
 [ 1.28740872e+01  6.61956511e+00]
 [ 4.91391123e-01  7.34687284e+00]
 [ 5.03244822e+00  9.83018305e+00]
 [ 5.86507676e+00  5.72371431e+00]
 [ 6.47924495e-01  6.99274991e+00]
 [ 4.24902761e+00  1.39074210e+01]
 [ 2.96413091e+00  1.66618476e+00]
 [ 1.24742808e+01  1.39803650e+01]
 [ 1.89806465e+00  2.60069535e+00]
 [-3.30199023e-01  8.16938221e+00]
 [-5.25543233e-01  1.28729575e+01]
 [ 1.38294768e+01  7.80624382e+00]
 [ 1.00225036e+01  1.21603388e+01]
 [ 2.38159949e-01  7.29578290e+00]
 [ 9.30318480e+00  7.49524033e+00]
 [ 1.12433734e+01  3.62060219e+00]
 [ 4.03413991e+00  2.70815644e+00]
 [ 1.28440086e+01  3.83478740e+00]
 [ 1.17168210e+01  4.42074299e+00]
 [-6.46072833e-01  7.04728286e+00]
 [ 1.10607927e+01  8.05052858e+00]
 [ 1.19971760e+01  8.76781576e+00]
 [ 6.47776437e+00 -9.02034533e-01]
 [ 1.11733367e+01  1.59546895e-01]
 [ 1.02167288e+01  8.36501637e+00]
 [ 7.09418082e+00  3.21295432e+00]
 [ 1.19375919e+01 -3.76870881e-01]
 [ 3.09728051e+00  1.00177342e+01]
 [ 8.31407813e+00  5.60278015e+00]
 [ 9.04073276e-01  6.15443981e+00]
 [ 1.35234032e+01  1.21228329e+01]
 [ 1.34427840e+01  6.41063179e+00]
 [ 7.37414095e+00  7.76996639e+00]
 [ 6.44589501e-01  8.31019336e+00]
 [ 6.84789633e+00  5.02724406e-01]
 [ 1.28334789e+01  1.68700929e+00]
 [ 1.41375914e+00  1.11906237e+01]
 [ 7.69506013e+00  4.23788523e+00]
 [ 8.89251566e+00  2.37471667e-02]
 [ 1.04974113e+01  3.58557314e+00]
 [ 3.06493318e+00  3.13588111e+00]
 [ 9.97079497e+00  7.42508333e+00]
 [ 2.12844635e+00  1.39188766e+01]
 [-8.13333966e-01  1.16184162e+01]
 [ 8.30685879e+00  5.23757171e+00]
 [ 6.84262431e+00  1.35618468e+01]
 [ 8.21862931e-01  2.03295764e-01]
 [-5.85885095e-01 -8.59908527e-01]
 [ 1.32948479e+01  2.87555784e+00]
 [ 7.02098519e+00  5.87067576e+00]
 [ 1.12560157e+01  1.00909858e+01]
 [ 7.54185213e+00  7.96323610e+00]
 [ 1.38017966e+01  6.89522794e+00]
 [ 1.14339996e+01  1.26552687e+01]
 [ 1.08708513e+01  1.27769242e+01]
 [ 4.10525689e+00  1.19888191e+00]
 [ 1.18086367e+01  8.91025077e+00]
 [ 1.01306725e+01  1.05882022e+01]
 [ 1.01917046e+01  1.31404133e+01]
 [ 2.20270335e+00  1.38329546e+01]
 [ 7.88019009e+00  7.82143598e+00]
 [ 5.03282634e+00  1.40156305e+00]
 [ 1.38804088e+01  3.33536256e+00]
 [-8.43298173e-01  5.11733014e+00]
 [ 2.22321716e+00  1.84098327e+00]
 [ 1.33507656e+01  1.49131046e+00]
 [ 3.53583185e+00  7.64895892e+00]
 [ 3.39716539e+00  3.93554226e+00]
 [ 1.20630632e+01  3.55570395e+00]
 [ 1.38711141e+01  2.90826913e-01]
 [ 9.98637013e+00  2.71066453e+00]
 [ 1.13792050e+01  1.14271774e+01]
 [ 6.27324028e+00  7.26264298e+00]]
