[[-0.93558904 -0.42823013]
 [ 0.36754032  0.52512003]
 [ 0.66444241 -0.97226065]
 [-0.50770718  0.04470726]
 [ 0.28128879  0.39946756]
 [-0.6005645   0.74771522]
 [-0.59847123  0.00981968]
 [ 0.2106214  -0.48211539]
 [ 0.66647885 -0.17061791]
 [-0.11202632 -0.67498802]
 [ 0.90321894 -0.6181543 ]
 [-0.88828673  0.02319217]
 [ 0.10542189 -0.97893322]
 [ 0.08054063  0.84305907]
 [ 0.26385894  0.74544309]
 [ 0.54507583 -0.80480957]
 [ 0.34201912 -0.62880606]
 [-0.25545712  0.73325887]
 [ 0.06968909  0.14220402]
 [-0.91323567  0.05542518]
 [-0.29739505  0.52229927]
 [-0.19309124 -0.15334424]
 [-0.59943044  0.13139216]
 [-0.04635212 -0.24488532]
 [-0.89117946 -0.21951691]
 [-0.41627457 -0.77518155]
 [ 0.25245075  0.01037093]
 [-0.4651535   0.38908816]
 [ 0.6169584  -0.30040226]
 [ 0.01525937 -0.6172461 ]
 [ 0.48333785 -0.39211359]
 [ 0.56315586 -0.85433366]
 [ 0.42204147  0.0491465 ]
 [ 0.72359262 -0.72544412]
 [ 0.16712508  0.77719244]
 [-0.91671247  0.08482182]
 [-0.9136712  -0.58809059]
 [-0.16305621  0.8822969 ]
 [ 0.20316718  0.26032289]
 [-0.19351015  0.09271496]
 [ 0.83304581 -0.167262  ]
 [ 0.21631738 -0.57717377]
 [ 0.95990853 -0.24902484]
 [-0.65493242  0.13449021]
 [-0.6531851   0.75236703]
 [ 0.41154713 -0.25638984]
 [ 0.74366103 -0.31197703]
 [ 0.228427    0.75041872]
 [-0.87939818  0.92646692]
 [ 0.79619955 -0.15527404]
 [-0.90585798 -0.34078002]
 [-0.78919406  0.58135054]
 [-0.01067579 -0.85191023]
 [-0.26340458  0.15134194]
 [ 0.52552791  0.44851564]
 [-0.38936167  0.26083536]
 [ 0.05325405  0.18115028]
 [ 0.53854279  0.13174726]
 [-0.86722558 -0.82139545]
 [ 0.007415    0.40421131]
 [ 0.47185376  0.76185583]
 [-0.74057279  0.07638374]
 [ 0.85288334 -0.56327778]
 [ 0.81698144 -0.66384336]
 [ 0.90526365  0.11450536]
 [ 0.36976866  0.67233564]
 [-0.89769442 -0.60820611]
 [-0.17527526  0.33103573]
 [-0.88245788 -0.35393389]
 [ 0.68862523 -0.88928   ]
 [ 0.67154918  0.5051834 ]
 [ 0.49872961  0.1251397 ]
 [ 0.29460523  0.38384088]
 [ 0.3699378   0.11897947]
 [-0.73142091  0.6779118 ]
 [-0.89378531  0.93068274]
 [-0.13572916  0.72741064]
 [-0.35014141  0.5841497 ]
 [-0.71425547  0.87310609]
 [-0.7575559   0.43211061]
 [-0.40018681  0.30874309]
 [-0.4332835   0.36142034]
 [ 0.17616584 -0.85321406]
 [ 0.9735294  -0.92475814]
 [-0.48968803 -0.22807851]
 [-0.16381621  0.70615776]
 [ 0.59198229 -0.15527751]
 [-0.46787464 -0.78955717]
 [ 0.78805268  0.04598559]
 [ 0.53388729 -0.83089421]
 [ 0.86071398 -0.32035945]
 [-0.38940201 -0.34655522]
 [-0.0053545   0.12500919]
 [ 0.33045036  0.46745585]
 [ 0.6492019  -0.35417103]
 [-0.82999509 -0.05821161]
 [ 0.52971409 -0.27570393]
 [-0.86649719 -0.77584861]
 [ 0.67581998  0.28643091]
 [-0.73030426  0.56521846]
 [-0.75370398  0.01329171]
 [-0.56782925  0.08115097]
 [ 0.44799739  0.5063577 ]
 [-0.67425456 -0.54194926]
 [-0.999389    0.1787671 ]
 [ 0.76400882  0.37727191]
 [ 0.4976606  -0.38967307]
 [ 0.69837171  0.67094987]
 [ 0.3782674  -0.30225348]
 [-0.57502202  0.72462149]
 [-0.4757261   0.68949653]
 [-0.10668738 -0.21751807]
 [-0.01743002  0.20559074]
 [ 0.05081812  0.19462995]
 [ 0.88389282  0.05804196]
 [-0.98258023 -0.86974977]
 [ 0.44388263 -0.72738814]
 [-0.66063491 -0.90256686]
 [-0.21052157 -0.55646563]
 [ 0.30501217  0.764133  ]
 [-0.64802766 -0.64176574]
 [-0.24847205 -0.98653746]
 [-0.96414136  0.29803232]
 [-0.35202086 -0.4979085 ]
 [ 0.18805258 -0.91170072]
 [-0.58192592 -0.18645799]
 [ 0.91421549  0.38189432]
 [-0.57142253  0.14182717]
 [-0.22213414  0.30912852]
 [-0.54503307 -0.02999135]
 [ 0.20380968  0.46000884]
 [ 0.4381003  -0.09235825]
 [-0.07086102  0.78025107]
 [-0.24989709  0.90442323]
 [-0.55499723  0.72136982]
 [ 0.28698574 -0.73072744]
 [-0.24937289 -0.59501896]
 [-0.43683247  0.11843735]
 [ 0.2437921  -0.49696475]
 [-0.03024292  0.50526771]
 [-0.69799384 -0.23891593]
 [-0.51840189 -0.23048916]
 [ 0.72808959  0.12724465]
 [-0.27154389 -0.69610835]
 [ 0.91507756 -0.16653894]
 [-0.52418683  0.59987344]
 [-0.42415865  0.14090608]
 [-0.73301822 -0.81640635]
 [ 0.73022525 -0.09923453]
 [-0.9337411  -0.4851629 ]
 [ 0.84523164 -0.62675811]
 [-0.09397128 -0.80522363]
 [ 0.71992024  0.2428128 ]
 [-0.3397534   0.1615188 ]
 [ 0.24278513  0.61430019]
 [ 0.04010406 -0.74593634]
 [-0.66549627  0.41251496]
 [ 0.48141094 -0.96774001]
 [-0.52496531 -0.86757598]
 [-0.69357408 -0.45908905]
 [ 0.0917648  -0.20274295]
 [-0.62375703  0.05067922]
 [-0.33771416  0.89758077]
 [ 0.23973131 -0.7703035 ]
 [-0.38195437  0.2876325 ]
 [ 0.42747927  0.85039739]
 [ 0.54030095 -0.59127786]
 [-0.5129283   0.02237549]
 [ 0.40418615 -0.77879845]
 [ 0.97270491 -0.75088879]
 [-0.55417804  0.47964156]
 [ 0.63935501  0.44225346]
 [-0.13731639 -0.06966017]
 [-0.87748191  0.86225089]
 [-0.80366981  0.95069918]
 [ 0.76360542  0.38907401]
 [ 0.99513749 -0.51022101]
 [-0.18855662 -0.74343241]
 [-0.5352014  -0.20411321]
 [-0.583808    0.95433779]
 [ 0.38648866  0.88801418]
 [-0.73234013  0.59714814]
 [ 0.58788017 -0.61099978]
 [-0.78981738 -0.69284499]
 [ 0.49028853 -0.64618477]
 [ 0.10517417 -0.41494405]
 [-0.91149622  0.86892643]
 [ 0.72078617 -0.1645083 ]
 [ 0.75482227  0.60354545]
 [ 0.86160113 -0.43419537]
 [-0.94496718  0.37653646]
 [ 0.58878168  0.36876549]
 [ 0.51315224 -0.1284155 ]
 [-0.41974566  0.9431017 ]
 [ 0.65679799  0.36572221]
 [ 0.45529711  0.52134076]
 [-0.49138436 -0.81495593]
 [ 0.14428211  0.63105611]
 [ 0.20497004  0.65568721]
 [ 0.75274071 -0.08711458]
 [-0.16745952  0.63483341]
 [ 0.0709627  -0.89810338]
 [-0.84537593 -0.32749935]
 [-0.03141657  0.78980266]
 [ 0.04167523 -0.26636468]
 [-0.59702043  0.16149036]
 [-0.7605226  -0.38629227]
 [ 0.26640318 -0.59725071]
 [-0.75341908  0.53233133]
 [-0.40465634 -0.52610041]
 [-0.98791747  0.23987707]
 [ 0.01193442  0.99407341]
 [ 0.71077208 -0.48941534]
 [ 0.96922074 -0.96043563]
 [-0.91865976 -0.09637763]
 [-0.35595905  0.61009346]
 [-0.18849427  0.12014411]
 [ 0.09746932 -0.97482015]
 [ 0.64279071 -0.79784278]
 [-0.8484873   0.98465192]
 [ 0.74708861  0.7280906 ]
 [ 0.61396071  0.15568151]
 [-0.74959849 -0.33978933]
 [ 0.13651797 -0.1153327 ]
 [ 0.65238788  0.32404767]
 [-0.12289532  0.13748121]
 [-0.02284256 -0.35775051]
 [ 0.87586319 -0.63256441]
 [-0.0045916   0.76743184]
 [ 0.2029678  -0.05727222]
 [-0.08350355  0.36119829]
 [ 0.27792087  0.10141577]
 [ 0.4134445  -0.83935428]
 [ 0.57604094 -0.14272089]
 [-0.7154617   0.24109925]
 [-0.33567397 -0.73896908]
 [ 0.56253882  0.03581905]
 [ 0.49156173 -0.50864871]
 [ 0.12178369 -0.53750687]
 [ 0.52347355 -0.17747028]
 [ 0.30325261 -0.54186184]
 [-0.92544725  0.33214824]
 [ 0.63420213 -0.56734596]
 [ 0.64013414 -0.55729098]
 [ 0.30907114  0.02717132]
 [ 0.76045223 -0.69747807]
 [ 0.35384549  0.86792383]
 [ 0.85991033 -0.0470695 ]
 [ 0.8547803  -0.51797912]
 [-0.62934085  0.73916841]
 [-0.54626886 -0.50033244]
 [ 0.9401658  -0.03904278]
 [-0.25288456  0.40618718]
 [-0.5056254   0.90137821]
 [-0.74724329  0.75283   ]
 [ 0.4138967  -0.96662815]
 [-0.24727873  0.77087595]
 [-0.93206759  0.21355351]
 [-0.62506485 -0.29858112]
 [ 0.95692749 -0.50578535]
 [-0.22930761 -0.18791479]
 [ 0.91810253  0.17075224]
 [ 0.99449537 -0.56790848]
 [ 0.38801517  0.28919381]
 [-0.36057689 -0.85350992]
 [ 0.12183664  0.44459012]
 [ 0.48851795 -0.5481135 ]
 [ 0.18440832 -0.08453073]
 [-0.7896853  -0.02955389]
 [-0.40510049  0.00980503]
 [ 0.60504511 -0.53172644]
 [-0.12932347  0.1340807 ]
 [-0.1582837   0.73305357]
 [-0.92051886  0.43546951]
 [ 0.17403262  0.03189386]
 [-0.40187414 -0.48203629]
 [-0.63245683 -0.10710811]
 [-0.14851025  0.59304648]
 [ 0.25502325  0.40032135]
 [-0.47258697 -0.03549496]
 [-0.54497367 -0.52729843]
 [-0.41019296 -0.89550712]
 [ 0.66981371 -0.04277415]
 [ 0.77231807 -0.9841504 ]]
