[[-6.29267877e-01  1.45594381e-01]
 [ 9.44427043e-01 -6.72163855e-01]
 [-1.47366504e+00 -9.60003861e-01]
 [ 9.98837660e-01  1.93811050e+00]
 [-2.61814134e-01 -1.21144416e-01]
 [ 1.46825322e-01  1.13450786e+00]
 [ 6.21510946e-01  3.22278396e-01]
 [ 7.43070525e-01 -7.16895046e-02]
 [-1.79757269e+00  1.85293665e+00]
 [ 1.82763534e+00  8.73028686e-01]
 [-1.55801061e+00  9.10458058e-01]
 [-7.35903697e-01  5.61376069e-01]
 [-2.10791143e-02 -4.84135338e-01]
 [ 1.67452761e+00 -1.82782377e+00]
 [ 4.54975009e-01  5.43876193e-01]
 [-9.50856735e-01 -1.10197375e+00]
 [ 9.92389917e-01 -1.95364774e+00]
 [-1.21207810e+00 -4.58125460e-01]
 [ 1.25971260e+00  9.52513696e-01]
 [-3.89327944e-01  3.03393061e-01]
 [-1.87629974e+00 -1.46545831e+00]
 [-8.44404461e-01 -1.54220406e+00]
 [ 1.11021870e+00 -3.95560916e-01]
 [-1.36060490e-01 -4.49256925e-01]
 [-4.09634289e-01 -6.83212804e-01]
 [-7.28155754e-01 -1.21942138e+00]
 [ 9.70943344e-01 -1.40915701e+00]
 [ 1.91991634e+00  6.95154474e-02]
 [ 1.58102784e+00 -1.89518117e+00]
 [-1.55013167e-01  7.87332783e-01]
 [ 1.13266465e-01  9.35769665e-01]
 [ 6.00102214e-01 -1.98752057e+00]
 [-8.51954265e-01 -1.59125145e+00]
 [-2.64204694e-01 -1.86045575e+00]
 [-8.67377196e-01  1.63690351e+00]
 [-1.00173024e+00 -8.25575178e-01]
 [ 1.95995973e+00  9.57548647e-01]
 [ 9.56107117e-01  1.63733320e+00]
 [ 9.23032979e-01 -1.94736485e+00]
 [ 8.11855611e-01  1.41195495e+00]
 [ 6.44131267e-01  6.70966756e-01]
 [-7.48180976e-01 -9.01736608e-02]
 [ 6.02924957e-01 -4.68996895e-01]
 [ 1.76485636e+00  3.95773802e-01]
 [ 5.96937489e-01 -6.00676347e-01]
 [ 1.01251243e+00 -1.50392144e+00]
 [-8.23301878e-01 -9.53781963e-01]
 [-1.30740424e+00  1.12432972e+00]
 [ 1.78308160e+00  8.58869102e-01]
 [-9.24364441e-02  4.40852335e-01]
 [-1.65673741e+00 -9.73712811e-01]
 [-1.24279346e+00  1.09286634e+00]
 [-1.85274240e+00 -1.79715203e+00]
 [-5.26434232e-01  1.88404283e+00]
 [-4.81880071e-01 -1.99198796e+00]
 [-6.55306663e-02 -4.98787275e-01]
 [ 1.15864827e+00  1.83432586e+00]
 [-1.75420749e+00  3.53772574e-01]
 [ 2.80150584e-02 -1.88961216e+00]
 [-1.99621801e-01  1.39262487e+00]
 [-1.88878265e+00 -7.71807461e-02]
 [-1.69815841e+00 -1.36962202e+00]
 [ 8.30880869e-01 -6.23228329e-01]
 [-1.66821960e+00  1.29447030e+00]
 [-1.57518861e+00  1.80031680e+00]
 [ 6.94782634e-01 -5.06033044e-01]
 [ 1.48446372e+00  1.23911401e+00]
 [ 1.01071270e+00 -9.54888380e-02]
 [ 1.27148286e+00 -9.08826550e-01]
 [ 1.55602542e+00  1.83432771e+00]
 [-1.67728418e-01  1.31352605e+00]
 [ 8.07197882e-01  1.88828182e+00]
 [-1.40527157e+00 -4.19169857e-01]
 [ 8.33836098e-01 -1.31368954e+00]
 [-6.57868667e-01 -1.05125960e+00]
 [-5.29907670e-01  1.98684163e+00]
 [ 5.14175253e-03 -1.87991224e+00]
 [-1.41053088e+00  8.71249327e-01]
 [-7.75085421e-01  1.13674006e+00]
 [-2.22158432e-01  6.97888583e-01]
 [-1.41804042e+00  3.22883041e-01]
 [-1.31012994e+00 -7.53442153e-01]
 [-4.74472022e-01 -1.53850102e+00]
 [-1.98657476e+00 -9.07000584e-01]
 [-4.55240756e-01  3.77927514e-01]
 [ 5.42026949e-03  1.10202183e+00]
 [-6.30404358e-01  1.44300522e+00]
 [-1.29684597e+00 -1.20405292e+00]
 [-6.58475597e-01  5.88093362e-01]
 [-1.41769266e+00 -1.11982345e+00]
 [ 1.84427072e+00  1.52033088e+00]
 [ 1.37366709e+00 -2.63445686e-01]
 [ 2.73869964e-01  1.66862302e+00]
 [ 2.03363297e-01  5.57373455e-01]
 [ 1.02895751e+00  1.97745432e+00]
 [-6.93641115e-01  1.94313611e+00]
 [-1.20335602e+00 -1.46263195e+00]
 [ 1.81200645e+00 -1.34172069e+00]
 [-1.80229625e-01  1.41447957e+00]
 [-1.51617213e+00  1.24630568e+00]
 [-7.22742480e-01 -3.74445043e-01]
 [-1.56071732e+00 -6.12650373e-01]
 [ 1.59359547e+00  4.21338280e-01]
 [-1.18863020e+00 -1.67476833e+00]
 [-1.72105707e-01 -1.26474180e-01]
 [-1.02451583e+00  1.40927798e+00]
 [ 1.94961075e+00 -1.41756062e+00]
 [ 7.82500027e-01 -2.65943199e-01]
 [ 1.08801031e+00  1.82196912e+00]
 [-1.78622629e+00 -1.77153564e+00]
 [ 7.24186164e-01 -3.71775857e-01]
 [ 1.64526836e+00  1.89128085e+00]
 [-3.69015194e-01 -1.72718450e+00]
 [-1.22913342e+00  1.44520240e+00]
 [ 1.34839500e+00 -6.61496754e-01]
 [-1.55216235e+00  8.89853540e-01]
 [-1.75130977e-01  1.20679284e+00]
 [ 2.20864633e-01 -1.27374191e+00]
 [-5.52320406e-01 -3.50463076e-02]
 [ 4.00286267e-01 -1.85073879e+00]
 [ 9.10314234e-01  1.09074300e+00]
 [-3.04090211e-01 -1.77325226e+00]
 [-9.61451152e-01 -1.36049352e+00]
 [ 1.21515139e+00  1.38510536e+00]
 [-8.74175491e-01  6.81833260e-01]
 [ 1.07936409e+00 -1.92006990e+00]
 [-1.68025568e+00  1.93299457e+00]
 [ 3.11955826e-01 -4.82976704e-01]
 [-1.20700466e+00  1.75861059e+00]
 [-1.76083944e+00 -7.30448152e-01]
 [-6.77535285e-01  6.24703375e-01]
 [-5.04278451e-01  1.61862549e+00]
 [-8.05342883e-01 -8.79154201e-01]
 [ 1.61805209e+00 -7.91039257e-01]
 [ 1.91357153e+00 -5.42497236e-01]
 [-2.41330845e-01  1.03925863e+00]
 [-5.05422961e-01  1.31525035e+00]
 [ 1.78461427e+00 -1.37809011e+00]
 [-1.95013088e+00  1.10353024e+00]
 [ 1.87064021e+00  1.94269882e+00]
 [ 1.00196382e-01 -1.92722757e+00]
 [ 8.38197166e-01  1.93975703e+00]
 [-5.76887736e-01 -4.20158789e-01]
 [-1.02965313e+00 -1.75075375e+00]
 [ 3.26620892e-01  1.21673380e+00]
 [ 4.92217743e-01  2.21858815e-01]
 [ 1.35872661e+00  1.60446270e+00]
 [ 1.20345005e+00  1.17491901e+00]
 [-1.54210830e+00  9.13531387e-01]
 [-1.03573672e+00 -1.36501194e+00]
 [-2.58708590e-01  1.73334172e+00]
 [ 1.09958630e+00  1.33073044e+00]
 [-1.93163185e+00  1.99409027e+00]
 [-3.30358283e-01 -4.51434337e-02]
 [-2.65731818e-01  6.66226591e-01]
 [ 1.97862059e+00 -6.19852887e-01]
 [-1.95134190e+00 -1.44951872e+00]
 [ 1.77592215e+00 -1.14603900e+00]
 [-1.11053931e-01  7.56790485e-01]
 [-5.34343547e-01 -8.94844129e-01]
 [ 1.56082386e+00  7.30966128e-01]
 [ 1.46307916e+00  1.39791101e+00]
 [-9.77818564e-01  1.15787604e+00]
 [ 1.92063532e+00 -6.88784874e-01]
 [ 1.14282117e+00  8.68470121e-01]
 [ 1.19675520e+00 -8.77210284e-01]
 [-4.63274273e-01 -1.05745234e+00]
 [ 1.68165377e+00  8.48779370e-01]
 [ 4.50157800e-01 -1.44583837e-01]
 [ 1.40232842e+00 -7.85121099e-01]
 [ 7.66501926e-01 -1.17010336e+00]
 [-3.64913682e-01  8.95667321e-01]
 [-1.42239543e+00 -1.90092243e+00]
 [ 1.21909665e+00  1.58721359e+00]
 [-9.52518553e-01  1.17042204e+00]
 [-1.88344947e+00 -4.06268202e-02]
 [-1.28984689e+00 -3.42385271e-01]
 [ 2.89150740e-01 -1.54332768e+00]
 [ 1.85064280e+00 -1.15683805e+00]
 [ 9.56488156e-01  1.30891654e+00]
 [-6.38649933e-01 -6.53459077e-01]
 [-1.94171392e+00  1.99667267e+00]
 [ 8.57652118e-01 -2.59937875e-01]
 [-1.28670216e+00 -3.45974396e-01]
 [-1.94380256e+00 -4.44263282e-01]
 [-5.22551166e-01 -8.84014192e-01]
 [-4.69438533e-01  7.84622969e-01]
 [-1.35302879e+00  8.83056821e-01]
 [-2.92785608e-01 -5.22519347e-01]
 [-1.55589340e+00  1.40326534e+00]
 [ 1.98323205e-01 -1.46762977e+00]
 [-1.65386296e+00 -1.40237070e+00]
 [-5.18067600e-01 -4.43219197e-02]
 [ 3.26563065e-01 -2.44978316e-01]
 [ 7.65670411e-01  1.26362824e+00]
 [-1.78119652e+00 -1.68952876e+00]
 [ 6.37130490e-01 -4.99096652e-02]
 [ 1.32193611e+00 -1.11153436e+00]
 [ 7.09971375e-01  1.76528584e+00]
 [-7.52514435e-01 -1.00156465e-01]
 [ 6.63845637e-02 -1.55769777e+00]
 [ 4.99800852e-02 -1.03058243e+00]
 [-1.67431326e+00 -1.75269109e+00]
 [-1.77166932e+00  5.15335939e-01]
 [-7.51566831e-01 -1.83309875e+00]
 [-1.24836815e+00 -5.69619576e-01]
 [-1.95701173e+00 -5.16310309e-01]
 [-5.33583239e-01 -1.23167717e+00]
 [-1.21161859e+00  5.13147723e-01]
 [-2.69453431e-01  1.91569962e+00]
 [ 1.64584347e+00  1.98348825e+00]
 [-9.23027866e-01 -5.74488528e-01]
 [ 7.04621402e-01  4.63386691e-01]
 [-1.88137148e+00  1.26725158e+00]
 [ 4.39617738e-01 -5.05155188e-01]
 [-1.06695032e+00  1.60263595e-01]
 [-1.28935733e+00 -6.25354324e-03]
 [ 1.30250157e+00  1.24872436e+00]
 [-5.17458373e-01 -1.92243685e+00]
 [ 1.22887945e+00 -1.94593286e+00]
 [ 5.46444539e-01 -4.34511720e-01]
 [-1.26696499e+00  1.31352702e+00]
 [ 2.63025074e-01  7.68514716e-03]
 [-1.87730887e+00  8.08173645e-01]
 [ 2.39381393e-01  1.24763386e+00]
 [-2.75750759e-01 -1.22335785e+00]
 [-5.08926783e-01  1.09664987e+00]
 [-2.26173991e-01  9.66956661e-01]
 [ 2.13048932e-01  5.67537155e-01]
 [ 1.07984886e+00  1.17951927e+00]
 [-5.76638363e-01 -1.87606649e+00]
 [ 1.17570171e+00  1.17537494e+00]
 [ 1.47324395e+00 -5.80739071e-02]
 [ 6.24956345e-01  6.98248873e-01]
 [ 6.00554357e-01  9.41097602e-02]
 [ 1.97799514e-03  1.25159473e+00]
 [ 1.87158398e+00  1.01573956e+00]
 [ 4.72986312e-01  3.67497852e-01]
 [ 1.17921944e+00  9.25038049e-01]
 [ 1.84765375e+00  4.91864913e-01]
 [-2.03719988e-01  1.46677768e-01]
 [-4.43455210e-01 -9.70084284e-02]
 [-7.53197729e-01 -1.15209432e+00]
 [ 2.61835370e-01 -3.50545348e-01]
 [-1.94982190e+00 -7.52400082e-01]
 [-2.76418220e-01  1.41673017e+00]
 [-1.13245147e+00 -9.53867056e-01]
 [ 1.57657390e-01 -2.54368525e-01]
 [-9.49587036e-01 -1.68156554e+00]
 [-2.76349515e-01  1.84041336e+00]
 [ 1.03638894e+00  1.92764092e+00]
 [ 7.15494029e-01 -1.66807090e+00]
 [ 1.57766454e+00 -1.04758393e+00]
 [-1.07895215e+00  4.14660786e-01]
 [-1.13654404e+00  5.66850102e-01]
 [-7.70330506e-01 -5.61317777e-01]
 [-3.81923115e-01 -1.00168906e+00]
 [-1.76320918e+00 -8.27007754e-01]
 [-1.46854128e+00 -6.84545764e-01]
 [-5.34224549e-01  7.51091202e-01]
 [ 1.40070383e+00  1.41295825e+00]
 [ 2.92676734e-01 -1.03034174e-01]
 [-1.03067061e+00  2.34412092e-01]
 [-1.93394213e+00 -1.69329783e+00]
 [ 1.68967200e+00 -7.27511750e-01]
 [-4.58182891e-01 -1.71703966e+00]
 [ 3.65778661e-01  1.82142752e+00]
 [-1.92950388e+00  1.03057193e+00]
 [-1.32207905e+00  6.89754736e-01]
 [ 1.52352128e+00  4.76986706e-01]
 [ 8.35419216e-01 -3.53308382e-01]
 [-5.16207824e-01 -1.96193813e-01]
 [ 8.57241974e-02  1.83341346e+00]
 [ 1.00347817e+00  1.79969796e+00]
 [-1.72886897e+00  4.67693325e-01]
 [-7.47098849e-02  1.34522527e+00]
 [ 8.79007161e-01 -1.12937187e+00]
 [-5.02996957e-01  5.76146762e-01]
 [-1.51419560e+00  8.37366602e-01]
 [-1.32492847e+00 -1.85903914e+00]
 [-1.43962278e+00 -1.10779975e+00]
 [ 1.27550756e+00 -3.60730529e-01]
 [ 5.63275605e-01 -1.94894535e+00]
 [-1.11369798e+00 -1.38501593e-01]
 [ 4.54343727e-01  8.62857286e-01]
 [-1.23526729e+00  6.90747910e-01]
 [-4.64905060e-01 -1.17532295e+00]
 [-1.98796860e-01 -9.94370693e-01]]
