[[53.17961809  8.12148125]
 [31.26424771 52.76141884]
 [46.69300446 21.45975614]
 [29.75838582 35.97724577]
 [ 7.1368173  23.90176858]
 [32.28780042 34.4566388 ]
 [ 4.50112398  0.90433363]
 [56.66794657  2.989482  ]
 [41.99690477 12.34490372]
 [ 5.54078794 33.60692032]
 [36.64226505 39.17180867]
 [37.16128257 25.71801782]
 [61.6399747  43.61719073]
 [26.62722232 18.19472115]
 [34.37754949 56.90403082]
 [42.64077435 59.67585053]
 [38.5045698  36.86265148]
 [20.54764269 29.29346332]
 [ 7.64382155  9.40402863]
 [62.24947128 30.51951651]
 [34.91027051 55.50670779]
 [19.45411833  8.98039496]
 [33.24478225 42.44877208]
 [50.72926787 56.02875077]
 [47.04436178 36.42523656]
 [39.36657926  3.60984552]
 [16.30311625 15.20971246]
 [ 9.84391298 53.65263863]
 [60.51420785 16.24166287]
 [37.76577912 18.62676242]
 [ 4.52624406  6.95126309]
 [21.05420452 43.78886588]
 [53.19511099 49.88607335]
 [41.30492278  3.13936397]
 [16.19357266 44.06460526]
 [48.1748762  28.20393016]
 [44.30556429  5.81875644]
 [20.11179094  0.9152184 ]
 [24.90350032 50.28781278]
 [ 0.15685218  2.63114154]
 [41.68919044 42.26026686]
 [56.33808713 26.29957858]
 [12.21893553 55.37667211]
 [ 9.8861518  59.40198782]
 [ 5.56054898  1.12959769]
 [27.30596924 15.78838003]
 [53.38476987 59.29035793]
 [49.61267411 31.49310368]
 [24.32350009 32.36139427]
 [25.78907677  1.95954145]
 [12.9301135   7.22421156]
 [45.15535178 40.13390305]
 [ 7.33640594 55.50462414]
 [15.28485071 17.83053865]
 [28.13722226 12.75344208]
 [21.43926797 16.88025587]
 [19.62627854 56.05832746]
 [ 8.54183461 10.93421762]
 [30.35347434 24.02565225]
 [ 0.32675497 54.60922892]
 [27.07892388  4.44643218]
 [36.89737788 24.50843183]
 [17.28488078 42.12121155]
 [22.84632169 34.27082047]
 [-0.81011933 29.35341219]
 [11.86755118 24.57506388]
 [22.75077407  6.67670146]
 [46.22684301 10.97441672]
 [-0.08613487 43.10715856]
 [29.8493333  22.34451619]
 [58.71894863 46.02858639]
 [29.22408167 26.01193695]
 [42.91160549  7.96468356]
 [ 7.02064693 43.77836079]
 [36.98358538 35.01719978]
 [32.02694689 47.38799938]
 [ 4.15586155 46.81134817]
 [12.02262783 38.4288754 ]
 [27.55391097 40.38674135]
 [62.14872534 21.21594541]
 [48.61024204 13.94281179]
 [61.58059307 34.79588856]
 [31.42954355 61.50313821]
 [20.83010619 -1.87752656]
 [-1.19957009 15.65006817]
 [ 6.91667235  7.95086623]
 [ 0.91326097  8.58970583]
 [20.18413549 29.60999075]
 [34.87558698 58.75908178]
 [61.08648469 56.22462562]
 [38.85731345 14.26874154]
 [41.47177014  1.45511807]
 [53.49096672 28.14444516]
 [17.06862224 61.66709991]
 [-1.99094356 19.30100629]
 [39.19484906 47.01272899]
 [24.24351727 -0.4766964 ]
 [57.85148898  7.29778056]
 [44.92118601 21.45174412]
 [32.80352706 54.26362041]
 [58.97684342 50.74926969]
 [30.40103343 14.26053142]
 [60.27071669 29.01376098]
 [-0.9603115  59.82454598]
 [25.48339947 42.9592779 ]
 [45.7649389  46.23705978]
 [16.87543379 42.98575081]
 [19.399522   60.03319615]
 [13.84612451 58.1020477 ]
 [30.75189754 35.92597082]
 [45.53771111 45.81009608]
 [14.39536525 30.30035394]
 [ 9.59250806 44.3624711 ]
 [58.95528594 44.88109481]
 [24.1681635  11.25168798]
 [22.92955551 24.70528927]
 [14.60535219  1.98914208]
 [ 9.09158712 23.20766898]
 [-0.29990052 47.59746117]
 [12.66247376 37.55514661]
 [15.67941005 54.02324413]
 [22.14771379 37.73740447]
 [54.36005243 24.39604662]
 [ 9.56625464 39.12195492]
 [40.72634832 45.29872517]
 [53.76899661 57.47665851]
 [52.82072636 13.12990134]
 [51.08125281 28.54383355]
 [61.3399096  16.54598544]
 [34.61260329 32.96870305]
 [53.86559736 53.22888663]
 [25.17043099 12.54810842]
 [-1.64112482 47.83266038]
 [26.96633477  4.55632669]
 [25.28101762 24.3501737 ]
 [ 6.8615897  62.49789967]
 [ 1.2723893  21.75569201]
 [33.40617932  2.262612  ]
 [31.39023431 49.24700474]
 [34.12667259 21.22333149]
 [14.98052272 52.30888486]
 [46.91527734 47.80360095]
 [23.72167025 34.54613219]
 [11.51609829 24.59756341]
 [52.927587   23.3382824 ]
 [53.89195067 24.35517952]
 [39.68811034 18.31958789]
 [45.02365506 62.02169315]
 [ 9.4052558  -1.78572882]
 [ 8.74344294 41.68613681]
 [54.60263672 62.46936448]
 [25.2430139  40.74741161]
 [-1.85132998 24.05300841]
 [21.22198197 17.68602842]
 [56.84389857 59.09011135]
 [ 1.36153044 42.63536538]
 [60.54186101 55.3610756 ]
 [59.24281889 -1.21469758]
 [21.40922176  8.14683819]
 [25.84018018 60.89940014]
 [36.17901597 22.24919656]
 [34.21757595 27.70505645]
 [54.15198688 58.41983959]
 [10.06993291 33.67993704]
 [13.68726891  8.34818495]
 [31.56901872 21.32565704]
 [12.30442711 27.70960085]
 [58.65780684  1.32216873]
 [37.15957208  8.59558768]
 [ 9.46675824 16.19774733]
 [-1.91131718 43.06021814]
 [ 6.86838128 15.11733836]
 [57.58066685  7.53662606]
 [53.10911601 48.93338863]
 [ 0.8835683  18.59057705]
 [10.15787725 33.38231863]
 [35.05214792 39.70910422]
 [17.75764847  4.98488598]
 [59.56071058 36.00117327]
 [-0.28423267 24.27248784]
 [62.97989956 36.54636715]
 [17.05185113 -0.36832746]
 [54.07875261 23.23164895]
 [18.26430001  1.19577269]
 [30.95918987  6.23518399]
 [57.86208346 33.11836074]
 [13.68497465  6.19883313]
 [39.34857192 37.67630502]
 [27.90859914 53.77817059]
 [30.79354286 38.24707728]
 [28.91573907 37.37375708]
 [54.26876885 28.41283085]
 [20.91570992 43.64162067]
 [53.12549821 24.43337578]
 [24.47988187  2.12214126]
 [16.01930042 16.47885296]
 [25.6797854   8.22390145]
 [43.7290253  44.61276783]
 [23.54487407 26.1119267 ]
 [60.38529291 61.55895037]
 [12.46767703  3.31976107]
 [ 2.55691047 42.27029232]
 [17.73790988 15.21762066]
 [52.32236624 40.86333526]
 [13.82947738 41.23432021]
 [20.50688843 43.55957454]
 [61.13826231 59.21752702]
 [23.4224134   5.26864583]
 [28.92945237 23.48704387]
 [28.52051068 23.74244877]
 [23.97150755 16.32842742]
 [59.98581105 44.27570936]
 [30.17417693 39.30010931]
 [ 5.67815601 12.3458132 ]
 [42.45503202 27.09350342]
 [56.22536303 35.53774793]
 [16.39467854 30.34301917]
 [15.14948144 24.17982139]
 [48.10296458 29.72008394]
 [ 5.57100555 48.43799638]
 [13.85344182 52.70737844]
 [ 4.73123016 48.11013329]
 [23.63083557 62.44868562]
 [21.14576532 26.01573724]
 [-0.92257657 18.94118368]
 [59.19904989  0.36931866]
 [ 3.06858409 46.5767723 ]
 [41.89769079  2.14857549]
 [16.59769399 61.06517589]
 [ 8.17087091 60.46876769]
 [ 7.823983   -0.64337192]
 [ 9.79194826 53.07856348]
 [54.33139772 20.48369041]
 [27.71459059 38.71694409]
 [53.66312438 62.56469167]
 [ 9.37285112 28.23548548]
 [58.71233664 52.3824232 ]
 [28.6229013  11.01104134]
 [15.06659102 51.18770739]
 [38.3541113  29.91185345]
 [50.1823146   7.48375101]
 [ 6.53227397  2.99615415]
 [48.39689606 34.69834693]
 [50.34557736  9.27895948]
 [60.49360103 61.0812953 ]
 [60.20344071 59.70803949]
 [61.7142911  28.11242289]
 [33.92253751 23.16946669]
 [49.60980453  6.41097595]
 [21.43280694 45.02790132]
 [ 7.8925398   6.17838053]
 [50.24798949 32.9466578 ]
 [17.65517187 22.13639196]
 [-0.82989009 33.98218644]
 [56.32123499 31.04662978]
 [60.52074456 13.50455395]
 [16.98950301 58.58828192]
 [14.40873243 25.19809564]
 [38.89096554 56.45625596]
 [42.52899052 27.13327813]
 [14.76390274 51.0902038 ]
 [44.53602456 52.65554661]
 [46.73721304  7.65270604]
 [18.44873103 -0.82354819]
 [45.75025232 57.04510428]
 [34.9428934  61.59466595]
 [ 4.95387414 52.82391634]
 [26.74288245 11.60971024]
 [23.0561621   8.76566279]
 [-1.60995267  7.55926977]
 [10.58827634 57.76901496]
 [21.98059903 38.13473311]
 [62.81973181 -0.66571893]
 [49.42691253 32.10940885]
 [ 9.26092485 61.84321664]
 [ 9.32974699 14.03101929]
 [40.10605797 19.19519715]
 [ 2.32152036 30.04279852]
 [18.13681331 19.50583118]
 [28.70697402 34.01051466]
 [25.91350628  7.13365666]
 [39.43339146  0.90323563]
 [24.31909419 46.95883232]
 [53.07789072 15.29256738]
 [24.98353792 19.67739394]
 [ 2.2424309  -1.28247965]
 [57.70346872  4.52759003]
 [27.02186974 33.00665254]
 [30.14835875 39.0963748 ]
 [33.36495978 52.46582615]
 [34.34744241 48.35667858]
 [17.72243808 53.21474275]
 [62.46774971 17.57723438]
 [36.23525575 20.20002574]
 [55.38049323 -1.77680059]
 [41.06131061 14.86680074]
 [28.98987074 35.2776697 ]
 [27.54172641 40.20403117]
 [24.26137131 24.98269348]
 [32.24584451 12.24729929]]
