[[  3.28342593 -34.88920241]
 [  3.16121786  11.49694178]
 [-32.02666908 -57.25571348]
 [-52.11629445 -63.86619619]
 [  7.10293767 -48.10856151]
 [-20.26961204 -30.77037834]
 [-16.06965614   9.28622872]
 [-47.15972051  20.42353094]
 [-15.24531202  21.99862603]
 [-38.28959555 -64.58982993]
 [-11.34362449 -34.02655758]
 [ -5.31002685 -21.40929628]
 [-18.45076822 -26.09412613]
 [-21.14499213 -29.9128365 ]
 [-44.9619739   23.34422306]
 [-10.74355458  27.31743143]
 [  8.44165323  15.65522626]
 [-14.22892742 -19.09608346]
 [-58.1489602   24.21136076]
 [-31.45022105 -15.75947961]
 [-49.01477689 -31.50575257]
 [-57.9675318   28.63477829]
 [-42.12684239 -29.06118425]
 [  0.56763716  -1.30321785]
 [ 25.79777433 -29.48185677]
 [ -0.28590975  26.81719309]
 [-54.17111081 -59.09564279]
 [-10.1022692    7.8002728 ]
 [-39.80207678  15.72826686]
 [-29.85792953  -6.16601086]
 [ 20.99113857 -28.66266609]
 [-68.76182339 -49.4786203 ]
 [-40.32169822 -68.13939494]
 [ 12.7966577  -20.23275901]
 [-64.24518916 -30.28666822]
 [-69.12598655 -45.73294068]
 [ -4.71102693 -14.59323969]
 [-17.53568566 -61.8353408 ]
 [-12.60598504 -26.10108535]
 [-31.46043261  22.77306471]
 [-27.27034057 -16.61356977]
 [-48.3033373  -31.83327582]
 [-20.13184411 -37.98867076]
 [-27.38957571  13.58199707]
 [-55.25409658 -31.58466762]
 [-48.83794299 -27.60593096]
 [ 23.45256968 -22.34364066]
 [-33.07033261  20.07985539]
 [ 29.13779359  33.71233699]
 [-43.35867807  -3.48867364]
 [-59.78866611 -16.86853434]
 [  6.19931104 -30.91709499]
 [ -4.00394844  -2.02502511]
 [-36.86448305 -36.77729691]
 [-37.69767703 -27.51006802]
 [-22.24151089 -33.41738292]
 [  1.3638901    7.87471021]
 [-56.15896287   4.44812185]
 [ 11.51250138   9.4622245 ]
 [ 12.16713111   3.32888509]
 [ 28.02299063 -44.44306112]
 [-50.56542479 -16.83315899]
 [-68.13120149 -65.65989217]
 [-50.04741623 -38.07235671]
 [-49.19120807   4.24936132]
 [ 10.53807272 -66.17389031]
 [ 12.58109411  29.02732323]
 [-26.1067046    4.9422011 ]
 [-18.78169661  33.47301053]
 [-21.11730412  17.72292824]
 [ 27.44381035  -6.60473162]
 [  6.85358087 -62.25328322]
 [-27.12664507 -12.54050748]
 [-30.25106582 -49.09753471]
 [ 23.40153305 -28.30090146]
 [  1.55439662  10.10628747]
 [ 33.05342806  25.66264775]
 [-27.87790046 -49.49128243]
 [  2.45276845  24.24720326]
 [-11.63023331 -57.80552943]
 [ 32.08614195 -19.3379578 ]
 [ 19.94471094  -9.62412679]
 [-19.2659325    9.70989297]
 [-67.11866316  -5.30871121]
 [ 20.3572311   -9.87793876]
 [ 30.44394462 -25.56382006]
 [-39.33242069 -64.41188275]
 [-37.52942357 -24.01659931]
 [-36.16020748 -40.58552832]
 [ 31.50282612   3.67526395]
 [-56.52322924 -45.6215115 ]
 [-37.57956963  -0.1550894 ]
 [-10.63555837 -46.67026194]
 [-56.58981171 -68.52495743]
 [ 23.98840626 -46.46487811]
 [-11.07525101  -0.52400953]
 [-67.81989841 -61.85958917]
 [-22.58460527 -39.58948864]
 [ 31.40802989  11.00712613]
 [-47.21351371 -36.05165765]
 [ 33.68360296  -9.93520183]
 [-47.3674485   17.92871352]
 [-46.92514836 -50.03269783]
 [-16.2556424  -45.69647696]
 [ 27.89826285  12.08807251]
 [-26.38445724 -13.20803473]
 [-49.04104169 -47.08651482]
 [-30.74775235 -39.77394539]
 [-16.0473819  -46.12792321]
 [-15.7029899  -45.7603728 ]
 [  5.5975958  -36.34163935]
 [-41.76920825  -7.92501797]
 [-45.37463618 -22.51889154]
 [ 13.98518605  -1.90385837]
 [ 20.89380644  21.12285143]
 [-63.63180148 -17.34605867]
 [ 29.51001962 -41.53180614]
 [-25.94850433  -8.37846493]
 [ 27.46741174  11.14741658]
 [-62.30716682  16.59219584]
 [ 25.31866159 -40.45517258]
 [-63.29792857 -36.25487349]
 [-11.16901406  29.31963353]
 [-40.7513289  -59.87591499]
 [-44.85552199 -28.78720477]
 [-62.23574688 -21.82342538]
 [ 24.57070184 -18.3617067 ]
 [ 16.46470919 -33.43818162]
 [-47.63984732  25.56284717]
 [-50.4058736  -52.84754143]
 [-39.20453729 -15.39236721]
 [-59.67738615  14.3753571 ]
 [ -7.71745242 -62.4808731 ]
 [-40.20002158  32.86850018]
 [-43.70795623 -49.75407274]
 [-28.98378567 -10.39015959]
 [ 21.90700255 -30.91456583]
 [ 21.80351127 -57.18151257]
 [ 33.66663893 -54.09303036]
 [-61.53937625   3.0359591 ]
 [ 12.14369076   4.73488467]
 [-47.22683072 -24.62334805]
 [-52.67322732 -66.28669432]
 [-11.23874231 -50.65322792]
 [ 27.82913277 -50.65503834]
 [-45.00975234  -3.95729978]
 [-35.66101429 -33.7750395 ]
 [-42.91864749  -6.08690225]
 [-40.40893978  17.71528192]
 [-23.64539629  32.36771416]
 [-46.80757564  -6.78745935]
 [-58.15528619 -43.99280201]
 [-22.8632229   -5.40423262]
 [-12.32321654  19.31672826]
 [-27.1611879   16.7689583 ]
 [-56.15014136 -61.11233663]
 [  2.80656039 -15.26606608]
 [-24.4737224  -19.21187512]
 [-60.06859058 -64.93882554]
 [  1.19579536 -24.31243813]
 [ 16.77337959 -53.43114527]
 [-26.92725924  21.18445883]
 [-46.43185976  14.84526582]
 [-47.11021514 -29.86428305]
 [-18.17775788 -69.55329371]
 [-36.2092394   28.27514969]
 [ 13.92630697  20.49194372]
 [-18.10061612   4.34850818]
 [ 14.34762448 -17.15862899]
 [-38.92826355 -62.85251392]
 [ -7.69747341  15.34665962]
 [-14.52669455 -56.22004385]
 [-22.00232025 -49.27064965]
 [-49.12524146  10.64556233]
 [ 28.4382741  -63.28089184]
 [-61.50999978  -6.01869894]
 [  3.40184039  -7.78860719]
 [-28.9905805  -22.7305944 ]
 [-21.29361656 -12.20124669]
 [-45.09359362  -0.61877695]
 [-23.5224346  -58.33359652]
 [ 32.88758503 -28.11717186]
 [-19.63691085 -16.74957385]
 [ 31.66155727  10.99813525]
 [-65.2991163  -24.447924  ]
 [-20.40910236  16.17743274]
 [ -3.73794765 -12.95082504]
 [ -1.45124731 -43.46049186]
 [-69.96117834 -39.80828122]
 [-59.18172137   1.89493138]
 [-69.86488735 -46.05046686]
 [-28.9866063  -26.94990853]
 [-65.70096733  -3.52624403]
 [-39.38324328 -43.79770717]
 [-54.49163587 -46.48980885]
 [ 19.97670133 -23.35089015]
 [ 32.09838392 -55.37108604]
 [ 25.99460787  23.43562116]
 [-12.80165767 -23.70493235]
 [ 17.89814907  -4.24374458]
 [ -7.97351583 -49.1723483 ]
 [ 30.83830059 -17.31327917]
 [-53.84437807 -41.78924143]
 [-35.39110552  14.75330501]
 [  1.65569909 -24.59556981]
 [-20.91196347 -34.533836  ]
 [  9.08398976  31.67758508]
 [-61.44093494   8.84635035]
 [ -5.56914628 -52.51650543]
 [ -5.5916849  -16.11118187]
 [-56.95820041  -0.61171154]
 [-13.75178686   2.0907602 ]
 [ 22.52122453  17.97708224]
 [-58.14733863 -35.31474897]
 [  5.19483859  10.5730122 ]
 [-44.70336533   9.8003872 ]
 [  5.35397835 -19.96012805]
 [ -8.48739712  30.46094846]
 [-13.89126493 -37.9157794 ]
 [-61.78503974  27.13448209]
 [-62.96225791 -37.41422377]
 [ 13.66518874  20.08711474]
 [-47.77980132 -11.86738633]
 [-57.50133978  15.80599168]
 [-31.71964201 -62.52316632]
 [  5.94430727  33.95699635]
 [-27.33305775 -55.21977615]
 [ 13.46054109 -10.41929137]
 [-36.38342792   3.90896659]
 [-56.88729727 -18.80301057]
 [-35.6934181   29.91155237]
 [ -0.39536496 -66.35086069]
 [-50.94539675  19.37647825]
 [-37.63167726  12.67644479]
 [ 16.81318136 -31.59457867]
 [  5.85040375   9.13349703]
 [-13.57260991 -65.13349385]
 [ 20.77635773 -16.80282196]
 [-60.98042129  -0.27638767]
 [ 21.1997036  -52.57389987]
 [-60.88303963 -44.56386734]
 [ 10.92704569 -11.12008394]
 [-18.20669668 -31.20262358]
 [-17.77324852  10.97809997]
 [-61.89523299  15.07940448]
 [-27.24903537 -54.61302639]
 [-59.43177507 -23.09046551]
 [-56.34963094  14.83914952]
 [ 28.31076072 -46.74509546]
 [-11.5877602  -17.30636092]
 [-58.07819506 -24.40817235]
 [-20.4619854  -20.78840571]
 [-69.59280462 -46.266688  ]
 [-29.5218639  -47.17841412]
 [-10.36279634  10.75013404]
 [ -2.60142102 -35.67248911]
 [-58.30696951 -18.69710725]
 [-17.14342053 -38.08715384]
 [  4.08010575 -34.74243482]
 [-11.49367239 -19.05990061]
 [-23.03922643   7.42435339]
 [ -0.17000852 -41.39763402]
 [-52.33687224 -34.69322526]
 [-34.00627732 -15.70795285]
 [-16.48467952  18.51594644]
 [ 27.28230574  29.79849301]
 [-47.53018482  25.16537644]
 [-16.12270338 -49.51385646]
 [-43.62419079 -12.0168511 ]
 [-52.08027741 -14.72118962]
 [-69.41359617 -65.95112251]
 [-46.98061578 -32.86140421]
 [ 24.25928382  26.20125629]
 [-13.65019105 -58.54964888]
 [ -0.7073373  -33.3376801 ]
 [ 31.39398439 -46.03255341]
 [ -1.59413513 -46.09802777]
 [-59.21141202  32.77099865]
 [-19.15581985 -48.40052664]
 [-69.29850669 -28.09849341]
 [-42.40156582  30.11707653]
 [-36.84542993 -24.88682811]
 [-58.51733744 -10.36474873]
 [-59.05663099 -41.145708  ]
 [ -7.04023077   5.46653445]
 [-36.68207387 -28.0253989 ]
 [  6.97272754  -0.60622307]
 [-13.99377397 -11.08272553]
 [ -9.35922776  22.81449649]
 [ 17.74284031  10.21874034]
 [ 14.6299215  -60.51440588]
 [-23.6982409   31.19840566]
 [-17.6467182    4.50880997]
 [-24.37042965  29.81646467]
 [-32.71678777  32.94937312]
 [-64.0015353    2.00037938]
 [ -8.59256094  20.58133286]
 [-36.32305958 -50.42378883]
 [-29.94846606 -35.67179717]
 [ 15.19607415 -53.28829349]]
