[[-3.14297606e+01 -7.09003744e+01]
 [-6.56533892e+01  1.67796678e+01]
 [-6.37800293e+01 -5.58290240e+00]
 [ 2.13893655e+01  2.25388201e+01]
 [-1.77572045e+01 -1.89895341e+01]
 [-7.30307610e+00 -6.73011707e+01]
 [-3.45543178e+01 -6.35411741e+01]
 [-1.10729115e+00  2.84179810e+01]
 [ 1.12034840e+01 -4.46143774e+01]
 [ 1.45900816e+01 -6.74162838e+01]
 [ 2.77172377e+01 -2.79047062e+01]
 [-4.33597749e+01 -2.36418416e+01]
 [-5.70802363e+01 -6.77064843e+01]
 [ 1.42974257e+00 -7.08985597e+01]
 [-7.40198685e+01 -2.38694173e+01]
 [-5.39590427e+00  2.30287562e+01]
 [-6.06618450e+01 -6.22779116e+01]
 [ 4.86664619e+00 -1.56898660e+01]
 [-6.88963507e+01 -6.17662976e+01]
 [-4.29168964e+01 -2.17204203e+01]
 [-6.02706823e+01  2.12423185e+01]
 [-6.08910593e+01 -1.55352310e+01]
 [-4.43252297e+01  3.45526192e+01]
 [-7.02220492e+01  1.06000467e+01]
 [-5.58544437e+01 -2.92485520e+00]
 [-6.07038244e+01  1.21070375e+01]
 [ 1.77949821e+01  3.03492887e+01]
 [-1.79924390e+01 -1.95185021e+01]
 [-1.33128242e+01 -1.77155271e+01]
 [ 1.02934631e+01 -4.94625784e+01]
 [-7.68187602e+01 -5.48692356e+01]
 [-2.18841457e+01  2.08433949e+01]
 [-3.85214826e+01 -7.58668600e+01]
 [ 1.28316144e+01 -4.88386738e+00]
 [-5.67126515e+00 -6.16889039e+01]
 [ 1.42631176e+01 -6.59332161e+01]
 [ 9.09266941e+00  3.47157097e+01]
 [-6.38948322e+01  3.40644451e+00]
 [-4.43595789e+00 -1.78099634e+01]
 [-2.43522976e+01 -3.23766049e+01]
 [ 1.06528144e+01  2.44888721e+01]
 [-7.54518299e+00 -2.59147258e+01]
 [ 1.77620113e+01 -5.94058855e+01]
 [-1.54578468e+01  1.32890591e+01]
 [ 1.56733430e+01 -3.17136604e+01]
 [-1.82572649e+01 -4.26534239e+01]
 [-4.07312633e+01 -8.14732623e-01]
 [ 1.61418304e+01 -4.89916264e+01]
 [-1.11068877e+01 -7.22796527e+01]
 [-7.33888095e+01 -1.86743818e+01]
 [-2.27286827e+01  5.46500970e+00]
 [ 3.48544543e+01 -6.45479985e+01]
 [ 1.43116209e+01 -5.59394263e+01]
 [-2.12951232e+01  1.36885476e+01]
 [ 4.68406971e+00  3.29690987e+01]
 [-5.80637690e+01 -1.59557120e+00]
 [-1.52275599e+01 -1.50473600e+01]
 [-1.50563172e+01 -7.03684395e+01]
 [-3.11564443e+01 -6.44852313e+01]
 [-5.25916053e+01 -6.64010130e+01]
 [-5.75992883e+01  1.79021291e+01]
 [ 3.18102732e+01 -2.07118598e+01]
 [-2.69497296e+01 -3.42208248e-01]
 [ 1.11787242e+01  3.20481413e+01]
 [-1.96815207e+01 -5.00866228e+01]
 [-1.55671463e+01  3.47311699e+01]
 [ 2.42546909e+01  1.13348497e+01]
 [-5.30588963e+01 -2.24530905e+01]
 [-7.27632817e+01  9.47922439e+00]
 [-7.45845353e+01 -6.28852812e+01]
 [ 2.37504890e+01 -3.79010894e+01]
 [-4.03909106e+01  1.22907142e+01]
 [ 1.97504372e+01 -5.53466636e+01]
 [ 1.35993938e+01 -4.46955870e+01]
 [-5.23760641e+01 -1.78185089e+01]
 [-4.55976478e+01  4.04162328e+00]
 [ 3.02009734e+01  1.49883168e+01]
 [-3.36541352e+01  1.66652060e+01]
 [ 2.72429363e+01 -6.46653452e+01]
 [-3.26527259e+01 -4.05456265e+01]
 [-2.75015266e+01  9.90481647e+00]
 [ 6.39397905e+00 -3.49313711e+01]
 [ 2.71822026e+01 -2.57681568e+01]
 [-3.24942289e+01 -6.91791289e+01]
 [-2.61981877e+01 -2.13471980e+01]
 [-2.08771993e+01 -1.24600974e+01]
 [-5.99897177e+01  3.30121855e+01]
 [-1.74067106e+01  7.92650917e+00]
 [-5.90333422e+01  2.97632747e+01]
 [-2.99456710e+01 -3.21769086e+01]
 [-5.92571520e+01 -2.82150252e+01]
 [-6.83482516e+01  1.47634595e+01]
 [-1.82828844e+01 -1.66101997e+01]
 [-6.79814913e+01 -4.41392144e+01]
 [-4.94110481e+01 -1.97782569e+00]
 [ 2.49089375e+01  2.14961653e+01]
 [-2.66105198e+01 -2.25798211e+01]
 [-7.03864441e+01 -1.03248350e+01]
 [-5.48319451e+00 -6.93460475e+01]
 [-1.76535676e+01  1.46978613e+01]
 [-2.48020759e+01 -4.74125626e+01]
 [-4.93884087e+01 -4.68598105e+01]
 [-2.97326356e+01 -4.16164475e+01]
 [-1.45300010e+01 -6.51896430e+00]
 [-1.23543885e+01  2.21446373e+01]
 [-1.61802648e+01  7.73222326e+00]
 [ 1.27818776e+01 -4.26960329e+01]
 [-4.90756316e+01 -1.89258368e+01]
 [-4.83488278e+01 -6.27322145e+01]
 [ 2.23845884e+01  1.39625215e+01]
 [-5.26280057e+01 -7.00690688e+00]
 [ 2.08887027e+01 -1.94322653e-01]
 [-2.46785140e+01 -2.61284311e+01]
 [-6.75765468e+00 -3.96979020e+01]
 [ 1.22873943e+01 -1.85907295e+01]
 [-7.19643728e+01 -4.80764413e+01]
 [-3.64815599e+01 -6.66560561e+01]
 [-5.56658837e+01  8.68150083e+00]
 [-3.53893038e+01 -5.87407134e+01]
 [-2.27185229e+01  5.90757026e+00]
 [ 2.44574772e+01 -6.61163226e+00]
 [-5.51059721e+01 -6.93126079e+01]
 [ 1.61110880e-01  5.74052919e+00]
 [-6.47036878e+01  2.08551486e+01]
 [-4.06873884e+01  1.55432567e+01]
 [-7.45032441e+01 -8.17939282e+00]
 [-1.87461047e+01  1.78069830e+01]
 [-7.04561561e+01 -1.02476383e+00]
 [-3.56525039e+01 -6.52269168e+00]
 [-2.07116949e+01 -6.64722318e+01]
 [-1.76292633e+01 -2.92096178e+01]
 [-4.52852668e+01  8.41500951e+00]
 [-1.01593421e+01 -4.03367344e+01]
 [ 1.55363345e+01  3.41608737e+00]
 [-3.12352442e+01 -3.86465168e-02]
 [ 1.63502786e+01 -5.27702749e+01]
 [ 1.03985810e+01 -5.94927913e+01]
 [ 1.05035829e+01 -1.57471008e+01]
 [ 3.48380766e+01  3.53922549e+00]
 [-2.98867167e+01 -5.57554757e+01]
 [-3.94931074e+01 -2.70950490e+01]
 [ 2.97323722e+01  9.07769226e+00]
 [-4.60954262e+01  1.27875881e+01]
 [ 4.83366469e+00 -4.34651702e+01]
 [-8.01876829e+00  7.54489726e+00]
 [-3.72443468e+01  1.67262635e+01]
 [ 1.95413340e+01 -5.45971006e+01]
 [-3.25454504e+01 -2.86209281e+01]
 [-7.21357195e+01 -3.41058839e+01]
 [-7.07030997e+01 -1.94267142e+01]
 [-3.73136016e+01 -5.95985363e+01]
 [-3.91484346e+01  3.17487926e+01]
 [ 2.21303192e+01  1.24546188e+01]
 [ 3.07375201e+01  2.64356081e+01]
 [-4.15380904e+01 -6.07746179e+01]
 [ 2.21914433e+01  5.10560140e-01]
 [-5.42916598e+01 -4.89355260e+01]
 [ 2.87317327e+01  5.88640521e+00]
 [-9.57208239e+00  2.95252776e+01]
 [ 3.02707632e+01 -3.69879942e+01]
 [ 2.77651707e+01 -7.02615008e+00]
 [-5.63911490e+01 -5.93403435e+01]
 [-6.59856501e+01 -6.80933871e+01]
 [ 2.57792360e+01 -2.24624102e+01]
 [-9.98048513e+00 -6.93118190e+01]
 [-3.74014931e+01 -7.66097586e+01]
 [ 7.10569622e+00  2.08148881e+01]
 [ 3.26108384e+01  4.39064263e+00]
 [-3.29826704e+01 -4.67208269e+01]
 [-3.68429157e+01 -7.20049837e+01]
 [-3.58291754e+01 -2.73831127e+01]
 [-3.39107502e+01 -6.77725088e+01]
 [-1.17463537e+01  5.01521991e+00]
 [-2.12909667e+01 -5.96970171e+01]
 [ 8.97415693e+00 -4.59495656e+01]
 [ 6.14689753e+00  9.79103627e+00]
 [ 2.95923507e+01  2.06184932e+01]
 [-3.88155535e+01 -6.46151697e+01]
 [-2.46793614e+01  2.02227552e+01]
 [-1.58235576e+00  2.30655656e+01]
 [-1.20554351e+01 -3.78693788e+01]
 [-7.69231521e+01 -6.98812550e+01]
 [-6.55573922e+01  2.80918567e+00]
 [-6.75065957e+01 -7.43267435e+01]
 [-4.36000870e+01  6.76149189e+00]
 [ 2.39480701e+01 -2.77782628e+01]
 [-9.34943487e+00 -3.80468416e+01]
 [-3.49744625e+01  2.66028977e+01]
 [-7.67749205e+01 -6.94004528e+01]
 [-7.27352002e+01  3.42938384e+01]
 [-4.55960399e+00  2.08415423e+01]
 [-6.16950356e+01  2.38208528e+01]
 [-3.12913650e+01 -6.72556987e+01]
 [-3.16823733e+01 -6.90356344e+01]
 [-4.83527502e+01 -5.57811351e+01]
 [ 1.51300430e+01 -2.57599717e+01]
 [ 2.48340494e+01 -3.49185539e+00]
 [-4.96074606e+01 -1.05719117e+01]
 [-4.66941024e+01  2.16937844e+01]
 [-3.08610628e+01 -5.94297889e+01]
 [-2.48175664e+01  1.14996579e+01]
 [-3.43548373e+01  5.75953407e+00]
 [ 8.21480486e+00 -5.25627305e+01]
 [ 2.82487163e+01 -3.91881639e+01]
 [-6.69602235e+01 -2.68356326e+01]
 [-5.35019714e+01 -2.92541938e+01]
 [ 1.61920915e+01 -1.42290064e+01]
 [ 7.38266496e+00 -5.32525795e+01]
 [-3.57335967e+00 -1.33159792e+00]
 [-7.31697069e+01 -7.65214576e+01]
 [-2.29301315e+01 -5.92550854e+00]
 [-5.23893916e+00 -5.50478472e+01]
 [-6.09035802e+01 -2.73429897e+01]
 [-5.81394274e+00 -7.13545838e+01]
 [-3.45057688e+01 -6.41536429e+01]
 [ 6.92835712e+00 -2.92738185e+00]
 [-4.15043124e+01 -5.41345195e+01]
 [ 2.16611864e+01 -5.78719589e+01]
 [ 2.81528869e+01 -3.03596365e+01]
 [-5.64455866e+01  1.02072184e+01]
 [-5.49907037e+01 -2.93650678e+01]
 [-2.41361268e+00 -2.69990441e+01]
 [ 2.61325668e+01 -3.70831603e+01]
 [-5.47218605e+01  2.21994137e+01]
 [-1.99253903e+00 -1.63577677e+01]
 [ 1.14444112e+01  3.10348522e+01]
 [-5.33769207e+01 -1.07322541e+01]
 [-6.28591496e+01 -3.08881467e+01]
 [-1.33135695e+01 -7.44165070e+01]
 [-4.25512224e+01 -7.03107127e+01]
 [-6.47034704e+01 -3.80432493e+01]
 [ 1.71928023e+01 -1.09349144e+01]
 [-2.88806254e+01 -4.62209082e+01]
 [ 8.80714551e+00  2.50337103e+01]
 [ 3.20635304e+01 -3.36451203e+00]
 [-2.73260289e+01 -6.77535549e+01]
 [-2.73138413e+01 -1.01607244e+01]
 [ 1.92151910e+01 -4.99033893e+01]
 [-4.74162039e+01 -3.33558541e+01]
 [-6.81758989e+01 -9.45883898e+00]
 [-6.36849360e+01  8.39937853e+00]
 [-3.46881492e+01 -4.05990845e+01]
 [-1.39071803e+01 -3.44628251e+01]
 [-6.31503968e+01 -7.26417605e+01]
 [-6.92659048e+01 -2.92851917e+01]
 [ 2.54053997e+01 -4.76831148e+01]
 [ 3.13940640e+01 -4.98060576e+01]
 [ 9.56428602e+00 -3.62501731e+01]
 [-7.39869905e+01 -7.04368891e+01]
 [ 1.91206332e+01 -3.89340888e+01]
 [-3.68917341e+01  1.28528309e+01]
 [-7.30075611e-01  1.98929402e+01]
 [-4.94484083e+01  1.93736709e+01]
 [-3.54458858e+01 -4.75394389e+01]
 [-2.50570467e+01 -2.37083670e+01]
 [-1.56600826e+01 -3.08546826e+01]
 [ 2.89098060e+00  1.04115660e+01]
 [-2.56722457e+01 -4.12696907e+01]
 [-2.16413389e+01 -1.51879982e+01]
 [-2.57634371e+01 -2.18851352e+01]
 [ 5.03892104e+00 -5.80075069e+01]
 [-6.58103367e+01  2.64099289e+01]
 [-7.15184823e+01 -2.24714422e+01]
 [-7.31097157e+01  1.99165076e+01]
 [-4.80950064e+01  1.90105247e+00]
 [-4.37915999e+01  3.15788924e+01]
 [ 2.25234272e+01 -1.17987311e+01]
 [ 1.01393196e+01  3.21949402e+01]
 [-4.75618520e+01  2.01296437e+01]
 [ 2.94242589e+01  1.12843180e+00]
 [-6.49094995e+01 -7.59634714e+00]
 [ 1.05970871e+01  2.95073396e+01]
 [-3.51057065e+01 -3.68906135e+00]
 [-5.10545071e+01 -5.77415675e+01]
 [-1.33427152e-01 -2.95676847e+01]
 [ 7.47803694e-02 -2.11947810e+01]
 [-6.13748039e+01  1.32807906e+00]
 [-1.80696004e+01  2.30100606e+01]
 [-6.12794787e+01  1.78020624e+01]
 [-7.21063313e+01 -7.37850047e+00]
 [ 3.18029905e+01 -6.67245815e+01]
 [ 2.70513458e+01  1.66990623e+01]
 [-3.96451512e+01  3.19871607e+01]
 [-2.44372050e+01 -2.56463901e+01]
 [ 1.28287635e+01 -3.17845812e+01]
 [-9.66123543e+00 -9.91972684e+00]
 [-1.71183903e+00  1.59779927e+00]
 [-1.52735666e+01  1.49859741e+00]
 [-5.11944508e+00 -4.66036265e+01]
 [-3.82528620e+01  3.21777737e+01]
 [-1.28024871e+01 -4.88275153e+01]
 [-3.72149908e+01 -6.53970016e+01]
 [ 8.40539752e-01 -3.17277431e+00]
 [-1.87294413e+01 -3.42872402e+01]
 [-5.12727442e+01  7.00298498e+00]
 [ 4.13964946e+00 -4.61541217e+01]
 [-2.19683947e+01 -1.43853520e+01]
 [ 1.47793667e+01  2.40469778e+01]
 [-5.02245157e+01 -1.90326043e+01]
 [-1.25042882e+01 -6.38793854e+00]]
