[[0.6311936  0.80138257]
 [0.75279446 0.79106799]
 [0.65684436 0.95729318]
 [0.55838895 1.05934448]
 [0.10319767 1.01894572]
 [1.10185757 0.68195972]
 [0.91137715 0.46963794]
 [0.71346961 1.06208411]
 [1.11282565 0.20032929]
 [0.97424141 0.19836576]
 [0.20085774 0.94687395]
 [0.69096341 1.06179997]
 [1.05768295 0.80571599]
 [0.88264341 0.5865914 ]
 [0.33954677 0.97756344]
 [0.67236151 0.95743177]
 [0.65206249 0.83039486]
 [1.01524373 0.6878838 ]
 [0.56027824 0.96643831]
 [0.49724093 0.83034809]
 [0.24629172 1.13220438]
 [1.16784363 0.49587128]
 [0.25616768 0.98369986]
 [0.67126118 0.79262026]
 [1.09278865 0.5791371 ]
 [0.7262417  1.06510558]
 [1.1176722  0.61098104]
 [1.04987461 0.77065602]
 [0.45702606 1.00632271]
 [1.02329416 0.37753266]
 [0.59567956 0.78359931]
 [0.54233216 1.19030535]
 [0.18371045 0.95924886]
 [1.00358511 0.19671593]
 [0.97545888 0.62548092]
 [0.8865931  0.82462078]
 [0.67591558 0.88616507]
 [0.70254943 1.02527935]
 [1.09125194 0.13026856]]
[[0.92481763 1.05185407]
 [0.98476381 1.00282861]
 [0.7165429  0.90085052]
 [0.34529041 1.05575271]
 [1.15694014 0.55030692]
 [0.97123688 0.4274607 ]
 [0.26178983 1.11688294]
 [0.52975463 1.0496646 ]
 [0.96170134 0.27773038]
 [0.87108579 0.95538189]
 [1.16395269 0.71741307]
 [0.67625287 1.04799949]
 [0.86903215 0.8552713 ]
 [0.83233755 1.04791967]
 [0.95147241 0.59212612]
 [0.55820436 0.89012022]
 [0.8165459  0.93566601]
 [0.76943582 0.79173231]
 [0.43667626 1.12313188]
 [0.88266624 0.58034348]
 [0.6032957  1.17813664]
 [0.64583315 0.84754836]
 [0.68539338 1.07068955]
 [0.70504348 0.8848808 ]
 [0.82458628 0.70600736]
 [1.0902144  0.22641562]
 [0.15628769 0.96901293]
 [0.59536274 1.09306441]
 [1.00610355 0.32008957]
 [0.92059226 0.82282934]
 [0.9691205  0.93630497]
 [0.49764808 0.94136077]
 [0.39949207 0.99669033]
 [0.37467251 1.00388149]
 [0.51207917 0.80854719]
 [0.15058387 0.98738588]
 [0.9311223  0.18402342]
 [1.02879088 0.71188158]
 [0.87966287 0.77987181]]
