[[-0.29943066  8.08908508]
 [11.45693445 12.25585203]
 [-3.79110834 -0.24319994]
 [ 9.45193689  9.38306738]
 [ 8.21322717 10.68513473]
 [-0.42861515  0.68545039]
 [ 2.88670237 11.97649455]
 [-3.57962429  8.66266491]
 [-1.57551807  7.4457219 ]
 [ 2.44670349  9.32515202]
 [ 2.8256503  11.17878207]
 [10.53924779 -2.02537678]
 [ 3.65564424 11.71537636]
 [ 0.18899181  5.1535067 ]
 [10.93705672  5.3533307 ]
 [-2.68072791  3.37082743]
 [ 5.34480815  2.93270681]
 [10.26094016  2.51015127]
 [-0.89651768  5.94244674]
 [-3.83495175 12.56951575]
 [ 9.7528055  12.58975255]
 [11.52982003  2.7139927 ]
 [11.5341287   2.70938321]
 [ 6.47712595  3.78349903]
 [-2.02945779 -1.37702856]
 [12.23805237  1.24338741]
 [ 9.53720922  0.99849516]
 [-3.58518209  3.22410452]
 [-3.732085    5.97714518]
 [11.58914639  3.75009831]
 [12.102461    8.13357681]
 [ 0.14693629  5.13556965]
 [ 6.5013821   0.66697425]
 [-4.06264347 11.54908744]
 [ 9.45605796  9.64627087]
 [-1.28366872 12.05569619]
 [-2.0556837  12.0555808 ]
 [11.49331842 -1.40952371]
 [11.8826333   4.73382327]
 [11.07143441  0.25602943]
 [11.33243315 12.47447875]
 [ 1.69934931 10.60479959]
 [ 5.92870919 11.5949264 ]
 [ 3.41436021 11.14576066]
 [11.29913066  8.16880314]
 [10.98864649  6.27841082]
 [ 5.2389848   8.18593517]
 [ 4.31881381 11.1883957 ]
 [-3.85723386 12.89342992]
 [11.91943749  8.51533679]
 [-2.20959199  8.46594606]
 [-2.77393572 -4.77298655]
 [11.23635396 -2.18189106]
 [ 2.97488807 10.76136836]
 [ 5.61397501  6.98783367]
 [12.78371365  3.92863299]
 [11.28123105 -2.84299725]
 [10.40605382 11.39736922]
 [11.02563542 -1.11664654]
 [ 3.72162888  8.03551667]
 [11.65872566 -0.30829904]
 [-0.99776863  1.02630998]
 [ 4.68757945 12.47000235]
 [-4.63524198 -4.62708163]
 [-1.53197956 12.24378878]
 [ 7.00056858 11.5122236 ]
 [-3.17223455 -0.25164251]
 [-0.63444235 -2.94776772]
 [ 6.32745668  6.26028316]
 [-2.08817667 12.00329869]
 [ 9.49539176  5.19763671]
 [-2.29473522  5.91276229]
 [ 1.59158064 10.3684371 ]
 [ 0.56477249  6.67688523]
 [11.85178722  8.9899593 ]
 [-4.35685585  7.02685338]
 [ 6.28119684  3.55116462]
 [ 2.6938471   8.37065611]
 [12.42973059 -0.59303831]
 [ 7.42184334  5.61693436]
 [ 9.27812483  4.57396088]
 [ 3.38741724  8.95306913]
 [-2.21108713 -1.05819385]
 [-4.15851653  5.97673724]
 [11.12058149  5.40644768]
 [12.71893155 -3.40667349]
 [ 9.09116802  4.51538079]
 [ 5.59429857  5.15978114]
 [ 4.79275402  8.58270182]
 [-4.78184776 -2.21830337]
 [10.97699254  7.51814914]
 [-2.42936919 -4.22286886]
 [12.12328392 -4.73130861]
 [12.00546692 10.07723798]
 [ 0.73488886 12.17820157]
 [ 4.91940866  5.44415913]
 [-2.13237822 10.57480906]
 [ 9.53840229  6.79755542]
 [12.59170722  2.24400951]
 [ 5.71464224  1.82956739]
 [10.33761833  0.61579175]
 [ 5.52024898  3.50093159]
 [-2.7665598   3.77373203]
 [12.55386177  7.48102361]
 [-3.9050419  -2.66574537]
 [ 9.51572348 10.53121819]
 [ 8.67288431 -3.83599503]
 [ 0.23207434  7.49626229]
 [-1.81873804  4.48842402]
 [-4.4699582  -0.11631375]
 [ 8.83746232  8.04772473]
 [10.54030721 -1.40623021]
 [ 5.33028986  3.3734601 ]
 [11.27686066 -1.90783374]
 [ 0.61959943 -4.09043332]
 [11.4197742  -0.62817198]
 [-0.55126992 -3.28209574]
 [-1.69090085  1.59097942]
 [ 2.78998517  7.6504569 ]
 [-2.2158705   4.07407624]
 [-2.5448854   7.70096899]
 [-1.75852817  5.20942001]
 [-0.15372924  8.79872704]
 [-0.20235631 -4.44454187]
 [ 7.13928435  5.95539773]
 [10.29460836 -4.85421943]
 [ 7.91307448 10.7458361 ]
 [ 8.08351539 11.18117511]
 [ 2.86199619  6.76293253]
 [-2.58899677 12.84368133]
 [-1.5626009   1.53709605]
 [-0.75486763 -3.12666629]
 [-1.84882883  6.26717626]
 [ 4.93139046  7.78118552]
 [-3.01888855 -3.36393082]
 [ 1.27535767  4.74455269]
 [ 0.62357374  4.77972705]
 [-1.64316504  4.30229725]
 [-4.64165859  1.34963494]
 [-2.9135245   9.76428708]
 [-3.34383828 -3.98368242]
 [-1.33032106 11.40467378]
 [ 5.82614756 12.62525042]
 [ 6.04485527 12.2948781 ]
 [ 2.1669269  11.00921414]
 [11.13167009  7.30933701]
 [-2.21896406 10.26695226]
 [10.8899671   8.37760475]
 [-3.09907516 -3.33468101]
 [ 9.59638563  4.76726008]
 [12.45728425  9.43412827]
 [-2.32020761  0.21909164]
 [-2.44108108 -2.3736111 ]
 [10.74073624  5.88447465]
 [-1.21624738  4.23240331]
 [ 8.0529886   0.23958225]
 [-2.54511158 -1.82782634]
 [ 0.59589299 -3.55239304]
 [-3.20068491  9.46741702]
 [-1.39369971 -2.28311453]
 [10.60957453 11.58839563]
 [-0.32139745 -0.94942726]
 [11.79399134  8.17925682]
 [12.04500975 12.25871962]
 [ 6.97731241  3.35485618]
 [-2.05035594 10.43575237]
 [ 0.43261795 -2.98557514]
 [-3.23967405 -0.73762758]
 [ 5.51238645 11.15317911]
 [-0.97928472 -0.94977298]
 [ 3.54613976  7.3756948 ]
 [ 4.76717908 12.56805541]
 [11.57863181 -4.56626721]
 [-2.67867423 -3.90480891]
 [12.7815087   7.01428548]
 [ 0.4318232   8.60387657]
 [-0.14434788 11.58065994]
 [-1.81339314 10.81223457]
 [ 9.10118149 10.38500512]
 [ 0.6772275   7.28768256]
 [ 9.04811731  5.88461731]
 [ 3.39875179 10.05184824]
 [ 8.61834009  3.40181789]
 [ 8.34251321  8.2285955 ]
 [11.23816587  9.38139302]
 [-4.96115168 -3.17890205]
 [ 2.73181211  6.46332   ]
 [12.39871098 11.06525586]
 [ 3.97448748  8.70390577]
 [ 0.88996355 -4.14040984]
 [-0.20468464  1.07543488]
 [ 1.77347272  8.58233464]
 [ 6.51446984  8.86945879]
 [-4.66461038 -2.62834602]
 [ 9.17933287  6.19648778]
 [-0.48145042  8.1033547 ]
 [ 3.66479726  9.07407984]
 [ 7.10304067  3.02218442]
 [ 0.2439174   7.08555733]
 [-2.31931451 12.84495113]
 [ 0.11848702  9.52080158]
 [ 6.23295386  6.2511695 ]
 [ 2.94891043  8.33983475]
 [ 6.05556971 10.04587922]
 [ 0.13895985  1.84950829]
 [12.93816855 -4.09375573]
 [ 8.15346087  5.79914933]
 [ 0.21529337  6.43371487]
 [-2.64137931 10.223533  ]
 [-2.89428835 -3.3531887 ]
 [ 5.99162487  9.75611589]
 [-1.83444308  3.15520973]
 [12.62592337  4.82050924]
 [12.76221869  4.45449642]
 [ 0.34696969 -2.81769212]
 [-1.09157041  3.49995829]
 [12.75657172 -0.28280491]
 [12.45328874  6.44927486]
 [-2.02264105 -0.88387077]
 [ 2.89257883 10.10385136]
 [-0.37016668 11.61682629]
 [ 6.0221397  10.21949722]
 [10.08835941  2.77522156]
 [-4.04405063  9.64901357]
 [ 5.8952449  11.03562332]
 [12.34272448 10.78027945]
 [10.72584904 -4.86234695]
 [12.59805917  4.91687173]
 [ 7.02944659  9.88191926]
 [-4.85435999  2.048161  ]
 [ 7.05270641 11.88738983]
 [-3.10516596  9.80400266]
 [ 0.11743299  4.74603339]
 [ 9.01240822 11.09405511]
 [-4.27280819  9.51844155]
 [ 6.34210754  9.89509858]
 [ 9.43373586  6.51318856]
 [ 5.82514682  8.42050293]]
