[[2.62091825e+02 3.76264120e+01]
 [1.12586902e+03 9.43393912e+01]
 [5.77265945e+01 1.04774731e+02]
 [7.09524258e+02 3.90310217e+01]
 [7.26516819e+02 4.26455858e+01]
 [2.61421270e+00 4.80852008e+01]
 [6.07077889e+02 5.31375031e+01]
 [3.51421894e+02 8.70250672e+01]
 [2.31684127e+02 4.92189935e+01]
 [3.71779272e+02 2.52262631e+01]
 [5.31797872e+02 4.29051444e+01]
 [4.60711581e+02 8.00391850e+01]
 [6.02455113e+02 4.69035721e+01]
 [1.06377397e+02 2.31693641e+01]
 [5.93109438e+02 3.53734851e+01]
 [7.41951188e+01 6.16477845e+01]
 [1.48670974e+02 4.39259379e+00]
 [4.46351010e+02 3.38768381e+01]
 [1.44465669e+02 3.56571267e+01]
 [6.90798325e+02 1.35353941e+02]
 [1.01447634e+03 8.01935039e+01]
 [5.61210025e+02 4.78643790e+01]
 [5.61507529e+02 4.79417632e+01]
 [2.25072102e+02 3.66177567e+00]
 [2.40596262e+01 9.00797700e+01]
 [6.05263752e+02 6.65015402e+01]
 [3.67821409e+02 3.65983086e+01]
 [9.29935222e+01 7.68591563e+01]
 [1.98618892e+02 7.72041212e+01]
 [5.93486205e+02 4.49791043e+01]
 [8.50498536e+02 6.02642558e+01]
 [1.05582664e+02 2.35706065e+01]
 [1.70851295e+02 2.10292604e+01]
 [5.99545970e+02 1.25022053e+02]
 [7.29870295e+02 4.14442855e+01]
 [5.87950464e+02 8.92673413e+01]
 [5.98251455e+02 9.95638929e+01]
 [5.36332501e+02 8.32451782e+01]
 [6.54424227e+02 4.74414911e+01]
 [4.90568844e+02 5.93675726e+01]
 [1.13614664e+03 9.59675422e+01]
 [4.61398250e+02 4.23080734e+01]
 [6.78367644e+02 4.43555550e+01]
 [5.43543345e+02 4.02846276e+01]
 [7.77598794e+02 4.97203605e+01]
 [6.40675176e+02 3.74982210e+01]
 [3.77825985e+02 1.02072967e+01]
 [5.75329405e+02 3.87602560e+01]
 [7.24475153e+02 1.40756828e+02]
 [8.58335803e+02 6.02362080e+01]
 [3.06218158e+02 6.39909988e+01]
 [1.21904480e+02 1.55945343e+02]
 [5.24065195e+02 9.04716699e+01]
 [4.98628032e+02 3.72944437e+01]
 [3.21386139e+02 4.32844799e+00]
 [7.15429967e+02 6.17340254e+01]
 [5.41395229e+02 1.00966469e+02]
 [9.52743925e+02 7.01517509e+01]
 [4.91246144e+02 7.37216471e+01]
 [3.13680199e+02 1.08485942e+01]
 [5.44083729e+02 7.25166661e+01]
 [8.19541768e+00 5.17634409e+01]
 [7.09897439e+02 5.58985417e+01]
 [1.71581411e+02 1.85518589e+02]
 [6.09029300e+02 9.51392329e+01]
 [7.26157010e+02 4.64113308e+01]
 [4.05055839e+01 9.43651666e+01]
 [3.63674064e+01 9.49139523e+01]
 [3.16911413e+02 3.35045488e+00]
 [5.93758645e+02 9.92884411e+01]
 [4.68711568e+02 2.02476074e+01]
 [1.60906271e+02 5.40462970e+01]
 [4.40150467e+02 4.04374395e+01]
 [1.79599058e+02 2.24831871e+01]
 [8.85136915e+02 6.28667634e+01]
 [2.73435445e+02 9.16588860e+01]
 [2.08256815e+02 3.74058930e+00]
 [3.09298784e+02 1.66796638e+01]
 [6.19399588e+02 8.64829741e+01]
 [3.46534841e+02 6.24593318e+00]
 [4.28018874e+02 1.84838614e+01]
 [3.66528170e+02 1.82271787e+01]
 [2.40347220e+01 8.87014903e+01]
 [2.12058591e+02 8.48324406e+01]
 [6.11588037e+02 3.76267175e+01]
 [6.93506576e+02 1.30254063e+02]
 [4.12151999e+02 1.69725116e+01]
 [2.31678072e+02 3.78720805e-01]
 [3.86533046e+02 1.28787032e+01]
 [1.11147751e+02 1.47788449e+02]
 [7.08067727e+02 4.20655149e+01]
 [9.49378243e+01 1.40256837e+02]
 [6.77437177e+02 1.45439541e+02]
 [9.82727845e+02 7.48549123e+01]
 [5.95394621e+02 6.97177508e+01]
 [2.15357801e+02 2.03772297e-01]
 [4.65494494e+02 8.19493152e+01]
 [5.48751512e+02 2.38283009e+01]
 [6.54346677e+02 6.52295021e+01]
 [1.44017811e+02 1.05623564e+01]
 [4.28982209e+02 4.77114514e+01]
 [1.70918683e+02 2.51786509e+00]
 [8.75796263e+01 6.18231843e+01]
 [8.54260638e+02 6.32163058e+01]
 [8.94222023e+01 1.38063423e+02]
 [8.05822199e+02 5.09861332e+01]
 [3.59735121e+02 9.15648874e+01]
 [2.24991227e+02 2.89644406e+01]
 [9.38150328e+01 4.67568984e+01]
 [7.99762207e+01 1.15856775e+02]
 [5.71466454e+02 2.40147431e+01]
 [4.52302238e+02 7.17347895e+01]
 [1.59168892e+02 2.75472345e+00]
 [5.23229664e+02 8.71171467e+01]
 [6.84621929e+01 1.01823887e+02]
 [5.23223371e+02 7.28898206e+01]
 [4.43042038e+01 9.94097075e+01]
 [2.15614449e+01 5.63895755e+01]
 [2.65254032e+02 1.19090874e+01]
 [8.60327173e+01 5.29261219e+01]
 [2.63125460e+02 6.42205291e+01]
 [1.20921913e+02 4.57215597e+01]
 [3.09764921e+02 4.09912522e+01]
 [7.91796022e+01 1.16263882e+02]
 [3.45744573e+02 5.48932237e+00]
 [5.18169630e+02 1.25138518e+02]
 [7.12358964e+02 4.15006354e+01]
 [7.61447592e+02 4.77149929e+01]
 [2.15713114e+02 7.67899142e+00]
 [6.86652218e+02 1.19116209e+02]
 [1.92175434e+01 5.50594344e+01]
 [4.13834690e+01 9.91612065e+01]
 [1.70782665e+02 4.85121920e+01]
 [3.39461840e+02 7.73970017e+00]
 [8.17188747e+01 1.34257912e+02]
 [9.65492697e+01 1.39382138e+01]
 [9.29385397e+01 1.92016270e+01]
 [8.48390119e+01 4.46184309e+01]
 [9.34660359e+01 1.06286746e+02]
 [4.15319709e+02 8.53223014e+01]
 [1.08203920e+02 1.50326187e+02]
 [5.27345352e+02 8.10928109e+01]
 [7.73363775e+02 5.88269638e+01]
 [7.50817211e+02 5.43069690e+01]
 [5.03593473e+02 4.41369578e+01]
 [7.09361946e+02 4.29304155e+01]
 [4.41336441e+02 7.98542282e+01]
 [7.55102580e+02 4.60999264e+01]
 [8.28974572e+01 1.35061926e+02]
 [4.59269544e+02 2.11809288e+01]
 [9.76746829e+02 7.52725819e+01]
 [2.17254581e+01 7.64425242e+01]
 [4.63716260e+01 1.09739828e+02]
 [5.99961827e+02 3.37383480e+01]
 [7.75699819e+01 3.92309361e+01]
 [2.59632100e+02 3.19823165e+01]
 [3.92741684e+01 1.03547921e+02]
 [5.18983391e+01 9.25395853e+01]
 [3.99505476e+02 8.72090478e+01]
 [2.86200434e+01 9.39231532e+01]
 [9.87415940e+02 7.48742834e+01]
 [4.01883376e+00 6.37129555e+01]
 [8.23993896e+02 5.62659923e+01]
 [1.18143387e+03 1.02321173e+02]
 [2.39751794e+02 6.61626257e+00]
 [4.52435548e+02 7.92549227e+01]
 [3.64032688e+01 8.46303891e+01]
 [4.41583297e+01 1.00812599e+02]
 [6.19119234e+02 3.81241530e+01]
 [7.44426914e+00 7.11516443e+01]
 [2.67903924e+02 7.75763541e+00]
 [7.22728052e+02 5.73296682e+01]
 [6.19662043e+02 1.34791865e+02]
 [8.96913130e+01 1.38257660e+02]
 [8.50268661e+02 6.46092236e+01]
 [2.96852653e+02 3.38561656e+01]
 [5.36530084e+02 6.97694003e+01]
 [4.80771244e+02 8.02043968e+01]
 [7.62719343e+02 4.58179697e+01]
 [2.14275817e+02 2.39198536e+01]
 [4.65988591e+02 1.71698015e+01]
 [4.50364667e+02 2.80851664e+01]
 [3.43392603e+02 1.56465711e+01]
 [5.49229242e+02 2.15962235e+01]
 [8.57227628e+02 5.81113182e+01]
 [1.38873777e+02 1.66118982e+02]
 [1.96949211e+02 7.28598172e+00]
 [1.10467168e+03 9.15282528e+01]
 [3.66218105e+02 1.47705939e+01]
 [7.17401150e+01 1.00439492e+02]
 [4.79382392e+00 4.24909535e+01]
 [3.07206693e+02 2.32435998e+01]
 [4.84422466e+02 1.72663302e+01]
 [1.14667171e+02 1.51596357e+02]
 [4.90626451e+02 1.88984063e+01]
 [2.63584607e+02 3.96771091e+01]
 [3.83078655e+02 1.83808929e+01]
 [2.38347142e+02 8.33453450e+00]
 [2.01058474e+02 2.69698711e+01]
 [6.81487958e+02 1.15115623e+02]
 [3.62638808e+02 4.42668160e+01]
 [3.11707336e+02 3.08560035e+00]
 [3.12995665e+02 1.53614646e+01]
 [5.50358455e+02 2.65751245e+01]
 [1.37599630e+01 3.35553094e+01]
 [7.36620166e+02 1.45710913e+02]
 [4.00436229e+02 1.05829551e+01]
 [1.65756153e+02 2.49489558e+01]
 [4.45990047e+02 8.56759748e+01]
 [7.84831179e+01 1.32095550e+02]
 [5.24325464e+02 2.36039583e+01]
 [5.32821194e+01 5.01128634e+01]
 [7.30605001e+02 5.81869242e+01]
 [7.30867057e+02 6.05496132e+01]
 [3.22391073e+01 8.27670011e+01]
 [5.37649359e+01 3.93573552e+01]
 [6.51240403e+02 8.80724325e+01]
 [7.86710187e+02 5.76519107e+01]
 [1.94892174e+01 8.39374226e+01]
 [4.41819299e+02 3.04905227e+01]
 [5.40350706e+02 7.26210804e+01]
 [5.62817160e+02 2.82879208e+01]
 [4.37907401e+02 3.08410405e+01]
 [4.37831234e+02 1.03408179e+02]
 [6.26155577e+02 3.72302122e+01]
 [1.07422909e+03 8.73272334e+01]
 [5.54745022e+02 1.30051235e+02]
 [7.31546890e+02 5.77374134e+01]
 [5.88261790e+02 2.79517891e+01]
 [1.11039098e+02 1.05821764e+02]
 [7.64202819e+02 5.16497423e+01]
 [4.23042095e+02 8.87721568e+01]
 [9.01544937e+01 2.39039597e+01]
 [8.17206243e+02 5.32369275e+01]
 [4.35430478e+02 1.06401286e+02]
 [5.52541216e+02 2.57632428e+01]
 [5.25667990e+02 2.19477533e+01]
 [4.19348820e+02 1.23807076e+01]]
