[[0.84599709 2.48758214]
 [1.34048811 0.04022003]
 [3.97452704 3.39309712]
 [3.31534195 3.36181349]
 [5.13011127 1.94163202]
 [2.58790653 0.94288406]
 [6.42816412 0.58415522]
 [2.87639448 2.54910561]
 [3.37858095 4.12023309]
 [1.89397676 0.20390747]
 [3.09416596 4.20325144]
 [4.8605346  4.13960696]
 [4.72276372 1.19354886]
 [4.30720678 1.16483754]
 [4.48473733 0.1935541 ]
 [2.61748255 2.29868664]
 [4.6520271  3.17014931]
 [1.95383455 1.84727866]
 [3.45909901 4.36111271]
 [2.77494588 4.19384886]
 [4.15134761 2.17388091]
 [5.47447102 4.8688274 ]
 [4.30950859 4.06899873]
 [4.5951712  2.95811601]
 [1.53859017 1.61689588]
 [3.58872151 1.35980836]
 [0.51921036 0.87808379]
 [2.38260526 0.96835272]]
