[[ 27.61510385  23.56798368]
 [  7.19410406  37.99144468]
 [109.23989302   3.63373166]
 [ 89.17312867   5.5217278 ]
 [120.35190614   9.37054361]
 [ 30.34516223  22.27838464]
 [166.65012487  21.53933782]
 [ 59.08633849  10.51658371]
 [113.56451969   3.40298956]
 [ 14.51490495  32.64988393]
 [108.96474242   4.26701167]
 [163.04456957   0.75972679]
 [ 94.91622414  14.5659302 ]
 [ 79.63550701  15.18843357]
 [ 80.60132832  23.3674178 ]
 [ 48.54070055  12.9734833 ]
 [126.7648111    3.46943868]
 [ 28.91963145  19.21877585]
 [123.93868002   2.78255283]
 [101.15477166   5.60074548]
 [ 87.83778084   8.70715997]
 [214.70125253   0.242329  ]
 [140.51445989   1.34354175]
 [119.46419485   4.33317658]
 [ 19.92644798  23.42675151]
 [ 58.91200346  15.24270217]
 [  4.16244217  37.06766904]
 [ 26.45805932  23.10493497]]
