[[9.92139754e+02 1.31612250e+02]
 [1.63736307e+03 1.77426422e+02]
 [6.89008927e+02 5.40355171e+01]
 [9.31938327e+02 7.36497038e+01]
 [1.26416847e+03 1.40590778e+02]
 [4.23100525e+02 2.14562882e+01]
 [9.16471588e+02 6.67215274e+01]
 [9.39385669e+01 2.44157630e+01]
 [9.63237709e+02 1.22457114e+02]
 [1.17675494e+03 1.02403134e+02]
 [6.75159384e+02 8.74048573e+01]
 [1.29258582e+03 1.28395440e+02]
 [2.18823136e+02 3.82703395e+00]
 [6.78312621e+02 4.85499966e+01]
 [9.55216264e+02 1.08691363e+02]
 [1.00203524e+03 1.33456301e+02]
 [2.93747981e+02 1.84505130e+01]
 [2.67728578e+02 2.94280137e+01]
 [2.23801149e+03 2.75302956e+02]
 [1.21335832e+03 1.07055032e+02]
 [1.89877464e+02 1.67930691e+00]
 [1.61946684e+03 1.89536832e+02]
 [8.24682102e+02 8.07646302e+01]
 [1.11074498e+03 1.44442774e+02]
 [1.38307419e+03 1.34285913e+02]
 [1.07243742e+03 9.13695111e+01]
 [3.38563008e+02 1.79614276e+01]
 [1.22491503e+03 1.13614251e+02]
 [1.35455731e+03 1.55117355e+02]
 [4.66965915e+02 2.78676090e+01]
 [5.88852622e+02 5.71236126e+01]
 [1.28355283e+03 1.19807593e+02]
 [1.48560018e+03 1.73208480e+02]
 [5.67933549e+02 3.99375148e+01]
 [6.91197151e+02 3.71998994e+01]
 [1.17780037e+03 1.71332146e+02]
 [1.04168041e+02 9.41026908e+00]
 [8.90558733e+02 6.22367352e+01]
 [3.03649453e+02 3.00080740e+00]
 [1.61482325e+03 1.93170251e+02]
 [1.06911477e+03 9.75422951e+01]
 [6.15311640e+02 3.13794066e+01]
 [1.69591760e+03 1.86978327e+02]
 [1.95464455e+03 2.26073895e+02]
 [2.72278368e+03 3.61750645e+02]
 [1.34548912e+03 1.77225344e+02]
 [1.92659753e+03 2.29293290e+02]
 [5.15653692e+02 4.44025787e+01]
 [1.14532226e+03 1.06873959e+02]
 [2.39556311e+02 1.07810493e+01]
 [1.24927596e+03 1.72545931e+02]
 [3.25690832e+02 5.63853308e+00]
 [7.60654878e+02 5.00255137e+01]
 [2.16309414e+03 2.66053640e+02]
 [1.63513075e+03 1.91955297e+02]
 [1.59445414e+03 1.69725763e+02]
 [1.54394544e+03 1.72211285e+02]
 [1.80629261e+03 2.01053650e+02]
 [1.13287476e+03 1.00449295e+02]
 [1.98351052e+03 2.31476921e+02]
 [6.92729586e+02 4.05184550e+01]
 [1.12843706e+03 9.66702123e+01]
 [2.66087594e+02 2.60416922e+00]
 [1.30672402e+03 1.59841883e+02]
 [1.40492318e+03 1.76564779e+02]
 [1.48993018e+02 7.88842075e+00]
 [3.53878969e+02 6.23805820e+00]
 [7.29124839e+02 4.15657426e+01]
 [3.90057815e+02 7.88023804e+00]
 [1.65365803e+03 1.91179555e+02]
 [8.88686343e+02 9.07709666e+01]
 [2.18769676e+02 6.83485981e+00]
 [6.40294085e+02 8.08626910e+01]
 [1.10011464e+03 1.03965112e+02]
 [1.26638125e+03 1.38984698e+02]
 [6.34323873e+02 3.29557705e+01]
 [6.73200804e+02 3.95338230e+01]
 [3.40429840e+01 2.46538823e+01]
 [7.84971306e+02 8.30502566e+01]
 [1.74052345e+03 1.94089005e+02]
 [2.72506877e+02 2.25303974e+01]
 [3.60999821e+02 2.20108156e+01]
 [1.31488671e+03 1.22512023e+02]
 [1.08596592e+03 1.42057318e+02]
 [5.26199424e+02 2.89604883e+01]
 [2.72990481e+02 2.99348228e+00]
 [6.02056748e+02 5.87819049e+01]
 [1.82158769e+03 2.06727181e+02]
 [2.18479342e+03 2.68155887e+02]
 [1.57699518e+03 1.68532310e+02]
 [3.75127850e+02 6.98694694e+00]
 [1.06690269e+03 9.21427576e+01]
 [4.87589787e+02 2.92230364e+01]
 [2.26398139e+02 2.86611310e+00]
 [1.78849372e+02 1.28158544e+01]
 [9.41728312e+02 9.82225482e+01]
 [1.43612127e+03 1.98198482e+02]
 [8.26089134e+02 5.73264086e+01]
 [1.27703611e+03 1.24921257e+02]
 [1.75038256e+03 1.98690627e+02]
 [8.51278690e+02 7.54733697e+01]
 [3.49876615e+02 4.38773180e+01]
 [1.53096370e+03 1.57074764e+02]
 [3.97434573e+02 9.09563747e+00]
 [1.26629710e+03 1.39541545e+02]
 [9.26631784e+02 6.71445427e+01]
 [1.03565823e+03 9.71067766e+01]
 [2.17119314e+03 2.65876380e+02]
 [1.10475753e+03 1.36972393e+02]
 [5.61637406e+02 5.76904521e+01]
 [9.75289066e+02 9.99322418e+01]
 [1.19787266e+03 1.31586348e+02]
 [2.06717986e+03 2.46024362e+02]
 [1.96590498e+03 2.28286367e+02]
 [1.12950367e+03 1.32081678e+02]
 [1.72601426e+03 1.87767221e+02]
 [6.30549237e+02 3.01371744e+01]
 [1.58379248e+03 1.67171878e+02]
 [1.29149926e+03 1.31135451e+02]
 [3.11259682e+02 3.44929361e+01]
 [1.09303895e+03 1.04932471e+02]
 [3.64448642e+02 3.16809872e+01]
 [1.98790836e+03 2.35518902e+02]
 [5.20222803e+02 2.15358017e+01]
 [1.71490744e+03 2.02423005e+02]
 [4.77723647e+02 5.15083933e+01]
 [8.50075083e+02 1.10590770e+02]
 [1.48922146e+03 1.50757885e+02]
 [2.13906770e+03 2.60127363e+02]
 [6.13580441e+02 6.17089250e+01]
 [3.66958440e+02 3.68727584e+01]
 [6.81294630e+02 7.89354988e+01]
 [1.41158835e+03 1.86151036e+02]
 [2.40607468e+02 7.11595734e+00]
 [1.45842383e+03 1.92887263e+02]
 [3.13389789e+02 1.52907201e+01]
 [2.03822013e+03 2.41558062e+02]
 [3.84705861e+02 1.82005426e+01]
 [1.32572341e+03 1.52752928e+02]
 [2.73119536e+02 4.32108842e+00]
 [7.16242804e+02 4.08188259e+01]
 [1.16983028e+03 1.21258024e+02]
 [1.08011896e+03 9.01389595e+01]
 [9.39874084e+02 7.81316059e+01]
 [8.85999445e+02 6.84706500e+01]
 [6.09205861e+02 3.23822782e+01]
 [1.66119322e+03 1.92617924e+02]
 [5.99804228e+02 2.70422817e+01]
 [1.00919767e+03 1.04595472e+02]
 [2.48161303e+03 3.19273085e+02]
 [1.69492919e+03 1.94727110e+02]
 [1.43896625e+03 1.41745208e+02]
 [2.97860688e+02 2.82010145e+00]
 [9.07691608e+02 1.06411893e+02]
 [8.86399271e+02 9.37109168e+01]
 [2.29186795e+03 2.85654234e+02]
 [9.98021592e+02 1.40127271e+02]
 [3.99435794e+02 1.51886106e+01]
 [7.36642585e+02 8.17518989e+01]
 [2.72314127e+02 3.59077153e+00]
 [1.29862289e+03 1.29071226e+02]
 [9.68776202e+02 1.30129738e+02]
 [1.57580476e+03 1.84563547e+02]
 [8.28043568e+02 6.23895940e+01]
 [1.14191513e+03 9.83145458e+01]
 [7.28529773e+02 7.04602548e+01]
 [4.10862782e+02 3.36377286e+01]
 [6.84525563e+02 5.24142695e+01]
 [2.25807188e+03 2.79472982e+02]
 [8.77091022e+02 1.00579854e+02]
 [1.34880393e+03 1.33916201e+02]
 [1.24448922e+03 1.42910941e+02]
 [2.37079540e+03 2.98536648e+02]
 [1.31833549e+03 1.46544633e+02]
 [8.82517162e+02 6.86104549e+01]
 [1.54923690e+03 1.76061761e+02]
 [1.80149860e+03 2.03478606e+02]
 [8.40091709e+02 8.19526968e+01]
 [3.03093246e+02 1.61358704e+01]
 [6.72230553e+02 4.14482572e+01]
 [6.69374747e+02 4.03267118e+01]
 [2.69648406e+02 1.26421283e+01]
 [7.48627262e+02 4.38495692e+01]
 [1.56993780e+03 1.63076887e+02]
 [1.81367475e+03 2.10589025e+02]
 [1.51676738e+03 1.57164585e+02]
 [4.66486157e+02 4.79868808e+01]
 [1.80110058e+03 2.03792282e+02]
 [1.22599131e+03 1.33302849e+02]
 [1.04568169e+03 9.48741318e+01]
 [5.79956778e+02 5.37009629e+01]
 [1.19653198e+03 1.33809266e+02]
 [1.58987527e+03 1.77494949e+02]
 [4.64799438e+02 5.25419711e+01]
 [6.64351213e+02 3.38671599e+01]
 [1.45818355e+03 1.49408648e+02]
 [1.44801035e+03 1.49275780e+02]
 [1.22127913e+03 1.39151203e+02]
 [1.47289345e+03 1.50213119e+02]
 [1.46055260e+03 1.63436553e+02]
 [6.20992361e+02 3.11492602e+01]
 [8.78307177e+02 8.57925358e+01]
 [2.46912799e+02 1.18795875e+01]
 [1.09617667e+03 8.99879990e+01]
 [1.17469854e+03 1.01338991e+02]
 [3.38940431e+02 1.40234564e+01]
 [1.92161372e+03 2.21364518e+02]
 [9.18617599e+02 8.68823097e+01]
 [4.29328429e+02 3.59563017e+01]
 [1.13951900e+03 9.92526453e+01]
 [9.01746578e+02 6.48506292e+01]
 [1.37415463e+03 1.79368692e+02]
 [1.29513185e+03 1.58021809e+02]
 [1.33894384e+03 1.81112501e+02]
 [1.23081121e+03 1.15554674e+02]
 [1.37420913e+02 7.25101234e+00]
 [7.14758392e+02 5.56511595e+01]
 [6.99875425e+02 4.53673715e+01]
 [1.60917459e+03 1.86434438e+02]
 [1.71657043e+03 1.86649362e+02]
 [1.45025725e+03 1.91699143e+02]
 [6.82305817e+02 4.90429805e+01]
 [2.30128892e+03 2.86457382e+02]
 [4.29977317e+02 1.18229060e+01]
 [5.30223917e+02 2.71458172e+01]
 [1.91517766e+03 2.19695295e+02]
 [5.44093883e+02 5.22294917e+01]
 [1.10426518e+03 1.12361247e+02]
 [5.51545023e+02 2.70102341e+01]
 [8.80994362e+02 6.22050991e+01]
 [7.84230306e+02 5.30082400e+01]
 [3.48226604e+02 5.33638292e+00]
 [9.17145941e+02 9.92382227e+01]
 [1.90899414e+02 1.93608782e+01]
 [1.24720735e+03 1.12550316e+02]
 [2.46964543e+02 1.06801954e+01]
 [4.44433697e+02 2.29689372e+01]
 [6.51867056e+02 6.90321228e+01]
 [1.43909717e+03 1.58140956e+02]
 [2.35806600e+03 2.96435213e+02]
 [2.28688617e+03 2.84552239e+02]
 [7.29531856e+02 9.18433582e+01]
 [1.45004911e+03 1.61500693e+02]
 [5.99229264e+02 6.73218623e+01]
 [9.68803441e+02 7.28687298e+01]
 [1.14740248e+03 1.20719168e+02]
 [1.22483186e+03 1.74033094e+02]
 [4.24068129e+02 1.09343825e+01]
 [1.79425493e+03 2.03638220e+02]
 [8.32623079e+02 5.55756595e+01]
 [1.46469721e+03 1.83330464e+02]
 [1.42125118e+03 1.77322652e+02]
 [3.92122621e+02 1.63123343e+01]
 [1.55231259e+03 1.70717444e+02]
 [1.75745931e+03 1.94263806e+02]
 [1.43160489e+03 1.76547283e+02]
 [1.59151324e+03 1.73791231e+02]
 [3.80112315e+02 2.46762549e+01]
 [1.14627258e+03 9.83803979e+01]
 [1.27162219e+03 1.17330023e+02]
 [1.95640410e+03 2.30484366e+02]
 [7.50671198e+02 7.49123597e+01]
 [1.25731049e+03 1.37517506e+02]
 [8.92603711e+02 6.32838866e+01]
 [1.14677730e+03 1.54590084e+02]
 [5.37493043e+02 2.36198433e+01]
 [1.77881140e+03 1.97435956e+02]
 [8.77540899e+02 9.52748301e+01]
 [2.19805070e+03 2.70661645e+02]
 [6.31975468e+02 5.25334975e+01]
 [2.70795752e+02 1.82529278e+01]
 [3.15010986e+02 1.41377673e+01]]
