[[9.20040548e-01 1.57222283e+01]
 [1.65413538e+01 1.16500808e+01]
 [1.23330747e+01 4.48859682e+00]
 [1.31010489e+01 7.83243886e+00]
 [5.70926823e+00 1.68358657e+01]
 [3.92601623e+00 9.50586807e+00]
 [9.28625035e+00 1.19533866e+01]
 [6.11785435e-02 4.84570933e+00]
 [1.37854899e+00 1.54566824e+01]
 [1.30607095e+01 1.11178507e+01]
 [1.29910782e+01 1.47420664e-01]
 [8.80017131e+00 1.56749303e+01]
 [3.66133616e+00 6.42653884e+00]
 [5.13636767e+00 1.19664482e+01]
 [1.51943805e+01 2.81688986e+00]
 [9.03595054e-01 1.58016558e+01]
 [8.27638440e+00 2.22226382e+00]
 [5.90548045e-01 8.15986505e+00]
 [1.59837215e+01 1.74362703e+01]
 [1.24862546e+01 1.21422002e+01]
 [5.68132382e+00 3.89768210e+00]
 [1.84078453e+01 8.12514253e+00]
 [3.65490696e+00 1.38856826e+01]
 [1.65714716e+01 1.75287534e+00]
 [1.16772230e+01 1.44710403e+01]
 [8.98597423e+00 1.36880102e+01]
 [2.95556143e+00 8.71237101e+00]
 [9.68943829e+00 1.45720123e+01]
 [5.93254693e+00 1.74196502e+01]
 [1.01305195e+01 3.75686746e+00]
 [2.05029935e+00 1.19586549e+01]
 [1.08686774e+01 1.42393841e+01]
 [1.80400658e+01 6.77909063e+00]
 [3.96955012e+00 1.12350371e+01]
 [9.81082868e+00 8.74911015e+00]
 [1.52927965e-01 1.71588667e+01]
 [1.94539342e+00 4.71778070e+00]
 [1.13241003e+01 9.71619450e+00]
 [5.71192444e+00 6.57923114e+00]
 [1.86974006e+01 7.35615550e+00]
 [7.39110925e+00 1.45825305e+01]
 [7.02000852e+00 1.02248418e+01]
 [1.68129098e+01 1.18871975e+01]
 [1.58608987e+01 1.53978254e+01]
 [1.86627147e+01 1.82318129e+01]
 [2.78727259e+00 1.81274210e+01]
 [1.16139960e+01 1.86216132e+01]
 [2.34104755e+00 1.11100369e+01]
 [8.07585425e+00 1.48698065e+01]
 [7.27672338e+00 2.63407947e+00]
 [1.76203785e+01 1.35692749e+00]
 [5.21347302e+00 7.36494447e+00]
 [1.16749777e+01 7.33884284e+00]
 [1.36322968e+01 1.88396926e+01]
 [8.20335423e+00 1.84793849e+01]
 [1.17396678e+01 1.61491094e+01]
 [1.75533791e+01 8.82412845e+00]
 [1.51074993e+01 1.49444511e+01]
 [9.15746863e+00 1.41194709e+01]
 [1.48148842e+01 1.66251868e+01]
 [7.35108890e+00 1.09153052e+01]
 [1.33454085e+01 1.01984969e+01]
 [6.60022414e+00 4.79154878e+00]
 [1.76089710e+01 4.07494126e+00]
 [4.20277102e+00 1.82638307e+01]
 [2.27118020e+00 5.66480317e+00]
 [5.88920934e+00 7.33395907e+00]
 [9.07791820e+00 9.99362852e+00]
 [7.09547100e+00 6.86795056e+00]
 [8.98275399e+00 1.82407411e+01]
 [1.44384880e+01 3.70157389e+00]
 [3.04735506e+00 6.73840086e+00]
 [1.26490926e+01 2.71990466e-01]
 [1.49700128e+01 7.13634196e+00]
 [6.01572146e+00 1.67453399e+01]
 [1.02577283e+01 7.30479150e+00]
 [6.87517671e+00 1.10014611e+01]
 [5.14006910e-01 2.87167945e+00]
 [2.54341303e+00 1.37758440e+01]
 [1.21433537e+01 1.69608320e+01]
 [1.43067924e+00 8.12895296e+00]
 [2.72232655e+00 9.10158741e+00]
 [1.23081170e+01 1.33128484e+01]
 [1.64050246e+01 1.53839154e+00]
 [1.03801302e+01 4.87880660e+00]
 [6.71927332e+00 4.80614047e+00]
 [1.20903121e+01 2.08291607e+00]
 [1.70989951e+01 1.27679791e+01]
 [1.84194300e+01 1.43848167e+01]
 [1.64457955e+01 1.11258531e+01]
 [7.16958489e+00 6.50991667e+00]
 [1.39252767e+01 8.53301475e+00]
 [3.96216649e+00 1.03052745e+01]
 [4.00421159e+00 6.36913058e+00]
 [6.45884312e+00 1.73080573e+00]
 [3.87435592e+00 1.48465971e+01]
 [2.27176702e+00 1.88114165e+01]
 [1.19756435e+01 7.94394397e+00]
 [1.54382466e+01 8.99553045e+00]
 [1.12620832e+01 1.76284180e+01]
 [1.36874127e+01 5.04721754e+00]
 [6.69144766e-03 9.35249213e+00]
 [1.26039519e+01 1.49626643e+01]
 [6.30955621e+00 7.71674438e+00]
 [5.92692589e+00 1.67763472e+01]
 [9.83742893e+00 1.16139114e+01]
 [1.47498288e+01 6.43094924e+00]
 [1.42956534e+01 1.83965372e+01]
 [1.64312884e+01 2.49041046e+00]
 [1.17515007e+01 1.52038927e+00]
 [4.40982726e+00 1.49791752e+01]
 [5.32158093e+00 1.64666008e+01]
 [1.49600906e+01 1.71169698e+01]
 [1.63794751e+01 1.49395127e+01]
 [1.64095148e+01 3.61990916e+00]
 [1.49085874e+01 1.44650471e+01]
 [9.10502832e+00 8.64498517e+00]
 [1.58580767e+01 1.20195476e+01]
 [8.17000406e+00 1.60039323e+01]
 [5.26657427e-01 8.80554100e+00]
 [6.73750208e+00 1.50952245e+01]
 [1.51958118e+00 9.42353615e+00]
 [1.80168892e+01 1.31289297e+01]
 [6.44058108e+00 9.41140882e+00]
 [8.96711277e+00 1.86632727e+01]
 [1.08912390e+01 9.01012820e-01]
 [6.28323458e-01 1.45644767e+01]
 [1.49218433e+01 1.22329047e+01]
 [1.82084264e+01 1.42555299e+01]
 [1.93551160e+00 1.22331069e+01]
 [9.56483176e-01 9.53020199e+00]
 [1.30011278e+01 1.13768811e+00]
 [3.15606454e+00 1.85185405e+01]
 [3.27165272e+00 7.03193824e+00]
 [1.87934006e+01 3.37846891e+00]
 [2.96598602e+00 8.33968669e+00]
 [1.73042466e+01 1.44954504e+01]
 [3.72603713e+00 9.07155514e+00]
 [1.73484075e+01 5.51938480e+00]
 [6.99154879e+00 4.40433076e+00]
 [8.44109342e+00 1.03830941e+01]
 [6.17063298e+00 1.59493216e+01]
 [9.79440881e+00 1.31946692e+01]
 [1.35869169e+01 7.09677459e+00]
 [7.37697340e+00 1.29259477e+01]
 [1.04882965e+01 6.50362222e+00]
 [8.96897048e+00 1.82990675e+01]
 [8.16386105e+00 9.12701647e+00]
 [4.55297600e+00 1.52174185e+01]
 [1.61527158e+01 1.89603014e+01]
 [9.79617547e+00 1.81043432e+01]
 [1.39616584e+01 1.28379772e+01]
 [5.59360435e+00 6.57090271e+00]
 [2.13990711e+00 1.49111938e+01]
 [3.26516835e+00 1.45237217e+01]
 [1.54395379e+01 1.82917373e+01]
 [1.57950951e+01 1.42717600e-01]
 [8.87576442e+00 4.59126938e+00]
 [1.34521830e+01 1.78869170e+00]
 [4.59715788e+00 6.85161814e+00]
 [8.88091657e+00 1.56775331e+01]
 [6.57752421e-01 1.55486788e+01]
 [1.83332167e+01 7.60554755e+00]
 [1.26995362e+01 6.76259360e+00]
 [1.33149901e+01 1.04014337e+01]
 [3.01197455e+00 1.31552443e+01]
 [9.94249989e+00 1.96529681e+00]
 [4.64085567e+00 1.22308564e+01]
 [1.54790154e+01 1.80254834e+01]
 [1.46389291e+01 2.23036109e+00]
 [1.55308643e+01 9.79761386e+00]
 [4.86733596e+00 1.69538003e+01]
 [1.67281386e+01 1.76880815e+01]
 [1.70393285e+01 6.26459534e+00]
 [7.22246640e+00 1.29794171e+01]
 [1.78612292e+01 8.26351714e+00]
 [1.70400637e+01 1.26495406e+01]
 [1.39768680e+01 3.83015502e+00]
 [8.28111027e+00 2.68263385e+00]
 [6.37046183e+00 1.12904763e+01]
 [6.54123409e+00 1.11604634e+01]
 [2.73566377e+00 7.74133356e+00]
 [9.26638990e+00 1.00643347e+01]
 [1.29356032e+01 1.50051531e+01]
 [1.81537923e+01 1.11291738e+01]
 [1.14568706e+01 1.57458553e+01]
 [1.07406116e+01 1.12285425e+00]
 [1.25041532e+01 1.71441330e+01]
 [1.65178193e+01 5.80167855e+00]
 [7.15587472e+00 1.44987544e+01]
 [2.31165592e+00 1.18171672e+01]
 [1.65675421e+01 4.96483095e+00]
 [1.75631349e+01 9.43425187e+00]
 [1.07627213e+01 6.03067574e-01]
 [9.29267593e+00 8.92938840e+00]
 [1.58119656e+01 1.07017584e+01]
 [1.60411390e+01 1.02315418e+01]
 [4.82196465e+00 1.67948932e+01]
 [1.12702644e+01 1.55307598e+01]
 [1.75028883e+01 7.66727134e+00]
 [1.00643673e+01 7.34551567e+00]
 [4.15465603e+00 1.42237698e+01]
 [2.55527316e+00 7.42958807e+00]
 [1.19604110e+01 1.14452058e+01]
 [1.22613756e+01 1.19721887e+01]
 [3.59851530e+00 8.47264985e+00]
 [1.42523242e+01 1.66515671e+01]
 [1.43209654e+01 4.95624365e+00]
 [1.01719401e+01 1.96564050e+00]
 [9.87359660e+00 1.36891140e+01]
 [9.16836448e+00 1.18902371e+01]
 [1.82647800e+01 3.15221648e+00]
 [1.75341153e+01 4.04200003e+00]
 [1.81631337e+01 2.19921227e+00]
 [9.41257610e+00 1.48022368e+01]
 [2.33371027e+00 5.37671131e+00]
 [1.24583699e+01 4.84547396e+00]
 [1.15959287e+01 6.36421972e+00]
 [1.82370505e+01 8.34887039e+00]
 [1.37936640e+01 1.54556605e+01]
 [1.87457645e+01 3.34075243e+00]
 [5.15192617e+00 1.20014212e+01]
 [1.61766582e+01 1.77098267e+01]
 [6.44885221e+00 8.11829011e+00]
 [5.34209431e+00 1.01989219e+01]
 [1.61908523e+01 1.47190596e+01]
 [1.86687163e+00 1.15125263e+01]
 [5.80073302e+00 1.55697717e+01]
 [1.01030223e+01 5.98457985e+00]
 [1.17874758e+01 9.01687333e+00]
 [1.18567065e+01 7.44822720e+00]
 [6.19517719e+00 6.97684962e+00]
 [3.20587963e+00 1.47989466e+01]
 [1.00098345e+00 6.83541408e+00]
 [1.16976478e+01 1.32275044e+01]
 [7.36330323e+00 2.74279081e+00]
 [4.10556089e+00 9.70838782e+00]
 [1.26456246e+01 1.74783955e+00]
 [1.72280424e+01 7.93529139e+00]
 [1.64495597e+01 1.78585690e+01]
 [1.55728049e+01 1.81441255e+01]
 [1.34932798e+01 5.60680718e-01]
 [1.74228580e+01 7.67830033e+00]
 [1.05447292e+00 1.21940724e+01]
 [1.18798270e+01 1.00533861e+01]
 [5.64485802e+00 1.59682873e+01]
 [1.74833942e+01 7.34092973e-01]
 [7.87548420e+00 6.63278078e+00]
 [1.21329977e+01 1.73595535e+01]
 [1.13460233e+01 8.91198777e+00]
 [4.74679360e+00 1.85375903e+01]
 [4.49243571e+00 1.83065785e+01]
 [4.21082922e+00 8.96100288e+00]
 [1.72839909e+01 9.45207939e+00]
 [1.61589320e+01 1.33511702e+01]
 [4.84914076e+00 1.82862532e+01]
 [1.70404951e+01 1.03682129e+01]
 [9.37953046e+00 2.65565192e+00]
 [1.31137816e+01 1.07049931e+01]
 [1.39368036e+01 1.11207487e+01]
 [1.28931355e+01 1.79685303e+01]
 [1.33923478e+01 2.88319619e+00]
 [1.66843564e+01 5.99665529e+00]
 [9.28296927e+00 1.17037348e+01]
 [1.68796751e+01 1.33074894e+00]
 [9.64467969e+00 6.43066204e+00]
 [1.36665109e+01 1.60601783e+01]
 [1.45284519e+01 2.88258761e+00]
 [1.43452112e+01 1.85398919e+01]
 [3.46290047e+00 1.20831365e+01]
 [7.99317731e+00 1.95142371e+00]
 [3.17440594e+00 8.28709197e+00]]
