[[2.63376411e-02 1.57438950e+04]
 [4.03805175e-02 9.96518075e+03]
 [1.97930829e-02 2.04453533e+04]
 [1.25031329e-02 3.31950649e+04]
 [2.26739424e-02 1.79142682e+04]
 [3.56223995e-02 1.15901889e+04]
 [5.19196780e-03 9.93344891e+04]
 [1.62735069e-02 2.47600437e+04]
 [5.27647638e-02 8.45172300e+03]
 [3.01212116e-02 1.40598256e+04]
 [1.79302615e-02 2.26141227e+04]
 [1.47915412e-02 2.81809599e+04]
 [2.17807863e-02 1.94327541e+04]
 [2.46428331e-02 1.69175230e+04]
 [3.29591016e-02 1.23681116e+04]
 [3.12490201e-02 1.30921840e+04]
 [1.01003560e-02 4.53489931e+04]
 [3.75193169e-02 1.07646056e+04]
 [2.71893546e-02 1.48127324e+04]
 [4.48126990e-02 9.26352161e+03]]
