[[2.69704421e+00 2.98666991e+00]
 [9.99552369e-01 1.18471698e+00]
 [7.97110795e-01 8.35939754e-01]
 [3.08433182e+00 2.98330498e+00]
 [1.49446542e+00 1.45341836e+00]
 [2.08511002e+00 2.45470311e+00]
 [1.29324261e-03 7.98908560e-02]
 [2.16294014e+00 2.17225776e+00]
 [1.93245569e+00 2.14993540e+00]
 [1.82877971e+00 1.98020613e+00]
 [4.71425123e+00 2.97051461e+00]
 [2.61359500e+00 2.78180630e+00]
 [1.62078051e+00 1.91410108e+00]
 [2.65896901e+00 2.44693981e+00]
 [1.20533444e+00 1.39224560e+00]
 [3.55526745e+00 2.99444034e+00]
 [2.38593135e+00 2.45252658e+00]
 [1.58050610e+00 1.69432858e+00]]
