[[4.83552061e-03 9.33765285e-03 2.03293487e+00]
 [3.89427288e-03 6.91734951e-03 1.71520851e+00]
 [3.27963211e-03 6.16975970e-03 1.89076256e+00]
 [4.44510402e-03 8.85821042e-03 1.89608226e+00]
 [2.54052157e-03 5.25502400e-03 2.07877842e+00]
 [1.81060522e-03 3.20369265e-03 1.79353495e+00]
 [2.18934661e-03 4.24065851e-03 1.93895091e+00]
 [3.63363082e-03 7.65510581e-03 1.97116832e+00]
 [1.37562203e-03 2.50197576e-03 1.76060040e+00]
 [4.39289428e-03 8.12026071e-03 1.76060040e+00]
 [5.27187017e-03 9.91670739e-03 2.95674716e+00]
 [4.92460569e-04 9.40034949e-04 2.55572449e+00]
 [2.30556503e-03 4.70916025e-03 2.08170613e+00]
 [2.06563587e-03 3.69640576e-03 1.87922295e+00]
 [3.00500638e-03 5.76732567e-03 1.83060684e+00]]
