[[0.04205632 1.03826019]
 [1.03844006 0.04243086]
 [0.44729694 0.92853729]
 [0.9294044  0.19301644]
 [0.19410775 0.92927493]
 [0.92892609 0.4470477 ]
 [0.65486236 0.77236423]
 [0.61021558 0.773088  ]
 [0.77304541 0.63118126]
 [0.07690598 1.01589422]
 [0.77316107 0.5992728 ]
 [0.48929814 0.84138346]
 [0.12831258 0.96531961]
 [1.02415565 0.06527128]
 [1.01216408 0.08024243]
 [0.90039876 0.46309257]
 [0.14128441 0.95380642]
 [0.91649291 0.45473365]
 [0.97640288 0.11704656]
 [0.75666004 0.72261472]
 [0.76822696 0.68874986]
 [0.86822569 0.47780563]
 [0.48122837 0.85840944]
 [0.45408166 0.91769948]
 [0.09653078 0.99671523]
 [0.74850684 0.73402732]
 [0.7132461  0.76179894]
 [0.66956176 0.77117344]
 [0.4606582  0.90533856]
 [0.68690176 0.76857485]
 [0.10495697 0.98852912]
 [0.77464805 0.57120549]
 [0.69961872 0.76626032]
 [0.740666   0.74262221]
 [0.85577856 0.48338264]
 [0.54986969 0.77866069]
 [0.76215637 0.71053644]
 [0.77264926 0.64918467]
 [0.17332044 0.93387758]
 [0.88243278 0.47305149]
 [0.98510176 0.10824832]
 [0.96708139 0.12756643]
 [0.46592193 0.89437595]
 [0.06177998 1.02683045]
 [0.77140123 0.66791578]
 [0.72431117 0.75499988]
 [0.50232216 0.81554441]
 [0.77363868 0.58779578]
 [0.50894012 0.80618532]
 [0.77683052 0.55682464]
 [0.93197432 0.17948739]
 [0.73162452 0.75020506]
 [0.11481261 0.98011953]
 [0.11915963 0.97429075]
 [0.47067828 0.88420827]
 [0.52266704 0.79279356]
 [1.00542869 0.08731458]
 [0.8903157  0.46775361]
 [0.76570031 0.69926471]
 [0.16292437 0.93864837]
 [0.56458331 0.77548213]
 [0.51506812 0.79897983]
 [0.99236606 0.10093383]
 [0.54092046 0.78424432]
 [0.5309239  0.78663329]
 [0.9986655  0.0947813 ]
 [0.04870675 1.03501759]
 [0.93555371 0.17042693]
 [0.79292016 0.52152798]
 [0.7871335  0.53037052]
 [0.18669487 0.93024267]
 [0.77996206 0.54726509]
 [0.49538237 0.82953217]
 [0.59595259 0.7732394 ]
 [0.83833724 0.48996075]
 [0.47466102 0.87482929]
 [0.1494705  0.94769321]
 [0.58592003 0.77353616]
 [0.78316686 0.53790007]
 [0.84756514 0.48974484]
 [0.81511345 0.50253461]
 [1.03038635 0.05635491]
 [0.57307167 0.77445962]
 [0.4779649  0.86689038]
 [0.79982182 0.51683673]
 [0.15537369 0.94338775]
 [0.94041594 0.16128687]
 [0.95174639 0.14375018]
 [1.03360612 0.05115191]
 [0.05919001 1.0287428 ]
 [0.80450904 0.51015262]
 [0.49839203 0.82535684]
 [0.8264355  0.49850008]
 [0.82817863 0.49503365]
 [0.95138962 0.1521704 ]
 [0.92889976 0.45401229]
 [0.94708396 0.15948593]
 [0.77205413 0.6625342 ]
 [0.95888323 0.13721719]
 [0.08483642 1.0077849 ]]
