[[0.04295384 1.03826249]
 [1.02770487 0.06209544]
 [0.91962213 0.45338797]
 [0.93010122 0.19357561]
 [0.4468932  0.93066026]
 [0.77350934 0.67285144]
 [0.77409554 0.59567901]
 [0.72099595 0.76804886]
 [0.59861577 0.7738179 ]
 [1.01826481 0.07545356]
 [0.62105893 0.77340832]
 [0.67023309 0.77108243]
 [0.96970783 0.12708069]
 [0.79292016 0.52179063]
 [0.55804039 0.77882139]
 [0.85767959 0.48249917]
 [0.82044688 0.50956945]
 [0.52308125 0.79388812]
 [0.99774993 0.09595266]
 [0.65825743 0.77258686]
 [0.15608152 0.94497238]
 [0.740666   0.7427076 ]
 [0.4978053  0.82315645]
 [0.46490435 0.89899357]
 [0.98750033 0.1102954 ]
 [0.17628021 0.93405999]
 [0.84052572 0.48996075]
 [0.77589345 0.57234325]
 [0.76891339 0.69174841]
 [0.75721569 0.72695951]
 [0.72431117 0.75511109]
 [0.08831556 1.00483215]
 [0.78038979 0.55323191]
 [0.95697745 0.14423493]
 [0.78810364 0.53192866]
 [0.95848001 0.13581776]
 [0.54047482 0.78890539]
 [0.73518917 0.747676  ]
 [0.48176002 0.86000315]
 [0.1255648  0.97037701]
 [0.94733779 0.15740165]
 [0.15006111 0.95343389]
 [0.7666052  0.70305165]
 [0.89165332 0.46807398]
 [0.47813538 0.86903534]
 [0.82203937 0.50213184]
 [0.77447625 0.58985073]
 [0.10194021 0.99478702]
 [0.8829511  0.47102292]
 [1.02750575 0.06221226]
 [0.14396258 0.95927197]
 [0.90809663 0.46053611]
 [0.05869798 1.03283722]
 [0.90356245 0.46606443]
 [0.05092417 1.03501759]
 [0.06379046 1.02651619]
 [0.76593504 0.71501841]
 [0.13746739 0.96453434]
 [0.99568179 0.09911691]
 [0.98862507 0.10656524]
 [0.45441349 0.92083414]
 [0.7646159  0.72115419]
 [0.94689742 0.16124729]
 [0.07861918 1.01675926]
 [0.06962857 1.02267927]
 [0.54156278 0.78262135]
 [0.1149978  0.99071255]
 [0.44872842 0.92931865]
 [0.10207987 0.99395758]
 [0.83074288 0.49489042]
 [0.78907612 0.53059344]
 [0.0754063  1.02037826]
 [0.11985582 0.97439042]
 [0.11835724 0.98025889]
 [0.83077176 0.49420385]
 [0.55022527 0.78118332]
 [0.47351797 0.87716664]
 [0.46337934 0.91982518]
 [0.1156867  0.99014353]
 [0.66562874 0.77178829]
 [0.49934003 0.82007556]
 [0.75941007 0.72672907]
 [0.13839954 0.96334461]
 [0.55427058 0.78062142]
 [0.90563173 0.46079784]
 [0.45932888 0.92074068]
 [0.18229644 0.93227819]
 [0.11953825 0.97918513]
 [0.50235527 0.81554441]
 [0.93814234 0.16628343]
 [0.46394584 0.91097473]
 [0.51383617 0.80110386]
 [0.18308967 0.93100942]
 [0.81981346 0.51668203]
 [0.93135755 0.18319027]
 [0.0881895  1.01518043]
 [0.77983254 0.55379927]
 [0.47294821 0.87885354]
 [0.87615324 0.4787485 ]
 [0.48707261 0.84623049]]
