[[1.00571077e-02 4.02195981e+04]
 [4.99770129e-03 9.51410317e+04]
 [5.11161014e-02 8.63101898e+03]
 [1.35845750e-02 3.14653281e+04]
 [2.99990797e-02 1.36161864e+04]
 [2.00210645e-02 2.02356691e+04]
 [1.54926577e-02 2.62515952e+04]
 [3.84212068e-02 1.06735367e+04]
 [2.35012228e-02 1.75036103e+04]
 [3.47694511e-02 1.17960298e+04]
 [3.21352604e-02 1.27262576e+04]
 [2.75671371e-02 1.48453673e+04]
 [2.56636201e-02 1.59739179e+04]
 [4.11344637e-02 9.86745255e+03]
 [2.18219089e-02 1.85460179e+04]
 [1.75613707e-02 2.31332262e+04]]
