[[1.49886693e-07 1.38712153e-10]
 [4.99999982e+00 2.99999999e+00]
 [2.97973712e+00 2.80357103e+00]
 [3.04652339e+00 2.98190604e+00]
 [5.74421067e-01 4.95799827e-01]
 [3.97127151e+00 2.92998643e+00]
 [3.79767966e+00 2.98436508e+00]
 [2.70117813e+00 2.92751148e+00]
 [1.42321149e+00 1.53904632e+00]
 [4.25439544e+00 2.99971291e+00]
 [2.31907791e-01 9.66450089e-02]
 [3.67762659e+00 2.99855043e+00]
 [6.85159106e-01 5.80640805e-01]
 [1.13825071e+00 1.20680803e+00]
 [2.57723512e-01 1.79219385e-01]
 [4.50417024e-01 5.16067240e-01]
 [1.05040368e+00 1.20419799e+00]
 [9.56253787e-01 9.27995945e-01]
 [4.11092562e+00 2.99988932e+00]
 [2.31907791e-01 3.03861265e-01]
 [2.59099944e+00 2.48473432e+00]
 [4.88956444e+00 2.99986400e+00]
 [3.73649400e-01 2.46262453e-01]
 [1.57879907e+00 1.56234116e+00]
 [2.70942930e+00 2.48767235e+00]
 [2.28816836e+00 2.28913015e+00]
 [1.37464146e+00 1.45364351e+00]
 [1.37876815e+00 1.24461570e+00]
 [4.68213670e+00 2.99999760e+00]
 [2.45813147e+00 2.32790633e+00]
 [2.18663814e+00 1.95540271e+00]
 [1.51260381e+00 1.97264400e+00]
 [1.98457677e+00 2.03493732e+00]
 [4.76124921e+00 2.99999760e+00]
 [1.57197671e+00 1.64004970e+00]
 [1.07204474e-01 1.05491033e-01]
 [4.97113527e+00 2.99999760e+00]
 [3.33355898e+00 2.99999999e+00]
 [2.65542195e+00 2.92119832e+00]
 [7.25247545e-01 8.56241309e-01]
 [2.57062486e+00 2.38660658e+00]
 [1.81723253e+00 2.22665052e+00]
 [4.01351060e+00 2.99999892e+00]
 [2.19221628e+00 2.33223533e+00]
 [4.61244282e+00 2.99999760e+00]
 [1.09107907e+00 9.02176759e-01]
 [2.33713309e+00 2.33308239e+00]
 [1.72718620e+00 2.18038244e+00]
 [1.74559615e+00 1.91063883e+00]
 [4.46820578e-01 3.94388558e-01]
 [7.65166891e-01 6.73171285e-01]
 [4.46820578e-01 4.29049035e-01]
 [2.25041328e+00 2.20753479e+00]
 [4.53157082e+00 2.99999908e+00]
 [3.09157428e+00 2.99999997e+00]
 [6.85159106e-01 6.73171285e-01]
 [1.13825071e+00 1.31209968e+00]
 [4.84286241e+00 2.99999760e+00]
 [4.00166429e-01 3.03634317e-01]
 [2.54575394e+00 2.33308239e+00]
 [4.11092562e+00 2.96302736e+00]
 [9.93593295e-01 1.12755248e+00]
 [1.91864314e+00 1.64805884e+00]
 [3.25926599e+00 2.95285613e+00]
 [3.47805593e+00 2.94723054e+00]
 [3.50169221e+00 2.99999996e+00]
 [9.56253787e-01 8.56927154e-01]
 [1.18373587e+00 8.56927154e-01]
 [4.32808868e+00 2.99578268e+00]
 [4.38966595e+00 2.99999786e+00]
 [1.24482003e+00 1.81006575e+00]
 [1.14670498e+00 1.56101723e+00]
 [2.25041328e+00 1.98444799e+00]
 [2.53747019e+00 2.80390240e+00]
 [3.33355898e+00 2.92419016e+00]
 [3.52241818e+00 2.99999996e+00]
 [9.93593295e-01 1.16775155e+00]
 [1.60940335e+00 1.11514040e+00]
 [1.37464146e+00 1.43598093e+00]
 [1.63067310e+00 1.64805884e+00]
 [1.42665923e+00 1.12941177e+00]
 [4.79750473e+00 2.99999760e+00]
 [2.33713309e+00 2.33223533e+00]
 [8.98041915e-02 1.38712153e-10]
 [3.68997692e+00 2.89600132e+00]
 [1.38797475e+00 1.64805884e+00]
 [1.31908307e+00 1.20419799e+00]
 [6.85159106e-01 8.05933316e-01]
 [4.08186239e-01 3.40570295e-01]
 [1.60183899e+00 1.81006575e+00]
 [2.65542195e+00 2.85167755e+00]
 [2.16097336e+00 2.14439394e+00]
 [2.18045460e+00 2.19182623e+00]
 [2.22025039e+00 2.19281505e+00]
 [4.41258067e+00 2.99999962e+00]
 [2.67057524e+00 2.70704399e+00]
 [3.16336901e+00 2.99999998e+00]
 [2.60047227e+00 2.66884121e+00]
 [3.47805593e+00 2.94899210e+00]
 [5.55877339e-02 9.66450089e-02]]
