[[0.00000000e+00 5.00000000e+01]
 [1.36000000e+02 4.00000000e+00]
 [1.29391453e+02 4.02823654e+00]
 [9.27388117e+01 5.52343067e+00]
 [1.11099042e+00 4.33936270e+01]
 [4.49213957e-01 4.53785926e+01]
 [6.34965052e+01 9.59646214e+00]
 [2.69296435e+01 2.00478697e+01]
 [1.33051814e+02 4.00551396e+00]
 [6.69022505e+01 9.15142631e+00]
 [8.00614382e-01 4.45268595e+01]
 [1.53906800e+00 4.21808824e+01]
 [1.11977063e+01 2.94979225e+01]
 [3.65691291e+00 3.73980003e+01]
 [8.59815560e+01 6.15990453e+00]
 [8.92940950e+01 5.88987738e+00]
 [1.78844046e+01 2.46109517e+01]
 [4.43867060e+00 3.66139538e+01]
 [1.20606900e+02 4.16072044e+00]
 [1.35413892e+01 2.73650092e+01]
 [6.77227814e+01 8.79096781e+00]
 [2.87812064e+01 1.93799202e+01]
 [4.31401041e+01 1.44363418e+01]
 [9.57880122e+01 5.39311234e+00]
 [1.24972087e+02 4.08854686e+00]
 [1.16194249e+01 2.88822253e+01]
 [1.44570803e+01 2.67385161e+01]
 [2.43788708e-01 4.68427114e+01]
 [1.94527721e+01 2.38777906e+01]
 [5.55311173e+00 3.47252824e+01]
 [1.61184308e+01 2.65224848e+01]
 [1.66346164e+01 2.58418773e+01]
 [4.53150608e+01 1.37295883e+01]
 [9.10714398e+00 3.09586218e+01]
 [7.00552743e+01 8.33074054e+00]
 [7.88915395e+01 6.98456711e+00]
 [8.18022764e+01 6.62193669e+00]
 [9.70911531e+01 5.19237339e+00]
 [9.91509893e+01 5.05394896e+00]
 [8.33839523e+01 6.43962456e+00]
 [9.75357283e+00 3.03805037e+01]
 [1.04938127e+02 4.72023353e+00]
 [2.24215282e+01 2.21637147e+01]
 [4.92620122e+00 3.58482884e+01]
 [8.80918845e+01 5.98455787e+00]
 [4.87810867e+01 1.28725150e+01]
 [1.15981742e+02 4.33562759e+00]
 [3.89677586e+01 1.56405278e+01]
 [6.10560317e+01 1.00848792e+01]
 [3.59101864e+01 1.66042959e+01]
 [6.19843872e+01 9.84782743e+00]
 [3.52204396e+01 1.69029544e+01]
 [3.40146665e+01 1.72669931e+01]
 [5.53543479e+01 1.12311172e+01]
 [8.45095455e+00 3.15615812e+01]
 [5.70167157e+01 1.08707094e+01]
 [1.03879318e+02 4.79723640e+00]
 [2.57165172e+01 2.06415974e+01]
 [1.01755025e+02 4.89420334e+00]
 [6.26975163e+00 3.38633235e+01]
 [1.12857862e+02 4.38219293e+00]
 [2.34585331e+01 2.17461163e+01]
 [1.25662019e+01 2.82013349e+01]
 [3.74174986e+01 1.61169464e+01]
 [9.77749918e-02 4.79675499e+01]
 [3.07564982e+01 1.84760312e+01]
 [2.49947824e+00 3.98411477e+01]
 [5.14412928e+01 1.22313597e+01]
 [2.46144334e+01 2.12415481e+01]
 [2.17073079e+01 2.25523609e+01]
 [1.09878558e+02 4.49526829e+00]
 [1.44962207e-02 4.91695968e+01]
 [1.26936578e+01 2.80360479e+01]
 [5.43872972e+01 1.14502918e+01]
 [7.83144593e+00 3.21808832e+01]
 [1.10802072e+02 4.46034595e+00]
 [5.00021594e+01 1.24994614e+01]
 [6.89923963e+00 3.31623620e+01]
 [3.31554697e+00 3.82934656e+01]
 [1.14060563e+02 4.33919621e+00]
 [3.33411752e+01 1.75530955e+01]
 [1.73038962e+00 4.14411754e+01]
 [1.07463469e+02 4.59833188e+00]
 [4.05280195e+01 1.51191697e+01]
 [3.95854309e+01 1.55028262e+01]
 [7.55372537e+01 7.44567091e+00]
 [1.00695590e+02 4.95711308e+00]
 [1.99587147e+00 4.05636738e+01]
 [5.28223672e+01 1.18863010e+01]
 [1.17842739e+02 4.22719633e+00]
 [4.70389299e+01 1.32741784e+01]
 [5.98299605e+01 1.04528637e+01]
 [1.23168088e+02 4.11009615e+00]
 [1.81589359e-01 4.74602829e+01]
 [3.71283031e+01 1.62255419e+01]
 [2.96870255e+01 1.89090595e+01]
 [4.76717297e+01 1.30988956e+01]
 [2.53481725e+01 2.07532337e+01]
 [7.27270386e+00 3.27697438e+01]
 [1.80336184e+00 4.11940574e+01]]
