[[2.26869000e-03 4.67751147e-03 2.02164907e+00]
 [1.81340729e-03 3.46685438e-03 1.62090407e+00]
 [2.69682440e-03 6.18005300e-03 2.39008901e+00]
 [1.94510591e-03 4.10940813e-03 2.30109642e+00]
 [4.51313096e-03 8.71492403e-03 1.83509546e+00]
 [1.86260211e-03 3.45560727e-03 1.96191383e+00]
 [4.54171496e-03 9.92098479e-03 2.69309862e+00]
 [2.76685820e-03 5.44974677e-03 1.93583127e+00]
 [5.15964038e-03 9.46942592e-03 1.80629453e+00]
 [1.26130988e-03 2.69320424e-03 2.01859111e+00]
 [1.03446910e-03 2.34977629e-03 1.82393246e+00]
 [5.40056566e-04 9.43514534e-04 1.66176548e+00]
 [2.85716813e-03 5.77987972e-03 2.05260581e+00]
 [4.28605879e-03 7.98363709e-03 1.75717588e+00]
 [2.04646953e-03 4.52337152e-03 1.78942351e+00]
 [3.80455427e-03 6.89163919e-03 1.67627980e+00]
 [2.27687843e-03 4.86266976e-03 2.29717420e+00]
 [3.90271298e-03 7.51618672e-03 1.79158545e+00]]
