[[1.82251959e-03 3.94428285e-03 2.03092877e+00]
 [4.28448399e-03 8.68510148e-03 1.94967493e+00]
 [2.68109737e-03 5.92366399e-03 2.25228242e+00]
 [1.86198321e-03 3.45560727e-03 1.76245613e+00]
 [3.94669143e-03 7.58305628e-03 1.78980235e+00]
 [4.76765109e-03 9.98496500e-03 2.36507364e+00]
 [2.25185578e-03 4.95400332e-03 2.18256029e+00]
 [2.00521213e-03 4.27295720e-03 2.39447090e+00]
 [2.90125322e-03 6.06293850e-03 2.25228242e+00]
 [9.25113567e-04 1.85040419e-03 2.39922043e+00]
 [1.54702914e-03 3.45560727e-03 1.83253946e+00]
 [2.85129672e-03 5.62540664e-03 1.94038978e+00]
 [3.66141583e-03 7.62274160e-03 2.18354456e+00]
 [2.25185578e-03 4.99350123e-03 2.36654525e+00]
 [3.79869587e-03 6.91711491e-03 1.77507576e+00]
 [4.47959168e-03 9.15611038e-03 2.07112351e+00]
 [1.93842551e-03 3.94748214e-03 2.25199953e+00]
 [1.11349110e-03 2.41839980e-03 2.33106654e+00]
 [4.58014514e-04 1.01552034e-03 1.94853697e+00]]
