[[0.91138708 0.46287891]
 [0.16266682 0.94925023]
 [0.79932336 0.5390284 ]
 [0.73518917 0.747676  ]
 [0.66562874 0.77178829]
 [0.47338436 0.90671202]
 [0.48321211 0.86242253]
 [0.46337934 0.91982518]
 [0.4978053  0.82315645]
 [0.91758091 0.46079784]
 [0.77983254 0.55682379]
 [0.91390548 0.46283778]
 [0.8829511  0.47169406]
 [0.72536403 0.76418233]
 [0.740666   0.7427076 ]
 [0.66484933 0.78074663]
 [0.78854893 0.54912615]
 [0.93818714 0.24169244]
 [0.55363429 0.78737387]
 [1.04960261 0.06319921]
 [0.5170585  0.81254881]
 [0.45932888 0.92074068]
 [0.7976377  0.54159324]
 [0.94733779 0.15740165]
 [0.97234902 0.13168095]
 [0.16144327 0.95076534]
 [0.8340376  0.52534099]
 [0.17628021 0.93405999]
 [1.03413732 0.09602856]
 [0.84428469 0.5228287 ]
 [0.94276755 0.21912076]
 [0.99647885 0.10312394]
 [0.8504763  0.50711897]
 [0.15006111 0.95343389]
 [1.03791095 0.06497085]
 [0.77803753 0.58889315]
 [0.07851707 1.02858644]
 [0.77447625 0.63862321]
 [0.73497377 0.75511109]
 [0.77613205 0.60090197]
 [0.85578596 0.49507008]
 [0.75721569 0.72833929]
 [0.07861918 1.01675926]
 [0.09707852 1.0113417 ]
 [0.11953825 0.97918513]
 [0.79050001 0.54909539]
 [0.47351797 0.87752482]
 [0.94689742 0.1724263 ]
 [0.86199689 0.48356008]
 [0.18309083 0.93227819]]
