[[5.00000000e+00 3.00000000e+00]
 [1.50228163e-11 0.00000000e+00]
 [2.96207076e+00 2.97534170e+00]
 [2.65082879e-01 6.62690202e-01]
 [1.18395817e+00 1.21614748e+00]
 [7.86414508e-01 1.23564411e+00]
 [4.69819629e+00 2.99781322e+00]
 [1.19541367e+00 1.36422100e+00]
 [7.86414508e-01 8.65037044e-01]
 [4.35260507e+00 2.99781322e+00]
 [1.48501973e+00 1.94969498e+00]
 [3.74487182e-01 2.81817208e-01]
 [4.49955437e+00 2.99612168e+00]
 [2.54296175e+00 2.98847926e+00]
 [2.07745536e+00 2.17944842e+00]
 [2.77018892e+00 2.47854369e+00]
 [1.87424247e+00 2.29896649e+00]
 [1.21604530e+00 9.64985385e-01]
 [1.00674460e+00 7.18292678e-01]
 [1.66198143e+00 1.96967925e+00]
 [4.46979934e+00 2.99995327e+00]
 [1.91029763e+00 1.81319554e+00]
 [2.71916780e+00 2.40320079e+00]
 [3.41018809e+00 2.61265211e+00]
 [5.70321782e-01 5.32014984e-01]
 [2.08711959e+00 1.85185602e+00]
 [2.79608538e+00 2.99999231e+00]
 [9.56115771e-01 8.75463786e-01]
 [4.62862688e+00 2.99997899e+00]
 [3.86590923e+00 2.99586873e+00]
 [2.65865617e+00 2.09598257e+00]
 [1.22504350e-01 2.81817208e-01]
 [1.64315591e+00 1.52270046e+00]
 [2.41421269e+00 2.57202809e+00]
 [2.12381717e-01 2.85550350e-01]
 [7.36824917e-01 7.80044209e-01]
 [5.03344733e-02 1.19731144e-01]
 [1.45490619e+00 1.80029548e+00]
 [2.77018892e+00 2.85362397e+00]
 [4.81112764e+00 2.99240952e+00]
 [1.19326529e+00 1.14324469e+00]
 [3.80063351e+00 2.99586873e+00]
 [3.34758769e+00 2.99970096e+00]
 [3.68653367e+00 2.98875524e+00]
 [2.54409937e+00 2.77085310e+00]
 [2.07127387e+00 2.28102577e+00]
 [1.23960961e+00 1.37040117e+00]
 [3.74181255e+00 2.99337956e+00]
 [9.43694248e-02 1.33842083e-01]
 [2.05504533e+00 2.03184377e+00]
 [2.74128121e+00 2.40320079e+00]
 [1.86522302e+00 1.98016843e+00]
 [3.26429360e+00 2.91681742e+00]
 [4.03875802e+00 2.99856525e+00]
 [7.86414508e-01 1.16693042e+00]
 [1.19636349e+00 1.05461261e+00]
 [3.93631777e+00 2.99795056e+00]
 [2.42034467e+00 2.48179521e+00]
 [1.61429012e+00 1.73561453e+00]
 [1.19712378e+00 1.50138003e+00]
 [1.06542123e+00 8.27195332e-01]
 [4.87779007e+00 3.00000000e+00]
 [1.89135017e+00 1.64820943e+00]
 [3.56006495e+00 2.92412709e+00]
 [3.34902193e+00 2.92078435e+00]
 [4.91579465e+00 3.00000000e+00]
 [2.36052687e+00 2.48179521e+00]
 [3.61300470e+00 2.99586873e+00]
 [1.29359758e+00 1.50138003e+00]
 [6.89295357e-01 6.06079896e-01]
 [4.16393170e+00 2.99632493e+00]
 [3.56006495e+00 2.97390234e+00]
 [1.44730770e+00 1.58821362e+00]
 [2.84846875e+00 2.84834200e+00]
 [5.74696038e-01 2.81817208e-01]
 [4.96889887e+00 3.00000000e+00]
 [2.68199902e+00 2.77085310e+00]
 [2.35121004e+00 2.34318365e+00]
 [2.83445385e-02 3.54360003e-02]
 [1.56255238e+00 1.36822742e+00]
 [6.89295357e-01 6.76654371e-01]
 [4.25220032e+00 2.98954709e+00]
 [3.26087459e+00 2.89316395e+00]
 [3.56006495e+00 2.85016587e+00]
 [4.21194006e+00 2.99612168e+00]
 [2.84846875e+00 2.92840724e+00]
 [1.28360393e+00 1.45171960e+00]
 [1.87868897e+00 1.67506148e+00]
 [1.65710580e+00 1.65715983e+00]
 [4.11849252e+00 2.99632493e+00]
 [1.89113978e+00 1.91045201e+00]
 [2.37577813e+00 2.23567050e+00]
 [4.48281193e-02 2.74936198e-01]
 [7.21126409e-01 7.18292678e-01]
 [2.50045664e+00 2.48179521e+00]
 [4.81743839e+00 3.00000000e+00]
 [4.90126979e-01 6.18799598e-01]
 [2.19129504e+00 2.47136744e+00]
 [1.22145370e+00 1.64963418e+00]
 [2.12381717e-01 2.81817208e-01]]
