[[6.86558212e-06 2.03097770e-05]
 [4.99999999e+00 3.00000000e+00]
 [2.23548783e+00 2.46199746e+00]
 [2.35847974e+00 2.53953497e+00]
 [2.63069824e+00 2.60766518e+00]
 [4.81711058e+00 2.99999758e+00]
 [4.11845226e+00 2.99821770e+00]
 [1.99717071e+00 1.95405797e+00]
 [6.84940107e-01 5.91812481e-01]
 [4.67582975e+00 2.99999962e+00]
 [2.94214557e+00 2.76479354e+00]
 [4.03696496e+00 2.99999996e+00]
 [3.78847654e+00 2.99879945e+00]
 [3.95878052e+00 2.99997056e+00]
 [4.21198752e+00 2.99999919e+00]
 [4.72995283e+00 2.99999758e+00]
 [2.34564030e-01 1.69638009e-01]
 [9.88987516e-01 9.39631818e-01]
 [2.23548783e+00 2.24981891e+00]
 [1.24661808e+00 9.38614213e-01]
 [2.37041949e+00 2.62011958e+00]
 [9.12793592e-01 8.55034590e-01]
 [2.63491261e+00 2.48146221e+00]
 [1.93775967e+00 1.69038823e+00]
 [2.27145405e+00 2.11047425e+00]
 [1.18968804e-01 4.37059862e-02]
 [4.48913279e+00 2.97553418e+00]
 [8.19234400e-01 8.24186460e-01]
 [1.48740048e+00 1.56504794e+00]
 [3.09729091e+00 2.99963561e+00]
 [1.18510276e+00 1.09857956e+00]
 [2.83262190e+00 2.51854306e+00]
 [2.18275228e+00 2.03050935e+00]
 [1.03821054e+00 1.01251290e+00]
 [1.74989258e+00 1.75890834e+00]
 [4.26545223e+00 2.99992420e+00]
 [4.38687778e+00 2.99999919e+00]
 [3.44171913e+00 2.72847912e+00]
 [1.27973509e+00 1.32074251e+00]
 [3.97616675e-01 2.54774369e-01]
 [1.59140032e+00 1.53679509e+00]
 [1.13108865e+00 1.40555884e+00]
 [2.19794902e+00 1.86770993e+00]
 [2.65557357e+00 2.86739067e+00]
 [2.92509870e+00 2.65980753e+00]
 [1.49327880e+00 1.48284659e+00]
 [1.20737645e+00 1.47272231e+00]
 [4.91223079e+00 2.99821109e+00]
 [3.50628982e+00 2.99999170e+00]
 [3.41041989e+00 2.99907597e+00]
 [2.52876158e+00 2.61260748e+00]
 [7.60434883e-01 6.49287471e-01]
 [6.85480168e-01 4.58773129e-01]
 [4.57242470e+00 2.99999962e+00]
 [5.28752033e-01 4.88009661e-01]
 [4.51677811e+00 2.99999914e+00]
 [2.03606353e+00 2.50253044e+00]
 [2.87101065e+00 2.99705466e+00]
 [2.24678541e-01 5.29627363e-01]
 [1.17612564e-02 3.80468580e-02]
 [1.74526052e+00 1.97883775e+00]
 [5.28752033e-01 5.50520514e-01]
 [7.90663362e-01 7.17799289e-01]
 [1.37427290e+00 1.39619854e+00]
 [3.89659002e+00 2.98487236e+00]
 [3.34787178e+00 2.98227782e+00]
 [2.34564030e-01 7.79057093e-02]
 [1.09375177e+00 1.24758259e+00]
 [1.45373028e-01 7.58148893e-02]
 [2.63033438e+00 2.82780231e+00]
 [3.72727581e+00 2.99667195e+00]
 [4.18532055e-01 4.18860682e-01]
 [1.01210522e+00 1.44713241e+00]
 [1.51139507e+00 1.75890834e+00]
 [1.24661808e+00 8.64973529e-01]
 [1.25314228e+00 1.59594587e+00]
 [1.78998314e+00 1.57461572e+00]
 [1.43812836e+00 1.48037668e+00]
 [3.70110036e+00 2.98487236e+00]
 [2.33004949e+00 2.28245259e+00]
 [2.34999655e+00 2.61291586e+00]
 [3.00899643e+00 2.94059578e+00]
 [1.86067189e+00 1.80386860e+00]
 [1.58620831e+00 1.60445099e+00]
 [3.27603709e-01 2.54774369e-01]
 [1.85881235e+00 2.01184382e+00]
 [3.60456771e+00 2.99965566e+00]
 [4.38687778e+00 2.99999942e+00]
 [4.96867929e+00 3.00000000e+00]
 [4.47335674e-01 4.97914548e-01]
 [8.24880861e-01 5.20279032e-01]
 [2.30802716e+00 1.98837731e+00]
 [1.22952353e+00 1.50377308e+00]
 [3.44171913e+00 2.94703250e+00]
 [3.90017658e+00 2.98487236e+00]
 [2.07513890e-01 2.90263257e-01]
 [2.65557357e+00 2.76765577e+00]
 [3.56859298e+00 2.99997056e+00]
 [3.01842758e+00 2.73969996e+00]
 [1.92572545e+00 1.93089392e+00]]
