[[1.08913866e-03 2.20191540e-03 2.10606507e+00]
 [5.40551230e-04 1.35079158e-03 1.68846236e+00]
 [4.94048937e-03 9.93634103e-03 2.58886676e+00]
 [1.88527890e-03 3.04914271e-03 1.51053129e+00]
 [2.89055914e-03 6.36706089e-03 2.39469627e+00]
 [2.04946854e-03 4.40917226e-03 2.20196319e+00]
 [1.86210696e-03 3.56943461e-03 1.79353495e+00]
 [4.91013534e-03 8.70945518e-03 1.68967130e+00]
 [2.76765671e-03 5.14506852e-03 1.93442647e+00]
 [3.80651394e-03 7.97594185e-03 1.98997137e+00]
 [3.14618998e-03 6.82568724e-03 2.36358998e+00]
 [2.79279085e-03 6.12357954e-03 2.20281878e+00]
 [2.70874276e-03 5.81435642e-03 2.08498363e+00]
 [5.21532939e-03 9.42270903e-03 1.68845019e+00]
 [2.22063209e-03 4.71984794e-03 2.25171862e+00]
 [2.04946854e-03 4.03252399e-03 1.86107629e+00]]
