[[4.46683968e-03 8.47053084e-03 1.68724044e+00]
 [1.88495093e-03 4.47306202e-03 2.52763711e+00]
 [1.89491995e-03 3.86644830e-03 2.28043163e+00]
 [8.58501968e-04 1.20850920e-03 1.62895884e+00]
 [1.25115974e-03 2.66181246e-03 2.15451557e+00]
 [1.85224520e-03 3.55403626e-03 1.82189040e+00]
 [4.15187447e-03 8.63274565e-03 2.09963896e+00]
 [4.19664402e-03 8.15216113e-03 1.62895884e+00]
 [2.99605506e-03 6.87972010e-03 2.22406235e+00]
 [5.56114547e-03 9.96489533e-03 2.91649918e+00]
 [4.32773256e-03 9.40116124e-03 2.20791578e+00]
 [3.02851643e-03 6.02411216e-03 2.08897204e+00]
 [2.66531888e-03 5.62121243e-03 1.85586804e+00]
 [3.24317165e-03 5.63989237e-03 1.74845978e+00]]
