[[0.04205632 1.03826019]
 [1.03844006 0.04243086]
 [0.9294044  0.19271862]
 [0.44729694 0.92853729]
 [0.19628755 0.92919236]
 [0.92892609 0.4470477 ]
 [0.65486236 0.77236423]
 [0.61021558 0.773088  ]
 [0.77304541 0.63118126]
 [0.77316107 0.5992728 ]
 [0.48929814 0.84138346]
 [0.91649291 0.45472472]
 [1.02392507 0.06856207]
 [0.07547961 1.01589422]
 [0.90039876 0.46309257]
 [0.10001428 0.99385141]
 [0.11116261 0.98255925]
 [0.94041594 0.16128687]
 [0.75599007 0.72252933]
 [0.97640288 0.11704656]
 [1.01341564 0.07998456]
 [0.76972172 0.68789998]
 [0.48122837 0.85840944]
 [0.45408166 0.91769948]
 [0.85577856 0.48238142]
 [0.96708139 0.12756643]
 [0.86822569 0.47780563]
 [0.66956176 0.77117344]
 [0.74850684 0.73402732]
 [0.4606582  0.90533856]
 [0.11915963 0.97429075]
 [0.68690176 0.76857485]
 [0.82817863 0.49503365]
 [0.77683052 0.55682464]
 [0.740666   0.74262221]
 [0.76211447 0.7102021 ]
 [0.77264926 0.64918467]
 [0.17332044 0.93387758]
 [0.88243278 0.47305149]
 [0.14128441 0.95380642]
 [0.98510176 0.10824832]
 [0.54986969 0.77866069]
 [0.7746476  0.57120549]
 [0.95888323 0.1355947 ]
 [0.46592193 0.89437595]
 [0.6985277  0.76582172]
 [0.08483642 1.0077849 ]
 [0.76570031 0.69926471]
 [0.77363868 0.58526646]
 [1.00542869 0.08731458]
 [0.73160597 0.75020506]
 [0.80450904 0.51010404]
 [0.06306262 1.02609448]
 [0.09190665 1.00220444]
 [0.50894012 0.80610439]
 [0.93196918 0.17948739]
 [0.95138962 0.14827028]
 [0.47067828 0.88420827]
 [0.52266704 0.79279356]
 [0.8903157  0.46775361]
 [0.72415415 0.75537333]
 [0.77139093 0.66791578]
 [0.18669487 0.93024267]
 [0.50232216 0.8152892 ]
 [0.49538237 0.82914861]
 [0.16292437 0.93864837]
 [0.56435424 0.77552042]
 [1.03038635 0.05635491]
 [0.51506812 0.79897983]
 [0.99236606 0.10093383]
 [0.5309239  0.78663329]
 [0.79292016 0.52152798]
 [0.54092046 0.78407861]
 [0.9986655  0.0947813 ]
 [0.93555371 0.16992346]
 [0.04870675 1.03501759]
 [0.78681831 0.53037052]
 [0.78295623 0.5462014 ]
 [0.84397251 0.48974484]
 [0.12831258 0.96531961]
 [0.59595259 0.7732394 ]
 [0.47466102 0.87482929]
 [0.1494705  0.94769321]
 [0.13493028 0.96528325]
 [0.58592003 0.77353616]
 [0.57307167 0.77445962]
 [0.05919001 1.0287428 ]
 [0.79982182 0.51641073]
 [0.4779649  0.86689038]
 [0.15537369 0.94338775]
 [1.03360612 0.05115191]
 [0.83833724 0.48996075]
 [0.49803166 0.82265865]
 [0.71087335 0.76179894]
 [0.81721821 0.50248265]
 [0.81511345 0.50253461]
 [0.95174639 0.14375018]
 [0.92775815 0.44917484]
 [0.77205413 0.6625342 ]
 [0.71419026 0.76070589]]
