[[0.         0.        ]
 [5.         3.        ]
 [4.22052445 2.99597997]
 [2.29379853 2.58113489]
 [1.71314064 1.44966621]
 [2.35637514 2.38368251]
 [4.65267771 2.99913947]
 [2.33892311 2.02789076]
 [4.75850276 3.        ]
 [1.11697215 1.00765495]
 [2.41284101 2.13413358]
 [2.52721529 2.13051326]
 [2.44734757 2.5239679 ]
 [4.31120785 3.        ]
 [0.60404771 0.68039268]
 [1.66601747 1.86874363]
 [4.1021332  2.99854756]
 [4.49555813 3.        ]
 [0.62421377 1.0611835 ]
 [1.09136334 1.17348044]
 [4.58466622 2.9991167 ]
 [1.65729489 1.75485463]
 [1.22644579 1.66880711]
 [2.77382619 2.953046  ]
 [2.62109706 2.95964363]
 [2.75752696 2.6848568 ]
 [2.09597752 2.14672301]
 [3.73610291 2.99999507]
 [0.82454645 0.60570688]
 [1.03988878 0.52293319]
 [1.49580543 1.81973015]
 [1.56944031 1.51174334]
 [2.96606456 2.98907645]
 [3.14982917 2.99597997]
 [0.21244787 0.08158764]
 [2.62109706 2.98089776]
 [1.79966107 1.90764746]
 [0.82825328 0.93584942]
 [0.62533776 0.52098058]
 [1.34235378 1.4476503 ]
 [2.59921589 2.67087476]
 [2.60245412 2.557954  ]
 [0.891303   1.0611835 ]
 [0.3322519  0.57833764]
 [4.92615663 3.        ]
 [2.53911662 2.5239679 ]
 [3.92376646 3.        ]
 [3.86560624 2.97354014]
 [2.15737249 1.90225177]
 [4.82604109 2.99854756]
 [4.05473044 2.99995952]
 [0.53270293 0.6962959 ]
 [0.38044965 0.3374801 ]
 [0.41901417 0.5736179 ]
 [3.45907258 2.99635584]
 [2.09597752 2.0293044 ]
 [0.26320857 0.36464406]
 [0.26304284 0.32180835]
 [0.07473026 0.02306856]
 [0.21209701 0.28266496]
 [4.38532566 2.99994442]
 [3.36195621 2.99828136]
 [3.07488007 2.96279353]
 [2.08566629 2.37955083]
 [1.97008912 1.66880711]
 [1.03988878 0.83496003]
 [0.82825328 1.01230983]
 [1.77913051 1.82094387]
 [3.41037408 2.99489152]
 [3.69400733 2.99998851]
 [4.42510735 3.        ]
 [1.79966107 1.99796895]
 [1.46155023 1.53888601]
 [3.52094692 2.99703265]
 [2.03330783 1.86269033]
 [0.3322519  0.43582397]
 [2.41314721 2.02789076]
 [1.20086551 1.11611136]
 [2.90676423 2.92547583]
 [1.34235378 1.6331644 ]
 [0.92038963 1.12952416]
 [0.80085425 0.71366472]
 [3.09339022 2.9815237 ]
 [3.67167944 2.94948326]
 [1.1024939  1.31116825]
 [3.86560624 2.98693327]
 [0.92961708 1.43575091]
 [1.97468055 2.02218649]
 [0.80085425 1.21681715]
 [3.31087102 2.90912824]
 [1.79966107 1.99315082]
 [0.33303966 0.73835472]
 [3.23169044 2.99830613]
 [0.10791136 0.09005074]
 [1.27882188 1.29818314]
 [3.98990202 2.99854756]
 [0.23592489 0.13601696]
 [1.75377425 1.59757597]
 [0.04146738 0.09018318]
 [3.60293215 2.95112066]]
