[[1.82577099e-15 4.99999998e+01]
 [1.36000000e+02 4.00000000e+00]
 [1.44488275e+01 2.67486250e+01]
 [1.22299321e+01 2.85212135e+01]
 [1.03643356e+02 4.80012664e+00]
 [1.24274920e+02 4.09210744e+00]
 [1.08306367e+02 4.56042117e+00]
 [3.86142770e+00 3.71823549e+01]
 [4.22711715e+01 1.46279927e+01]
 [6.05792379e+00 3.41165776e+01]
 [1.88804171e+01 2.42642371e+01]
 [4.62702115e+01 1.37783143e+01]
 [4.03463028e+01 1.51758613e+01]
 [6.84628259e+00 3.32700213e+01]
 [7.54015937e+00 3.24804556e+01]
 [3.90208034e+01 1.56836534e+01]
 [5.04794928e+01 1.23965653e+01]
 [1.21403291e+02 4.14459464e+00]
 [1.54084583e+01 2.60956217e+01]
 [7.25728494e-01 4.44535367e+01]
 [3.37804710e-01 4.60238633e+01]
 [1.64332855e+01 2.54673595e+01]
 [9.63976946e-01 4.33918871e+01]
 [1.17518724e+01 2.90011910e+01]
 [1.66415156e-01 4.72215319e+01]
 [5.79778652e+01 1.06532642e+01]
 [2.66843796e+01 2.02361907e+01]
 [1.15148366e+02 4.30472055e+00]
 [4.84041797e+01 1.32473427e+01]
 [2.02863354e+01 2.32329926e+01]
 [5.05045008e-01 4.51645116e+01]
 [9.14394389e+00 3.09039554e+01]
 [3.23744252e-02 4.87365303e+01]
 [3.06918652e+01 1.85109227e+01]
 [2.17219858e+01 2.24748279e+01]
 [1.32064953e+02 4.00987310e+00]
 [4.98895177e+01 1.32272386e+01]
 [3.25025380e+00 3.80656104e+01]
 [1.14912912e+00 4.27186841e+01]
 [6.92030875e+01 8.48971090e+00]
 [8.39293759e+01 6.36709618e+00]
 [1.28625093e+02 4.03608328e+00]
 [3.51056537e+01 1.69463309e+01]
 [1.01081254e+02 4.93565329e+00]
 [3.73193602e+01 1.61977320e+01]
 [5.34810623e+00 3.49954695e+01]
 [1.05198725e+01 2.97998469e+01]
 [6.76774785e+01 8.74846763e+00]
 [2.96904750e+01 1.89975990e+01]
 [5.60889519e+01 1.10874787e+01]
 [1.40937641e+00 4.19928629e+01]
 [4.95377164e+00 3.61641037e+01]
 [1.12503729e+02 4.39343830e+00]
 [2.29198310e+01 2.20041698e+01]
 [6.22896958e+01 9.79396394e+00]
 [3.19788129e+01 1.80189795e+01]
 [9.94934331e+00 3.03305514e+01]
 [2.34187104e+01 2.16638818e+01]
 [1.74338850e+01 2.49006620e+01]
 [6.64852218e+01 9.00413833e+00]
 [2.81262828e+01 1.97323723e+01]
 [7.43683838e+01 7.68137535e+00]
 [7.75884868e+01 7.23088929e+00]
 [1.34062235e+02 4.00290388e+00]
 [5.15016012e+00 3.52668729e+01]
 [2.64982709e+00 3.92067159e+01]
 [7.24391406e+01 7.95428289e+00]
 [4.41419541e+01 1.41178233e+01]
 [3.36765593e+01 1.73992443e+01]
 [8.56883732e+01 6.27880595e+00]
 [9.49765050e+01 5.38849498e+00]
 [7.07774066e+01 8.25268104e+00]
 [1.18798201e+02 4.20279186e+00]
 [2.15045575e-01 4.69610172e+01]
 [2.28776635e+00 3.98802309e+01]
 [9.98549464e+01 5.00936230e+00]
 [5.26168054e+01 1.19677319e+01]
 [9.59608335e+01 5.28836918e+00]
 [6.01813208e+01 1.01948980e+01]
 [8.31937550e+00 3.16867800e+01]
 [1.29532833e+02 4.02780304e+00]
 [1.76893997e+00 4.15038041e+01]
 [5.21675646e+01 1.20158502e+01]
 [7.90611871e+01 7.01796778e+00]
 [1.10085856e+02 4.49841319e+00]
 [7.63180063e+01 7.39798931e+00]
 [8.90584548e+01 5.84406255e+00]
 [1.80300009e+01 2.46695582e+01]
 [3.61448724e+01 1.66374209e+01]
 [5.43004536e+01 1.15194457e+01]
 [6.27324064e+01 9.67936268e+00]
 [4.43428172e+01 1.40397724e+01]
 [1.80621965e+00 4.09512663e+01]
 [6.51377604e+01 9.22350307e+00]
 [9.11074186e+01 5.65974111e+00]
 [8.20469445e+01 6.58749794e+00]
 [9.28811085e+01 5.51090961e+00]
 [1.17355477e+02 4.24092328e+00]
 [2.09118347e+01 2.28945050e+01]
 [5.93229572e+01 1.03705374e+01]]
