[[4.93017715 2.99983684]
 [0.01136792 0.01085577]
 [2.39674549 2.21698654]
 [0.51785008 0.75972797]
 [2.52320216 2.41104404]
 [2.09088822 2.36986478]
 [2.3385619  2.45015632]
 [0.86032774 0.76155751]
 [1.83463682 1.87886735]
 [1.94245813 1.97971157]
 [4.47319613 2.99742869]
 [4.83281673 2.99678979]
 [2.14372169 2.18518831]
 [2.34280458 2.37300468]
 [0.56931982 0.55957323]
 [1.47652342 1.15193031]
 [1.05482779 1.25006243]
 [1.9560273  1.83884558]
 [1.81833626 1.73082572]
 [2.78417766 2.55544641]
 [0.26374038 0.29298389]
 [3.6380563  2.97256032]
 [4.77319577 2.99848752]
 [1.59584194 1.69987201]
 [4.15154696 2.99835068]
 [1.33331745 1.15193031]
 [1.70835744 1.51365681]
 [3.53598799 2.9977798 ]
 [1.14331978 1.25049002]
 [0.80292348 0.59576223]
 [2.19685842 2.01367991]
 [3.48580007 2.98647293]
 [3.9976856  2.99941649]
 [2.95857461 2.71745989]
 [0.72452953 0.76155751]
 [1.05721269 1.15404357]
 [4.59557271 2.98827178]
 [1.49102273 1.43854979]
 [4.2634711  2.99210514]
 [1.52172341 1.31974128]
 [3.78351403 2.9979025 ]
 [3.97010167 2.9921862 ]
 [4.09378411 2.99958557]
 [3.12153531 2.99299826]
 [3.40573122 2.99151585]
 [2.4287105  1.95746328]
 [3.16604511 2.78130988]
 [3.04935234 2.47671734]
 [1.55936006 1.57931386]
 [2.18543731 1.80299937]
 [4.34462817 2.97882174]
 [3.68289543 2.9977798 ]
 [2.7221869  2.37632575]
 [0.97074705 0.86515126]
 [1.84948925 1.54825606]
 [4.59557271 2.9991939 ]
 [3.22676196 2.99728476]
 [1.78150858 1.73082572]
 [3.87408389 2.99941649]
 [2.8011085  2.77442391]
 [2.09597257 2.01367991]
 [4.93017715 2.99848752]
 [4.69762134 2.99352837]
 [0.01266173 0.3014954 ]
 [3.22680445 2.93335489]
 [1.07583706 0.84869401]
 [0.5414849  0.30201121]
 [0.18387605 0.26236826]
 [0.83928785 0.87934815]
 [4.39820605 2.9879188 ]
 [3.7414991  2.98460802]
 [1.19764845 1.54148895]
 [1.52011803 1.4700766 ]
 [2.65247104 2.37451117]
 [2.65525469 2.77921241]
 [1.49709951 1.16844971]
 [0.54604407 0.20150427]
 [3.31562901 2.96061146]
 [3.85942491 2.9921862 ]
 [2.10276504 2.07696785]
 [2.69259301 2.48062101]
 [1.83463682 1.54825606]
 [2.96064881 2.92126389]
 [2.71710052 2.55167484]
 [2.6502315  2.77921241]
 [1.21425646 1.56726001]
 [4.42447209 2.99902747]
 [0.09506697 0.36633228]
 [1.07583706 0.90393421]
 [1.09862353 0.929226  ]
 [1.57223143 1.4700766 ]
 [4.69762134 2.99821343]
 [1.78137438 1.30320953]
 [0.36726617 0.280348  ]
 [0.35931056 0.30201121]
 [0.83928785 0.87164305]
 [3.03352412 2.99887139]
 [0.59632095 0.45731145]
 [3.03352412 2.9977798 ]
 [0.06575557 0.01085577]]
