[[2.13645200e-08 5.69000402e-12]
 [5.00000000e+00 3.00000000e+00]
 [1.29875661e+00 1.38760159e+00]
 [1.07296222e+00 1.38066473e+00]
 [4.11552310e+00 2.99554814e+00]
 [4.69786819e+00 2.99979406e+00]
 [4.25175453e+00 2.99986253e+00]
 [7.77187584e-01 6.01112622e-01]
 [2.38492935e+00 2.20905068e+00]
 [8.92761544e-01 8.47028792e-01]
 [1.72565420e+00 1.31993252e+00]
 [2.11697683e+00 2.66194703e+00]
 [2.21625790e+00 2.27481353e+00]
 [9.96632611e-01 8.47522322e-01]
 [9.35948064e-01 1.00451036e+00]
 [2.05576943e+00 2.35138531e+00]
 [2.44803881e+00 2.57429198e+00]
 [4.62082876e+00 2.99979406e+00]
 [1.38804766e+00 1.38760163e+00]
 [1.93152622e-01 3.79636916e-01]
 [2.34725658e-01 1.71333135e-01]
 [1.37374763e+00 1.49034856e+00]
 [3.99213135e-01 2.85697583e-01]
 [1.38804766e+00 1.00563005e+00]
 [1.10674052e-01 1.71333135e-01]
 [2.69880935e+00 2.68531085e+00]
 [1.69216188e+00 1.95132854e+00]
 [4.44833314e+00 2.99990395e+00]
 [2.15318225e+00 2.73218797e+00]
 [1.55253180e+00 1.63132733e+00]
 [2.08297705e-01 2.87877263e-01]
 [1.07296222e+00 1.06524084e+00]
 [6.14287360e-02 6.57275946e-02]
 [2.00625822e+00 1.90994614e+00]
 [1.64016756e+00 1.65539930e+00]
 [4.90063651e+00 3.00000000e+00]
 [2.04574778e+00 2.87876630e+00]
 [6.45695970e-01 6.28999336e-01]
 [3.99213135e-01 3.57646687e-01]
 [2.88110807e+00 2.99999803e+00]
 [3.46173072e+00 2.99979406e+00]
 [4.81222495e+00 2.99979406e+00]
 [1.97395758e+00 2.20905068e+00]
 [4.03417447e+00 2.99929154e+00]
 [2.03839728e+00 2.27481353e+00]
 [7.87126918e-01 8.47028792e-01]
 [1.03219927e+00 1.25081285e+00]
 [2.91563146e+00 2.90145874e+00]
 [2.06303961e+00 1.77946237e+00]
 [2.56994515e+00 2.72353078e+00]
 [4.56311203e-01 3.79636916e-01]
 [5.27592667e-01 9.79841256e-01]
 [4.37347582e+00 2.99977357e+00]
 [1.83260052e+00 1.53997827e+00]
 [2.69880935e+00 2.87903665e+00]
 [2.04574778e+00 1.95182459e+00]
 [1.23574611e+00 9.79932334e-01]
 [1.64016756e+00 1.77891203e+00]
 [1.37374763e+00 1.57203330e+00]
 [2.77451994e+00 2.98719677e+00]
 [2.05915015e+00 1.67076970e+00]
 [3.18961332e+00 2.90145874e+00]
 [3.30056073e+00 2.91606252e+00]
 [4.95140100e+00 2.99986450e+00]
 [7.55037917e-01 8.47028792e-01]
 [5.16721115e-01 6.28852973e-01]
 [3.09822645e+00 2.91732378e+00]
 [2.46661435e+00 2.22515217e+00]
 [1.99631084e+00 2.10567872e+00]
 [3.57642434e+00 2.93790439e+00]
 [3.85462513e+00 2.98093799e+00]
 [3.08996190e+00 2.85420516e+00]
 [4.54967583e+00 3.00000000e+00]
 [2.09116841e-01 1.00157579e-01]
 [5.20834243e-01 5.48336830e-01]
 [3.99554608e+00 2.99989134e+00]
 [2.39511617e+00 2.72353078e+00]
 [3.87696006e+00 2.99322386e+00]
 [2.70730322e+00 2.77774000e+00]
 [1.03479602e+00 1.00451036e+00]
 [4.83574646e+00 2.99979406e+00]
 [3.00707220e-01 5.93135870e-01]
 [2.44265845e+00 2.65994565e+00]
 [3.33631405e+00 2.93841885e+00]
 [4.30675694e+00 2.99554814e+00]
 [3.25208871e+00 2.91606252e+00]
 [3.64209268e+00 2.99996244e+00]
 [1.65920864e+00 1.32458557e+00]
 [1.96513663e+00 2.27474308e+00]
 [2.71713085e+00 2.48843592e+00]
 [2.82263389e+00 2.77774000e+00]
 [2.45003543e+00 2.25455776e+00]
 [4.86793463e-01 4.63235402e-01]
 [2.80463497e+00 2.90145874e+00]
 [3.71174892e+00 2.99996244e+00]
 [3.39645550e+00 2.99596832e+00]
 [3.77113979e+00 2.99979696e+00]
 [4.51000054e+00 2.99979406e+00]
 [1.59799733e+00 1.63534804e+00]
 [2.69880935e+00 2.74721084e+00]]
