[[0.00000000e+00 5.00000000e+01]
 [1.36000000e+02 4.00000000e+00]
 [1.07154890e+02 4.62367841e+00]
 [4.76950760e+01 1.31744348e+01]
 [2.01455319e+01 2.34083145e+01]
 [4.49377845e+01 1.38338696e+01]
 [1.22568990e+02 4.12407563e+00]
 [3.83316091e+01 1.59147635e+01]
 [1.26573394e+02 4.05832092e+00]
 [9.05198108e+00 3.10167243e+01]
 [4.15053115e+01 1.49065820e+01]
 [4.37036155e+01 1.43486184e+01]
 [4.94396963e+01 1.26467694e+01]
 [1.10346053e+02 4.47443462e+00]
 [3.31123135e+00 3.79834039e+01]
 [2.50712679e+01 2.09202059e+01]
 [1.03275137e+02 4.81197666e+00]
 [1.16840172e+02 4.25446160e+00]
 [6.06301303e+00 3.46617805e+01]
 [1.02725211e+01 2.99196925e+01]
 [1.20055461e+02 4.17603613e+00]
 [2.33045646e+01 2.17046459e+01]
 [1.71563458e+01 2.53365575e+01]
 [6.56583696e+01 9.14587051e+00]
 [6.25185608e+01 9.82223332e+00]
 [5.92496440e+01 1.03885734e+01]
 [3.60061657e+01 1.65745362e+01]
 [9.18337414e+01 5.59745559e+00]
 [4.18703069e+00 3.67442244e+01]
 [5.41931116e+00 3.57266081e+01]
 [2.21954069e+01 2.23934958e+01]
 [1.89940432e+01 2.39366743e+01]
 [7.09284679e+01 8.18070691e+00]
 [7.55892791e+01 7.43922838e+00]
 [2.07162563e-01 4.71114355e+01]
 [6.30236051e+01 9.73595304e+00]
 [2.75115953e+01 1.98048135e+01]
 [6.24727048e+00 3.39207907e+01]
 [2.64987233e+00 3.91992847e+01]
 [1.55904202e+01 2.59975643e+01]
 [5.55579809e+01 1.11885887e+01]
 [5.32635845e+01 1.17118149e+01]
 [7.68212588e+00 3.23956664e+01]
 [1.77946299e+00 4.13389704e+01]
 [1.33068077e+02 4.00545284e+00]
 [5.12701086e+01 1.21866820e+01]
 [9.75837728e+01 5.15827864e+00]
 [9.51394104e+01 5.39338876e+00]
 [3.30912715e+01 1.76765752e+01]
 [1.29127840e+02 4.03607357e+00]
 [1.01762384e+02 4.89369646e+00]
 [3.07440152e+00 3.84786122e+01]
 [1.03453901e+00 4.30793373e+01]
 [2.01844150e+00 4.05782896e+01]
 [8.37733256e+01 6.38904724e+00]
 [3.40447926e+01 1.72583789e+01]
 [8.08976172e-01 4.39237177e+01]
 [6.91008612e-01 4.43242402e+01]
 [2.44670788e-02 4.90281286e+01]
 [4.99538493e-01 4.51772649e+01]
 [1.12922991e+02 4.37804685e+00]
 [8.11697628e+01 6.69006496e+00]
 [7.29321317e+01 7.85629696e+00]
 [4.00490640e+01 1.53600949e+01]
 [2.66646732e+01 2.02772060e+01]
 [7.11410771e+00 3.30300388e+01]
 [6.84309871e+00 3.33051436e+01]
 [2.59245677e+01 2.04803982e+01]
 [8.24001063e+01 6.54737058e+00]
 [9.05824849e+01 5.70566280e+00]
 [1.14326300e+02 4.33050156e+00]
 [2.89226396e+01 1.92543597e+01]
 [1.80171969e+01 2.44999368e+01]
 [8.55170877e+01 6.19947622e+00]
 [3.04158240e+01 1.86439744e+01]
 [1.20133543e+00 4.26195752e+01]
 [3.97424815e+01 1.55252407e+01]
 [1.07511302e+01 2.95180138e+01]
 [6.80307484e+01 8.68528654e+00]
 [1.78765585e+01 2.47139578e+01]
 [8.49176757e+00 3.16238040e+01]
 [4.60273944e+00 3.60054952e+01]
 [7.38341863e+01 7.70940746e+00]
 [8.87227256e+01 5.96905441e+00]
 [1.17386200e+01 2.87980334e+01]
 [9.54587280e+01 5.33928684e+00]
 [1.17022744e+01 2.92718886e+01]
 [3.19544060e+01 1.80199310e+01]
 [8.48804604e+00 3.19452975e+01]
 [7.76995761e+01 7.22490144e+00]
 [2.88457206e+01 1.92833113e+01]
 [2.62433244e+00 3.99421393e+01]
 [7.77346509e+01 7.13369706e+00]
 [7.90159946e-02 4.80401329e+01]
 [1.32826594e+01 2.75506147e+01]
 [9.96424225e+01 5.02610979e+00]
 [2.96644682e-01 4.63547426e+01]
 [2.25118924e+01 2.21144709e+01]
 [3.94102005e-02 4.86933469e+01]
 [8.67609328e+01 6.14970515e+00]]
