[[6.47769785e+01 9.35710342e+00]
 [9.61063707e+00 3.05599658e+01]
 [5.33672357e+00 3.50036754e+01]
 [7.36528456e+01 7.73684337e+00]
 [1.73834072e+01 2.48670140e+01]
 [4.14930046e+01 1.49751199e+01]
 [2.55368854e-02 4.91945432e+01]
 [3.75880553e+01 1.60450348e+01]
 [3.34264288e+01 1.75326964e+01]
 [2.90626062e+01 1.91757931e+01]
 [1.24192487e+02 4.20046329e+00]
 [5.82773005e+01 1.06153121e+01]
 [2.51628496e+01 2.09418965e+01]
 [5.22305225e+01 1.19985424e+01]
 [1.35647157e+01 2.74153785e+01]
 [8.64263983e+01 6.10952170e+00]
 [4.68302200e+01 1.33229758e+01]
 [2.14749955e+01 2.26204021e+01]]
