[[4.70018909e-03 8.07105196e-03 1.77572494e+00]
 [1.51234153e-03 2.46954614e-03 1.59834976e+00]
 [1.94329294e-03 4.27602568e-03 2.24221798e+00]
 [1.98498500e-03 3.94991618e-03 1.81194582e+00]
 [4.33767350e-03 8.90509124e-03 2.10673379e+00]
 [1.75754866e-03 3.29266223e-03 1.71443741e+00]
 [3.20356367e-03 6.17259462e-03 1.78196267e+00]
 [6.15745838e-04 9.18067225e-04 2.11508864e+00]
 [4.06254382e-03 9.90179196e-03 2.83528049e+00]
 [3.24964867e-03 5.58781017e-03 1.59546427e+00]
 [2.02439361e-03 4.57863861e-03 2.50241728e+00]
 [3.70733531e-03 7.05575931e-03 2.04363423e+00]
 [2.74671044e-03 6.19097117e-03 2.52359802e+00]]
