[[1.03844006 0.04243086]
 [0.04205632 1.03826019]
 [0.92892609 0.4470477 ]
 [0.44729694 0.92853729]
 [0.9294044  0.19301644]
 [0.19428428 0.92927493]
 [0.65486236 0.77236423]
 [0.61021558 0.773088  ]
 [0.77304541 0.63118126]
 [0.91649291 0.45473365]
 [0.8568245  0.48338264]
 [0.56458331 0.77548213]
 [0.97640288 0.11704656]
 [0.77316107 0.60161211]
 [0.83833724 0.48996075]
 [0.81780783 0.50253461]
 [0.48929814 0.84138346]
 [0.90075876 0.46309257]
 [0.95174639 0.14375018]
 [0.76822696 0.68874986]
 [0.53206997 0.78663329]
 [0.75666004 0.72265269]
 [0.48122837 0.85840944]
 [0.77264926 0.64918467]
 [0.74850684 0.73402732]
 [0.45408166 0.91769948]
 [0.66956176 0.77117344]
 [0.8903157  0.46775361]
 [0.10628051 0.98852912]
 [0.12865656 0.9657954 ]
 [0.58592003 0.77353616]
 [0.09653078 0.99671523]
 [0.82914831 0.49530807]
 [0.740666   0.74262221]
 [0.80450904 0.51015262]
 [0.76215637 0.71053644]
 [0.07204347 1.01941927]
 [0.96709766 0.13070482]
 [0.98510176 0.10824832]
 [0.08360992 1.00875732]
 [0.87652731 0.47408636]
 [0.17373557 0.93387758]
 [0.46592193 0.89437595]
 [1.01264711 0.08024243]
 [0.50232216 0.81554441]
 [0.68690176 0.76857485]
 [0.77683052 0.55682464]
 [0.52266704 0.79279356]
 [0.50894012 0.80618532]
 [1.00542869 0.08731458]
 [0.05919001 1.0287428 ]
 [0.94350474 0.1553426 ]
 [0.93197432 0.18007848]
 [0.73162452 0.75020506]
 [0.96116951 0.13390717]
 [0.47078911 0.88439948]
 [0.70524845 0.76365185]
 [0.11964317 0.97437688]
 [0.16395465 0.93864837]
 [0.76570031 0.69950157]
 [0.71615582 0.75922459]
 [0.11481261 0.98011953]
 [0.93555371 0.17042693]
 [0.51506812 0.79897983]
 [0.04870675 1.03501759]
 [1.01988186 0.0711295 ]
 [0.99236606 0.10093383]
 [0.79292016 0.52152798]
 [0.77331777 0.59146081]
 [0.7871335  0.53037052]
 [0.77151353 0.66669913]
 [0.54705605 0.77991277]
 [0.7805372  0.54726509]
 [1.02415565 0.06527128]
 [0.18669487 0.93024267]
 [0.08903002 1.0044829 ]
 [0.59595259 0.7732394 ]
 [0.47466102 0.87482929]
 [0.13819443 0.95886763]
 [0.49833234 0.82600742]
 [0.1494705  0.94769321]
 [0.72431117 0.75499988]
 [0.49538237 0.83313549]
 [1.03038635 0.05635491]
 [0.15537369 0.94338775]
 [0.78354203 0.53801751]
 [0.69617051 0.76745713]
 [0.94041594 0.16139366]
 [0.4779649  0.86689038]
 [0.79982182 0.51683673]
 [0.14128441 0.95380642]
 [0.77464805 0.57120549]
 [0.07083455 1.02814671]
 [1.03396992 0.05115191]
 [0.54986969 0.77866069]
 [0.77454494 0.57695479]
 [0.46067245 0.90602193]
 [0.77151483 0.66625731]
 [0.9986655  0.0947813 ]
 [0.86822569 0.47780563]]
