[[8.76305543e-09 4.99993504e+01]
 [1.35981985e+02 4.00000036e+00]
 [1.23826758e+01 2.82451073e+01]
 [6.64798385e+01 9.00798763e+00]
 [6.18987205e+01 9.95717838e+00]
 [4.73245787e+01 1.32212804e+01]
 [1.07777731e+01 2.96898680e+01]
 [5.14057983e+01 1.23536052e+01]
 [6.05580969e+00 3.41154434e+01]
 [4.81879824e+01 1.29802785e+01]
 [9.11723128e+00 3.09287968e+01]
 [1.23830055e+02 4.09867036e+00]
 [7.69056638e+01 7.25137744e+00]
 [2.46252773e+00 3.96327413e+01]
 [2.79333780e-01 4.65474105e+01]
 [2.25047673e+01 2.20938856e+01]
 [1.30051992e+02 4.02421353e+00]
 [2.81484978e+01 1.95489935e+01]
 [4.41460398e+01 1.40706723e+01]
 [3.59745817e+01 1.65855846e+01]
 [5.54527976e+01 1.12332490e+01]
 [1.12451691e+02 4.39704631e+00]
 [2.40813730e+01 2.16163717e+01]
 [5.33442366e+01 1.17049893e+01]
 [9.63983668e-02 4.81854420e+01]
 [1.14919543e-04 4.99463259e+01]
 [1.33981111e+01 2.75677208e+01]
 [1.05869548e+02 4.67342617e+00]
 [2.08433271e+01 2.29651410e+01]
 [8.09855846e+00 3.19212677e+01]
 [8.33618991e+01 6.43658806e+00]
 [5.68410873e+01 1.09398876e+01]
 [1.68318755e+01 2.54359518e+01]
 [1.21554981e+02 4.14078588e+00]
 [1.43200191e-01 4.81298603e+01]
 [7.43479448e-01 4.40951317e+01]
 [1.14912050e+02 4.31178819e+00]
 [8.04174914e+01 6.78117698e+00]
 [1.96415459e+01 2.39145952e+01]
 [7.45108937e+01 7.72390234e+00]
 [3.43150426e+01 1.71574255e+01]
 [2.66092654e+01 2.02224512e+01]
 [8.54412362e+01 6.20360921e+00]
 [1.35801894e+00 4.21837258e+01]
 [3.84378550e+01 1.62860099e+01]
 [5.71214635e+00 3.49282109e+01]
 [3.11670905e+00 3.83633049e+01]
 [9.25560387e+01 5.61848023e+00]
 [6.98235989e+00 3.30653826e+01]
 [1.08611856e+02 4.54667577e+00]
 [9.41412623e+01 5.41453299e+00]
 [5.89856571e+01 1.06842521e+01]
 [1.44515581e+00 4.18835311e+01]
 [1.09823929e+02 4.51339177e+00]
 [3.98069149e+01 1.54577520e+01]
 [2.13304302e+01 2.26952796e+01]
 [1.01178832e+00 4.33327987e+01]
 [1.27700615e+02 4.07474475e+00]
 [3.14637385e-01 4.61124495e+01]
 [1.19033459e+02 4.19859604e+00]
 [7.78747360e+00 3.22625005e+01]
 [1.33684711e+02 4.00384707e+00]
 [7.26397876e+01 7.90526690e+00]
 [2.17322047e+00 4.01217029e+01]
 [1.03944003e+02 4.78802125e+00]
 [8.94458840e+01 5.80817637e+00]
 [8.15040767e+01 6.64856653e+00]
 [5.23269708e+01 1.20578667e+01]
 [7.60057350e+01 7.39760838e+00]
 [1.40896908e+01 2.69956301e+01]
 [1.01588027e+02 4.97070741e+00]
 [4.24420166e+01 1.45461109e+01]
 [1.85388449e+00 4.08925852e+01]
 [1.55903495e+01 2.60096141e+01]
 [2.92588872e+01 1.91251323e+01]
 [4.79891311e-01 4.52225549e+01]
 [3.76396916e+01 1.63023088e+01]
 [3.15735065e+01 1.83187160e+01]
 [9.83378157e+00 3.03329453e+01]
 [2.50527169e+01 2.10676381e+01]
 [1.83620321e+01 2.43872698e+01]
 [7.14832738e+00 3.29842344e+01]
 [6.81858751e+01 8.65733525e+00]
 [9.59560348e+01 5.27423271e+00]
 [5.94551943e+01 1.03573965e+01]
 [8.71617747e+01 6.03971116e+00]
 [4.40575018e+01 1.40967268e+01]
 [1.47810905e+01 2.67693505e+01]
 [1.17025978e+02 4.24928694e+00]
 [3.57182641e+00 3.75515799e+01]
 [5.36872148e-01 4.50315287e+01]
 [9.92203895e+01 5.05038556e+00]
 [1.02390445e+02 4.85748483e+00]
 [6.99628615e+01 8.35022489e+00]
 [3.87372592e+00 3.74346995e+01]
 [3.27515505e+01 1.80028171e+01]
 [9.68062413e+01 5.24781212e+00]
 [6.07864368e+01 1.02306550e+01]
 [6.70789754e+01 8.86492365e+00]
 [4.56501282e+00 3.60505772e+01]]
