[[1.33222671e+02 4.00552788e+00]
 [9.88309481e-04 4.97780102e+01]
 [4.26376731e+01 1.45220979e+01]
 [3.38142120e+00 3.80695747e+01]
 [4.87187299e+01 1.28372205e+01]
 [3.99522906e+01 1.53805426e+01]
 [4.58885510e+01 1.35849556e+01]
 [5.28053470e+00 3.51012811e+01]
 [2.75841392e+01 1.97609931e+01]
 [3.07696060e+01 1.84707045e+01]
 [1.15976249e+02 4.28781417e+00]
 [1.29347467e+02 4.04080138e+00]
 [3.74823626e+01 1.60814906e+01]
 [4.44795380e+01 1.39617919e+01]
 [2.54898903e+00 3.93483168e+01]
 [1.40282594e+01 2.72225275e+01]
 [1.07012710e+01 2.96264156e+01]
 [2.88295834e+01 1.92586671e+01]
 [2.52084177e+01 2.08104846e+01]
 [5.71278063e+01 1.08857109e+01]
 [6.21594179e-01 4.45881559e+01]
 [8.82862740e+01 5.96540229e+00]
 [1.27097301e+02 4.05749236e+00]
 [2.17451054e+01 2.24791368e+01]
 [1.04901796e+02 4.72647255e+00]
 [1.24187154e+01 2.82522013e+01]
 [2.08385684e+01 2.29894996e+01]
 [8.59595792e+01 6.15221689e+00]
 [1.14836216e+01 2.89328074e+01]
 [3.99847502e+00 3.70127616e+01]
 [3.55243748e+01 1.67757104e+01]
 [8.42792907e+01 6.34709271e+00]
 [9.99119578e+01 5.00696852e+00]
 [6.45510081e+01 9.37740695e+00]
 [4.41965154e+00 3.62440425e+01]
 [9.79806091e+00 3.03369527e+01]
 [1.20196227e+02 4.21061185e+00]
 [1.71702971e+01 2.49968491e+01]
 [1.08519516e+02 4.57411657e+00]
 [1.62294368e+01 2.56427122e+01]
 [9.32095911e+01 5.48823254e+00]
 [9.88595421e+01 5.09200682e+00]
 [1.03026328e+02 4.82288515e+00]
 [7.48080851e+01 7.55668558e+00]
 [8.21926889e+01 6.57570153e+00]
 [3.89211888e+01 1.58685594e+01]
 [7.10381053e+01 8.28597637e+00]
 [6.17307140e+01 1.01719816e+01]
 [1.97033443e+01 2.35390968e+01]
 [3.21077718e+01 1.81425762e+01]
 [1.10996692e+02 4.51467380e+00]
 [9.02016099e+01 5.74365017e+00]
 [5.22289023e+01 1.20720991e+01]
 [6.76334616e+00 3.33318534e+01]
 [2.32708293e+01 2.18402542e+01]
 [1.20457810e+02 4.16678648e+00]
 [7.75828349e+01 7.15524145e+00]
 [2.46781220e+01 2.10461875e+01]
 [9.60201011e+01 5.27002146e+00]
 [6.21745474e+01 9.78831276e+00]
 [3.37920313e+01 1.73514830e+01]
 [1.33190297e+02 4.01092743e+00]
 [1.24115433e+02 4.11736124e+00]
 [3.64239177e-01 4.69494885e+01]
 [7.60673516e+01 7.41524445e+00]
 [7.51082758e+00 3.26323962e+01]
 [1.53766667e+00 4.19494556e+01]
 [4.10590035e-01 4.56402043e+01]
 [5.91062903e+00 3.42912973e+01]
 [1.13087501e+02 4.41062673e+00]
 [9.16268023e+01 5.64562933e+00]
 [1.52422000e+01 2.64191760e+01]
 [1.78875361e+01 2.45699378e+01]
 [5.06956236e+01 1.24040838e+01]
 [5.90975964e+01 1.04297281e+01]
 [1.44263267e+01 2.69510894e+01]
 [1.35507240e+00 4.28632846e+01]
 [7.90344638e+01 6.99621125e+00]
 [9.53933557e+01 5.33222778e+00]
 [3.49416650e+01 1.69380874e+01]
 [5.36141510e+01 1.16713975e+01]
 [2.30519564e+01 2.19340603e+01]
 [6.91968965e+01 8.48009707e+00]
 [5.55747188e+01 1.12059262e+01]
 [5.89909943e+01 1.04533096e+01]
 [1.57228907e+01 2.61155580e+01]
 [1.14280476e+02 4.33512343e+00]
 [5.72948267e-01 4.55292446e+01]
 [7.89808975e+00 3.21768097e+01]
 [8.28173841e+00 3.17919394e+01]
 [1.85321476e+01 2.42099566e+01]
 [1.24227720e+02 4.09858232e+00]
 [1.94865991e+01 2.40258106e+01]
 [8.53917776e-01 4.37373377e+01]
 [8.81259388e-01 4.36070972e+01]
 [5.85666280e+00 3.43548567e+01]
 [7.27819929e+01 7.87154309e+00]
 [2.25892975e+00 4.00284084e+01]
 [7.27558093e+01 7.87591311e+00]
 [1.77665693e-02 4.92383283e+01]]
