[[0.04295384 1.03826249]
 [1.03544229 0.0476495 ]
 [0.92943537 0.19301644]
 [0.91962213 0.45338797]
 [0.44729694 0.92853729]
 [0.18628212 0.93028327]
 [0.77340868 0.58929767]
 [0.76947667 0.68188144]
 [0.65620918 0.77258686]
 [0.61204282 0.7731531 ]
 [0.72431117 0.75511109]
 [0.69892997 0.76564543]
 [0.10808766 0.98691147]
 [1.00435888 0.08940268]
 [0.49726749 0.82510782]
 [0.4886633  0.84138779]
 [0.46542747 0.89648526]
 [0.67315845 0.77097515]
 [0.12092761 0.97431946]
 [0.95848001 0.13574535]
 [0.52266704 0.79388812]
 [0.45955297 0.91097473]
 [0.13746739 0.96238099]
 [0.74885345 0.73402732]
 [0.76707522 0.69599059]
 [1.01798193 0.07545356]
 [0.8127035  0.5083501 ]
 [0.14440458 0.95247733]
 [0.75546959 0.72371311]
 [0.68817273 0.76827431]
 [0.82229    0.49888164]
 [0.53358177 0.78501469]
 [0.47813538 0.86903534]
 [0.45409579 0.91991027]
 [0.15286636 0.94629311]
 [0.51383617 0.80083613]
 [0.87615324 0.47546956]
 [0.93814234 0.16628343]
 [0.77943482 0.55021622]
 [0.73518917 0.747676  ]
 [0.1255648  0.96826261]
 [0.96962872 0.12562547]
 [0.95277624 0.14465684]
 [0.98514357 0.10824832]
 [0.10042164 0.99714416]
 [0.740666   0.7427076 ]
 [0.50235527 0.81554441]
 [0.77672916 0.57112978]
 [0.55213773 0.77834191]
 [0.48122837 0.8593081 ]
 [0.50781454 0.80857758]
 [0.17628021 0.93405999]
 [0.79292016 0.52179063]
 [0.97914082 0.11538495]
 [0.56254358 0.7770634 ]
 [0.83833724 0.48996075]
 [0.89156872 0.46807398]
 [0.48548436 0.85014737]
 [0.93460357 0.17759687]
 [0.54156278 0.78262135]
 [0.76285376 0.70771239]
 [0.82962414 0.4945831 ]
 [0.99236606 0.10093383]
 [0.47228632 0.88046692]
 [0.08360992 1.00920368]
 [1.01950072 0.07226654]
 [0.06344961 1.02651619]
 [0.99774993 0.09595266]
 [0.76015786 0.71419841]
 [0.1623466  0.94067903]
 [0.59426958 0.77339227]
 [0.47194243 0.88704414]
 [0.8829511  0.47102292]
 [0.78444571 0.54980496]
 [0.9451191  0.15892953]
 [0.90356245 0.46606443]
 [0.80541125 0.51406757]
 [0.94615409 0.15171857]
 [0.78566888 0.53366656]
 [0.77487442 0.57234325]
 [0.58923102 0.77366133]
 [1.02733737 0.06037563]
 [0.86414543 0.4816328 ]
 [0.06962857 1.02267927]
 [0.0546883  1.03138859]
 [0.90627569 0.46053611]
 [0.93230243 0.18567408]
 [0.16701578 0.93711315]
 [0.91512451 0.45677836]
 [0.79874556 0.51649484]
 [0.09574281 1.00209346]
 [0.9738021  0.12270122]
 [1.02732854 0.06081159]
 [0.84783421 0.48716473]
 [0.08831556 1.00483215]
 [0.78810364 0.53192866]
 [0.85485471 0.4869832 ]
 [0.05092417 1.03501759]
 [0.07581535 1.01652527]
 [0.57105467 0.7749256 ]]
