[[3.08336879e-02 1.32018543e+04]
 [1.91378558e-02 2.14106142e+04]
 [3.74623809e-02 1.08476465e+04]
 [2.12072691e-02 1.91388557e+04]
 [3.52606419e-02 1.14987881e+04]
 [2.51134203e-02 1.62518305e+04]
 [4.42802776e-02 9.15618298e+03]
 [2.35052810e-02 1.74231506e+04]
 [2.66762426e-02 1.51600268e+04]
 [1.12344622e-02 3.59333107e+04]
 [4.07068459e-02 1.00725404e+04]
 [2.82744669e-02 1.42368210e+04]
 [6.18233679e-02 8.44760027e+03]
 [5.50796446e-03 7.58925362e+04]
 [1.67856208e-02 2.42413824e+04]
 [1.45632055e-02 2.86716197e+04]
 [3.29617358e-02 1.25296961e+04]]
