[[4.56832463 2.99196855]
 [0.0784472  0.0394842 ]
 [2.59608464 2.71794587]
 [2.8295118  2.67505531]
 [1.78946805 2.16629502]
 [0.83928785 0.9376793 ]
 [1.60020193 1.35319864]
 [0.15066562 0.25197394]
 [0.30905426 0.42258027]
 [3.48580007 2.98647293]
 [1.66150366 2.16789734]
 [2.04542049 2.44909155]
 [4.47319613 2.98342352]
 [0.22275939 0.32248239]
 [0.83928785 0.80394298]
 [1.79571681 1.32841221]
 [3.18127326 2.91366173]
 [2.31778001 2.37636305]
 [2.33032438 2.48865229]
 [0.14372332 0.46769145]
 [3.62958514 2.9790286 ]
 [2.11703018 2.2258328 ]
 [2.81092676 2.89975794]
 [2.81289242 2.96327123]
 [1.57223143 1.34425084]
 [0.5414849  0.30201121]
 [1.59874627 1.18983696]
 [1.41890798 1.13263551]
 [1.8327173  2.22454954]
 [2.62335155 2.57437491]
 [3.01098912 2.99925514]
 [1.16552188 0.98503667]
 [2.67415999 2.9522181 ]
 [1.43669466 1.01492749]
 [3.16782678 2.99579257]
 [4.20886115 2.99191799]
 [2.69102518 2.22287986]
 [2.08923981 2.14460987]
 [1.16552188 0.89483737]
 [2.8011085  2.77442391]
 [0.15066562 0.11870893]
 [4.54668333 2.99199531]
 [0.70193469 0.59430447]
 [4.31169912 2.98896221]
 [4.01648441 2.99685201]
 [2.09597257 2.01367991]
 [3.98974979 2.92396321]
 [4.09930515 2.99702977]
 [2.65247104 2.37145548]
 [0.09629881 0.21185851]
 [3.84644941 2.99896632]
 [0.72183892 1.15404357]
 [1.48792321 0.90467835]
 [2.08634224 2.2258328 ]
 [3.32287925 2.89793058]
 [0.97074705 1.03668218]
 [2.87805909 2.97945613]
 [0.62382403 0.6083732 ]
 [0.53113277 0.83755104]
 [2.32513799 2.52398763]
 [1.06472258 1.15404357]
 [1.84620909 1.56924945]
 [2.69259301 2.48062101]
 [3.76502777 2.92410912]
 [4.36831531 2.97899319]
 [0.0660967  0.09502739]
 [1.97397095 1.73551513]
 [1.63322451 1.5616318 ]
 [3.30110954 2.95711328]
 [1.40927499 1.2068409 ]
 [2.08652401 1.67606949]
 [3.66555488 2.97011286]
 [1.63322451 1.60393039]
 [3.37843186 2.99299826]
 [4.389267   2.99819724]
 [2.06521488 1.57498566]
 [0.45397445 0.69463398]
 [3.11704696 2.77442391]
 [1.04902543 1.5937448 ]
 [2.22281101 2.86605253]
 [2.22994498 2.86605253]
 [0.51785008 0.56573859]
 [0.41387955 0.57397012]
 [3.76502777 2.98873315]
 [2.18741185 2.36956444]
 [4.14093147 2.99617993]
 [0.73345082 0.67832112]
 [3.80443257 2.9858023 ]
 [2.00058234 1.51302287]
 [4.1884851  2.99685201]
 [3.18127326 2.76671784]
 [2.19763184 2.46402643]
 [1.36769769 0.96837839]
 [0.45397445 0.72365623]
 [2.65247104 2.32694419]
 [0.60287178 0.30372125]
 [2.10276504 2.07696785]
 [0.64094569 0.86180942]
 [1.27714598 1.47898301]
 [3.72398882 2.9993034 ]]
