[[2.67061340e-03 5.53262209e-03 2.32173449e+00]
 [4.26697465e-03 8.93461881e-03 2.13196915e+00]
 [1.98569888e-03 4.27172807e-03 2.28315324e+00]
 [1.27372724e-03 2.83686933e-03 2.14752779e+00]
 [2.77828512e-03 5.21627566e-03 1.75532030e+00]
 [4.54779922e-03 8.30781366e-03 1.64041627e+00]
 [4.93952453e-04 1.47974990e-03 1.78549952e+00]
 [1.97791498e-03 3.71026714e-03 1.78957916e+00]
 [4.30998608e-03 9.98789822e-03 2.96931645e+00]
 [2.69854339e-03 6.51127584e-03 2.48126350e+00]
 [1.80560603e-03 3.92159938e-03 2.24727236e+00]
 [1.60608955e-03 3.45321615e-03 1.97031709e+00]
 [1.99690350e-03 4.41232807e-03 2.59284244e+00]
 [2.85495040e-03 5.82595680e-03 1.81970356e+00]
 [3.17917546e-03 7.01287926e-03 2.38710648e+00]
 [2.94246718e-03 6.65186200e-03 2.42977505e+00]
 [1.26242540e-03 1.96777666e-03 2.02341301e+00]
 [3.86357143e-03 8.15107705e-03 2.21977708e+00]
 [2.85495040e-03 6.00750601e-03 2.14699415e+00]
 [4.40401950e-03 9.99210309e-03 2.24984372e+00]]
