[[1.35999935e+02 4.00000000e+00]
 [4.21040765e-19 5.00000000e+01]
 [1.76027999e-01 4.79462225e+01]
 [6.53124883e+01 9.18591047e+00]
 [2.32214217e+01 2.18360141e+01]
 [7.04077621e+01 8.26937204e+00]
 [1.88817422e+00 4.07575918e+01]
 [2.02904993e+01 2.32238881e+01]
 [7.49528698e+01 7.53210040e+00]
 [1.37037501e+00 4.21063541e+01]
 [1.37618203e+01 2.73153866e+01]
 [9.36728489e+01 5.55552577e+00]
 [9.62739067e+01 5.25034092e+00]
 [2.25375011e-17 5.00000000e+01]
 [1.12226896e+02 4.40382124e+00]
 [1.15565871e+02 4.29161603e+00]
 [1.20793880e+02 4.15667381e+00]
 [7.24810505e+01 7.92413183e+00]
 [3.67318913e+01 1.63309347e+01]
 [3.05247074e+01 1.86097677e+01]
 [7.02187790e+00 3.30181046e+01]
 [1.12724906e+00 4.28650290e+01]
 [1.21116667e+01 2.84670841e+01]
 [3.85245249e+01 1.58499213e+01]
 [6.29307256e+00 3.38367994e+01]
 [1.26149830e+01 2.82088881e+01]
 [1.60644535e+01 2.59985060e+01]
 [1.24815947e+02 4.14903091e+00]
 [1.02350251e+02 4.85973107e+00]
 [7.78935348e+01 7.24695957e+00]
 [2.45842799e-01 4.65798906e+01]
 [2.89804398e+01 1.91902457e+01]
 [9.90530988e+01 5.08182597e+00]
 [1.05596122e+02 4.68688637e+00]
 [1.32126743e+02 4.00956246e+00]
 [9.11291073e+01 5.65778822e+00]
 [6.10987070e+00 3.44234193e+01]
 [3.36956751e+01 1.74022733e+01]
 [2.40039410e+01 2.14329958e+01]
 [5.40853283e+00 3.50192390e+01]
 [7.84375428e+01 7.05585053e+00]
 [4.36409790e+01 1.41983836e+01]
 [8.52416776e+01 6.27278095e+00]
 [1.09962531e+02 4.48989797e+00]
 [5.61501548e+01 1.10561669e+01]
 [3.14185122e+00 3.82575113e+01]
 [8.60931899e+01 6.13502674e+00]
 [1.09128050e+01 2.93707787e+01]
 [1.31636823e+02 4.01216521e+00]
 [5.77565161e+01 1.07844523e+01]
 [4.82591676e+01 1.30431376e+01]
 [1.25504785e+02 4.07271207e+00]
 [9.82395609e+00 3.03105971e+01]
 [2.35125507e+00 3.97822481e+01]
 [4.69704039e+01 1.32893920e+01]
 [1.17704897e+02 4.23084377e+00]
 [9.43246329e+00 3.06899590e+01]
 [4.46541251e+01 1.39714500e+01]
 [1.49401954e+01 2.65604502e+01]
 [8.81751085e+01 5.92760749e+00]
 [3.51636803e+01 1.68633670e+01]
 [4.69591294e+00 3.58778070e+01]
 [1.28302822e+02 4.03852737e+00]
 [1.46065265e+01 2.67088904e+01]
 [2.49363966e+01 2.09636045e+01]
 [5.21994846e+01 1.20278842e+01]
 [2.80410153e+00 3.90239468e+01]
 [1.19033368e+02 4.21611918e+00]
 [8.29124006e+01 6.48178647e+00]
 [9.55085376e-01 4.37678916e+01]
 [9.87001492e+01 5.14144666e+00]
 [1.07781154e+02 4.58443989e+00]
 [2.76558299e-01 4.63591905e+01]
 [4.14398171e-01 4.55542110e+01]
 [2.84172614e+01 1.94278014e+01]
 [4.20751587e+00 3.66050884e+01]
 [3.53834153e+01 1.67850610e+01]
 [8.07669678e+01 6.78542804e+00]
 [5.93464465e+01 1.03834762e+01]
 [1.80680154e+01 2.44738478e+01]
 [1.79177068e+01 2.46387472e+01]
 [7.09239893e+01 8.18196943e+00]
 [4.97670929e+01 1.29340175e+01]
 [1.91516325e+01 2.40011636e+01]
 [4.22701170e+01 1.45947962e+01]
 [1.69304969e+01 2.51381025e+01]
 [8.24426984e+00 3.18192496e+01]
 [1.28302811e+02 4.03852931e+00]
 [9.01244192e+01 5.84282089e+00]
 [2.61275576e+01 2.03899910e+01]
 [2.00967108e+01 2.34081904e+01]
 [5.06121617e+01 1.23691270e+01]
 [5.85015578e+01 1.05417405e+01]
 [1.03881395e+02 4.77526565e+00]
 [6.99827136e-01 4.45022000e+01]
 [1.92111975e+01 2.38330959e+01]
 [1.65334147e+01 2.54070912e+01]
 [2.75496373e+01 1.97759083e+01]
 [4.56171684e+01 1.36592479e+01]
 [3.19601376e+01 1.80158891e+01]]
