[[5.         3.        ]
 [0.         0.        ]
 [2.4154558  2.30450593]
 [4.51486618 2.99999907]
 [4.70886052 2.99750702]
 [3.14549664 2.93278269]
 [0.32911435 0.32109888]
 [0.81105746 0.88737293]
 [1.40450679 1.212896  ]
 [1.50047582 1.24779284]
 [2.97538984 2.99990691]
 [4.17913459 2.99999937]
 [2.48398147 2.99335854]
 [0.34083508 0.65196204]
 [1.89095968 1.89748609]
 [0.21459185 0.29541244]
 [2.31159726 2.30450593]
 [3.2226604  2.95615119]
 [2.08661898 2.15615791]
 [0.51582952 0.75761712]
 [0.94411592 0.66366024]
 [1.73814272 1.95850374]
 [0.75671141 0.58746002]
 [1.14255951 1.25909615]
 [1.64495728 1.91514781]
 [0.917614   0.53528154]
 [0.48635968 0.38271441]
 [2.53609779 2.32902888]
 [4.04864183 2.99352717]
 [2.74708807 2.81370864]
 [2.23020846 2.93197809]
 [1.17688622 1.14567214]
 [3.63803082 2.99896179]
 [3.84513446 2.96263803]
 [3.94052923 2.9985784 ]
 [3.87875731 2.99889185]
 [0.49499102 0.65287609]
 [2.54126166 2.83505555]
 [0.75671141 0.76193798]
 [2.16624095 2.15615791]
 [1.99388614 1.88882992]
 [4.25878682 2.99889185]
 [2.11772099 1.49680816]
 [0.97288192 0.995579  ]
 [1.63214628 1.82187135]
 [2.38288226 2.6031999 ]
 [2.16595852 1.75761048]
 [0.18925196 0.26385231]
 [2.50349836 2.3701505 ]
 [0.83521377 1.05479739]
 [2.69211041 2.93432908]
 [2.5061378  2.55583405]
 [0.97604078 0.84273739]
 [2.4154558  2.13112989]
 [1.63106332 1.66916052]
 [0.19332824 0.17685609]
 [1.47292213 1.52484201]
 [0.11809159 0.0729388 ]
 [3.79715892 2.90701907]
 [0.10823275 0.03728547]
 [0.47233497 0.29541244]
 [2.11772099 2.3182989 ]
 [2.06355458 2.3182989 ]
 [0.90632966 1.12295436]
 [3.41716795 2.99959322]
 [1.33331475 1.212896  ]
 [1.06030099 1.03117792]
 [4.00888272 2.99975081]
 [4.79707078 2.99980772]
 [0.43753872 0.5064536 ]
 [2.28498391 2.21180451]
 [4.82375654 2.9999876 ]
 [0.10422855 0.17752365]
 [0.67254018 0.48417023]
 [2.1519926  1.98578617]
 [2.15091044 1.88882992]
 [3.30752641 2.93285359]
 [1.53715206 1.68438534]
 [4.33044995 2.9999876 ]
 [2.74708807 2.54735566]
 [0.3123323  0.42598114]
 [2.22526422 1.92452195]
 [4.89295247 2.99891904]
 [3.45222465 2.89747957]
 [1.64495728 1.43778491]
 [2.18064514 1.82519321]
 [1.60643977 1.78132757]
 [4.92671273 2.99999798]
 [2.67659058 2.9991715 ]
 [2.87212542 2.93432908]
 [4.72689514 3.        ]
 [2.89987159 2.98668037]
 [2.89987159 2.99687909]
 [4.35359976 2.99829556]
 [1.2850738  1.21051157]
 [3.6005816  2.97160099]
 [2.26851363 2.96453419]
 [4.21231557 2.99999907]
 [1.4348197  1.47344958]
 [4.46247185 2.99999907]]
