[[3.79206033e-03 7.10961744e-03 1.74316072e+00]
 [1.82112967e-03 4.11136746e-03 2.39009718e+00]
 [4.34904949e-03 8.60005068e-03 1.87231738e+00]
 [2.20657728e-03 4.58844435e-03 2.20869248e+00]
 [3.58389606e-03 7.74714191e-03 2.22025115e+00]
 [2.60337570e-03 5.39430960e-03 2.23121516e+00]
 [4.52366507e-03 9.56306693e-03 2.24754384e+00]
 [3.06035831e-03 5.41371913e-03 1.61851225e+00]
 [2.67497735e-03 5.76126411e-03 2.28251537e+00]
 [1.12595304e-03 2.43619781e-03 2.27464787e+00]
 [4.97836998e-03 9.06081705e-03 1.82129761e+00]
 [2.96400141e-03 6.18693901e-03 2.17050256e+00]
 [6.10311245e-03 9.98963774e-03 2.97850218e+00]
 [6.13187668e-04 1.29807912e-03 1.90388060e+00]
 [1.86260211e-03 3.66793360e-03 2.06146123e+00]
 [1.71902081e-03 3.45410808e-03 1.77592857e+00]
 [4.21945854e-03 7.68618913e-03 1.63466894e+00]]
