[[4.46417319e-03 7.86974228e-03 1.75736935e+00]
 [2.48122323e-03 5.39019842e-03 2.15766960e+00]
 [3.69934774e-03 6.90781715e-03 1.81707417e+00]
 [4.47573982e-03 9.95862176e-03 2.76282077e+00]
 [2.85845997e-03 5.83028975e-03 2.27176535e+00]
 [1.86210696e-03 3.54104777e-03 1.79353495e+00]
 [1.97012805e-03 3.97199327e-03 2.18926581e+00]
 [2.10686109e-03 4.57392792e-03 2.39173307e+00]
 [1.29018841e-03 2.42142020e-03 2.38996856e+00]
 [4.47893526e-03 8.99582907e-03 1.96325732e+00]
 [6.52334403e-04 9.61285250e-04 1.61920328e+00]]
