[[5.00000000e+00 3.00000000e+00]
 [0.00000000e+00 0.00000000e+00]
 [3.27756607e+00 2.99516842e+00]
 [2.86825978e-02 1.39046382e-01]
 [2.34108855e+00 2.27097339e+00]
 [1.92301398e+00 2.59203796e+00]
 [1.65201074e+00 1.75657436e+00]
 [3.45532766e+00 2.98668620e+00]
 [1.95452838e-01 1.39895491e-01]
 [2.09042448e-01 2.62927193e-01]
 [3.56875587e+00 2.99805918e+00]
 [2.44467708e+00 2.27327823e+00]
 [1.35971140e+00 1.53874089e+00]
 [2.73839603e+00 2.50532110e+00]
 [1.58122551e+00 2.00096967e+00]
 [1.02365066e+00 9.85217550e-01]
 [2.20616537e+00 2.21118115e+00]
 [4.74009170e+00 3.00000000e+00]
 [2.23027298e+00 2.62604149e+00]
 [2.20105252e+00 2.15229743e+00]
 [1.21456848e+00 1.15087247e+00]
 [1.40727890e+00 1.08608399e+00]
 [4.21760398e+00 3.00000000e+00]
 [2.18062126e+00 2.07485914e+00]
 [1.92301398e+00 2.27307781e+00]
 [8.78621106e-01 7.39653320e-01]
 [4.43565751e-01 4.87857663e-01]
 [1.89089133e+00 1.83590379e+00]
 [1.72455392e+00 1.43894852e+00]
 [3.08583483e+00 2.99968316e+00]
 [8.12067203e-02 4.88086852e-03]
 [4.28912080e+00 2.99017976e+00]
 [2.58764666e+00 2.19900895e+00]
 [4.30398941e-01 5.92416544e-01]
 [3.70042911e+00 2.99017976e+00]
 [1.67920138e+00 1.97119501e+00]
 [4.58165275e+00 3.00000000e+00]
 [1.67545843e+00 1.35662407e+00]
 [1.16219698e+00 1.08608399e+00]
 [3.63227774e+00 2.99852177e+00]
 [3.75302343e-01 4.27999771e-01]
 [1.98074315e+00 2.12176217e+00]
 [1.05392855e+00 1.11568716e+00]
 [1.38989076e+00 1.37479668e+00]
 [6.37612707e-01 8.75847504e-01]
 [1.52769364e+00 1.31924283e+00]
 [4.64857629e+00 3.00000000e+00]
 [1.67545843e+00 1.36409584e+00]
 [1.41475709e+00 1.22369431e+00]
 [7.31710780e-01 6.07828604e-01]
 [2.73839603e+00 2.60606869e+00]
 [7.92685944e-01 6.18849851e-01]
 [3.46681307e+00 2.99873315e+00]
 [3.87465429e+00 2.99352243e+00]
 [2.67096463e+00 2.99848621e+00]
 [4.14132973e+00 3.00000000e+00]
 [2.00281624e-01 1.78229964e-01]
 [6.31724544e-01 4.53904762e-01]
 [2.41483575e+00 2.53566160e+00]
 [1.38989076e+00 1.32084481e+00]
 [6.90797179e-01 5.83298627e-01]
 [2.69417676e+00 2.34948733e+00]
 [1.82468630e+00 1.97671036e+00]
 [2.62891792e+00 2.99995597e+00]
 [4.93435942e+00 2.99875963e+00]
 [3.20838341e-01 2.62927193e-01]
 [4.30638093e-01 4.27999771e-01]
 [4.83768670e+00 2.99858334e+00]
 [2.84446294e+00 2.69249423e+00]
 [3.76778888e+00 2.99982646e+00]
 [4.86309845e+00 3.00000000e+00]
 [4.34458333e+00 3.00000000e+00]
 [6.61792403e-01 4.94341626e-01]
 [4.03788915e+00 2.97615884e+00]
 [6.65620486e-01 5.42666322e-01]
 [4.69171956e+00 3.00000000e+00]
 [9.21956572e-01 8.96500961e-01]
 [2.62891792e+00 2.82028904e+00]
 [2.73228269e-01 4.36257091e-01]
 [3.01781677e+00 2.91255179e+00]
 [7.03704169e-01 1.01264600e+00]
 [2.54423190e+00 2.63130158e+00]
 [1.03458155e+00 8.77565850e-01]
 [3.15226712e+00 2.99856665e+00]
 [3.23129403e+00 2.99968316e+00]
 [1.50489095e+00 1.75852039e+00]
 [1.84466387e+00 2.00096967e+00]
 [2.82720973e+00 2.73170983e+00]
 [2.55372466e+00 2.42254661e+00]
 [1.75356026e+00 1.43868990e+00]
 [1.81062025e+00 2.08879976e+00]
 [4.46203133e+00 3.00000000e+00]
 [4.30638093e-01 2.56515505e-01]
 [2.84446294e+00 2.90327630e+00]
 [2.75954996e+00 2.60552302e+00]
 [8.56729729e-01 6.18849851e-01]
 [1.40594194e+00 1.17191956e+00]
 [8.53761875e-01 9.33200355e-01]
 [2.85463288e-01 3.17074386e-01]
 [1.02110679e+00 1.07615367e+00]]
