[[1.36000000e+02 4.00000000e+00]
 [9.02740041e-22 5.00000000e+01]
 [7.05060857e+01 8.25239681e+00]
 [2.03770895e+00 4.12316964e+01]
 [1.15230866e+01 2.88797152e+01]
 [8.58105662e+00 3.19246779e+01]
 [1.24239730e+02 4.09983738e+00]
 [1.31604511e+01 2.76937661e+01]
 [5.46694747e+00 3.48522213e+01]
 [1.11728220e+02 4.42787209e+00]
 [2.40263764e+01 2.16594470e+01]
 [8.78646353e-01 4.36566177e+01]
 [1.16890939e+02 4.26597415e+00]
 [6.15906511e+01 1.00832526e+01]
 [3.62632647e+01 1.64967784e+01]
 [5.52685019e+01 1.13297994e+01]
 [3.51921270e+01 1.70659422e+01]
 [9.63985189e+00 3.05996561e+01]
 [6.11791625e+00 3.42791063e+01]
 [2.65672745e+01 2.03252118e+01]
 [1.15915303e+02 4.28129965e+00]
 [2.77476603e+01 1.97019834e+01]
 [5.26769902e+01 1.19455617e+01]
 [7.38213354e+01 8.22693187e+00]
 [2.43322751e+00 3.95849392e+01]
 [3.11417557e+01 1.83956828e+01]
 [6.72721894e+01 8.85727039e+00]
 [6.72237683e+00 3.33647986e+01]
 [1.21696243e+02 4.13800201e+00]
 [9.56819345e+01 5.30270402e+00]
 [4.58463822e+01 1.39152082e+01]
 [3.77713019e-01 4.60512127e+01]
 [2.00743121e+01 2.33600144e+01]
 [4.97750055e+01 1.25813436e+01]
 [5.06579985e-01 4.51473243e+01]
 [4.60551971e+00 3.59826887e+01]
 [6.74764246e-02 4.83162129e+01]
 [2.14312634e+01 2.28057991e+01]
 [6.32684656e+01 9.57898752e+00]
 [1.28405856e+02 4.06609229e+00]
 [1.09235619e+01 2.93657907e+01]
 [9.36801782e+01 5.45502211e+00]
 [8.08181969e+01 6.73166267e+00]
 [9.00927535e+01 5.77029929e+00]
 [5.66002739e+01 1.10005438e+01]
 [3.79730161e+01 1.59702576e+01]
 [1.36585255e+01 2.73145235e+01]
 [9.18459293e+01 5.60956127e+00]
 [1.07277166e-01 4.77447042e+01]
 [3.34064016e+01 1.74827094e+01]
 [5.31599869e+01 1.18451767e+01]
 [2.96004958e+01 1.89462094e+01]
 [7.66537464e+01 7.35232635e+00]
 [1.01211840e+02 4.92972719e+00]
 [7.92069755e+00 3.24467251e+01]
 [1.01739734e+01 3.00337324e+01]
 [9.79292205e+01 5.13962185e+00]
 [4.80695032e+01 1.29959770e+01]
 [2.24731616e+01 2.21192439e+01]
 [1.47489893e+01 2.67022093e+01]
 [7.27749804e+00 3.28932089e+01]
 [1.31171344e+02 4.01493527e+00]
 [2.51751992e+01 2.08982038e+01]
 [8.48983268e+01 6.38266127e+00]
 [7.89877165e+01 7.04886630e+00]
 [1.32660148e+02 4.00709054e+00]
 [4.69255783e+01 1.33081738e+01]
 [8.81161297e+01 5.94029810e+00]
 [1.57101468e+01 2.59777606e+01]
 [3.36984371e+00 3.78887084e+01]
 [1.05265161e+02 4.71372401e+00]
 [8.60726302e+01 6.17848470e+00]
 [1.84684883e+01 2.42619089e+01]
 [6.49073055e+01 9.25871887e+00]
 [1.63878590e+00 4.18445640e+01]
 [1.34759824e+02 4.00096728e+00]
 [5.94829825e+01 1.03422245e+01]
 [4.40747931e+01 1.40747614e+01]
 [8.23649193e-03 4.93642537e+01]
 [1.72544648e+01 2.50058183e+01]
 [3.73195691e+00 3.72734919e+01]
 [1.08074397e+02 4.60112527e+00]
 [7.60148029e+01 7.46331533e+00]
 [8.31900317e+01 6.69519974e+00]
 [1.06868737e+02 4.63656679e+00]
 [6.67573726e+01 8.92058330e+00]
 [1.50205154e+01 2.64018935e+01]
 [2.53412128e+01 2.07977987e+01]
 [2.19687133e+01 2.23495221e+01]
 [1.03759775e+02 4.79176924e+00]
 [2.89049463e+01 1.92103186e+01]
 [4.25701772e+01 1.45280580e+01]
 [3.10397893e-01 4.68799563e+01]
 [4.14387067e+00 3.66417768e+01]
 [4.96463637e+01 1.25890723e+01]
 [1.28830851e+02 4.03332874e+00]
 [2.49254959e+00 3.95338716e+01]
 [4.36377239e+01 1.42828062e+01]
 [1.68529683e+01 2.55023633e+01]
 [4.98107731e-01 4.51825377e+01]]
