[[1.36000000e+02 4.00000000e+00]
 [0.00000000e+00 5.00000000e+01]
 [7.88538928e+01 6.98612832e+00]
 [8.06263511e-02 4.83428668e+01]
 [4.25520629e+01 1.45173963e+01]
 [4.16665743e+01 1.52661241e+01]
 [2.32587719e+01 2.17288419e+01]
 [8.34383348e+01 6.43944510e+00]
 [2.31090242e-01 4.67042893e+01]
 [4.51317815e-01 4.53931330e+01]
 [8.68975094e+01 6.05622679e+00]
 [4.45769598e+01 1.39646868e+01]
 [1.68661545e+01 2.52320157e+01]
 [5.51017864e+01 1.13382754e+01]
 [2.60166150e+01 2.06822019e+01]
 [8.07405722e+00 3.19298322e+01]
 [3.90259509e+01 1.55830225e+01]
 [1.25873877e+02 4.06755233e+00]
 [4.74808459e+01 1.33070668e+01]
 [3.79080658e+01 1.59435169e+01]
 [1.11987361e+01 2.91452746e+01]
 [1.26400493e+01 2.82263835e+01]
 [1.07152733e+02 4.61214353e+00]
 [3.62405981e+01 1.65053455e+01]
 [3.54594621e+01 1.69039475e+01]
 [5.27624832e+00 3.51363178e+01]
 [1.73902270e+00 4.11205215e+01]
 [2.77840510e+01 1.96780615e+01]
 [2.01786363e+01 2.34096347e+01]
 [7.40819026e+01 7.66529577e+00]
 [2.64734172e-02 4.91457425e+01]
 [1.09350929e+02 4.54472661e+00]
 [4.61262224e+01 1.36649995e+01]
 [2.14480244e+00 4.03080458e+01]
 [9.05374026e+01 5.72826187e+00]
 [2.68213082e+01 2.02013631e+01]
 [1.19966168e+02 4.17501443e+00]
 [1.85903593e+01 2.43267648e+01]
 [1.01211210e+01 3.00474706e+01]
 [8.87382974e+01 5.87657930e+00]
 [1.29614261e+00 4.22910145e+01]
 [3.37008726e+01 1.74001649e+01]
 [9.42209288e+00 3.06593662e+01]
 [1.52874490e+01 2.61749878e+01]
 [4.69463525e+00 3.60390567e+01]
 [1.62969980e+01 2.56048848e+01]
 [1.22437046e+02 4.12349863e+00]
 [1.86716737e+01 2.42723757e+01]
 [1.39958616e+01 2.71144514e+01]
 [3.61942511e+00 3.75094624e+01]
 [5.71616274e+01 1.08457596e+01]
 [4.04530457e+00 3.68959682e+01]
 [8.40447737e+01 6.35573114e+00]
 [9.58964897e+01 5.29235520e+00]
 [6.44998863e+01 9.43046323e+00]
 [1.04602448e+02 4.73731464e+00]
 [2.87514596e-01 4.62867628e+01]
 [2.42042173e+00 3.97488124e+01]
 [4.90440458e+01 1.27560379e+01]
 [1.47057094e+01 2.65690716e+01]
 [3.26975212e+00 3.80764800e+01]
 [5.11147164e+01 1.23420383e+01]
 [2.89474557e+01 1.92228974e+01]
 [6.36437812e+01 9.62220632e+00]
 [1.33361849e+02 4.00927169e+00]
 [6.88271800e-01 4.43344126e+01]
 [1.47453189e+00 4.17822543e+01]
 [1.29578859e+02 4.03201426e+00]
 [6.13619784e+01 9.97092289e+00]
 [9.27807672e+01 5.51903845e+00]
 [1.30598906e+02 4.01874203e+00]
 [1.11501617e+02 4.42957101e+00]
 [2.72937131e+00 3.91210025e+01]
 [1.00648281e+02 5.02159034e+00]
 [2.95014947e+00 3.86546693e+01]
 [1.24048930e+02 4.09503683e+00]
 [6.61487158e+00 3.34691426e+01]
 [5.94609590e+01 1.03731701e+01]
 [1.05989575e+00 4.31701203e+01]
 [7.03607040e+01 8.28649038e+00]
 [6.08260595e+00 3.43571498e+01]
 [5.35874560e+01 1.16415291e+01]
 [7.36192318e+00 3.27190068e+01]
 [7.57127598e+01 7.41985225e+00]
 [7.77574407e+01 7.12958826e+00]
 [2.14283629e+01 2.27229773e+01]
 [2.96266578e+01 1.89503290e+01]
 [6.18214138e+01 9.86615785e+00]
 [4.95609669e+01 1.26275290e+01]
 [2.05792089e+01 2.32223006e+01]
 [3.05657205e+01 1.86472300e+01]
 [1.15638894e+02 4.28941029e+00]
 [1.00499749e+00 4.33797134e+01]
 [6.60799309e+01 9.04259027e+00]
 [5.76154648e+01 1.07531364e+01]
 [4.46784386e+00 3.63611652e+01]
 [1.34002728e+01 2.75714532e+01]
 [6.39908897e+00 3.37301499e+01]
 [7.28101819e-01 4.41566487e+01]
 [8.80306317e+00 3.12281612e+01]]
