[[1.02759876 0.06017317]
 [0.04295384 1.03826249]
 [0.91962213 0.45338797]
 [0.92986644 0.19371295]
 [0.44729694 0.92853729]
 [0.1853217  0.93066026]
 [0.771504   0.68192318]
 [0.77350934 0.59807672]
 [0.61769362 0.77317192]
 [0.96962872 0.12562547]
 [0.68817273 0.76829594]
 [0.65825743 0.77258686]
 [0.99774993 0.09595266]
 [0.48660417 0.84623049]
 [0.71966907 0.76567253]
 [1.01798193 0.07545356]
 [0.93814234 0.16628343]
 [0.57477324 0.77670789]
 [0.98641215 0.10824832]
 [0.10194021 0.99340105]
 [0.49746637 0.82510782]
 [0.46490435 0.89899357]
 [0.9467599  0.15424596]
 [0.83833724 0.48996075]
 [0.75546959 0.72576228]
 [0.77487508 0.57234325]
 [0.67023309 0.77108243]
 [0.76432257 0.70502354]
 [0.740666   0.7427076 ]
 [0.72431117 0.75511109]
 [0.95848001 0.13581776]
 [0.85767959 0.48249917]
 [0.75331182 0.73221388]
 [0.87615324 0.4787485 ]
 [0.48176002 0.85964977]
 [0.47228632 0.88046692]
 [0.59390454 0.7738179 ]
 [0.78105168 0.55161853]
 [0.95604989 0.14549925]
 [0.55213773 0.77882139]
 [0.16701578 0.93711315]
 [0.54047482 0.78890539]
 [0.11383655 0.99014353]
 [0.13746739 0.96320363]
 [0.78810364 0.53192866]
 [0.73518917 0.747676  ]
 [0.90809663 0.46053611]
 [0.52308125 0.79388812]
 [0.1255648  0.97037701]
 [0.77983254 0.55379927]
 [0.07861918 1.01675926]
 [0.79292016 0.52179063]
 [0.08831556 1.00483215]
 [0.51074392 0.81249125]
 [0.8829511  0.47102292]
 [0.81091865 0.51402775]
 [0.76891339 0.69174841]
 [0.79984059 0.51465276]
 [0.89165332 0.46807398]
 [0.51383617 0.80083613]
 [0.46394584 0.91097473]
 [0.17628021 0.93405999]
 [0.77447625 0.58658367]
 [1.02733737 0.06395329]
 [0.90356245 0.46606443]
 [0.06379046 1.02651619]
 [0.93460357 0.18318398]
 [0.15608152 0.94377905]
 [0.82044688 0.50908831]
 [0.11835724 0.98025889]
 [0.8628981  0.48241993]
 [0.45441349 0.92083414]
 [0.58910507 0.77511125]
 [0.14440458 0.95247733]
 [0.0881895  1.00624778]
 [0.05539654 1.03227031]
 [1.01880055 0.07538651]
 [0.15286636 0.94629311]
 [0.4606185  0.91982518]
 [0.50235527 0.81554441]
 [0.05092417 1.03501759]
 [0.06962857 1.02267927]
 [0.7666052  0.70305165]
 [0.14396258 0.95927197]
 [0.99283946 0.10093383]
 [0.12092761 0.97431946]
 [0.54156278 0.78262135]
 [0.822431   0.50185818]
 [0.51882831 0.79527758]
 [0.47351797 0.87716664]
 [0.83074288 0.4945831 ]
 [0.93135755 0.18319027]
 [0.78907612 0.53059344]
 [0.0754063  1.02019692]
 [0.49934003 0.82007556]
 [0.54913802 0.78118332]
 [0.47813538 0.86903534]
 [0.98955262 0.10530092]
 [0.47709008 0.8691628 ]
 [0.77409554 0.59567901]]
