[[1.71048835e-02 2.42397146e+04]
 [3.80958899e-02 1.06540658e+04]
 [2.69052896e-02 1.52039152e+04]
 [1.51412626e-02 2.66393526e+04]
 [3.28419790e-02 1.24073984e+04]
 [4.77940908e-02 8.69879692e+03]
 [2.21543361e-02 1.85427516e+04]
 [2.04360212e-02 2.02895315e+04]
 [2.82591313e-02 1.44370218e+04]
 [9.12478254e-03 4.68388654e+04]
 [1.40206429e-02 3.10392103e+04]
 [2.49560645e-02 1.60711978e+04]
 [3.49927906e-02 1.15431501e+04]
 [2.32948681e-02 1.74424255e+04]
 [3.07165040e-02 1.32745229e+04]
 [4.12360028e-02 9.71005755e+03]
 [1.86248523e-02 2.21742830e+04]
 [1.12893892e-02 3.59951013e+04]
 [4.26202202e-03 9.97101942e+04]]
