[[4.99999976e+00 3.00000000e+00]
 [2.61178891e-05 2.03097770e-05]
 [1.39830729e+00 1.57362051e+00]
 [2.54891115e+00 2.71408389e+00]
 [1.67213210e+00 1.40946654e+00]
 [1.60455498e+00 2.27508083e+00]
 [2.51359061e+00 2.60291931e+00]
 [5.56219958e-01 3.71211002e-01]
 [7.58286030e-01 6.84727225e-01]
 [1.68100003e-01 4.73879766e-01]
 [1.32318383e-01 2.79829180e-01]
 [4.41590778e+00 2.99921878e+00]
 [4.00851002e+00 2.95568993e+00]
 [1.64128543e-01 6.77908162e-02]
 [6.08804818e-01 6.84727225e-01]
 [2.08013016e+00 1.96166448e+00]
 [3.01138454e+00 2.99090373e+00]
 [3.55786235e-01 4.20860435e-01]
 [3.82681753e+00 2.99424270e+00]
 [1.04302892e+00 1.01440986e+00]
 [1.93880172e-01 3.65952770e-01]
 [5.50481032e-01 5.10125672e-01]
 [1.50533641e+00 1.80180396e+00]
 [1.62052361e+00 1.21367259e+00]
 [2.83716561e+00 2.88305308e+00]
 [4.68588484e+00 2.99999949e+00]
 [2.24752010e+00 2.40161484e+00]
 [2.72632810e+00 2.85508909e+00]
 [8.51020227e-01 9.63391038e-01]
 [2.95603146e+00 2.68215407e+00]
 [4.06798148e+00 2.97464845e+00]
 [3.56527676e+00 2.99811694e+00]
 [2.24752010e+00 2.18711118e+00]
 [3.05214509e+00 2.82496435e+00]
 [1.50719029e+00 1.68944966e+00]
 [2.66066728e+00 2.67040051e+00]
 [4.18532055e-01 4.18860682e-01]
 [4.50940407e+00 2.99385704e+00]
 [1.34705829e-01 6.77908162e-02]
 [6.85631238e-01 5.55955996e-01]
 [4.25352557e+00 2.99999758e+00]
 [1.70313214e+00 1.98492483e+00]
 [8.18166418e-02 3.88409543e-05]
 [2.27030392e+00 2.28245259e+00]
 [1.70313214e+00 1.90819690e+00]
 [1.06088574e+00 8.63389339e-01]
 [1.32540834e+00 1.16915156e+00]
 [1.40315155e+00 1.17569463e+00]
 [1.99415661e+00 1.56161776e+00]
 [3.20336779e+00 2.91794512e+00]
 [3.28282931e+00 2.99897571e+00]
 [1.06088574e+00 8.90686145e-01]
 [1.73027652e+00 1.66046758e+00]
 [8.55575471e-01 7.81498617e-01]
 [1.73027652e+00 1.75337262e+00]
 [2.47573035e+00 2.38773088e+00]
 [8.55575471e-01 8.84275430e-01]
 [3.67779998e+00 2.99444000e+00]
 [4.64225349e+00 2.99527569e+00]
 [7.12079001e-01 8.95031996e-01]
 [2.37387255e+00 1.96166448e+00]
 [1.18620989e+00 1.17961194e+00]
 [2.23548783e+00 2.51863894e+00]
 [5.72623397e-01 5.77901356e-01]
 [3.47426448e+00 2.99953485e+00]
 [4.77270008e+00 2.99937497e+00]
 [1.53511941e+00 1.68944966e+00]
 [3.34623445e+00 2.98942962e+00]
 [2.49055093e+00 2.91794512e+00]
 [2.44253980e+00 2.55038378e+00]
 [1.40315155e+00 1.22383716e+00]
 [4.84422379e+00 3.00000000e+00]
 [3.44896773e-01 1.12352016e-01]
 [3.43601077e+00 2.99953485e+00]
 [3.54854135e+00 2.99202898e+00]
 [4.33883248e+00 2.99921878e+00]
 [4.86683457e+00 2.99999996e+00]
 [1.12915031e+00 1.15136408e+00]
 [1.87820112e+00 1.95447932e+00]
 [4.58308271e+00 2.99999973e+00]
 [2.23124196e+00 1.98492483e+00]
 [2.16864521e+00 1.96166448e+00]
 [2.15239284e+00 2.54757752e+00]
 [2.96907001e+00 2.89883729e+00]
 [7.90663362e-01 7.18404240e-01]
 [1.63186700e+00 1.80180396e+00]
 [3.26269224e+00 2.95676808e+00]
 [3.75657460e+00 2.99674285e+00]
 [2.94769262e+00 2.54619104e+00]
 [2.06610311e+00 2.25195280e+00]
 [2.23999627e+00 2.23928491e+00]
 [2.94988745e+00 2.54632517e+00]
 [3.75785837e+00 2.97241928e+00]
 [1.56181782e+00 1.12232421e+00]
 [4.33883248e+00 2.99959348e+00]
 [4.12569014e+00 2.99410097e+00]
 [4.92605697e+00 2.99999998e+00]
 [3.99103366e+00 2.99999758e+00]
 [1.06088574e+00 1.07345121e+00]
 [1.15565676e+00 1.29085115e+00]]
