[[1.03893136 0.04484702]
 [0.04205632 1.03826019]
 [0.92943537 0.19301644]
 [0.44729694 0.92853729]
 [0.92934428 0.44708654]
 [0.19519998 0.92928371]
 [0.65516131 0.77236423]
 [0.77304541 0.63758134]
 [0.61496561 0.773088  ]
 [0.77331841 0.60981585]
 [0.77214629 0.66445481]
 [0.55021105 0.77919156]
 [0.68743065 0.76857493]
 [0.53030843 0.78723578]
 [0.76244916 0.71390976]
 [0.77340868 0.58868975]
 [0.70642747 0.76334229]
 [0.76747962 0.69520991]
 [0.95174639 0.1441499 ]
 [0.10666119 0.98708711]
 [0.50235527 0.81554441]
 [0.4541423  0.91772867]
 [0.14211652 0.95380642]
 [0.67131709 0.77117344]
 [0.96116951 0.13427233]
 [0.76987451 0.68191507]
 [0.09653078 0.99671523]
 [0.86862364 0.47713827]
 [0.77487442 0.57119509]
 [0.49620442 0.8311393 ]
 [0.74871104 0.73402732]
 [0.75546959 0.72344979]
 [0.46078506 0.90534915]
 [0.77672916 0.55746041]
 [0.740666   0.74262221]
 [0.88052793 0.4722032 ]
 [0.94350474 0.1553426 ]
 [0.13216856 0.96214464]
 [0.91125608 0.45871452]
 [0.46613907 0.89599351]
 [0.0596159  1.02893292]
 [0.85648659 0.48331124]
 [0.5861523  0.77354414]
 [0.93222791 0.18007848]
 [0.96833035 0.12524978]
 [0.50894012 0.80665301]
 [1.00542869 0.08734579]
 [0.07539838 1.01617588]
 [1.01264711 0.08096974]
 [0.48634774 0.84726416]
 [0.92125662 0.45252902]
 [0.81100625 0.50523802]
 [0.89154551 0.46723991]
 [0.60203653 0.77314136]
 [1.03110919 0.05796473]
 [0.73162452 0.75020506]
 [0.82165752 0.49846423]
 [0.17465008 0.9336191 ]
 [0.98514357 0.10824832]
 [0.06731293 1.02267927]
 [0.90081429 0.46310667]
 [0.48122837 0.85840944]
 [0.51566843 0.79897983]
 [0.15235375 0.9458601 ]
 [1.02073981 0.07282544]
 [0.56393818 0.77601637]
 [0.04870675 1.03501759]
 [0.99774993 0.09595266]
 [0.7810105  0.5438166 ]
 [0.52266704 0.79279866]
 [0.71790521 0.75922459]
 [0.12543128 0.96814164]
 [0.83833724 0.48996075]
 [0.49024425 0.83772878]
 [0.78804138 0.5306208 ]
 [0.08949852 1.00528049]
 [1.02415565 0.06527128]
 [0.82918708 0.4945831 ]
 [0.16701578 0.93711315]
 [0.08360992 1.00910218]
 [0.99236606 0.10093383]
 [0.18898435 0.93024267]
 [0.79292016 0.52152798]
 [0.84783421 0.48716473]
 [0.57279067 0.77464857]
 [0.11770276 0.98031439]
 [0.47466102 0.87482929]
 [0.80457283 0.51088053]
 [0.16100593 0.94514272]
 [0.4779649  0.86689038]
 [0.93646702 0.16967235]
 [0.72431117 0.75511109]
 [0.79874556 0.51649484]
 [0.94041594 0.1653646 ]
 [1.03544229 0.0476495 ]
 [0.78374186 0.53801751]
 [0.97820369 0.11535365]
 [0.11902434 0.97505747]
 [0.97710162 0.12031338]
 [0.47081124 0.88439948]]
