[[1.67414103e+00 1.53198488e+00]
 [2.56220625e+00 2.63021831e+00]
 [1.45643304e+00 1.45341189e+00]
 [2.09113516e+00 2.34911907e+00]
 [2.42853393e+00 2.50299235e+00]
 [1.19880823e+00 9.53254945e-01]
 [1.14712317e+00 1.40377590e+00]
 [4.83591564e+00 2.94757710e+00]
 [1.98625535e+00 1.98580566e+00]
 [2.74610739e+00 2.70935875e+00]
 [3.58804452e+00 2.99327645e+00]
 [3.12531316e+00 2.99196855e+00]
 [9.11785146e-01 6.72633346e-01]
 [2.03688406e+00 1.68142227e+00]
 [1.83975924e+00 1.63124475e+00]
 [1.98807266e+00 2.20735677e+00]
 [2.33927596e+00 2.35535317e+00]
 [2.91706271e+00 2.84633202e+00]
 [7.64525701e-03 2.73229246e-03]]
