[[4.99999838e+00 3.00000000e+00]
 [3.24392457e-10 5.45206241e-12]
 [2.09778454e-01 5.11733017e-12]
 [2.82580292e+00 2.88841824e+00]
 [1.83221060e+00 1.56472353e+00]
 [2.95735184e+00 2.97590501e+00]
 [4.95486998e-01 4.75958182e-01]
 [1.61382245e+00 1.57105122e+00]
 [3.12061185e+00 2.99999986e+00]
 [3.70486875e-01 4.53137095e-01]
 [1.18823000e+00 1.42427685e+00]
 [3.83556576e+00 2.95070288e+00]
 [3.88181360e+00 2.99999997e+00]
 [2.37367764e-09 5.45206241e-12]
 [4.36564353e+00 2.99964675e+00]
 [4.45998518e+00 2.99999999e+00]
 [4.60417962e+00 2.99999999e+00]
 [3.04438844e+00 2.97522464e+00]
 [2.11533514e+00 2.16986867e+00]
 [1.85666445e+00 2.04547646e+00]
 [9.33314305e-01 9.40422184e-01]
 [4.29015183e-01 3.12663139e-01]
 [1.30467124e+00 1.15141201e+00]
 [2.03550344e+00 2.34261754e+00]
 [8.73472090e-01 9.00174788e-01]
 [1.39304433e+00 1.10144144e+00]
 [1.18736017e+00 1.61440057e+00]
 [4.72356801e+00 2.98192759e+00]
 [4.07278319e+00 2.99999999e+00]
 [3.34874951e+00 2.87389290e+00]
 [1.94743058e-01 1.53413953e-01]
 [1.85666445e+00 1.94882197e+00]
 [3.97689756e+00 2.99124731e+00]
 [4.17121476e+00 2.99999965e+00]
 [4.90221233e+00 2.99999999e+00]
 [3.71244906e+00 2.99999980e+00]
 [6.75306156e-01 1.03509868e+00]
 [2.12194054e+00 1.98022401e+00]
 [1.61382245e+00 1.84297650e+00]
 [9.12342247e-01 7.20947177e-01]
 [3.27711218e+00 2.97824134e+00]
 [2.32430389e+00 2.34688222e+00]
 [3.53556072e+00 2.96820312e+00]
 [4.30007380e+00 2.99999968e+00]
 [2.61435632e+00 2.68378086e+00]
 [6.45304779e-01 6.07490368e-01]
 [3.53882747e+00 2.99999961e+00]
 [1.15454227e+00 1.18119999e+00]
 [4.88970407e+00 2.99999999e+00]
 [2.83274605e+00 2.53272162e+00]
 [2.29427243e+00 2.60789300e+00]
 [4.73034844e+00 2.99999997e+00]
 [1.06312718e+00 1.15141201e+00]
 [4.95486998e-01 5.85069572e-01]
 [2.46756978e+00 2.37775111e+00]
 [4.51953807e+00 2.99999997e+00]
 [1.01070734e+00 1.15610834e+00]
 [2.47807052e+00 2.24113761e+00]
 [1.21251982e+00 1.50494005e+00]
 [3.61161699e+00 2.99999997e+00]
 [2.07067222e+00 2.12208309e+00]
 [8.10162526e-01 7.19454597e-01]
 [4.80371800e+00 2.99999981e+00]
 [1.24207731e+00 1.45219681e+00]
 [1.67967909e+00 1.84737037e+00]
 [2.68082093e+00 2.42137776e+00]
 [6.81972629e-01 4.85735233e-01]
 [4.55980036e+00 2.99442191e+00]
 [3.42463153e+00 2.99999984e+00]
 [2.02279972e-01 4.44808000e-01]
 [3.97689756e+00 2.97646150e+00]
 [4.23643810e+00 2.99964675e+00]
 [1.98165599e-01 1.72829309e-01]
 [2.35047760e-01 2.19891094e-01]
 [1.82587378e+00 1.94177762e+00]
 [7.86877050e-01 6.57802003e-01]
 [2.11533514e+00 2.09074414e+00]
 [3.38237551e+00 2.95825588e+00]
 [2.64886034e+00 2.79645320e+00]
 [1.45717049e+00 1.54714512e+00]
 [1.37563825e+00 1.60842970e+00]
 [2.96066283e+00 2.99423996e+00]
 [2.78090690e+00 2.16986867e+00]
 [1.69552609e+00 1.38314836e+00]
 [2.30448096e+00 2.29279234e+00]
 [1.44555371e+00 1.46389846e+00]
 [9.33314305e-01 1.09086748e+00]
 [4.80371800e+00 2.99999933e+00]
 [3.71812551e+00 2.95070288e+00]
 [1.82587378e+00 1.78831607e+00]
 [1.69552609e+00 1.46607263e+00]
 [2.58727329e+00 2.44111805e+00]
 [2.71377529e+00 2.69458961e+00]
 [4.11950835e+00 2.99999997e+00]
 [1.99804863e-01 3.67470816e-01]
 [1.48854065e+00 1.60842970e+00]
 [1.37563825e+00 1.49698800e+00]
 [1.83221060e+00 1.87893949e+00]
 [2.33092326e+00 2.44358116e+00]
 [1.98505203e+00 2.01236251e+00]]
