[[2.05989034e+01 2.30884668e+01]
 [5.39317970e+01 1.15587036e+01]
 [1.69344133e+01 2.51351540e+01]
 [3.95648267e+01 1.54886643e+01]
 [4.86509911e+01 1.28474849e+01]
 [9.38334464e+00 3.08252044e+01]
 [1.31459134e+01 2.77774876e+01]
 [1.28297163e+02 4.23936342e+00]
 [3.15545377e+01 1.81680244e+01]
 [5.95269226e+01 1.03270692e+01]
 [8.73350697e+01 6.02055767e+00]
 [7.48778326e+01 7.54664106e+00]
 [5.13515108e+00 3.54396029e+01]
 [2.79043102e+01 1.97930142e+01]
 [2.41826939e+01 2.13356336e+01]
 [3.52994273e+01 1.68705625e+01]
 [4.40796023e+01 1.40736093e+01]
 [6.64434431e+01 8.97691355e+00]
 [2.63661507e-04 4.98962904e+01]]
