[[1.19285863e+02 4.21853393e+00]
 [3.08518589e-02 4.88283990e+01]
 [5.65075408e+01 1.09865801e+01]
 [6.06482316e+01 1.01163869e+01]
 [3.15801201e+01 1.83373993e+01]
 [6.33458629e+00 3.38139750e+01]
 [1.75671711e+01 2.48577871e+01]
 [3.44763988e-01 4.60597954e+01]
 [1.09635449e+00 4.29577433e+01]
 [8.42792907e+01 6.34709271e+00]
 [2.98414932e+01 1.91663633e+01]
 [4.07271777e+01 1.52366740e+01]
 [1.15641198e+02 4.34410303e+00]
 [6.14466549e-01 4.47011988e+01]
 [5.40291365e+00 3.49184201e+01]
 [1.99571115e+01 2.37479876e+01]
 [7.44396970e+01 7.66057433e+00]
 [4.40768221e+01 1.40777749e+01]
 [4.64952077e+01 1.34340352e+01]
 [9.57566745e-01 4.41252440e+01]
 [8.81939986e+01 5.96236231e+00]
 [3.77445937e+01 1.60075186e+01]
 [6.52396215e+01 9.20305835e+00]
 [6.67733605e+01 8.93170367e+00]
 [1.71156880e+01 2.51140993e+01]
 [1.53766667e+00 4.19494556e+01]
 [1.58868065e+01 2.60858694e+01]
 [1.31846522e+01 2.77807282e+01]
 [3.32298934e+01 1.77348050e+01]
 [5.40375181e+01 1.15321149e+01]
 [7.22463474e+01 7.95914429e+00]
 [9.31495400e+00 3.08231530e+01]
 [6.34668935e+01 9.60294246e+00]
 [1.23766774e+01 2.85779479e+01]
 [7.60395985e+01 7.37370614e+00]
 [1.06664342e+02 4.65829404e+00]
 [4.87312454e+01 1.30437610e+01]
 [3.58570979e+01 1.66257777e+01]
 [8.63670072e+00 3.15555826e+01]
 [6.21745474e+01 9.78831276e+00]
 [1.47167758e-01 4.73430464e+01]
 [1.18497461e+02 4.23757883e+00]
 [3.38364045e+00 3.78835185e+01]
 [1.10098578e+02 4.51803111e+00]
 [1.00453076e+02 4.97990478e+00]
 [3.37920313e+01 1.73514830e+01]
 [9.78706572e+01 5.33053422e+00]
 [1.03145961e+02 4.82314094e+00]
 [5.06376148e+01 1.24201385e+01]
 [2.16629955e-01 4.69725843e+01]
 [9.51558882e+01 5.33481475e+00]
 [7.41147193e+00 3.30940431e+01]
 [1.21294335e+01 2.91063428e+01]
 [3.72286224e+01 1.61854052e+01]
 [7.77581126e+01 7.23142987e+00]
 [8.06823911e+00 3.19427675e+01]
 [6.86415319e+01 8.58523075e+00]
 [3.03709748e+00 3.84373021e+01]
 [3.93437503e+00 3.72967557e+01]
 [4.71071210e+01 1.32855240e+01]
 [9.86180291e+00 3.02777893e+01]
 [2.34841274e+01 2.17164464e+01]
 [5.36141510e+01 1.16713975e+01]
 [9.09033932e+01 5.83447934e+00]
 [1.11826316e+02 4.48349406e+00]
 [5.35959137e-02 4.84021581e+01]
 [2.76342963e+01 1.98137133e+01]
 [2.04244646e+01 2.31575531e+01]
 [7.85673727e+01 7.05961492e+00]
 [1.37700837e+01 2.72813621e+01]
 [2.86511655e+01 1.95368564e+01]
 [8.90314520e+01 5.90118556e+00]
 [2.09600600e+01 2.28684660e+01]
 [8.14873618e+01 6.65753921e+00]
 [1.13019406e+02 4.38020908e+00]
 [2.69827693e+01 2.03436869e+01]
 [2.75443669e+00 3.92025248e+01]
 [6.96536393e+01 8.49870106e+00]
 [1.45619074e+01 2.72127745e+01]
 [5.26205837e+01 1.22665105e+01]
 [5.27476470e+01 1.22269366e+01]
 [2.35291542e+00 3.97523422e+01]
 [2.00295190e+00 4.06222413e+01]
 [9.24318398e+01 5.57035076e+00]
 [4.15984249e+01 1.48298434e+01]
 [1.04497630e+02 4.75329362e+00]
 [3.99227856e+00 3.68803503e+01]
 [9.35548904e+01 5.48637383e+00]
 [2.51662716e+01 2.11555158e+01]
 [1.06098117e+02 4.67115831e+00]
 [7.11009089e+01 8.29531612e+00]
 [4.36040479e+01 1.42844292e+01]
 [1.12334147e+01 2.94475929e+01]
 [2.91908458e+00 3.89534643e+01]
 [4.98010876e+01 1.26561196e+01]
 [1.82280390e+00 4.13897707e+01]
 [3.49416650e+01 1.69380874e+01]
 [4.61410742e+00 3.61259757e+01]
 [1.52739704e+01 2.62572027e+01]
 [9.14556543e+01 5.63099143e+00]]
