[[1.03544229 0.0476495 ]
 [0.04233512 1.03826249]
 [0.44729694 0.92853729]
 [0.92245    0.45252902]
 [0.92943537 0.19301644]
 [0.18628212 0.93028327]
 [0.77340868 0.5892537 ]
 [0.77019433 0.68123718]
 [0.65563184 0.77236423]
 [0.59967719 0.7731531 ]
 [1.01659915 0.07583156]
 [0.93434335 0.17445787]
 [0.49726749 0.82437367]
 [0.86660659 0.48126074]
 [0.8829511  0.47102292]
 [1.00438778 0.0887921 ]
 [0.10715775 0.98691147]
 [0.4886633  0.84138779]
 [0.0971929  0.99690937]
 [0.6722768  0.77097515]
 [0.52266704 0.79279866]
 [0.77487442 0.57234325]
 [0.13466328 0.96238099]
 [0.95848001 0.13574535]
 [0.9451191  0.15709887]
 [0.77672916 0.55746041]
 [0.14440458 0.95222613]
 [0.740666   0.74262221]
 [0.74885345 0.73402732]
 [0.56878064 0.7749256 ]
 [0.58818931 0.77365343]
 [0.68743065 0.76857662]
 [0.45409579 0.91812677]
 [0.75546959 0.72344979]
 [0.51383617 0.80083613]
 [0.07539838 1.01632784]
 [0.69892997 0.76564543]
 [0.76015786 0.71419841]
 [0.15235375 0.9458601 ]
 [0.73453069 0.75387585]
 [0.46613907 0.89599351]
 [0.5335575  0.78501084]
 [0.96833035 0.12562547]
 [0.95277624 0.14465684]
 [0.98514357 0.10824832]
 [0.76707522 0.69572794]
 [0.89156872 0.46720819]
 [0.90223793 0.46310667]
 [0.7810105  0.54428278]
 [0.50235527 0.81554441]
 [0.1255648  0.96826261]
 [1.02415565 0.06798096]
 [0.50781454 0.80857758]
 [0.17522543 0.93405999]
 [0.11902434 0.98008686]
 [0.97863643 0.11538495]
 [0.08949852 1.00528049]
 [0.71190262 0.76319402]
 [0.83833724 0.48996075]
 [0.78810364 0.5306208 ]
 [0.76570606 0.7041276 ]
 [0.82962414 0.4945831 ]
 [0.08360992 1.00910218]
 [0.48122837 0.8584099 ]
 [0.99236606 0.10093383]
 [0.80457283 0.51088053]
 [0.79292016 0.52179063]
 [0.85648659 0.48408843]
 [0.48548436 0.84935873]
 [0.54127636 0.78262135]
 [0.99774993 0.09595266]
 [0.84783421 0.48716473]
 [0.93230243 0.1847282 ]
 [0.1623466  0.94067903]
 [0.55128869 0.77834191]
 [0.79874556 0.51649484]
 [0.81234765 0.50523802]
 [1.02733737 0.06037563]
 [0.06731293 1.02267927]
 [0.72431117 0.75511109]
 [0.46984462 0.88564805]
 [0.06344961 1.02651619]
 [0.0546883  1.03138859]
 [0.55876166 0.77698451]
 [1.03296788 0.05450739]
 [0.78374186 0.53801751]
 [0.9738021  0.12270122]
 [0.71978182 0.76082518]
 [0.94615409 0.15171857]
 [0.4779649  0.86689038]
 [0.46184049 0.90641005]
 [0.16701578 0.93711315]
 [0.45955297 0.90920623]
 [0.47782411 0.87490827]
 [0.05092417 1.03501759]
 [0.91180963 0.46026635]
 [0.82188515 0.49888164]
 [0.47228632 0.88046692]
 [0.91512451 0.45677836]
 [0.11995141 0.97388501]]
