[[2.61178891e-05 3.88409543e-05]
 [4.99954964e+00 2.99999996e+00]
 [1.30544422e+00 1.17961194e+00]
 [2.77045541e+00 2.99074179e+00]
 [2.59738822e+00 2.95436196e+00]
 [2.33952575e+00 2.52146068e+00]
 [9.94679964e-01 1.30577756e+00]
 [2.29984982e+00 2.74993461e+00]
 [8.55575471e-01 8.84275430e-01]
 [2.38521103e+00 2.52146068e+00]
 [1.06096028e+00 1.07409083e+00]
 [4.68588484e+00 2.99999949e+00]
 [3.20336779e+00 2.99413606e+00]
 [6.28240986e-01 4.70048077e-01]
 [2.38555621e-01 1.13686676e-01]
 [1.63126112e+00 1.72196951e+00]
 [4.84925043e+00 2.99962801e+00]
 [1.80255728e+00 1.94625582e+00]
 [2.28680851e+00 2.40977526e+00]
 [2.14711724e+00 2.09368884e+00]
 [2.54891115e+00 2.71408389e+00]
 [4.37236887e+00 2.99921878e+00]
 [1.49417096e+00 1.94622619e+00]
 [2.64164631e+00 2.52146068e+00]
 [1.51917390e-01 3.19483693e-02]
 [1.02710727e-05 5.36001681e-03]
 [1.40315155e+00 1.17502915e+00]
 [4.17941108e+00 2.99998500e+00]
 [1.53511941e+00 1.68944966e+00]
 [9.60943030e-01 1.04939416e+00]
 [3.44510727e+00 2.99528141e+00]
 [2.55958979e+00 2.76744863e+00]
 [1.25309606e+00 1.62410565e+00]
 [4.62479832e+00 2.99999761e+00]
 [1.89203899e-01 1.39007889e-03]
 [2.90673208e-01 3.18400610e-01]
 [4.44162338e+00 2.99999907e+00]
 [3.33234821e+00 2.99997138e+00]
 [1.31882299e+00 1.78075613e+00]
 [3.24686692e+00 2.84351518e+00]
 [2.06314116e+00 2.07899235e+00]
 [1.73027652e+00 1.91270999e+00]
 [3.51603198e+00 2.99963800e+00]
 [4.66615333e-01 3.48962559e-01]
 [2.50147515e+00 1.83087024e+00]
 [6.42213621e-01 1.00776895e+00]
 [6.85631238e-01 5.55955996e-01]
 [3.79069513e+00 2.96135781e+00]
 [9.54495028e-01 9.13525706e-01]
 [4.26063121e+00 2.99999761e+00]
 [3.81415092e+00 2.99792733e+00]
 [2.96081666e+00 2.44539956e+00]
 [4.54928712e-01 3.92847069e-01]
 [4.30015126e+00 2.99410780e+00]
 [2.06166680e+00 2.38773088e+00]
 [1.57428313e+00 1.68944966e+00]
 [4.28180439e-01 2.63834402e-01]
 [4.79299888e+00 2.99204201e+00]
 [1.99929424e-01 1.96691565e-01]
 [4.55643929e+00 2.99953757e+00]
 [1.05312667e+00 9.15310117e-01]
 [4.94184947e+00 2.99988361e+00]
 [3.07110604e+00 2.95436196e+00]
 [5.09762978e-01 5.32397243e-01]
 [4.12569014e+00 2.99410780e+00]
 [3.65535808e+00 2.99997138e+00]
 [3.37355980e+00 2.99918546e+00]
 [2.37152314e+00 2.73086446e+00]
 [3.19481512e+00 2.96556742e+00]
 [1.28123388e+00 1.37144538e+00]
 [4.06798148e+00 2.97464845e+00]
 [2.32398674e+00 2.28245259e+00]
 [4.26286130e-01 5.30802465e-01]
 [1.46107743e+00 1.32771989e+00]
 [2.01554095e+00 1.80341800e+00]
 [2.49836681e-01 2.39905108e-01]
 [1.91187410e+00 2.39888731e+00]
 [2.15566210e+00 1.80180396e+00]
 [1.03293807e+00 1.17961194e+00]
 [1.57329829e+00 1.94625582e+00]
 [1.63126112e+00 1.38906270e+00]
 [8.41789707e-01 1.03849503e+00]
 [2.92212183e+00 2.91679152e+00]
 [3.87186178e+00 2.99961582e+00]
 [2.79262257e+00 2.65801764e+00]
 [3.58304428e+00 2.99202898e+00]
 [2.40931228e+00 2.28245259e+00]
 [1.53370768e+00 1.15888453e+00]
 [4.50072316e+00 2.99999761e+00]
 [7.05766010e-01 6.28371658e-01]
 [3.00027912e-01 2.10241026e-01]
 [3.97584330e+00 2.99962788e+00]
 [4.07402763e+00 2.99998500e+00]
 [2.92009692e+00 2.99395213e+00]
 [8.38893221e-01 5.14479973e-01]
 [1.77083357e+00 2.24767348e+00]
 [3.91053910e+00 2.98483572e+00]
 [2.96081666e+00 2.53577876e+00]
 [2.94475282e+00 2.84572920e+00]
 [7.90663362e-01 7.18404240e-01]]
