[[2.07178538e-02 1.95437235e+04]
 [1.44293704e-02 2.93665298e+04]
 [2.85779283e-02 1.44583396e+04]
 [1.92864689e-02 2.12263492e+04]
 [3.80747582e-02 1.06274979e+04]
 [1.59078115e-02 2.59846285e+04]
 [5.04013261e-02 8.60167609e+03]
 [2.41696407e-02 1.65932335e+04]
 [4.21961640e-02 9.65650902e+03]
 [1.17182877e-02 3.51952848e+04]
 [9.43547221e-03 4.65996767e+04]
 [4.16912718e-03 9.89578255e+04]
 [2.60424255e-02 1.53963379e+04]
 [3.48668500e-02 1.16020054e+04]
 [1.82400560e-02 2.39323430e+04]
 [2.99522943e-02 1.36010709e+04]
 [2.26854727e-02 1.79431078e+04]
 [3.25267055e-02 1.25368097e+04]]
