[[ 1.07810148e+02  5.17311578e-03]
 [-2.20512100e+02  3.38412235e+00]
 [-8.84804329e+02  1.19000019e+03]
 [ 5.62596789e+01  1.54586491e+01]
 [-8.91175698e+00  4.97483743e-04]
 [ 4.86331188e+01  2.27675120e-02]
 [-2.05373778e+01  5.37275689e-02]
 [-2.81994804e+02  2.81946592e-03]
 [-4.37315835e+02  9.60196787e-01]
 [ 2.00574470e+02  4.30701507e-04]
 [ 1.67646739e+02  2.02386214e-03]
 [-2.08034610e+02  8.56975609e-03]
 [-1.47216523e+01  4.88727590e-02]
 [ 2.56750802e+01  2.27438102e-02]
 [-4.76338164e+01  6.04990210e-03]
 [-7.92772010e+01  7.80316970e-04]
 [-3.41309910e+02  3.44331915e-03]
 [-3.94841122e+02  1.87769710e-03]
 [-1.44656328e+02  7.05214809e-02]
 [-3.28364258e+01  6.57258798e-01]
 [-1.81844251e+02  1.99318990e-03]
 [ 1.33933042e+02  1.76681855e-02]
 [-1.44878471e+02  1.72607303e-03]
 [-1.30124012e+02  6.40429205e-02]
 [-2.30795028e+02  2.82948399e-03]
 [-1.61752287e+01  3.23264404e-01]
 [ 4.31201954e+01  1.13004271e-01]
 [-3.94549923e+02  3.14948895e-02]
 [-8.97291363e+02  1.04630821e-01]
 [ 3.05960596e+01  2.38177008e-02]
 [-1.03388302e+03  1.71443908e-03]
 [ 1.48810690e+01  4.68503923e-02]
 [-1.41924597e+02  1.65202215e-02]
 [-4.19950375e+01  6.36890271e-01]
 [ 1.70503248e+02  7.39030787e-01]
 [-9.67462313e+01  8.21079185e-03]
 [ 1.46276848e+02  1.77714454e-03]
 [-5.78011659e+02  2.75297986e+03]
 [-1.04410530e+02  7.45536740e-03]
 [-1.89110520e+02  1.03112893e-03]
 [-5.23290649e+02  3.11075311e-03]
 [-1.65378082e+01  4.71958450e-02]
 [-3.50253382e+02  1.73216968e+00]
 [ 5.75072352e+01  2.61390036e-03]
 [-1.40230808e+02  3.62613629e+01]
 [-2.95620556e+02  6.38444691e-03]
 [-9.32402532e+02  8.25883830e-04]
 [-4.53050785e+02  6.11557523e-04]
 [-8.02176612e+02  5.19031643e-04]
 [-7.69528981e+01  6.67055234e-04]
 [ 4.38378317e+01  1.19245959e-03]
 [-2.64590355e+01  1.36680102e-03]
 [ 1.05677564e+02  1.91176677e-01]
 [-4.67339750e+02  4.16901526e-03]
 [-1.29066376e+02  2.90573838e+01]
 [-4.56991298e+01  2.11481387e-01]
 [-3.53167887e+02  7.53427518e-03]
 [-2.85310315e+01  2.88973897e-03]
 [ 3.40151404e+01  4.75065480e-01]
 [-9.10150434e+02  2.00333420e-03]
 [-1.58709972e+02  2.14302393e-03]
 [-1.82177554e+02  6.63026880e-04]
 [-9.18100787e+02  9.67109927e-04]
 [ 8.12310660e+01  1.06008889e-03]]
