[[-9.14191878  0.9400901  -3.80964418 -7.67482804]
 [-7.37488888 -3.6835187  -0.63098388 -2.58210111]
 [-9.0080969  -9.87068238 -0.11206812 -1.31063205]
 [-5.46444965  1.69620773 -0.59092577 -0.68818273]
 [-6.94759809 -0.80510886 -9.07413142 -5.90581728]
 [-3.66976636  2.80854091 -3.37389811 -2.51051389]
 [-2.19808181 -4.0145642  -4.69548022 -0.39467249]
 [-5.57361482 -8.34048503 -7.07587289 -2.19769376]
 [-9.64780572 -4.27786433 -0.64600975 -8.48001524]
 [-8.39585521  2.03177791 -9.63373543 -5.70050797]
 [-8.55902901  1.8888579  -7.48838941 -2.58302083]
 [-7.40288432 -3.63205194 -3.28313556 -7.23834347]
 [-1.74350885 -4.65214272 -4.73543069 -0.42298872]
 [-3.17043386  2.01643143 -4.75865569 -0.89569061]
 [-4.05915734 -3.07518948 -4.7816847  -3.3188142 ]
 [-4.12998894 -5.02948757 -8.85250503 -4.05512734]
 [-8.93393671 -3.96432729 -6.11358446 -2.79003124]
 [-8.88044864 -4.67472159 -6.49826418 -4.26045977]
 [-6.12413876 -3.52290236 -3.46693719 -0.74698993]
 [-2.28580702 -5.78102254 -1.57599182 -0.85324904]
 [-6.14460515 -4.65503731 -6.34076302 -4.32017012]
 [-6.84173733  2.43838808 -3.53974771 -2.80133607]
 [-8.81870359 -1.93686521 -5.85603648 -6.33291423]
 [-4.70215354 -5.34981478 -5.10472383 -0.25768326]
 [-8.17825886 -3.25687931 -6.38134459 -2.98559065]
 [-7.17631202 -0.34841483 -1.10589241 -5.02085381]
 [-8.14255824  0.51346806 -1.56870619 -5.03215961]
 [-7.07556643 -7.20710379 -2.37310244 -5.21536308]
 [-9.78553371 -8.51264843 -1.31457273 -9.23550418]
 [-7.1982865   0.40794603 -2.96955205 -3.51966583]
 [-9.87195524 -9.69117254 -5.29438437 -8.62791053]
 [-2.10822319  2.31519419 -3.2353877  -1.38350862]
 [-3.90752209 -8.51594298 -4.51708669 -1.44172674]
 [-2.93852606 -4.44911076 -1.88553138 -0.51417172]
 [-7.7954743   2.47938796 -0.76202725 -6.71274362]
 [-3.28959361 -8.34192202 -4.94383814 -2.21256644]
 [-6.45093427  2.67800743 -6.54129525 -4.41326583]
 [-8.56166801 -7.13903513 -0.05393652 -5.08185522]
 [-4.60057723 -4.75857721 -4.37090932 -3.52605964]
 [-6.67541419 -4.13828406 -8.31605627 -3.70176518]
 [-9.16834657 -5.72752535 -5.72486309 -3.76108576]
 [-7.92981668 -0.25458948 -5.17710422 -0.33520432]
 [-7.37546013 -5.84932117 -0.63001702 -5.06788586]
 [-7.34757271  0.86057345 -9.85450269 -0.8775683 ]
 [-7.51406852 -2.25906346 -0.22517914 -5.30207032]
 [-9.96291769 -2.74854195 -5.68150895 -1.87482065]
 [-9.53110499 -9.40079825 -7.31027141 -6.80384838]
 [-7.22391249 -8.06821705 -9.21037916 -4.5941403 ]
 [-9.74239961 -7.77968193 -9.66659436 -4.6823058 ]
 [-9.61986815 -1.00208408 -8.98479201 -4.53720304]
 [-5.44958313  0.58767521 -7.25325526 -4.82426926]
 [-3.22018653 -3.24412718 -8.81164523 -2.34745778]
 [-5.51609511  2.99769726 -1.38220993 -4.34827654]
 [-7.14447108 -8.37453676 -5.40083306 -3.34239943]
 [-9.53674184 -1.29058353 -0.2769807  -3.555241  ]
 [-8.77028423 -0.603179   -1.09751362 -7.85185343]
 [-9.2417929  -3.80806141 -4.82434573 -2.5948804 ]
 [-4.85101806 -1.65196173 -5.59539133 -4.33634755]
 [-7.52742874  0.53146358 -2.07813459 -0.51487239]
 [-9.50593584 -9.20482986 -5.38451436 -7.01909421]
 [-5.03073659 -5.84561395 -9.22348619 -1.30545459]
 [-4.56133674 -8.35740192 -9.5224158  -3.83443637]
 [-9.44857343 -9.40738534 -7.19451892 -6.09527038]
 [-5.13661568  2.20106282 -9.72231342 -2.25332047]]
