[[ 7.38428580e-02  2.19510658e+04]
 [-7.07645796e+02 -5.96589693e-02]
 [ 3.41279933e+01  2.65696934e-02]
 [-7.17049801e+00  1.88596918e-01]
 [-6.13779472e+01 -2.96466326e+00]
 [ 5.87048261e+01 -6.65521289e-01]
 [-1.34095565e+02  5.97282644e-04]
 [-2.60525903e+01  1.88527724e-03]
 [ 1.06908785e+01  4.59551390e+00]
 [-5.48794701e+00 -3.38233496e-02]
 [-9.48464236e+02 -2.57743298e-01]
 [-4.19212143e+02  7.36253635e+00]
 [-4.05618954e+00  1.53375434e-02]
 [-2.55035415e+02 -2.66076967e+01]
 [-2.41501745e+00  2.28147848e-03]
 [-3.44315049e+01  1.68235887e-02]
 [ 8.71434973e+01  2.07911857e-01]
 [ 3.84255032e+00  9.63204535e-02]
 [-3.30979735e+01 -1.22404493e-02]
 [-4.96357277e+01 -5.25505723e+00]
 [-7.69006580e+00 -1.22113398e+00]
 [-3.07972100e+00  1.01428068e-03]
 [-5.20937641e+01 -9.65492656e-03]
 [-2.74434036e+02 -2.57699433e-02]
 [-1.13480419e+02 -6.48848641e-01]
 [-2.17989409e+02 -8.98355227e-02]
 [-2.24354023e+02  2.01847729e-03]
 [ 8.74118557e+00  1.72971047e-03]
 [-1.49072613e+01  4.46442590e+01]
 [-1.83937459e+01  1.91210406e-02]
 [-1.23610264e+01 -7.68710601e+01]
 [ 1.27792776e+02  4.36939137e-03]
 [-9.99331919e+00 -2.89729801e+01]
 [ 8.23523048e+01 -8.16893632e+00]
 [ 1.23153288e+01 -8.79618841e+00]
 [ 6.63063045e+01 -9.25072108e+00]
 [ 1.67191307e+00  1.85696601e-02]
 [-2.49407948e+02 -8.63918016e-03]
 [ 5.45316948e+01  1.09779690e-03]
 [ 1.58437970e+01 -1.08418201e-02]
 [ 4.73495753e+01  3.77528714e-03]
 [-1.92056783e+01  3.10737025e-02]
 [ 3.78778839e+01 -8.53885697e+02]
 [ 2.30887533e+01 -1.19233318e+01]
 [-2.81270631e-01 -7.69002434e+03]
 [ 5.91026467e-01  2.46848247e-02]
 [-1.97012323e+02  4.59268659e-04]
 [-3.52670953e+01  6.61569432e-02]
 [-6.73991936e+02 -1.54731708e+01]
 [-8.89473336e+00 -3.22754904e-02]
 [ 1.43005885e+00  5.60325582e-01]
 [ 1.24531427e+01  1.01534963e+00]
 [-9.57278006e+00 -5.80080705e-03]
 [ 3.81591085e+01  1.42785918e-03]
 [-5.33550748e+02 -3.20879409e-01]
 [-2.53527798e+00 -9.32560567e-03]
 [-7.33508713e+02 -7.87074038e-04]
 [ 1.11733324e+01  9.47676648e-03]
 [ 3.87819751e+00  2.43260653e-02]
 [-2.86988528e+01 -4.76737539e-01]
 [-4.88144963e+01  2.11195677e-01]
 [-3.74596588e+01 -9.70845701e-02]
 [-9.78928939e+01  4.30320764e-02]
 [-9.52444694e+01  8.32445299e-04]
 [-1.55288605e+02 -2.28721186e+00]
 [ 4.79223780e+01  5.76206878e-02]
 [-1.72900854e+01 -2.30735487e+04]
 [-1.56764951e+00  4.33638194e+01]
 [-3.23624697e+02 -1.87552662e-03]
 [ 8.81540241e+01  5.05966104e-04]
 [ 1.48567181e+02  1.75257846e-03]
 [-1.41028550e+00  3.91939545e-03]
 [-8.05635886e+00  6.24951509e-03]
 [ 1.75242105e+01  5.99555980e-04]
 [ 1.98426369e+02  1.21039588e-01]
 [-2.60913926e+02  6.88845123e-03]
 [ 2.03254621e+01  7.22011010e-03]
 [-2.65574495e+02 -1.40703377e-03]
 [-2.77083094e+00 -1.08654908e-01]
 [-9.05924994e-01  1.56219864e-02]
 [-6.61103123e+01  1.64758591e-01]
 [-8.32583556e+01 -3.20124679e+01]
 [-8.85755909e+01 -3.97483532e-03]
 [ 7.40814068e+00  1.68925075e+01]
 [-2.52086734e+00  2.77732421e-02]
 [-2.92658252e+00 -2.98842339e-03]
 [ 2.03250595e+01  7.31295980e-03]
 [-7.01420523e+01 -1.60812278e-03]
 [-7.43287978e+02 -3.23683672e+01]
 [-1.82161111e+01 -1.31392909e-02]
 [-2.26624986e+01 -3.58914569e-02]
 [ 1.65045776e+01  8.47216465e-04]
 [-5.15104632e+01  2.67258547e-02]
 [ 2.62503354e-01  1.33119570e+00]
 [ 5.13254384e+00  2.66548944e+01]
 [-3.17932277e-01 -5.27828358e-03]
 [-3.62371787e+00 -6.08395405e-01]
 [-1.21195596e+01 -2.57734558e-03]
 [-4.64858034e+00 -2.44248979e-03]
 [-4.48691091e+00  3.18170292e+01]
 [ 1.35271711e+01  1.25897968e+02]
 [-3.78767055e+02 -1.79883012e-02]
 [-1.54618402e+00 -3.27889375e+01]
 [-8.71104817e+00 -2.72387857e-03]
 [ 1.01110461e+02  1.28649361e-03]
 [-3.65981583e+00 -1.45332049e-02]
 [-2.70645854e+01 -4.41851932e-03]
 [-2.51084259e+02 -2.48259864e-01]
 [ 2.36744610e+00  1.87999837e-02]
 [ 2.11907667e+01  4.14010051e-03]
 [ 1.16625800e+01  2.63662036e-04]
 [-1.22148305e+01  4.53342666e-04]
 [-7.03050597e+01  2.40791805e-04]
 [-4.82587983e+01  3.49103353e-04]
 [ 5.07964529e+00 -4.81401692e-01]
 [ 2.46255713e+00  3.83122590e-04]
 [-4.51420820e-01  8.19167749e+00]
 [ 6.08821076e+00  5.01262178e-03]
 [-2.65925980e+01  1.30457898e-01]
 [-3.00792006e+02 -1.23575791e+00]
 [-3.83464316e+00 -1.28213542e+00]
 [-5.05875485e+00  1.11735695e-03]
 [ 3.22956178e+01  4.03167795e-03]
 [-4.01834872e+01 -3.16207413e-01]
 [ 4.94701941e+01  1.60009492e-03]
 [-5.55170861e+01 -1.67666191e-02]
 [-3.80149670e+02  1.48771240e-01]
 [-1.04815473e+01  7.77704847e-03]
 [ 2.06416075e+01 -4.84761780e-03]
 [-4.35865811e+02 -2.69682411e-02]
 [-2.82620340e+00 -1.05866411e-01]
 [ 1.21363867e+02  4.93546173e-04]
 [-7.17080242e+01  8.63718286e-02]
 [-6.50763657e+01  1.59166541e-03]
 [-4.48550165e+00 -4.53361719e-02]
 [ 3.98624103e+01  2.73083989e-03]
 [-1.63274334e+02 -7.72899280e-03]
 [-6.20912709e+02 -1.54979761e-02]
 [ 2.78338642e+01 -8.42649672e+00]
 [-5.23559904e+01  3.17415628e-02]
 [-2.31810831e+01  7.56427303e-04]
 [ 1.21955392e+01  3.04848265e-02]
 [ 2.68007314e+00 -3.01428977e-02]
 [-1.85196579e+02  2.71903126e-01]
 [ 6.81053994e+00  1.31230617e-02]
 [-1.11251647e+00  1.36787592e-01]
 [-5.59499237e+02 -8.38973263e-02]
 [-8.01508075e+00 -4.03713604e-03]
 [-2.08127146e+00 -6.94709869e-03]
 [-1.32318237e+02 -6.53918022e-03]
 [-8.30046399e+01 -1.34456624e-01]
 [ 2.48381792e+01  2.32652442e-03]
 [ 9.40793039e+00  2.26150096e-03]
 [-5.80860477e+01  2.26118296e-02]
 [-1.22724865e+02 -1.26415625e-01]
 [ 2.21039442e+01  8.03516462e-04]
 [ 2.57583735e+00  1.02495619e-01]
 [ 3.68983718e+01  3.12839463e-02]
 [-1.85612733e+00 -1.61414581e-02]
 [-6.45591661e+01  2.28058866e+00]
 [ 2.41173220e+00  6.00054294e+00]
 [ 2.71535745e+01  7.73356977e-04]
 [ 2.26251061e+01 -5.98570878e-02]
 [-8.75752695e+00  5.32830367e-02]
 [-2.74787201e+00  5.87125139e-01]
 [-5.12186768e+01  7.47895102e-04]
 [ 1.55484528e+01  2.59244400e-03]
 [-3.47039226e+02 -3.90144410e-02]
 [ 3.86551203e+01  5.34317467e-04]
 [-1.76474565e+01 -1.03681230e-02]
 [ 6.58358378e+01  5.01440406e-04]
 [-1.04323770e+01  1.62698289e-01]
 [-3.59154741e+02 -7.31539015e+03]
 [-9.67263936e+01  8.87731751e-03]
 [-4.62492297e+01  1.14455535e-03]
 [-2.00066107e+00 -1.86807547e-02]
 [-6.24245604e+01  8.87205104e-04]
 [-6.68231018e+02  1.19255526e-01]
 [ 1.58926858e+01  7.07479468e-03]
 [-8.23445740e+00 -8.08851498e-02]
 [-1.56566215e+01 -1.76007555e-01]
 [-1.99371738e+02  5.84595781e+00]
 [ 9.76876292e+01 -5.58044673e-01]
 [ 1.01673842e+01 -2.75902463e-01]
 [-4.71137890e+02 -9.24362717e-02]
 [-5.29581439e+02 -2.07687145e+03]
 [ 2.30999955e+00  1.03962108e+00]
 [-7.78421558e+01 -6.09313524e-03]
 [-1.78749715e+01 -1.44901795e-03]
 [-2.55660620e+02 -6.51670204e-03]
 [-1.81111714e+01 -1.33055159e+00]
 [-7.92506821e+01  6.68429514e+00]
 [-2.01163289e+00 -5.60928894e-02]
 [-4.37545015e+02  6.43356580e-03]
 [-3.22737151e+02 -2.23145063e-02]
 [-1.39439813e+01 -2.40290905e+02]
 [ 1.44688631e+00  6.89718063e-03]
 [-9.41360516e+00  3.32414876e-04]
 [-1.62435547e+01  8.92632160e-02]
 [-7.66588569e+01 -1.41861492e-01]
 [ 8.85173236e+01  1.02878760e-03]
 [-7.17006456e+01 -8.44562858e-04]
 [ 2.11096209e+01  7.88748018e-04]
 [ 2.92690926e+02 -1.72468812e-03]
 [-9.71114037e+00 -4.07531249e-03]
 [-4.99360775e+01 -3.39872310e+01]
 [-2.94887743e+02 -3.93244477e-02]
 [-5.15238742e+00 -9.65940177e-03]
 [ 2.05763830e-01 -1.04102523e+00]
 [ 2.65625695e+01  1.04800089e-03]
 [-4.54486373e+02  8.93642144e-04]
 [-2.90970454e+01  5.06502581e-02]
 [-7.01484955e+02  8.50037407e+00]
 [-1.95992605e+00  4.58021849e-01]
 [-1.55169489e+00  6.23086412e+00]
 [-3.65698183e+02 -6.42980572e+00]
 [-6.43386511e+02 -5.58312079e-02]
 [ 6.92861564e+00  1.51668025e-02]
 [-4.38969513e+02 -3.63587915e-01]
 [ 6.72948191e+01  1.56486314e-03]
 [-3.83416057e+01 -1.27235209e+00]
 [-7.36672918e+01  2.90461858e-01]
 [ 2.24198151e+01  3.61119036e-04]
 [-4.58037519e+00 -1.98172599e+00]
 [ 2.36373539e+00  2.93041584e-03]
 [-6.04534768e+01  7.33817714e-03]
 [-5.50915702e+02  3.92667869e-04]
 [ 4.30302381e+01  4.56523783e-04]
 [-2.24787021e+01 -1.02519479e-01]
 [-1.57069045e+01 -3.49402841e-02]
 [-5.58867218e+01  4.56796647e-04]
 [-3.96413726e+02 -7.15646003e-02]
 [-6.29669083e+02  1.00568863e-01]
 [-1.67386800e+00 -4.37572801e-02]
 [ 1.23685486e+01  1.63653436e-01]
 [ 2.75910366e+00 -6.88878633e-02]]
