[[ 1.38293837e-01 -1.08633394e+00 -2.53352933e-02 -6.14951224e+00]
 [-8.35440990e+00 -9.15680634e+00  2.30433994e+00 -3.00717501e+00]
 [-3.04051329e+00  2.27360893e+00 -2.43515344e+00 -5.72148231e+00]
 [ 9.03028642e-01 -8.99925214e+00 -1.72926288e+00 -2.25090126e+00]
 [-3.63167013e+00 -4.15592372e+00  6.51604221e-01 -2.67637557e+00]
 [-5.13594662e+00  2.19362993e+00  7.01801253e-01 -9.54266600e+00]
 [-6.51833632e+00 -3.51934507e+00 -7.72001039e+00 -7.98804577e+00]
 [ 2.68071473e+00 -5.23214764e+00 -5.63214697e+00 -6.51743839e+00]
 [ 2.10221332e+00  2.01941838e+00 -6.65201469e-01 -1.62285759e+00]
 [-1.04569196e+00 -9.53407416e-02  2.84267449e+00 -2.82537491e+00]
 [-9.87868354e+00 -8.79011758e+00  1.60453570e+00 -2.06176212e+00]
 [-9.33889775e+00 -4.35281443e+00 -9.02884997e-01 -4.05087958e-01]
 [-1.06412898e+00 -5.68927970e+00 -4.32395588e+00 -1.77041275e+00]
 [-4.95398904e+00 -9.39530006e+00  2.42067778e-01 -5.81642136e+00]
 [ 2.59931174e+00 -2.41669175e+00 -5.85844130e+00 -4.78532533e+00]
 [ 2.38734069e+00 -5.64479225e+00 -6.87677742e+00 -4.01236606e-01]
 [-5.46805795e+00  2.56259412e+00  1.83451642e+00  1.71013354e+00]
 [-9.83835322e-01  2.30168814e+00 -3.59710669e+00 -4.89661117e-01]
 [-2.37907218e+00 -4.97280154e+00 -6.23295362e+00  7.40619339e-01]
 [ 2.41918960e+00 -7.64479556e+00 -7.80058767e-01  8.80064853e-01]
 [ 1.13595000e+00 -5.21157165e+00  1.70657695e+00 -3.61687209e-01]
 [-3.61065165e+00 -1.83551622e+00 -7.36428994e+00 -5.41905181e+00]
 [-7.73365764e+00 -7.42202258e-01 -6.88997678e+00  6.95139303e-01]
 [-5.70486775e+00 -7.61263576e+00 -5.97096465e+00  4.00153971e-01]
 [-3.45860895e+00 -8.49241390e+00  8.44394392e-01 -5.61946116e+00]
 [-5.61054284e+00 -6.23422656e+00 -2.75971817e+00  1.16260396e+00]
 [-5.02852074e+00 -8.42345514e+00 -5.16332084e+00 -7.90065125e+00]
 [ 5.63024053e-01 -6.62528361e+00 -6.38025274e+00 -4.88637769e+00]
 [ 2.75588338e+00 -1.87664794e+00 -1.84983980e-01 -7.76794453e+00]
 [-1.52045179e+00 -8.65266053e+00 -2.82388120e+00 -5.09827556e+00]
 [ 1.59499160e+00 -4.30594664e+00  2.26468343e-01 -2.45860477e+00]
 [-5.71608751e+00  2.85650521e+00 -4.06246648e+00 -7.49348389e+00]
 [-2.62319886e+00 -1.22585753e+00  2.62701647e-01 -4.17919410e+00]
 [-5.86413054e+00  2.18278684e+00  6.06301192e-01 -1.20571126e+00]
 [ 2.20328585e+00  2.72794493e+00  2.94607208e-01 -9.75999209e+00]
 [-7.31081775e+00  1.14351386e+00  3.77681763e-01 -4.40474188e+00]
 [-8.60179489e-01 -2.82902416e+00 -3.99320433e+00 -1.85654525e+00]
 [-7.98836463e+00 -3.46798017e+00 -5.11063174e+00  1.90360922e+00]
 [ 2.28170456e+00  2.68698572e+00 -6.40938758e+00 -7.59455775e+00]
 [-3.71082276e+00  1.61479538e+00 -4.17636504e+00  2.77956313e+00]
 [-3.16683068e+00  2.53683045e+00 -4.90293298e+00 -4.93351252e+00]
 [ 1.79837422e+00 -6.46614493e+00 -2.56346138e+00 -4.19373277e+00]
 [-5.92761991e+00  9.85622856e-01  6.98490918e-02 -7.54383299e+00]
 [-3.80048891e+00  1.48993157e+00 -4.47618809e-01  2.05282289e+00]
 [-2.28108614e-01 -2.21128812e+00  3.24068023e-02 -8.38760248e+00]
 [-7.13914805e+00 -4.93429838e-02 -4.20892037e+00 -1.19270192e+00]
 [-6.52694468e+00 -4.89480219e+00 -7.92403277e+00 -9.60657319e+00]
 [-2.57025114e+00 -5.16785002e+00  2.40015895e+00  2.39981992e+00]
 [-9.09704590e+00 -7.36970728e+00  4.33213569e-01 -1.74497263e+00]
 [-2.87262536e-01 -1.64689403e+00  2.14998963e+00 -6.84371870e+00]
 [-3.52566628e-03 -6.98197289e+00 -9.61724118e-01 -4.40435301e+00]
 [ 2.64675785e+00  1.42830617e+00  1.07075559e+00  1.76111384e+00]
 [-7.67610942e-01  2.93693536e+00 -5.18169474e+00  2.72000812e+00]
 [-2.42677310e+00  7.45687810e-01 -5.72231721e+00 -8.20489319e+00]
 [-8.75643436e+00 -6.28183310e+00  1.32103664e+00 -2.96747899e+00]
 [ 1.89309109e-01 -1.00833585e-01 -7.88569503e+00  4.80039655e-01]
 [-9.11942182e+00 -7.89324272e+00 -9.91148056e+00  2.86446095e+00]
 [-3.70023324e-01  2.13562761e+00 -4.07095671e+00 -3.43340046e+00]
 [-3.43027004e-01 -3.14806557e+00 -3.31493391e+00 -2.47729431e+00]
 [-3.85207745e+00 -1.58402682e+00  1.00317638e+00 -4.56102919e+00]
 [-2.27745944e+00 -8.54448258e+00 -4.34024122e+00 -1.27129830e-01]
 [ 2.70345931e+00 -4.17183525e+00  1.68260170e+00 -4.74657023e+00]
 [-7.11153396e+00 -1.75816438e+00 -9.47178448e+00 -6.00324916e-02]
 [-4.29226280e+00 -5.73936613e+00 -6.97092621e+00 -7.78479054e+00]
 [-6.25368933e+00 -3.57301367e+00  7.22937864e-01 -2.54018171e+00]
 [-5.41369965e+00  1.20183363e+00 -1.75847572e+00 -7.00626450e+00]
 [-8.64794302e+00 -2.08686115e-01  3.59342962e-02 -2.05037015e+00]
 [-6.33783302e-01 -4.59103884e+00 -2.20904773e-01 -4.69603442e+00]
 [-5.77411730e+00 -8.65454748e+00 -7.86608534e+00  2.40477750e+00]
 [-7.94150114e+00  6.02873128e-01 -8.12684716e+00 -8.08325715e+00]
 [-6.16567374e+00  2.76574834e+00 -5.58270755e+00 -7.19883122e+00]
 [ 7.49844815e-01 -6.79596412e+00 -8.31006900e+00 -9.75980455e-01]
 [-1.29464436e+00 -6.39345093e+00 -5.83009269e+00 -1.77256184e+00]
 [-1.80191029e+00 -1.36188756e+00 -9.96709581e+00 -3.69775775e+00]
 [-9.24688303e+00  2.00316522e+00 -1.23121574e+00 -9.71726794e+00]
 [-5.96060638e+00 -6.92255142e+00 -3.17123574e+00 -9.99233357e+00]
 [ 2.25019010e+00 -5.65586911e-03 -3.17103585e+00 -9.53513438e+00]
 [-5.29405402e+00 -8.36743451e+00 -8.06219207e+00  2.97721468e+00]
 [ 5.13794948e-02 -8.97103418e+00  1.33451791e+00 -8.50063802e+00]
 [-2.26960640e+00 -1.65484806e+00 -3.13144948e+00 -4.57616430e+00]
 [-4.86186007e+00 -2.75500126e+00 -1.11188430e+00 -9.69275503e+00]
 [-3.99519516e+00 -4.68887608e+00  2.30180404e-01 -5.62276452e+00]
 [-2.99770565e+00 -8.65640139e+00 -7.33089132e+00  1.40179533e+00]
 [ 2.11925045e+00  1.39486467e+00  4.44322744e-01  1.48144093e+00]
 [ 1.15141564e+00 -5.14808707e+00 -2.58973530e+00 -4.55073328e+00]
 [-2.62528784e-01 -8.86044724e+00 -8.98081051e+00  1.01411071e+00]
 [-4.69819065e+00 -1.87680449e-02 -3.11694991e+00 -9.91268804e+00]
 [-9.77033170e+00 -5.27156172e-01 -7.79795683e+00  2.87880606e+00]
 [-8.84304636e+00 -8.60197659e+00 -3.10485222e-01  2.26584657e+00]
 [ 1.74278609e+00 -3.82737923e+00 -3.90066080e+00  2.81505970e+00]
 [ 1.59794732e+00 -7.32170004e+00 -3.12722055e+00  1.99989627e+00]
 [-1.25394113e+00 -4.92890464e+00 -6.71651011e+00 -8.55162581e+00]
 [-2.35144421e+00 -8.79933987e+00 -3.03017618e+00 -2.95215293e+00]
 [ 2.58237931e-01 -2.26779419e+00  1.47199455e+00  5.17027426e-01]
 [-7.43882400e+00  7.69746672e-02 -3.61392044e-01 -1.74486313e+00]
 [-4.17691153e+00  2.56902660e-01 -7.35772302e+00  1.04412158e+00]
 [-9.00708089e-01 -1.08007169e+00  9.18966516e-01 -4.64931644e+00]
 [-1.80205486e+00  1.69719304e-02 -6.86695049e+00  2.63032668e+00]
 [ 2.55647463e-01 -8.92936579e+00 -7.39994474e+00  2.21797122e+00]
 [-1.01216330e+00 -4.30014430e+00 -2.91172052e-01 -2.79489443e+00]
 [ 2.01736150e+00  2.98965523e+00  4.07069118e-01  2.58494260e-01]
 [-7.84985837e+00 -5.54866514e+00 -6.85683908e+00  3.78540256e-01]
 [-2.27454987e+00 -2.43950244e-01 -5.40019648e-01  4.25126392e-01]
 [ 1.55940235e+00  1.05595135e+00 -7.10995576e+00  2.24225838e+00]
 [-4.55291451e+00  2.85928585e+00 -6.23214990e+00 -7.04941030e+00]
 [-3.78161951e-01 -4.25826072e+00 -4.86819436e+00  1.30920896e+00]
 [ 2.99216945e+00 -2.39757955e+00 -9.09684723e+00  6.59970665e-01]
 [-7.64562839e+00 -3.88338309e+00 -3.73269518e+00  1.70019996e-01]
 [-4.79843424e-01 -8.02733706e+00 -2.75852236e+00 -5.56271869e+00]
 [ 2.02681736e+00  1.39989506e+00 -5.14544144e+00 -3.89220127e+00]
 [-1.08992107e+00 -8.65622615e+00 -9.64230278e+00 -9.28718718e+00]
 [ 1.63405380e+00 -8.99781828e+00 -9.01893510e+00 -6.60057416e+00]
 [-8.58662254e+00 -1.57479209e+00 -9.69645066e+00 -9.99986222e+00]
 [-2.92277861e+00 -7.70108179e+00 -8.83408340e+00 -9.12085577e+00]
 [ 2.78305282e+00  1.12606947e+00  8.53489043e-01 -7.33453578e+00]
 [-4.04960565e+00 -1.73416491e+00 -9.99000728e+00 -5.74696986e+00]
 [-1.13073064e+00 -4.82622315e-01 -8.69992974e-01 -4.06962143e-01]
 [ 1.24686890e+00 -5.10904930e+00 -3.55013694e+00 -9.78754656e+00]
 [ 1.76581526e+00 -7.80767767e+00 -4.07602963e+00 -2.48480161e-01]
 [-7.30303684e+00 -5.09022316e+00  9.29565900e-01 -2.21156721e+00]
 [-5.72699170e-01 -5.57046368e+00  6.18293339e-01 -7.24363388e+00]
 [ 2.68529003e+00 -3.64868905e+00 -6.38404598e+00 -7.55082037e+00]
 [-2.71398952e+00  1.33768330e+00 -4.33186008e+00 -6.69830625e+00]
 [-2.84448693e+00 -4.44730543e+00 -2.71755303e+00  3.45913860e-01]
 [ 2.46433746e+00  1.86890608e+00 -5.32542321e+00 -9.08376664e+00]
 [-2.75871047e+00 -5.75513774e+00  2.69857241e+00 -6.66233351e+00]
 [-7.47949942e+00 -6.17156476e+00  2.10237845e+00  1.58789734e+00]
 [-1.98000507e+00 -3.79710505e+00 -4.82015115e+00 -2.52044554e+00]
 [-9.77418446e+00  2.98579270e-01 -5.35333561e+00  2.95170065e+00]
 [-8.18776483e+00 -5.79247729e+00  2.16149018e+00 -8.06049421e+00]
 [ 1.01104714e-01  2.00903657e+00 -2.36766553e+00  1.56226553e+00]
 [-5.44820276e+00  2.44538933e+00 -9.24453664e+00 -5.62977270e+00]
 [ 2.93293006e+00 -7.84574551e+00 -1.62534237e+00 -5.91925994e+00]
 [-3.28046782e+00 -6.36637235e+00 -6.90966824e+00 -4.18071658e+00]
 [-4.36280403e+00  1.32532725e-02 -2.61762674e+00  2.69964147e+00]
 [-6.96703007e+00  2.36334116e-01 -4.49990781e+00 -8.82199904e+00]
 [-3.82705154e+00 -9.95036987e+00 -4.92866388e+00  2.37226710e+00]
 [-8.14467475e+00 -8.44801563e+00 -4.55011514e+00  1.50359872e+00]
 [-7.82415796e+00  4.15436431e-01  8.31884842e-01 -4.52519610e-01]
 [-3.16889271e+00 -5.33439758e+00 -2.05605097e+00 -7.95690470e+00]
 [-2.66789673e+00 -4.64293910e+00 -9.90120336e+00 -2.98980564e+00]
 [ 7.18004787e-01  2.81698175e-01 -2.02757898e+00 -8.63887178e+00]
 [-7.26566897e+00  1.11445899e-01 -3.59801360e+00  1.56351011e+00]
 [-4.78792423e+00 -7.35544493e+00  1.54784840e+00  2.17708117e+00]
 [ 6.38897552e-01  9.66718187e-01 -4.34683758e+00 -2.03666070e+00]
 [ 1.49747159e+00 -7.66153753e-01 -3.60681413e+00 -3.42023622e-01]
 [-9.27289357e+00 -5.87481257e+00 -2.65630179e+00  1.39602671e+00]
 [-9.44931174e-01 -1.06755935e+00 -6.97091331e+00  1.60520928e+00]
 [-1.29131963e-01 -8.64129323e+00 -6.51022821e+00  1.14520171e+00]
 [-3.79805620e+00 -8.20604552e+00 -7.77193613e+00  7.15093975e-01]
 [-5.45986782e+00 -2.47577440e+00 -2.47854662e+00  1.07226125e+00]
 [ 1.38565451e-01  1.41797302e+00 -5.31150729e+00 -6.29670190e+00]
 [ 1.28094744e+00  3.02857037e-02 -8.36976668e+00 -1.65553079e+00]
 [ 2.95866139e+00 -6.11994756e+00 -5.79615451e+00 -4.98561256e-01]
 [-7.66276026e+00 -1.86356605e+00 -2.34593504e+00  1.34500962e+00]
 [-1.45855772e+00 -2.47443685e+00 -7.36608300e+00 -6.83548747e+00]
 [ 1.27521359e+00 -2.08895577e+00 -1.39259700e+00 -7.93035137e+00]
 [-3.00271384e+00  2.25149958e+00 -1.94700875e+00 -9.50711725e+00]
 [-5.09655508e-01  1.82225895e+00 -6.59657678e+00  4.73778626e-01]
 [-3.81991570e+00 -4.10456547e+00 -5.34327215e-01 -6.30964968e+00]
 [ 4.20417925e-01  2.24833490e+00 -3.80741853e-01 -6.62814026e+00]
 [-2.58920778e+00 -6.02996296e-01 -7.60662667e+00 -6.44937725e+00]
 [-4.59582006e+00  1.21951311e+00  2.14615762e+00 -3.70999791e+00]
 [-1.37994775e+00 -5.23576224e+00 -2.77448063e+00 -1.92903468e+00]
 [-9.45010349e-01 -3.03744112e+00 -2.81565844e+00 -1.67495641e-01]
 [ 2.97930899e+00 -7.01427443e+00 -7.49482675e+00 -6.97185924e+00]
 [-1.93359450e-01 -1.09253113e+00 -5.80694481e+00 -4.32435776e+00]
 [-6.58120505e+00 -7.13952402e+00  1.84918966e+00 -8.89824447e+00]
 [ 1.93092186e+00  4.15360584e-01 -8.78201229e+00 -6.06586305e+00]
 [-1.49820420e+00 -6.58120331e+00 -7.54241507e+00  4.93449449e-01]
 [ 2.56373755e+00  2.01398450e+00 -8.11535445e+00 -8.19091253e+00]
 [-2.55987801e+00 -1.71679841e+00  1.99877802e+00  1.68965256e+00]
 [-5.70680934e+00 -9.98266532e+00  9.33560198e-01 -3.68815885e-04]
 [-6.11319848e+00 -2.64678026e+00 -3.28134946e+00 -6.99898218e+00]
 [ 2.56935437e+00 -7.99718983e+00 -6.77340479e+00 -6.17186196e+00]
 [-1.17911008e-01 -8.04291922e+00 -4.23571670e+00  1.54631853e+00]
 [-5.14112905e+00 -3.00690303e+00 -7.18146259e+00 -6.68053670e+00]
 [-8.43953578e+00 -8.50920610e+00  1.92974281e+00  2.56151727e+00]
 [-1.05779864e+00  4.52094024e-01 -3.75091798e+00 -5.87959686e+00]
 [ 1.84322066e+00 -7.65854990e-01  1.79549486e+00 -4.68870384e+00]
 [ 1.34018783e+00 -7.62203371e+00 -2.67911454e+00  6.48588044e-01]
 [-4.71733559e+00 -8.14453754e+00 -3.53059375e-01 -8.53247790e+00]
 [-7.81692822e+00  1.52011536e+00  7.72331080e-01 -8.53875576e+00]
 [ 2.23666978e+00  2.27683895e+00  1.60600790e+00 -1.92077053e+00]
 [-7.10613535e+00 -8.41858859e+00  2.05549723e+00 -2.73451925e+00]
 [-7.25518502e+00 -9.10656935e+00  7.90144403e-02 -2.14261960e+00]
 [-8.62948563e-01  1.49525496e+00  1.20731570e+00  1.19987630e+00]
 [-7.60681695e+00 -1.16147714e+00 -7.86480935e+00  7.40574370e-01]
 [-1.33643413e+00 -2.86997053e+00 -8.15017897e+00  2.79832977e+00]
 [-5.53273873e+00 -7.49228321e+00 -6.77476236e+00  1.08333814e+00]
 [-2.07175877e+00 -3.62347751e+00 -9.41062123e-01  1.97964581e+00]
 [ 2.84377964e+00 -8.87893082e+00  1.05547875e+00  2.79299393e-01]
 [-7.05739569e-01 -1.72831915e-02 -3.62619529e+00  8.20753443e-01]
 [-6.79952476e+00 -8.70763573e+00 -3.47500389e+00 -8.13123406e+00]
 [-5.67386712e+00 -9.06793984e+00 -9.70360151e+00  1.07668324e-01]
 [-1.79237024e+00 -3.82299470e+00  1.09033845e-01 -7.04778719e+00]
 [ 7.44015626e-01 -3.44808913e+00 -6.74118059e+00 -1.03894991e+00]
 [-3.06181722e+00 -4.63214214e+00 -8.78566498e+00 -9.73799905e+00]
 [ 1.41900139e+00 -8.58827056e+00 -1.49618488e+00 -7.34253090e+00]
 [-2.66992759e+00 -9.62706115e+00  1.96128049e+00 -2.05111706e+00]
 [-6.71729641e+00  9.53021725e-01 -6.11786114e+00 -9.31857543e+00]
 [-4.38740600e+00 -2.66406176e+00 -9.70522360e+00  2.84331829e+00]
 [-2.61939157e-01 -2.39466457e+00 -8.54309228e+00 -4.46365397e+00]
 [-9.74049306e+00  2.91144681e+00 -9.11544176e+00  1.68046844e+00]
 [ 9.14973300e-01 -3.93307957e+00 -6.55385018e+00  1.91347878e+00]
 [-2.52838114e+00 -7.02071720e+00  2.47121466e-01 -4.27983374e+00]
 [-6.58625459e+00 -6.12761182e+00 -4.11786699e+00  7.99455910e-01]
 [ 4.87638074e-01 -7.07418100e+00 -4.79455938e+00  2.06194824e+00]
 [ 7.13355418e-01  2.65785844e+00 -1.14528058e+00  1.40370922e+00]
 [ 2.71158932e+00 -8.16696371e-01 -6.32617635e+00 -8.27348641e+00]
 [-6.94173153e+00 -8.80386283e+00 -6.58240241e+00 -8.61305390e+00]
 [-4.25215460e+00 -1.87845689e+00 -1.73220773e+00 -8.33858794e+00]
 [-8.37967245e+00 -9.04337589e+00  1.61635205e+00  6.11544666e-02]
 [-2.83714134e+00 -5.38759157e-01 -1.04712028e+00 -4.17443965e+00]
 [ 1.04362338e+00 -1.47595772e+00 -9.73115885e-01 -3.82324499e-01]
 [-9.47361976e+00 -3.68563464e+00 -7.80569717e-01  7.17862303e-01]
 [-7.66589690e+00 -9.89992689e+00 -3.35364512e+00  1.04242725e+00]
 [-1.05386996e+00 -1.97019246e+00 -2.99382262e+00 -5.39388729e+00]
 [-8.05723134e+00 -6.08473682e+00  9.41702405e-01 -7.22975561e+00]
 [-3.07724477e+00  2.93454483e+00 -5.58834118e+00 -8.03801834e+00]
 [-2.24561203e+00 -6.58371276e+00  6.08039012e-01 -7.67489516e+00]
 [-7.68251298e+00 -1.15324548e+00  1.74980592e+00  1.41063721e+00]
 [ 5.80074079e-01 -5.79290612e+00 -9.88311422e+00 -6.29712434e+00]
 [-1.59517878e+00 -1.31671947e+00 -8.76896432e-01  1.64280335e+00]
 [-2.02077415e+00 -1.61414547e+00 -6.80290702e+00 -2.37936591e+00]
 [ 2.41048908e+00 -9.91944546e+00 -4.27185384e+00 -3.83739715e+00]
 [-7.66134778e+00 -8.79590358e+00 -8.48720520e+00 -9.14438750e+00]
 [ 4.52520832e-01  2.34803137e+00 -9.43335163e+00 -5.72812672e+00]
 [-7.08904685e+00 -3.52244976e-01 -2.19306879e+00  2.03006967e+00]
 [ 1.39200558e+00 -3.64041742e+00  1.98909619e+00 -7.98326056e+00]
 [-3.83481929e+00 -5.29778519e+00 -8.16493218e+00 -8.82863254e+00]
 [-6.20659537e+00 -9.28691263e+00  2.40249629e+00 -2.21201295e+00]
 [-8.97341476e+00 -7.08082357e+00 -6.08848036e+00 -9.67127712e-02]
 [-1.30158673e+00  2.24793186e+00  2.58229620e+00 -2.91343685e+00]
 [-5.13929523e+00  2.15254598e-01 -1.22754511e+00 -7.25164581e+00]
 [-1.45110518e+00  1.35849078e+00 -7.66266418e+00  7.08258835e-02]]
