[[ 2.83798218e+00  6.74541636e-02]
 [ 3.94648130e+01  6.14089289e-02]
 [ 2.41361329e+00 -1.55870409e+00]
 [ 1.53189467e+01  7.89780039e-02]
 [ 2.37145002e+01  6.99985550e-01]
 [ 1.17266277e+01  4.82269342e+00]
 [ 2.22211994e+01  6.63058752e-02]
 [ 1.68863083e+00  1.34076029e+00]
 [ 2.55580429e+01  1.58548546e+00]
 [ 3.13602111e+01  7.22289426e+00]
 [ 3.55044785e+01  1.09070314e-01]
 [ 1.43217979e+00  1.99865449e+00]
 [ 2.62134886e+00 -2.80141990e+01]
 [ 6.51556535e+01  5.93838047e+00]
 [-5.15707730e-01 -2.66246417e-01]
 [ 2.21711948e-01 -1.74913128e+01]
 [ 5.68663827e+00  2.37269541e-01]
 [-3.79291621e-02 -1.03924370e-01]
 [-6.56498839e-01  7.86875861e+00]
 [ 1.67165512e+01 -1.03970030e+04]
 [ 1.08867897e+01  6.41842822e+00]
 [ 1.10088275e+00  2.03672002e+01]
 [-1.27709864e-01 -3.67528418e+00]
 [-1.02192378e-02 -1.25821601e+02]
 [ 4.20381017e+01  6.70294400e-02]
 [ 4.79945800e+01  1.67987079e-02]
 [ 3.74496079e+00  1.40373037e-01]
 [ 2.66435452e-01 -1.36843254e+01]
 [ 6.98553737e-01  2.47791609e-01]
 [ 1.15617614e+00  3.06689322e+00]
 [ 3.59536284e+01  4.11035986e-02]
 [-1.33852177e+00 -4.26527111e+00]
 [-1.66103050e-01 -2.79301519e+01]
 [ 9.22874091e+00  2.82114834e-02]
 [ 5.34692221e+01  1.53198828e+01]
 [-1.09719482e+00  1.39148585e-01]
 [ 9.71928439e-01  5.22215091e+00]
 [ 2.49473708e+01 -1.27655033e+00]
 [-1.92063942e+00 -9.97768148e-01]
 [-2.09403919e+00 -4.05095588e+01]
 [-1.58501321e+00 -7.14665734e-02]
 [ 4.41912712e+01  1.67163894e+00]
 [ 7.94571849e+00  2.40923753e-01]
 [ 1.17143465e+01  3.14251528e-01]
 [-3.43929321e-01 -1.67894465e+00]
 [ 4.29971100e+00  3.95326631e-02]
 [ 7.76704052e+00 -1.83204038e+00]
 [ 9.45949626e+00  2.14692963e+00]
 [ 1.16806638e+01  1.10860540e-01]
 [ 4.34970047e+01 -3.45925771e+02]
 [ 2.63172455e+00 -5.02364756e+00]
 [ 1.56561733e+00  1.43920343e+02]
 [-3.92323131e+00 -5.56107508e+01]
 [ 1.55277176e+01 -5.99050312e-01]
 [-6.83242683e+00 -1.10856764e+00]
 [ 1.51349616e+00  2.62128352e-01]
 [ 4.14001688e+00  5.83484067e-01]
 [ 3.84388767e+00  5.13218165e+00]
 [-1.03905587e+00 -2.61796614e+01]
 [ 7.64125390e-01  5.69598438e+01]
 [-8.21419671e-01  2.64439174e+03]
 [ 1.13439238e+01  4.55747801e+00]
 [ 1.22846643e+01  6.28602073e+01]
 [ 3.50534484e+00  1.84560494e+01]
 [ 2.62987776e+01  1.56923635e-01]
 [ 9.59235986e-01  5.55362967e+01]
 [-1.43820456e+00 -6.83892960e-02]
 [ 5.30194754e+01  1.95789920e+00]
 [ 8.66817623e-01  1.82786782e+00]
 [ 1.36208352e+00  1.36248003e+02]
 [ 6.05777917e-02 -1.78351894e+02]
 [ 5.19080616e+01  1.17014883e+02]
 [ 1.48146085e+00  1.10004823e+00]
 [ 9.50176851e+00  6.65662403e-02]
 [ 1.13948986e+00 -8.25060561e-01]
 [ 7.11856524e+00 -2.79010494e-01]
 [ 4.90282771e+01 -3.49388924e+02]
 [ 4.28447626e+01  3.99232102e+04]
 [ 1.41357301e+00 -1.15560505e+00]
 [-6.20032769e-01 -2.69209964e+01]
 [ 5.95360309e+00  6.92122180e-02]
 [ 6.71590386e+00  3.79815987e+00]
 [ 2.50924844e+01  1.05705721e-01]
 [ 2.23266239e+00  9.99136428e-01]
 [ 1.55402573e+01  1.72783758e-01]
 [ 8.53708290e+00  1.77046237e-02]
 [ 7.32505119e+00  1.60619708e-01]
 [ 3.63838024e+01  1.75407320e-01]
 [ 3.37634540e+01  1.05796917e+07]
 [ 6.37412414e-01 -2.36847797e+02]
 [ 5.55611638e+01  3.66046987e-02]
 [ 3.97628526e+00  2.67830035e+01]
 [ 3.72752651e+00 -1.29921352e+01]
 [ 6.64846163e+00  7.32709958e-01]
 [-3.05594876e+00  1.46565966e+01]
 [ 1.01311926e+01  1.38795258e-02]
 [ 1.88493218e+00  1.74849144e-01]
 [-6.97790167e-01 -3.44360849e+00]
 [ 6.23800486e+00  4.75343576e-02]
 [ 1.28966920e+01  2.85498219e-01]
 [ 1.70413321e+00 -1.07459296e+01]
 [-6.59575517e-01 -3.87422837e-01]
 [ 8.36870348e+00  7.82718571e-01]
 [ 4.98656152e+00  3.85185712e-02]
 [ 2.06817436e-01  8.31691382e+01]
 [ 7.07471837e+00  8.72644705e+00]
 [ 9.02074446e+00  9.35986154e-02]
 [ 2.83711145e+00 -5.32658918e+00]
 [ 2.24909115e+00 -5.97325710e+00]
 [ 2.56945789e+01 -1.04527570e+01]
 [ 9.61033123e+00  3.52356337e+01]
 [-1.09543390e+00 -3.16918720e-01]
 [ 1.33049627e+01 -1.38580827e+01]
 [ 2.00927214e+01  1.60210505e-01]
 [ 6.74023076e+00  1.09453102e+00]
 [ 6.36846949e+00  2.58778458e-02]
 [ 5.24943535e+00  8.78996990e-02]
 [-2.63951395e-01 -1.13027170e+01]
 [ 1.05322097e+00  9.36519724e+03]
 [-3.50710786e+00 -8.61163748e+00]
 [ 6.76916752e-01 -1.00579647e+01]
 [ 6.25077938e+00  3.43600946e+00]
 [ 5.15698273e+00  5.53801709e-02]
 [ 3.83761171e+00  4.78295613e-02]
 [ 1.07841605e+01  1.69795372e-02]
 [ 1.40876861e+00  1.36247774e+00]
 [-1.52148172e-01 -4.64337625e-01]
 [ 4.61099122e+00  1.33664224e-01]
 [-4.71658690e-01 -2.34267914e+08]
 [-1.75625565e-02 -2.94027477e+00]
 [ 3.85336564e+01 -6.38587040e+00]
 [ 4.05814346e+00  1.51214969e+02]
 [ 2.31021789e+01  7.17813538e+01]
 [ 7.77671029e+00 -4.80475056e+01]
 [ 3.64075128e+01  3.26386146e-02]
 [ 2.09791571e+00 -4.31497550e+00]
 [ 1.48526937e+00  3.71188193e+01]
 [ 3.34865518e+00  1.39359402e+00]
 [ 2.56243883e-01  8.33785682e+00]
 [-3.60844163e-01 -4.10361157e+00]
 [-1.18677469e+00 -1.09482344e-01]
 [ 2.96579588e+00  1.37690139e+01]
 [ 1.29850140e+01  2.46617323e-02]
 [ 4.33582043e+01  4.22737374e-02]
 [ 4.64025778e+00  3.30928016e-02]
 [ 5.49252429e-01  3.27387536e-01]
 [ 1.91759537e+01  1.96199134e+00]
 [-5.28632223e-01 -1.57994654e+01]
 [ 3.78868100e+00  5.86554620e-02]
 [ 7.59338872e+00  1.73588350e-02]
 [ 3.35439078e+01  8.70037289e-01]
 [ 1.91925248e+00  2.80902185e-01]
 [-4.36320236e-01 -5.28587797e+01]
 [ 8.55735979e-01  8.25226426e-01]
 [-3.50675783e-02  2.35128422e+04]
 [ 1.78981013e+00  2.68463085e-01]
 [ 1.31060248e+01  2.85469929e-01]
 [ 9.70725686e+00  2.23344342e-02]
 [ 1.32184213e+01  1.24100123e-02]
 [ 5.36329052e-01  9.53206032e+00]
 [ 5.46843778e+00  2.98182205e-02]
 [-5.63665161e-01  1.76782222e+00]
 [-1.02105924e-01  3.52620893e+01]
 [ 2.15061038e+00  1.27825300e+00]
 [ 8.32258564e+00 -1.39311863e+02]
 [ 6.18442199e+00  2.27047371e-02]
 [ 5.67571660e+01 -8.88310561e+00]
 [ 1.45293806e+01  8.05971447e-02]
 [ 4.46270522e+00  1.68569012e+00]
 [ 2.00220397e+01  1.08100572e+03]
 [-6.82603121e+00 -6.62849801e-01]
 [ 4.83195062e+00  8.09072656e-02]
 [ 7.18345635e+00 -3.02272060e+00]
 [ 6.94594293e+00  3.98518294e+03]
 [-3.46231633e+00  4.01112216e-01]
 [ 9.78984274e+00  1.47571821e-02]
 [ 6.06980078e+00 -6.91507065e-02]
 [ 2.25788027e+01  2.65341826e+01]
 [ 1.50498058e+01  1.88657659e+00]
 [ 1.22839085e+01  3.61202373e+02]
 [ 2.45570391e-01  1.07343931e+01]
 [ 1.51147043e+00  5.60041332e+01]
 [ 2.20401132e+01  1.44958823e+03]
 [ 2.93785747e+00  1.33266912e-01]
 [-1.80563897e+00 -1.88750208e-01]
 [ 1.93121067e+01  1.72872423e-01]
 [ 2.88182910e+00  1.16937150e+00]
 [ 3.25691178e+00  4.08184582e-02]
 [ 5.00356972e+00  6.70808631e-02]
 [ 1.23574451e-01 -7.45835138e+02]
 [ 1.07943050e+00 -3.94598715e+02]
 [ 1.01941834e+01 -1.32225460e-01]
 [ 3.63705407e+00  2.88695398e+01]
 [ 6.79609424e-01 -1.80617093e+01]
 [ 1.37687574e+00 -4.13122563e+01]
 [-9.68290413e-01 -9.21575334e-02]
 [ 4.54251900e+00 -2.21797987e-01]
 [ 9.59299878e+00  1.59433042e-02]
 [ 1.19178562e+01  1.42517932e-02]
 [ 3.62656047e+00 -1.49226860e+01]
 [ 2.53434229e+01  6.82960126e-01]
 [ 2.36985852e+00  1.84599784e-01]
 [ 3.01652058e+01  9.41070163e+00]
 [-3.52613107e+00 -5.04623809e+00]
 [ 2.24932833e+00 -2.70415239e+00]
 [ 2.11047940e+00  7.66793955e-02]
 [-1.02940602e+00 -1.86808296e+00]
 [-5.62876981e+00  3.49819863e+01]
 [ 1.14867330e+00  1.11088365e+00]
 [ 1.21690075e+00 -3.17971981e+01]
 [-5.34424308e+00 -7.25182866e-01]
 [ 6.63998996e+00 -1.58029026e+01]
 [ 2.60259499e+01  5.00466384e-02]
 [ 4.07777536e+01 -1.75815036e+00]
 [ 2.32646732e+00  7.55407617e-02]
 [ 8.96567517e+00  2.51217169e-02]
 [ 3.04949467e+01  1.44726375e-01]
 [-8.48790646e-01 -1.77734829e-01]
 [ 7.20603271e+00  1.81311843e-02]
 [ 4.18374886e+01  1.64853777e-01]
 [ 7.58349356e+00  3.68955391e-02]
 [-7.06229157e+00  5.39968755e-01]
 [ 2.77887143e+00 -1.35825944e+00]
 [ 1.24838406e+01  2.09783071e+01]
 [ 9.87432344e+00  6.42073755e-01]
 [ 1.98567882e+01  1.02213475e+00]
 [ 4.82594593e+00  6.10914634e-01]
 [-3.46912417e-01 -6.75064071e+00]
 [ 1.88935859e+01 -3.81395212e+00]
 [ 4.24571013e+00 -6.46230695e+01]
 [ 3.77039766e+01  3.08861790e-01]
 [ 2.69980289e+00  3.67730735e-02]
 [ 8.80489230e+00 -3.45547569e-01]
 [-4.97067724e-01 -8.23163195e+01]
 [ 7.30000418e+00  4.49900057e-02]
 [-2.04139019e+00  2.90518225e+01]
 [ 3.08186771e+00  1.04413817e-01]
 [ 3.66504450e+00  5.94480441e+00]
 [ 6.44365232e-01  4.34683107e+00]
 [-1.00522139e+00 -1.29052446e-01]
 [-8.58346825e+00  3.77724762e+01]
 [ 5.09466946e+00  1.50711423e-01]
 [-1.22364329e+01 -7.21436974e+00]
 [ 4.45402498e+00  1.35031160e-01]
 [ 2.12556307e+00 -5.63797539e+01]
 [ 2.44424126e+00  1.06439390e-01]
 [ 1.01209045e+01  4.37006035e+00]
 [-2.60113735e+00 -6.06446705e-02]
 [ 2.64946801e+01 -1.89198045e+00]
 [ 4.06851260e+01  1.14291510e-01]
 [ 2.08835222e+01  1.72370246e-02]
 [ 4.25823778e+01  2.84505528e-02]
 [-2.18175726e+00  9.10188587e-02]
 [ 5.24512417e-01 -1.45527237e+01]
 [ 6.15245508e+00  1.52664813e-02]
 [ 9.46831766e-01  9.70441138e-01]
 [ 2.43917935e+01  8.48513119e-02]
 [ 6.70650006e+00  2.03551209e-02]
 [ 5.89762911e+00  1.78329586e+00]
 [-6.33847288e-01 -5.47411948e+00]
 [ 1.62545683e+01  1.96483208e+00]
 [ 1.98768340e-02  9.42088285e+02]
 [ 1.70278654e+00  1.46623102e-01]
 [-1.47593206e-01 -2.44539036e+00]
 [-3.78562788e-01 -1.41713536e+00]
 [-6.63964792e+00  2.23343294e-01]
 [ 3.71751075e+01  8.56135419e-02]
 [ 1.22987830e+01  4.20773235e+01]
 [ 2.43687846e+01 -1.95706480e+00]
 [ 3.44912380e+01  2.43551646e+00]
 [ 8.25503705e+00 -3.99219794e+00]
 [ 6.30927684e-02 -5.29576471e-02]
 [ 9.75039500e+00  1.96864293e-02]
 [ 5.31534184e+01 -2.12912493e+00]
 [ 5.87301844e+00  6.03229615e-01]
 [ 2.87094818e+00  7.96039431e-01]
 [ 4.94163782e-01 -9.36249534e+01]
 [ 4.99784676e+01  1.44526088e+01]
 [ 2.38104545e-01  1.53453907e+01]
 [ 8.00223808e+00 -8.45815956e-01]
 [-5.93748681e+00  7.67678116e-01]
 [ 5.92260330e+00  4.00587353e-02]
 [-1.37073145e-01 -5.05240120e+00]
 [ 4.03201742e-01  2.25203678e+01]
 [ 3.07467087e-01  1.57301765e+01]
 [ 4.27009063e+01  2.44289859e-01]
 [ 3.15289170e-01  4.26541498e+04]
 [ 1.21098475e+00  3.81576642e+00]
 [ 2.62122766e+00  5.64860309e-02]
 [ 5.92427421e+00  4.07650669e-02]]
