[[ 1.70073886e+01  3.34100459e-02]
 [ 4.00394215e+01  5.51266811e-04]
 [ 3.88363919e+02  6.57346704e-04]
 [ 7.08801700e+01  4.80534625e-04]
 [ 1.24317881e+02  6.58440723e-03]
 [ 5.44632667e+01  6.01956278e-03]
 [ 5.75072131e+01  1.39823522e-03]
 [ 6.91698316e+01  1.02897627e-02]
 [ 1.21865630e+01  1.36593547e-03]
 [-8.30348955e+00  1.31294905e-03]
 [ 3.34785274e+02  3.08568758e-03]
 [ 2.17847189e+02  1.11389683e-03]
 [ 3.16501747e+01  7.99552597e-04]
 [ 8.41388407e+01  9.91187633e-04]
 [ 6.00702904e+01  1.31811033e-03]
 [ 1.20757769e+02  6.38455464e-02]
 [ 4.33363276e+01  1.62897191e-03]
 [ 1.51155211e+02  7.68639641e-03]
 [ 1.69635300e+02  2.45803594e-02]
 [ 8.64286647e+01  3.63610116e-02]
 [ 5.91422898e+01  7.19072528e-04]
 [ 9.01447041e+01  2.62532810e-03]
 [ 7.70604534e+01  1.79627466e-03]
 [ 2.99833215e+02  1.14072261e-02]
 [ 3.15721464e+01  1.58864410e-03]
 [ 1.76700789e+02  1.06844699e-03]
 [ 1.80769762e+01  2.01101106e-03]
 [ 1.78113607e+02  1.56106828e-03]
 [ 8.81048772e+00  7.35659272e-04]
 [ 6.65730995e+01  7.70811073e-04]
 [ 6.85064762e+01  4.02031740e-04]
 [ 3.43039206e+02  1.19860675e-03]
 [ 6.89158814e+01  7.82233556e-04]
 [ 5.92302244e+01  1.36113017e-03]
 [ 2.33249028e+02  3.19666919e-03]
 [ 5.96686096e+01  1.99571997e-03]
 [ 2.72332718e+01  1.08133608e-02]
 [ 1.83610708e+02  7.09551605e-04]
 [ 7.97892381e+00  1.59587499e-02]
 [ 3.09471549e+01  7.84131520e-04]
 [ 1.94458363e+02  1.88323793e-03]
 [ 1.77499763e+02  2.23810541e-02]
 [ 5.13334588e+01  5.73320394e-03]
 [ 5.22582890e+02  1.10217273e-03]
 [ 4.06955585e+02  3.71470099e-04]
 [ 2.22628612e+01  3.00203207e-03]
 [ 5.38004270e+01  1.12111505e-03]
 [ 3.33482649e+02  3.34034837e-02]
 [ 5.19908616e+01  1.25725715e-03]
 [ 5.79907756e+01  2.24211223e-03]
 [ 8.98069796e+01  1.37849507e-03]
 [ 4.94742811e+01  9.53095074e-04]
 [ 7.89301759e+01  1.75373739e-03]
 [ 1.78929065e+01  1.36229732e-02]
 [ 3.35713544e+01  4.78467457e-04]
 [ 4.07590557e+01  2.37390223e-03]
 [ 1.99665172e+01  3.54699846e-02]
 [ 1.71432207e+02  1.02432495e-03]
 [ 2.48411697e+01  6.97917317e-04]
 [ 2.90409682e+01  8.84533730e-03]
 [ 1.29829339e+02  2.45204835e-03]
 [ 1.26317198e+01  7.30989153e-03]
 [ 1.02917284e+02  1.78954929e-03]
 [ 4.65026725e+01  5.20182180e-04]
 [ 7.32127212e+01  3.53545269e-04]
 [ 6.18891963e+01  1.72903238e-03]
 [ 5.38197806e+01  1.75565818e-02]
 [ 3.19841640e+01  4.89865511e-04]
 [ 2.15126388e+01  2.92411497e-03]
 [ 7.89531671e+01  9.23841615e-04]
 [ 5.27086593e+01  3.48973828e-02]
 [ 7.73391939e+01  1.67292848e-03]
 [ 1.06293627e+02  4.13761993e-02]
 [ 5.54111646e+01  1.05066010e-03]
 [-2.96414145e+00  1.35755215e-03]]
