[[ 1.17949246e+02  1.25255984e-01]
 [ 1.76832031e+01 -8.23235067e-01]
 [-1.74465434e+00 -1.40153463e-01]
 [ 4.11008349e+00  4.93961443e-01]
 [ 5.28722065e+02 -7.21666263e+01]
 [ 8.78374754e+00  6.74842547e-02]
 [ 3.33057429e+02 -1.02466588e+01]
 [ 3.11731299e+01  2.87571199e+02]
 [ 4.97926539e+02  2.13680210e+00]
 [ 1.30228424e+02  5.78127716e-03]
 [ 5.16000441e+01  7.70074400e-04]
 [ 3.57000851e+02  2.88299143e-03]
 [ 1.56476508e+02 -2.95236234e+00]
 [ 5.00251542e+00  6.77028360e-03]
 [ 6.69740645e+01  5.26572055e-02]
 [ 1.50572332e+01  2.68930047e-02]
 [ 9.91129657e+01  3.99403287e-01]
 [ 1.59941165e+00 -4.85522361e+03]
 [ 5.34684860e+01  3.53623347e-04]
 [-2.15744844e+00 -9.53715866e+00]
 [ 1.07571991e+02 -2.93538867e-01]
 [ 2.26640111e+01  2.94629798e-03]
 [ 8.39653936e+01  7.32503254e-01]
 [ 5.43314479e+02  2.50061244e-01]
 [ 3.97792942e+01  6.41859585e-04]
 [ 1.03477883e+02  6.27408480e-02]
 [ 4.33891801e+02  2.49792104e-01]
 [ 1.05605988e+01  2.51791102e-02]
 [ 1.45870503e+02  1.10085327e-03]
 [ 9.37101992e-01  1.59931032e-01]
 [ 1.17367168e+01  5.38317483e-02]
 [ 8.01599376e+01  5.19913118e-03]
 [ 8.99956754e+00  6.41068398e-01]
 [ 2.29982172e+02  2.56118876e-03]
 [-2.52744366e+00 -2.89317983e+00]
 [ 5.97016989e+02  1.32554638e-03]
 [ 3.61283039e+02 -6.71123406e-01]
 [ 1.62516647e+01  1.51210149e-03]
 [ 4.58145213e+01 -3.42374338e+00]
 [ 5.63052688e+01  4.08099947e-01]
 [ 4.72959239e+02  8.97145812e-02]
 [ 2.35217312e+02 -1.89990073e+02]
 [ 9.29231912e+00  1.80182360e-01]
 [ 9.16784322e+01  4.36210610e+02]
 [ 1.47460103e+01 -8.29018845e+01]
 [ 3.98261384e+01  9.99895445e-04]
 [ 5.83227960e+01  3.70269738e-01]
 [ 7.69539171e+00  1.76357522e-01]
 [ 1.62054911e+01  2.64121832e-03]
 [ 4.39191118e+02  1.45713171e-02]
 [ 1.05379919e+01  9.10084326e-03]
 [ 3.62078412e+01  4.25860242e-03]
 [ 5.90560674e+02 -2.54888677e+00]
 [ 2.48786259e-01 -1.96464405e+00]
 [ 5.90958765e+00  3.02858038e+00]
 [ 4.32258132e+00  1.21431142e+00]
 [ 3.73531608e+02  3.55013399e-03]
 [ 1.33392189e+01  1.28573973e-02]
 [ 3.94351730e+02  2.25006083e-02]
 [ 5.22991867e+02 -1.12586347e+00]
 [ 7.90991619e+00  1.09819383e-02]
 [ 1.01894734e+02 -8.41185245e-03]
 [ 6.18991234e+00  4.44933805e-01]
 [ 2.76263090e+02  1.00316654e-03]
 [ 2.97339495e+01  1.01247151e+00]
 [ 1.32947185e+01 -1.07564604e+02]
 [ 1.77749778e+02  1.18290964e+00]
 [ 2.72782095e+02  1.82962907e-02]
 [ 9.30469439e+01  2.19383739e-02]
 [ 6.26416539e+01 -2.40631417e+01]
 [ 2.75251404e+02  1.84750076e-02]
 [ 1.60744668e+02 -1.59779335e-02]
 [ 5.12162540e+02  7.88568730e-03]
 [ 6.66236692e+02  1.61301930e-03]
 [ 1.28262951e+01  1.54797597e-01]
 [ 2.47746526e+02  1.12659884e-01]
 [ 1.16537631e+02  3.12925462e-02]
 [ 5.74623534e+01  3.50108494e-04]
 [ 1.10397424e+02  1.42690993e+00]
 [-4.26258750e-01 -2.99388008e+00]
 [ 1.01344979e+01  4.52966597e-03]
 [ 2.36407223e+02  8.60461965e-01]
 [-1.24706842e+00 -8.97221388e-02]
 [ 5.26782707e+01  1.90437405e-03]
 [ 6.39128904e+01  1.60293929e+00]
 [ 7.15031776e+00  8.71585257e-03]
 [ 2.12638264e+02 -1.25715608e-02]
 [ 8.81033585e+00  1.31425448e-02]
 [ 1.29301569e+00 -1.79360255e+00]
 [ 5.45593778e+00  4.77946465e-01]
 [ 5.30193964e+02  6.68934234e-01]
 [-2.14383920e+01  7.77646343e+01]
 [ 2.61470056e+02  1.18741717e-01]
 [ 3.98852927e+02  1.24348222e+03]
 [ 3.48961372e+01  1.14359958e-03]
 [ 3.84249642e+01 -4.02798601e-01]
 [-6.97368411e-01 -5.76235830e-01]
 [ 4.37745730e+02  8.93750366e-01]
 [ 2.28264147e+02  6.89101709e-03]
 [ 3.69847252e+02  3.56285005e-03]
 [ 7.61618670e+01  8.45740372e-03]
 [ 6.97765763e+01 -1.22637621e-02]
 [ 2.88197693e+02  1.87246861e-01]
 [ 1.29271297e+02 -2.78988041e+00]
 [ 3.81175708e+02  1.69141462e-02]
 [ 1.76368567e+02  1.72054768e-03]
 [ 2.17936460e+00 -2.36041653e+00]
 [ 2.60853612e+01  2.70179284e-03]
 [ 2.41067256e+01  6.03750794e-02]
 [ 1.66809446e+01  5.04017593e-03]
 [ 8.83400937e+01 -2.90223221e-02]
 [-2.37910304e+01  3.15766135e-03]
 [ 1.03963213e+02 -7.42224354e-02]
 [-2.40017337e+00 -5.63850322e-03]
 [ 6.67017922e+01 -1.69747472e+00]
 [ 5.97383935e+01  5.07167946e+02]
 [ 2.48212014e+01  1.26099588e+00]
 [-9.22161503e+00  5.85640458e-03]
 [ 2.60583311e+02 -2.13783619e+00]
 [ 2.79665256e+01  1.39521814e-03]
 [ 1.75582958e+01  7.97307146e-03]
 [-6.88785512e+01  8.02992953e-03]
 [ 1.34467224e+02  1.43967150e-01]
 [-7.10970543e+01  4.25098728e-02]
 [ 3.78803489e+01 -1.06634749e-02]
 [ 2.41133097e+01  6.51440418e-03]
 [ 2.31399497e+02  2.56437783e-02]
 [ 5.04844572e+00  4.47789294e-02]
 [ 2.04774061e+01 -2.89206642e+01]
 [ 1.54716185e+02 -8.40621452e+00]
 [-7.09695291e+00 -4.03192517e+01]
 [-1.79464186e+00  2.94667379e+00]
 [ 2.34509920e+02  1.13344884e-01]
 [ 3.27698816e+02  4.28799132e-03]
 [ 2.57094274e+01  9.57900446e-02]
 [ 5.17517683e+01 -2.66986297e+00]
 [ 2.14661380e+02  3.55556294e-01]
 [ 3.13378470e+01  6.47347932e-04]
 [ 7.07875823e+01  4.05680225e-03]
 [ 5.31007070e+00  7.83089428e-02]
 [ 2.45575459e+01 -4.54892888e-03]
 [ 3.77096813e+01  9.53935285e-01]
 [-3.26766079e-01 -2.35477533e-02]
 [ 2.65166333e+01  1.08850566e-03]
 [-3.74376273e+01  2.56940608e+00]
 [ 1.38708910e+02 -2.02591414e-02]
 [ 8.58814748e+01  2.32956347e-03]
 [ 6.51050753e+01 -6.10219143e-02]
 [ 5.51826022e+01 -4.15447078e+05]
 [ 5.61622319e+01  7.36202783e-03]
 [ 4.30923394e+02  5.71594577e-03]
 [ 4.76624031e+02 -2.91830487e+02]
 [ 3.73305121e+02  1.77550933e-02]
 [ 1.34227152e+01 -6.07533114e-03]
 [-7.43994441e-01 -7.49120926e+01]
 [ 3.50444606e+00  4.16482082e+02]
 [ 2.45189848e+01  7.72459883e-03]
 [ 1.82376646e+01 -4.14590155e+01]
 [ 3.07237814e+02  1.34345058e-02]
 [ 1.55517007e+02  8.91201891e-02]
 [ 3.34280763e+02  5.37916344e-03]
 [ 6.07024386e-01 -2.92733949e+00]
 [ 1.84928718e+02 -1.15163499e+00]
 [-2.51775850e+01 -9.23427851e+01]
 [ 2.87262727e+00  5.93836915e-01]
 [ 1.91028848e+02  5.77274810e+02]
 [ 4.71772918e+01  1.79821485e-03]
 [ 1.61704706e+01  1.82491237e-03]
 [ 4.44222651e+02  6.31991569e-02]
 [ 1.16026646e+02  4.37405488e-02]
 [ 6.02938895e+01  4.35588879e-02]
 [ 2.42571369e+01  1.62875981e-03]
 [ 1.27441197e+01  7.38750258e-02]
 [ 5.38820567e+01  3.80894967e-01]
 [ 8.64867628e+01 -1.21003985e-01]
 [ 2.28135999e+02  1.10481065e-02]
 [ 6.47838245e+01  2.61129839e-03]
 [ 1.87904896e+01  1.07759003e+03]
 [ 4.14575581e+01  3.19399633e+01]
 [ 1.22165206e+02  2.03791655e+02]
 [ 2.75974505e+01  7.55570637e-03]
 [ 3.71313750e+02  2.96684692e-01]
 [ 3.91483304e+01  1.18491190e-01]
 [ 7.39242055e-01  4.30864893e+02]
 [ 9.86199983e+01  4.34967429e+00]
 [ 2.18809360e+02  2.92091897e-02]
 [ 2.64580648e+02 -1.84332052e-01]
 [ 1.60754123e+01  3.28733462e-02]
 [ 1.18363614e+02 -1.28616898e+00]
 [ 4.38333317e+00  1.28621353e-01]
 [ 3.38905778e+02  1.05924252e-03]
 [ 2.62494819e+02  2.70687055e-03]
 [ 1.37760426e+01  1.23342682e-01]
 [ 4.07298184e+01  4.49033024e-04]
 [ 2.83193017e+02 -3.11472643e-01]
 [ 8.07369359e+01 -3.61457720e+02]
 [ 6.01794905e+02 -1.36108297e-01]
 [ 5.07921635e+00 -2.72480794e-02]
 [ 1.71151305e+02 -2.48510293e-01]
 [ 1.22836960e+01  1.89145247e+01]
 [ 1.48930879e+02 -1.04662824e+02]
 [ 5.06082037e+01  5.56497562e-02]
 [ 1.01209661e+01 -6.56515500e-01]
 [ 4.37845928e+02  5.29785146e-03]
 [ 6.80119011e+01  3.69837040e-01]
 [ 6.29282441e+01  9.77213318e-03]
 [ 4.76833358e+01  2.43821192e-02]
 [ 3.25683282e+02  5.07334465e-02]
 [ 4.58779731e+00  2.01147951e+00]
 [ 3.96179771e+00 -1.62387389e-02]
 [ 1.41182866e+01  2.45481545e-02]
 [ 2.70168870e+02  6.21452641e-03]
 [ 7.54905233e+01 -2.61041928e+01]
 [ 2.09156957e+02  4.58234615e-02]
 [ 1.71332337e+02  1.83364799e-03]
 [ 4.75451774e+02  8.91228820e-03]
 [ 1.41825748e+02  6.89671909e-03]
 [ 1.60689782e+02  1.06505121e+00]
 [ 3.80412744e+02 -8.16098251e-01]
 [ 3.00860501e+01 -3.24734243e-02]
 [ 3.86190172e+01  1.67701350e-02]
 [ 7.25011491e+02  8.92759967e-01]
 [ 1.10096709e+01  9.51305847e+04]
 [ 1.65109015e+01 -4.90780484e+04]
 [ 1.96408789e+00 -8.87570612e-02]]
