[[ 4.54022135  5.06469305  2.47897737  1.15042398]
 [ 3.01466359  1.83949266  1.6089239  -0.64024136]
 [ 3.76559981 -0.01527923  2.64585677 -0.84561226]
 [-0.18476598  6.22818794  1.05642745  3.76931139]
 [ 7.48548736  8.54740437 -0.30292433  1.09429704]
 [-0.9463512   2.69559758  2.06676422  3.68467203]
 [ 7.00188252  6.16455899 -0.50513348  1.66216198]
 [ 5.09642343  1.07260636  0.11814089  4.62943521]
 [ 7.3768333   8.25938237  0.88406817  1.48679992]
 [ 8.01412516  1.658607    4.77453618  3.48864467]
 [ 0.10612937  3.62055606  6.84640863  8.88286288]
 [ 6.37460662  7.38684369  5.55365224  4.44523473]
 [ 7.32165811  2.64887287  1.23685858 -0.39295634]
 [ 0.24332682 -0.30553314  6.52174634  1.16889506]
 [ 8.19392444  0.80777229  2.05085963  4.83290745]
 [-0.06694407  4.45506836  2.19552616  7.71292164]
 [ 5.7520837   2.54835279  0.85625447  8.75495477]
 [ 0.43305257  8.45087348 -0.05680045  2.46722898]
 [-0.76535554  0.30792177  8.95641763  8.64032653]
 [ 1.37342055 -0.70321095 -0.46124777  2.34559084]
 [ 3.87872216  6.94823507 -0.97636135  8.03483084]
 [-0.26897933  2.11364518  5.06721756  5.72649352]
 [ 2.96926011  8.16357366  0.84694767  4.93281472]
 [ 8.37655864  6.94145248  1.29726623  4.02105831]
 [ 2.25327748  0.26373726  7.82801921  7.1298175 ]
 [ 3.69636643  6.58182492  2.89519947  1.44174429]
 [ 7.20427626  7.49519587  1.48060566  2.70755426]
 [ 2.71159598 -0.04870913  2.31105795  7.06319521]
 [ 6.58572841  2.47959231  7.64290455  4.4665207 ]
 [ 0.70068027  1.47258625  8.59123718  0.02164583]
 [ 1.79318303  0.92017481  1.85921748  6.34519579]
 [ 6.56849687  1.55582015  7.25398768  1.10614708]
 [ 1.49351248  3.45761696  2.44905919  0.23311589]
 [ 4.58887063  8.65872227  5.71999016  4.57980157]
 [ 0.87138504 -0.84570033 -0.51392236  5.58992686]
 [ 8.01067795  8.09639662  8.73733703  2.48280093]
 [ 6.91594551  6.90102927 -0.98971784  3.37394118]
 [ 1.71112504  0.16755093  7.93647197  2.90409414]
 [ 2.70618141  5.82068439 -0.69213244  1.93377206]
 [ 8.9831735   0.57608614  0.87305714  8.08312964]
 [ 8.93212919  5.29930046  1.96318028  3.23392924]
 [ 7.53015628  3.75929967 -0.1920454   1.63129101]
 [-0.6479411   3.48917268  1.15576614  7.89136117]
 [ 5.76318163  2.48271378  0.08277848  8.87208044]
 [ 5.51010732  0.45465058 -0.19130411  3.78213278]
 [ 7.91609438  0.04088626  6.33138662  8.65013732]
 [ 2.37025845  8.4753712   1.05853004  4.99857609]
 [ 0.72062613  7.12018733  1.87159191  1.89865749]
 [-0.78269426  2.18105652  6.62769936  2.8548375 ]
 [ 7.37731628  7.11872132  3.69884201  2.97699388]
 [-0.6212308   0.19672475  3.96975985  3.85566909]
 [ 8.29010976  0.2707781   4.75544363  4.79329198]
 [ 8.82568316  6.87903797 -0.79393239  1.72096879]
 [ 6.53228414  0.03115766 -0.78630112  2.29838899]
 [ 1.33153434  2.66570694 -0.91878083 -0.93454284]
 [-0.13147745  7.35534676  0.66641491  6.10815278]
 [ 8.60305367  4.44639891  7.41392627  1.51734578]
 [ 3.16905102  0.1018321   3.08012257  5.84274636]
 [ 6.40370171  8.55946683  4.00637128  1.51714208]
 [ 7.54867526  8.31986866  1.6858543  -0.406938  ]
 [ 0.19257166  8.78792653  5.38762016  1.27821581]
 [ 8.0791666   1.45700871  7.82824244 -0.54398841]
 [ 2.36595004  0.32572657  0.90240705  6.71384401]
 [ 6.9777191   4.51720836  7.65160148  4.88476897]
 [ 2.41169806  4.14569357  0.78182403  4.53695261]
 [ 5.45386052  0.41355514 -0.21926626  1.93592845]
 [ 6.77936916  3.47252631  1.04023329  1.64865687]
 [ 7.93738504  3.80809269  3.64367937  2.48022215]
 [ 8.59511778  1.05506291  3.23121042  2.96601906]
 [ 3.05984111  6.23332557 -0.22031237  8.53110188]
 [ 6.57418973  5.6419168   4.37167257  1.42215387]
 [ 5.88058618  4.27664976  6.77331446 -0.44212978]
 [ 7.59414941  7.72432575  3.80964185  5.03479853]
 [ 8.12781605  8.56979133  6.0164135   6.24915789]
 [ 2.38866117  1.58887937  1.94501135  1.92727399]
 [ 8.6653818   2.90194359  1.50167621  5.75407996]
 [ 5.65638633  3.19270816  3.96450658  1.12581172]
 [ 0.80027968  1.17265694  8.98981247  8.63017396]
 [ 7.97725261  1.52354877  0.59077208  7.46135404]
 [ 0.51117269  7.94545992 -0.5335106   4.8284812 ]
 [ 0.64381463  2.24817026  6.45033699  1.8057628 ]
 [ 5.79141819  6.27634566  0.80372445  4.91383855]
 [ 1.11926995  0.1078254   3.44863114 -0.59653268]
 [ 6.96737184  0.6966436   7.29408251  2.97036505]
 [ 6.36343141  1.38530885  0.72220996  3.63552056]
 [ 6.59652227 -0.04283711  4.28528701  3.20054897]
 [ 7.06315533  3.94094765  5.75222586 -0.9174388 ]
 [-0.24584869 -0.42737011  3.51276086  3.85344241]
 [ 0.84652583  1.98703604  1.83354943 -0.19855006]
 [ 0.84354574  1.51983943  0.89710121  6.36166083]
 [ 7.37808719  8.72896432  0.82538314  5.83611562]
 [ 5.37121561 -0.6942559   0.16205032  6.63349301]
 [ 6.80781331  4.94733195  1.43616918  6.24099677]
 [ 6.34012446  8.9815932   0.36969754  0.03493774]
 [-0.69277239  0.8873939   6.31954753  7.6057519 ]
 [ 4.01846602  2.45434615 -0.89732878  7.54277852]
 [ 0.06198939  0.59552468  1.95500359 -0.50983678]
 [ 8.54061718  5.41538171  1.29184195  1.139278  ]
 [ 6.12355037  5.24074617  5.13802624  2.34856083]
 [ 8.59534312  4.22829523  4.67230387  6.04064493]
 [ 3.05704166  6.43920733  5.13407925  1.9180032 ]
 [ 7.83778133  1.06916485  6.83176559 -0.56137298]
 [ 5.3329849   8.85807012  1.14185203  7.87462834]
 [ 6.13964129  3.13401224 -0.72439099  2.06999542]
 [ 7.47540938  6.12269478  6.26352494  0.52816252]
 [ 6.8073248   2.98038207  6.61808907  4.40158972]
 [-0.82455575  5.56782953 -0.66121239  3.21708469]
 [ 2.56902151  1.8638091   7.0443253   2.32436238]
 [ 2.34771137  3.66070766  4.12325597  0.51867521]
 [-0.54750742  4.49237933  5.05012919  3.38158987]
 [ 7.17298808  1.58806865  5.42897406 -0.4727033 ]
 [ 6.33766894 -0.83052436  5.80724731  3.54974845]
 [ 4.97832205  3.86760652  3.63211468 -0.61724878]
 [ 0.75519902  8.78587755  7.3335457  -0.98711614]
 [ 3.8104501   4.30790737 -0.68942233  3.94652398]
 [ 3.06358899  5.71620492  0.09338098  5.31553455]
 [ 8.72675022  0.26455648  0.6826111   5.47318828]
 [ 4.07187736 -0.99208772  5.11961553  2.79338617]
 [ 6.35413218  5.89569259 -0.64258993  3.8698838 ]
 [ 1.14317229 -0.85517854  5.83728868  7.91040035]
 [ 1.0408484   8.83701245  6.58215224  0.96548308]
 [ 8.29545117 -0.99260183  5.09929661  2.0617288 ]
 [ 3.92323095  7.85956093  4.40107537  0.17886867]
 [ 8.27881403 -0.96854843  3.80426016  0.93793698]
 [ 2.74131573  5.10965107  6.45775149 -0.7644188 ]
 [-0.03650629  8.73897265  3.91102215  5.63285492]
 [ 7.34810918  3.71313237  2.71223242  4.29053422]
 [-0.34048564  5.27231894  3.22391875  1.4630128 ]
 [ 1.69704355  6.48877038  0.66989147 -0.25249483]
 [ 4.22469178  7.92129793 -0.43326172  3.21086965]
 [ 3.89724976 -0.3758945  -0.21256093  5.6690632 ]
 [ 1.96228671 -0.46645024  1.59977723  0.18195479]
 [ 8.67720443  2.71867714  1.36374952  7.63604258]
 [ 7.44126     5.20544728  7.13963225  1.40667144]
 [ 4.31047572  1.04310966  1.96420992  3.02405733]
 [ 2.63593609  7.06020808 -0.58428138  4.12210438]
 [ 6.08665274  5.0817108   0.92082726  7.90735479]
 [ 1.217984    0.29041224  8.69154129  5.16470995]
 [ 3.49720929  4.57330655  7.3308956   1.37346992]
 [-0.38134072  6.12221247  2.50447093  1.7844926 ]
 [ 3.8754644   1.77365295  8.67102475 -0.74020782]
 [ 3.85083401  2.29086925  3.15281227  0.07342786]
 [ 0.66136332  7.50705811  4.93903089 -0.77374773]
 [-0.16131317  4.1329818   8.1637544   3.70658198]
 [ 6.25602971 -0.87527062  1.15327017  0.556991  ]
 [ 4.28091967  7.04758458  5.2565036  -0.74604008]
 [ 6.02617366  1.79940651  7.23219393  2.49108964]
 [ 3.46625195  5.01282234  4.79691988 -0.32591239]
 [ 3.61407553  3.82679796 -0.01136395  3.60056409]
 [ 3.78499814  2.91080671  4.90215454  2.53113695]
 [ 7.68248667  6.4859969   6.86471109  1.18718719]
 [ 7.03218375  8.73300523 -0.13412665  3.11744052]
 [ 8.18823064  4.84067204  2.75473622  5.91440521]
 [ 1.96449811  4.35196013  7.88496845 -0.7370624 ]
 [-0.03589297  2.77314411 -0.1778084   5.21273133]
 [ 0.63391113  6.82878777  0.1056706   4.46699317]
 [ 0.45003246  6.06367845  3.44136706  6.97276725]
 [ 1.51703232  7.79307094 -0.18773315  8.00262066]
 [ 6.39831967  6.50754882  3.53064172  3.71271366]
 [ 8.66910817  1.8540628   3.44005317  0.60506569]
 [ 8.26086676  4.14040572  4.01028446  6.32752423]
 [-0.63253494  7.1036516  -0.54827758  4.54987578]
 [ 5.49080469  5.65501855 -0.72635888  4.97399672]
 [ 5.41084557 -0.77666998 -0.51130233  0.17784342]
 [ 0.36563797  3.35201648  1.13927774  2.49987368]
 [ 5.72084775  5.28292863 -0.38136441 -0.06856003]
 [ 8.4101898   0.31908242  6.14859141  5.25176896]
 [ 1.24289587  0.47305032  7.38368346  2.98822208]
 [ 8.89348949  5.04740629  3.15388021  1.10720293]
 [ 5.26138445  3.68078047  3.50975342  1.16080708]
 [ 6.48456821  1.26579895  4.97707128  0.40876691]
 [ 1.36313714  0.32768668  6.27626081  5.45147596]
 [ 1.93643353  1.60333685  1.91189069  4.2519414 ]
 [ 3.80405761  3.16863931  1.2143989   3.21799055]
 [ 4.22312405  4.45731291  3.47719145 -0.43150776]
 [ 7.1441122   3.78125467  3.37309686  5.17725799]
 [ 5.15670848  1.78514992  7.19179922  2.25998174]
 [ 2.29651202  3.148921    0.06150941  8.75378383]
 [ 2.48055101  5.99412166  0.3045157   2.43394414]
 [ 3.76873593  7.7758954   0.26835905  0.55736404]
 [ 2.88457043  2.12177599  5.27643285  1.97777907]
 [ 8.8632552   4.24428015  1.47569602  2.30243955]
 [ 5.60795305  0.93593202  1.41678878  6.51437423]
 [ 0.01971515  6.77756264  0.08316578  8.85725118]
 [ 3.24252195  8.17578402  0.38358555  8.94191705]
 [ 5.84038248  5.76775265  6.97186552  0.22177244]
 [ 8.54976532  3.29055931  2.94699229 -0.46530341]
 [-0.23286107  5.26777171  1.981857    8.57853719]
 [ 4.87659446  4.64761297 -0.64026409  6.50277349]
 [ 3.04762861  0.3584504   4.08816124  0.24979111]
 [ 5.74009875  8.542497    8.96433751  2.87689551]
 [ 5.34641634  7.54327767  5.88141293  3.986223  ]
 [ 7.35300884  0.22172182  4.77968944  0.16299027]
 [-0.4088818  -0.70493717  8.74805549  7.30232612]
 [ 8.39591773  3.64267478  3.56189052 -0.15595973]
 [ 8.17175102  1.0994773  -0.10900861  4.68850244]
 [ 8.87382907  6.93202903  3.64304721 -0.33357623]
 [ 3.24078877  0.59613366  5.54886831 -0.47154696]
 [ 8.39104768  2.20252729  6.43493725 -0.03315101]
 [ 1.74000814  3.64918673  1.12086583  0.08241718]
 [ 4.69511394  6.1207165   0.40654322 -0.31214867]
 [ 4.97444843  1.80440792  4.83588006  0.34880626]
 [ 1.2182702   8.80540265 -0.92192512  4.26719181]
 [ 6.78192949  8.27088959  5.02295737  3.26960915]
 [ 4.2812283   3.20262015  1.24587057  3.06933937]
 [ 6.03850137  1.3497356   4.4025614   2.63250045]
 [ 4.18943936  2.31669038  5.05619191  0.69651744]
 [ 5.91118524  8.2886837   2.84493619  1.87915299]
 [-0.67668107  8.9492765   4.44946406  0.01238897]
 [ 1.29539054  4.16911316  5.60101373 -0.76934632]
 [-0.17058241  8.57388998  2.64873472  4.81215772]
 [ 7.57491534  3.9376012   3.84922306  6.19365229]
 [ 3.10419998  7.25520069 -0.22221707  7.66357819]
 [ 6.49594154  4.27833007  2.0818895   5.30900551]
 [ 4.25807755  7.16345211  6.61569837  4.13457657]
 [ 7.92606511  6.51923316  3.25054782  7.17158569]
 [ 3.98331581  7.67668957  6.75850366  1.0310504 ]
 [ 4.14154799  8.17556837  0.61704162  8.77324441]
 [ 8.58276547  4.6767804   3.76419638 -0.050433  ]
 [ 1.97556667  7.68859434  4.79835256 -0.61188463]
 [ 6.43660334  0.61338128  2.95407952  5.0777462 ]
 [ 8.81889095  8.37248713  0.6827701   7.72530996]
 [ 2.11575431  2.22361404  0.03641272  0.47796334]
 [ 7.17478049  0.29177072 -0.01943482  6.0931962 ]
 [ 1.59997547  1.16256671  3.69197264 -0.49146858]]
