[[ 1.99988193  1.33752912  2.09014416  7.19562135]
 [ 2.9082174  -0.48170005  7.62533997  8.98120508]
 [ 5.91748333  8.30407857  7.30589082  8.5636729 ]
 [ 0.99429758  7.5845836   8.70539603  6.92442648]
 [ 3.24368447  8.84639575  4.12896772  4.7362318 ]
 [ 1.73749317  7.50184577  3.5793704   7.95223525]
 [ 4.8914526   0.99104021  6.01343049  7.21983   ]
 [ 2.85734146  5.83022484  3.5031117   4.96257151]
 [ 2.35911501 -0.67968504  7.93293184  3.21916133]
 [ 7.31224886 -0.65663203  5.93389534  8.00214788]
 [ 5.5609725   8.84543399  4.89721758  6.05722832]
 [ 6.19204433  4.08604439  6.18829702  8.31602286]
 [ 0.83044203  2.9385346   8.7218938   4.1380399 ]
 [ 2.80273452  4.34948181  6.49164229  8.09570131]
 [ 3.03170832  3.33242216  7.27572817  4.32407218]
 [ 6.15040896  2.67209039  1.74131411  6.51196607]
 [ 2.03364807  4.35240162  7.1229852   3.72884536]
 [ 3.60666645  8.72498436  3.48045356  6.77397806]
 [ 3.96452782  8.97572224  2.67579092  4.66153916]
 [ 5.68951911  2.08368241  1.98000762  7.77745587]
 [ 1.78728417  4.41171675  7.87775013  6.24445863]
 [ 3.82056775  4.11251649  5.5295905   4.94551582]
 [ 4.07826831  2.55689368  5.68872879  6.63828146]
 [ 6.45922887  6.05061572  2.97610928  7.30041285]
 [-0.88224388  6.1330924   7.13395854  3.80588567]
 [ 5.10541452  4.7285059   6.75706359  6.65958389]
 [ 2.83774409 -0.80413535  5.24086467  7.58317013]
 [ 5.25382155  4.83252066  6.43625537  5.27414899]
 [ 5.77640812 -0.68752598  7.48048982  7.12864966]
 [ 2.71358334  4.1041057   8.64527855  4.4074681 ]
 [ 1.06667924  4.50664946  8.79556829  8.02457493]
 [ 7.52053258  4.80463867  6.21888419  7.61482567]
 [ 2.88968715  2.54947634  7.01553796  8.12745763]
 [ 3.60886104  2.07140185  6.50958905  5.84673914]
 [ 8.42386342  2.60228768  4.33032386  8.45697926]
 [ 3.47695343  2.72249507  6.16153473  4.70227244]
 [ 1.0352626   6.19737056  3.14878496  6.50256041]
 [ 5.76647601  3.7070716   7.45396774  7.47012003]
 [ 0.79405928  3.62628468  4.62505558  1.39035069]
 [ 0.97169113  2.81079174  8.98992858  3.85315481]
 [ 5.51799383  4.61787072  5.16553858  8.45711181]
 [ 4.87287281  6.10897613  2.34512485  7.60493756]
 [ 2.23081441  6.83660432  5.28377046  2.5956425 ]
 [ 7.02920042  8.63253322  6.49614405  7.26536594]
 [ 6.627146    6.77680534  8.69342151  8.9945206 ]
 [ 1.84103384  2.68037704  6.92780095  2.19923969]
 [ 5.43718278  0.66347945  6.55658966  6.9468816 ]
 [ 7.07718363  5.7574121   2.04624373  7.67026283]
 [ 3.87286694  1.15213267  6.21983432  7.25627163]
 [ 3.03168674  2.57006258  4.94678351  8.08812833]
 [ 2.55889487  5.87620721  5.67392805  8.71801085]
 [ 3.54142716  1.26379586  7.27418325  5.98391141]
 [ 1.84389072  8.69715575  5.43545275  7.79475299]
 [ 2.05837634  0.96947449  2.94778963  6.29089929]
 [ 4.44308913 -0.52916476  8.11862371  8.57382178]
 [-0.67375059  8.7646817   5.27739241  6.29148408]
 [ 1.20143388  3.63564598  1.92507551  8.67500604]
 [ 4.11567065  6.59467493  6.64901021  7.2906348 ]
 [ 3.03655118 -0.37432132  8.48279053  5.15292582]
 [ 1.05188008  4.83447417  3.11795632  8.187468  ]
 [ 3.70102134  6.05716922  4.75713285  8.31589937]
 [ 0.95471583  2.27144938  4.76712684  2.7719988 ]
 [ 3.95930007  4.50131585  6.61320217  4.24126131]
 [ 1.88552876  1.3698064   8.71103922  6.38423282]
 [ 2.25944371  2.2704546   8.9698296   8.60352618]
 [ 3.95112081  1.83036786  5.64696637  7.05058841]
 [ 2.40046915  6.19854899  2.90860351  5.08136694]
 [ 2.29062972 -0.92373173  8.68920197  6.83057956]
 [ 1.08547943  8.35525092  8.71235892  1.13519998]
 [ 2.52314808  5.7382868   7.64604956  5.31575856]
 [ 3.4415296   3.4092036   2.55014067  3.79305225]
 [ 4.32538693  2.27025567  5.81100072  6.68719413]
 [ 3.52234346  6.66192873  1.87601391  8.03554496]
 [-0.57276689  6.40300929  6.21529554  8.70214875]
 [ 6.35507181 -0.73117552  5.89960109  7.87498311]]
