[[-147.17560841  -19.88337525  -44.27495672 -195.05827811]
 [-140.99848361 -184.32605762 -176.90943026 -199.06835838]
 [ -77.82735341 -169.04146711 -193.43589957 -179.6541222 ]
 [ -37.90654918  -86.20947358 -177.97862527 -194.32604007]
 [ -38.42743771  -68.89049786  -80.3979893   -46.30044641]
 [ -43.64762911 -145.13676439  -62.32649874 -178.36793869]
 [ -26.74749691 -135.11543402 -107.03445427 -113.31133871]
 [ -76.76715362  -92.65744728 -164.94260841 -145.59223908]
 [ -74.54826264  -33.43495613  -34.21591131 -174.15714666]
 [ -22.94149588 -144.11636991  -34.43052308 -139.62300434]
 [-152.80003199 -167.72779613 -144.81362898 -186.735611  ]
 [ -84.794511   -180.34035379  -85.07186795 -187.80770499]
 [-108.70696714 -109.79814749 -152.73830831 -182.37476356]
 [ -69.31650588 -121.18472327  -83.04983631 -181.11645404]
 [ -36.51217413 -163.43481446 -126.32080169 -111.88225518]
 [ -69.85604228  -45.18449503 -176.12509312 -146.60509734]
 [ -82.43512224 -114.8538632   -72.40938925 -164.34943234]
 [ -28.67412934 -199.34905212 -179.90578472  -77.4949152 ]
 [ -64.34660787  -20.56417406 -142.29544084 -163.16424289]
 [ -73.98493947  -62.84956133  -22.31524393 -188.50528916]
 [ -10.75009965 -188.49080561 -136.76701795 -177.81344069]
 [ -16.39993696 -171.01302971  -73.28681536 -188.7062597 ]
 [-104.29164194  -64.92325098  -30.39219329 -105.08333572]
 [ -35.3392132  -152.27151675 -149.71744974 -106.32983543]
 [ -50.40023042 -122.18077965 -175.05828198  -84.03918992]
 [ -61.51203827  -47.45628541  -39.3382577  -111.55980053]
 [ -62.34131545 -160.14958439 -144.18625331 -117.12274405]
 [-113.2561775  -158.87191877  -51.80380679 -174.75627888]
 [ -16.78071001  -29.15550157 -185.72647666 -160.63309359]
 [-100.10221126 -132.2513915   -65.40483228 -166.08799572]
 [-104.62679787  -16.34797045 -127.97927119 -183.70246802]
 [ -76.58323746  -33.15873787 -133.32147508  -86.9856662 ]
 [-169.13473698 -112.76092558  -69.70658155 -194.92563599]
 [ -29.23823751  -41.08927395 -195.19979297  -36.26218645]
 [  -7.45434195 -116.61685137  -33.59934165  -76.61135937]
 [ -25.79208601 -169.65993623 -184.03791234  -52.4270312 ]
 [ -75.70029759  -55.64702323 -187.24268566 -190.45532574]
 [ -20.77887321 -188.9784138  -114.40662829  -41.12006214]
 [-120.96170452 -136.56023117  -78.25372687 -179.44204279]
 [-122.91870372 -129.02605488 -184.6691121  -173.77695523]
 [ -86.58747193 -110.08706097 -107.50695942  -96.7742826 ]
 [ -25.63374888  -70.46683156  -25.85131522  -59.91568455]
 [ -93.77503875  -24.98506837 -182.44311453 -182.97960673]
 [ -16.00545124  -31.70812024 -144.19811752 -165.08476821]
 [ -48.75227444 -192.26715926  -25.4742887  -116.37904217]
 [ -28.96437148 -170.98368144  -26.87062593 -101.11504653]
 [-115.86884119 -162.48688873 -137.53449373 -135.70582236]
 [ -98.89232897  -45.15642249 -155.71592847 -171.3900173 ]
 [-181.65161311 -169.56717606  -78.0035412  -196.17098471]
 [-113.58423025 -111.15371732  -24.47717318 -199.1255228 ]
 [ -66.61211401  -10.94141374 -133.82501837 -173.41021393]
 [-124.96815039 -175.22622018 -100.03447547 -190.15692335]
 [ -65.37652723  -65.53797262 -138.37399572  -83.37554846]
 [  -9.30820732 -149.45262843 -103.59952934 -113.1689007 ]
 [ -22.15925273 -147.65438529  -50.63631336  -66.53775381]
 [ -63.49398987 -180.49841677  -63.84942753  -87.94294962]
 [-161.50810693 -188.86814507 -105.07419758 -182.20200487]
 [ -98.75570991  -51.09381524 -177.54757434 -105.10791488]
 [  -7.26488033  -88.97766168 -199.10212592  -47.84869383]
 [ -14.34584655 -178.82255864 -107.30012927 -120.8165065 ]
 [-111.29265487  -93.90156073  -42.70906853 -145.64174013]
 [ -64.57972102 -110.15875966  -62.926692   -106.01390118]
 [-122.15533675  -55.62965578  -74.68797783 -174.60992724]
 [-109.67334499 -194.36653871  -51.58228768 -181.0758642 ]
 [ -56.44282502 -146.11223675  -30.33084777  -63.21215344]
 [ -57.30230737 -171.93793998 -173.00788161  -80.37560714]
 [-121.79146764 -108.57477838 -118.41321723 -131.62848445]
 [ -69.90848467 -101.12701501 -118.97434449 -149.66472979]
 [ -93.23237701 -179.869109   -193.96016246 -100.23328637]
 [ -46.46267982  -31.39706229  -84.70557044 -163.82745868]
 [ -39.76339227 -148.5358988  -165.91488385 -111.37711309]
 [ -37.44058272 -118.28326237 -185.92721331  -47.32144464]
 [ -10.22393792 -137.66310527 -188.19531832 -158.20629573]
 [-139.04772036 -101.08645454  -38.73519038 -140.77291873]
 [-109.57115398  -26.88717111  -97.45151964 -112.79237369]
 [ -69.84283733  -40.60979281 -113.35482804 -169.01707413]
 [  -7.25786273 -123.92026278 -150.38011008 -108.03605181]
 [ -39.86285606  -36.42986066 -147.05264118  -68.06974793]
 [ -53.93513499  -85.45475892 -151.6205415  -137.2071492 ]
 [ -15.02650461 -194.51789092  -44.5998425  -128.32332193]
 [  -5.17539439  -90.89657878 -143.78334973  -85.665225  ]
 [ -10.81619789 -139.20711111  -52.27800751  -23.55844396]
 [ -36.72932098 -150.4442126  -145.46555725  -56.86814254]
 [-194.42830701   -7.80003169 -124.48982694 -198.43227425]
 [ -32.70747118 -179.70929618 -161.831519   -192.53299744]
 [ -72.7189827   -27.7420008  -114.41433056 -175.40791597]
 [ -42.60646682 -173.58336326 -159.68642552 -195.01083571]
 [ -55.40040247  -49.44958527 -152.78503862 -195.09386465]
 [ -15.15647062 -156.16105026  -87.1181852   -64.14613601]
 [ -93.70828905 -126.70755774  -80.31612823 -104.30019056]
 [ -91.16042061 -126.43883301  -33.62957368 -180.12600163]
 [ -23.2227701  -123.47814294  -89.08563387  -29.11371582]
 [ -71.79110905 -193.05966483 -147.6865477  -139.66743548]
 [ -96.36374897 -114.75122969  -71.99808312 -199.94269559]
 [ -97.9800854  -150.04370466 -194.49960249 -103.76542723]
 [ -46.29088097  -55.92583463  -73.88964025 -116.50233773]
 [ -39.80004786  -24.30294434   -8.61427405 -134.83382246]
 [ -37.62890162 -158.74713824 -157.40622124 -124.99796433]
 [ -24.14384159 -113.0860161   -14.1793635  -126.57455105]
 [ -16.68597099 -126.54310007  -33.92673901 -155.29851932]
 [-136.91719982 -102.0400897  -135.0583616  -140.25878421]
 [-127.91943437 -193.67640142 -166.61630553 -152.02669016]
 [ -35.7437836   -84.97013045  -36.12975463  -77.29963773]
 [ -30.15944363 -176.73020816  -12.98286308 -123.30240027]
 [ -29.49321762  -26.92864308  -92.98936006 -115.83102968]
 [ -16.44161035 -167.86941484 -175.74073434 -185.11280784]
 [-147.92111909  -40.17011268 -192.29175302 -190.32344621]
 [ -87.30014789  -95.22781417 -119.45261246 -162.42233726]
 [-154.16577227  -23.9774587  -123.98242256 -160.5616878 ]
 [ -63.70795667 -181.98722105 -160.03498047 -141.9447242 ]
 [ -74.27078168  -16.61044507 -195.10828402 -123.5077719 ]
 [ -30.43461394 -133.07904337 -126.36044039 -112.3954045 ]
 [ -65.3147537   -84.45005417 -133.41570326  -88.53232569]
 [-119.05650024 -191.22902376  -26.7375781  -175.27515142]
 [ -71.45575583  -73.52364683  -39.06949976 -146.78567032]
 [ -82.19383471 -101.24220733  -90.28639945 -152.86620636]
 [ -89.15276728  -18.85594088  -18.76586295 -184.70235071]
 [-169.28155221 -184.10373475 -171.02339849 -172.96541323]
 [ -11.62110538  -27.58635758  -63.92394905 -187.14626117]
 [ -52.0449698  -198.20031689  -88.79384858 -185.87696703]
 [ -30.4709095   -24.37426207 -189.21535121  -80.8335981 ]
 [ -77.00751855 -147.59204097  -43.07736389 -195.55081384]
 [-108.99225585 -100.89233805 -133.46931199 -165.78957152]
 [-162.27337615  -38.15157187 -109.23508326 -182.83774625]
 [-105.834735    -34.48962523 -150.6434164  -157.56431371]
 [ -44.52040459  -95.88865103  -43.19759047 -176.95014989]
 [-114.06015938 -153.11868766  -23.66702905 -155.94937088]
 [-109.09300058 -161.54329895   -6.35518235 -125.10780175]
 [-124.89666012 -170.44609474 -106.50140866 -198.5680427 ]
 [ -94.81652741 -131.70626753  -61.85711082 -112.55819348]
 [-154.7174031   -96.982771    -93.43746811 -187.12221596]
 [-101.27799914 -177.26628945 -190.37714593 -199.52277765]
 [ -31.00827758  -73.88383058  -39.89758503 -136.65109473]
 [-127.95426447  -31.79106442 -128.63513693 -157.63573412]
 [ -35.55208533 -198.97852724  -83.54926568 -141.86345048]
 [-147.05083333 -142.59852121 -155.85487157 -196.87788824]
 [-106.68504444 -177.20392748 -195.51697257 -191.04597868]
 [ -15.19505882 -144.91390702 -120.57034169 -179.72867056]
 [ -62.73377525  -51.5271175   -47.6665369  -108.07326504]
 [-182.42872766  -65.58043846 -193.46097991 -184.03030369]
 [ -26.95222397 -158.83588592  -92.18631617 -130.17216517]
 [ -21.77882921 -169.75026997 -143.80890163 -178.92245703]
 [-193.48885863  -81.89604842  -99.30998272 -198.5211378 ]
 [-149.50740954  -83.73488024  -46.76759732 -194.18912054]
 [-116.8746289  -107.62245313 -190.51012127 -157.45020348]
 [ -21.21261879 -190.96976564 -113.16410644  -56.34661905]
 [-131.53986477  -34.83459214 -177.25965147 -191.26547667]
 [ -85.49376426  -60.31051872 -153.91486043 -143.0120939 ]
 [ -34.17660648  -56.16203857 -141.42129226  -97.46397883]
 [  -6.93306872  -43.16196714 -152.51603828 -182.05132306]]
