[[-8.37376257e+05  2.44528152e-06]
 [-1.79847800e+06  1.04370537e-08]
 [-3.49057748e+06  3.29184291e-08]
 [-3.25594018e+06  2.77064246e-08]
 [-2.46827732e+06  2.16329307e-09]
 [-1.03691451e+06  1.84972810e-08]
 [-3.91791817e+05  8.40035873e-08]
 [-1.04094628e+06  4.64482201e-06]
 [-4.93429202e+05  1.30017417e-07]
 [-2.83641043e+05  7.82725994e-06]
 [-2.26324002e+06  2.42898958e-08]
 [-1.86919788e+06  7.94154697e-08]
 [-3.76757321e+06  7.48021870e-09]
 [-8.31696504e+05  7.42581118e-08]
 [-4.38211089e+06  2.65631152e-09]
 [-7.94302399e+04  5.42983846e-08]
 [-1.13107466e+06  1.46128821e-08]
 [-4.78708924e+06  1.68935137e-07]
 [-3.06931718e+06  1.13936891e-08]
 [-4.23661166e+06  2.11931016e-08]
 [-2.87459976e+06  3.12739319e-09]
 [-5.84833170e+05  2.40864642e-05]
 [-3.07768564e+06  6.02483979e-09]
 [-8.75133809e+05  8.06896979e-09]
 [-1.21154584e+06  2.88999529e-09]
 [-1.19374477e+06  6.02662127e-08]
 [-1.49409025e+06  2.67286441e-06]
 [-4.46787890e+06  1.80790568e-08]
 [-6.41484185e+05  5.98063091e-09]
 [-5.01476210e+05  2.49997503e-08]
 [-4.14269623e+05  1.00243795e-05]
 [-4.62623556e+06  1.48823461e-08]
 [-1.12697494e+06  1.94097781e-09]
 [-1.87126577e+06  1.60364269e-07]
 [-1.66246111e+05  4.27298508e-09]
 [-1.63210715e+06  1.24956520e-08]
 [-4.34021798e+06  2.19344219e-06]
 [-6.31974163e+06  1.88429744e-08]
 [-1.10859895e+06  4.96101023e-07]
 [-4.39045552e+05  1.95482807e-08]
 [-2.38442926e+05  1.07056061e-07]
 [-1.19203211e+06  2.41082460e-08]
 [-3.12595746e+05  9.57983229e-08]
 [-1.41305122e+06  1.88234578e-06]
 [-6.81415045e+05  2.21406579e-07]
 [-7.85488880e+05  5.76869496e-08]
 [-2.40153476e+06  1.68557670e-06]
 [-3.55193234e+06  3.39206099e-09]
 [-1.21113074e+05  4.63511804e-08]
 [-2.72523792e+06  2.64341760e-07]
 [-8.13268710e+05  4.22917734e-09]
 [-2.68204054e+06  1.73327306e-08]
 [-2.14736959e+06  2.95304609e-08]
 [-1.01096016e+06  4.41719420e-07]
 [-1.72928902e+06  7.96397609e-09]
 [-6.75310504e+06  3.83485242e-08]
 [-4.41229414e+06  5.03958130e-09]
 [-2.63976392e+05  1.16890293e-06]
 [-3.63622129e+05  3.52803710e-08]
 [-3.47055746e+06  3.92890116e-09]
 [-3.98358618e+05  3.00767077e-07]
 [-1.77963627e+06  1.35588361e-07]
 [-4.67699317e+06  3.49170314e-09]
 [-3.48419468e+05  5.31103210e-06]
 [-1.82260020e+05  1.15313144e-08]
 [-4.56576623e+06  1.97745343e-08]
 [-3.81537901e+06  2.60048295e-08]
 [-4.39222685e+06  1.14216604e-08]
 [-1.40874832e+06  3.98416699e-09]
 [-8.46217208e+05  4.92340540e-07]
 [-2.53112722e+06  2.06626226e-08]
 [-7.22015836e+05  5.59755641e-09]
 [-2.71914792e+06  1.41171269e-08]
 [-1.74288748e+06  1.25397098e-08]
 [-3.38878901e+06  2.75806248e-07]
 [-7.35426714e+06  8.65404907e-09]
 [-3.78308604e+06  3.91709538e-08]
 [-2.58070829e+06  4.24794983e-09]
 [-4.24630399e+06  5.36470447e-09]
 [-3.01303580e+06  1.43229420e-07]
 [-4.45210656e+06  1.37623625e-08]
 [-1.68405101e+06  1.28856294e-06]
 [-6.54822793e+06  2.84765681e-09]
 [-2.84927034e+06  1.63562457e-07]
 [-4.73318453e+05  2.61127708e-08]
 [-5.06851128e+06  3.39471252e-08]
 [-3.76460460e+06  8.59091805e-07]
 [-1.41423672e+06  9.18072392e-08]
 [-1.78382200e+06  2.27822154e-07]
 [-2.60614057e+06  8.61468171e-08]
 [-4.17617034e+06  1.91702279e-08]
 [-1.43088198e+06  5.96384929e-09]
 [-4.77497168e+04  3.35581238e-05]
 [-6.14807550e+05  6.35859001e-09]
 [-4.15380989e+06  1.46317343e-08]
 [-2.35786969e+06  1.98526674e-07]
 [-4.01255394e+06  2.72554397e-08]
 [-6.19613028e+06  2.45614634e-09]
 [-2.75858744e+06  5.19083639e-09]
 [-7.47758349e+06  4.69971108e-08]
 [-2.10529685e+05  3.52107591e-08]
 [-2.95266830e+06  1.01028004e-08]
 [-5.68983403e+05  8.92731424e-09]
 [-1.09300988e+05  1.04996238e-07]
 [-5.56842573e+06  9.24586614e-09]
 [-4.29402844e+06  6.58637244e-09]
 [-2.99396233e+05  5.56346029e-09]
 [-2.62142873e+06  5.23476000e-09]
 [-1.75277161e+06  2.26062750e-08]
 [-4.55443934e+06  3.28426301e-06]
 [-4.11002000e+06  6.13666419e-08]
 [-1.05260242e+05  1.02624714e-07]
 [-4.56180642e+06  3.75340891e-05]
 [-3.51608479e+05  4.35302911e-08]
 [-3.64438766e+06  1.00426554e-07]
 [-1.77723115e+06  2.11401230e-08]
 [-8.45551621e+05  1.25732189e-07]
 [-1.90586162e+06  8.64399437e-08]
 [-3.35438015e+05  1.19375592e-08]
 [-5.20248686e+06  2.86889683e-08]
 [-2.58196738e+06  3.25503697e-09]
 [-1.48553938e+05  3.34018555e-06]
 [-5.29339977e+06  2.35576324e-09]
 [-2.64177587e+05  2.73311410e-08]
 [-9.13587941e+05  8.86251043e-07]
 [-2.11159885e+06  8.50957962e-08]
 [-1.39234697e+06  4.34864716e-09]
 [-4.86812890e+06  2.31080841e-06]
 [-5.36156846e+06  1.71639156e-07]
 [-6.56092528e+06  4.26864467e-08]
 [-8.99196189e+05  8.60008671e-09]
 [-4.64485019e+06  2.16314076e-09]
 [-4.87731373e+06  1.04298228e-07]
 [-1.50024306e+06  2.73352213e-06]
 [-4.16738398e+05  1.15684679e-08]
 [-4.62017961e+06  2.68852745e-08]
 [-4.28968917e+06  1.45593027e-07]
 [-2.71529039e+05  7.69907744e-09]
 [-2.22636309e+06  4.77743568e-08]
 [-2.24449718e+06  8.17874163e-09]
 [-4.38050961e+06  9.71036987e-07]
 [-5.43967974e+05  1.82120720e-08]
 [-7.27491783e+06  6.59585931e-09]
 [-5.94373965e+06  6.16899481e-08]
 [-3.23900775e+05  4.83550320e-08]
 [-1.28132946e+06  2.32266394e-08]
 [-3.27655889e+05  2.50172114e-06]
 [-5.64276899e+06  3.11128055e-06]
 [-9.48484547e+05  3.39346077e-08]
 [-8.25415591e+06  6.39750076e-08]
 [-3.81870277e+06  7.44220377e-08]
 [-1.19440229e+05  2.79240205e-08]
 [-2.40605014e+05  1.99172684e-07]]
