[[ -86.55505107 -100.35278528  -23.36364504  -70.39202039]
 [-105.10188267 -142.54132483 -148.43297092  -64.31392825]
 [-194.2661101   -82.74860748  -73.6112758  -167.18678923]
 [-145.88167544 -136.08239647  -90.62270011 -106.45905692]
 [-196.13121899  -56.62291577 -183.10311034 -165.29951153]
 [-170.84460556  -32.06271257 -182.98991112  -19.36799931]
 [-173.62532906  -11.7798724   -74.32785349  -63.63872768]
 [-115.58255561  -70.19521269  -15.99777158 -115.43208586]
 [ -82.87926713  -64.22849287  -82.12676402  -30.48024324]
 [ -85.81705416  -34.78915879  -21.50538119  -28.19829839]
 [-187.65133865  -58.01721984 -173.47439045  -17.3118042 ]
 [-188.44981978  -47.52838922  -98.80640327  -28.65587763]
 [-157.80194136 -135.12079547 -183.92564652  -47.16642114]
 [-131.49950787  -43.14878622  -74.67211106  -70.99943675]
 [-159.9898698  -149.58285222 -188.09876542 -124.17588196]
 [ -35.83426216  -53.03613158 -134.52114226  -16.60793153]
 [ -84.14398311 -141.49207229 -194.39372818  -20.4499131 ]
 [-183.46732349 -127.98978445  -50.61915882 -100.18652965]
 [-154.27823935 -114.5580805  -127.74266494  -92.42762903]
 [-159.78264224 -148.23747504 -109.53689881  -78.81307114]
 [-184.8189486   -74.76029536 -195.76461052  -93.55975039]
 [ -88.42446604  -67.58872521  -15.11350474  -26.40009451]
 [-194.17251768  -72.62796517 -139.6865167  -133.67959712]
 [ -77.95411487 -121.91546761 -157.83659625  -69.18833573]
 [-111.06496274  -83.74700052 -190.38393748 -110.07432876]
 [ -80.81809781 -162.76677168 -116.21229202  -23.20833549]
 [-105.77854368 -120.15703778  -21.75353616  -79.78248774]
 [-174.84358606 -130.44047332 -104.126805   -107.55006996]
 [-169.11144308  -20.18210265 -168.04197877  -77.35238916]
 [-146.90437665  -20.93999739 -114.06246051  -59.171178  ]
 [ -95.58554134  -40.99821961  -24.79228621  -14.37033406]
 [-155.21289011 -171.79161118 -143.68172725  -49.7276657 ]
 [-199.12861241  -25.3092308  -183.24954219 -183.79124869]
 [-120.7372     -115.46824465  -75.31964193  -32.03625526]
 [ -98.09870863  -15.5456402  -197.42509967  -66.76296569]
 [-199.47767615  -36.67659836  -98.18475022 -185.60217144]
 [-160.8089897  -151.55357794  -24.82806814  -65.39117129]
 [-176.01028576 -181.18656736  -88.77342006 -166.52359612]
 [-111.22387368  -80.83242013  -60.12448963  -20.35868687]
 [-140.10386081  -20.13518705 -116.91148849  -70.27388398]
 [ -66.0449513   -48.04129318  -69.52398525  -61.018125  ]
 [-104.47626628  -96.29719443 -108.08811271  -72.10654363]
 [-132.92063361  -16.00352021  -95.80573641  -26.05803408]
 [-107.42790284 -110.31851248  -28.65826982  -49.54784703]
 [ -56.50649125 -190.46945625  -93.79507922  -12.01554318]
 [-103.34318366  -65.23542955  -76.96488479  -83.4677389 ]
 [-135.89128801 -117.39916171  -31.36749249  -42.19744617]
 [-188.42311205  -88.65431747 -176.23427383 -118.23316681]
 [ -33.58045008  -91.47890892 -157.06841195  -12.22212544]
 [-124.66475389 -157.26181311  -47.59397382  -77.02867271]
 [-170.79531747  -24.94820968 -171.46522481 -102.96509821]
 [-134.74135011 -130.68715284 -108.01057377 -100.50977193]
 [-131.26129291 -111.81161832 -135.01870968  -30.20104763]
 [ -84.490283   -127.06821752  -55.14878669  -29.62918562]
 [-104.59165618 -137.09818339 -150.0807385   -81.53973063]
 [-185.32027248 -176.14061637  -79.6534791  -113.26903212]
 [-175.47319567 -127.08880098 -162.83955102 -100.87880979]
 [-102.85411506  -22.52029204  -31.24271071  -61.58139498]
 [-165.83200042  -11.98519158 -111.44173776  -44.95700004]
 [-194.06185961  -81.93874233 -172.14216629 -109.5320456 ]
 [-128.11118634  -21.89971253  -46.2934084   -73.56755579]
 [-100.00484141 -158.13273455  -58.72045817  -79.96194995]
 [-159.55842717 -160.37097913 -163.01015775 -145.14189106]
 [ -85.89855466  -42.62856116  -24.52111062  -28.03333445]
 [ -96.45524082  -17.62011453 -168.76477551  -39.60498577]
 [-157.00294055 -165.55002607 -118.46827172  -66.76697056]
 [-164.9975328  -125.68045704 -112.93585966  -58.60362733]
 [-188.93213437 -109.8524608  -121.12248928 -108.16094908]
 [-148.44634526  -56.45796655 -181.00919317  -92.90405355]
 [ -67.2614859  -168.0971385   -73.63211535  -11.16880386]
 [-196.9354632   -58.83413452 -148.42558198  -32.49094688]
 [ -89.64700162  -76.74609757 -170.64089518  -78.92711946]
 [-126.90278509 -148.79630796 -118.36893544  -93.75934199]
 [ -97.14998936 -162.25390202 -156.21571759  -45.92111494]
 [-139.69223636 -156.74262909  -74.48053377  -19.26378637]
 [-182.50368174 -195.48806988 -117.20200538 -157.56132069]
 [-195.74008345  -88.34172187  -67.54797935 -181.83306601]
 [-174.584298    -74.61049115 -148.33610892 -158.32666609]
 [-190.23282325 -104.13044708 -145.86388928 -131.85145397]
 [-135.49182692 -146.98062685  -55.16251198  -91.30819463]
 [-142.88102106 -195.74246465 -192.60070799  -22.32582236]
 [-150.10047328  -67.43809662  -28.05387064  -77.15962125]
 [-193.02276192 -154.72180562 -170.26469647 -156.17539768]
 [-118.58867329 -182.34234995  -81.33999879  -24.93893952]
 [ -81.81172723  -62.24030158 -121.97493188  -46.32435542]
 [-171.055035   -154.62021654  -78.70366092 -132.64359667]
 [-172.60920936 -114.27845797  -61.28714903  -11.10008387]
 [-159.1994284   -50.26557712  -77.8291083   -50.71903737]
 [-160.27679813  -62.44515838  -43.77157467 -114.89513213]
 [-196.5706089   -60.71026312  -62.49421112 -104.40360317]
 [-194.65354623  -99.3918838  -172.12792687  -22.45395273]
 [ -78.54087934 -196.74929788 -189.50400976  -54.08691646]
 [ -63.56187681  -10.71058092  -13.94463219  -24.12432838]
 [-186.91901463  -15.883541   -133.77552686 -144.20597673]
 [-156.84574254 -149.44567241 -102.86306766 -137.84781003]
 [-146.18390273  -99.16463203  -51.84590453  -79.34359241]
 [-185.03939138 -104.64789763  -80.45175665 -154.67292818]
 [-170.3750901  -185.85902327 -176.89318123 -161.46804161]
 [-177.12745637  -77.93878599 -150.69859093 -123.56889937]
 [-189.25105472 -186.66382694  -64.94357471 -170.52747585]
 [ -77.82781363  -30.68647467  -98.16541052  -65.90574051]
 [-121.79154573 -177.38127518 -192.61672904  -30.40537136]
 [-185.54768085  -14.94306998 -130.48653571 -110.67669158]
 [ -29.21697768 -105.56725988  -97.19605016  -22.76955301]
 [-175.43729608 -162.401625   -190.71990887  -34.22460155]
 [-157.55330314 -153.67980766 -167.55251814  -70.85572261]
 [-138.24344351  -14.17464945 -156.40695955 -103.12426836]
 [-196.81312587  -59.97581083 -129.88745939 -191.37079148]
 [-142.56666944  -76.61980658  -95.03975375 -113.11733923]
 [-147.30660103 -189.23328443  -17.5669109  -123.2962789 ]
 [-151.38533896 -160.23724955  -68.74170444 -110.12371321]
 [ -25.67187146 -126.66112136  -94.27743201  -25.52694852]
 [-177.90281888 -130.40783712  -11.92822316  -34.46045022]
 [ -41.9327625  -164.85937372 -108.01005141  -40.02119054]
 [-146.04064499 -152.76250628  -56.86148522 -118.89701079]
 [-118.07798642 -114.56507044 -199.1833172   -13.14037327]
 [-117.29266028  -55.02292306  -60.84886347  -77.49437913]
 [-152.65695536  -73.70084991  -92.72776434  -31.85152652]
 [-131.25477619  -17.57769889 -187.13787493  -28.05908305]
 [-174.81947437 -152.84877323 -110.30461067  -57.01356062]
 [-185.25717834  -66.62484449 -174.67574716 -126.53781762]
 [-100.016164    -13.44733486  -19.05169373  -95.03919022]
 [-192.54166979 -125.53894271 -181.33983521 -156.26539078]
 [ -49.76038924  -90.93279147 -138.74492423  -30.07218736]
 [-187.08322367  -23.60566843  -36.17197976  -52.33599647]
 [-189.73245896  -52.83084666  -67.32469059  -84.5362326 ]
 [-144.61626582  -58.29624203 -153.78982464 -138.7832704 ]
 [-194.9624925  -115.59708352  -18.11068534 -159.92100088]
 [-191.40854883 -131.54204607  -43.85850772 -151.59894221]
 [-193.82872673 -157.74130961 -158.75222602  -12.8535952 ]
 [-122.5659547   -53.13942567 -166.55822143  -55.24246387]
 [-179.19697055 -126.3611526  -183.83743693 -163.3380793 ]
 [-148.73115121 -197.5770492   -61.54482644  -90.28643638]
 [-100.9962751  -132.82900569  -36.30118788  -16.78761458]
 [-139.96222746  -19.12991241 -130.38074424  -85.61658071]
 [-185.93935112 -119.11544684  -76.40700791 -183.04591416]
 [-141.04903189 -194.72172747 -113.97423437  -10.18388453]
 [-124.55058404  -15.8008059  -181.78780168  -47.4614708 ]
 [-166.87612166  -71.77941194  -83.83741048  -77.97684843]
 [-191.58300092  -54.41171186 -116.80525851 -168.42262045]
 [-153.81969064 -166.89742513  -30.27176258  -81.49391755]
 [-107.67384014  -41.65921875 -124.11475784  -63.04410206]
 [-191.56440378 -176.62697974 -150.76686438  -97.11470671]
 [-172.79275422 -178.93448878  -82.17100063  -64.1363089 ]
 [-140.42708531  -14.86019108 -102.99229978  -41.55450861]
 [-115.65425177  -85.92266723 -167.23361906  -20.20770303]
 [-122.88847212  -19.62547383  -31.01978551  -29.39807033]
 [-176.69994922 -163.38257193  -26.28097557  -38.86963592]
 [ -69.07787952 -175.80345105 -152.14646066  -18.36731607]
 [-196.21574082 -191.89998101  -56.41886274 -191.06923515]
 [-145.4794973  -161.23859322  -65.3802702  -105.54372157]
 [ -74.17644152  -19.4462557  -128.85647337  -36.7432377 ]
 [ -49.57536716  -86.66461022  -85.2233487   -17.80608871]]
