[[ -89.84068059  -53.1659853   -79.86344276 -153.3975076 ]
 [-116.30386815  -85.52968504  -48.8641118  -179.9835447 ]
 [ -81.29940378 -146.9461672  -142.15618162 -172.20736284]
 [-169.19716332 -198.95875322 -132.95429229 -172.14118965]
 [ -85.7980102  -113.07793754 -158.51099737 -178.56622047]
 [-119.61750173 -123.92688596 -142.71101388 -155.40055798]
 [-148.8890043   -85.44339882 -184.44538415 -167.90578608]
 [ -89.77513943 -152.98555632 -146.12230124 -108.07721135]
 [ -57.51316524 -148.4062619   -67.61956314  -73.11992491]
 [-162.85019031 -151.7004609  -157.44659106 -179.35836504]
 [-166.39548084 -189.74333158 -141.74936058 -169.31131582]
 [-102.8958242   -40.45240358  -75.17399963 -189.20675334]
 [-134.28606711 -107.2398696  -119.54707672 -177.15429334]
 [-166.81946972 -174.51947818 -157.66645675 -195.45978607]
 [ -40.71161401  -64.8565472   -78.39444923  -43.74635756]
 [ -97.57516122 -154.3166443  -136.8370329  -124.21815657]
 [ -58.71098823 -193.08169679 -169.95048595 -101.23373019]
 [ -61.35901044  -63.53227119 -112.53015756  -69.59183622]
 [ -65.53563067 -146.65246173 -107.19408775 -108.91106516]
 [-121.27059735 -109.39115808 -195.84602309 -150.588899  ]
 [ -97.83808125  -88.92442284 -197.06410571 -135.4004926 ]
 [ -48.228569    -49.56176249 -192.56336412  -96.15946767]
 [ -73.21976445  -84.7581485  -152.01232653  -83.80403965]
 [ -90.57857205  -45.76127456 -154.43644646 -171.36455386]
 [ -80.90524437 -161.54438214 -107.20091236 -133.64504798]
 [ -61.66342218  -46.49222427 -194.41648226  -63.45463025]
 [ -56.58760943  -92.58582638  -97.19125042 -164.68831598]
 [-160.8585124  -107.80274305  -60.29369203 -183.48074799]
 [ -91.68376408  -91.60818484 -127.48979473  -94.04525609]
 [ -47.94372074 -182.27121344  -64.97941655  -47.99617573]
 [ -62.56134018  -79.95006546  -83.66663345 -129.39095194]
 [-109.87103313 -184.58377356 -195.86284246 -133.26246336]
 [-102.88752773 -106.76757401 -103.16998283 -104.34026855]
 [ -67.34156022  -96.44832854  -76.81856162 -183.26170191]
 [-138.01758005 -166.39687044 -154.79005547 -193.27428994]
 [ -73.22772157 -136.6276733  -169.30429843 -138.34388546]
 [ -42.67358782 -139.66374081  -58.62294376  -60.93455864]
 [-147.78836284 -159.30716195 -139.13143373 -168.43847751]
 [-172.96892969 -169.22272608  -72.05538233 -173.50360934]
 [-167.42183051 -108.61320246  -99.10183422 -196.24122831]
 [-106.78435923 -148.06177049 -179.12638182 -197.9479988 ]
 [-114.53288425 -162.2581617  -125.35260912 -178.54503915]
 [ -56.61023893 -103.74161902 -167.60407092  -78.34744595]
 [-103.6980578  -164.32896438 -142.0737826  -129.95089426]
 [ -78.10977097 -180.00518108  -86.33491279  -89.81070256]
 [ -46.41508035 -148.52298492 -185.66715616 -181.35555943]
 [-114.0010899   -98.40274169 -186.5409632  -148.65638562]
 [ -73.24160139 -146.87415185  -70.91822278 -119.88712999]
 [ -60.1031877  -105.56292783  -53.94489644 -116.08102749]
 [ -90.46797912 -113.48360316  -65.77457121 -190.23970521]
 [-104.53078037 -113.20208989 -124.07833632 -156.15554467]
 [-154.22481804 -167.29835269 -154.46189711 -174.70274837]
 [-144.27902419  -77.22771388 -126.00889834 -192.26586229]
 [-144.22798611  -56.6873215  -166.59057206 -169.76840353]
 [ -54.21377878 -196.8466952  -154.80472257 -192.09750158]
 [ -46.48422779 -117.54868775  -70.99045264 -183.17668903]
 [ -47.91715439 -161.76282671  -77.4488356  -197.74519194]
 [ -65.73132075 -115.42380442 -139.12289824 -173.46404525]
 [-116.47515821  -68.52902298  -65.28211893 -170.40613471]
 [ -87.42494958 -149.79478379 -111.57689277 -126.7088946 ]
 [ -44.30555675  -83.78365397 -171.87559357 -178.51477064]
 [ -59.17310615  -79.2044535   -50.07635972  -92.25715451]
 [-110.90939806  -64.27896936 -151.74381378 -173.15198332]
 [ -41.692729   -103.21664361 -191.15373837 -105.70488458]
 [ -56.41185005 -192.25743446 -128.66638266 -183.86254387]
 [-153.55331864 -193.36277165 -110.50340319 -158.72850005]
 [ -85.8467442  -199.51440693  -70.07726113 -157.42591832]
 [-115.39109019  -42.28911779 -116.36040019 -162.83762776]
 [ -79.89045437 -147.32887336  -83.18571137 -146.3865894 ]
 [ -57.48035801 -170.62000216 -197.51046658 -105.5846571 ]
 [ -71.2115148   -69.20777157  -42.05724864 -129.51554797]
 [ -43.06523628  -85.8328746  -131.26162719  -50.17786425]
 [ -67.92165169 -196.07192121 -130.61719378 -124.0252119 ]
 [-117.9778305  -171.46009348 -197.98644079 -184.10242851]
 [ -69.58917431  -93.32601631 -197.5325121  -106.07658619]
 [ -79.04884714  -40.73709562 -120.49369619  -80.12483536]
 [ -61.43610219  -40.51708518 -194.1738128  -119.47394358]
 [ -50.83193961 -126.55511364  -89.66066508 -167.42082817]
 [-166.67693041 -101.73894524  -73.28787048 -192.16502536]
 [-144.17269121 -116.28840225 -152.75924514 -145.0777447 ]
 [ -61.26507751 -199.16174215 -141.81625199  -80.9831029 ]
 [-175.63578235  -45.33147809 -184.05182038 -179.17732122]
 [ -42.221481   -149.34332728 -177.92629216  -74.5421119 ]
 [ -61.79831339 -122.11872128 -150.33295043 -101.55376277]
 [ -43.8710048  -154.21294329  -68.77788515 -144.21990841]
 [-145.6973035  -110.16488994 -161.42138196 -180.00753756]
 [-182.6456871  -163.36329383 -158.25769793 -187.54841728]
 [ -52.83138803 -140.27348685 -115.20808372  -91.93214039]
 [ -99.85364832 -123.03338913 -116.66043086 -161.65792709]
 [ -81.80920232 -187.96681301  -60.95392144 -179.22176283]
 [ -78.50300268 -179.14154474 -169.24168166 -137.40023403]
 [ -48.22182369 -130.38420186 -188.5806725  -145.39975047]
 [ -64.31988934  -93.90947016 -164.58919772  -88.99568322]
 [-127.55996042 -118.77942871  -81.90800339 -173.48515501]
 [ -71.54033743  -68.36765657  -89.77376786 -143.52577874]
 [-113.50477372 -192.9451351  -193.01964043 -113.90355711]
 [ -92.64927666 -185.60051919 -164.09744033 -143.64885985]
 [-125.59436314  -91.9841847   -50.08766566 -153.02818162]
 [-158.4730519   -89.17200389  -62.15330546 -181.6933541 ]
 [ -50.93566427 -136.24433621 -126.72653874  -63.31801386]
 [-133.96268023 -161.89821579  -48.09278214 -194.7912867 ]
 [-168.0917645  -117.44312315 -187.87848881 -185.73045231]
 [ -54.28692103  -52.59398157  -42.53927403 -134.20464547]
 [ -64.45393173 -153.03230795  -90.32848894 -181.53241398]
 [-169.53400829 -108.07511051 -112.03110218 -189.08196121]
 [ -45.50913559  -51.80828659 -198.36420751 -129.4654758 ]
 [ -43.12059151 -122.37583384 -126.21916779  -46.6421575 ]
 [ -41.49334018 -188.14521376 -111.06628472 -167.76911044]
 [ -44.57254011  -41.95098288 -148.38187256  -59.03542775]
 [-130.17776957  -72.67703283 -171.47330267 -192.30398679]
 [ -54.6636422  -180.38804858 -195.424245   -101.51774695]
 [ -52.14275347 -117.01644836  -62.97583596  -81.02215494]
 [-103.14309199 -193.58048737 -177.14391761 -169.77502643]
 [ -79.16175519 -197.80306447  -61.82900185 -136.15238075]
 [ -42.78581583 -184.75433912 -125.68355318 -169.69100769]
 [ -41.53898199  -84.94677204 -188.02762093 -182.43464955]
 [-105.91913291  -93.34791655 -178.44684445 -160.65423313]
 [ -65.68822427  -71.0856616  -183.63448931 -195.97803032]
 [ -49.20991081  -67.21498059 -104.48798104 -185.48246762]
 [ -66.96890124 -189.69378367 -165.44735529 -120.89722075]
 [-169.71222258 -193.63445351 -113.43723809 -175.48255897]
 [-172.17080066 -162.11193455  -59.55280832 -195.89283545]
 [ -56.17883001  -62.57883899  -50.87067269 -182.94220772]
 [ -45.53977591  -85.79792111 -182.31575876 -168.67760988]
 [ -55.75876552 -132.50509818 -144.38900344 -131.88016797]
 [ -83.80559174  -64.34628648  -59.21177171  -93.21358911]
 [ -87.46960064 -198.6753849   -91.83561393  -94.12933322]
 [-161.98093947  -76.87167713 -149.69792701 -188.86865221]
 [ -50.65243474  -80.15304553  -99.20055341  -85.57436872]
 [ -98.15806153  -47.97240661 -128.30123268 -151.91908345]
 [ -77.524885    -66.2273906  -151.99675078 -179.99853913]
 [ -71.06868499 -195.48441011 -128.00060591  -72.43629452]
 [-141.9622872  -189.24476324 -173.79477751 -192.63125132]
 [ -51.74418478 -110.21855585 -159.55575452 -191.39819676]
 [ -95.17909601  -42.09219348 -135.10914172 -136.55997352]
 [-119.38961497 -148.26989649 -193.21167665 -195.91942208]
 [-146.7103769  -129.72818938 -111.27307577 -170.88114616]
 [ -40.92595194 -141.04221584 -166.679019    -62.49127651]
 [-125.36342315  -82.19773808  -75.60618195 -139.36134763]
 [-142.91250974 -134.59223065 -135.48390421 -179.68687982]
 [ -77.55705085 -121.46875464  -56.49087809 -183.29162391]
 [-153.27474295 -102.65101411  -40.25736241 -196.28719443]
 [ -47.26814312  -67.11447815 -178.00642633 -179.32497146]
 [ -65.50195658 -189.700327   -182.08477542  -98.18491749]
 [-114.52414911 -152.8222246   -99.42980011 -149.8460481 ]
 [ -73.83848887 -152.0235862  -198.79812141 -158.66868478]
 [ -72.6853011  -137.02371743  -99.30412764  -76.40258107]
 [-155.86645931  -45.91069071 -180.49224055 -158.94857818]
 [ -84.53704652  -93.79405545  -44.95546212 -192.44824517]
 [ -53.39156137 -128.79561127 -171.43843218 -125.85450499]
 [ -80.48442544 -158.23480296 -148.25177272 -183.10499727]
 [-172.62395543  -83.54282324 -191.3423665  -180.18097757]
 [ -78.26631463 -122.07783706  -70.68425194 -124.86545198]
 [ -40.06615801 -199.77407772 -190.27538602 -130.0009915 ]
 [-104.1124806   -63.8005068  -142.94494387 -144.32846619]
 [ -80.07704345 -119.54367065 -131.68533973 -100.7004221 ]
 [ -61.78647637 -137.14434489  -72.97592112 -155.64236329]
 [-151.04389169  -56.65804672 -165.3197296  -183.66889673]]
