[[-1.78160126e+06  1.23716223e-08]
 [-8.93238500e+05  1.85728678e-08]
 [-3.84176744e+06  1.25707937e-08]
 [-3.26640450e+06  7.80307572e-09]
 [-3.10193244e+06  7.51014824e-08]
 [-4.15096336e+06  2.49041811e-08]
 [-3.07567780e+06  4.96132538e-09]
 [-2.42193823e+06  2.58546609e-08]
 [-1.72341689e+06  3.96863669e-08]
 [-1.94130851e+06  2.61567250e-09]
 [-4.51802950e+06  1.66831604e-08]
 [-4.10150516e+06  1.34469236e-07]
 [-2.69747531e+06  1.69302366e-07]
 [-2.88414304e+06  4.61891609e-09]
 [-4.74633791e+06  3.79472028e-09]
 [-9.67509322e+05  1.14282809e-08]
 [-2.58708458e+06  9.33693204e-09]
 [-2.50270769e+06  1.58246720e-08]
 [-3.25471628e+06  9.40516574e-09]
 [-1.16280155e+06  4.16692655e-09]
 [-6.25389775e+06  1.23809976e-07]
 [-6.13912769e+06  3.70623027e-09]
 [-1.77394111e+06  4.76597424e-09]
 [-1.84027435e+06  1.49113957e-08]
 [-2.01433292e+06  3.93879878e-09]
 [-1.09780258e+06  2.80370662e-07]
 [-2.17136556e+06  1.21279270e-07]
 [-6.18309780e+06  4.05831305e-08]
 [-4.60959002e+06  1.22419116e-08]
 [-1.62401220e+06  1.61331417e-08]
 [-1.51305176e+06  1.03682575e-08]
 [-4.01179669e+06  2.39719342e-09]
 [-2.17587784e+06  1.25920702e-08]
 [-5.13496625e+06  2.95072194e-09]
 [-4.61356536e+06  2.54883138e-09]
 [-1.58751731e+06  3.85408573e-08]
 [-6.99227277e+06  4.02403353e-08]
 [-4.98577975e+06  3.25787751e-08]
 [-4.39611125e+06  8.11184058e-09]
 [-9.40130478e+05  4.82893018e-09]
 [-5.90343271e+06  1.44335197e-07]
 [-4.22958274e+06  2.84222288e-08]
 [-3.65602527e+06  3.64575752e-09]
 [-1.82241082e+06  5.43855537e-09]
 [-4.30209955e+06  8.07451918e-08]
 [-4.91014193e+06  4.59461024e-09]
 [-1.25944711e+06  2.67833618e-07]
 [-1.35752618e+06  9.24221901e-08]
 [-5.57626766e+06  1.86593000e-09]
 [-3.69085377e+06  5.69754485e-09]
 [-4.21615206e+06  1.64461043e-08]
 [-2.05793438e+06  3.92114613e-09]
 [-3.00021384e+06  1.30607808e-07]
 [-1.52901990e+06  4.54496077e-09]
 [-1.44666535e+06  3.01581108e-08]
 [-4.35835002e+06  5.23137321e-09]
 [-2.91860625e+06  7.20765562e-08]
 [-3.75320268e+06  5.05341876e-09]
 [-3.05733133e+06  4.45169732e-08]
 [-8.05551385e+06  6.36599381e-09]
 [-1.60540318e+06  9.25512965e-09]
 [-6.27931289e+06  1.48579302e-08]
 [-2.96381245e+06  1.21827146e-08]
 [-2.70577801e+06  5.57484668e-09]
 [-3.61116593e+06  5.71769076e-08]
 [-2.12524355e+06  4.62694253e-09]
 [-2.78785314e+06  5.00060060e-07]
 [-3.08124093e+06  2.60530673e-09]
 [-2.58819605e+06  4.36247538e-08]
 [-2.85887536e+06  2.84986803e-08]
 [-3.14892722e+06  1.51745900e-07]
 [-2.22732812e+06  6.50166620e-08]
 [-6.30675883e+05  9.75172734e-08]
 [-2.72240358e+06  1.84037363e-08]
 [-3.60768047e+06  7.99319725e-09]
 [-7.33819652e+06  7.43271927e-09]
 [-4.24297232e+06  6.79868586e-09]
 [-3.04124211e+06  2.41665740e-08]
 [-6.55762065e+06  5.31274401e-08]
 [-1.76945384e+06  2.70998146e-08]
 [-1.29167624e+06  2.15562529e-08]
 [-2.67108590e+06  4.85912091e-08]
 [-1.35032033e+06  3.57370324e-08]
 [-8.13730623e+06  3.95633985e-09]
 [-1.14880466e+06  1.37905425e-08]
 [-6.83726686e+06  2.00071140e-08]
 [-7.35621096e+05  5.14565082e-09]
 [-4.04522283e+06  1.59293742e-08]
 [-4.78666610e+06  3.77347438e-08]
 [-3.48156860e+06  2.26760906e-08]
 [-1.56872670e+06  1.48860223e-08]
 [-1.53444195e+06  1.75781965e-08]
 [-6.03375663e+06  2.97340097e-09]
 [-3.04956885e+06  1.54798076e-08]
 [-1.54497148e+06  1.09948038e-08]
 [-7.33313482e+06  4.74183981e-09]
 [-3.94463716e+06  2.79652309e-08]
 [-7.05053485e+05  9.85577251e-09]
 [-5.44445557e+05  4.02175468e-08]
 [-2.72530377e+06  6.92389825e-09]
 [-3.79070305e+06  2.17627097e-07]
 [-5.78701369e+06  1.42483208e-08]
 [-6.81806182e+06  4.30607430e-08]
 [-5.76062748e+05  8.33242344e-08]
 [-3.51551760e+06  4.74433842e-09]
 [-6.19054208e+06  2.22406566e-08]
 [-2.09097701e+06  6.45129915e-07]
 [-4.41804685e+06  1.35418826e-08]
 [-2.11067697e+06  1.36832499e-07]
 [-4.06639741e+06  1.98892496e-08]
 [-2.08003754e+06  1.45805930e-08]
 [-2.72964899e+05  9.33331599e-08]
 [-1.43137659e+06  4.95982403e-08]
 [-4.79857862e+06  4.82565310e-09]
 [-1.13281040e+06  2.28565216e-08]
 [-4.91972639e+06  1.23044074e-08]
 [-1.42667569e+06  2.06562286e-07]
 [-1.89373823e+06  2.72422165e-07]
 [-4.47759665e+06  9.61317334e-09]
 [-7.77499119e+06  2.31485581e-08]
 [-2.05717082e+06  6.90017293e-09]
 [-2.43599860e+06  1.53776185e-08]
 [-3.06997319e+06  8.35093027e-08]
 [-6.59718440e+05  1.48002870e-08]
 [-1.69811314e+06  1.14032553e-08]
 [-3.87693263e+06  2.27230884e-08]
 [-1.62697169e+06  7.63928767e-09]
 [-4.67640719e+06  5.61555164e-09]
 [-1.15501430e+06  2.52549764e-09]
 [-5.24626857e+06  4.78412532e-09]
 [-6.50429072e+06  3.02829141e-09]
 [-1.74910801e+06  6.14421970e-09]
 [-3.00664486e+06  1.38708973e-08]
 [-5.23602420e+05  9.09608260e-09]
 [-7.66533492e+05  8.55702833e-08]
 [-2.07230060e+06  1.19778313e-08]
 [-4.40733687e+05  1.22358860e-07]
 [-2.62835905e+06  6.05645081e-09]
 [-6.56132006e+06  2.08723212e-09]
 [-7.29314917e+05  3.14753403e-08]
 [-1.07382471e+06  9.84760814e-08]
 [-5.10767128e+06  2.74624213e-09]]
