[[-4.97138423e+05  2.80938790e-08]
 [-1.30833184e+06  1.04537297e-07]
 [-1.22953165e+06  4.43736475e-09]
 [-6.49578326e+06  5.42603019e-09]
 [-1.05447946e+06  3.08671542e-09]
 [-2.07614631e+06  4.86014298e-09]
 [-2.19888175e+06  2.08355543e-09]
 [-1.46770395e+06  6.51014189e-09]
 [-5.74265810e+05  9.71004573e-08]
 [-4.63146481e+06  3.13583116e-09]
 [-6.00652354e+06  4.55223615e-09]
 [-4.91239406e+05  2.73108042e-08]
 [-2.23132170e+06  7.25279713e-09]
 [-5.60318750e+06  2.86548904e-09]
 [-1.27142320e+05  1.04154073e-07]
 [-1.73782369e+06  6.89728336e-09]
 [-8.83467738e+05  4.41755151e-09]
 [-2.82902170e+05  2.21365031e-08]
 [-7.70319501e+05  1.63640045e-08]
 [-1.91256922e+06  1.94060374e-09]
 [-1.03652100e+06  2.11851366e-09]
 [-1.59031356e+05  3.19713555e-09]
 [-5.45346605e+05  7.45714732e-09]
 [-4.55199791e+05  3.47779276e-09]
 [-1.26983352e+06  1.33329355e-08]
 [-2.14576357e+05  4.70772986e-09]
 [-3.88034143e+05  1.45187690e-08]
 [-3.13145298e+06  5.45843266e-08]
 [-8.95449084e+05  1.12644745e-08]
 [-4.88086924e+05  1.66701703e-07]
 [-3.80032356e+05  2.89676526e-08]
 [-2.67575417e+06  2.19235106e-09]
 [-1.29661440e+06  1.91585250e-08]
 [-5.39021680e+05  2.64243228e-08]
 [-3.72091092e+06  3.06246293e-09]
 [-9.47535141e+05  3.26971705e-09]
 [-3.02559902e+05  1.78816486e-07]
 [-4.00765734e+06  4.83901541e-09]
 [-5.68633976e+06  3.38194312e-08]
 [-3.45174204e+06  1.14931417e-08]
 [-2.09381087e+06  1.92949793e-09]
 [-2.51097650e+06  6.24203461e-09]
 [-4.23969132e+05  5.95107689e-09]
 [-2.08563479e+06  5.89051127e-09]
 [-1.27515824e+06  3.79827702e-08]
 [-5.71396553e+05  1.89120220e-09]
 [-1.52537952e+06  2.27492917e-09]
 [-9.24731676e+05  5.13367061e-08]
 [-4.48848963e+05  1.20465243e-07]
 [-1.08594513e+06  4.05507465e-08]
 [-1.45891358e+06  7.35916939e-09]
 [-4.59492560e+06  3.40965363e-09]
 [-1.84963463e+06  5.70647961e-09]
 [-1.36074867e+06  2.79682937e-09]
 [-9.00734037e+05  3.08034784e-09]
 [-3.45374677e+05  3.34968566e-08]
 [-5.19180414e+05  2.38959050e-08]
 [-6.68675888e+05  4.69968527e-09]
 [-1.05622878e+06  4.63026814e-08]
 [-1.35714561e+06  1.24722326e-08]
 [-2.84696588e+05  2.42190612e-09]
 [-3.20862842e+05  1.89485415e-07]
 [-9.37038384e+05  3.62838730e-09]
 [-2.84934804e+05  2.97324468e-09]
 [-8.78764913e+05  5.60512827e-09]
 [-5.18797987e+06  1.02492532e-08]
 [-1.72277629e+06  4.05197260e-08]
 [-6.47832339e+05  8.55664883e-09]
 [-1.11689617e+06  2.60511318e-08]
 [-7.79890116e+05  2.69837892e-09]
 [-4.02174623e+05  2.27839811e-07]
 [-1.98617263e+05  1.93441019e-08]
 [-1.14116587e+06  7.94260691e-09]
 [-2.91252704e+06  1.53641391e-09]
 [-5.79235437e+05  2.68496605e-09]
 [-2.93627979e+05  1.56608007e-08]
 [-1.98535958e+05  2.50974108e-09]
 [-4.42529889e+05  1.81910907e-08]
 [-3.18183296e+06  2.90204030e-08]
 [-2.77930362e+06  4.24473701e-09]
 [-9.28117470e+05  9.50389591e-09]
 [-1.59451627e+06  1.96503687e-09]
 [-3.80464347e+05  5.22819787e-09]
 [-5.94621459e+05  6.36232034e-09]
 [-3.94798054e+05  4.67845467e-08]
 [-2.71784934e+06  2.89934716e-09]
 [-6.23363180e+06  2.95301844e-09]
 [-4.96864207e+05  1.56155708e-08]
 [-1.45411389e+06  8.55276147e-09]
 [-1.48117186e+06  5.40851946e-08]
 [-1.40435009e+06  3.29582866e-09]
 [-4.88463923e+05  2.25122495e-09]
 [-4.85501053e+05  5.53224198e-09]
 [-2.20673108e+06  2.30267559e-08]
 [-4.20247764e+05  2.11395541e-08]
 [-2.93533756e+06  2.67998461e-09]
 [-1.95460219e+06  3.45833046e-09]
 [-1.63163975e+06  1.14159038e-07]
 [-2.51477226e+06  5.03202002e-08]
 [-4.37681673e+05  1.70350766e-08]
 [-3.27630972e+06  1.01312927e-07]
 [-3.83945880e+06  1.78221380e-09]
 [-1.81828153e+05  2.12488936e-07]
 [-8.11992899e+05  1.64076233e-08]
 [-3.52740224e+06  8.25673165e-09]
 [-1.65247679e+05  2.17235195e-09]
 [-2.82065247e+05  2.34055864e-08]
 [-5.13961465e+05  9.55026360e-09]
 [-1.03850972e+05  1.13820067e-08]
 [-1.45365131e+06  2.26410346e-09]
 [-7.54270818e+05  2.89732221e-09]
 [-3.76754140e+05  1.08479701e-07]
 [-2.53487902e+06  2.32606342e-09]
 [-1.44378250e+06  6.82137850e-08]
 [-5.48834860e+05  6.51598259e-09]
 [-2.79006219e+05  1.81009686e-09]
 [-1.26635474e+06  2.40466899e-09]
 [-4.37686341e+05  1.80885582e-09]
 [-2.29430261e+05  1.03746204e-08]
 [-1.10889712e+06  4.00938987e-09]
 [-6.33311857e+06  8.56984966e-09]
 [-5.39175552e+06  5.30577468e-08]
 [-2.39933361e+05  9.11502232e-08]
 [-3.02790811e+05  2.14755368e-09]
 [-5.63664396e+05  5.52958127e-09]
 [-5.12618376e+05  1.13441170e-07]
 [-1.75601969e+06  3.01103436e-08]
 [-2.31365965e+06  3.46470972e-09]
 [-2.54196775e+05  2.62777457e-08]
 [-5.42469844e+05  6.84178268e-09]
 [-5.08456215e+05  3.47297935e-09]
 [-1.17168414e+06  1.44504640e-08]
 [-4.49551520e+06  2.17088682e-09]
 [-4.67372229e+05  2.82357180e-09]
 [-4.46179425e+05  6.51773149e-09]
 [-2.57924359e+06  1.55344720e-09]
 [-3.19050528e+06  9.32415893e-09]
 [-3.24635154e+05  7.58598345e-09]
 [-1.46165543e+06  3.64468362e-08]
 [-3.17798844e+06  4.91241012e-09]
 [-8.60687292e+05  6.64349326e-08]
 [-2.69781555e+06  1.71413955e-07]
 [-2.47222793e+05  2.17033253e-09]
 [-1.05025654e+06  3.70346641e-09]
 [-2.31376930e+06  1.49031853e-08]
 [-1.12509590e+06  1.76094602e-09]
 [-8.44624140e+05  2.93402738e-08]
 [-1.27620498e+06  2.34877729e-09]
 [-7.73700073e+05  1.25548850e-07]
 [-5.24758816e+05  3.46163098e-09]
 [-1.32069985e+06  3.67937634e-09]
 [-2.86551751e+06  1.73912874e-09]
 [-8.71996293e+05  4.97810213e-08]
 [-5.75357034e+05  2.45120478e-09]
 [-8.13402907e+05  5.20733721e-09]
 [-9.14153948e+05  9.54619975e-09]
 [-6.45670745e+05  3.62917175e-08]
 [-1.49027615e+06  2.64523596e-09]]
