[[-6.08692855e+06  6.89877557e-09]
 [-9.60957735e+05  1.97818721e-07]
 [-1.32740727e+06  2.50938764e-09]
 [-1.63343360e+06  5.38093351e-07]
 [-3.54154355e+06  9.55806640e-09]
 [-4.52025724e+06  1.22988065e-08]
 [-4.27766077e+05  1.48447201e-08]
 [-2.77721058e+06  2.47042652e-08]
 [-8.62949682e+04  7.27415985e-07]
 [-6.79795516e+05  1.47411664e-07]
 [-5.30059702e+06  1.31190875e-07]
 [-1.19060843e+06  8.94187366e-08]
 [-5.75913676e+06  1.46225742e-07]
 [-1.04755050e+06  5.56630173e-08]
 [-1.82809150e+06  4.51459901e-07]
 [-4.75261499e+06  4.05704671e-09]
 [-3.57919101e+05  9.15863106e-07]
 [-6.90332555e+05  1.53611222e-07]
 [-4.11804566e+06  4.87471061e-08]
 [-7.99728228e+06  4.88723810e-05]
 [-3.59070385e+05  2.89880474e-08]
 [-2.15241784e+06  1.44832225e-07]
 [-2.05292149e+06  6.22021019e-08]
 [-6.90464928e+04  2.10883897e-08]
 [-4.01180970e+06  4.31910337e-09]
 [-1.23562638e+06  3.02502498e-09]
 [-6.16750497e+06  3.42009995e-06]
 [-6.08894587e+06  7.47894483e-09]
 [-1.41207189e+06  4.31939737e-08]
 [-3.76857988e+06  8.30768058e-08]
 [-7.68587031e+06  1.36369103e-08]
 [-7.96702152e+05  1.73825432e-08]
 [-1.51874501e+06  1.87741952e-08]
 [-2.46358597e+06  3.22015125e-08]
 [-7.77800677e+04  2.18381123e-07]
 [-1.65490799e+06  5.44711905e-08]
 [-1.43884604e+05  2.55644707e-08]
 [-1.86506467e+06  3.17289819e-07]
 [-1.57015314e+06  6.53399920e-08]
 [-8.99583691e+05  8.31232086e-08]
 [-1.07988560e+06  8.15566862e-09]
 [-8.16520794e+05  9.73985135e-06]
 [-5.12792760e+05  3.21563532e-09]
 [-3.87692152e+06  1.43701646e-08]
 [-3.91967077e+05  4.61239665e-06]
 [-9.69729347e+05  6.34285200e-07]
 [-3.65023928e+05  2.61324701e-07]
 [-4.08071645e+06  3.04634520e-07]
 [-7.32040102e+05  1.35824834e-08]
 [-2.65202400e+06  3.31829065e-07]
 [-1.38848215e+06  3.30553852e-08]
 [-7.55331237e+04  1.06326056e-07]
 [-1.60836336e+06  4.06956044e-09]
 [-3.96381839e+06  4.57707904e-08]
 [-2.30553516e+05  3.61701341e-08]
 [-5.10778826e+05  1.06159174e-08]
 [-2.88597086e+05  3.74763180e-07]
 [-1.76029519e+06  3.05626127e-08]
 [-1.89778591e+06  8.76117197e-07]
 [-7.13503231e+06  1.06859196e-08]
 [-5.08402552e+05  1.78630971e-08]
 [-2.53177479e+06  4.75389408e-08]
 [-3.26279268e+06  5.25545033e-07]
 [-1.65343546e+06  4.51023374e-05]
 [-2.98336177e+06  9.85233753e-09]
 [-8.30722144e+05  2.26555997e-07]
 [-6.03918352e+05  1.69445057e-07]
 [-2.54967831e+06  1.02958906e-08]
 [-2.87488688e+06  2.56338535e-06]
 [-3.05970653e+03  1.34478382e-04]
 [-2.18777842e+06  3.11877409e-08]
 [-1.09642149e+05  3.42744283e-08]
 [-2.93511556e+06  9.81892361e-08]
 [-2.29378327e+06  9.49956174e-09]
 [-5.61153170e+06  2.72980005e-06]
 [-2.23661647e+06  3.87435855e-09]
 [-3.06425492e+06  1.14866393e-07]
 [-1.25232054e+04  1.34620545e-07]
 [-1.86244203e+05  2.27701527e-06]
 [-3.49719554e+06  3.10039606e-09]
 [-7.70155598e+06  5.74514746e-06]
 [-5.10261580e+06  1.62389635e-08]
 [-5.75087031e+06  1.28818535e-07]
 [-2.86089618e+05  5.87063669e-07]
 [-5.92745649e+06  1.73644395e-06]
 [-5.57832949e+05  7.92993469e-08]
 [-5.58701815e+05  9.44998155e-07]
 [-1.19070785e+06  3.16951650e-08]
 [-3.68539591e+05  1.05937568e-07]
 [-2.19807480e+06  7.68651692e-09]
 [-4.27844360e+06  1.53338436e-05]
 [-2.19685102e+06  2.44661542e-08]
 [-1.58823099e+05  1.36677924e-07]
 [-1.34461304e+06  9.07096477e-09]
 [-1.61244362e+06  1.58397720e-06]
 [-2.81401971e+06  3.97991059e-08]
 [-1.35122957e+06  2.46548420e-08]
 [-8.50359710e+04  4.30553297e-06]
 [-2.83903824e+06  5.63712049e-08]
 [-1.41100835e+06  4.90148740e-09]
 [-5.45060967e+06  5.60201049e-05]
 [-1.20292620e+06  1.75699105e-05]
 [-2.40355133e+06  3.11595578e-08]
 [-1.93357189e+06  4.45701065e-09]
 [-3.95805485e+05  2.42875015e-08]
 [-1.05168672e+06  1.59291878e-08]
 [-6.47788068e+06  1.19830084e-05]
 [-1.20299399e+06  3.53948387e-09]
 [-7.35695553e+06  1.33045670e-08]
 [-1.17054397e+05  3.20497860e-08]
 [-1.18702132e+06  8.81008518e-05]
 [-6.22912165e+05  1.30271713e-07]
 [-1.18710716e+06  2.81227895e-08]
 [-1.92600233e+05  3.87133618e-07]
 [-9.88745193e+05  1.04314225e-08]
 [-5.71504222e+05  9.60137583e-07]
 [-1.40179954e+06  8.02532951e-09]
 [-6.02138117e+06  1.78146054e-04]
 [-5.62562282e+05  1.56276519e-07]
 [-2.38213009e+06  7.96021131e-08]
 [-4.20079012e+03  9.16312258e-08]
 [-3.71994155e+06  1.00171250e-08]
 [-3.27529881e+06  1.16970591e-08]
 [-9.46615053e+05  7.05194774e-09]
 [-2.08518799e+06  7.72466795e-09]
 [-2.35114235e+06  2.16177994e-08]
 [-4.63402921e+06  2.95834879e-09]
 [-3.94905490e+06  2.95591005e-09]
 [-7.82974144e+05  2.77170854e-08]
 [-2.07020490e+06  5.06594740e-09]
 [-4.45493234e+05  1.74717933e-06]
 [-5.64486888e+06  2.08023978e-07]
 [-1.00307408e+06  1.25920026e-07]
 [-7.00758916e+06  4.90518665e-07]
 [-1.74355017e+06  7.54435923e-08]
 [-5.56747639e+06  1.71885008e-04]
 [-1.58448106e+05  8.02440036e-08]
 [-2.96587149e+06  3.92488383e-09]
 [-6.59073238e+06  2.42832792e-08]
 [-2.20754965e+06  8.41597718e-09]
 [-2.84705485e+06  3.70035258e-07]
 [-3.36850911e+06  1.27986928e-07]
 [-1.31422641e+06  9.26878442e-09]
 [-9.28623252e+05  2.91597197e-08]
 [-3.47952901e+06  3.47773706e-08]
 [-4.23846274e+06  1.05507821e-08]
 [-3.80679405e+06  2.69716546e-09]
 [-1.95823892e+06  7.09232564e-08]
 [-4.29335691e+05  1.43559909e-08]
 [-4.54128823e+06  9.35290192e-09]]
