[[-5.99932059e+06  3.51762762e-08]
 [-4.88254711e+04  2.98725567e-09]
 [-3.26617041e+05  1.00938639e-05]
 [-1.09492535e+06  3.13880238e-07]
 [-7.84801914e+05  3.38769712e-08]
 [-1.08425997e+06  3.96415110e-08]
 [-2.71222749e+05  2.18535962e-08]
 [-8.15287758e+04  7.30002296e-08]
 [-2.81588965e+06  8.83226682e-09]
 [-1.46912328e+06  1.92558913e-08]
 [-3.84462460e+06  1.50753242e-08]
 [-3.38142191e+05  2.06850027e-06]
 [-8.61957586e+05  1.04799033e-08]
 [-6.72620368e+05  3.33304660e-09]
 [-7.43001001e+05  1.62470436e-07]
 [-8.75351146e+04  1.78382838e-08]
 [-6.19713684e+05  2.31753559e-09]
 [-2.24762344e+06  1.70298023e-09]
 [-7.78008505e+04  7.96843286e-08]
 [-2.37602503e+06  3.25686817e-07]
 [-3.50707912e+05  8.91962157e-09]
 [-1.22138623e+06  6.62015907e-07]
 [-8.04970167e+05  1.36269159e-08]
 [-1.75352723e+06  3.03591608e-07]
 [-7.26498671e+05  1.42981365e-06]
 [-6.55190109e+04  4.85952330e-07]
 [-3.61266262e+06  3.03490156e-09]
 [-1.20028713e+05  1.10311655e-07]
 [-2.21633229e+05  1.96791458e-07]
 [-4.33219314e+05  7.37277291e-09]
 [-1.29779000e+06  8.45139709e-09]
 [-5.09247020e+04  2.17224987e-07]
 [-4.63785669e+05  4.59611154e-09]
 [-1.99324545e+05  1.92367477e-09]
 [-2.33617834e+05  1.80317551e-08]
 [-8.43702948e+05  5.30919970e-09]
 [-2.31373184e+05  1.42078451e-06]
 [-6.29414713e+05  2.50698548e-08]
 [-4.37137066e+05  2.62885137e-09]
 [-5.26249041e+06  3.95389732e-09]
 [-2.63416286e+05  3.55868075e-09]
 [-6.77830979e+05  7.99378474e-09]
 [-6.35456886e+05  1.02748772e-08]
 [-2.63329732e+06  3.45588945e-08]
 [-5.04577369e+05  1.11731783e-07]
 [-5.07958154e+06  3.10094080e-07]
 [-2.16828501e+05  2.61897161e-09]
 [-1.10172669e+05  5.46512189e-09]
 [-4.81059811e+06  9.08832364e-09]
 [-1.86695795e+06  3.08510704e-08]
 [-4.12289340e+05  4.82536359e-09]
 [-1.98759567e+05  1.46552974e-08]
 [-4.57323082e+06  4.45167960e-09]
 [-7.43238299e+05  7.39347010e-09]
 [-4.82956357e+05  4.10417521e-09]
 [-5.68205834e+05  2.92252292e-06]
 [-1.00503135e+06  1.95565132e-07]
 [-1.77536133e+05  3.29233180e-09]
 [-2.69971595e+05  2.29824019e-09]
 [-5.21610036e+06  3.45744332e-09]
 [-1.44563614e+06  2.91739854e-07]
 [-1.65753420e+06  3.39390459e-09]
 [-2.58752792e+03  2.68034554e-09]
 [-5.84001255e+05  4.06795686e-09]
 [-1.68023541e+06  1.72355181e-08]
 [-3.78121398e+04  5.67985957e-09]
 [-1.76137487e+05  1.06921660e-07]
 [-1.46236534e+05  4.41112014e-09]
 [-7.13619012e+05  3.19329521e-08]
 [-1.67748819e+06  2.56642824e-07]
 [-5.89779770e+04  8.35817168e-09]
 [-2.27505878e+05  2.63353841e-08]
 [-1.23651179e+06  5.34466689e-07]
 [-1.45959052e+05  7.49365099e-09]
 [-3.26817204e+05  5.31162055e-08]
 [-9.14651614e+05  3.59705007e-08]
 [-1.78190454e+06  2.37818128e-08]
 [-1.33652839e+06  7.69421866e-09]
 [-1.06749853e+05  7.20321061e-08]
 [-5.10383447e+05  7.89342621e-08]
 [-3.94138902e+05  5.20100004e-09]
 [-3.67900373e+06  4.36284775e-07]
 [-6.96320283e+05  8.70212577e-08]
 [-7.78801964e+04  3.73426379e-09]
 [-8.61735201e+04  1.48481067e-05]
 [-3.79403599e+05  2.37967084e-08]
 [-5.72402817e+05  2.56076321e-09]
 [-9.14520033e+04  3.74525400e-08]
 [-2.91731810e+06  7.11023901e-09]
 [-1.57434118e+05  2.93085568e-07]
 [-6.62721613e+05  4.87386380e-09]
 [-1.44744796e+05  4.19148822e-08]
 [-4.28858664e+05  1.04092841e-08]
 [-3.49872322e+05  1.10712311e-08]
 [-1.92239928e+06  8.61546631e-09]
 [-1.07029019e+05  2.12876285e-07]
 [-3.43714553e+06  2.72662542e-09]
 [-1.42222941e+06  2.04025438e-06]
 [-1.10140530e+06  3.45228356e-09]
 [-4.65465427e+05  3.43775826e-09]
 [-7.27048578e+05  3.35563891e-07]
 [-2.22147012e+06  2.44162310e-08]
 [-6.59404397e+05  3.72286485e-09]
 [-1.41080687e+05  5.97072317e-09]
 [-1.95334372e+05  4.53947408e-08]
 [-6.24726813e+04  2.36430963e-08]
 [-1.33741379e+06  4.82405165e-08]
 [-6.18641356e+04  2.63095477e-07]
 [-9.58219746e+05  1.44534138e-08]
 [-1.59114666e+06  6.37230268e-07]
 [-3.69666623e+05  4.87071299e-09]
 [-4.39859665e+04  6.23380196e-08]
 [-1.26468176e+06  5.75039941e-09]
 [-1.90255256e+06  2.67463348e-09]
 [-9.25672051e+05  2.73682039e-08]
 [-3.18670413e+06  1.96250036e-08]
 [-8.90339859e+04  4.69257457e-08]
 [-2.01576584e+06  2.42866672e-07]
 [-4.51362551e+05  4.34999432e-09]
 [-1.94990388e+05  1.28912749e-05]
 [-1.00357396e+06  1.89164648e-08]
 [-1.46967973e+06  7.75042266e-09]
 [-4.57309766e+06  3.52172764e-08]
 [-4.17454025e+05  8.36556611e-09]
 [-1.73942635e+04  8.83953116e-09]
 [-3.45774857e+05  9.63663951e-07]
 [-1.75977320e+05  8.37503355e-06]
 [-1.95686279e+06  3.07707303e-07]
 [-2.58185947e+06  3.47717503e-09]
 [-1.23315473e+05  6.63305799e-06]
 [-3.21765140e+05  6.27218089e-09]
 [-1.22128196e+06  1.07999113e-08]
 [-6.24983581e+05  2.10853697e-08]
 [-4.33873239e+06  2.25911030e-08]
 [-1.07274471e+06  5.27782106e-09]
 [-8.39374130e+05  2.16108753e-08]
 [-6.33560445e+04  2.73838635e-07]
 [-1.22278456e+05  4.88977939e-06]
 [-2.04339066e+05  2.73353769e-08]
 [-1.44736525e+06  1.10924762e-05]
 [-2.54626041e+06  3.77324512e-06]
 [-1.10446477e+05  6.06246051e-09]
 [-1.86981767e+06  2.35756451e-08]
 [-2.22206255e+06  4.05300297e-09]
 [-4.09260724e+05  2.17472343e-08]
 [-3.03185289e+05  1.63031499e-06]
 [-3.32739484e+06  4.84815129e-06]]
