[[-4.78228732e+05  1.29668734e-07]
 [-4.33680040e+06  1.99167700e-09]
 [-1.39032660e+06  1.68820692e-09]
 [-2.56997172e+05  2.00373161e-09]
 [-1.22210584e+05  9.12332935e-08]
 [-3.75592208e+05  5.08322237e-08]
 [-1.77456750e+05  1.57990119e-08]
 [-6.94100613e+05  3.35998466e-09]
 [-2.10841053e+05  3.14665014e-07]
 [-1.13885651e+05  3.85199978e-07]
 [-4.52613388e+06  3.87095958e-09]
 [-1.56030011e+06  1.89846582e-08]
 [-1.56175147e+06  3.37804495e-09]
 [-7.20799577e+05  2.11592293e-08]
 [-3.42302560e+05  9.73393098e-09]
 [-2.82320910e+05  2.74069884e-09]
 [-9.19962630e+05  3.51820574e-08]
 [-3.05389391e+05  4.86480574e-09]
 [-1.01393428e+05  4.66956202e-09]
 [-3.89932903e+05  1.04796225e-06]
 [-2.28215865e+05  4.82575618e-09]
 [-1.55279462e+05  2.95535895e-08]
 [-7.87919441e+05  7.44139084e-07]
 [-3.15977990e+05  6.15179266e-09]
 [-4.19427999e+05  4.86905018e-09]
 [-2.05427488e+05  3.23236951e-07]
 [-8.06324688e+05  6.25260919e-09]
 [-2.31432444e+06  9.03558510e-08]
 [-3.08223952e+04  2.13313141e-09]
 [-1.52578265e+06  4.72396141e-08]
 [-2.00351774e+05  5.70085776e-09]
 [-2.25528615e+05  1.06494228e-08]
 [-3.62802533e+06  3.32493974e-08]
 [-4.80292289e+04  8.13920617e-09]
 [-1.98666246e+04  7.55420249e-07]
 [-1.96937212e+05  6.71733386e-09]
 [-4.23730378e+05  1.75576500e-09]
 [-1.29739983e+05  3.56505941e-08]
 [-2.29013230e+06  2.55290585e-08]
 [-2.33117297e+06  2.00585311e-09]
 [-9.59884355e+05  1.82559483e-08]
 [-5.53591408e+04  2.12073126e-06]
 [-2.60361584e+05  1.97555430e-09]
 [-2.92536522e+04  4.43494581e-09]
 [-5.30254001e+05  1.14101963e-06]
 [-1.78984489e+05  1.11898679e-06]
 [-2.54323682e+06  6.21785677e-09]
 [-5.27861365e+05  3.39226251e-09]
 [-6.29566571e+06  2.35774246e-08]
 [-1.60697550e+06  7.51732598e-07]
 [-5.02176925e+04  5.28186729e-09]
 [-3.17060294e+06  1.15322183e-08]
 [-3.38051995e+05  9.93738108e-09]
 [-9.07073890e+04  1.74451075e-08]
 [-1.01759404e+05  2.54108810e-07]
 [-8.48850380e+05  9.58963424e-08]
 [-5.60352793e+06  1.03856264e-08]
 [-5.83782653e+05  3.73159449e-09]
 [-3.95525891e+04  5.81267867e-09]
 [-1.43452388e+05  1.47077786e-08]
 [-1.30876588e+06  1.93476372e-07]
 [-5.38389433e+05  8.31010617e-08]
 [-9.43140640e+05  3.01754016e-08]
 [-2.66373802e+06  8.83307117e-08]
 [-5.26410087e+05  1.24457152e-06]
 [-7.29343791e+05  5.27414617e-09]
 [-1.85006214e+06  1.00443924e-08]
 [-6.20616304e+05  8.70952893e-09]
 [-1.88232368e+06  3.00140434e-09]
 [-8.64912993e+04  2.20471007e-08]
 [-3.79052272e+05  4.31541031e-09]
 [-2.27312916e+05  7.21750709e-09]
 [-1.93033036e+05  2.08172753e-09]
 [-2.18192733e+06  2.68310640e-07]
 [-3.63418647e+05  2.10294789e-08]
 [-2.43365206e+05  8.91709611e-09]
 [-9.31268471e+04  5.97494889e-09]
 [-7.47519250e+04  1.01414829e-08]
 [-3.46133102e+05  4.59011137e-09]
 [-9.82246979e+04  1.92827302e-07]
 [-4.82571038e+04  8.62072403e-09]
 [-2.54098884e+04  6.52184408e-07]
 [-2.78509692e+05  1.25407793e-08]
 [-3.18366049e+05  5.73403309e-09]
 [-4.60778966e+05  2.69016916e-09]
 [-1.75330461e+05  8.35571529e-09]
 [-5.87186288e+05  2.76446663e-09]
 [-2.18498776e+05  3.15491743e-09]
 [-7.78497766e+04  5.17579580e-08]
 [-1.27457853e+06  4.06238143e-08]
 [-1.19352521e+06  3.20430317e-07]
 [-8.72247308e+04  1.06648176e-07]
 [-1.27690378e+06  4.87928425e-09]
 [-1.24693024e+06  2.94174991e-08]
 [-1.72335664e+06  2.87518147e-09]
 [-1.49752344e+05  4.67077339e-08]
 [-4.31036658e+04  2.54694282e-05]
 [-3.85327402e+05  4.50303657e-09]
 [-8.13788373e+04  6.08355572e-06]
 [-6.74490105e+04  3.61976541e-07]
 [-2.19340905e+06  6.35301079e-09]
 [-3.72000738e+06  3.12177611e-09]
 [-1.29462344e+05  6.02145713e-07]
 [-1.90117499e+05  8.13562894e-06]
 [-3.25761543e+04  2.35694474e-08]
 [-2.90953478e+05  2.18484341e-09]
 [-1.01706120e+06  1.62218292e-09]
 [-8.77575314e+05  7.92941926e-09]
 [-6.39101432e+05  7.17384213e-09]
 [-9.99563024e+05  3.77320217e-09]
 [-1.04246171e+05  2.39305499e-09]
 [-2.17537440e+05  9.68037423e-09]
 [-4.38022438e+05  1.04412230e-08]
 [-3.03434850e+06  6.55220602e-07]
 [-4.31137785e+05  2.50770752e-07]
 [-8.13522756e+05  1.95117222e-08]
 [-1.66373839e+05  1.79844040e-06]
 [-6.07022517e+06  2.53716218e-09]
 [-1.19352164e+04  4.49057701e-08]
 [-7.39338632e+05  1.68694093e-08]
 [-3.26344108e+04  4.00878790e-09]
 [-1.02103172e+06  1.40432333e-07]
 [-1.41653271e+06  5.56894104e-09]
 [-1.13303340e+06  9.21131857e-09]
 [-4.50167270e+05  4.07535798e-09]
 [-2.40072690e+05  1.53902116e-07]
 [-2.22531975e+06  1.06184038e-06]
 [-2.12952879e+06  6.83605662e-05]
 [-3.09639478e+06  9.15163484e-09]
 [-1.34747312e+06  8.24001658e-08]
 [-2.63441157e+06  1.43808831e-08]
 [-2.30701085e+06  1.59454646e-09]
 [-9.41863250e+04  2.52942119e-07]
 [-5.92349509e+05  6.54245254e-09]
 [-3.83313459e+05  2.65323467e-08]
 [-3.59626114e+06  2.94520824e-09]
 [-2.52135337e+06  1.53738557e-09]
 [-1.73445788e+05  6.96843506e-09]
 [-2.33320728e+05  1.87549116e-07]
 [-2.49941508e+06  1.64742101e-09]
 [-2.11080882e+05  2.15256653e-08]
 [-2.81749730e+05  4.12526577e-09]
 [-3.45146115e+06  1.12898616e-08]
 [-2.09813354e+06  1.10513167e-07]
 [-1.75912771e+06  2.01640009e-09]
 [-1.49218455e+05  2.68831488e-08]
 [-6.99829404e+05  2.06066708e-09]
 [-5.36021010e+05  4.20978261e-09]
 [-1.00427089e+05  7.96316204e-09]
 [-4.12467749e+04  3.39886338e-09]]
