[[-158.80265818  -62.78825265 -113.39457349 -121.6944091 ]
 [-112.2157705   -62.51064251 -107.98148304  -93.87441909]
 [-177.22355252 -108.74686159 -107.73173425 -139.6627021 ]
 [-156.79724105 -117.54784541 -137.76817723 -107.58743056]
 [-128.65191481 -166.79279587  -64.14160993 -110.7658834 ]
 [-151.24497509 -161.09989037  -88.34657075 -127.82998484]
 [-135.25299087 -146.66050319 -158.90531429 -110.27095063]
 [-141.57805002 -107.40924982  -93.59677666 -103.55058828]
 [-168.94296263  -54.23028841  -88.99244431  -78.48259328]
 [-137.54179759  -89.16884577 -197.50836931 -108.92666784]
 [-162.53168526 -153.09412215 -132.25398729  -56.88129114]
 [-148.72673164 -165.73990075  -48.09557222 -146.7357266 ]
 [-190.3770996   -67.18670311  -66.86361756  -43.3751967 ]
 [-140.20385228 -129.22582382 -183.84445585  -76.48608104]
 [-180.45117435 -128.09404707 -151.41278073 -166.65053791]
 [ -88.17739246 -107.77628053 -144.02844705  -64.29072923]
 [-120.26889777 -158.02269834 -162.08450631  -55.21351405]
 [-142.97374569 -108.80896971 -117.805869    -84.84741124]
 [-170.44363673 -100.00524943 -146.0896157   -74.85996172]
 [-132.70394931  -57.70867509 -166.17173839 -114.81186153]
 [-189.57768767 -156.35861571  -51.37942471 -130.72261998]
 [-194.9491697  -143.36544394 -175.28994871 -109.96909563]
 [-189.63398101  -43.75727456 -136.06602946 -182.84086534]
 [-167.43954795  -58.70582387 -119.81040605  -85.59968715]
 [-168.86361486  -62.31928988 -159.02615537 -138.58129663]
 [-137.55409333  -52.11968848  -41.39906995 -110.34934831]
 [-117.19845462 -140.87429067  -57.19098868  -96.76197112]
 [-172.48017918 -185.60597479  -73.23900292 -137.68964485]
 [-158.33210038 -162.84728237 -113.49349892 -122.66252466]
 [-168.88405925  -50.94923174 -113.7725668   -92.39372522]
 [-114.37666255 -102.58519198 -171.98172794  -41.62185159]
 [-181.67847354 -107.16888945 -198.59656201 -116.91112483]
 [-152.2864013   -83.92511209 -150.88920717  -50.74607154]
 [-177.65372367 -142.57364254 -167.48429986 -158.35198161]
 [-172.11225724 -136.54886891 -187.081014   -131.53576122]
 [ -95.55375225 -154.01726426 -106.21326771  -47.53531888]
 [-194.12611592 -166.77354052  -90.15231978  -74.45292832]
 [-160.39168753 -172.94689113  -85.33000551 -108.451115  ]
 [-191.98608377 -107.12583974 -188.42948806  -40.44902732]
 [ -74.15487346 -141.88616892 -189.10931048  -67.2178217 ]
 [-163.3983901  -198.98704891  -62.75385114  -61.54328786]
 [-162.2070285  -142.86612417  -78.85181277 -157.53640016]
 [-130.17519148 -185.82100037 -167.47214016 -128.19131501]
 [ -93.47602306 -178.85211007 -182.60493614  -66.2907603 ]
 [-177.40415672 -122.61694134  -60.36157431 -123.61630237]
 [-190.0281764  -120.04784317 -141.81160645 -167.52903524]
 [ -76.15908182 -191.77767752  -47.84507462  -74.83371358]
 [ -90.69662786 -146.40519283  -74.70380898  -56.9730671 ]
 [-192.01566145 -132.58943234 -195.39222962 -157.70914593]
 [-182.18009143  -98.44045081 -138.54161075 -144.89241254]
 [-160.3031958  -146.03970125 -109.7480213  -100.97664976]
 [-151.11530887  -79.61774801 -189.10833474  -82.78069263]
 [-125.56417029 -170.69053018  -68.18417891  -53.02175628]
 [-100.61217012 -129.21214125 -178.45017835  -84.99492518]
 [-137.63499917  -68.40341677 -111.99165521  -51.82185702]
 [-138.66292642 -199.70009571 -179.32625513  -72.76570686]
 [-185.33105794  -76.13762065  -55.43325017 -178.80062687]
 [-182.01111951 -100.34904308 -149.50159508 -130.00238701]
 [-150.54540275 -120.21612767  -72.85553936 -127.51484079]
 [-195.52336079 -187.89263316 -154.81780731  -92.92769079]
 [-162.80605822  -54.2748738  -168.59917008  -49.49089295]
 [-182.06860565 -169.56746631 -125.90971501  -74.01812133]
 [-169.86731108  -91.43775102 -116.90979957 -112.76576654]
 [-184.81654607  -70.47873905 -151.93303058 -112.2753878 ]
 [-164.93437357 -119.09803578  -77.82121629  -81.46281028]
 [-119.36732859 -128.92541146 -165.39772525 -104.85554253]
 [-142.62960876 -123.4700094   -42.05951198  -59.00098172]
 [-187.42531548  -77.31536876 -178.1171807  -149.10691853]
 [-192.53220341  -62.50823426  -64.21667932 -190.01923802]
 [-119.22359376 -179.35626291 -120.0647615   -44.50436999]
 [-118.92301747 -199.05487392  -57.4807635   -76.17098005]
 [-157.26661167  -80.4233456   -60.01449357 -156.19998527]
 [ -82.20084754  -82.93105358  -80.09480678  -43.81062715]
 [-159.80678486  -94.63696705  -93.90518897 -144.04537539]
 [-154.55528501 -133.24826751 -131.26028154 -121.43771011]
 [-193.44423599 -175.58014514 -169.52250332  -60.62395887]
 [-153.30767842 -160.10823389 -162.56832054  -75.1521418 ]
 [-140.26998409 -138.35568122 -126.50947177  -44.86316206]
 [-187.41557725 -167.46667467  -71.60761171 -112.53241431]
 [ -90.47807027 -190.81886826 -125.44391938  -41.03542445]
 [-150.06691363  -50.99564771  -88.77549286 -145.55312948]
 [-128.00270526 -145.23752713  -82.17736697  -81.40661986]
 [-128.57428519  -72.50081783  -81.09962165 -115.15932846]
 [-190.19280082 -199.99756644 -184.9163946   -87.75143999]
 [-121.39951918  -69.38228228 -148.67093322  -48.44116083]
 [-183.99742739 -179.94657522  -90.36984527 -148.66852444]
 [ -91.89644748  -74.72804522 -180.00734421  -73.14137297]
 [-172.98223593 -120.77631339 -115.75638465  -88.84653971]
 [-154.45415876 -178.43870335  -73.98337385 -143.65815729]
 [-158.77138655 -122.68637231  -88.24165362 -140.89156607]
 [-139.15457399  -71.58492478 -104.50139055 -129.21984609]
 [-155.48576038  -56.78540353 -119.97479168  -72.31522912]
 [-165.81251655 -192.04586598 -177.45953086 -132.10602577]
 [-131.0431786  -156.7967617  -113.92157014  -95.91590973]
 [-102.53829025 -129.23258198 -158.73177694  -49.92234502]
 [-182.52977233 -195.09570651 -162.63503777 -107.61798858]
 [-148.65469173 -158.49552442  -85.05790518 -127.55915572]
 [ -55.18519573 -189.54611677 -167.10397794  -47.73347562]
 [ -86.87746005  -63.83807499 -103.73101506  -48.90267714]
 [-138.24379157 -125.68910094 -154.15073683  -86.55389217]
 [-136.71332819 -182.45548439  -59.06637235  -48.94859487]
 [-194.12048922 -137.92875788 -142.49005074  -53.25455808]
 [-187.40668807 -173.48991994  -67.10798522 -168.68247859]
 [ -79.2270684   -80.80664606  -73.35890099  -66.73356301]
 [-128.74675843 -185.61264545 -180.93174263  -78.11854314]
 [-173.74662476 -182.70462156  -90.62113079 -132.62886679]
 [-128.65050843 -113.85380276  -41.98436843  -45.97947832]
 [-151.10665579 -172.75644442 -143.14606665  -55.26584206]
 [-122.35447427 -126.26257769  -62.02552337  -67.23161162]
 [-178.57840513 -113.54382331  -89.28307288 -155.07732784]
 [-102.41453099 -172.24176646 -116.62475492  -94.91321265]
 [ -48.12283351 -100.72039548  -80.10501682  -45.75715106]
 [-113.27807839  -98.70853816  -74.927386   -105.21704026]
 [-184.16043986 -125.4531028  -157.51313015 -116.40394767]
 [ -98.76005748 -102.30077892 -115.59232073  -62.18376389]
 [-194.08585745 -116.2586566  -103.600103   -160.44745398]
 [-105.99036441 -113.53491545  -53.65484728  -68.80122547]
 [-112.20867913 -135.10158099  -56.73067574  -44.13445661]
 [-191.49276456 -108.57243832 -114.3766083  -152.61445802]
 [-199.04600096 -175.05394133  -80.54642467 -181.47271929]
 [-125.11447452 -114.73921639 -145.31525612 -103.67653736]
 [-185.20005809  -63.65334003 -118.85285866  -85.02685529]
 [-175.16570348  -89.66899122  -55.95242528 -150.06606291]
 [ -83.69063819  -81.08300354 -121.66846657  -82.35118497]
 [-153.41501601  -64.49147138 -148.1918059   -59.1524414 ]
 [-140.95510126 -174.65596419 -131.08887238  -42.88537906]
 [-112.35582986 -113.67266969 -181.71623523  -47.88947077]
 [-169.52465032 -143.11334548 -135.18590308 -158.22949764]
 [-116.49339337  -72.75816166 -195.56586348 -116.2111978 ]
 [-194.22217006 -123.66267998 -161.35794708 -109.21957116]
 [-174.13856958 -187.52971155 -165.05509335 -161.20913156]
 [-137.81340186  -81.8661022  -192.57478298  -50.02753519]
 [-118.48941295 -188.0574662  -121.41186682  -88.42725151]
 [ -51.7473795  -158.24211633 -173.7213712   -46.03201147]
 [ -61.01783042 -177.86619819  -76.05427957  -58.31498306]
 [-123.52409429 -120.18236332 -141.86373509  -64.19212169]
 [ -64.24650819  -93.63737254  -70.66683989  -50.83837485]
 [-174.3345981   -76.46794911 -133.6853502  -151.70658969]
 [-195.74619845 -150.3854451  -187.78407646 -158.82799636]
 [-100.99165258  -63.06712789  -93.78118231  -84.55835959]
 [ -87.21185476 -124.57895748  -66.18568386  -76.886688  ]
 [-160.13683524 -173.81069049 -182.86180306 -130.72729513]]
