[[-166.30967981 -192.88277863  -71.25685083 -172.48222938]
 [ -40.3477012   -22.02258114 -175.39119699 -136.20038159]
 [ -44.50274257 -143.72405132  -10.56184399 -184.58542523]
 [ -82.38676353 -142.67036146  -41.49879074  -97.85968104]
 [ -63.668384   -158.76739388  -78.18879921 -135.56135093]
 [ -66.29206201 -199.76995415  -65.76918454 -194.65094794]
 [ -38.50022569 -127.373041    -93.51449986 -122.83278934]
 [ -20.94198201 -110.35284609  -70.47738077  -85.90147104]
 [-118.07769447 -172.26791186 -107.89102839 -197.90005532]
 [ -80.45174816 -190.48381137  -95.05715641 -132.72600187]
 [-154.60851954 -141.65606006  -92.754773   -182.47300914]
 [ -43.43611634 -154.37657414  -20.9162774  -115.97525422]
 [ -57.20217877 -198.35436067 -113.20679292 -144.37744631]
 [ -84.17156039  -77.276456   -171.96477774 -129.5132496 ]
 [ -58.29361332 -185.19483522  -48.25722524 -120.22996193]
 [ -24.97678023  -97.14713147 -154.64153154  -33.27687988]
 [ -43.56914994 -191.29488372 -192.26639731 -133.27157084]
 [-139.98288195  -97.30301138 -191.20729861 -184.3958282 ]
 [ -15.27366693 -124.76217632  -56.70907435 -151.05792027]
 [-184.7963576   -62.58715651  -32.52580857 -195.8797805 ]
 [ -27.72107802 -199.35864371 -109.97355821 -185.03881319]
 [ -95.17934868 -120.29548268  -31.12267183 -109.99553323]
 [ -81.96237643  -98.55877832  -94.40011885 -191.4956414 ]
 [-112.25827149 -123.88054559  -36.3503279  -150.54257254]
 [-118.97555148  -46.17887033  -23.28826628 -121.55789779]
 [ -13.45524286 -197.50852673  -39.15217541  -75.26840828]
 [-126.29929136 -191.31595368 -159.90003392 -176.92280574]
 [ -20.90263972 -187.51583184  -75.01575797  -47.14060885]
 [ -51.20300969  -73.15324732  -57.02708072  -60.14844857]
 [ -54.69506613 -103.95159482 -119.86560778 -172.88585469]
 [ -79.29449772 -165.054481   -111.6877092  -186.43585416]
 [ -18.09419721  -85.7137852   -41.83286554 -138.04207258]
 [ -37.71391362 -170.40845106 -135.40383848 -192.39359315]
 [ -28.34651224  -90.39959735 -187.67850039 -172.62308361]
 [ -92.86977684  -23.71632559  -86.24314519 -189.78519631]
 [-139.68857943  -38.00416456 -139.65736997 -151.79359808]
 [ -35.70399535 -157.89113961  -34.43175029  -37.85023506]
 [ -61.57379852 -137.0263602   -96.63080498  -97.04551819]
 [ -31.96594041 -176.28968947 -165.46359637 -184.33197743]
 [-169.36551512 -159.93665819 -141.61236601 -195.49928394]
 [ -29.63448154 -122.18341592 -148.8633995  -186.99124262]
 [ -59.90652286 -150.81498925 -150.39534726  -80.72693099]
 [ -74.70692083  -93.08572984 -114.93589308 -140.71177134]
 [-116.63702188 -169.825285    -76.65291653 -141.0354218 ]
 [ -48.86430681 -173.65518941  -56.95559074 -106.3379497 ]
 [-176.66492972 -146.17231955  -33.64254672 -185.91482692]
 [ -80.02245316  -27.92732443 -170.73049763 -168.42633005]
 [ -71.23508979  -18.75393863 -134.98107553 -163.32609888]
 [-157.38596984 -169.98641172 -106.74451696 -198.58826466]
 [-117.88382728 -117.64090848  -76.2835663  -160.29164731]
 [ -57.46415641  -90.87528125 -144.31632276 -151.35531913]
 [ -33.64007516 -131.28117389 -156.20422614  -39.3007754 ]
 [-149.19556822 -177.77601076 -138.79128102 -184.44362183]
 [ -66.62469336 -128.36623405 -119.82670403 -172.56985422]
 [ -69.17828367  -80.96723604 -177.16259534  -96.19048183]
 [-124.10180899  -33.23306092  -15.80872543 -190.11903341]
 [-104.70785764  -81.44137837  -44.21000167 -129.90356647]
 [ -96.45962726  -16.89431969 -154.60987403 -180.4092569 ]
 [ -16.84384752 -190.50881612 -196.40841224 -126.06613102]
 [-152.00528288 -195.3033728  -154.84250398 -171.02061657]
 [-144.66408219  -61.95839517  -36.24180442 -158.0697971 ]
 [-100.43712856 -134.68999563 -154.87995355 -174.09601698]
 [ -20.39542804  -11.64535542 -183.21615047 -133.16559906]
 [ -68.19644185  -95.29080735 -149.50301204 -161.4908529 ]
 [ -86.55445125 -185.83575777  -86.03907098 -199.96897147]
 [ -17.533132    -44.56933349 -158.32218768  -97.38927863]
 [ -66.6356929   -34.3016732   -50.44951869 -159.89589728]
 [ -30.21943256  -84.9464638  -167.50452171 -105.88772137]
 [ -58.93365073 -166.95156996  -83.21471083 -119.2984221 ]
 [ -89.29752132 -185.21071354  -39.15083774 -142.53508897]
 [ -25.84251042  -43.61013414 -118.14617928 -159.25891834]
 [ -25.1039196  -187.17396788  -84.52820507 -138.01601908]
 [ -74.85891689 -194.88314833  -34.48200685 -100.17880572]
 [ -47.61943866  -44.97062671 -114.47917616 -195.25454224]
 [ -41.77261668 -146.66174784  -77.33619436  -89.35084421]
 [ -68.0917705  -165.56511491  -81.72270187 -111.81484366]
 [ -91.61168612 -181.25380394  -85.58159622 -147.26108312]
 [-104.58384265 -104.12443731 -125.6253512  -143.90560274]
 [ -22.26392299 -160.76956708 -107.23012149  -24.71710413]
 [ -63.66440567 -106.07445036  -58.96786275 -135.63206652]
 [ -56.19130682  -98.59296449 -184.90956505  -66.75888981]
 [-130.00001319 -194.83693723  -32.48758719 -146.74106345]
 [ -57.59654968 -176.79651413  -63.8847743   -96.75126322]
 [ -37.18780062  -34.42830233 -151.16680775 -170.17657318]
 [ -36.44854347  -56.82596644  -10.47606352 -128.59042946]
 [ -74.42470037  -57.71397207  -85.96871591 -145.18972608]
 [ -59.174698   -112.57546031 -172.30980623 -167.56167386]
 [ -15.20469535 -186.49779392 -105.3556991   -50.12088344]
 [-127.72341965 -153.57798716 -117.71253866 -189.28740455]
 [-104.72790457  -13.01529712  -36.64395179 -152.22036209]
 [ -46.20607183 -189.93490337 -133.23801253 -190.42162558]
 [ -43.85305074  -62.87334227 -104.98321547  -45.26330203]
 [ -35.30208024 -198.24056311 -109.48769233 -160.67833534]
 [ -87.36349485  -38.97392885 -105.85416839 -167.16843811]
 [-145.46886431  -79.73025455 -117.31306087 -157.81788053]
 [ -81.95865291  -14.40796924  -42.22549387 -136.96909891]
 [-140.68749895 -148.36739131 -164.20589046 -181.83706736]
 [-106.30137571 -112.84553941  -19.42819199 -146.72111376]
 [-157.44921673  -39.06032993 -155.51884558 -169.05131848]
 [ -97.25090951  -41.46339466 -161.73584178 -150.93151791]
 [ -61.92158199 -165.10822761  -41.44428099  -91.89778502]
 [-173.4890273   -65.71077385  -78.19210022 -188.06450423]
 [ -55.9921947  -159.56153064 -196.65186902  -77.53585636]
 [ -15.53538623 -119.66295405 -130.8394455  -164.14629082]
 [ -28.85530797 -146.41527796  -71.26414456 -133.61503341]
 [ -13.92384718 -131.99066772 -124.13372053  -48.54007307]
 [ -91.21246952 -140.40605224  -76.76615423 -100.58953313]
 [ -16.41161833 -110.57028138  -36.58355223 -170.41314586]
 [ -65.06401934 -189.32360573 -132.6284281   -65.10191912]
 [ -93.04552655 -162.55650107  -25.98723301 -196.28972965]
 [-106.62573661  -28.45876941 -160.05036636 -109.92881257]
 [ -10.76363126 -152.63627798  -98.01053347  -37.40268967]
 [ -97.1439216  -110.87911506 -127.90595718 -182.43315415]
 [-144.37859047  -79.06574889 -177.18452388 -147.54770555]
 [ -62.58985799 -197.54321823 -100.04332766  -80.1056982 ]
 [-127.58826895 -171.41743441  -90.23078141 -152.26503767]
 [ -18.25369276 -161.47337741 -105.89512952  -39.39444207]
 [-108.85969034 -150.7032006   -37.23930849 -175.02550883]
 [ -38.09779271 -163.2952837  -138.29070996 -190.81230858]
 [ -36.59504288 -126.16051886  -10.4930694  -147.39087165]
 [-108.04975725  -74.21157081  -85.06967575 -188.49931881]
 [-102.92752409 -117.90488824 -125.57019034 -143.05039114]
 [-146.23046849 -189.34074733  -72.36350858 -164.49756798]
 [-108.65896432  -30.89050331 -121.0696917  -147.86740419]
 [ -10.36249764  -29.26991764 -114.47374646 -165.54923321]
 [-143.20148327  -15.25289704  -24.07080694 -163.33397521]
 [ -29.51160342 -174.20667445  -15.53803771  -69.87133238]
 [ -95.53639392 -188.75628696  -33.4363069  -190.84526177]
 [-112.52505912 -172.19127633 -166.50884152 -136.75261635]
 [ -26.9025023  -137.30932187  -12.04484987 -189.38959952]
 [ -86.92193704  -36.40756872 -145.23392419 -114.2487095 ]
 [-136.11000368  -58.02165273 -112.81563981 -141.56176668]
 [ -49.93599851 -196.02461893 -103.57101285  -93.70833118]
 [-173.38889514 -128.19789626  -81.15189435 -181.81958937]
 [-103.61011618  -84.22958631 -137.94174139 -158.46462218]
 [ -64.12179188 -170.4145735  -108.16938388  -80.25806195]
 [ -52.39923941  -20.37736471  -39.86280021 -126.55402533]
 [ -25.08295546 -156.6396048   -15.15782662 -128.90626422]
 [ -80.94677313  -27.03696773  -76.38562841 -180.18310254]
 [ -98.64558901 -133.69445602  -10.58779529 -166.73584663]
 [-126.91746719 -142.17643999  -14.84892359 -177.69457024]
 [ -67.87118496  -20.84085783 -164.7493092   -80.97563536]
 [-119.62889569 -114.71502781  -89.58226675 -129.52224589]
 [-133.65460599 -106.78932378 -145.20345618 -176.91567371]
 [ -65.80041699  -77.72464548  -90.84370923 -134.64352888]
 [-110.10809829  -22.53889068  -20.50403525 -156.20126684]
 [-139.22233181 -154.69374685  -14.28236249 -155.416733  ]]
