[[-170.09199604 -186.58496416 -146.23663437 -101.74979146]
 [ -74.85595527 -154.1299844  -104.35079535   -9.76606056]
 [-125.99452652  -72.07731249 -196.35230609 -115.55754862]
 [-138.52133338  -76.61372966  -36.10860625  -86.65313748]
 [-182.05028602  -94.74064829 -110.67135491 -169.43314414]
 [-143.96730636 -193.85781283 -137.64279778  -68.44640622]
 [ -85.55163113  -50.9609889  -129.32250349  -68.37223407]
 [-121.0023103  -167.11134936  -93.89831503 -107.33188472]
 [ -63.21500007  -19.46357597  -46.20125932  -30.60059091]
 [ -91.76995204  -72.27482464  -75.20349366  -35.01290915]
 [-173.40445173 -158.5433283   -58.36214194  -84.17377349]
 [-140.21240281  -54.53551587  -87.85670566  -36.20102113]
 [-169.84131645 -179.40248005  -53.20591313  -99.67139963]
 [ -71.51147653 -180.79224211 -109.92626207  -29.68950576]
 [-171.46252234  -56.12086654  -42.6818435   -62.53532407]
 [-168.49127321 -147.91545648 -175.10156096 -100.78456671]
 [ -70.98162223  -63.41928456  -33.99932105  -60.98637167]
 [ -61.0532996  -162.62587344  -70.31101057  -41.11318584]
 [-191.43768162 -101.50397316 -148.71267793  -13.69245344]
 [-193.66678822 -192.8492815    -7.57615091 -103.29153861]
 [ -98.69877909  -32.97924287 -128.84707652  -35.40229564]
 [-103.01321922 -180.71773024  -59.89657411  -70.53471946]
 [-185.18737819  -54.0068598   -99.55216133  -35.76983642]
 [ -48.01319444  -25.85182614 -135.96023301  -41.418558  ]
 [-132.81340935 -198.36195675 -175.45141448  -94.10438791]
 [-156.5344272   -44.26602641 -168.08427511 -152.81425642]
 [-194.57436495 -147.09692588  -16.33190262 -147.34145347]
 [-165.18121657 -196.41333903 -123.57200053 -155.55125932]
 [-182.28404717  -38.33184852 -108.69646574  -39.57351843]
 [-161.65897153 -129.35317781  -65.53489197  -93.88074775]
 [-193.55140972 -184.26676336 -148.21572277  -49.43963805]
 [-188.80178373  -20.11499411  -89.85604323 -174.06798597]
 [-113.70555983 -103.30813576 -107.81296381  -93.30390293]
 [-156.85670011  -89.06536869  -75.8769819  -156.05140357]
 [-117.6114917    -5.21924887  -46.37453309 -100.79067404]
 [-144.49867311  -71.39737396 -117.63413579  -24.75751942]
 [-107.69622448  -11.30476585 -107.53730104  -69.04939725]
 [-116.31080272 -124.59051377 -109.11523547   -5.32551698]
 [-156.85729531  -57.48834166  -96.23300735  -37.69839345]
 [ -78.21478027 -131.45511262 -115.46052851  -17.15738798]
 [-111.0099621   -76.7850224  -153.36371701  -74.61852247]
 [-142.36587295  -36.40560995  -13.23027047  -97.32302444]
 [-193.23690293  -12.4770275  -162.68428751 -158.55154375]
 [-157.84898545 -138.83063038 -128.49033485  -72.01135243]
 [-137.80241353  -18.66652175  -16.7088815  -102.02469602]
 [ -90.58537578 -106.20591903  -46.89871855  -33.55108636]
 [-108.30232686  -28.08202727  -70.38275222  -24.09322274]
 [-192.40596379  -99.48231276  -49.19429322  -60.52723061]
 [ -94.28659326  -71.399382   -120.30093762  -92.82989851]
 [-130.67172298 -140.13468552  -68.09027964  -20.9558035 ]
 [-122.68865779  -82.18376553  -99.7891557   -66.8315951 ]
 [ -23.18867029 -113.92551409 -112.37824501  -14.54747613]
 [-155.30506511  -58.64672835 -159.21410902 -133.65399301]
 [-193.94058068  -94.43156443  -68.06870766 -152.06986687]
 [ -32.07879327 -188.95751138 -180.11676711  -10.38631634]
 [-157.62771238  -18.56218915 -188.25458071  -30.99416265]
 [ -54.41014083  -87.38309267  -85.7146579    -9.30147643]
 [-112.64480975 -123.41140167 -111.56527652  -51.72452102]
 [-143.80211697  -82.59457568  -27.45917291 -121.01787794]
 [-190.65528415 -176.10044879 -158.69369896  -51.40236992]
 [-167.15095749  -16.41535494  -90.51647124 -165.70457196]
 [-138.69135595 -118.7141825  -159.29855185  -11.42323496]
 [-125.12974267 -186.98329098  -34.8919431   -98.33060058]
 [-106.86338119 -131.01173704  -20.52093687   -5.63227033]
 [-185.29649462  -78.07448706 -176.7018251   -40.3842207 ]
 [-101.39853929  -72.97308877 -121.0837503    -5.45809311]
 [-174.49039277  -17.91604078  -43.12405132 -161.54239881]
 [-163.78464521  -84.58356359 -129.6036254   -97.93969009]
 [-128.3712997  -157.74110502  -42.66621883  -11.02573948]
 [  -8.13191802  -40.23462763  -13.07744913   -7.29881743]
 [-137.30748418 -104.29032822 -139.66777339  -25.83458843]
 [ -62.44308263  -25.22461015 -186.98538598   -9.79672414]
 [-182.77580406  -78.87683169  -53.73947516 -144.05553542]
 [-151.8445454   -88.71306582 -155.91347497  -60.97047393]
 [-186.2980819  -146.25860778  -36.64919943  -16.33615252]
 [-150.54388177  -86.20113844 -158.40382335 -142.55330979]
 [-159.13284794 -108.31996267  -50.48936923 -148.48455308]
 [ -20.11462525  -26.53321468 -121.70374088   -9.04588303]
 [ -32.66919799 -154.24239423  -38.50313857  -16.88961517]
 [-125.65685971 -190.94491498 -190.2376956  -102.84121256]
 [-196.87355683 -179.73855919  -23.38955579  -29.86118188]
 [-160.9380066  -175.70101264 -118.21028592  -81.83705362]
 [-166.52229008 -186.028115    -51.96676472 -121.42795953]
 [-150.93240915  -11.3870313   -31.4310219  -120.42409345]
 [-178.08712706 -168.97116895  -35.69219761  -27.8031151 ]
 [ -95.69182762  -54.6180246  -100.73564386  -27.08039431]
 [ -76.60995206  -84.92560272  -31.33052642  -75.53357794]
 [-198.92088219  -27.13554368  -98.22892876  -73.07399534]
 [ -94.82631225  -36.91452918 -111.24272134  -15.05252238]
 [-149.86279726  -86.28572676 -131.6777347  -125.08564337]
 [-181.93367167 -116.90069538  -13.51118149  -58.04209536]
 [-140.51250859  -99.18454079 -104.73135303  -78.10489331]
 [ -34.32889872 -116.64856445 -106.73937836  -13.20692503]
 [-117.04308993  -86.63061059 -158.67199817  -60.57867097]
 [-197.05741212  -37.51634195  -22.56454965 -120.62717525]
 [-176.9636401   -80.30121578  -69.92780768 -161.30619224]
 [-175.00152666  -39.63894122 -104.0123515   -79.12561992]
 [ -29.13565396  -87.84831894  -26.12445201  -28.59602091]
 [-145.49285878 -120.05664938  -79.35813252  -77.91883645]
 [-156.22104961  -51.29765893 -169.41655175  -92.10404198]
 [-158.95934758 -195.02883621   -7.19344998 -105.27336184]
 [-110.89384643  -88.2553915   -10.6073271  -104.68553124]
 [-107.63488905 -186.05641916 -161.58966451  -16.69713929]
 [-196.68476434  -44.55874569 -157.13143168 -126.95248874]
 [ -87.17575487  -46.56342508 -170.19405884  -18.33403546]
 [ -67.01556356 -199.20933999 -139.2356259   -51.0539498 ]
 [-192.31015503 -158.45284258  -17.4564328   -34.43830171]
 [-102.92175247  -96.53186942 -183.20276961 -100.86443314]
 [-181.97310953 -198.79780248 -131.66882418  -72.28105396]
 [ -72.66770791  -19.87343487 -131.32796007  -30.23969211]
 [-152.60004188  -46.11413732   -7.26636655  -64.9444555 ]
 [ -61.75985465 -145.71408114 -109.40733187  -12.8672189 ]
 [-140.81740096  -53.73917535 -122.76093173  -42.19249135]
 [ -48.05016403  -73.02872186  -50.41754345  -44.2454039 ]
 [ -72.74858581 -161.10257518 -178.28349457  -37.1361728 ]
 [ -88.98841394  -64.86678729  -37.20941142  -44.37948141]
 [-174.94681661  -40.85287177 -131.24314145 -120.99888531]
 [-187.33379222 -155.29984386  -11.64364682   -7.80604079]
 [-111.23624552  -40.8709249   -68.30464131  -44.07879571]
 [-156.47555977  -87.71036194 -100.37444313  -27.26968056]
 [ -19.18291313  -11.01450954 -111.49928233  -17.28281103]
 [-174.78848418 -107.74873769 -108.85028139 -169.91915211]
 [-159.01877037 -114.7791252  -114.86024067 -123.84778463]
 [ -69.47977817 -166.41599414 -196.47401621  -41.04399636]
 [-190.50265858  -51.66545771 -192.81351877  -39.64439847]
 [-180.30722061  -64.64274407  -91.57075665 -132.24894125]
 [-152.80622961 -173.52209393 -189.80274672 -108.52186252]
 [-193.69134313  -93.08080431 -175.86800166 -136.52820909]
 [-111.11674773  -56.4187384  -109.68329713  -60.02125098]
 [-135.15630371  -99.34205061 -164.83135805  -96.75956505]
 [-104.20607502  -36.97630326  -26.84188765  -64.96769343]
 [-194.12039572 -135.18148352  -59.34588649  -50.4880773 ]
 [ -76.05836885 -154.69898103  -90.35869018  -23.63031479]
 [-191.53910493 -172.71257611  -66.33959495  -15.32851594]
 [-184.00913884  -46.41563794  -78.39480177  -60.39346339]
 [-190.24583434 -139.21047657   -7.45938989  -30.76990609]
 [ -37.14978133  -97.5410129  -106.27261076  -22.79278823]
 [-190.2354319   -72.91345324 -176.5295345  -101.67054689]
 [-176.74574983 -190.06223932 -155.50476228  -24.04006729]
 [-133.38379297 -109.18592178 -139.25957397  -96.58159163]
 [-167.41649281  -91.74427859  -59.04102352  -28.82500251]
 [-134.68095752 -166.71204619  -67.22426373  -56.45862728]
 [-170.45721746  -40.58449996 -162.0019989   -55.70448883]
 [-175.97285863  -27.01531793 -102.83286649  -69.23009435]
 [-159.68642459 -122.18326669  -93.41632234  -77.42996331]
 [-154.5950105  -158.99130615 -188.71831958  -30.95617234]
 [-136.35115565 -176.09074705 -182.68399448 -133.49500218]
 [-182.54361578  -53.09781092 -126.5121435   -15.28582151]
 [-116.55135146  -28.20819827 -131.70273925  -66.93549771]
 [-167.73351589 -143.03946939 -123.48870368 -124.63672214]]
