[[-1.87160492 -1.84364898 -0.86923189 -1.42230188]
 [-1.77705326 -1.62982286 -1.5495581  -1.02524332]
 [-1.72083209 -1.84755613 -1.20070778 -1.62193935]
 [-1.98364222 -1.48413999 -0.96529974 -0.7173197 ]
 [-1.60568835 -1.92523511 -1.73615541 -1.02093065]
 [-1.90525578 -1.66526548 -1.91373585 -0.62722163]
 [-1.64067223 -1.63841899 -1.49670509 -0.99697029]
 [-1.99122996 -1.46668987 -1.981804   -1.07085348]
 [-1.5912404  -1.95788914 -1.72075682 -1.52679545]
 [-1.70841629 -1.86974787 -1.85639426 -0.67327841]
 [-1.42585814 -1.80503431 -1.80443749 -0.4878842 ]
 [-1.97571882 -1.27320117 -1.88651224 -0.60203103]
 [-1.76886179 -1.45047214 -1.62309266 -1.59819275]]
