[[-5.79426060e-01  4.97400545e+01]
 [ 8.11461920e-01  2.31067374e+00]
 [-2.57792692e-01  9.39810608e+03]
 [-4.51209359e+00  2.78631063e+00]
 [ 1.16607918e+00  2.09534916e-01]
 [ 3.95494265e-01  1.17409504e+00]
 [-1.62689465e+00  3.84250694e-01]
 [-3.19187162e-02  1.17874978e+02]
 [ 4.58723052e-01  5.34057590e+00]
 [-4.58071285e+00  2.98736178e+01]
 [-2.04390146e+00  2.02282024e+00]
 [ 5.29941222e-01  6.10061619e-01]
 [ 1.04160156e+00  3.34920559e-01]
 [-4.42531831e-01  1.50221441e+01]
 [-4.55024582e-01  1.10811674e+00]
 [-1.19407480e+00  1.07727363e+00]
 [-4.72951133e-03  1.12207446e+01]
 [ 1.14708976e+00  4.00224969e-01]
 [ 5.84427189e-02  1.14084388e+03]
 [-2.13210613e+00  4.66908491e+02]
 [-3.81750933e+00  9.56454491e-01]
 [-5.27077053e+00  3.40377858e+01]
 [ 1.42127384e+00  3.36178846e-01]
 [ 2.09341709e-01  3.21833414e+01]
 [ 3.36899223e-03  3.30627575e+02]
 [-2.81937035e+00  9.06663357e+04]
 [ 3.15211782e-02  1.12563805e+01]
 [-7.56999085e-01  1.21911076e+03]
 [-7.53137656e-01  1.43811013e+00]
 [ 6.66139926e-01  8.43831480e-01]
 [-2.63286284e+00  4.76313912e-01]
 [-3.05440892e-01  1.39934703e+00]
 [-3.73066688e+00  1.69113628e+01]
 [-4.30766979e-01  2.07069929e+01]
 [ 1.60049842e-01  7.64588853e+00]
 [-3.57935469e-02  3.20329743e+04]
 [-2.40921179e-01  1.27925788e+03]
 [-4.86765300e-01  1.19550480e+07]
 [-8.93586123e-01  4.75920061e+00]
 [-4.86463887e+00  1.46932137e+01]
 [ 1.27772872e-01  5.61579514e-01]
 [-1.45614245e+00  2.99880377e+01]
 [-5.36911999e+00  5.57293940e+00]
 [-2.56742628e+00  3.62940910e+01]
 [-3.56951606e+00  2.85892535e+00]
 [ 1.24776902e-01  6.98495855e-01]
 [-6.56326877e-01  5.14389491e-01]
 [-3.10189703e+00  9.35549750e+00]
 [-1.14290473e+00  1.09893717e+00]
 [-1.47565498e+00  9.20065728e+01]
 [-1.79736937e+00  2.45477659e+00]
 [ 6.72548350e-02  8.62567862e+00]
 [-4.13420277e-01  2.85157865e+01]
 [-3.76321424e-01  6.78176767e+01]
 [-9.53353414e-02  1.92190261e+02]
 [ 1.20796654e+00  4.48029934e-01]
 [-1.30611073e+00  3.90922482e+01]
 [-1.40848029e-01  3.43643347e+01]
 [ 1.92369225e+00  2.27383152e-01]
 [ 1.75839258e+00  4.73634857e-01]
 [-3.56078333e+00  4.77724738e+02]
 [ 9.33183811e-01  2.33400471e+00]
 [ 1.50289997e+00  4.22488566e-01]
 [-3.70891221e+00  2.31605001e+01]
 [-2.67200981e+00  3.15108669e-01]
 [-5.34023289e+00  3.23160520e+00]
 [-7.07801067e-02  4.85768830e-01]
 [-9.82030418e-01  2.68838996e+00]
 [-8.23206378e-01  1.06493520e+00]
 [-4.48599485e+00  1.75820787e+00]
 [ 6.31879722e-01  7.30402170e+00]
 [-3.06294402e+00  2.82440590e+00]
 [-5.03882128e-01  9.52028846e+00]
 [ 2.38450275e-01  7.11294296e+00]
 [-3.80662283e+00  5.73859940e+02]
 [-6.32357475e-01  5.12427299e+00]
 [ 4.70167505e-01  2.61707276e+00]
 [ 1.40036584e-01  3.39353852e+00]
 [-2.70935842e+00  1.45418131e+01]
 [-2.48461291e+00  6.29532719e+00]
 [-1.45400668e+00  3.80767787e-01]
 [ 7.86370369e-01  6.09874430e-01]
 [-2.22278453e+00  6.87820981e-01]
 [-4.60006602e+00  1.78217131e+04]
 [-1.39160695e-01  4.98059294e+02]
 [-1.01358808e+00  1.13238967e+01]
 [ 6.61552626e-01  1.64329652e+00]
 [ 8.05836373e-01  1.14086415e+00]
 [ 2.97108509e-01  2.63554163e+00]
 [ 6.56613225e-01  6.13907084e-01]
 [-3.67817424e+00  1.60142503e+03]
 [ 6.73581987e-01  1.91320131e+00]
 [-5.90985238e-01  9.55904172e+02]
 [ 6.31007314e-01  2.56087293e+00]
 [ 8.46088243e-01  1.32545766e+00]
 [ 4.62291320e-01  1.08357727e+00]
 [-4.01143218e-01  5.72577845e+03]
 [-2.18553468e+00  3.72149246e-01]
 [ 1.37003104e+00  2.75515759e-01]
 [-2.50150308e+00  1.05641669e+00]
 [-1.78006387e+00  1.58260572e+00]
 [ 8.49576450e-02  7.20457068e+02]
 [-2.97371700e+00  1.27934393e+00]
 [ 4.24787921e-01  6.51038029e+00]
 [-7.33210922e+00  4.73883209e+01]
 [-2.96784131e+00  2.66044053e+02]
 [-1.17730543e+00  6.91648200e+00]
 [ 1.03629645e+00  2.86526779e-01]
 [-1.50024848e+00  1.22347998e+00]
 [-5.73492045e+00  3.19182220e+00]
 [-7.45390692e-01  1.85107282e+00]
 [ 1.18868874e-01  9.47949040e+01]
 [ 2.86017223e-01  1.51818254e+01]
 [ 4.51205184e-01  2.62141910e-01]
 [-3.34820183e-01  2.58264554e+05]
 [ 5.11624156e-01  4.96524395e+00]
 [ 1.76950018e+00  2.90567159e-01]
 [-1.70963001e+00  3.39233447e+01]
 [ 2.41130665e-01  2.01573211e+01]
 [-4.05776676e-02  2.80029584e+01]
 [ 2.26512568e-01  1.21397146e+01]
 [ 8.27711712e-01  5.27047851e-01]
 [-4.97248983e+00  5.38884812e+00]
 [-4.21719572e-01  9.84474035e+00]
 [ 1.43799995e-01  9.14461498e+00]
 [-1.81747221e+00  2.52530959e-01]
 [ 5.46116644e-01  7.68166162e-01]
 [-2.18474146e+00  3.45498281e-01]
 [ 1.68598002e+00  1.78833262e-01]
 [-1.06269805e+00  3.27403232e+00]
 [ 5.36320685e-01  1.03797781e+00]
 [ 3.57648807e-01  1.38135490e+00]
 [ 9.80833454e-01  2.36430173e-01]
 [ 2.95350165e-01  3.28779767e-01]
 [-1.51287701e+00  3.20441776e+04]
 [-4.91522677e-01  2.20188992e+01]
 [ 2.42756498e-01  5.41106544e+00]
 [-2.13110450e+00  3.75785396e+01]
 [ 1.44828775e+00  3.72177025e-01]
 [-2.17939812e+00  7.86879843e+01]
 [ 1.23950226e+00  3.88202846e-01]
 [-3.29171903e+00  1.23158901e+00]
 [-1.70652749e-02  2.47834806e+03]
 [-1.55234416e+00  1.86060634e+00]
 [ 1.07525624e+00  1.44141785e+00]
 [-7.22795739e-01  1.05607686e+01]
 [-3.88749727e+00  1.01856145e+00]
 [ 2.15367834e-01  6.20442494e+00]
 [-2.15126082e-01  2.44037868e+00]
 [ 3.49302309e-01  1.76778752e+00]
 [-1.08196055e-01  1.10206499e+01]
 [-1.58225837e+00  3.52405887e+02]
 [ 3.21086014e-01  8.56441560e+00]
 [-7.71835651e-02  9.64699360e-01]
 [-3.94376438e-01  8.49728218e+04]
 [-4.12845987e-01  9.97900945e-01]
 [-4.59613334e-01  5.17134883e+00]
 [-2.99942588e+00  1.14223176e+01]
 [-1.94286717e+00  5.27928460e-01]
 [ 7.37999024e-01  1.47786855e+00]
 [ 2.93349941e-01  5.09624666e+01]
 [-9.32625048e-01  1.68369231e+02]
 [-4.50101144e-02  5.72640703e+00]
 [-8.37841216e-02  6.41156480e+00]
 [ 1.16969007e-01  3.16413057e+01]
 [ 1.54194413e+00  4.42690840e-01]
 [ 6.12160218e-01  1.89509896e+00]
 [ 1.40987052e+00  5.85474505e-01]
 [ 2.08581963e+00  1.69217924e-01]
 [ 3.02526154e-01  5.80064377e+01]
 [ 1.45588963e-01  1.93517041e+01]
 [ 1.65133603e-01  3.08656934e+00]
 [ 5.54740534e-01  1.62827096e-01]
 [ 9.04438604e-01  1.49944766e+00]
 [ 9.03991841e-02  1.37208383e+01]
 [-1.10718982e+00  1.24880717e+01]
 [-4.27284177e-01  8.92844953e+02]
 [ 4.00747349e-01  7.94987873e+00]
 [-1.08419847e-01  1.74119865e+00]
 [-4.05970684e+00  4.34153788e+00]
 [ 3.48599136e-01  1.11412303e+00]
 [-1.30871116e+00  8.15222822e+00]
 [-2.89840723e+00  6.59401830e-01]
 [ 4.78282102e-01  1.98656159e+00]
 [-4.88876930e+00  1.91302421e+00]
 [-4.38467688e+00  1.25076505e+00]
 [-1.75491539e-01  1.08631118e+04]
 [ 5.32598445e-02  1.22620348e+01]
 [-4.38493869e+00  1.11606074e+00]
 [-2.54053977e-01  9.15482987e-01]
 [-2.01783956e+00  2.83500471e+00]
 [-1.70862008e+00  4.00563722e-01]
 [-1.17727022e+00  8.17141068e-01]
 [ 2.34298072e-01  5.36542952e+00]
 [-1.71772139e+00  1.48619758e+00]
 [ 1.32112290e+00  3.07509342e-01]
 [-8.59183744e-01  3.80694143e-01]
 [ 7.90435934e-01  1.62636850e+00]
 [-1.41047943e+00  1.40401507e+01]
 [-1.72958639e+00  4.16728530e+00]
 [ 1.97703140e-01  8.50769059e+00]
 [ 1.59013291e+00  2.41927544e-01]
 [-1.08555762e+00  2.21077869e+02]
 [ 5.20383582e-02  4.15365122e+02]
 [-3.89510154e-01  2.47120443e+00]
 [ 6.38625949e-01  5.83650465e-01]
 [-6.44860597e-01  4.35704458e+00]
 [ 6.51210482e-01  1.32387415e+00]
 [ 1.07933059e+00  3.73905359e-01]
 [-1.97584187e-01  2.61126813e+01]
 [ 3.92792322e-01  1.14252963e+00]
 [-9.88723595e-01  1.06100224e+00]
 [ 3.38990655e-02  2.79856831e+04]
 [ 1.57704868e+00  1.81682522e-01]
 [ 6.75671344e-01  1.66875642e+00]
 [-1.31890314e+00  3.42775021e+01]
 [ 7.60972848e-01  1.17233512e+00]
 [ 4.34359760e-01  2.04594501e+00]
 [ 1.79240254e-01  2.14286790e+00]
 [-4.40137478e-01  2.20786772e+00]
 [ 4.84144473e-01  1.10967567e+01]
 [-5.07722036e+00  3.07827591e+00]
 [-2.57835457e+00  2.42432510e+00]
 [ 6.59664969e-02  6.35602471e+01]
 [-4.77870555e-01  4.17622073e+01]
 [ 3.21930693e-01  1.15372018e+00]
 [-2.81713987e+00  1.93238659e+00]
 [-9.55665291e-01  8.05164405e+00]
 [-2.95901841e+00  1.18598130e+00]
 [-3.12104299e+00  3.75276226e-01]
 [-7.10065944e-01  1.36736297e+01]
 [ 1.29829240e-01  9.02736563e-01]
 [ 2.24523365e+00  1.91086072e-01]
 [-4.41532559e-02  2.37552996e+00]
 [-3.47996115e+00  3.33588327e-01]
 [ 9.06297119e-01  4.26420987e-01]
 [-2.80638008e-02  8.94129051e+00]
 [-5.21380279e-01  9.91509137e-01]
 [-1.04136509e+00  3.22668609e+00]
 [-2.37077851e-01  1.97763021e+00]
 [ 3.34673640e-01  8.85229208e-01]
 [ 1.69367873e-01  3.86320201e+00]
 [-2.87527348e+00  1.44024971e+01]
 [ 1.23326817e+00  3.50151702e-01]
 [ 1.70670679e+00  2.48884158e-01]
 [-2.35347553e+00  1.34813623e+00]
 [-5.22821870e-01  7.89802246e+02]
 [ 3.39417973e-01  1.80730031e+01]
 [-1.54921518e+00  1.56559338e+03]
 [-1.02036491e+00  3.51926950e+01]
 [-1.76195106e+00  3.95049439e+01]
 [-1.57890410e+00  6.68257083e-01]
 [-1.49896383e+00  3.83479381e+00]
 [-3.15222924e-01  5.17787825e+00]
 [-2.98096006e+00  3.23255673e+00]
 [-9.44091900e-01  4.13956312e+00]
 [ 5.78241511e-01  2.15223412e+00]
 [-1.54734990e+00  7.33872276e-01]
 [ 2.70057243e-01  1.52722645e+01]
 [ 1.16309940e-01  7.61621577e-01]
 [ 5.25857745e-01  5.89745752e-01]
 [-2.64741166e-01  1.76281591e+00]
 [ 5.48911792e-01  6.64435991e+00]
 [-2.44042518e-01  1.19251546e+00]
 [ 1.33185609e+00  3.11317495e-01]
 [-3.27649125e+00  7.14489068e+02]
 [-5.88916151e-01  2.31344720e-01]
 [-1.04370707e+00  5.50494898e+01]
 [ 5.68886868e-01  1.61655979e+00]
 [-3.90502639e-01  4.99197517e+00]
 [-2.89833663e-01  3.57501362e-01]
 [ 2.06070099e+00  1.87578067e-01]
 [-1.43944106e+00  2.11909866e+02]
 [-3.81881130e-01  6.84673663e+00]
 [ 2.04804986e-01  1.86511494e+02]
 [-3.90465021e-02  3.98237908e+02]
 [ 9.99931763e-01  3.42421338e-01]
 [-4.09480769e+00  1.10014563e+02]
 [ 9.33119755e-02  1.63938839e+02]
 [ 1.19301034e+00  1.17919273e+00]
 [ 5.58494587e-01  2.94788826e-01]
 [ 2.76018986e-02  4.07026930e+02]
 [-1.00123889e+00  1.67438709e+03]
 [ 5.22589411e-01  7.71029100e+00]
 [-5.61205237e+00  9.27102682e+00]
 [-6.41997110e+00  1.58893880e+02]
 [-3.04114301e+00  1.05796348e+01]]
