[[ 4.53360499e-01 -1.24055641e+03]
 [-1.28459415e+00  3.93734902e+00]
 [-7.56959152e-01  1.96785833e+01]
 [-1.72961450e+00  1.65855080e+00]
 [-4.41529175e+00 -3.72560634e-01]
 [ 2.15408192e+00  4.05563964e+02]
 [-6.65899190e-01  4.07709014e+01]
 [-1.68973602e-01  6.14956701e+00]
 [-1.57080350e+00 -6.17183699e+00]
 [-2.62022536e+00 -4.08484424e-01]
 [ 8.31082168e+00  1.00824765e+00]
 [-1.78737244e+00 -1.19072292e+02]
 [ 2.31099074e+00  9.33593112e-01]
 [-1.04306419e+00 -8.62438744e+01]
 [ 3.53211807e+00  9.75582331e+00]
 [-1.77883481e+00 -4.92086365e-01]
 [-1.03812261e-01 -1.42051351e+03]
 [-4.62671812e+00 -2.96399181e+00]
 [-2.41887715e+00 -3.51870148e-01]
 [-3.21947201e-02  8.83407181e-01]
 [-1.11933968e+00 -9.17418365e-01]
 [ 3.14207075e+00  2.53028834e-01]
 [ 1.22170085e+00  9.93399828e-01]
 [-2.67916294e-01 -2.39466524e+01]
 [-5.95245148e-01 -1.09758781e+06]
 [-1.11833518e+00 -1.31592761e+03]
 [ 2.81783124e-01  1.86659219e+01]
 [-1.11009847e+00 -5.82869088e+01]
 [-2.30634712e-01 -3.83596431e+00]
 [ 1.43560297e+00  1.10064171e+00]
 [-1.11255424e-03  2.08240227e+02]
 [ 1.47982001e+00 -4.29835210e+00]
 [ 2.21592742e-01 -1.91571027e+05]
 [-7.50355605e-01 -3.40883630e+00]
 [ 1.41363322e+00  2.18904076e+01]
 [-1.59834299e-01 -1.09469378e+00]
 [-1.55359452e+00  3.14619883e-01]
 [-1.29945025e+00 -6.44099950e-01]
 [-1.81186778e+00 -3.59172889e-01]
 [-7.71144762e-01  1.04893728e+03]
 [ 4.36245751e+00 -1.63308218e+01]
 [ 5.61971637e+00 -1.63876494e+01]
 [-2.27534423e+00 -5.00931675e-01]
 [ 2.20335069e-01  3.17595541e+01]
 [ 2.04371379e+00 -2.79205300e-01]
 [ 4.22568538e-01  6.60126365e+00]
 [ 4.61523921e-01  8.37637965e+01]
 [ 3.26508495e-02  1.95445317e+01]
 [-3.59914075e-01  2.99047694e+01]
 [ 7.84780787e-01  7.19168695e-01]
 [ 8.66252814e-01 -4.70170776e-01]
 [ 5.29001938e+00 -6.40596373e+00]
 [ 2.14954134e-01  1.06805256e+03]
 [ 2.38640051e+00  2.42998950e+00]
 [-3.11807370e-01 -1.96512845e+01]
 [ 9.04821724e-01 -3.20200149e+01]
 [ 2.37159014e+00  2.75899590e-01]
 [ 1.11124597e+00  7.20987321e+00]
 [-9.86378340e-01  5.42447994e-01]
 [ 6.95257741e-01  4.06168321e+02]
 [-7.61676831e-01 -3.48149232e+00]
 [-3.30790127e-01  7.91006931e+01]
 [ 1.77815564e+00 -1.45016167e+00]
 [-2.06399537e+00 -2.79864580e+00]
 [-4.41405200e-01 -6.38416395e+00]
 [-2.36393229e-01  4.14811926e+02]
 [ 1.64636810e+00  2.33779882e-01]
 [ 6.13013567e+00 -1.65509265e+02]
 [-7.71070585e-02 -5.90291603e+06]
 [ 5.24058253e+00  8.09032652e+00]
 [-5.49999824e+00  1.26468996e+00]
 [ 4.02107514e+00  8.91742548e-01]
 [ 3.01442318e-01  4.94433662e+00]
 [ 9.15265414e-01  5.39080776e-01]
 [ 2.03687499e+00 -4.64743038e+02]
 [-2.70365829e+00  6.10314193e+01]
 [ 1.17342753e-01  1.94211632e+00]
 [-1.29079639e-01 -1.67421120e+00]
 [-1.58768676e+00 -3.90731114e-01]
 [-7.55753347e-01 -4.29858354e-01]
 [-5.88455880e+00 -2.98507744e+00]
 [-7.92841899e-01 -2.29645013e+00]
 [-1.02538967e-01 -8.55080610e-01]
 [-4.83945715e+00 -1.73876854e+00]
 [ 4.44553577e+00  9.17897092e+00]
 [-8.80039803e-03  1.48011535e+03]
 [-1.26712375e+00 -1.54814590e+00]
 [-7.38441564e-02 -5.51283741e-01]
 [-3.33161697e-01  4.24671939e+01]
 [ 7.10448004e+00  5.64894260e-01]
 [-2.57102894e+00  6.66447483e-01]
 [ 1.85733374e+00  9.15956084e+00]
 [ 1.71929131e-01 -1.41425010e+02]
 [-5.58817146e-01 -5.10974044e+00]
 [ 4.16264585e+00 -3.76948050e+01]
 [ 3.58476781e+00  7.29674281e+00]
 [-4.36986874e-01 -1.12412497e+00]
 [ 1.09530297e+00  3.81955816e-01]
 [ 2.76372450e+00  2.07458767e+00]
 [ 1.09085250e+00  1.86201739e-01]
 [-3.17215842e-01  1.48521402e+01]
 [-8.24518682e-01 -1.36327770e+01]
 [ 1.35789080e+00  2.59125872e-01]
 [ 1.13116651e+00  4.06269306e-01]
 [-1.03703587e+00 -1.83755251e+02]
 [ 1.21296330e+00 -4.36589962e-01]
 [ 4.16678790e+00  4.16265417e+03]
 [ 5.25849800e+00  1.96082629e+00]
 [-1.13315670e+00 -6.98185597e+00]
 [ 5.77174425e-01  8.59277563e+01]
 [-1.40543393e+00 -2.33320550e+02]
 [ 6.16191630e-01  7.06740382e+01]
 [ 5.41628789e+00 -2.24338623e+03]
 [-1.08989028e-01 -5.38589069e-01]
 [ 1.92243733e-01  1.67709445e+03]
 [ 8.28272457e-02  1.03425130e+03]
 [-4.35462344e-01 -3.31410928e+00]
 [ 1.22264735e+00  3.83297670e-01]
 [-1.43118078e+00  2.35359891e+01]
 [ 6.42591898e-01  2.44838331e+03]
 [ 2.64454142e-04  2.37398795e+01]
 [-1.19816169e+00 -5.89121868e-01]
 [-3.24497382e-01 -7.78872038e-01]
 [ 8.07959369e-01 -9.86159354e+00]
 [ 2.20651666e+00 -3.56922555e+00]
 [ 4.16622746e-01  1.09030397e+01]
 [-2.14848551e+00  3.21315495e+02]
 [-1.04223073e+00 -7.62027307e+03]
 [-1.94321609e-01 -2.06329654e-01]
 [ 5.45357548e-01 -1.66175765e+01]
 [ 5.22684069e-01 -1.61876287e-01]
 [-7.07163663e+00 -6.28214435e+00]
 [-5.31032681e-01 -1.19036141e+01]
 [-3.74752174e+00  5.50593419e+04]
 [-1.14046608e+00 -5.50507997e-01]
 [-4.36502177e+00  2.25057780e+01]
 [-1.16164596e+00 -9.45551269e-01]
 [-5.07960930e-01  1.16219137e+01]
 [-9.75527543e-01 -4.38152744e+00]
 [-1.69124637e+00 -3.24589553e+03]
 [-2.65879974e+00 -2.74213441e+00]
 [-3.89132194e-01  1.61672046e+00]
 [ 1.64431726e+00  1.88831923e+03]
 [ 4.84670664e+00 -2.00924893e+02]
 [ 2.74216540e+00  4.50496900e-01]
 [-1.19271786e+00 -5.08021912e+02]
 [ 1.80883269e+00 -2.34956355e+02]
 [ 5.70281139e-01  1.38536491e+01]
 [-6.01745118e+00 -7.15845903e+01]
 [ 4.12721461e+00  1.55133174e+01]
 [-1.09080981e-01  1.19107682e+05]
 [-1.20930309e+00 -2.17969922e+00]
 [ 1.55702138e+00 -6.49708609e+00]
 [ 1.02301262e-02  1.35123623e+03]
 [ 5.52950877e+00 -2.62784250e+04]
 [ 5.27291559e+00  3.20127679e+01]
 [ 5.83236765e-01  5.64351295e-01]
 [ 7.22869976e+00 -4.75294659e-01]
 [ 3.04221925e-01  1.60760379e+01]
 [ 2.90966745e+00  3.82562523e-01]
 [-4.82172906e+00  1.35420673e+01]
 [-2.74292399e+00 -9.93541782e+00]
 [-7.62538913e-01 -1.10104916e+00]
 [ 2.75495465e+00  1.09431536e+00]
 [ 1.58042532e+00  8.65189484e+01]
 [-3.88190545e+00  7.59073898e-01]
 [-8.78957445e-02 -1.67882577e+04]
 [-2.36385536e-01 -1.71674911e+01]
 [-1.35715412e+00 -7.81165344e-01]
 [-1.19232899e+00 -9.03925727e-01]
 [-5.05654521e+00  7.27712084e-01]
 [-3.09682738e+00 -6.71806739e-01]
 [ 9.59825154e-02  3.35040282e+00]
 [ 4.33377828e-01  1.11944048e+00]
 [-1.07415187e-01  4.45460502e+01]
 [ 6.08237809e+00  7.08832415e-01]
 [-5.12421697e+00 -8.10836021e+00]
 [ 8.47206679e-02 -1.26813663e+00]
 [-1.12387542e-01 -1.99738187e+01]
 [-1.96595346e+00 -4.22952752e+00]
 [-5.91142121e-01 -8.97999035e-01]
 [-3.60791490e-01 -7.58472205e-01]
 [-1.10445946e+00 -5.81300573e-01]
 [ 3.20538004e+00  2.14224553e-01]
 [-1.87632029e+00 -2.10313540e-01]
 [ 1.66062777e-01  6.46508220e+01]
 [ 4.51312677e+00  5.38357918e+00]
 [-5.00371993e+00  6.02864353e+01]
 [-2.20850107e+00 -1.76575628e+00]
 [-4.55823009e-01  2.58134223e-01]
 [ 1.27835410e+00  2.37737854e-01]
 [ 1.30367494e+00  1.01544689e+00]
 [ 5.29395726e-02  2.33954809e+00]
 [ 5.61713891e-01  1.88240975e+00]
 [ 5.12171088e-01 -2.17118381e+01]
 [-3.68198547e+00  1.61895075e+01]
 [ 8.34013106e+00  1.17770081e+01]
 [ 1.05816503e-01  1.02414690e+01]
 [ 1.49660475e+00 -9.79721822e+05]
 [ 3.24485056e+00  5.72411456e+01]
 [ 1.88920118e+00 -4.81230557e+01]
 [ 1.89295882e-01 -2.34305229e+04]
 [-2.47508319e-01 -8.79262321e+02]
 [-3.16458422e+00 -3.05556412e-01]
 [-2.48924051e-01 -1.09473570e+01]
 [-1.18487852e+00 -7.64949318e-01]
 [-1.27490251e+00 -7.10478314e-01]
 [ 1.67623096e+00 -1.75253494e+01]
 [ 2.70036422e+00  1.45967630e-01]
 [-2.20606119e+00 -3.15843352e+00]
 [ 2.26222496e+00 -4.77289848e-01]
 [-2.60493294e+00  4.95875328e+00]
 [ 8.25537268e-01 -1.29674909e+00]
 [-5.20799727e+00 -3.35971419e+00]
 [-2.47414665e+00  1.33621196e+00]
 [ 2.17305595e+00 -7.82233128e+00]
 [-7.58474275e-01 -3.96505703e-01]
 [ 7.31730734e-01  3.45001569e-01]
 [ 1.06523843e+00 -3.24950912e+01]
 [-4.40970070e-02 -3.57516066e+00]
 [ 4.15888688e+00 -4.19618127e+00]
 [ 1.39039922e+00  3.03629437e+02]
 [ 6.81152979e-01  1.40611360e+00]
 [ 1.73577167e+00  2.80657027e+00]
 [ 1.71413822e+00  6.25106620e-01]
 [ 3.74846731e+00  2.15165898e-01]
 [-1.72442805e+00  1.69290338e+00]
 [ 1.91693878e+00  1.54713020e+04]
 [ 4.68458727e+00  7.94960142e+01]
 [-1.02704093e+00 -9.27446811e-01]
 [ 6.24194167e+00  6.05229600e+00]
 [-5.99673037e+00  3.35484871e+00]
 [ 8.72457462e-01 -7.61187712e+02]
 [ 1.95584636e+00  4.95960918e+01]
 [ 2.06910458e-01  3.76346350e+01]
 [ 1.42622738e+00 -1.72398649e+04]
 [-8.10769852e-01 -1.19303480e+01]
 [ 1.23130767e+00  1.29766893e+01]
 [ 4.76887515e-01  4.03865720e-01]
 [-5.27323865e-01  2.93801815e+01]
 [-3.29203543e-01 -4.86443504e+00]
 [-1.68393102e+00 -3.65951238e+00]
 [ 2.51732618e+00 -4.99289186e-01]
 [ 2.14825101e+00 -2.70311156e-01]
 [-7.09203308e-02 -2.33634149e+03]
 [ 7.68862102e-01 -9.37168756e+00]
 [ 4.64834195e-01  4.65204149e+01]
 [ 1.87903459e+00  3.31165596e-01]
 [-2.12567533e+00  1.02162470e+00]
 [-4.60065785e-01 -1.06446533e+01]
 [-8.52104489e-01 -9.73624777e-01]
 [ 4.37215153e-01  1.69680391e+00]
 [-1.12514053e+00 -3.72046707e-01]
 [ 2.24097951e-01  2.69549857e+00]
 [ 2.10612427e+00  2.36715228e+00]
 [-2.22460203e-01  4.50390639e+02]
 [ 1.86791581e+00  3.90382027e+00]
 [-3.36088564e+00 -6.08517523e+00]
 [-2.08522645e-01 -3.20580119e+02]
 [ 1.54609040e+00 -4.12958090e+02]
 [ 1.80208584e+00  4.32359855e-01]
 [ 9.77370479e-02 -4.73518581e+02]
 [ 1.86216061e+00  2.65567591e-01]
 [ 4.07312095e+00 -3.36811764e-01]
 [ 5.20137525e+00 -5.66224728e+05]
 [-5.22780926e-01 -1.47042666e+00]
 [-4.19801988e+00 -1.15872293e+01]
 [ 2.21350600e+00  7.83687808e-01]
 [-3.82439290e+00 -8.24340561e-01]
 [-1.13419646e+00  3.59132689e+01]
 [-5.56316105e-01 -3.42359388e+01]
 [ 4.11774274e-01  2.16767541e+00]
 [ 3.26352065e+00  5.89277591e+01]
 [ 4.89634789e-01  2.08858520e+00]
 [ 3.43475078e-02 -3.92441657e+00]
 [-1.41165509e+00 -8.45292347e+00]
 [ 4.39299028e+00 -1.99184091e+01]
 [-2.27550747e+00  1.45665396e+01]
 [-3.59954167e-02 -1.03953598e+03]
 [-9.01594631e-01  1.51588240e+00]
 [-2.04505992e-02 -2.69346143e+04]
 [ 6.51626258e-01  5.55547914e-01]
 [-6.52048653e-01 -3.97912092e-01]
 [-8.65689340e-02 -2.23886095e+03]
 [-5.01263050e-01 -6.96813792e-01]
 [-4.41098377e+00  3.56558948e+01]
 [ 9.06207227e-01 -3.12122680e+03]
 [ 2.08876959e+00  5.14825779e-01]
 [-2.72812773e+00 -5.47923032e+00]
 [ 1.83047465e+00 -3.24744055e+01]
 [ 1.65269242e+00  7.52882116e-01]
 [ 2.12468647e+00  2.31311849e-01]
 [ 2.70044753e+00 -2.93518299e+00]
 [-1.21230648e+00 -5.65422870e+02]
 [-2.05611958e-01 -7.02021684e-01]
 [-4.22740651e-01  3.52410039e+04]
 [ 5.38670457e+00  1.11366639e+01]
 [-3.66622157e+00  2.37330328e+03]
 [ 1.19800333e+00  2.10049973e+00]
 [-1.16805534e+00 -9.64144562e-01]]
