[[ 4.92015647e+00  1.42241150e+00]
 [-6.80299034e-01  1.76053941e-01]
 [-8.41595792e+00 -4.89853199e-01]
 [-5.76290035e-02 -2.03614583e+03]
 [-6.40661250e-01 -2.33844086e-01]
 [ 2.50402920e+00  4.30857090e-01]
 [-3.01964721e+00 -5.53949403e-02]
 [ 5.95631998e-01  2.52488565e+00]
 [-7.11504803e+00 -3.86867189e+01]
 [-1.20617714e+00 -8.04712351e-02]
 [ 1.82950317e+00  4.06185568e+00]
 [ 2.28798377e+00  2.22115657e-01]
 [-1.18288290e+00 -1.06320900e+01]
 [-2.53303205e-01 -1.66199396e+02]
 [ 7.37424948e+00 -3.58934236e+02]
 [-2.45402218e+01 -2.76614229e+01]
 [ 2.03239665e+00 -6.98198829e+00]
 [ 1.48468414e+00 -3.37180828e+03]
 [ 2.80118508e+00 -6.60979977e+01]
 [-7.67666737e+00 -3.24407544e-01]
 [-7.80852787e-01 -8.09125955e-01]
 [ 8.92178075e+00  1.99117784e-01]
 [-3.27358335e-01 -5.13574599e+02]
 [-7.76199768e-05  1.72982376e-01]
 [-2.81919902e+00 -8.93470548e-02]
 [ 7.58501872e-01  8.90976704e-02]
 [-4.10109043e+00  2.44185622e+00]
 [ 1.32055856e+00  1.79638038e+00]
 [-2.80007483e+00 -9.88906232e-02]
 [ 6.34672538e+00 -2.27644926e+00]
 [-2.93697484e+01 -1.91645345e+00]
 [-2.24485817e+01 -1.10422510e+02]
 [-4.59454173e-01 -4.01641298e+00]
 [ 3.15072568e+00  8.50502533e-02]
 [-4.25150171e+00 -4.22213254e-02]
 [-5.10580922e+00 -7.61267978e+00]
 [ 3.83673836e+00  7.23117671e-02]
 [ 2.10367802e+01  5.23197591e-01]
 [ 6.14848312e+00  1.12188712e-01]
 [ 3.35452673e+00 -6.73657545e-02]
 [ 1.15542760e-02  1.12665098e-01]
 [ 7.80344271e+00 -3.61510170e-01]
 [ 1.50198915e+01  1.33219592e-01]
 [-1.37373147e+01  1.45659129e-01]
 [ 6.96789488e+00 -3.56581750e-01]
 [ 4.97842109e+00  7.35925733e-02]
 [ 8.50529077e+00 -1.93600511e-01]
 [-5.33760483e-02 -5.00236189e+01]
 [ 1.24243592e+00  5.72956541e-02]
 [ 7.98855515e-01  1.83388445e+02]
 [-2.13283487e+00  4.84229698e-01]
 [ 3.99145062e+00  1.13888502e-01]
 [ 6.03732596e-01  6.28761929e-01]
 [ 2.83248672e-01 -7.26484040e+00]
 [-1.16858893e+00 -4.98514472e-01]
 [ 6.62840154e-01 -3.78742144e+00]
 [ 1.18508563e+00 -2.17726725e+01]
 [-1.92770831e+00  8.20917225e-02]
 [-9.62417271e+00  3.00565933e+02]
 [-3.71112707e+00 -6.64192109e-02]
 [ 3.99927829e+00  3.95633413e+01]
 [-1.28793882e-01 -3.06302738e+02]
 [-1.24381437e+01 -1.91277588e+00]
 [ 2.07424953e+01  2.09282537e-01]
 [ 4.46508422e+00  8.56101993e-02]
 [ 1.06075918e+01 -1.12068803e-01]
 [-1.57704760e+01  6.41388823e-02]
 [ 2.64884804e+00 -1.36970362e+05]
 [ 2.13507516e+00  1.84482963e+01]
 [-1.02016373e+01 -3.87862160e+03]
 [-6.18043876e+00 -3.58683600e+00]
 [ 3.48004118e+00  1.44388749e+00]
 [ 3.15751758e+00  1.03846179e+02]
 [-4.15406986e+00  6.93340037e-02]
 [-3.95861287e+00 -4.47111295e+00]
 [-6.88982455e-01 -6.42258898e-01]
 [ 1.24834591e+01  4.95674836e-02]
 [-1.09468792e+01 -2.74566907e+00]
 [ 1.43282655e-01  3.31515748e+01]
 [ 8.64922914e+00 -2.58085494e-01]
 [ 2.54795619e+00  1.42390527e-01]
 [-1.03022397e+01 -3.46568817e-01]
 [-1.02314003e+01  2.23846765e+00]
 [-3.42312816e-01 -6.30737126e+01]
 [ 4.30797801e+00  8.95389422e-02]
 [ 9.80625503e+00 -1.61256675e+01]
 [-2.78982128e+00 -1.00144755e-01]
 [-2.13258708e+00  8.96236378e-02]
 [-7.73892880e+00 -1.21868138e-01]
 [ 8.19320149e-01  1.77393880e+00]
 [-1.23454973e+01 -7.99432924e-02]
 [-2.83888315e+00  6.01284699e-01]
 [-1.80036035e+01 -9.60307586e+00]
 [ 3.70342959e+00  1.43501443e-01]
 [-5.79872297e+00  2.03364893e-01]
 [-1.10485407e+00  4.56193703e-01]
 [-4.54101415e+00 -6.78893079e-02]
 [ 3.28064473e+00 -2.46045736e+00]
 [ 2.64677701e+00  5.73266425e-02]
 [ 5.30371908e+00  5.70739380e-02]
 [-9.07720143e+00  7.05885751e-01]
 [-2.35644095e+00 -6.93209829e-02]
 [-4.09399295e-01  1.79163781e-01]
 [-9.46492161e-01 -6.43703342e+01]
 [-1.09284503e+01 -3.10368204e-02]
 [ 8.45208616e-01 -4.55626748e-01]
 [-1.82420160e+01  2.77473735e+00]
 [-1.07210996e+00 -3.30986385e+00]
 [-1.64594990e+01  3.15288182e+08]
 [-7.20763100e-01 -2.74981380e-01]
 [ 1.68809924e+00 -5.29548317e+02]
 [ 3.77700940e+00  1.58934085e-01]
 [ 1.49354552e+01 -3.57730542e-01]
 [-4.70096668e+00  6.15798578e+00]
 [-1.88162665e+00 -1.21943287e+00]
 [ 1.63261094e+00 -2.60772885e-01]
 [-9.08797320e+00  1.48848868e+06]
 [ 3.42374303e+00 -2.47833769e-01]
 [ 7.93539554e+00 -2.16895633e-01]
 [-2.03706851e+00 -1.04521596e+00]
 [-2.96365954e+00 -9.64427783e+00]
 [ 4.30711225e-01 -4.51113729e-01]
 [-1.29719769e+00  3.25569371e-01]
 [-1.28332462e+00  2.37519083e-01]
 [ 3.58514447e+00  5.45875994e+00]
 [-7.91649962e+00  5.01761558e+00]
 [ 3.12699862e+00  3.47461187e-01]
 [ 8.60875530e-01  2.43465018e+00]
 [-3.91576696e+00 -1.21606735e-01]
 [-1.76727623e-01 -1.93231164e+02]
 [ 9.22681398e-01 -1.22700922e+01]
 [-3.17514345e-01 -6.85426132e+02]
 [ 5.91318718e+00 -8.87567404e-02]
 [-8.74748948e-01 -5.05995852e-01]
 [ 1.51362465e+01 -7.68287002e-01]
 [-7.10337065e-01 -7.38954275e-01]
 [-1.00039261e+00 -2.39855861e-01]
 [ 1.33223043e+00  3.03621094e-01]
 [-5.07440292e-01 -1.47643836e+00]
 [-3.87498684e+00  1.75278463e+02]
 [-2.49873216e+01 -2.46691051e-01]
 [ 1.58377124e+01  6.98533521e-02]
 [ 6.03796896e+00 -6.80054682e+00]
 [-3.71888236e+00 -6.73486675e-02]
 [-2.84544359e+00  8.14533872e+04]
 [ 1.48253489e-01  2.41260597e+01]
 [ 3.24467061e+00  4.01073459e-01]
 [-1.58795116e+00 -4.23138135e-01]
 [-6.09797984e+00 -1.14705649e-01]
 [-4.45963110e-01  3.38160298e+00]
 [ 2.24681324e-01  1.20576234e+01]
 [-7.48965406e+00  8.44210912e+01]
 [ 5.98703959e+00  3.32490292e+00]
 [ 6.24862609e-01  3.91241251e-01]
 [-2.05660734e+00  1.49962432e-01]
 [-4.44211377e-01 -3.18044371e+01]
 [-5.28100794e+00 -1.00790617e-01]
 [-4.32934831e-01 -1.34301873e+02]
 [-3.43783566e+00 -2.23583220e-01]
 [-1.32356888e+00 -1.75693467e+01]
 [ 9.52479144e+00  2.37651086e+02]
 [-6.83016718e-01 -3.45196018e+00]
 [-2.06621377e+00 -1.12234748e+00]
 [ 8.09507426e+00  1.17217551e-01]
 [-5.46156669e+00 -3.12384607e-02]
 [ 1.07240854e+00  2.63714003e-01]
 [-4.78863053e+00 -1.34551044e+02]
 [-7.68542939e+00 -4.06731674e+00]
 [-6.54617531e-01 -9.19223341e-01]
 [ 5.74390710e+00  3.38263938e+02]
 [ 2.92321805e-01  3.95673308e-01]
 [-1.24860653e+01  1.22757832e+01]
 [-2.81225195e+01 -6.65678817e+00]
 [-3.79988989e-01 -1.89362747e+00]
 [-2.36469208e+00 -1.13669811e-01]
 [-2.53168473e+00 -2.41175402e+02]
 [-6.93708540e-01 -7.53138680e-02]
 [ 3.06030662e+00  7.08665378e-01]
 [-3.72889103e+00 -1.26007695e-01]
 [-3.98329240e+00 -5.72820267e-02]
 [ 2.17254146e+01  9.97490923e-02]
 [ 1.96203057e+00  1.80701289e+00]
 [ 1.35290100e-01  3.75605206e+01]
 [ 1.53213128e-01  8.22008312e+00]
 [-2.45685954e+00 -1.16502493e-01]
 [ 3.11903030e+00  8.93134279e-02]
 [ 5.78533705e+00  1.19129505e-01]
 [-8.61964470e-01 -6.23812555e+00]
 [ 4.91994123e-02  8.23859711e+00]
 [-1.04291768e+00 -1.31301379e+00]
 [-2.54901107e+00  5.57161762e-02]
 [ 7.47433196e+00  1.92888645e-01]
 [-1.01812269e+01  2.78202839e+01]
 [-1.40031237e+00 -9.19293111e-02]
 [ 1.66189510e+01  2.21841847e-01]
 [-3.86494571e+00 -6.22621694e-02]
 [ 7.02107194e-01  2.85154507e+01]
 [ 1.98369117e-01  1.28726206e+00]
 [-1.17997741e+00 -2.90933893e-01]
 [-2.53036581e+01  1.48201224e-01]
 [-2.29694140e-01  2.16220189e+00]
 [-1.56592575e+00 -5.30257769e-01]
 [-4.48977917e+00  1.10145611e+04]
 [-2.41151256e+00 -9.05452144e+03]
 [ 4.79262144e-01  1.87463714e+00]
 [-2.85901481e+00 -1.81674864e-01]
 [ 5.08048376e+00  6.75199471e-02]
 [ 8.00942667e+00 -5.69776333e-02]
 [ 2.34993172e+00  2.12429213e-01]
 [ 1.33674412e+01 -6.09908085e-01]
 [-1.02946398e+00 -3.20589539e+00]
 [-1.11831870e+01  7.31538546e-02]
 [ 1.77058135e+00  4.52154011e+00]
 [-1.46546054e+00 -7.37282632e+01]
 [ 6.42854099e+00  6.03424110e+04]
 [ 7.57885702e+00 -4.78661460e-01]
 [-2.21894955e+00 -1.69064168e-01]
 [ 7.32600935e+00 -1.87209555e+00]
 [ 2.89002395e+00  8.55119558e-02]
 [-2.30519996e+01 -8.34869612e-01]
 [-2.85482059e+00 -4.99415307e-02]
 [-1.15037197e+00 -4.26497318e-01]
 [ 9.30316483e+00  4.91788268e+01]
 [ 1.85879413e+00  1.50677227e-01]
 [-1.42220137e+00 -9.86816360e-01]
 [ 7.89272711e+00 -4.77179234e-01]
 [-1.00594094e+01 -1.05624360e-01]
 [-5.71329392e+00 -1.78140919e+00]
 [-3.89878433e+00 -9.38867723e-02]
 [-4.37665883e+00  1.12090258e+02]
 [-5.67151205e+00  5.60527501e+00]
 [-4.16236548e-02 -1.44918528e+03]
 [-2.76701060e-01  1.53001380e-01]
 [ 8.13347965e-01 -2.03025985e+00]
 [ 7.06279270e+00 -7.43920601e-01]
 [-8.15811408e+00  1.57979163e+01]
 [ 3.62410910e+00  6.07304321e-01]
 [ 8.83994606e-01  2.06732791e-01]
 [ 4.31272523e+00  6.42054650e-02]
 [-4.22753044e-01 -5.63873764e-01]
 [-1.42629782e+00 -1.76285216e-01]
 [-4.81981016e+00  4.25464838e+00]
 [-7.05232460e+00 -3.37424267e-02]
 [ 1.48317221e+01  9.92574900e-01]
 [ 8.32851326e-01 -2.72918826e+01]
 [-9.72407209e+00  9.65697161e-02]
 [-1.96574478e+00  3.01677073e-01]
 [-8.12849638e+00  7.82836905e-01]
 [-6.88534334e+00 -5.38531395e+01]
 [-4.93232234e+00 -2.65583557e+00]
 [ 2.33875268e+00  3.41085406e+03]
 [ 1.10432571e+01 -1.86208048e-01]
 [-1.43703056e+00 -2.64826015e-01]
 [-3.80572752e+00 -6.67286068e-02]
 [ 2.33774213e+01  3.04306788e+00]
 [ 1.13611966e+00 -1.49976482e+01]
 [ 2.33204978e+00  2.64925878e-01]
 [-4.95041975e+00 -1.37787955e-01]
 [ 1.30135879e+00 -1.72867232e+02]
 [-2.24094025e+00 -9.67038263e+01]
 [-2.96502129e+00 -1.35816177e+00]
 [ 1.93780910e+00  1.27550380e+00]
 [ 1.17549811e+00  3.35345340e+00]
 [-5.67654444e+00  1.47859900e-01]
 [-7.46015978e+00  1.01682351e-01]
 [-7.59924851e+00 -7.02924007e-02]
 [-5.78977168e-01  1.06186246e-01]
 [-7.35243464e+00 -1.01404471e-01]
 [ 2.49859106e-01 -4.64881847e+00]
 [ 2.09184734e+00  2.93467803e-01]
 [-3.10460288e+00 -1.64878831e+02]
 [-7.37087256e-01  3.40246852e-01]
 [ 3.31089770e+00  1.18912472e+02]
 [ 1.21563605e+01  5.16656105e+04]
 [-4.46146865e-01  8.95261871e-02]
 [ 4.19936833e+00 -1.86119161e+00]
 [ 1.40256006e+00 -2.59107118e-01]
 [ 6.42896296e-01  5.74409478e+00]
 [-6.12836828e+00  7.19748489e-01]
 [ 9.56786533e+00  6.45986954e-01]
 [ 3.24325123e+00  5.90816171e-02]
 [-1.85756653e-01 -3.71141810e+02]
 [-5.45236876e-01  5.33596358e+00]
 [-1.09178703e+01 -4.57865453e-02]
 [-1.63769537e+00 -1.93554659e+01]
 [-1.18038307e+01 -6.13103389e-01]
 [ 1.22411490e+01  4.32308290e-02]
 [ 9.51774751e-02 -3.16024250e-01]
 [-1.57210498e+00  4.52053353e-01]
 [-5.95937539e+00  1.16525674e+02]
 [ 8.96044768e-01  2.02667349e+00]
 [ 6.83079237e+00  4.78684211e-02]]
