[[-2.54028229e-01 -1.80091297e+04]
 [ 1.35205657e+00  2.30401300e-01]
 [ 1.98449379e+00  1.70102457e-01]
 [ 1.67356864e+00  1.81077567e-02]
 [-1.51038661e+00 -9.68918154e-01]
 [-1.02519816e+00  5.61499199e-02]
 [ 4.44377764e+00  4.33254334e-02]
 [-9.89863192e+00 -2.88236562e+05]
 [ 2.50758113e-01  7.99695985e+00]
 [ 3.45913115e-01 -8.27128645e+00]
 [-4.38725908e+00  2.02149743e+03]
 [-2.01606484e+01 -1.33681149e+00]
 [-4.05744445e-01  1.77419286e-01]
 [-3.05988412e-01  8.62756101e+02]
 [-3.14612826e+00 -1.38372165e+02]
 [-1.11837922e+00 -4.94803285e+04]
 [-9.11093582e-01 -1.73458972e+00]
 [ 8.11507267e+00  5.74163030e-01]
 [ 7.20810848e+00  1.50956204e-02]
 [ 3.60051069e-01  6.45133357e+01]
 [ 1.69368454e+00 -1.34632877e+02]
 [ 3.80196785e+00  5.41570026e-02]
 [-2.59488465e-01  1.16547907e+00]
 [-1.86579596e+00 -4.94121223e+01]
 [-5.45208758e+00  3.24308413e+02]
 [ 1.04214655e+01 -9.57611602e-01]
 [ 7.15936999e-01  1.10037654e+00]
 [ 6.70579684e+00  2.49766663e-02]
 [ 1.63714546e+00  1.70543832e-01]
 [ 6.08332956e+00 -9.22650415e-01]
 [-2.96242557e+00  1.97237401e-02]
 [-2.22113335e+00 -4.07772128e-01]
 [-5.96964455e+01 -3.13713152e+02]
 [ 1.05624479e+00  1.34452546e+00]
 [ 5.53900967e+00  3.24529375e-02]
 [ 1.86665287e-01 -8.97747080e+06]
 [ 1.74823493e-01  1.33146776e+03]
 [-2.93790838e+00 -9.68047147e-01]
 [ 4.90356167e+00  1.67986950e-02]
 [ 5.58489057e-01  6.23451675e-02]
 [-9.84753779e-01 -2.35011080e-01]
 [ 5.58310349e+00  5.02277873e-02]
 [-2.08428384e+01 -3.44534435e+00]
 [ 7.77849450e+00  3.64197635e-02]
 [ 9.39064959e+00  1.82085505e-01]
 [-1.95922642e+00 -3.73407897e+01]
 [-1.05141436e+00  3.28953225e+01]
 [-3.22884683e+01 -6.02206680e-01]
 [ 5.12252185e+00  2.79138904e-02]
 [-8.16180549e-01 -2.59762789e-01]
 [-4.62141922e+00 -7.90032829e-02]
 [ 2.84071754e+00  1.27228547e-01]
 [-7.30773395e+00  3.87713336e+02]
 [-1.60782988e+01  8.36834576e-02]
 [ 6.31470042e-01  9.67859284e-01]
 [ 8.66172575e+00  1.24161606e-02]
 [-1.68282232e+01 -1.09044396e+00]
 [-5.08734466e+00  1.83694269e-02]
 [-1.04973859e+00  4.07658954e-02]
 [ 6.14961560e+00  1.35584831e-02]
 [-2.34642754e+00 -8.96390709e+00]
 [ 6.69869674e-01  1.15575433e+01]
 [-2.51279365e-01 -6.90367714e+01]
 [-4.91922489e+00 -3.72395773e+00]
 [-4.15257202e+00  3.90128662e+00]
 [-8.34550795e+00 -1.55466042e+00]
 [ 9.45748837e-01  2.69405555e+02]
 [-4.10605868e-01  3.25696886e+00]
 [-2.78819088e-01  5.61047680e-01]
 [-1.70428941e+01  5.73741859e-01]
 [ 3.81275632e+00  4.45841942e-02]
 [-9.81090682e-01 -2.40044012e+00]
 [-1.08774652e+00  5.56198450e-02]
 [-1.73500996e+01  1.04587448e+01]
 [-4.68524645e+00  6.36282229e+00]
 [ 8.76068139e+00  3.74873684e-01]
 [-7.58530179e-01 -9.01481985e+00]
 [-1.20749323e+00  2.37697642e-01]
 [ 5.92061348e+00  1.84560505e-02]
 [-3.51648449e+01 -2.44306845e+02]
 [-3.35069486e+01 -2.25117605e+03]
 [-7.72737255e-01 -7.71134205e+01]
 [ 1.14361564e+00  3.96076977e-02]
 [ 9.82604574e-01  2.35983105e+00]
 [-6.57095143e+00 -2.41207655e+03]
 [ 1.35276868e+00  3.14289976e+00]
 [ 3.68410616e+00 -5.66064488e+01]
 [-4.73013121e+00 -1.62964922e+01]
 [-1.58134007e+01  2.34730158e-02]
 [ 2.99218858e+00  1.60966132e-02]
 [ 4.93850129e-02  1.29900838e+03]
 [ 7.91791824e+00  1.81641531e-02]
 [-8.20991458e+00  1.76911797e+02]
 [-3.02129521e+00 -2.97391219e+02]
 [-3.28811677e+01  6.31566595e+00]
 [ 2.36401745e-01  1.61584207e+01]
 [-1.11443756e+00 -1.43665045e+00]
 [ 1.31794146e+00  6.53426881e-01]
 [-1.32101287e+01  2.42055326e+01]
 [ 4.08090379e+00  5.29896690e-02]
 [-1.53304846e+00 -2.55614552e-01]
 [ 2.76694288e+00  7.03643619e-02]
 [-1.92354535e+00 -1.71964963e+00]
 [-1.31411141e+01 -1.99715640e+00]
 [-2.73319769e+01 -1.14431616e+02]
 [-5.39990401e-01 -7.94145220e+00]
 [-9.87621310e-02 -4.94079278e+02]
 [ 1.00382310e+00  3.19120741e-01]
 [ 8.64249689e+00 -7.89283876e+01]
 [ 1.41842328e-01  8.37165884e-01]
 [ 5.86207899e-02  2.30540128e+03]
 [-8.39614706e+00 -3.57409920e+02]
 [-4.00145161e-01  5.38059301e+02]
 [ 1.02278988e+00  3.59927060e+01]
 [-2.12817803e+01 -1.19145024e+02]
 [ 1.90335476e-02 -1.12516174e+01]
 [-2.93752509e+01 -3.92675049e+01]
 [ 8.37178587e-01  2.95477741e-01]
 [ 2.80489599e+00  1.40435850e-01]
 [-3.52803599e-01 -5.65769139e+02]
 [-3.03596928e+00 -9.03803226e+00]
 [ 6.68675364e-01  1.61204961e-01]
 [ 3.80132808e-01  1.91976906e+00]
 [-2.27658908e+00 -1.90146855e+07]
 [ 4.72003734e+00  1.94510170e-02]
 [ 4.79668364e+00  4.40779057e-01]
 [-1.44246144e+00  4.16670249e-02]
 [ 5.36443025e-01  2.81634659e-01]
 [ 3.19790675e+00  7.02288530e-02]
 [-3.59673285e-01 -6.20305411e+00]
 [ 4.55813606e+00  1.54129370e-02]
 [ 1.63727264e+00  8.68774578e-01]
 [-5.52990227e-01  9.05828520e+01]
 [-2.64111069e+00 -1.47007485e+01]
 [ 3.13466883e+00  7.04028692e-01]
 [-1.75683048e+00 -9.02261177e-02]
 [-8.80590898e+00 -2.12002477e+00]
 [-1.52492004e+01  1.14057776e-01]
 [-4.29614677e-01  1.21443264e-02]
 [ 5.80020678e-02  1.66928508e+03]
 [-2.44596549e+01 -1.89669175e+00]
 [-2.35747297e+01  2.20613413e-01]
 [ 3.67786648e-01 -1.08708073e+02]
 [-9.44870209e-01 -7.58692923e+03]
 [ 5.43112503e+00  1.23819123e-02]
 [ 3.00177430e+00  6.47411469e-01]
 [-7.42527641e-01  2.07391167e+00]
 [-6.82870825e-01  1.18822415e-01]
 [-9.93022803e+00  4.20558150e-01]
 [-1.16021155e+01  2.51114900e+01]
 [-8.35759125e-01 -2.21950688e+01]
 [-4.39044335e+00  7.34474383e+00]
 [ 1.98754403e+00  4.35523332e-02]
 [ 9.88241403e-01  4.08582925e-02]
 [-3.39286095e+01 -1.51635909e+03]
 [-1.06666043e+00  5.18393772e+01]
 [ 4.87237446e+00  2.23003400e-02]
 [ 5.61252000e-01  7.14280057e+00]
 [ 8.58462721e+00  1.38991471e-02]
 [ 1.88327990e+00  1.45900683e-01]
 [-1.26296556e+01 -7.88979795e+00]
 [ 1.28835692e+01  4.37949233e-02]
 [ 7.76577386e-01  1.27591126e-02]
 [-1.28985108e+01 -4.25660046e-02]
 [ 1.10594634e+00  2.79720434e-01]
 [-1.81295731e-01 -8.38115285e+01]
 [-8.01943227e-02  1.07678724e-01]
 [-3.60192002e+00 -1.58028564e+00]
 [-1.08158414e+01  3.45368343e+01]
 [ 2.27666218e+00  8.68773977e-02]
 [-2.95634208e+01  1.07341061e-01]
 [-4.76408810e+01  1.99176359e+00]
 [-2.67346662e+00 -6.91189981e+00]
 [-1.42483128e+00 -1.10694943e+00]
 [ 9.80883289e-01  1.18467668e-01]
 [-6.46361401e+00  2.81778342e-01]
 [-9.70716854e-01  2.82611111e-02]
 [ 3.61486224e-01  7.27178270e+01]
 [-2.03887449e+00 -1.13969598e+00]
 [-2.05404097e+00 -1.06138718e+02]
 [ 2.85832584e-01  1.14985377e+00]
 [-2.02348218e+00  6.79167782e-01]
 [-3.38653429e+00 -1.18746994e+00]
 [ 7.31888630e+00 -1.47514817e-01]
 [-2.07910323e-01  1.91050790e+00]
 [ 2.08234995e+00  1.58872482e+01]
 [ 1.63577782e+00  1.38870966e-02]
 [-6.72671629e-01  9.00916881e+00]
 [-1.47984857e+00 -1.98192881e-01]
 [ 2.45986974e+00  1.09793202e-01]
 [-5.12320508e+00 -3.50647066e+00]
 [-5.11187164e+00 -6.32196955e+00]
 [ 3.57578530e-01 -1.23362706e+01]
 [-5.04929513e+01 -3.35866378e+00]
 [-2.24135952e+01 -1.17139401e+00]
 [-1.12241944e+01  6.27668147e+01]
 [ 8.89820669e+00  1.18514168e-02]
 [-6.00388444e+00 -3.03959255e+00]
 [ 8.01525207e+00  1.41723126e-02]
 [-2.73293840e+00 -5.86788724e-01]
 [ 3.19695872e-01 -2.33229728e+02]
 [-2.31422181e+01 -4.89891544e+01]
 [-7.88302157e-01 -2.71244579e+01]
 [-8.28099364e+00  1.39944783e-01]
 [ 3.34181698e+00  2.63751487e-02]
 [ 4.98252706e-01 -2.08085929e+01]
 [-1.17266679e+01 -1.31919232e+02]
 [-2.12005002e+00  7.74119583e-01]
 [ 1.21037268e+00  2.04700408e+00]
 [ 8.79258960e+00  1.11704363e+00]
 [ 6.50981317e+00  3.95725534e-02]
 [-4.61829571e-01 -3.19439244e+01]
 [-1.81094223e+00 -2.60248287e+04]
 [-5.59583172e+01 -8.15129274e+00]
 [ 3.12062643e+00 -4.02942445e+00]
 [ 1.81569861e+00 -1.19307467e-01]
 [-1.25498505e+01 -2.94929781e-01]
 [-1.03569582e+00  4.08346647e+01]
 [-3.01539211e+00 -2.68914276e-01]
 [-5.58808798e+00  1.95913671e+03]
 [ 1.53465778e+00  1.35202158e-01]
 [ 6.26687131e+00 -1.02958345e+03]
 [ 7.90460772e+00 -2.89368364e+01]
 [-6.96793884e-01 -6.70224470e-01]
 [ 1.07557809e+00  1.27062205e+00]
 [-2.03503489e+01  1.58177934e+02]
 [-6.04926319e+01 -1.26860827e+00]
 [ 4.32480828e+00  3.73500918e-02]
 [ 5.91121569e+00  1.01358966e-01]
 [-2.34230652e+00 -1.07274365e+01]
 [-2.29007658e-01 -9.00552642e+01]
 [-1.18212281e+00 -4.06727584e+00]
 [-2.30152340e+00  3.96391711e-02]
 [-5.84434504e-01 -7.29603086e+00]
 [ 5.09848820e-01  3.18890889e-01]
 [-5.01252467e+00 -4.59741370e-01]
 [-4.50848491e-01 -3.61999915e+01]
 [-1.75390713e+01 -5.61446066e+01]
 [ 1.81635599e+00  1.61123690e-01]
 [-7.02397242e-01 -3.23294419e+01]
 [-4.46068898e+00  1.77717228e+02]
 [ 2.72357867e+00  1.11369478e-01]
 [ 7.13099679e+00  1.24365446e-02]
 [ 1.57947012e+00  9.18859788e-01]
 [-2.75811970e-01  1.72127695e+01]]
