[[-1.71190492e+00 -6.80513374e-02  4.92282783e-02 -1.02173302e+00]
 [ 7.77554494e-01 -1.37487455e+00 -1.59656063e+00 -2.34116985e+00]
 [-9.73667125e-01 -3.89944036e-01 -1.87918217e+00 -1.94471899e+00]
 [ 7.54662090e-01 -3.75537209e+00 -3.84752210e+00 -2.12846285e+00]
 [ 7.29818439e-01  6.48973575e-01  9.18598705e-01 -2.92287010e+00]
 [-1.04971131e+00 -2.58521783e+00 -3.18104735e+00 -1.21454763e+00]
 [ 9.21374213e-02 -3.41475614e+00 -2.40103378e+00 -3.66046593e+00]
 [-2.29276304e+00 -1.70059817e+00  1.40216263e-02 -2.76267542e+00]
 [ 2.91675071e-01 -3.13551828e+00 -5.12887985e-01 -2.03461200e+00]
 [-1.62965136e+00  3.94145685e-01  4.76209283e-01 -2.45757885e+00]
 [-1.17669226e+00 -2.90177730e+00  1.06353714e-01  9.02698913e-01]
 [-2.69286435e+00 -2.49406411e+00 -2.24014663e+00  1.46074559e-01]
 [-1.15127304e+00 -1.04333249e+00 -2.62192474e+00 -6.86455841e-01]
 [ 6.76050311e-01 -7.21382962e-01  1.67063475e-01  5.45684377e-01]
 [ 9.03296250e-01 -3.48857838e+00 -2.24781898e+00  1.39682293e-03]
 [-5.39776036e-01 -3.34678397e+00  2.35033064e-02 -3.41707596e+00]
 [ 5.26653606e-01 -8.14998404e-01 -1.10172540e+00  9.46361893e-01]
 [-2.54602428e+00  7.96336725e-01 -1.06213497e+00 -3.19080117e+00]
 [-8.44030663e-02  4.56372879e-02 -3.69232678e+00 -2.88883501e+00]
 [-4.87247193e-02  5.87153102e-01 -2.58085684e-01 -1.97939675e+00]
 [-1.46024677e+00  8.67092492e-01  1.82844610e-01 -2.66732835e+00]
 [-1.00725693e+00 -2.40976744e-01 -2.56693221e+00 -2.39649362e+00]
 [-1.64731740e+00 -2.34351971e-01 -1.67792817e+00 -3.98703011e-01]
 [-8.69917210e-01 -1.95361547e+00  3.32719878e-01 -1.20615839e+00]
 [-1.62167969e+00 -1.96261865e+00 -1.25283643e-01 -3.44217354e+00]
 [-3.23254093e+00  9.15067588e-01 -3.40845696e+00  5.78910267e-02]
 [-7.67809526e-01 -1.46958843e+00 -8.47843640e-01 -3.27329745e+00]
 [ 7.17365063e-01 -1.90165869e-01 -2.92741074e+00 -3.50339123e+00]
 [-1.15560589e+00  7.67422670e-02 -2.39169152e+00 -9.40854761e-01]
 [-3.06309138e+00  7.64237408e-01  9.58897833e-01 -2.69848433e+00]
 [-1.88158790e+00 -2.17073196e+00 -3.38512677e+00 -2.86919465e+00]
 [-6.66595165e-01 -3.81174486e+00 -2.74561490e+00  2.60098404e-01]
 [-3.97735723e+00 -3.41531191e+00  5.67095018e-01 -3.83684161e-02]
 [-5.62234297e-01 -1.67210942e-01 -9.87321399e-01 -1.69640449e+00]
 [ 9.49962643e-01  4.76524718e-01 -3.05010723e+00 -2.38382714e+00]
 [-1.82619303e+00  5.13939047e-02 -7.85441375e-03  5.04636625e-01]
 [-6.27538314e-02 -9.70696902e-01 -7.59743835e-02 -3.75960213e+00]
 [-9.41882409e-01 -1.12724903e+00  8.75268728e-01 -3.38184227e+00]
 [-1.88919559e+00 -7.47372217e-01 -3.25780656e+00 -3.77939834e+00]
 [-5.61997411e-01 -2.19925951e+00 -3.88295701e+00 -6.01427870e-01]
 [ 1.28958210e-01 -3.96726369e+00 -2.22358660e+00  8.49617810e-01]
 [-1.00989269e-01  5.35282905e-01 -2.34094547e+00 -3.40687464e+00]
 [-2.15532367e+00 -3.94860282e+00  7.29331934e-01 -1.64235021e+00]
 [-1.12407839e+00  9.50610513e-01 -2.59228475e+00 -3.46010167e+00]
 [-3.65935134e+00  5.91711546e-01 -3.64372117e+00 -2.49208765e-01]
 [ 6.37094430e-01 -3.89950234e+00  3.68190503e-01 -1.17780353e+00]
 [-7.19548526e-01 -1.99193709e+00  6.62256760e-01  2.29752765e-01]
 [-3.03452507e+00 -3.14133024e+00 -2.39088988e+00  2.66716451e-01]
 [-4.49715022e-02 -1.92202201e+00 -2.98550491e+00 -2.95529169e+00]
 [-3.06176215e-01 -6.88825331e-01 -2.69551169e+00  4.31492741e-01]
 [-9.85907096e-01 -3.19885642e+00 -3.48843766e+00  6.54539797e-01]
 [-1.95657622e+00 -1.64769265e-02 -1.99707543e+00 -2.16623776e+00]
 [-2.41405822e+00 -1.14256720e+00 -2.70143051e-01 -2.87198357e-01]
 [-2.82313621e+00 -2.25383214e+00 -1.98403240e+00 -3.35883133e+00]
 [ 7.74452218e-01 -1.14656585e+00 -1.00408301e+00 -2.24054161e+00]
 [ 2.09909308e-01  6.83105394e-01 -3.80454737e+00 -3.21053777e+00]
 [-2.04724602e+00 -3.58574103e+00 -2.11276357e+00  2.13460758e-01]
 [-2.54710611e+00 -1.59964461e+00 -3.34349615e+00 -3.19724566e+00]
 [-1.39873176e+00 -1.81497796e+00 -3.31476056e+00 -1.47849758e+00]
 [-4.95203884e-01 -1.20289007e+00 -3.92345797e+00 -2.68074791e+00]
 [ 7.87677510e-01 -2.93763630e+00 -6.25647422e-01  9.99971839e-01]
 [-2.74031455e-02 -1.89222813e+00 -4.05929549e-01 -2.83959607e+00]
 [ 3.56227986e-01 -9.14754658e-01 -4.03344199e-01  4.84580769e-01]
 [-2.09013504e+00 -8.93101197e-01  7.81242053e-01 -1.23626767e+00]
 [-1.64044375e+00 -1.73895662e+00 -5.71269446e-01 -3.01816685e+00]
 [-2.33391437e+00 -1.34960084e+00 -1.95760771e+00  1.88218171e-01]
 [ 9.35189691e-01  6.58068540e-01 -1.36157977e-01 -3.22803531e+00]
 [-4.39642381e-01 -2.70329066e+00 -1.48275750e+00 -2.06752181e-01]
 [ 5.60396775e-01 -2.87452074e+00 -1.70734405e+00 -7.86160438e-01]
 [-2.16690341e+00 -3.62732961e+00 -1.03786967e+00 -3.42238686e+00]
 [-9.02357689e-01 -4.90751482e-01 -2.74265589e+00 -2.38659765e+00]
 [ 6.02003024e-01 -1.08583900e+00 -1.01976304e+00  8.62353674e-01]
 [-1.02176103e+00 -3.98141097e+00 -2.33000634e+00 -3.12013233e+00]
 [-2.44782319e+00 -2.62645177e+00 -1.81081933e+00 -3.53483510e-02]
 [-2.92159774e+00 -5.62164765e-01 -6.01883996e-01 -1.58228938e+00]
 [-2.76815414e+00  7.85110821e-01 -1.40346376e+00 -2.11829054e+00]
 [-2.65792599e-01 -1.19467526e+00  4.74858981e-01 -2.27417077e+00]
 [ 8.77075809e-01 -1.87491888e+00 -3.73666579e+00 -1.77009449e-01]
 [ 7.56087943e-01 -2.87955584e-01 -3.58578111e+00 -2.57978788e+00]
 [-3.42101213e+00 -2.70312809e+00  1.50119577e-01 -2.65599018e+00]
 [-3.65709047e+00 -2.26593668e+00 -1.39383384e-01  3.60107049e-01]
 [-2.63261263e+00 -8.28938386e-02  3.71544463e-01 -5.55023978e-01]
 [-1.61954746e+00 -5.01381593e-01 -3.72325672e+00 -1.07380531e+00]
 [ 5.60369154e-01 -4.29561711e-01 -7.32590848e-01 -2.36596719e+00]
 [-1.79537942e+00 -1.82605900e+00  8.81974906e-02 -1.32652159e+00]
 [ 9.20741244e-01  9.51266088e-01 -1.04295567e+00 -6.15667193e-01]
 [-2.61816928e+00  5.24947390e-01  3.05111750e-01 -1.36531036e+00]
 [-3.34493148e+00 -3.15166173e-01  3.25970332e-01 -3.88906979e+00]
 [-3.27331048e+00 -1.88215431e+00 -2.90408439e+00 -3.81836557e+00]
 [ 8.74891026e-01 -3.65935489e+00 -3.33870701e+00 -3.66441505e+00]
 [ 1.18517313e-01 -9.25316521e-01  1.29135937e-01  7.84730958e-01]
 [-1.65562648e+00  3.76043649e-01 -3.51137486e+00 -2.79143392e+00]
 [-2.24343573e+00 -1.50011411e+00  2.38910019e-01  9.09943049e-01]
 [ 8.60785154e-01 -3.53269504e+00  1.69320784e-01 -1.52060054e+00]
 [-3.54416790e+00 -2.38337897e+00 -1.00701729e+00 -3.40364424e-01]
 [ 1.61604706e-01 -1.61467280e+00 -5.34843103e-01 -8.87965278e-01]
 [-1.77501369e-01  7.91548034e-01  9.75787402e-01 -1.64458892e+00]
 [ 2.34234625e-01 -5.26264935e-01 -1.27016245e+00 -1.63945419e+00]
 [-1.97461616e+00 -3.11297571e+00  4.88992190e-01  7.75628365e-01]
 [-4.50117294e-01 -2.18326170e+00 -2.27023403e+00 -3.54055219e+00]
 [-1.59783027e+00 -6.39454151e-02 -2.06315354e+00  9.77898708e-01]
 [ 8.99161963e-01 -1.42667667e+00 -2.16097320e+00 -3.09152810e+00]
 [ 7.92707666e-01 -2.19481514e+00 -1.34639797e+00  5.23014562e-01]
 [-3.12330678e+00 -1.20013416e+00 -1.80448113e+00  1.87070360e-01]
 [-2.85239798e+00 -3.02350715e+00  2.54542615e-01 -1.16317902e+00]
 [-8.86740762e-01 -2.01249453e-01  7.08880978e-01 -7.75986561e-01]
 [-7.78150250e-02 -9.12730520e-01 -1.73757101e-01  8.46934392e-01]
 [ 8.24514473e-02 -3.69066300e+00 -1.81865148e+00 -1.14359072e+00]
 [-2.96896430e+00  8.97830077e-01 -4.45720012e-01  3.14090255e-01]
 [ 3.75357943e-01 -3.35497016e+00 -1.42209282e+00 -9.11756228e-01]
 [-1.84890184e+00  1.42374645e-03  1.09756815e-01  7.20166770e-01]
 [-2.56581212e+00 -1.15228714e+00 -4.89195131e-01  5.24639655e-02]
 [-1.06071988e+00 -3.79729617e-01  1.92913697e-01  5.68270041e-01]
 [-1.49396037e+00  2.30109208e-01 -3.02790263e-01 -2.19701933e+00]
 [-2.44342161e+00 -3.22071177e+00  4.90563918e-01 -1.56067107e-01]
 [-2.68554659e+00  5.43112984e-02  5.64700290e-01 -1.08344060e+00]
 [-3.03918865e+00 -2.86878970e+00 -5.40222713e-01  3.54586559e-01]
 [ 9.56038407e-01  3.24959264e-01 -3.17141885e+00 -2.32910204e-01]
 [-1.73366709e+00 -3.01261713e-01 -1.64538818e+00 -3.50906158e+00]
 [ 3.34285823e-01 -8.95719566e-01  1.00491383e-01 -3.82338799e+00]
 [-1.77634636e+00 -6.23048625e-01  4.25308541e-01 -3.15709678e+00]
 [-5.73504836e-01 -5.10970004e-01 -3.21619035e+00 -4.09327060e-01]
 [-1.24816048e+00  1.46017295e-01 -2.45773477e+00 -7.70229347e-02]
 [-2.12052409e+00 -4.57985782e-01 -6.94076765e-03  3.45272850e-01]
 [-5.77147534e-02 -1.12512937e+00 -3.84673173e+00 -1.98269578e+00]
 [-3.55065514e+00  2.40485996e-01 -1.53538042e+00 -1.37595791e+00]
 [-2.78529290e+00 -7.55162217e-01 -2.58358660e+00 -3.05500927e+00]
 [ 3.14183819e-01 -2.66451984e+00 -2.26713956e+00 -6.68887729e-01]
 [-7.51202979e-01 -7.15529813e-01 -2.34143452e+00 -2.43507570e+00]
 [ 2.04206537e-01 -2.07136999e+00 -8.76673908e-01  5.25235754e-01]
 [-6.32918432e-01 -3.05886995e+00 -3.56109814e+00 -3.15381971e+00]
 [-5.42599676e-01 -2.25874183e-01 -9.89331031e-01 -2.60940864e+00]
 [-3.90626602e-01 -3.55185159e+00 -5.16098369e-01 -1.76291204e-01]
 [-1.80513704e+00 -6.59997991e-01 -6.01023896e-01  6.87795658e-01]
 [-8.19939654e-01  8.64204885e-01 -9.45767565e-01 -3.68578915e+00]
 [ 3.56285074e-01  6.13708835e-01 -3.04662461e+00  8.60369463e-01]
 [-1.52918446e+00 -2.96071495e+00  6.89243779e-01 -3.16238393e+00]
 [-2.44221897e+00 -2.83609941e+00 -1.73405050e+00 -3.69116937e+00]
 [-3.19096169e+00 -7.46253440e-01 -3.80414049e+00 -3.28345464e+00]
 [-2.94687005e+00  2.54212253e-03  1.62341274e-01  3.07366645e-01]
 [-3.94209247e+00 -1.40720658e+00 -1.52445069e+00  3.26691017e-01]
 [-3.31046687e+00 -2.19670728e+00 -1.36779803e+00 -3.88844765e+00]
 [-3.57214715e+00  4.90402758e-02  2.05403668e-01 -2.33017059e+00]
 [-9.19758878e-01 -9.78793020e-01  7.75329391e-02 -6.20796584e-01]
 [-4.82737823e-01 -2.79870735e+00 -3.94094463e+00 -2.89657895e+00]
 [-3.14167636e+00  9.57534577e-02 -1.08376238e+00 -2.66373793e+00]
 [ 5.15052950e-01 -3.49952879e+00 -1.37450070e+00 -4.07613858e-01]
 [ 6.63225629e-01 -3.87204053e+00 -2.74043147e+00 -8.97674483e-01]
 [-1.72351458e+00 -3.67846241e+00 -1.10033541e+00 -3.91807528e+00]
 [-1.64743650e+00 -3.92296214e+00  5.14912668e-01  6.40325624e-01]
 [ 6.23305505e-01 -1.64976881e+00  6.78389377e-01 -3.16796579e-01]
 [-3.93763226e+00 -2.74627483e-01 -7.93425014e-01 -5.98383730e-01]
 [-2.20495353e+00 -5.17539817e-01 -2.61879759e+00 -2.80644716e+00]
 [ 7.21673299e-01 -2.63176836e+00 -3.42673830e+00 -1.33521457e+00]
 [-3.00472531e+00 -3.39229952e+00  8.83204451e-02 -2.10130110e+00]
 [ 7.58758282e-01 -1.82703258e+00  5.10052503e-01  3.19131497e-01]
 [ 8.23043341e-01  5.06536665e-01 -3.91018499e+00 -1.64653397e+00]
 [ 5.16200772e-02 -2.53536808e+00 -5.45950280e-01 -1.88862742e+00]
 [-1.19249454e+00  7.61507607e-02 -3.55458711e+00 -3.51656345e+00]
 [ 1.23725864e-01 -2.34665835e+00 -2.09442927e+00 -1.63764465e+00]
 [-2.10960796e+00 -2.49592268e+00  6.55329412e-01 -9.88619638e-01]
 [-2.71874589e+00  8.18342920e-01 -2.40048840e+00 -3.62369379e+00]
 [-1.95861124e+00 -1.60479513e+00 -3.67967894e+00 -3.45321678e+00]
 [-2.10290133e+00 -2.23425686e+00 -3.83621661e+00  9.13485892e-01]
 [ 5.03705393e-01 -6.75110920e-02 -2.16249969e+00 -7.76035764e-01]
 [-1.18557435e-01 -8.26697190e-01  3.13908440e-01 -8.46761991e-01]
 [-2.31559351e+00 -4.65987717e-01 -2.22552087e+00 -1.84947803e+00]
 [ 7.39022154e-01 -3.77809704e+00  7.18729156e-01 -3.74147382e+00]
 [-1.81159994e+00 -3.03350903e+00  4.28931412e-01  8.05430386e-01]
 [-1.67788402e+00  9.22897730e-03 -2.75241693e+00 -1.21178237e+00]
 [-3.01788870e+00 -3.28379594e+00 -1.74164526e+00 -3.87105288e+00]
 [-3.41530384e+00 -3.70117638e+00 -3.26413101e+00 -3.16908261e-02]
 [-7.00413234e-01 -3.90861833e+00  5.26994227e-01 -2.16999677e+00]
 [-1.49447186e-01 -1.64131138e+00  9.22903783e-01 -2.52276639e+00]
 [ 7.64930284e-01 -2.18855193e+00 -2.09655045e+00 -2.01075104e+00]
 [-1.65824969e+00 -2.90108332e+00 -1.33073929e+00 -3.30588353e+00]
 [-1.64182516e+00 -1.92284928e+00 -3.08075079e+00 -2.65653264e+00]
 [-3.65422897e-01 -2.42754112e-02 -2.35795229e-01 -2.30265121e+00]
 [ 3.00237456e-01  1.36596999e-02  7.97803491e-01 -3.79312610e+00]
 [-7.07382319e-01 -3.37958491e+00  2.38452094e-01 -1.52544598e+00]
 [-5.04399089e-01 -3.77577196e+00 -8.34944310e-01 -3.27988754e+00]
 [-7.63008544e-01 -3.46887597e+00 -2.80928498e+00 -1.45783921e-01]
 [ 9.32097754e-01 -3.12393188e+00 -1.57842322e+00  4.70090078e-01]
 [-3.95556669e+00  4.88845158e-01 -3.02882506e+00  5.35569555e-01]
 [-5.97255891e-01 -8.02276462e-01 -2.59619032e+00 -6.56622377e-02]
 [-1.79572444e+00  5.77919592e-01 -2.02465614e+00 -1.66483650e-02]
 [-1.54561109e+00 -1.89512850e+00 -3.72425100e+00 -3.06017181e+00]
 [-1.02987695e+00 -8.12933489e-01  7.43233506e-01  5.93490169e-01]
 [-4.95058703e-01 -6.44332358e-01 -2.33491986e+00  8.70101881e-01]
 [-7.71112801e-01 -1.26097477e+00 -1.93044586e+00 -2.77923816e+00]
 [-3.87876926e+00 -2.88762701e-01 -1.12913122e+00  4.34881207e-01]
 [-1.26448603e+00 -2.47693744e+00  5.11159173e-01 -2.59987949e+00]
 [-9.18695468e-01  5.43114232e-01  9.14697616e-01 -2.32518528e-01]
 [-3.77273343e+00 -3.17297919e+00  7.52445494e-01 -1.53420158e+00]
 [-2.90875442e+00 -2.25616298e+00  8.93681351e-01 -2.62556642e+00]
 [-1.97361146e+00 -2.61650224e+00 -7.43798593e-01 -8.49919800e-02]
 [-3.16735277e+00  3.82700462e-02 -3.84220223e+00 -3.26560132e+00]
 [-3.70897724e+00 -3.04761938e-01  5.88825555e-01 -3.53751892e+00]
 [-2.92174431e-01 -4.24526216e-01 -3.54381757e+00 -3.48032098e+00]
 [-1.02217739e+00 -2.22055404e+00 -3.53291233e+00  8.48386510e-02]
 [-3.72100255e+00  3.04300954e-02  2.08780642e-01 -1.03423565e+00]
 [-2.93972636e+00 -2.41610075e+00 -5.73374134e-01  2.37716791e-01]
 [-3.45713304e-01 -8.08612620e-01  2.74520031e-01 -3.91192850e+00]
 [-2.83134743e+00 -1.35354795e+00 -1.60476436e+00 -3.79562735e+00]
 [ 6.65872720e-01 -1.60522114e+00 -3.46739102e+00 -1.99650645e+00]
 [-1.17149356e+00  3.81639724e-01  9.53103945e-01 -1.21845804e-01]
 [-2.33154227e+00 -1.92351059e+00  2.34773756e-01 -1.28593003e+00]
 [-8.22482478e-01 -3.29960961e+00 -2.05469301e+00 -3.26907743e-01]
 [ 2.98133383e-01 -1.37916638e+00 -6.95584897e-01 -3.18643421e+00]
 [-2.55214985e+00  9.67300586e-01 -8.78786084e-01 -2.89570585e+00]
 [ 4.15651079e-01  8.75423550e-02 -2.40629621e+00 -3.98137201e+00]
 [ 3.92062610e-01 -1.84319152e+00  5.19649209e-01 -4.89728089e-01]
 [ 6.71843818e-01 -3.56379296e+00  3.53446093e-02 -1.91036634e+00]
 [-3.56075918e+00 -3.94067308e+00  4.13355604e-01 -3.81308174e+00]
 [-3.08477976e+00  3.57465364e-01  7.68514952e-01 -1.20025663e+00]
 [-3.63184500e+00  1.89470238e-01 -3.64545490e+00  3.79796781e-01]
 [-1.67577886e+00 -3.92837242e+00 -3.15239138e+00  2.37593782e-01]
 [-5.99097106e-01 -3.45609295e+00 -2.85462960e-01 -2.31097796e+00]
 [-1.11078845e+00 -1.36376190e+00 -2.07147717e+00  9.18374428e-01]
 [-1.24734030e+00 -3.26435179e+00 -1.60067227e-01 -2.73213459e-01]
 [-1.58716953e+00 -2.30949294e-01 -2.22253973e+00 -1.47891042e+00]
 [-2.87164844e+00  6.96449183e-01 -1.39316406e-01  7.88507372e-01]
 [-3.22544439e+00  7.32270345e-01  3.24297463e-01 -2.22429502e+00]
 [ 1.13063546e-01 -1.12982883e+00 -1.72589623e+00  6.37103179e-01]
 [-8.57117178e-02 -1.49779086e+00 -9.77414107e-01 -1.85021373e+00]
 [-3.12871482e+00 -1.88592105e+00  4.30147079e-01  1.74372205e-01]
 [-3.74774465e+00 -3.89357091e+00 -3.26751976e+00  4.96011661e-02]
 [-3.20876886e-01 -6.77480450e-01 -2.92538892e+00 -2.34764044e+00]
 [-3.84656586e+00  1.95503127e-01 -2.33379380e+00 -1.70382299e+00]
 [ 7.95225093e-01 -3.07744521e+00 -7.47587099e-01  4.89770639e-01]
 [ 3.54524675e-01 -1.13855627e+00  4.61166939e-01 -2.48536680e-01]
 [-3.07630172e-01 -3.00137782e+00  5.73491159e-01 -2.86147717e+00]
 [-1.30852445e+00 -3.12314937e+00 -2.83486093e+00 -2.43082812e+00]
 [ 3.66766573e-01  5.48161105e-01  5.62358475e-01 -1.69179485e+00]
 [-2.83053851e-01 -4.77782610e-01 -2.84796263e+00 -2.98008823e-01]
 [-1.17090349e+00 -2.98507743e+00 -2.26918157e+00  4.08651187e-01]
 [-8.98894509e-01 -3.65320515e-01 -5.64665083e-01  3.36816086e-01]
 [-2.16155099e+00 -3.31644322e+00  2.18452199e-01 -3.75056579e+00]
 [-1.05514929e+00 -1.03371476e-01 -2.16490130e+00 -1.34276616e+00]
 [-2.87898604e-01 -3.99884925e+00  3.11711692e-01 -2.24190192e+00]
 [-3.41685661e+00 -3.50108008e-01  3.84771936e-01  2.16837504e-01]
 [ 6.38957463e-01 -5.88715454e-01 -2.06270290e+00 -2.24593856e+00]
 [ 3.68793997e-01 -1.48259767e+00 -3.80195790e+00 -3.21182929e+00]
 [ 1.52010438e-01  3.53902066e-01 -1.02495535e+00 -2.21875834e+00]
 [ 3.83733470e-01 -3.05874325e+00 -5.50208406e-01 -7.65670082e-01]]
