[[-4.01291546e+00  1.84487333e-02]
 [-2.71264340e+01  1.12648427e+00]
 [-1.71244099e+00  5.63491528e-02]
 [-9.65849917e+00  6.32921902e-01]
 [-2.10763866e+01  3.63045795e-02]
 [-1.91695582e+01  1.96933395e+00]
 [-5.52097339e+00  5.67481809e-01]
 [-2.15881904e+01  1.02411963e+00]
 [-2.02205007e+00  2.71877668e-02]
 [-1.91219179e+01  3.74104201e-02]
 [ 1.55413910e+01  9.89389384e-01]
 [-5.66564503e+01  1.19826469e-01]
 [-2.85270745e+01  6.03266941e-02]
 [-2.17029781e+01  2.13608338e-02]
 [-5.81566284e+00  6.46443518e-01]
 [-4.68009205e+01  3.42231376e-02]
 [-2.61578203e+01  2.97183470e-01]
 [ 1.69579884e+01  2.47843358e-02]
 [-5.48934477e+01  4.96224995e-01]
 [-3.36285592e+01  2.60926464e+01]
 [-2.42085908e+01  8.79342115e+00]
 [-4.02785515e+01  1.99470766e-02]
 [-2.27973791e+01  1.96924519e-02]
 [-5.68210748e+00  1.29646434e-01]
 [-3.30494952e+01  1.59051649e+00]
 [-9.91021106e+00  2.85225730e-02]
 [-7.99778827e+00  2.45800708e-01]
 [-1.36072347e+01  7.09748394e-02]
 [-4.70296503e+01  1.66594323e-02]
 [-2.08679814e+00  3.77996840e-02]
 [-3.00870865e+01  4.88919598e-02]
 [ 1.39568899e+01  5.47991923e-01]
 [-1.50721379e+00  1.72846473e-01]
 [-1.56929205e+01  2.61588008e-01]
 [-3.80636493e+01  3.64086886e+01]
 [-8.96511790e+00  2.59846491e-02]
 [-4.47446884e+01  1.20058121e-01]
 [-2.10205094e+01  1.50258152e-01]
 [-4.18975942e+01  1.86145076e-01]
 [ 1.21956751e+01  1.02051408e-01]
 [-1.50740305e+01  4.82959118e-02]
 [-5.48046194e+00  1.21610682e-02]
 [ 8.31549703e+00  2.27101507e-02]
 [-5.56493625e+00  3.05505641e-01]
 [-2.97544002e+01  5.97630740e+00]
 [-3.76013815e+01  2.35739772e-02]
 [-2.80708267e+01  2.38053728e-02]
 [-2.72947314e+01  5.17125984e-02]
 [-9.58122236e+00  1.62963653e-02]
 [ 2.14736751e-01  2.19345622e-02]
 [-3.77061866e+00  9.86844106e-02]
 [-2.32751590e+01  1.35373103e+00]
 [-1.49303713e+01  2.43918492e-01]
 [-5.99705250e+01  9.74261247e-01]
 [-2.85971874e+01  1.58287504e-02]]
