[[-3.09559577 -0.97603972 -3.43478575 -2.93635516]
 [-2.67997471 -3.5406878  -1.00725561 -1.90690863]
 [-1.67673312 -1.2771149  -3.25253777 -1.13219089]
 [-2.92056199 -1.10723319 -1.66635487 -0.74958603]
 [-2.5476354  -3.33879892 -3.29128934 -1.69595565]
 [-2.34250996 -3.31187285 -0.79504412 -2.21809952]
 [-2.87883345 -0.75553705 -1.32862106 -1.64937251]
 [-3.3002851  -1.92038672 -0.90569533 -2.88520732]
 [-1.34705277 -2.41904183 -3.98908862 -1.27197772]
 [-2.57609386 -3.06610366 -3.0326821  -2.10378253]
 [-3.79370053  0.85781145 -0.91293564 -2.91599223]
 [-3.76390824 -3.77823779 -1.90804371 -2.63728083]
 [-2.8458999  -3.39918485 -3.13677061 -1.17900674]
 [-2.57497307 -3.42032562 -3.95141621 -1.66570298]
 [-2.83174454 -0.75054511 -1.61201933 -0.81064885]
 [-3.63942729 -3.36457039 -3.67458254 -1.29279674]
 [-3.13265465 -2.55890843 -1.60235538 -1.79544836]
 [-3.39905602  0.87655949 -3.31454503 -2.43234424]
 [-3.88373453 -3.3999584  -1.13239913 -3.04646982]
 [-2.90465068 -3.63255649 -0.42859189 -1.068622  ]
 [-2.36476303 -3.975916   -0.58379861 -1.25466285]
 [-3.85664836 -2.77155128 -3.36147462 -2.89737913]
 [-3.80520122 -1.81533149 -3.23604525 -3.28950496]
 [-2.80878247 -0.75852994 -3.4079652  -0.42778747]
 [-3.13156609 -3.16085802 -0.77643407 -2.94864285]
 [-2.23845131 -2.31825398 -3.84739987 -1.35139845]
 [-3.88018488 -0.5829569  -1.84248651 -1.42783496]
 [-2.31405413 -2.62815461 -2.95355392 -1.20042482]
 [-3.56261183 -3.67712975 -3.80158931 -2.39838171]
 [-2.81165828 -0.70809142 -3.01068803 -2.12808346]
 [-3.51234042 -2.43788838 -2.82153451 -1.99885158]
 [-3.58015182  0.80608902 -1.05929217 -3.3701765 ]
 [-0.8439776  -3.06550788 -2.71708854 -0.63314356]
 [-2.36467515 -2.75343237 -1.85780219 -1.3087535 ]
 [-3.39044732 -3.03253836 -0.26710364 -3.16395012]
 [-2.09362658 -2.48103321 -3.91876423 -1.40381485]
 [-3.93249277 -2.81475412 -1.71585398 -3.61944158]
 [-3.50060296 -1.77467827 -1.69129547 -3.01979592]
 [-3.51606854 -3.2374623  -1.62331918 -2.75683503]
 [-3.99011095  0.42205682 -1.76842003 -3.88954513]
 [-2.49187038 -2.68773169 -2.7122335  -2.27815094]
 [-3.91423325 -0.76663899 -3.91570238 -3.00658402]
 [-1.99341434  0.84980072 -3.88090357 -1.65369541]
 [-1.48467675 -2.75082667 -1.85220494 -1.13080506]
 [-3.52548155 -2.19798913 -0.70051556 -1.06853267]
 [-3.30056091 -3.42640615 -3.61076358 -1.97808102]
 [-2.95759727 -3.21450508 -3.9990706  -1.44185602]
 [-3.63896903 -2.05662694 -2.95624476 -1.64307191]
 [-2.90131882 -1.57358021 -3.99271134 -2.11631156]
 [-3.61111429 -0.43790122 -3.16396305 -3.15973685]
 [-3.72056457 -0.42867916 -2.28374154 -1.86760353]
 [-2.41848357 -3.76138156 -0.88101934 -2.37129387]
 [-2.44594587 -2.46248939 -1.92759348 -1.2565594 ]
 [-3.79482575 -3.83208673 -1.05376458 -1.92560799]
 [-3.12483593 -3.10670469 -3.84547115 -2.43881463]]
