[[-1.12803496e+05  8.37425240e-06]
 [-2.99703074e+04  9.04492607e-07]
 [-5.67853037e+04  5.03436245e-07]
 [-6.84691616e+04  6.92944748e-07]
 [-6.89462142e+04  1.12724338e-06]
 [-6.63847168e+04  9.72850222e-07]
 [-6.49445167e+04  4.85655211e-06]
 [-6.37440769e+04  3.67113261e-06]
 [-6.02481579e+04  3.55183460e-06]
 [-8.29511059e+04  6.27416357e-06]
 [-1.95776316e+04  4.64968869e-06]
 [-8.98480692e+04  8.39803893e-07]
 [-4.58988783e+04  1.29769066e-06]
 [-8.84370920e+04  7.03944237e-07]
 [-2.37474774e+04  2.18906284e-06]
 [-3.93029421e+04  1.41317423e-06]
 [-1.05036412e+05  6.57135715e-07]
 [-3.94333562e+04  6.32772599e-07]
 [-3.26206042e+04  2.88783896e-06]
 [-6.71656861e+04  1.66486396e-06]
 [-3.95222537e+04  6.29067334e-07]
 [-2.50079918e+04  2.88548873e-06]
 [-6.08301361e+04  7.07358815e-07]
 [-7.05203122e+04  9.52317971e-07]
 [-6.01083853e+04  4.98046448e-06]
 [-7.34397255e+04  1.10486416e-06]
 [-8.85211600e+04  1.05588638e-06]
 [-7.53713714e+04  4.40249604e-06]
 [-9.07204245e+04  4.97303060e-06]
 [-7.84681960e+04  1.46969614e-06]
 [-3.90729393e+04  7.77710638e-07]
 [-7.45763377e+04  2.65656731e-06]
 [-5.76571261e+04  9.79518026e-07]
 [-5.42785498e+04  1.22538741e-06]
 [-4.36416694e+04  8.97461920e-06]
 [-4.26765580e+04  3.49929709e-06]
 [-4.58034966e+04  5.04080296e-06]
 [-5.30140034e+04  2.69225649e-06]
 [-3.84700723e+04  6.81550056e-06]
 [-6.81772393e+04  2.48097187e-06]
 [-9.73173483e+04  3.69011840e-06]
 [-6.01263647e+04  7.46788823e-07]
 [-1.25411228e+05  5.71079677e-07]
 [-6.55533890e+04  1.19764091e-06]
 [-5.84153261e+04  4.15537762e-06]
 [-7.36130061e+04  1.35664756e-06]
 [-7.82798999e+04  1.50616315e-06]
 [-1.30267983e+05  1.22921426e-06]
 [-5.10502635e+04  2.09451681e-06]
 [-7.06042014e+04  7.91271066e-06]
 [-8.32775196e+04  1.97110654e-06]
 [-4.51106799e+04  5.18057735e-06]
 [-8.56941331e+04  6.87854080e-06]
 [-5.20225131e+04  3.90639185e-06]
 [-6.86801270e+04  3.33738447e-06]
 [-4.58282793e+04  1.97460663e-06]
 [-3.92580042e+04  7.74294191e-07]
 [-5.97502604e+04  8.83411716e-07]
 [-2.06201796e+04  6.68109219e-06]
 [-7.45502397e+04  1.52008179e-06]
 [-1.03914490e+05  3.68237565e-06]
 [-6.36554976e+04  2.61588203e-06]
 [-5.42048604e+04  9.74854408e-07]
 [-6.80790111e+04  5.42304841e-07]
 [-7.27358796e+04  4.65602116e-06]
 [-4.71657851e+04  1.54221911e-06]
 [-6.80398836e+04  7.33923539e-07]
 [-5.83272048e+04  2.74685271e-06]
 [-1.18980783e+05  4.34519288e-06]
 [-7.16450306e+04  1.78664582e-06]
 [-5.36840023e+04  1.01812960e-06]
 [-4.17042857e+04  3.22946778e-06]
 [-6.96250535e+04  8.08470872e-07]
 [-1.65744457e+04  7.97701882e-07]
 [-8.14655023e+04  2.74694199e-06]
 [-1.75871841e+04  1.50228623e-06]
 [-4.94910262e+04  6.68922013e-07]
 [-6.44706703e+04  2.83624349e-06]
 [-6.92055059e+04  5.14052754e-06]
 [-8.91680025e+04  1.90244681e-06]
 [-6.96162910e+04  9.66246197e-07]
 [-1.09742552e+05  1.62659011e-06]
 [-1.88378842e+04  7.35586446e-06]
 [-4.31814084e+04  8.78274332e-07]
 [-5.91347173e+04  5.93836026e-07]
 [-4.63627593e+04  8.49085272e-07]
 [-3.12728577e+04  7.87394435e-07]
 [-6.99641394e+04  2.27129289e-06]
 [-5.88808184e+04  6.56432767e-07]
 [-9.50072452e+04  5.67402233e-07]
 [-4.89306496e+04  3.09303590e-06]
 [-4.47520774e+04  7.79593451e-06]
 [-1.05967734e+05  1.24592908e-06]
 [-4.90261487e+04  9.08503791e-07]
 [-9.73805642e+04  9.50512289e-07]
 [-1.28308381e+05  4.38081356e-07]
 [-1.11894923e+05  1.97028300e-06]
 [-4.98966499e+04  2.31598406e-06]
 [-3.27348625e+04  1.79359021e-06]
 [-8.00667104e+04  2.50455266e-06]
 [-5.69367705e+04  6.79893544e-07]
 [-1.02442675e+05  1.38643207e-06]
 [-5.94900959e+04  6.05630566e-07]
 [-5.56516158e+04  3.83242733e-06]
 [-9.27906501e+04  5.39080405e-07]
 [-1.82508628e+04  5.78453018e-06]
 [-4.69411647e+04  8.67491209e-07]
 [-1.14802705e+05  7.22507148e-07]
 [-4.24137474e+04  3.00577916e-06]
 [-5.85951889e+04  9.87581177e-06]
 [-1.02889428e+05  6.58266080e-06]
 [-5.12523374e+04  1.65738346e-06]
 [-5.28783092e+04  8.93126079e-07]
 [-4.66434037e+04  9.15573981e-07]
 [-6.43926379e+04  9.87816413e-06]
 [-2.81380806e+04  1.04043666e-05]
 [-8.60402034e+04  1.73146362e-06]
 [-4.54578226e+04  6.28565918e-06]
 [-1.58058950e+04  3.99559991e-06]
 [-1.02506146e+05  1.51250713e-06]
 [-1.10076649e+05  2.63860502e-06]
 [-9.39931784e+04  6.23030528e-07]
 [-8.10016235e+04  3.90612017e-06]
 [-7.68871451e+04  4.85843705e-07]
 [-6.27818460e+04  9.25085433e-07]
 [-4.36011309e+04  2.56259726e-06]
 [-1.34904695e+04  1.94837218e-06]
 [-4.66731581e+04  1.27177533e-06]
 [-6.03897288e+04  1.74728739e-06]
 [-5.15281738e+04  6.96828773e-07]
 [-7.17224131e+04  3.18153223e-06]
 [-1.15107870e+05  3.27312522e-06]
 [-6.88015933e+04  2.23230116e-06]
 [-7.94938081e+04  2.19153555e-06]]
