[[-9.51155465e+04  5.88484275e-07]
 [-9.02338713e+04  6.15887704e-07]
 [-9.05972030e+04  4.05213806e-07]
 [-1.10916607e+05  4.89902033e-07]
 [-1.05195434e+05  5.89654102e-07]
 [-9.03917943e+04  7.12123799e-07]
 [-7.63137791e+04  3.83801915e-07]
 [-9.80041756e+04  4.62822146e-07]
 [-1.06296354e+05  3.83456205e-07]
 [-9.94182527e+04  7.22697908e-07]
 [-9.48704140e+04  4.48142677e-07]
 [-9.40018456e+04  5.33999805e-07]
 [-1.09508184e+05  5.68859594e-07]
 [-9.32124114e+04  4.36537879e-07]
 [-7.68457476e+04  6.67771675e-07]
 [-9.36686925e+04  6.09786473e-07]
 [-8.14760072e+04  3.81690757e-07]
 [-8.66966819e+04  5.63534852e-07]
 [-7.78077046e+04  7.02228638e-07]
 [-9.84051543e+04  5.92989748e-07]
 [-1.00597190e+05  4.99087567e-07]
 [-9.01073498e+04  5.61935577e-07]
 [-9.19731352e+04  4.97701990e-07]
 [-9.52665793e+04  3.96049022e-07]
 [-8.20806416e+04  7.42293558e-07]
 [-1.16200123e+05  5.34833505e-07]
 [-9.23391625e+04  4.02199825e-07]
 [-9.91976785e+04  5.18027950e-07]
 [-1.09599390e+05  4.93587610e-07]
 [-8.88612018e+04  6.81617154e-07]
 [-8.87673530e+04  7.37515232e-07]
 [-1.12660120e+05  4.76332625e-07]
 [-8.71664292e+04  6.91317192e-07]
 [-7.80027560e+04  4.04810612e-07]
 [-9.81922888e+04  5.17177994e-07]
 [-9.15591958e+04  6.48736952e-07]
 [-8.39324241e+04  4.66487144e-07]
 [-8.63051800e+04  4.50620549e-07]
 [-9.66600513e+04  4.99380649e-07]
 [-8.61427445e+04  4.51377485e-07]
 [-1.09193239e+05  3.81129023e-07]
 [-1.20223618e+05  6.64312814e-07]
 [-8.80110735e+04  4.81502000e-07]
 [-9.35325908e+04  4.05416200e-07]
 [-7.56611460e+04  5.82659050e-07]
 [-1.00166474e+05  3.98171057e-07]
 [-1.01529203e+05  5.12496017e-07]
 [-1.19134942e+05  5.26396652e-07]
 [-8.68209583e+04  4.55996671e-07]
 [-1.01730529e+05  6.19750277e-07]
 [-9.24048576e+04  7.02828054e-07]
 [-9.71285850e+04  6.55130224e-07]
 [-1.02286035e+05  6.30681997e-07]
 [-1.03816111e+05  5.80580359e-07]
 [-8.32490242e+04  4.60606651e-07]
 [-7.65872861e+04  5.09100348e-07]
 [-8.42646840e+04  5.86654975e-07]
 [-9.35352408e+04  6.20852287e-07]
 [-9.81068428e+04  3.85345378e-07]
 [-1.04592996e+05  5.94010518e-07]
 [-8.95119858e+04  4.60594341e-07]
 [-1.06983987e+05  4.09552408e-07]
 [-8.64762552e+04  6.85840053e-07]
 [-1.12644720e+05  6.70685300e-07]
 [-1.12800103e+05  6.62794764e-07]
 [-9.30063443e+04  4.11572501e-07]
 [-9.92681262e+04  6.82885765e-07]
 [-9.42214519e+04  7.79617000e-07]
 [-1.28534928e+05  4.97372631e-07]
 [-9.52297685e+04  6.21240043e-07]
 [-1.14549234e+05  4.00348768e-07]
 [-9.26760186e+04  3.97325995e-07]
 [-9.72795581e+04  6.50450945e-07]
 [-1.19268802e+05  6.74092482e-07]
 [-9.93341257e+04  5.76987610e-07]
 [-8.73770989e+04  4.40459610e-07]
 [-9.80948382e+04  4.66390043e-07]
 [-9.73679055e+04  3.70021122e-07]
 [-9.53848843e+04  4.83389113e-07]
 [-8.56872178e+04  4.05988395e-07]
 [-8.62096574e+04  7.03211359e-07]
 [-1.07901296e+05  4.28035665e-07]
 [-1.06034369e+05  6.69080340e-07]
 [-9.10108880e+04  6.46878298e-07]
 [-1.01944910e+05  6.83343457e-07]
 [-1.04548267e+05  5.62707265e-07]
 [-8.10014831e+04  6.35774192e-07]
 [-9.27562311e+04  5.44864380e-07]
 [-8.33503790e+04  6.63876343e-07]
 [-1.08834307e+05  3.96782592e-07]
 [-1.13932207e+05  4.23212922e-07]
 [-9.19193500e+04  5.42148792e-07]
 [-8.35046796e+04  6.12520949e-07]
 [-8.76237574e+04  5.88608773e-07]
 [-1.08138457e+05  5.55209767e-07]
 [-1.04296139e+05  6.49076567e-07]
 [-9.59805904e+04  4.88848166e-07]
 [-7.85942912e+04  5.13428747e-07]
 [-9.01638403e+04  4.95941509e-07]
 [-1.03483542e+05  6.18220704e-07]
 [-1.12271260e+05  3.95595749e-07]
 [-9.92005069e+04  3.74985533e-07]
 [-7.82180998e+04  5.63060875e-07]
 [-8.10467034e+04  3.97588353e-07]
 [-1.03168090e+05  5.60427163e-07]
 [-8.49054225e+04  6.36482745e-07]
 [-9.92053545e+04  4.15377012e-07]
 [-9.43150552e+04  3.93098879e-07]
 [-9.99617158e+04  3.88592710e-07]
 [-1.22746056e+05  6.55316471e-07]
 [-9.33163090e+04  4.42798699e-07]
 [-8.73559243e+04  7.50735209e-07]
 [-9.19519642e+04  4.93470775e-07]
 [-9.71745079e+04  6.87580606e-07]
 [-9.74306408e+04  4.93279638e-07]
 [-9.46222527e+04  4.96990554e-07]
 [-9.10594570e+04  4.53047353e-07]
 [-1.04295565e+05  6.94859025e-07]
 [-9.79597329e+04  4.17150228e-07]
 [-7.98337375e+04  4.97576084e-07]
 [-8.77321743e+04  5.48065404e-07]
 [-8.90603425e+04  4.85005947e-07]
 [-8.90770629e+04  5.13965426e-07]
 [-9.43974294e+04  5.30125897e-07]
 [-8.22815040e+04  5.36810454e-07]
 [-9.07488920e+04  4.13275267e-07]
 [-9.08369588e+04  4.75826833e-07]
 [-1.13617665e+05  6.42475554e-07]
 [-8.92495575e+04  4.11343091e-07]
 [-1.01891179e+05  5.00516887e-07]
 [-8.47092413e+04  6.64535661e-07]
 [-9.89750762e+04  4.52197595e-07]
 [-8.95154709e+04  3.86354425e-07]
 [-7.62740151e+04  5.19249252e-07]
 [-9.17494514e+04  4.67681057e-07]
 [-1.19831657e+05  5.59860787e-07]
 [-7.76611033e+04  6.65081749e-07]
 [-8.75401146e+04  3.91221659e-07]
 [-1.24484832e+05  6.22654122e-07]
 [-1.25199463e+05  5.83503213e-07]
 [-9.17719258e+04  4.45289672e-07]
 [-9.56456407e+04  4.38493284e-07]
 [-1.03769352e+05  4.23672080e-07]
 [-1.19628006e+05  6.82262559e-07]
 [-8.81101554e+04  3.71350568e-07]
 [-8.06631947e+04  5.80955721e-07]
 [-1.10503048e+05  4.70168958e-07]
 [-1.02838011e+05  5.68820170e-07]
 [-9.42548932e+04  5.42699259e-07]
 [-8.59589734e+04  7.15521320e-07]
 [-1.24833357e+05  4.76599425e-07]
 [-9.18497670e+04  6.30870670e-07]
 [-9.50921746e+04  3.94498440e-07]
 [-1.16341238e+05  4.42744232e-07]
 [-1.13640543e+05  3.76944225e-07]
 [-9.62609877e+04  6.39827750e-07]
 [-1.10858147e+05  4.61672893e-07]]
