[[-48.60216121 -40.69856666 -47.80774038 -41.76806464]
 [-44.68094541 -42.25782453 -40.90938563 -43.73483523]
 [-46.45503679 -45.99983318 -43.75711824 -46.23627292]
 [-45.1371144  -44.93496586 -42.07048796 -42.43279843]
 [-44.54956073 -47.90136939 -46.90673013 -43.5525695 ]
 [-47.77322113 -46.17838931 -48.38313594 -42.6508418 ]
 [-48.91996599 -40.98871021 -47.04597238 -41.18317437]
 [-45.96424621 -41.85520726 -47.93928423 -41.42765641]
 [-49.86961398 -47.61808647 -42.46490245 -47.11338509]
 [-45.79285937 -41.34020331 -42.03926773 -45.64343551]
 [-45.55018956 -42.09586222 -48.74279204 -40.62501201]
 [-47.33751251 -48.962522   -46.58769347 -40.01220883]
 [-48.42617167 -45.47110209 -42.77498928 -41.51493565]
 [-46.67445123 -44.57839348 -41.83597366 -41.56433933]
 [-48.38891592 -40.15615996 -45.74665951 -43.37625608]
 [-48.98688312 -44.35641714 -47.9578704  -47.00113625]
 [-48.09760725 -47.4473442  -44.83984953 -41.20262275]
 [-44.01507821 -49.37513341 -47.47448764 -43.95906409]
 [-41.96253678 -44.19627682 -45.78411823 -41.35200649]
 [-47.41393169 -45.89762963 -40.45573175 -45.20845479]
 [-44.96315025 -47.16544926 -40.97144449 -44.66505756]
 [-48.67139817 -43.36913323 -44.59899796 -40.4833651 ]
 [-48.32580674 -49.68423052 -47.01836994 -42.62965834]
 [-47.81322677 -42.5700644  -47.23347457 -41.39460075]
 [-41.5312748  -48.89631496 -47.43607181 -41.13236276]
 [-49.50370652 -44.979798   -45.98469294 -43.49457025]
 [-43.1227061  -46.893788   -45.97168752 -40.94701265]
 [-46.00314522 -48.73667228 -45.53292823 -42.46613894]
 [-48.50749688 -48.46464924 -46.56641261 -46.27765742]
 [-48.27794633 -40.63508387 -40.81462263 -45.89994473]
 [-47.44366664 -40.92325101 -40.86775064 -45.71671142]
 [-48.69153453 -42.87360981 -48.47423057 -44.08368249]
 [-42.5857839  -46.17130726 -44.20446022 -41.40767205]
 [-48.04668977 -47.85840727 -46.79194139 -42.91886632]
 [-46.54006302 -44.88432616 -41.86493667 -40.42487589]
 [-48.189282   -41.91705357 -45.0216482  -45.27582754]
 [-49.30556466 -45.99031516 -45.82849338 -41.75953822]
 [-41.94779108 -49.05333796 -48.47723899 -40.43048948]
 [-49.64414876 -45.53350977 -46.83166546 -40.79795068]
 [-49.75690003 -47.05728583 -41.36095031 -43.2562757 ]
 [-49.21897339 -48.43997343 -48.24815023 -44.65851191]
 [-49.93961603 -49.06325862 -45.37583375 -41.61262851]
 [-43.20717039 -48.81209664 -45.18874923 -41.78209876]
 [-49.08710042 -40.37166761 -46.45520668 -43.93646967]
 [-47.24626693 -45.42177744 -48.81769037 -43.09092067]
 [-46.43647225 -42.8706701  -40.82193496 -43.82944873]
 [-48.02315796 -45.02039131 -47.01907813 -43.36067503]
 [-45.87407608 -44.73229551 -48.88507777 -40.78001645]
 [-49.71487281 -43.13886538 -40.79278358 -49.41523398]
 [-47.74753663 -45.9860207  -40.15367183 -46.93663111]
 [-49.93583144 -49.47124726 -44.77122204 -47.60520413]
 [-47.65701062 -46.41975914 -41.83014762 -44.23684816]
 [-41.94687447 -49.55590204 -47.35084509 -41.67642328]
 [-49.16595973 -47.66903565 -47.87723129 -44.25429145]
 [-48.8735098  -41.385382   -43.68975841 -44.8251734 ]
 [-48.45649574 -43.24209721 -48.94427244 -41.79094123]
 [-44.21433067 -49.46568597 -41.02470119 -44.03041191]
 [-45.38225797 -44.03628639 -48.8025435  -43.66136203]
 [-49.49569795 -48.33684193 -46.80545581 -44.68602711]
 [-48.35809747 -46.7905222  -40.41891584 -47.51129175]
 [-47.08533178 -45.25492997 -41.27940924 -42.26978257]
 [-46.92400924 -46.3348276  -45.61930449 -40.24011955]
 [-49.6792691  -48.08586901 -46.40459958 -49.04802777]
 [-46.89936427 -46.90070113 -46.91773698 -41.21346407]
 [-48.3844454  -48.9301613  -40.06399597 -43.35326198]
 [-47.5818457  -45.51271849 -47.41497796 -41.81789589]
 [-47.85800951 -42.08620987 -41.16576495 -44.10978582]
 [-47.48750484 -40.99371961 -40.75316223 -45.64592349]
 [-48.50370676 -45.40682831 -49.55871037 -44.85791003]
 [-49.52502186 -41.06477433 -42.17387012 -40.40335436]
 [-44.13408478 -44.13680915 -48.7449492  -41.02598114]
 [-47.60808478 -48.88057308 -41.78553748 -45.50294666]
 [-47.72732795 -48.17071329 -49.01543978 -40.57316024]
 [-47.11861136 -40.37675729 -43.82747011 -42.94344266]
 [-48.91279983 -48.24538378 -49.31705752 -43.64688808]
 [-44.6341435  -45.11114678 -43.81185886 -43.11791   ]
 [-46.92599956 -44.84370504 -46.59393151 -46.8895883 ]
 [-48.39101144 -45.11196358 -42.13687195 -44.80305523]
 [-42.51508956 -40.2310465  -40.56900191 -41.70574343]
 [-47.51013629 -48.35287243 -45.47679029 -43.47590742]
 [-41.36884919 -41.05642224 -46.68140249 -41.29759053]
 [-49.91262046 -41.09307557 -48.16503277 -43.55208079]
 [-49.9206783  -44.11556467 -45.08470354 -40.72011591]
 [-49.04610096 -41.05596318 -45.21182849 -47.23024357]
 [-48.17950052 -42.49500238 -47.36882235 -40.46877928]
 [-47.54331882 -40.41401293 -48.38392909 -40.98337269]
 [-49.56587529 -44.22288027 -45.59248477 -40.90530295]
 [-45.66642982 -42.21993412 -41.91083477 -41.91789431]
 [-42.60020545 -43.90326679 -49.80174018 -41.48000661]
 [-48.10519094 -43.89991529 -49.65316058 -44.55613105]
 [-45.00154081 -44.34922106 -44.89307816 -42.26927242]
 [-43.76896864 -40.30926868 -46.04852655 -43.42790218]
 [-46.71933648 -40.79391053 -40.82702267 -42.58173087]
 [-48.68008787 -41.58863127 -41.75671114 -41.32407893]
 [-46.55275717 -40.55999227 -46.55980329 -46.12666163]
 [-44.85266192 -44.86945592 -41.26756054 -40.44282263]
 [-45.70729991 -42.18441813 -41.54105122 -45.21080996]
 [-42.84788838 -48.47048706 -43.81095364 -41.79858871]
 [-46.28886454 -42.7858699  -45.81837892 -43.9216496 ]
 [-47.90014217 -49.45589669 -46.38373099 -43.686798  ]
 [-42.6816397  -46.60934116 -40.02423724 -41.64596352]
 [-42.18532985 -49.5979424  -48.22785512 -41.87899777]
 [-43.1344273  -45.69210315 -49.24415018 -40.75300283]
 [-48.86610313 -41.8483461  -44.5505732  -48.82333096]
 [-49.68513852 -49.17523817 -44.0032997  -48.18276425]
 [-47.52133923 -40.78736471 -47.212659   -43.36282989]
 [-41.55926812 -44.54547455 -44.53497659 -40.66421006]
 [-49.73667039 -47.74441767 -46.2363003  -43.77679675]
 [-44.10959713 -40.19448254 -46.04471398 -42.27510663]
 [-49.77342168 -48.02231557 -42.67116057 -40.80000213]
 [-49.39987323 -49.31069968 -49.15235607 -42.25478042]
 [-42.19722988 -47.13106076 -42.58489301 -40.95883455]
 [-46.64637766 -47.47743821 -48.98107014 -45.26912615]
 [-45.86766261 -48.4894166  -48.13889389 -45.30497312]
 [-47.17364987 -49.95564009 -46.24031383 -41.34223126]
 [-46.02468978 -46.60491497 -49.53888362 -41.88508739]
 [-48.27971926 -45.83321548 -42.93295198 -44.16341149]
 [-47.65095667 -43.43056479 -42.72807931 -44.7041685 ]
 [-45.79829774 -40.37876462 -46.74344371 -43.06891414]
 [-47.3949805  -46.52957519 -49.71140692 -43.39123581]
 [-46.88170227 -44.98569067 -49.77567968 -43.90382973]
 [-49.24584803 -42.53633146 -40.35715673 -41.43471212]
 [-49.54775381 -48.28318882 -49.92235723 -42.74154088]
 [-45.89545296 -48.45028733 -48.56040171 -42.24092137]
 [-43.90666369 -42.16422645 -41.03525802 -42.35129819]
 [-44.52305618 -40.53488973 -44.49308601 -41.71223217]
 [-49.19955063 -45.68025087 -42.5657526  -48.75683344]
 [-48.37090676 -42.05152647 -42.93854673 -40.99335594]
 [-45.47295883 -49.71536217 -47.32573927 -42.39890814]
 [-45.87314018 -43.89535636 -40.4735439  -45.42529394]
 [-47.91801512 -42.6101552  -42.98469698 -42.55575456]
 [-47.18346508 -45.57278715 -43.47559034 -46.91151087]
 [-47.60807124 -42.77769016 -48.3773519  -44.21566183]
 [-47.6575995  -43.75602189 -48.90041129 -45.56657081]
 [-41.03638688 -45.68457023 -45.59111828 -40.47792287]
 [-48.14151077 -49.03025442 -45.07550533 -42.17802118]
 [-49.13811874 -45.53339008 -41.1132792  -40.23753451]
 [-49.10020802 -42.76384032 -45.70849851 -48.47322013]
 [-48.40475092 -42.33823384 -48.24997601 -45.37783544]
 [-47.69750418 -47.48388003 -41.93540221 -41.55899061]
 [-48.26611587 -41.76587265 -46.05423651 -45.58865958]
 [-49.75401076 -42.51287382 -45.72929225 -48.20877029]
 [-49.20187162 -43.24883528 -43.1262674  -42.54716019]]
