[[-3.94862213e+04  2.88058558e-06]
 [-3.00925326e+04  1.69592017e-06]
 [-1.66293219e+04  7.12580965e-06]
 [-1.71559772e+04  8.08346603e-07]
 [-3.42749106e+04  6.87791121e-07]
 [-8.68366564e+04  1.23881563e-06]
 [-1.19779363e+04  3.67474970e-06]
 [-5.40050012e+04  1.22201592e-06]
 [-1.67897235e+04  3.03709196e-06]
 [-1.79926233e+04  1.49681239e-06]
 [-9.98253472e+04  3.86011877e-07]
 [-3.12859944e+04  4.21548947e-07]
 [-1.96788931e+04  1.74145648e-06]
 [-2.76364519e+04  3.63000990e-06]
 [-1.27898901e+04  1.10503337e-06]
 [-3.71054128e+04  9.03974707e-07]
 [-9.56207228e+04  9.89227836e-07]
 [-9.29280093e+04  7.95350082e-07]
 [-7.81198337e+04  9.27020643e-07]
 [-8.43962462e+04  5.51263970e-07]
 [-5.17448797e+04  7.17784653e-07]
 [-2.58289977e+04  4.22329973e-07]
 [-1.15043811e+04  8.02331626e-06]
 [-4.76952101e+04  1.25847106e-06]
 [-3.66892121e+04  4.84116005e-06]
 [-1.13830028e+04  4.74248689e-06]
 [-3.50894791e+04  4.69728867e-07]
 [-1.33898021e+04  4.55996260e-07]
 [-6.66412204e+04  6.08273641e-07]
 [-2.72389658e+04  2.88010335e-06]
 [-2.81501060e+04  2.36036149e-06]
 [-1.82673682e+04  6.03436755e-07]
 [-3.06804357e+04  6.93832103e-07]
 [-3.59341868e+04  5.16301066e-06]
 [-1.42754871e+04  6.61540861e-06]
 [-2.41258374e+04  4.07540032e-06]
 [-2.43802752e+04  4.51777926e-06]
 [-2.49464310e+04  2.69628115e-06]
 [-1.92669885e+04  4.36585632e-06]
 [-6.16391696e+04  1.12328949e-06]
 [-2.35576237e+04  1.34057101e-06]
 [-1.59464494e+04  6.24162837e-07]
 [-7.27051714e+04  4.65408749e-07]
 [-5.35596943e+04  4.81800278e-06]
 [-3.04007661e+04  5.62667527e-06]
 [-5.47735534e+04  1.33505518e-06]
 [-1.87961770e+04  6.64798960e-07]
 [-3.93741873e+04  1.88609310e-06]
 [-2.32934107e+04  3.79337274e-06]
 [-7.85225322e+04  1.81734868e-06]
 [-3.72206122e+04  9.33670290e-07]
 [-3.77493839e+04  3.11558956e-06]
 [-8.67495891e+04  1.22816818e-06]
 [-2.05350979e+04  6.12434157e-06]
 [-6.97022307e+04  1.53135156e-06]
 [-4.02332064e+04  5.30164560e-07]
 [-5.35072112e+04  1.28520913e-06]
 [-2.15452810e+04  4.78426247e-06]
 [-2.47864270e+04  3.67452043e-06]
 [-3.72849480e+04  5.06327931e-06]
 [-4.76547390e+04  4.87321223e-07]
 [-1.77555970e+04  9.77844320e-07]
 [-3.43998251e+04  9.82090066e-07]
 [-3.28094789e+04  7.32203488e-07]
 [-2.03444472e+04  7.85418901e-07]
 [-2.31983907e+04  3.14116194e-06]
 [-6.49044916e+04  4.86125636e-07]
 [-4.78683440e+04  1.35959096e-06]
 [-2.49294705e+04  3.33790398e-06]
 [-2.90044133e+04  4.00191557e-06]
 [-3.78123184e+04  1.90992647e-06]
 [-6.11304609e+04  1.45512894e-06]
 [-2.71059384e+04  6.85823835e-06]
 [-3.68162373e+04  5.84487047e-07]
 [-7.17433050e+04  9.61798440e-07]
 [-4.47044616e+04  2.84906378e-06]
 [-4.16015934e+04  1.61415419e-06]
 [-4.43452749e+04  1.53207876e-06]
 [-2.61538243e+04  2.33847965e-06]
 [-3.96038114e+04  5.04993339e-07]
 [-1.27689454e+05  5.15918689e-07]
 [-5.43787947e+04  7.35737954e-07]
 [-2.75718139e+04  4.53860565e-06]
 [-3.39134268e+04  7.44439024e-06]
 [-4.99150504e+04  1.87002436e-06]
 [-3.09559351e+04  1.04489137e-06]
 [-2.87342509e+04  5.87516724e-07]
 [-2.48892470e+04  3.74664729e-06]
 [-5.82492878e+04  6.31562768e-06]
 [-1.77994093e+04  6.25255002e-06]
 [-2.58244109e+04  1.01466909e-06]
 [-4.55169751e+04  5.54822115e-07]
 [-2.10184681e+04  7.33186520e-07]
 [-3.92037107e+04  1.48289263e-06]
 [-2.34666351e+04  1.78083626e-06]
 [-3.44621668e+04  4.28394672e-06]
 [-2.91362969e+04  1.22821311e-06]
 [-1.03759516e+04  1.78490525e-06]
 [-2.50290469e+04  1.09419044e-06]
 [-3.44548030e+04  7.26102352e-07]
 [-5.01226607e+04  4.91869599e-07]
 [-2.80740052e+04  8.49448337e-07]
 [-1.43785222e+04  5.71704206e-06]
 [-1.39068493e+04  3.94326456e-06]
 [-3.36726437e+04  2.53381657e-06]
 [-2.41126816e+04  7.58236840e-07]
 [-3.53108860e+04  1.02243351e-06]
 [-1.60200564e+04  6.67571375e-06]
 [-1.13916232e+05  4.75201000e-07]
 [-1.06405284e+05  4.71203407e-07]
 [-4.46930354e+04  5.76204316e-07]
 [-3.56993838e+04  6.70423310e-06]
 [-2.77344658e+04  1.72385119e-06]
 [-6.46545294e+04  4.28686005e-06]
 [-4.05223981e+04  4.96020041e-06]
 [-2.65162450e+04  1.62609045e-06]
 [-3.03372979e+04  1.24214657e-06]
 [-1.79817636e+04  9.66479830e-07]
 [-3.70412777e+04  9.92143302e-07]
 [-1.05821774e+05  1.58747430e-06]
 [-6.02638720e+04  5.78134965e-07]
 [-4.05489047e+04  1.03763008e-06]
 [-3.64542212e+04  8.81704303e-07]
 [-3.71123958e+04  5.21999247e-07]
 [-6.12156483e+04  8.02658742e-07]
 [-1.73867581e+04  2.05448715e-06]
 [-2.43541280e+04  7.15638411e-06]
 [-4.83022374e+04  1.76450571e-06]
 [-6.51105056e+04  5.32430274e-07]
 [-5.40678646e+04  3.03650260e-06]
 [-3.36425323e+04  9.48489954e-07]
 [-1.19599117e+04  9.09832500e-07]
 [-3.25999021e+04  6.26162342e-06]
 [-2.42435094e+04  8.51449028e-07]
 [-5.18851063e+04  4.40177298e-07]
 [-2.89949119e+04  1.87501183e-06]
 [-2.63770740e+04  7.00895130e-07]
 [-6.00273466e+04  2.57152948e-06]
 [-3.07734720e+04  1.26549421e-06]
 [-2.99337115e+04  3.08404006e-06]
 [-3.78794389e+04  8.90555252e-07]
 [-2.96912375e+04  5.79697897e-06]
 [-3.51744837e+04  1.00307151e-06]
 [-7.83290159e+04  5.06770402e-07]
 [-2.15770783e+04  8.94549864e-07]
 [-2.06265271e+04  8.98633103e-07]
 [-3.78453155e+04  1.85888987e-06]
 [-6.06521927e+04  4.59002891e-07]
 [-2.86088264e+04  3.85699194e-06]
 [-3.42110324e+04  3.08919904e-06]
 [-3.59960499e+04  7.19147247e-07]
 [-1.56005726e+04  7.34864071e-07]
 [-3.16655904e+04  1.02877335e-06]
 [-2.42011670e+04  7.52417926e-07]
 [-5.12969627e+04  6.68073243e-07]
 [-1.73175878e+04  1.00607278e-06]
 [-3.48080147e+04  5.16942605e-07]
 [-7.26551990e+04  6.99515780e-07]
 [-6.43778225e+04  3.64850144e-07]
 [-7.20332035e+04  9.70755933e-07]
 [-3.27090830e+04  2.52637408e-06]
 [-1.22806311e+04  5.36554658e-06]
 [-9.63356429e+04  6.27428340e-07]
 [-1.10803374e+04  1.16142701e-06]
 [-1.68970122e+04  2.27439199e-06]
 [-5.94814253e+04  9.72985794e-07]]
