[[-1.08768308e+05  4.80988939e-07]
 [-9.56289542e+04  7.33124490e-07]
 [-1.12780223e+05  5.66689464e-07]
 [-1.03791555e+05  6.94767943e-07]
 [-1.08354646e+05  4.88376585e-07]
 [-1.19622281e+05  4.54427333e-07]
 [-1.10879656e+05  5.11902119e-07]
 [-1.00348774e+05  4.80960148e-07]
 [-1.34061258e+05  6.08470311e-07]
 [-9.82910088e+04  6.47336866e-07]
 [-9.91634261e+04  4.66604996e-07]
 [-1.24341133e+05  5.42585195e-07]
 [-1.20488356e+05  6.75616110e-07]
 [-1.09841176e+05  7.21279468e-07]
 [-1.06367519e+05  5.28620340e-07]
 [-1.20880324e+05  4.23434332e-07]
 [-1.24230028e+05  5.90958240e-07]
 [-1.09223650e+05  4.66707518e-07]
 [-8.87225087e+04  5.53137298e-07]
 [-1.16792413e+05  7.33354984e-07]
 [-1.08258075e+05  7.14598942e-07]
 [-1.16046089e+05  6.11254663e-07]
 [-1.31622471e+05  4.95404031e-07]
 [-1.10197409e+05  5.03246442e-07]
 [-9.64454759e+04  4.99993413e-07]
 [-1.24751259e+05  5.19038027e-07]
 [-9.93120584e+04  5.51798523e-07]
 [-1.17172194e+05  5.47588824e-07]
 [-1.29550117e+05  4.69769029e-07]
 [-1.07028369e+05  7.03419778e-07]
 [-1.04179504e+05  7.03488346e-07]
 [-1.15259499e+05  4.37183191e-07]
 [-9.53347359e+04  6.13754944e-07]
 [-1.25320094e+05  4.99243776e-07]
 [-1.09912803e+05  7.40072187e-07]
 [-1.10270293e+05  5.31304540e-07]
 [-1.26456664e+05  5.46149659e-07]
 [-9.86584553e+04  4.76597176e-07]
 [-1.26868282e+05  5.23862049e-07]
 [-1.31546353e+05  7.17221738e-07]
 [-1.33203633e+05  4.37650918e-07]
 [-1.38359799e+05  5.64644485e-07]
 [-1.03829240e+05  5.69367771e-07]
 [-1.10052790e+05  4.98362948e-07]
 [-1.15187593e+05  4.37881538e-07]
 [-1.04608952e+05  7.36253422e-07]
 [-1.17741484e+05  4.87030018e-07]
 [-1.06940508e+05  4.60784399e-07]
 [-1.20610784e+05  6.54430021e-07]
 [-1.18718231e+05  7.22414382e-07]
 [-1.39915172e+05  5.13833974e-07]
 [-1.19353651e+05  6.77987561e-07]
 [-9.97015683e+04  4.96135668e-07]
 [-1.30727713e+05  4.51992907e-07]
 [-1.11785161e+05  5.87236695e-07]
 [-1.15043017e+05  4.48008558e-07]
 [-1.09908426e+05  7.22079584e-07]
 [-1.03270650e+05  4.32563074e-07]
 [-1.34271306e+05  4.79085374e-07]
 [-1.23906715e+05  6.99718369e-07]
 [-1.13460895e+05  7.38318346e-07]
 [-1.15561455e+05  5.74604275e-07]
 [-1.34836498e+05  4.47888031e-07]
 [-1.17023057e+05  5.15731675e-07]
 [-1.29461368e+05  7.87389326e-07]
 [-1.16837876e+05  4.92453533e-07]
 [-1.08940766e+05  7.13395844e-07]
 [-1.04538978e+05  7.10539385e-07]
 [-1.21369202e+05  4.02045373e-07]
 [-1.13485890e+05  7.24313038e-07]
 [-9.78718994e+04  4.61983273e-07]
 [-1.25580706e+05  6.61236159e-07]
 [-1.24486926e+05  4.59448192e-07]
 [-1.01417884e+05  6.07208762e-07]
 [-1.31057825e+05  4.19304322e-07]
 [-1.02108584e+05  6.05398517e-07]
 [-1.12329924e+05  4.62817320e-07]
 [-1.19525356e+05  6.54906930e-07]
 [-8.24685505e+04  7.88306771e-07]
 [-1.23838731e+05  5.36853791e-07]
 [-8.01298953e+04  5.22537777e-07]
 [-1.15827734e+05  4.51096653e-07]
 [-1.24110892e+05  5.88270992e-07]
 [-1.11881725e+05  5.02918596e-07]
 [-1.11598896e+05  5.10359527e-07]
 [-1.03435692e+05  4.72893124e-07]
 [-1.22733718e+05  5.66258449e-07]
 [-9.96509116e+04  7.11370256e-07]
 [-9.09893162e+04  4.28451554e-07]
 [-1.15409048e+05  4.02462970e-07]
 [-1.01988360e+05  5.73999043e-07]
 [-8.78384413e+04  5.17675996e-07]
 [-1.00605179e+05  7.57543635e-07]
 [-1.11164675e+05  7.29612147e-07]
 [-9.98482329e+04  4.71507559e-07]
 [-1.02197100e+05  7.72335938e-07]
 [-9.99045840e+04  6.77328515e-07]
 [-1.01343893e+05  6.24545891e-07]
 [-1.04061848e+05  5.19608555e-07]
 [-1.28811037e+05  5.03531729e-07]
 [-9.64151400e+04  8.22113893e-07]
 [-1.00965818e+05  4.67287293e-07]
 [-9.69754039e+04  4.51076849e-07]
 [-1.13307292e+05  5.08495132e-07]
 [-1.37693838e+05  5.34720272e-07]
 [-1.04392354e+05  4.81039895e-07]
 [-8.76551924e+04  6.11164428e-07]
 [-1.33760073e+05  5.07318718e-07]
 [-8.88465369e+04  5.31924561e-07]
 [-1.34277205e+05  6.92485275e-07]
 [-1.36463815e+05  4.37487072e-07]
 [-9.54895033e+04  6.94000562e-07]
 [-1.17693766e+05  4.12655060e-07]
 [-1.16314778e+05  4.34350070e-07]
 [-1.26116316e+05  5.37053886e-07]
 [-1.12313857e+05  4.31098014e-07]
 [-1.20924489e+05  6.28115091e-07]
 [-1.11644462e+05  6.29485832e-07]
 [-9.61170084e+04  4.99054593e-07]
 [-1.18838558e+05  4.11816659e-07]
 [-1.12484591e+05  4.05433931e-07]
 [-1.16254436e+05  8.06024205e-07]
 [-1.34465325e+05  4.12799030e-07]
 [-1.16141266e+05  4.53830729e-07]
 [-9.21500529e+04  7.50128837e-07]
 [-9.11353534e+04  5.97493349e-07]
 [-1.25314716e+05  5.83791345e-07]
 [-1.11067719e+05  6.76423358e-07]
 [-1.17013017e+05  4.88457971e-07]
 [-1.04687422e+05  7.28891101e-07]
 [-1.10601249e+05  6.49492574e-07]
 [-1.15179339e+05  5.69453426e-07]
 [-1.10070688e+05  4.38502110e-07]
 [-1.12976721e+05  4.11993356e-07]
 [-8.78007740e+04  5.72288660e-07]
 [-1.28735348e+05  5.68284853e-07]
 [-1.23964665e+05  7.85048303e-07]
 [-1.16957651e+05  4.74221628e-07]
 [-1.12571518e+05  4.30664440e-07]
 [-1.22147416e+05  7.16253348e-07]
 [-1.10291269e+05  4.92956401e-07]
 [-1.19282665e+05  4.76172818e-07]
 [-1.18242736e+05  6.43247196e-07]]
