[[-33.08350185  -2.87399556 -32.26816352 -18.25574131]
 [-24.11942801 -12.96897567 -47.86858858  -2.54928633]
 [-24.39853678  -9.69535376 -11.85606476  -8.27635697]
 [-33.52730019 -41.11354693  -3.09811057 -24.65975792]
 [-36.42485844   0.58210776 -24.12410274 -16.40488655]
 [-32.39889706 -32.06161839 -36.27241035 -14.88382904]
 [-12.35636174   0.73335999 -34.58331388  -9.48575586]
 [-26.54720934 -37.69847305 -27.5424753  -14.72810114]
 [-29.16323357 -25.0425531  -35.17958845 -12.8738957 ]
 [ -6.57158816 -11.39086821 -35.90181673  -2.62994695]
 [-34.87997323 -30.56062386 -27.57697656 -20.50724107]
 [-41.93645359 -10.2576952  -14.76206691 -17.73560898]
 [-46.85912309 -18.46831867 -36.63398018 -36.48520642]
 [-20.33115948  -4.14031747 -23.99074293 -10.99862871]
 [-27.81570378 -42.51844246 -24.83001925 -15.99211784]
 [-49.56957993 -15.31062584 -22.03199064 -40.26381991]
 [-49.47168646 -22.00849846 -33.25003604  -7.80510993]
 [-19.83302808 -43.30437973 -16.78225052 -11.66941667]
 [-21.72751203 -22.1705492  -42.21290716 -15.69780422]
 [-49.2627759  -37.80390548 -46.61172162  -6.08793626]
 [-25.28492397 -23.830688   -42.89336194 -18.67360524]
 [-49.05976184 -31.86289459 -20.85795352 -11.06580306]
 [-24.64998627 -13.70681601  -8.51388493 -20.58322439]
 [-45.68258005 -46.16123068 -40.52132306 -34.39625197]
 [-35.09571682 -48.9365954   -0.93976497 -15.1385324 ]
 [-40.05651288 -36.64936691 -19.37153196 -25.61696245]
 [-43.86449003 -14.89639525 -43.86104659  -8.83184709]
 [-49.52451882   2.86162223 -14.37127319 -25.27073499]
 [-35.32732806 -31.90178321 -10.31548859  -5.41188227]
 [-19.79482862 -27.20148883 -35.02273506  -9.72966995]
 [-38.61111843 -11.09329948 -43.34680645  -7.69734793]
 [-31.79438507 -14.04412434 -11.33113634 -16.45384449]
 [-35.08428407  -5.79218667 -30.76377473 -27.41625092]
 [ -7.08251324   2.04967752 -39.65785051  -2.91601609]
 [-20.57106077 -35.14310095 -35.2220777  -11.96406507]
 [-27.94583978 -31.06872616 -48.8022982  -27.76870055]
 [-47.22377837 -40.23246275 -12.18516463 -15.61561638]
 [-16.54469345 -48.34502717 -11.878159   -15.87295529]
 [-43.06882609  -9.58153691 -36.60188872 -39.97376701]
 [-31.60753317 -14.72774019  -1.84454098  -8.4902307 ]
 [ -5.8047015  -39.25132429 -30.65698774  -3.70791529]
 [-39.53017193 -29.60221727 -20.82112216 -16.34748809]
 [-41.50118433  -7.64392681 -25.38832889 -28.5153949 ]
 [-33.32581003   0.73535157 -48.20774959 -24.33292404]
 [-21.40218154 -26.69915957 -20.91012003  -6.57376759]
 [-30.93306148  -1.7184963  -12.35170816 -28.02476885]
 [-29.61261653 -47.5905324   -1.26194475  -2.01823653]
 [-20.73357416 -23.53145838 -19.12618997  -7.47741715]
 [-20.83551644 -27.79229999  -8.59445482 -17.04385145]
 [-29.056099   -27.08813578 -43.15944037 -20.61318611]
 [ -5.49938125  -1.38628364 -31.40992139  -4.08139865]
 [-33.80863947 -45.59396705 -24.53988714 -13.52554095]
 [-40.50092717 -20.04985518 -10.82412445 -22.89981594]
 [-35.75516088 -13.37910253 -47.32509198 -26.40109686]
 [-26.90058553 -25.77609287 -33.12006394 -10.87070434]
 [-30.13276297 -20.86737934 -23.52934241  -8.87724983]
 [-35.86584287 -15.6869863  -19.25338558  -5.47379723]
 [-28.75356018 -13.99504932  -5.01328248 -12.33806381]
 [-29.96929612 -16.54247287  -0.72304106  -0.82044057]
 [-40.3310519  -22.94940275 -36.55148632 -22.40171527]
 [-39.01239751  -3.40024187  -9.65875817 -13.19831655]
 [-32.41414582 -39.53530656 -47.79737007  -4.07673363]
 [-24.26408162 -39.71517228  -3.39755722 -11.94554803]
 [ -8.44085688 -30.17138658  -6.87056142  -4.25591524]
 [-42.63206418 -12.34802567 -21.38901371 -16.6457447 ]
 [-28.14461077 -42.59773447 -24.31790015  -6.82954014]
 [-43.85438283 -33.9058277   -5.76376073 -40.37427933]
 [-43.89089367 -29.7934806   -5.48733536 -16.80592847]
 [-49.48650185 -31.94076121 -36.85397995  -6.13070811]
 [-41.46490419 -11.51104249 -19.39050061  -1.84749188]
 [ -2.49293049 -22.20824935 -18.34375196  -0.86758435]
 [-39.72390267 -15.69009837  -6.24562861 -19.81219723]
 [-39.79222813 -34.69496921 -40.70650221  -2.42454697]
 [-29.01999763 -46.56967039 -39.42489015 -25.96716747]
 [-15.28549662 -19.9375882  -37.25339779  -1.14921953]
 [ -7.30767881 -37.29856882 -39.2969851   -3.60163784]
 [-21.40116389 -47.70830133 -49.4613589  -13.7101975 ]
 [-36.03944166 -15.3651066  -32.7031473  -11.17569929]
 [-32.13215844 -19.6476325  -49.00810881 -27.42551176]
 [-42.36376769 -44.07273852 -17.51692516 -34.66871973]
 [-15.30469672  -9.18960377 -33.93557929 -14.95069329]
 [-49.80850507  -6.09054308 -30.59739788 -42.83346067]
 [-35.42208908 -14.84084706 -10.32267854 -13.29485653]
 [-19.88476104 -49.29133027 -23.86252264  -0.25510622]
 [-40.32793435 -46.87297368 -17.17832023 -24.9700504 ]
 [-48.1971934  -29.6462337  -24.77567231  -8.32501021]
 [-45.77286347 -33.71174158 -26.56005257  -8.4128495 ]
 [-28.39808892 -45.39966692 -11.81743346  -5.14831413]
 [-45.62334337 -12.70834659 -41.00364791 -26.73064631]
 [-44.42336678 -14.96319739 -28.56331233 -10.99779428]
 [-15.98497622  -2.44668951  -2.10705741  -9.71756202]
 [-21.08385873 -22.66769546  -4.99958241 -16.92454969]
 [-49.65715612 -27.84061598 -33.325409   -22.9862592 ]
 [-18.34614271   0.68290276 -19.6545693   -2.76819242]
 [-30.22530937 -43.78614524 -39.57954113 -16.39148723]
 [-48.44703736 -12.36676488 -37.75850543 -15.44482024]
 [-28.36589781  -8.07993244 -29.13776988  -3.80841203]
 [-22.64715565  -5.52231734 -16.17105127 -13.99256283]
 [-32.05854152 -27.05086498  -0.68654794 -17.56101848]
 [-43.206956   -34.22052182 -11.610289   -20.28717909]
 [-35.64012316 -15.90096789 -47.02984116 -29.7694401 ]
 [-49.49368556 -36.74643095 -22.39762741 -25.05032375]
 [-32.78949031 -33.12784514 -46.28933182  -2.82468896]
 [-47.89687901 -18.29523382 -42.47316415 -36.43003787]
 [-17.88320791  -3.01498547 -26.75384572 -16.17863626]
 [-23.0890389  -20.03042293 -26.69481422 -10.07363953]
 [-26.67295047  -6.07418827  -4.17405605  -6.22102267]
 [-33.68255174  -2.55953547 -28.37514142 -32.167219  ]
 [-28.6653155   -4.63662467 -25.79676326 -15.85015039]
 [-35.38072737 -38.65809911  -3.19582407  -1.57016668]
 [-45.95530623 -39.9938432   -6.45577089 -16.22828827]
 [-29.07267269 -24.17210267 -18.13989659 -22.30025517]
 [-28.47853592 -38.55426324 -38.0597769  -21.05327619]
 [-49.11475864 -16.03872132 -12.45892845 -45.12522498]]
