[[-4.70452455e+01  6.79528824e-01]
 [-4.88381028e+01  3.31899298e-02]
 [ 1.20633069e+01  6.40847677e+00]
 [-6.58300029e+00  9.33798741e-01]
 [-2.38363127e+00  1.86332370e-02]
 [-5.00438335e+01  4.95010853e-01]
 [-4.83194623e+01  8.12225648e-02]
 [-1.24593933e+00  2.27748416e-02]
 [-1.73660455e+01  5.04154501e-02]
 [-2.28610147e+01  1.93516937e-02]
 [-2.59671191e+00  2.78981040e-02]
 [ 2.68998617e+01  2.30658991e-01]
 [-2.85919463e+01  3.39482402e-01]
 [-1.07792704e+02  1.23679915e-01]
 [-1.89189943e+01  3.14045708e-02]
 [-2.72773522e+01  5.58733452e-02]
 [-8.01968712e+00  7.74160525e-01]
 [-4.27833405e+00  1.52557455e-02]
 [-2.19069291e+01  1.20736586e-02]
 [-4.11069004e+01  1.46766380e+01]
 [-1.07571687e+02  1.40454582e-01]
 [-8.82404442e+01  3.78125093e-01]
 [-2.16477540e+01  9.79174591e-01]
 [-2.59356830e+00  7.00999411e-02]
 [-1.89444859e+01  9.47531543e-03]
 [-1.07393537e+02  7.95229455e-02]
 [ 3.70324330e+01  6.51128668e-03]
 [-4.06582739e+00  2.87287288e-02]
 [-5.65409864e+01  1.73198178e+01]
 [-5.25169636e+00  1.38879101e+00]
 [-8.80403478e+01  4.58011059e+00]
 [-3.55757950e+01  1.47870318e+03]
 [-6.78369394e+01  9.98754835e-02]
 [-2.57989755e+01  7.39386651e-03]
 [-2.39054537e+01  7.91703301e-01]
 [-1.59590688e+01  2.10431969e-02]
 [-7.52875041e+01  8.07566766e-01]
 [-4.63075605e+01  9.89907459e-03]
 [-4.42816683e+00  9.63566341e-03]
 [-7.30434192e+00  1.15042819e-01]
 [-1.01673440e+01  5.63482652e-02]
 [-9.15254107e+00  4.55964200e+00]
 [-1.54500381e+01  7.39295468e-03]
 [-1.87512465e+01  9.78615178e-03]
 [-3.20610813e+00  2.11533631e-01]
 [-3.58379883e+01  2.79276469e-02]]
