[[-3.61294794 -3.31432234 -1.49005988 -0.97646132]
 [-4.98933323 -1.86313139 -4.01303366 -1.02340929]
 [-3.5350944   0.8458522  -0.79619253 -0.67867988]
 [-1.66953458 -2.42441414 -1.21813984 -1.30055694]
 [-3.64700449 -0.51558028 -3.83672402 -2.085951  ]
 [-3.1263229  -4.73415221 -1.35777476 -1.77164286]
 [-4.37676706 -2.4467778  -2.08395657 -2.98628602]
 [-4.10888296 -0.36588435 -3.36665427 -2.5259408 ]
 [-2.40460741 -2.92285829 -4.21846921 -0.58002377]
 [-4.506917   -1.31836634 -3.2087154  -3.43369341]
 [-0.94872272 -4.30473876 -4.6690646  -0.77305387]
 [-4.69085004  0.96917348 -1.4322713  -3.23912597]
 [-3.3630703  -2.45603756 -1.3092437  -2.88134557]
 [-4.54868643 -4.79542307 -2.08009732 -1.97207738]
 [-2.16675847 -4.06975625 -3.90625064 -1.17273777]
 [-3.0275241  -2.93576301 -2.92214167 -1.57458321]
 [-1.42567414 -3.73149019 -1.97561455 -0.36773624]
 [-2.15338267 -1.69555116 -4.39625324 -1.69352868]
 [-3.17525278 -2.41105418 -4.52663376 -1.96023946]
 [-3.93793852 -2.43339488 -0.37884498 -2.75082454]
 [-4.60908778 -4.70868032 -1.54358537 -4.2495821 ]
 [-4.42789702 -4.17090217 -1.14386786 -3.87892176]
 [-4.16351973 -1.23098745 -0.84568639 -3.70668721]
 [-1.65580003 -1.70367592 -2.68668867 -1.61474671]
 [-4.49510795 -1.13099555 -4.77105261 -2.13323058]
 [-4.49287649 -4.9085222  -2.41829379 -1.95188602]
 [-4.67516326  0.97941452 -4.26070129 -4.35877063]
 [-1.32209212 -3.42357357 -3.90865972 -1.2795996 ]
 [-4.75258522 -2.28431212 -0.39514548 -2.0542804 ]
 [-1.38839393 -2.81656308 -1.06762693 -1.29890875]
 [-4.99724201 -3.20501518 -0.81219979 -0.89456007]
 [-3.20883841 -3.13641904 -0.08792587 -2.18395194]
 [-4.70256292 -2.9103413  -1.89609788 -3.22428142]
 [-4.28880591 -1.68989803 -4.53766473 -3.17764426]
 [-2.2620913  -4.39590897 -1.16495871 -1.75379991]
 [-4.79534037 -0.73668805 -4.9153601  -0.87840815]
 [-4.9324779  -2.8491441  -1.06382108 -2.25782292]
 [-3.28597251 -4.29405116 -4.59100877 -2.2916861 ]
 [-2.03153431 -2.17174916 -4.86679956 -1.97634197]
 [-1.2874812  -4.47881803 -3.12129619 -0.62749408]
 [-3.897036   -0.87343707 -2.34175112 -3.03369094]
 [-3.02306706 -0.96812539 -0.69688645 -1.42251642]
 [-4.25950057 -1.1793343  -4.7296048  -2.80660626]
 [-2.90379665 -2.60155137 -4.73695012 -2.11040454]
 [-0.97975662 -3.97595144 -2.22585376 -0.94103286]
 [-3.16010136 -3.54133737 -3.49941255 -1.8342322 ]]
