[[-1.21695599e+00  1.22419363e+02]
 [-1.75857247e-01 -8.24961852e+02]
 [-9.96801183e+00 -1.98579061e+00]
 [ 4.41907686e-01  2.90387436e-02]
 [ 1.43605629e+00  7.10022778e-01]
 [-1.69000513e+01  9.75645203e-01]
 [-8.13580138e+00 -1.44384175e-01]
 [-6.97571519e-01 -6.55698599e+00]
 [ 4.16746416e-01  1.68524317e+01]
 [ 4.48484496e-01 -6.32918901e-01]
 [ 7.91042879e-01  2.69247309e+04]
 [-3.04887629e+00  7.78041671e+03]
 [-6.44133859e-01 -1.31878115e+00]
 [ 9.07379874e-01  9.06744345e-02]
 [-1.22258702e+00 -1.52241365e+00]
 [-2.06882582e+01  5.82728225e-03]
 [-1.12209093e+02  9.69589082e+00]
 [ 1.03132633e+01  6.26716642e+02]
 [-1.80176284e+00 -5.89960573e+01]
 [ 1.68211246e+01 -2.29956030e+01]
 [ 1.07661518e+01  7.86913940e-03]
 [ 1.08691279e+01  8.62390692e-03]
 [ 2.87280707e-01  4.04854573e-01]
 [ 7.15185243e-01  3.45727227e-02]
 [-5.15447329e+01 -7.46084211e+01]
 [-7.59185726e+00  1.38892737e-02]
 [ 1.31204215e+00  4.74329237e+00]
 [-9.67165405e+00  5.69114481e-01]
 [-1.57441131e+00  1.40495760e-02]
 [-1.80213034e+01 -1.95024671e-01]
 [ 2.06930730e-01 -1.01047397e+04]
 [-1.34492320e-01 -3.45563208e+00]
 [-1.60807767e+01  1.67662233e+03]
 [-6.45840649e+01  1.17134146e+01]
 [ 1.29269071e+00  8.06176793e-02]
 [-2.16796353e+01 -1.72768217e-01]
 [-1.52677853e+01  7.96118408e+02]
 [-1.37678779e+01  5.74376776e+02]
 [-1.94699250e+01  1.19137349e+01]
 [ 6.00274634e+00  1.20808804e-02]
 [ 2.66157187e+00  1.05266542e+00]
 [-5.14251349e+01 -3.46648404e-01]
 [ 7.93400958e+00  1.39411313e-02]
 [-1.40182968e+00 -1.73980955e-01]
 [-6.78510849e+01 -8.31072651e+02]
 [-7.72004479e-01 -3.07673531e+01]
 [ 2.77885424e-01  5.99222674e-01]
 [-2.65525885e+00  1.97538958e-01]
 [-5.55314170e-02 -6.96282360e+00]
 [ 3.31959557e+00  6.30769842e-01]
 [ 1.79400751e+00  1.52012059e-01]
 [-9.61222794e+00  1.41434932e-02]
 [-6.76529855e+00  2.86291760e-01]
 [-2.60067022e+01  4.05944403e-01]
 [-1.05286989e+01  6.93255476e-03]
 [-2.63868102e-01 -1.32661883e+03]
 [ 4.62810086e+00  2.33580203e-01]
 [-2.85997436e+01  8.00887733e-03]
 [-4.79668570e+01 -2.77287111e+00]
 [-2.13213312e+00 -5.05421727e-02]
 [ 3.42679387e-01  8.17026801e-02]
 [-3.35719659e+00 -9.80880557e+01]
 [ 8.55604104e-02  2.50033446e-01]
 [ 8.28578897e-03  6.19017197e+00]
 [-7.56073133e+00 -1.12815649e-01]
 [ 2.17764549e+00 -9.56893624e+00]
 [-2.14135540e+00 -2.39525810e+05]
 [-3.18835892e+00  4.33138295e-03]
 [-3.92735944e-01 -1.24955212e+02]
 [ 7.32662709e+00  5.31639721e+00]
 [-7.66599192e+01 -1.74399831e-01]
 [ 1.01680847e+01  3.74484591e-03]
 [-3.94395168e+01  8.70742046e+01]
 [-1.35417387e+00 -3.33720879e+02]
 [ 1.23448883e+01  1.71093664e-02]
 [ 3.39173276e+00 -8.71043481e-01]
 [ 7.64414399e+00 -3.28595000e+04]
 [-7.30732572e-01 -9.93803016e+00]
 [ 6.82965897e+00  9.02851866e-03]
 [-7.29215170e+00  7.31462248e-02]
 [ 2.98536735e+00  2.39873710e-01]
 [-4.50021963e+01 -7.34612727e-01]
 [ 6.26318865e+00  5.21969700e-03]
 [-1.70413469e+01 -5.95642989e-01]
 [-5.16360423e+01 -1.24485777e+02]
 [ 7.67851788e+00  1.08712813e-02]
 [ 8.11975672e-01  6.51027584e+00]
 [ 8.10799207e-01  1.44392856e-02]
 [-2.77229860e+01  4.24547794e-03]
 [ 6.97906740e+00  9.73458906e-03]
 [ 4.32764787e+00  8.33828572e-03]
 [ 5.18786951e+00  5.80337307e-02]
 [-8.95823654e+01 -2.20626422e+01]
 [-3.64447817e+00  3.82913623e-02]
 [ 4.02383627e+00  5.24324173e-02]
 [ 4.09406076e+00  1.12054560e-01]
 [-2.29055029e+01  7.65825689e-02]
 [-3.44960342e+01  5.34996267e-03]
 [-6.06071902e-01  2.00471475e+00]
 [-8.72026708e+00  5.67017810e+02]
 [ 1.03126096e+01  6.14734562e-03]
 [ 6.30790233e+00 -1.58293908e-01]
 [ 2.60483087e+00  2.31602030e-02]
 [ 2.00608913e+00  5.39247575e-01]
 [-8.10777267e+00  1.80871760e+01]
 [-1.92268202e+01 -3.97186450e+03]
 [ 3.78526017e+00  1.67402586e-02]
 [-9.25342359e+01 -7.16780071e-01]
 [-1.54775524e+01 -3.41815345e+00]
 [ 2.71604518e+00  1.91269950e-01]
 [-2.11467858e+01 -6.35290497e+01]
 [ 1.17167123e+01  9.19409500e-03]
 [-2.49228936e+00 -1.81207577e-01]
 [-3.53872602e+01 -1.42664714e-01]
 [-4.10747812e+01 -1.20182913e-01]
 [-6.29995933e-01 -2.15752255e+03]
 [ 1.98910092e-01  5.00638418e-01]
 [ 1.13199653e+01 -2.11726769e+00]
 [ 1.68185778e-03  2.49087597e+02]
 [-1.17655688e+01 -6.63998098e-01]
 [ 7.38426092e+00  1.52053976e-02]
 [-5.32171687e+01 -4.45106562e+00]
 [-8.64182542e+01 -1.28764480e+01]
 [-1.45236738e+00  3.59948496e+00]
 [-7.21351098e+01 -1.35652561e+00]
 [-5.87926203e+00  2.15820861e+01]
 [ 8.95110730e-02  7.22476923e-02]
 [ 3.68286834e+00 -3.58498305e-02]
 [ 5.33457559e+00  4.74397252e-02]
 [-2.07174175e+01 -3.57179434e+00]
 [ 1.79757801e+00 -3.59842504e+00]
 [-2.27278273e+01  3.22533354e-01]
 [-3.76923050e+00 -9.71731052e+01]
 [-8.93819064e-01 -7.44265561e+00]
 [ 2.42172411e+00  5.98162648e-01]
 [ 4.65813707e+00  9.48948183e-03]
 [-2.53223118e+00 -3.70404264e+02]
 [-8.77420396e-01  1.35604698e+03]
 [ 3.69381559e+00  5.70756780e-02]
 [-4.14515755e+01 -2.73121992e+01]
 [-1.59229255e+01 -3.30526086e+00]
 [-4.68296792e+00  7.55637925e-03]
 [-6.18154963e+00  1.78179048e-02]
 [ 8.97673441e+00  3.80898954e-01]
 [-6.02864041e+01  8.08885880e-02]
 [-3.23396282e+01 -6.69019540e-02]
 [ 3.38616675e+00  1.61094435e-02]
 [-2.45346869e+00 -2.23448026e+01]
 [ 1.09156913e+01 -2.75541051e-01]
 [-1.71303745e+01  2.86349308e-02]
 [ 3.77715902e+00  7.90393046e-02]
 [-1.45033645e+00  3.74698369e-02]
 [ 8.17623795e-01  3.16702440e+00]
 [ 5.53886718e+00  3.59294363e+00]
 [-2.31977823e+00  8.20600362e-02]
 [ 6.98227690e+00  5.40563806e+01]
 [ 8.04255938e+00  5.16142719e-03]
 [-1.33551539e+01 -4.36793855e+02]
 [-1.03418937e+02 -5.29236506e-02]
 [-7.27495319e+00  2.96780165e-01]
 [-1.55516254e+01 -8.15119225e+00]
 [ 2.70800774e-01  9.57739803e-02]
 [-3.97971616e+01  1.32296761e-02]
 [ 3.32721249e+00  3.74163449e-02]
 [ 6.02654001e+00  2.07094470e-02]
 [-7.00528450e-01  1.10801998e+03]
 [ 3.52829628e-01  6.62671804e+02]
 [-5.61022690e+00  7.58323286e-01]
 [ 8.84937602e+00 -6.40746174e+01]
 [ 8.97159235e+00 -1.06684507e+01]
 [-1.22820626e+00  1.79685445e-01]
 [ 4.56321143e+00  1.91779316e-02]
 [ 4.80588508e-01  3.18318050e-01]
 [-2.47817158e+01 -7.14558919e-01]
 [ 4.59887168e+00  2.85920677e-02]
 [ 2.43410173e+00  3.28395317e-02]
 [ 4.43827353e+00  1.73539388e-02]
 [ 2.54385887e+00  3.83914364e-02]
 [-2.09611804e+00  7.79811430e+02]
 [ 3.89803575e+00  1.84230562e-02]
 [-2.90454127e+01 -3.40398516e+01]
 [-1.39011613e+01 -1.38942502e+06]
 [-5.09947312e-01 -2.05777700e-01]
 [ 8.96175860e+00  7.54318882e-03]
 [ 3.05039701e+00  1.55569939e+03]
 [-1.74646506e+00 -7.15460528e+01]
 [ 1.35029057e+00  2.29944290e-02]
 [-8.35085571e-01  1.60115150e+00]
 [ 2.28381540e+00  4.58512466e-01]
 [-5.06065570e+00  2.30653059e+02]
 [-3.30847173e+00 -9.33002262e+00]
 [-1.02709041e+00 -1.39975430e+00]
 [-2.83449584e+01 -4.54493215e+03]
 [ 6.66820190e+00  2.73450868e-02]
 [-1.67720616e+00 -8.51103456e-01]
 [ 1.31761201e+00  2.35229347e-01]
 [ 1.16996711e+01  7.47295673e-03]
 [-2.99442268e-02 -7.39454891e+02]
 [ 6.07533597e+00  1.44697132e-02]
 [-2.14996192e+01 -7.16915447e+00]
 [-2.38360520e+00  1.55422836e+01]
 [-1.97729481e+01 -2.22569255e+00]
 [ 6.05233885e+00 -1.19234329e-01]
 [-8.66669765e-01 -7.37848697e+00]
 [ 1.40086950e+01 -6.57256628e-01]
 [ 2.73079330e+00  4.09768373e-01]
 [-8.67528277e+00  4.91910263e-02]
 [ 6.02883148e-01  2.71200683e+00]
 [ 2.52005076e+00  7.30923904e-03]
 [-1.56639551e+01 -8.38627828e-01]
 [ 9.41195943e+00  5.11821273e-03]
 [-5.11279392e-01 -9.72862532e-01]
 [-2.63146661e+01  2.02708732e+00]
 [-5.89023524e+01  7.02480723e-01]
 [-2.58348155e+00 -6.62854022e-01]
 [-2.41450999e+00 -1.30059611e+00]
 [ 7.76152049e-02  6.89376386e+01]
 [-3.14048162e+00  4.48088606e+00]
 [-2.87527879e+00  1.36270846e-01]
 [ 2.02341446e+00  3.76233315e-02]
 [ 2.37860642e+00  5.49655219e-02]
 [-3.73715385e+00 -1.81996745e+01]
 [-1.18856658e+01  5.59424936e-02]
 [-7.56427542e-01  7.18974962e-02]
 [ 5.72272486e+00  1.91587516e-02]
 [-3.47976443e+01 -1.42208233e+00]
 [ 3.98064605e+00  5.53362267e-02]
 [ 9.43916958e+00  7.63558831e-03]
 [ 8.62255676e-01  4.01271211e-01]
 [-2.94067589e+00 -2.81460615e+03]
 [ 7.44322786e+00  2.18027614e-02]
 [-9.62886417e+00 -9.93615350e-01]
 [-1.46277185e+01  3.23390121e-02]
 [-7.44276040e+01  4.43562020e+00]
 [-6.29659295e+00 -1.65698833e+00]
 [ 2.98004468e+00  1.00125587e-01]
 [-4.42149860e+00  1.38537963e-02]
 [-1.00527657e+01  1.37148851e-02]
 [-9.20304790e+00 -5.27882465e+01]
 [ 1.08359666e+01  5.69801328e-03]
 [-1.43473971e+00  4.05478267e-02]
 [-1.49945106e+00  1.57928912e+03]
 [ 4.15177359e+00  2.11959750e-02]
 [-5.80693589e+01 -1.68629697e-01]
 [-1.56991164e+00 -4.85093358e+00]
 [ 9.24553925e+00 -4.21766538e+00]
 [ 4.20354893e+00  4.24526731e-03]
 [ 2.53698734e+00  4.45058082e-01]
 [ 5.31719020e+00  1.69509940e-02]
 [ 5.98489011e+00  2.20126340e-02]
 [-4.50314766e+01  1.43752239e+01]
 [ 7.87881186e+00  4.24086999e-02]
 [ 6.70192938e+00  2.64118782e-02]
 [-2.13196350e+01  1.40478576e+03]]
