[[-1.67572924e+05  4.17250705e-07]
 [-1.49865596e+05  2.29685080e-07]
 [-1.33641275e+05  4.79681631e-07]
 [-1.18281754e+05  2.90215419e-07]
 [-1.39063098e+05  7.42325989e-07]
 [-1.40852526e+05  2.35220817e-07]
 [-1.97135800e+05  6.40793926e-07]
 [-1.55659665e+05  2.34537331e-07]
 [-1.41946842e+05  3.70185569e-07]
 [-1.48408828e+05  2.61225189e-07]
 [-1.55918838e+05  5.60975468e-07]
 [-9.58330840e+04  5.97880454e-07]
 [-1.42212830e+05  3.15153736e-07]
 [-1.65111927e+05  2.53912824e-07]
 [-1.14884331e+05  3.29568200e-07]
 [-1.54072296e+05  3.83080588e-07]
 [-1.32682557e+05  2.40617142e-07]
 [-1.14139435e+05  2.50156162e-07]
 [-1.78723273e+05  6.37911529e-07]
 [-1.53220579e+05  4.09653051e-07]
 [-1.75934241e+05  3.56705762e-07]
 [-1.65498865e+05  3.90861565e-07]
 [-1.92345962e+05  6.02544989e-07]
 [-1.31215789e+05  2.41435200e-07]
 [-1.46591699e+05  7.08752687e-07]
 [-1.24238510e+05  5.04825199e-07]
 [-1.81844029e+05  4.31952462e-07]
 [-1.58276113e+05  6.49322726e-07]
 [-1.84534027e+05  5.56611485e-07]
 [-2.21541053e+05  4.16369201e-07]
 [-2.17643858e+05  4.97779923e-07]
 [-1.93978590e+05  4.98586609e-07]
 [-1.60381133e+05  2.73800898e-07]
 [-1.61140936e+05  4.39060882e-07]
 [-9.28308768e+04  2.83939689e-07]
 [-2.22059537e+05  3.82676190e-07]
 [-1.66712564e+05  2.63903397e-07]
 [-1.50997245e+05  2.05334047e-07]
 [-1.51173032e+05  4.46568273e-07]
 [-1.54786549e+05  8.13639602e-07]
 [-1.93351160e+05  2.40816846e-07]
 [-1.55103199e+05  5.78087612e-07]
 [-2.04815009e+05  2.67982219e-07]
 [-2.28821058e+05  3.31993850e-07]
 [-1.54097080e+05  4.74819047e-07]
 [-1.40789319e+05  6.76950318e-07]
 [-1.54033355e+05  5.36423484e-07]
 [-1.71104435e+05  5.49394109e-07]
 [-1.13432266e+05  4.51427114e-07]
 [-1.91309550e+05  4.06149514e-07]
 [-1.55358246e+05  3.35022936e-07]
 [-1.64597250e+05  3.40282020e-07]
 [-1.36197506e+05  3.68572144e-07]
 [-1.64926874e+05  3.49914204e-07]
 [-1.45163394e+05  2.19121632e-07]
 [-1.01234420e+05  4.04175589e-07]
 [-1.83245539e+05  2.87649183e-07]
 [-1.66578519e+05  3.14267357e-07]
 [-1.84610154e+05  6.04612225e-07]
 [-1.09479985e+05  7.74585635e-07]
 [-2.04528482e+05  7.46910705e-07]
 [-2.19764022e+05  3.56661745e-07]
 [-1.29865154e+05  2.77274316e-07]
 [-1.18353896e+05  2.21914541e-07]
 [-1.47365338e+05  4.00260313e-07]
 [-1.69248101e+05  5.10599161e-07]
 [-1.92398668e+05  4.01168964e-07]
 [-2.22348435e+05  7.08308278e-07]
 [-1.96667440e+05  4.06676218e-07]
 [-9.90507566e+04  6.60072974e-07]
 [-2.19151323e+05  2.35880809e-07]
 [-1.49999995e+05  2.80636616e-07]
 [-2.02452467e+05  2.83847746e-07]
 [-1.23532060e+05  2.66123025e-07]
 [-1.57893842e+05  3.30013477e-07]
 [-1.30450135e+05  5.61962960e-07]
 [-1.79015223e+05  5.45784165e-07]
 [-2.16982507e+05  1.99340566e-07]
 [-1.88381697e+05  4.98560761e-07]
 [-1.70754200e+05  2.25999289e-07]
 [-1.77825585e+05  4.88528579e-07]
 [-1.49508429e+05  5.74947494e-07]
 [-1.76203867e+05  3.23792850e-07]
 [-1.13796512e+05  6.59496438e-07]
 [-1.93566625e+05  4.80696464e-07]
 [-1.96245496e+05  6.22929707e-07]
 [-2.05353778e+05  4.24439961e-07]
 [-1.59656939e+05  2.22904794e-07]
 [-1.34540719e+05  2.66977707e-07]
 [-1.75180849e+05  4.03833878e-07]
 [-1.50110438e+05  6.29351636e-07]
 [-9.45358420e+04  5.47375280e-07]
 [-2.07123263e+05  4.49643467e-07]
 [-1.60304271e+05  3.04076199e-07]
 [-1.50441931e+05  5.26363584e-07]
 [-1.81751154e+05  7.08752642e-07]
 [-1.66465081e+05  3.46988012e-07]
 [-1.59032696e+05  3.32327487e-07]
 [-1.30072208e+05  5.73570383e-07]
 [-2.03168444e+05  2.97676708e-07]
 [-1.51256179e+05  2.30673317e-07]
 [-1.59375176e+05  2.13212665e-07]
 [-1.53930099e+05  6.14317207e-07]
 [-1.70998208e+05  3.73949321e-07]
 [-2.16677605e+05  5.35126151e-07]
 [-1.02235288e+05  2.95953525e-07]
 [-1.49587434e+05  3.10036181e-07]
 [-1.57865958e+05  2.75583442e-07]
 [-1.96232234e+05  3.58854595e-07]
 [-1.79206803e+05  4.92307085e-07]
 [-1.58809370e+05  3.53743298e-07]
 [-1.20491346e+05  6.25296271e-07]
 [-1.39912102e+05  3.17493456e-07]
 [-1.94643100e+05  2.72957624e-07]
 [-2.07838709e+05  5.33777451e-07]
 [-1.65069819e+05  5.50374858e-07]
 [-1.39045463e+05  2.18101573e-07]
 [-1.03798636e+05  3.41073416e-07]
 [-1.98498471e+05  3.58782576e-07]
 [-1.65146613e+05  4.66689186e-07]
 [-9.21900768e+04  2.97620639e-07]
 [-1.10597666e+05  2.46337029e-07]
 [-1.67373608e+05  5.66284533e-07]
 [-1.47976875e+05  5.08826634e-07]
 [-1.61460638e+05  1.89591806e-07]
 [-1.57743005e+05  2.71326369e-07]
 [-1.79501264e+05  5.94366816e-07]
 [-2.16505537e+05  2.10557743e-07]
 [-1.85803867e+05  2.90917030e-07]
 [-1.79293870e+05  7.42996447e-07]
 [-1.68905166e+05  2.86795914e-07]
 [-8.61135263e+04  5.03794005e-07]
 [-1.64387333e+05  7.46714320e-07]
 [-1.45227618e+05  3.06074815e-07]
 [-1.76833872e+05  6.68508355e-07]
 [-1.53215010e+05  4.74850737e-07]
 [-1.63932704e+05  2.98078309e-07]
 [-1.03926760e+05  7.01082281e-07]
 [-1.66232296e+05  2.05278933e-07]
 [-1.31476840e+05  5.27360244e-07]
 [-1.53077373e+05  3.20895083e-07]
 [-2.29140570e+05  4.37179137e-07]
 [-1.80370172e+05  5.07215922e-07]
 [-1.42737822e+05  2.75841372e-07]
 [-1.94136776e+05  3.51856182e-07]
 [-1.37637707e+05  7.94306162e-07]]
