[[-53.12714198 -55.2340677  -58.78941589 -58.58110692]
 [-48.87265469 -49.36515724 -51.33096807 -56.58039536]
 [-54.34077035 -44.84663766 -40.62318793 -55.88498762]
 [-46.691085   -54.62302574 -43.60228457 -56.70734127]
 [-49.15664958 -46.83633632 -41.62394894 -53.59577258]
 [-40.13944675 -46.62841257 -48.58995281 -57.18847404]
 [-47.86472704 -40.01318531 -55.55382651 -55.76850628]
 [-45.82666017 -58.99802803 -55.66640423 -53.02867203]
 [-42.28611762 -55.40560591 -46.48093042 -53.66851877]
 [-41.08758068 -49.57614447 -45.18156993 -58.4707553 ]
 [-52.41700938 -44.74625089 -55.3488609  -59.90669684]
 [-45.36885658 -52.86684147 -54.21663734 -57.09286694]
 [-41.04722853 -52.54078479 -51.39363642 -59.80012931]
 [-43.80393077 -47.20588443 -48.47962898 -58.03460024]
 [-47.76477972 -48.06855382 -57.23829377 -49.69928254]
 [-45.33396448 -48.89200089 -48.97866993 -54.72739148]
 [-44.26690994 -56.37619468 -41.9792103  -46.08830364]
 [-53.74342656 -54.45716216 -58.18167033 -58.76901889]
 [-47.128809   -40.23715097 -47.79439301 -47.36263132]
 [-42.67487569 -47.10931199 -53.05787548 -51.05735348]
 [-41.74804958 -52.8642641  -58.02180032 -57.53548477]
 [-44.42999358 -59.59106221 -42.85878074 -53.44710268]
 [-43.12186194 -52.98150176 -40.72129013 -53.28622648]
 [-44.30521719 -42.98043307 -52.33084481 -56.67701608]
 [-47.62497301 -48.18954749 -44.13749785 -53.13812883]
 [-41.97050045 -57.06765011 -42.74849233 -51.58393204]
 [-42.89807525 -45.78229886 -47.22012718 -49.09069271]
 [-58.64274822 -40.59492448 -40.61121146 -59.74858029]
 [-41.69720222 -52.84475018 -45.67887793 -57.29550241]
 [-45.93284484 -47.69408041 -42.34600179 -55.52418998]
 [-52.14310678 -44.2412514  -49.56892901 -57.78302883]
 [-44.40267991 -42.45115474 -46.11016636 -59.49794662]
 [-45.25431926 -42.32429527 -40.79382674 -57.03306809]
 [-42.02692043 -58.88585804 -48.93592806 -55.96836857]
 [-47.65747156 -55.19045694 -44.38251221 -48.55036561]
 [-47.76754973 -40.19466166 -50.18506195 -53.55222264]
 [-43.33284636 -52.02010492 -47.89034382 -45.56944145]
 [-46.38290032 -59.25173605 -57.71457672 -51.47938423]
 [-43.07564026 -40.35116514 -41.97078483 -58.07842803]
 [-52.34312581 -43.46090268 -57.60450231 -59.57030909]
 [-44.45672496 -45.91612918 -53.58662538 -54.81655361]
 [-49.255438   -48.57630534 -54.20158061 -50.46317191]
 [-47.87775148 -55.3374089  -49.94609636 -52.44950061]
 [-43.0376808  -45.61264065 -52.13303981 -47.32099605]
 [-51.88044135 -57.34884927 -50.56689388 -58.98138355]
 [-51.08294859 -54.99332889 -44.93442686 -55.50876657]
 [-47.79510226 -47.37747685 -47.25139482 -47.89853738]
 [-52.5438825  -56.31489302 -54.21142411 -54.77040189]
 [-43.56839735 -58.38545857 -57.71081246 -49.6130167 ]
 [-41.33294073 -55.5893954  -41.99766298 -56.47162617]
 [-50.61753528 -51.30377    -49.77445145 -52.03929933]
 [-46.985245   -43.63624342 -41.63667986 -53.71506605]
 [-44.84883106 -55.81596015 -57.0567113  -45.52401003]
 [-43.44543533 -55.2464011  -54.14624313 -55.09115542]
 [-43.98179655 -45.8120369  -49.63857075 -44.62968778]
 [-50.95229824 -49.43521855 -48.69882615 -58.77139873]
 [-47.20501411 -40.12516868 -48.76608661 -59.62072457]
 [-41.23665342 -50.40779692 -47.3097515  -48.31018406]
 [-52.80532015 -56.38927852 -51.70590629 -53.70094841]
 [-41.83106211 -55.1680035  -48.63880627 -43.309589  ]
 [-40.2984461  -54.27905664 -54.16590869 -46.43047435]
 [-40.27662429 -52.10218834 -55.58841675 -52.39748216]
 [-40.78231893 -54.19477675 -41.81812844 -58.26660788]
 [-44.21280847 -58.26364398 -59.5935236  -53.27059952]
 [-46.32581792 -50.97013128 -56.77295623 -58.24959938]
 [-47.3084648  -46.28355276 -45.4949232  -55.59288403]
 [-49.72583918 -46.99386876 -45.48225469 -55.19072811]
 [-48.50741676 -42.32461992 -58.21626389 -48.5104186 ]
 [-41.00054338 -45.18526829 -52.54899188 -52.15884522]
 [-46.90426954 -45.76829999 -58.46664859 -55.99184508]
 [-43.44968334 -51.38800535 -54.454816   -49.91782153]
 [-41.93149608 -57.70191555 -48.75596094 -50.33786032]
 [-42.63312532 -52.9650353  -46.35352021 -57.24757357]
 [-57.65989877 -54.05250216 -57.34490446 -59.87029726]
 [-41.5173859  -58.05237082 -48.35983502 -54.88992306]
 [-51.42552807 -42.72184812 -56.59264677 -57.84569362]
 [-57.9111377  -59.91161857 -42.92094851 -58.51108462]
 [-41.47649448 -44.72454195 -43.72458025 -56.54974872]
 [-51.50322942 -53.93722346 -48.2961476  -59.86174002]
 [-53.6025174  -43.23078428 -46.48964075 -56.8523439 ]
 [-46.77299195 -59.41438381 -45.41771514 -53.195239  ]
 [-43.97665653 -49.50657181 -52.07090241 -58.54788756]
 [-43.95758839 -45.87141017 -53.00940431 -52.50583772]
 [-53.47860791 -57.57101337 -50.90776541 -57.52905598]
 [-48.06724696 -54.15295082 -53.9930227  -57.57755302]
 [-46.32189474 -52.43413559 -57.34368963 -47.18286757]
 [-41.33991054 -46.41251302 -47.03461952 -55.06172834]
 [-53.967494   -55.77245751 -50.72690583 -56.37367785]
 [-45.15786093 -43.30816819 -50.09209936 -49.05420411]
 [-41.55529756 -53.04209281 -54.88111379 -53.69383495]
 [-47.89684268 -51.74194457 -50.89300347 -59.89420958]
 [-53.25975616 -51.5050153  -49.3640196  -57.03036629]
 [-45.66589256 -45.28576293 -54.68690123 -59.23826735]
 [-44.63846346 -41.17999513 -55.12917633 -55.08480786]
 [-40.83499282 -48.03497485 -54.32715343 -42.76505667]
 [-48.42532582 -47.76386302 -55.84472091 -48.61017931]
 [-48.81113197 -40.08457507 -54.81789911 -49.40875349]
 [-43.76956371 -50.83486233 -46.408437   -47.41712113]
 [-40.39664104 -51.79766674 -48.83575145 -42.07774903]
 [-40.7010314  -40.76253186 -40.67137012 -41.2969584 ]
 [-54.87497533 -53.85458703 -57.18765458 -58.55725877]
 [-54.11149157 -53.5380371  -50.08997731 -56.90730274]
 [-54.59115365 -51.19269028 -59.42481442 -56.16295943]
 [-40.42104061 -45.96039547 -45.89739262 -50.13911113]
 [-40.71648516 -45.39874851 -58.0288565  -51.96863193]
 [-50.1666992  -51.6848788  -40.26212821 -56.31070541]
 [-40.16142787 -57.89006052 -55.68741966 -43.88844244]
 [-40.24827484 -42.90979599 -42.15677634 -43.45325018]
 [-55.52206435 -48.11749787 -57.24564198 -57.96351369]
 [-51.29991943 -55.55001561 -53.46066912 -59.08269858]
 [-46.52269944 -50.72978954 -45.69467818 -49.10248472]
 [-44.96204237 -44.24382712 -57.0925422  -59.49673835]
 [-42.98285429 -56.25109405 -43.77229185 -47.73634733]
 [-58.71054169 -56.77763492 -55.64601827 -59.60403598]
 [-47.49973477 -59.60300444 -41.51966114 -52.34487398]
 [-48.7465716  -53.87677635 -55.86419909 -55.55901614]
 [-49.25814099 -41.28036914 -55.49923835 -51.53585218]
 [-44.66364047 -44.48085282 -59.47253547 -57.58941402]
 [-45.85014407 -54.01803311 -52.43703145 -50.70210041]
 [-44.85711905 -43.58089414 -45.65232062 -49.76370167]
 [-50.1278732  -55.2732464  -49.58224557 -57.52003615]
 [-42.66544397 -54.91736951 -44.53534215 -54.85145808]
 [-46.57179936 -43.23142088 -42.21491274 -58.01719401]
 [-48.15816144 -49.92796925 -50.43485055 -58.85250868]
 [-51.39140039 -59.38355315 -55.7841579  -59.24765594]
 [-46.44245714 -52.91067961 -56.75503095 -53.77658993]
 [-51.16424655 -42.78255209 -49.03347084 -52.39288411]
 [-46.39915064 -41.47097873 -56.64556066 -53.39643651]
 [-46.90283107 -55.89131885 -43.39836301 -56.91167678]
 [-56.41202657 -56.21525346 -45.57198458 -59.61457834]
 [-42.22033311 -54.45141113 -51.89057416 -43.69263547]
 [-45.17700376 -56.89806451 -53.03335869 -48.06020287]
 [-49.7745564  -47.62361649 -46.49164136 -58.88490789]
 [-50.81585337 -58.75706452 -49.09812025 -59.56170919]
 [-55.94532799 -57.47812831 -52.81188639 -58.60245569]
 [-50.67105385 -40.80565125 -57.31950704 -55.74726715]
 [-49.10140151 -48.10390949 -49.44183282 -49.58631467]
 [-48.00893641 -40.88567743 -57.42650969 -56.50650185]
 [-42.4031258  -40.05528184 -49.73616942 -51.39033039]
 [-43.39125869 -41.62591864 -52.7410385  -46.75911634]
 [-41.30117481 -54.84931648 -50.37827929 -50.52311965]
 [-54.92861206 -42.55444242 -40.65529032 -56.9360107 ]
 [-49.90296697 -51.15897051 -40.65199777 -57.3635669 ]
 [-48.93305484 -47.2146153  -56.03450425 -55.3232682 ]
 [-46.07069687 -49.96500111 -50.22971419 -50.54583606]
 [-45.63376501 -42.77902583 -46.50164159 -51.14202042]
 [-52.99781429 -57.22791297 -52.01957699 -58.60285479]
 [-42.52202164 -54.31141771 -44.9097779  -43.92802812]
 [-41.84140745 -56.50846687 -50.13839962 -56.47352335]
 [-41.27634047 -44.35850269 -50.72449467 -52.77547409]
 [-48.53826592 -42.28929523 -56.83796675 -54.77014624]
 [-42.99000548 -52.142757   -50.39788998 -53.72312367]
 [-43.02039551 -43.17679499 -47.90578109 -54.04829416]
 [-46.88329175 -47.60150004 -53.32860333 -48.33925066]]
