[[-1.79053844e+05  1.84424700e-07]
 [-1.35198352e+05  2.86859840e-07]
 [-1.49664179e+05  5.85945103e-07]
 [-1.36382664e+05  4.66989454e-07]
 [-1.28548907e+05  5.67954726e-07]
 [-8.73550477e+04  3.34600167e-07]
 [-1.05147736e+05  2.29584808e-07]
 [-1.43264859e+05  2.39984855e-07]
 [-1.14414655e+05  4.07314665e-07]
 [-9.69791279e+04  4.07053448e-07]
 [-1.40720215e+05  2.16108903e-07]
 [-1.25999867e+05  2.41265102e-07]
 [-1.03492659e+05  2.70423188e-07]
 [-1.04556984e+05  3.31977947e-07]
 [-1.25812989e+05  2.35539602e-07]
 [-1.15502278e+05  3.41388104e-07]
 [-1.25984485e+05  6.43843887e-07]
 [-1.80416942e+05  1.89656223e-07]
 [-1.01587200e+05  4.24529056e-07]
 [-9.90913899e+04  2.87849995e-07]
 [-1.08026626e+05  1.95328096e-07]
 [-1.34976025e+05  5.21711597e-07]
 [-1.12904144e+05  6.10090891e-07]
 [-9.73380487e+04  2.70267534e-07]
 [-1.24603233e+05  4.80446140e-07]
 [-1.15621054e+05  5.44750005e-07]
 [-9.66169594e+04  4.24710968e-07]
 [-1.57327439e+05  5.48540463e-07]
 [-1.06390582e+05  4.01982624e-07]
 [-1.14974186e+05  5.20660496e-07]
 [-1.37050228e+05  3.11921409e-07]
 [-9.62156906e+04  3.76341446e-07]
 [-9.89246693e+04  5.66975141e-07]
 [-1.20812982e+05  3.34694025e-07]
 [-1.42746007e+05  5.17185030e-07]
 [-1.04703945e+05  3.24319603e-07]
 [-1.11899889e+05  4.38587776e-07]
 [-1.47288558e+05  2.21811575e-07]
 [-8.58021464e+04  5.11231929e-07]
 [-1.36406284e+05  1.92785761e-07]
 [-1.04761334e+05  2.60251440e-07]
 [-1.34740937e+05  2.73189306e-07]
 [-1.45340927e+05  3.35913984e-07]
 [-9.70841414e+04  3.27401806e-07]
 [-1.76742015e+05  2.87846071e-07]
 [-1.63448685e+05  4.35887984e-07]
 [-1.23194644e+05  4.34418131e-07]
 [-1.77802132e+05  2.51568186e-07]
 [-1.28546389e+05  2.30200835e-07]
 [-1.09659261e+05  5.24769309e-07]
 [-1.49859654e+05  3.42076473e-07]
 [-1.09607693e+05  5.66173719e-07]
 [-1.29250378e+05  2.59605194e-07]
 [-1.21116162e+05  2.51007805e-07]
 [-1.01288548e+05  4.02154044e-07]
 [-1.46658399e+05  3.23409363e-07]
 [-1.02428068e+05  3.17484939e-07]
 [-9.86952083e+04  4.29124590e-07]
 [-1.79362715e+05  2.95713856e-07]
 [-1.10815412e+05  4.40495330e-07]
 [-1.02250708e+05  2.97504044e-07]
 [-9.87098958e+04  2.43899416e-07]
 [-1.04286651e+05  5.15181883e-07]
 [-1.32578164e+05  1.94710474e-07]
 [-1.26721807e+05  2.05947547e-07]
 [-1.18361616e+05  4.19339797e-07]
 [-1.32351626e+05  4.22748439e-07]
 [-1.13864842e+05  2.29353874e-07]
 [-8.80242867e+04  2.90036703e-07]
 [-1.16237435e+05  1.96166442e-07]
 [-1.12061924e+05  2.72338841e-07]
 [-1.17237808e+05  3.76267044e-07]
 [-1.11323138e+05  3.85007196e-07]
 [-2.05139092e+05  1.94436672e-07]
 [-1.16168008e+05  3.53612037e-07]
 [-1.29335398e+05  2.09374141e-07]
 [-2.27511598e+05  4.74491037e-07]
 [-8.86508716e+04  4.64372473e-07]
 [-1.63608995e+05  3.25527203e-07]
 [-1.40935113e+05  3.84288288e-07]
 [-1.48870679e+05  4.40479279e-07]
 [-1.10976061e+05  2.65569106e-07]
 [-1.02184731e+05  2.80677585e-07]
 [-1.88030570e+05  2.89224277e-07]
 [-1.44224794e+05  2.42218866e-07]
 [-1.29292575e+05  2.46736195e-07]
 [-9.16623285e+04  3.83152223e-07]
 [-1.85192485e+05  2.98320162e-07]
 [-1.01027658e+05  3.56032923e-07]
 [-1.06721280e+05  2.47332348e-07]
 [-1.36665636e+05  2.78044950e-07]
 [-1.66476997e+05  3.19989984e-07]
 [-1.09202363e+05  2.26580119e-07]
 [-9.46179030e+04  2.37847036e-07]
 [-9.22894676e+04  3.20135763e-07]
 [-1.28144653e+05  2.59298794e-07]
 [-1.08901595e+05  2.69713717e-07]
 [-1.11485314e+05  4.63178173e-07]
 [-9.71156729e+04  4.47927752e-07]
 [-7.67593780e+04  7.90113749e-07]
 [-1.85572087e+05  2.00440972e-07]
 [-1.78598934e+05  3.06940070e-07]
 [-1.74511019e+05  1.86260433e-07]
 [-8.64942934e+04  4.52828153e-07]
 [-8.76998150e+04  2.16172663e-07]
 [-1.47805850e+05  5.97300590e-07]
 [-1.08311022e+05  2.89636067e-07]
 [-7.93368742e+04  6.74294546e-07]
 [-1.69310017e+05  2.01879444e-07]
 [-1.67811464e+05  2.43170339e-07]
 [-1.25259329e+05  4.68569219e-07]
 [-1.03750687e+05  1.98263510e-07]
 [-1.19054755e+05  5.48311116e-07]
 [-2.23026961e+05  2.13745088e-07]
 [-1.53327170e+05  5.85920286e-07]
 [-1.47383336e+05  2.26630740e-07]
 [-1.14402996e+05  2.49174481e-07]
 [-1.03045889e+05  1.81209963e-07]
 [-1.30568010e+05  3.00285146e-07]
 [-1.00107110e+05  4.63631399e-07]
 [-1.59097110e+05  3.13095170e-07]
 [-1.15244763e+05  4.53076501e-07]
 [-1.07028630e+05  5.02944063e-07]
 [-1.33048643e+05  2.90748109e-07]
 [-1.80475149e+05  2.13437280e-07]
 [-1.31786470e+05  2.23289212e-07]
 [-1.27279719e+05  3.55405284e-07]
 [-1.02628310e+05  2.26185198e-07]
 [-1.40806216e+05  4.71902924e-07]
 [-2.03144474e+05  3.89070042e-07]
 [-1.11638463e+05  3.59584054e-07]
 [-1.33546670e+05  3.06225320e-07]
 [-1.34770843e+05  3.70975695e-07]
 [-1.73909593e+05  3.11395510e-07]
 [-2.05210635e+05  2.54309883e-07]
 [-1.19862190e+05  2.09094771e-07]
 [-1.32142353e+05  3.66292964e-07]
 [-1.08300370e+05  2.05134359e-07]
 [-8.27656011e+04  3.47196775e-07]
 [-8.98574907e+04  3.20008687e-07]
 [-1.08360167e+05  3.39823920e-07]
 [-1.45017193e+05  5.73767387e-07]
 [-1.44910565e+05  5.69629230e-07]
 [-1.29844178e+05  2.25527582e-07]
 [-1.21548791e+05  3.42694069e-07]
 [-1.01705585e+05  4.26865798e-07]
 [-1.83910970e+05  2.66106126e-07]
 [-1.12310395e+05  5.51708485e-07]
 [-1.15079113e+05  3.08402442e-07]
 [-8.73985680e+04  3.18704916e-07]
 [-1.14301314e+05  2.18280325e-07]
 [-1.11426200e+05  3.19209476e-07]
 [-9.19114683e+04  3.69426738e-07]
 [-1.19753263e+05  2.99428787e-07]]
