[[-58.96548084 -42.73068486 -45.94801612 -54.23463487]
 [-55.75132917 -42.43914947 -56.17756793 -53.90791181]
 [-53.23137513 -41.85206234 -48.26429997 -40.70455129]
 [-50.15328852 -41.32114512 -53.59542279 -49.13268604]
 [-50.78473291 -47.76921558 -40.27642319 -45.26127067]
 [-51.64877765 -46.4128253  -59.74083714 -43.77079435]
 [-58.69147983 -50.84645325 -40.81421025 -50.38734967]
 [-52.54004465 -49.55898719 -59.45733129 -44.52930106]
 [-54.33177727 -42.56880139 -51.04320635 -44.59033833]
 [-46.56251434 -59.72182556 -58.67125172 -41.6085883 ]
 [-58.90273898 -40.07022656 -45.83164005 -40.64751775]
 [-44.48282823 -42.65944194 -44.26916116 -42.32099406]
 [-51.9893343  -46.32724369 -52.81388603 -47.28324379]
 [-51.52328684 -54.64325235 -58.95247488 -42.19717063]
 [-45.17174926 -49.24699009 -53.99335628 -42.31631295]
 [-49.04016789 -56.26062064 -50.3191851  -44.97624055]
 [-51.1725956  -44.4390511  -56.89113475 -49.54658663]
 [-46.44350071 -46.30499113 -59.89945567 -40.83139908]
 [-57.72093067 -47.75707015 -43.52502503 -41.7346287 ]
 [-57.43856263 -41.18249795 -47.35556798 -50.45971011]
 [-56.22827196 -49.14000668 -49.16405222 -51.78702417]
 [-57.35671102 -44.57710882 -48.62885254 -48.83925847]
 [-53.27750955 -59.83805218 -41.29643261 -51.73053912]
 [-47.37241259 -51.04881743 -58.97783921 -44.32073303]
 [-53.59728548 -45.31483767 -40.92094226 -45.20042304]
 [-50.25245157 -43.49616482 -46.16194619 -44.20595093]
 [-53.31801498 -56.43496664 -47.43491298 -47.61500294]
 [-55.82709782 -45.20189603 -43.79871745 -40.23734443]
 [-52.57956271 -58.96889855 -43.84939811 -46.77685526]
 [-58.41933884 -57.56107344 -49.41075583 -43.70498793]
 [-57.86338188 -57.47219175 -42.65970321 -56.80456373]
 [-58.89335105 -49.7341121  -47.06503388 -42.23167991]
 [-58.06771166 -42.16378575 -57.16679384 -42.91486178]
 [-49.85622752 -57.0337764  -47.79679981 -45.78812807]
 [-43.19422056 -43.42673785 -57.38352707 -40.91535045]
 [-58.67819996 -57.13618865 -50.15333913 -45.47189917]
 [-55.93025674 -47.08655233 -57.58225088 -43.56755625]
 [-53.02914721 -47.06775384 -59.65544569 -50.35734724]
 [-56.63899165 -41.71635346 -44.33220224 -56.41938034]
 [-49.51899766 -55.90390421 -40.30144636 -41.21735486]
 [-58.01477928 -50.73214999 -58.40791544 -45.74799965]
 [-51.27413977 -52.23937935 -45.44170257 -40.46845708]
 [-59.41780234 -51.19871483 -53.44545183 -53.65816992]
 [-59.92666547 -56.37909075 -51.15547405 -49.39326274]
 [-56.51513023 -42.86275645 -47.37672144 -43.47613734]
 [-52.66435527 -45.03408283 -41.53052968 -45.27045785]
 [-56.4067329  -42.99775143 -44.35773589 -46.88762113]
 [-55.73809623 -48.85432121 -44.16898659 -46.37007417]
 [-47.5558617  -44.17297231 -47.93628566 -44.14619879]
 [-59.17773931 -48.45540282 -48.23939769 -48.14847387]
 [-54.37558152 -46.50047939 -54.30818052 -40.90758058]
 [-58.48159954 -42.70966483 -52.51537764 -44.54260508]
 [-54.2823209  -40.97771709 -52.44312364 -41.29390276]
 [-55.310856   -47.66266454 -51.40607341 -46.1816266 ]
 [-56.51859953 -40.03441121 -56.8049625  -54.65501381]
 [-43.66691162 -46.45141729 -50.04029204 -43.34554892]
 [-58.06733406 -48.10619    -55.56470018 -44.48504396]
 [-57.72227624 -44.26326783 -52.7357489  -47.6276844 ]
 [-58.30576884 -48.3176697  -43.61199717 -43.77027185]
 [-46.11797056 -45.49842358 -40.81382057 -41.68529726]
 [-57.10347033 -55.80599026 -41.08710652 -42.37295347]
 [-57.92720437 -57.81608484 -48.81705167 -52.90575594]
 [-53.52371768 -40.06185072 -56.78032152 -43.24848606]
 [-48.84591919 -43.3708967  -58.8287566  -48.58691509]
 [-54.73885685 -43.49624479 -47.92244677 -49.83272222]
 [-52.44747158 -54.30960579 -44.48142139 -48.84926433]
 [-54.08621572 -58.05221602 -49.17679263 -46.01147612]
 [-57.67259355 -59.43791446 -41.41807506 -43.6196367 ]
 [-56.60433249 -54.23364513 -47.12470001 -51.57978436]
 [-45.21266174 -42.76560079 -43.11300397 -41.50087854]
 [-57.39196887 -58.57446359 -57.60473612 -48.68631575]
 [-56.13826228 -42.06810027 -54.62476003 -47.99114738]
 [-57.55421209 -54.02864785 -56.03418452 -43.95714496]
 [-50.9758494  -41.75363861 -54.76136152 -50.23066533]
 [-53.1948803  -49.28788114 -54.36929871 -41.38864647]
 [-49.61792029 -46.87253421 -45.6107881  -41.16837011]
 [-59.88510948 -44.31037278 -41.11829384 -57.85593351]
 [-59.2492684  -54.28543148 -57.47762745 -57.99384557]
 [-59.27515769 -47.57617608 -43.74208956 -52.6086822 ]
 [-55.54419148 -48.63950483 -57.00796762 -52.42764455]
 [-57.80587402 -47.23352271 -45.51994021 -47.64080266]
 [-50.50080916 -51.8228615  -44.52894764 -43.24327867]
 [-54.64594942 -51.94012685 -50.45788569 -52.77396121]
 [-45.67219619 -48.06580788 -42.39536809 -43.68239171]
 [-54.4894146  -57.74250848 -47.99674781 -41.30168145]
 [-58.00950996 -51.90202838 -44.11671878 -41.04170931]
 [-55.36327839 -59.18647267 -47.67811763 -47.72001   ]
 [-58.99377886 -40.55046725 -57.89369568 -50.75289999]
 [-45.15116104 -57.39233559 -56.97471899 -44.45826594]
 [-51.6986312  -57.7186208  -49.00900016 -46.17892484]
 [-56.94250241 -41.11774835 -40.11330847 -54.03999233]
 [-44.90746741 -41.27913185 -45.23468325 -43.32855977]
 [-55.42917789 -59.52469595 -45.83261562 -50.70863013]
 [-59.10776299 -40.61142253 -50.93747426 -54.62349015]
 [-52.24682385 -48.76747012 -45.42524511 -44.49348462]
 [-52.78018234 -57.76967473 -40.54097255 -46.48329592]
 [-57.8926217  -43.93073961 -48.8877261  -54.14521846]
 [-55.96948691 -44.97512951 -53.8709626  -42.25164501]
 [-52.17957726 -42.2751138  -42.24700859 -50.75741395]
 [-59.9639078  -50.063315   -54.49567648 -45.56622972]
 [-49.13243167 -54.70058032 -58.83850267 -46.71882335]
 [-56.19296892 -44.40904753 -58.09035146 -52.52294672]
 [-54.64705449 -45.72625228 -42.08591057 -47.9370418 ]
 [-59.4715887  -42.89978547 -49.14387392 -49.45989393]
 [-59.96986617 -53.39539369 -41.38423288 -57.8779568 ]
 [-46.45577503 -41.58525318 -56.43150602 -41.27486443]
 [-54.50886642 -44.54129414 -55.41338378 -41.61191497]
 [-55.91846952 -44.50184839 -53.11284134 -53.16457763]
 [-55.47341754 -56.36735339 -52.00655248 -43.4891968 ]
 [-58.26508027 -46.86026489 -45.09047896 -48.6388684 ]
 [-59.1460806  -40.38360719 -53.57364435 -40.35824778]
 [-46.46180176 -49.15866266 -42.67363262 -45.17617045]
 [-46.9715221  -55.42430878 -53.44679351 -45.28708321]
 [-53.65718916 -59.28270153 -53.63402029 -52.12640926]
 [-56.95665887 -56.6983879  -42.64207015 -53.03945217]
 [-49.79286333 -58.80592697 -46.33937669 -40.08343611]
 [-47.75321099 -53.07996506 -59.58945784 -47.56713498]
 [-47.04501883 -41.23031669 -53.09198862 -43.00700951]
 [-55.27887055 -57.21287906 -48.69813979 -52.97922909]
 [-52.39200233 -53.19564749 -48.06627931 -42.35696549]
 [-43.08484935 -43.37226357 -56.65195728 -40.56638348]
 [-48.40905854 -41.41307507 -58.90846401 -43.59245206]
 [-58.71786793 -43.16891312 -42.93079929 -48.99282373]
 [-47.82619246 -56.89190943 -45.93373011 -44.51528061]
 [-58.0261335  -42.18682954 -58.79066403 -56.98091691]
 [-54.37972892 -47.08919822 -57.37835688 -42.82898371]
 [-52.36675812 -57.78964678 -41.89954196 -50.21017249]
 [-57.99462048 -56.51440458 -57.17529264 -55.77989453]
 [-55.90405553 -52.36525166 -52.71322226 -51.51648871]
 [-53.13851981 -56.32927416 -40.98500395 -42.91532573]
 [-50.85560159 -57.20948166 -54.02417667 -48.54412345]
 [-43.13658534 -40.65870473 -46.9500858  -42.10289199]
 [-55.43902355 -47.5659301  -40.55640031 -44.06983361]
 [-50.04602005 -51.01811982 -56.03780201 -40.75709486]
 [-56.15989396 -49.80782312 -41.43865057 -46.14774043]
 [-48.5629006  -57.05343708 -45.75548583 -48.26001638]
 [-55.30783011 -47.18342192 -51.18456449 -54.91951364]
 [-46.04590263 -43.33947128 -42.77456622 -40.0081308 ]
 [-54.78055216 -48.57847386 -58.55709412 -53.25877355]
 [-50.32795146 -45.84677831 -44.70004117 -46.60611882]
 [-52.64354713 -48.77417256 -55.21642356 -40.63555643]
 [-58.24174377 -59.86802693 -48.0569733  -45.24237773]
 [-55.96294507 -50.96584354 -43.65273103 -52.02917719]
 [-51.37529869 -47.64997398 -58.22516329 -40.31647413]
 [-58.88427192 -49.54112233 -49.389613   -51.78476841]
 [-48.84192368 -51.0963401  -40.66738219 -41.0910757 ]]
