[[-43.61437373 -56.37025019 -63.25689938 -79.60021733]
 [-54.68687349 -44.34261084 -73.29862214 -67.12301479]
 [-52.13069857 -46.74616125 -45.43139886 -65.56208118]
 [-61.16173244 -70.73375126 -46.33447192 -67.28667192]
 [-55.09315649 -58.70768242 -79.2323116  -61.07691739]
 [-42.36681595 -77.44640323 -46.80878173 -46.51757598]
 [-51.99523636 -66.43919665 -77.0601345  -63.70810767]
 [-63.77725562 -73.21635417 -68.54003594 -79.74478605]
 [-56.58461829 -49.63244363 -49.52770396 -65.5080357 ]
 [-67.36816623 -45.82598325 -56.06442549 -77.71950512]
 [-44.89840318 -67.27987039 -62.62859641 -77.28758636]
 [-57.18939985 -68.24547161 -73.05347804 -59.9480264 ]
 [-68.21588413 -46.13784471 -53.00340094 -79.08494188]
 [-45.35337347 -70.16649138 -55.61266226 -69.97451914]
 [-60.89541871 -51.87396598 -67.58662201 -78.61250801]
 [-51.27810096 -46.77544331 -44.84623978 -73.73547566]
 [-51.4577367  -50.92046586 -70.54555136 -72.13947673]
 [-52.78239655 -61.92726772 -71.22852324 -60.73427117]
 [-48.10282325 -75.17123205 -42.4800919  -52.94876543]
 [-72.00348126 -76.03154093 -47.81803895 -73.72197515]
 [-60.23104907 -65.77586639 -79.35826147 -77.65000624]
 [-56.85077634 -76.68845463 -73.85245563 -75.05348836]
 [-66.37171158 -71.6255226  -65.03342181 -79.74700149]
 [-70.35491681 -47.08303311 -66.71098176 -79.75078741]
 [-64.49937469 -52.00379211 -59.51644147 -67.77129202]
 [-41.99878045 -62.80690917 -77.63588737 -44.05147035]
 [-43.78455396 -60.44897985 -53.16248878 -69.11150907]
 [-55.04087034 -51.59217687 -78.29578026 -68.77015502]
 [-55.69021061 -57.60529142 -65.00333692 -76.18646118]
 [-69.67341862 -67.43432859 -45.1204459  -71.09119344]
 [-58.16918065 -50.4154028  -47.26019379 -75.36781342]
 [-55.02479444 -72.94336865 -66.09210218 -76.68802408]
 [-53.7113249  -74.23135308 -78.49249103 -65.44017882]
 [-40.154228   -67.50924989 -40.45470849 -42.17062459]
 [-56.89106711 -51.25363678 -57.57773229 -57.78533234]
 [-43.47456953 -72.68239798 -63.35570119 -74.45602309]
 [-49.98152918 -55.58779429 -69.30964641 -76.64205416]
 [-62.80187283 -79.68075926 -59.43926453 -69.53796312]
 [-64.58565987 -67.16818294 -48.19294072 -71.83863647]
 [-64.56385377 -52.21144077 -46.90412978 -65.09098834]
 [-67.70115709 -70.72363848 -56.81358458 -77.57303065]
 [-40.12677729 -52.38011681 -46.44915298 -64.02141275]
 [-42.27129811 -48.40934249 -51.78892312 -46.02776026]
 [-51.24384441 -60.88699329 -76.07670942 -61.89842889]
 [-42.36139798 -65.43716095 -79.69166964 -58.94651275]
 [-57.31973288 -41.44851943 -79.30802739 -74.49131212]
 [-60.95687678 -65.72221351 -53.36010251 -61.7590814 ]
 [-61.1264757  -41.04910077 -62.81834424 -70.75355767]
 [-65.2516764  -62.49967915 -68.55781027 -66.46818601]
 [-40.41081263 -76.43702928 -48.06980122 -72.77528571]
 [-48.34198115 -76.10019702 -59.96152469 -61.11134925]
 [-40.98616941 -44.6911228  -68.9058987  -44.49318956]
 [-47.82191433 -41.31482842 -76.80659323 -62.77325443]
 [-60.75125952 -45.86679002 -65.17876507 -65.66616722]
 [-42.97194637 -66.69979879 -47.17131495 -68.64018967]
 [-74.13634435 -60.74653211 -76.8062549  -76.11390697]
 [-47.16085023 -54.60052052 -77.21027977 -61.26615964]
 [-52.82429104 -78.96649024 -74.31460889 -68.15249632]
 [-51.19591802 -78.66801669 -58.33991147 -59.91188889]
 [-46.52979866 -61.86615127 -72.29653668 -55.78604987]
 [-41.4807016  -74.27480901 -44.60587244 -57.80934064]
 [-52.92191037 -48.26549961 -43.15550458 -59.77730744]
 [-42.84130889 -61.08376471 -70.0727415  -49.4673379 ]
 [-58.02085875 -50.69555558 -77.72195379 -76.61386942]
 [-64.76860202 -70.12196212 -50.69137294 -73.74284869]
 [-60.56640478 -49.11990933 -59.96259957 -63.51758289]
 [-60.14153954 -53.02169948 -63.14509946 -78.67086022]
 [-41.13893664 -77.19437929 -56.87178379 -58.50205681]
 [-54.47358883 -42.69218124 -60.17257708 -75.12714802]
 [-53.3782197  -61.04066252 -46.69648472 -55.06118279]
 [-46.93797446 -52.67690044 -73.50742987 -59.42464458]
 [-48.56208109 -51.1702916  -50.48372155 -70.39074188]
 [-40.99033394 -43.10627853 -60.23957631 -74.80720412]
 [-63.0646687  -68.99265503 -72.45230713 -72.09957902]
 [-40.63843603 -79.61468477 -40.87065783 -50.74941305]
 [-43.58460084 -40.97295407 -66.25240331 -74.04276211]
 [-58.13380801 -55.01958907 -48.76604115 -69.08106846]
 [-46.17955599 -61.03168037 -41.04464907 -49.18562117]
 [-43.96082971 -51.80032249 -77.09566069 -48.78705922]
 [-49.19344252 -66.11559074 -56.9244944  -78.16937168]
 [-43.22840742 -53.44912107 -47.5325845  -54.5364788 ]
 [-42.05972818 -69.6512633  -75.57418061 -47.88039894]
 [-56.11259409 -44.78286169 -47.44751443 -67.02427181]
 [-41.14740799 -51.941725   -78.95977041 -48.19722418]
 [-62.0950164  -79.89263037 -41.80716561 -75.08936283]
 [-50.65954324 -40.46224708 -63.9442249  -64.51926184]
 [-47.0621247  -52.7320295  -79.46731522 -58.39586654]
 [-61.94429445 -78.81382258 -67.99274855 -72.25391301]
 [-45.91256767 -75.29243452 -61.52655613 -75.68452908]
 [-43.89333336 -42.41323257 -55.83774396 -50.81000848]
 [-50.49133254 -72.48361627 -64.26178185 -75.73502037]
 [-44.24074112 -48.51405146 -54.47344196 -67.16174474]
 [-60.36608675 -66.98454436 -59.17480907 -63.13973389]
 [-70.82504898 -59.68124375 -62.87838937 -71.68074862]
 [-42.95888283 -63.44984046 -76.02026313 -62.27771392]
 [-42.10261754 -57.73103321 -51.22510044 -51.32515923]
 [-60.30040906 -43.92753712 -53.3502719  -72.08758088]
 [-58.19740678 -61.58145555 -45.65482393 -65.27725314]
 [-46.9544677  -45.0694497  -66.6251941  -52.18995808]
 [-56.6173629  -56.97470787 -49.65435157 -57.0366128 ]
 [-56.43454636 -61.00822485 -62.44026357 -71.87888167]
 [-49.44391405 -78.12149694 -60.77149663 -60.16876461]
 [-47.2246198  -58.6526246  -67.6370996  -49.19709233]
 [-58.77501599 -50.00397057 -72.57488653 -70.03480251]
 [-40.04164321 -67.47307346 -40.58221205 -57.94034172]
 [-44.88151097 -68.3957434  -50.54449829 -76.24775929]
 [-44.73070855 -59.59264174 -69.1883171  -50.57995223]
 [-42.17288907 -58.32103708 -68.59581475 -65.29410682]
 [-55.24306149 -43.06182167 -73.25548369 -75.15509911]
 [-63.09847442 -51.09731714 -56.83602041 -66.85651438]
 [-47.89629906 -43.39738851 -70.57356008 -65.59185706]
 [-60.10862095 -52.16360146 -62.80763016 -65.92384298]
 [-67.58821751 -44.98075387 -76.31239863 -76.81855402]
 [-50.11615494 -73.94238006 -74.6855116  -55.95554713]
 [-40.74665693 -57.54881268 -50.29340664 -64.0148737 ]
 [-68.33918517 -51.52697205 -67.09743538 -78.63851767]
 [-75.24999439 -56.1868537  -44.21657292 -78.84296395]
 [-73.59344992 -73.6112544  -61.10803346 -79.93669955]
 [-44.25512243 -53.8227346  -64.97171609 -66.14089954]
 [-56.08047438 -71.90326916 -66.9088388  -61.53215021]
 [-66.76693947 -52.39025764 -51.49858416 -75.69808704]
 [-43.13893499 -69.68228638 -76.96056956 -63.84132824]
 [-59.20985245 -62.4510232  -44.71052346 -69.79783075]
 [-58.30206817 -74.2980544  -42.32546652 -71.80659915]
 [-48.38173435 -40.82917308 -61.00210206 -50.34641909]
 [-43.75582144 -72.55960454 -68.16672196 -50.98876298]
 [-63.65146696 -56.561843   -44.76793618 -70.09352059]
 [-41.44225562 -73.72639114 -69.08293167 -47.68233367]
 [-50.088154   -41.44623538 -56.13176914 -76.05004255]
 [-44.50185855 -42.67067821 -74.23804245 -54.96598279]
 [-46.83535503 -48.65203584 -54.55805573 -51.00297724]
 [-58.5004635  -69.16198796 -69.57935607 -59.89597723]
 [-44.60156675 -60.48039542 -52.22172623 -50.05153313]
 [-49.64396027 -51.44327102 -61.93504403 -60.51006699]
 [-77.3742687  -58.91703795 -78.91164794 -78.54084627]
 [-53.0700883  -61.18099658 -53.97540577 -78.07944079]
 [-50.48938889 -47.5997153  -61.1848345  -73.21253255]
 [-54.15783604 -49.66979015 -52.01760422 -61.94272176]
 [-65.44193495 -49.03226028 -79.2698316  -77.97333695]
 [-50.96012015 -77.89419687 -75.84508606 -77.63472481]
 [-40.17996785 -55.22589256 -59.69335464 -65.12652705]
 [-44.06182564 -66.66923764 -73.12872743 -64.13539981]
 [-43.63557431 -59.59792878 -63.57979957 -47.10405627]
 [-41.45544283 -59.97157215 -58.95865102 -70.2627279 ]
 [-50.93188861 -73.62165588 -67.84703864 -62.41312846]
 [-44.44459174 -77.27002939 -64.78372461 -52.50149352]
 [-47.55903457 -68.56481592 -62.11173697 -69.99733067]
 [-49.04033433 -46.27323773 -73.51401879 -78.40425903]
 [-44.49903925 -73.33798407 -49.74275944 -50.88254025]
 [-44.46532363 -44.22244381 -47.44914034 -67.5832258 ]]
