[[-1.28720172e+05  1.08952234e-07]
 [-1.53681531e+05  8.30453284e-08]
 [-1.45032457e+05  3.57069730e-07]
 [-3.00813468e+05  3.27968696e-07]
 [-2.07260122e+05  7.22586768e-08]
 [-1.60214568e+05  4.60124125e-07]
 [-2.10812111e+05  7.52991546e-08]
 [-3.44565303e+05  8.54946253e-08]
 [-1.81115905e+05  2.75825829e-07]
 [-2.36429082e+05  1.60280962e-07]
 [-1.62236177e+05  1.15623554e-07]
 [-2.58006531e+05  9.39239854e-08]
 [-2.43660321e+05  1.86409947e-07]
 [-1.69955394e+05  1.82395078e-07]
 [-2.22185122e+05  9.04482606e-08]
 [-1.41086215e+05  3.30080223e-07]
 [-1.57990032e+05  8.66746726e-08]
 [-2.00568481e+05  1.00018065e-07]
 [-1.98769789e+05  5.40831418e-07]
 [-4.45981307e+05  2.72333989e-07]
 [-2.78955834e+05  5.65660905e-08]
 [-2.90528129e+05  7.26119986e-08]
 [-3.62941763e+05  1.00080603e-07]
 [-2.65923022e+05  9.27143842e-08]
 [-2.46372733e+05  1.53644656e-07]
 [-1.30415691e+05  1.06494241e-07]
 [-1.36230838e+05  2.11401374e-07]
 [-1.82402400e+05  6.65057233e-08]
 [-2.07753544e+05  1.04903345e-07]
 [-3.69875291e+05  3.36153889e-07]
 [-1.94690803e+05  2.75931756e-07]
 [-2.58351164e+05  9.91511713e-08]
 [-2.51458581e+05  6.93657810e-08]
 [-1.24638774e+05  7.86243073e-07]
 [-1.89220393e+05  1.99018208e-07]
 [-1.65074469e+05  1.15935690e-07]
 [-1.64035833e+05  8.60252430e-08]
 [-3.60234571e+05  1.50325220e-07]
 [-3.18372519e+05  2.73001938e-07]
 [-2.46044880e+05  3.26828544e-07]
 [-3.70127753e+05  1.54314509e-07]
 [-9.86624627e+04  3.42149133e-07]
 [-9.95044526e+04  3.43355185e-07]
 [-1.87248959e+05  8.05451342e-08]
 [-1.41346644e+05  7.35829506e-08]
 [-1.58242277e+05  5.90768086e-08]
 [-2.77977901e+05  2.33950135e-07]
 [-1.75221863e+05  1.25160231e-07]
 [-3.04607073e+05  1.02491879e-07]
 [-1.48402931e+05  2.71564625e-07]
 [-2.07411688e+05  1.66622720e-07]
 [-8.74630858e+04  1.50803475e-07]
 [-1.10713684e+05  7.71798521e-08]
 [-1.93568494e+05  1.20729678e-07]
 [-1.44273081e+05  3.04692434e-07]
 [-3.81982552e+05  6.36532102e-08]
 [-1.43395254e+05  7.78445222e-08]
 [-2.59251236e+05  7.84819412e-08]
 [-2.38655182e+05  1.84528642e-07]
 [-1.57254287e+05  1.04134828e-07]
 [-1.48660456e+05  4.27858303e-07]
 [-1.53585815e+05  4.56908406e-07]
 [-1.31702897e+05  1.28975799e-07]
 [-1.99044962e+05  6.10289037e-08]
 [-3.35054156e+05  2.28534632e-07]
 [-2.05488539e+05  1.60301938e-07]
 [-2.21186990e+05  1.10825893e-07]
 [-1.54439879e+05  2.03991658e-07]
 [-1.46188757e+05  1.34116236e-07]
 [-1.97949094e+05  3.91539870e-07]
 [-1.36336630e+05  9.30066039e-08]
 [-1.39664141e+05  2.42384288e-07]
 [-8.63216358e+04  1.34240928e-07]
 [-3.16946673e+05  8.00543078e-08]
 [-1.51797318e+05  6.33589814e-07]
 [-9.23485532e+04  1.01949845e-07]
 [-2.12058938e+05  2.74007560e-07]
 [-1.48349478e+05  6.45455481e-07]
 [-1.17429294e+05  9.81928012e-08]
 [-1.87909699e+05  1.52243909e-07]
 [-1.15258406e+05  3.74811332e-07]
 [-1.45804489e+05  1.06217480e-07]
 [-1.60478588e+05  3.06620784e-07]
 [-1.04098253e+05  9.25197470e-08]
 [-3.50256925e+05  4.00076922e-07]
 [-1.19967502e+05  1.30130986e-07]
 [-1.37669828e+05  7.49076831e-08]
 [-3.49401049e+05  9.66551345e-08]
 [-1.89063956e+05  1.24531483e-07]
 [-9.41489212e+04  2.48165404e-07]
 [-2.17830681e+05  1.09224246e-07]
 [-1.10971293e+05  2.02207692e-07]
 [-2.79179392e+05  1.67787943e-07]
 [-3.40625106e+05  1.23187697e-07]
 [-1.40618676e+05  8.02330545e-08]
 [-1.18582805e+05  3.18196452e-07]
 [-1.81988991e+05  2.00541256e-07]
 [-2.37234372e+05  3.53388332e-07]
 [-1.14967680e+05  1.42223605e-07]
 [-2.07612927e+05  3.14375305e-07]
 [-2.24798168e+05  1.25452292e-07]
 [-2.22261598e+05  1.62556075e-07]
 [-1.51649972e+05  1.44204805e-07]
 [-1.99630447e+05  8.19975902e-08]
 [-1.25558588e+05  5.66873160e-07]
 [-1.62284764e+05  2.22959170e-07]
 [-1.39396341e+05  1.31038037e-07]
 [-1.24138585e+05  1.04161506e-07]
 [-1.52874072e+05  7.43010962e-08]
 [-2.31523732e+05  1.78837825e-07]
 [-1.16527432e+05  9.52134034e-08]
 [-2.15806356e+05  1.34398480e-07]
 [-2.35732899e+05  6.43017293e-08]
 [-2.17213844e+05  9.41720157e-08]
 [-1.12297860e+05  2.69562850e-07]
 [-2.75367539e+05  9.24104347e-08]
 [-3.58551772e+05  3.22074184e-07]
 [-4.54432882e+05  1.20346360e-07]
 [-1.24683493e+05  1.21012709e-07]
 [-2.61284976e+05  1.19102677e-07]
 [-2.65201286e+05  2.12326070e-07]
 [-1.56416932e+05  7.54340388e-08]
 [-2.49140825e+05  3.51886743e-07]
 [-2.87809893e+05  4.03185100e-07]
 [-1.09544223e+05  1.92075117e-07]
 [-1.63259157e+05  1.35919694e-07]
 [-2.59581669e+05  3.49055913e-07]
 [-1.49345978e+05  1.39638223e-07]
 [-1.20505873e+05  1.63210630e-07]
 [-9.89827725e+04  9.76114045e-08]
 [-1.22534358e+05  2.65034195e-07]
 [-2.72537480e+05  1.08801585e-07]
 [-1.38756532e+05  3.07966188e-07]
 [-1.46809653e+05  1.52699322e-07]
 [-4.03050003e+05  5.68794225e-08]
 [-1.99921175e+05  1.78792646e-07]
 [-1.41286721e+05  1.30905319e-07]
 [-1.66469092e+05  2.51786692e-07]
 [-2.42393041e+05  5.65202620e-08]
 [-2.41567521e+05  6.48090612e-08]
 [-1.06204717e+05  1.58466774e-07]
 [-1.54872149e+05  8.75209936e-08]
 [-1.31930425e+05  1.81325266e-07]
 [-1.23018387e+05  1.52442644e-07]
 [-2.23122544e+05  1.12617389e-07]
 [-1.78968501e+05  1.53781714e-07]
 [-1.82736085e+05  1.30879489e-07]
 [-1.31886954e+05  7.04731923e-08]
 [-1.67652873e+05  3.50522329e-07]
 [-1.01253038e+05  3.04053587e-07]]
