[[-3.21305342e+05  1.78521879e-07]
 [-3.71893186e+05  3.28420097e-07]
 [-2.79810534e+05  1.99762614e-07]
 [-1.82445705e+05  2.03883205e-07]
 [-2.78492502e+05  1.05856813e-07]
 [-1.26249351e+05  6.73469090e-07]
 [-4.00449972e+05  9.17414314e-08]
 [-4.90093669e+05  1.82691451e-07]
 [-2.70863098e+05  2.56536202e-07]
 [-3.35300874e+05  1.45657515e-07]
 [-3.78346862e+05  1.37592679e-07]
 [-4.40620648e+05  1.44186357e-07]
 [-2.04627186e+05  3.53574977e-07]
 [-3.53404541e+05  5.61274186e-07]
 [-2.23413761e+05  4.75824994e-07]
 [-5.37093163e+05  1.74029999e-07]
 [-1.85744720e+05  2.20944225e-07]
 [-3.35906457e+05  1.12661442e-07]
 [-3.61305912e+05  1.29377149e-07]
 [-1.95705334e+05  1.59764650e-07]
 [-3.18123130e+05  4.51441809e-07]
 [-1.89561911e+05  3.48785616e-07]
 [-1.67917622e+05  8.52987337e-08]
 [-2.52597115e+05  5.94339555e-07]
 [-1.71077684e+05  4.16381965e-07]
 [-3.54382729e+05  7.16770926e-08]
 [-4.25482593e+05  4.14817298e-07]
 [-2.45609134e+05  7.19902335e-08]
 [-3.23741964e+05  2.48388046e-07]
 [-4.02903545e+05  3.11589654e-07]
 [-2.16471095e+05  9.77032622e-08]
 [-3.94862788e+05  1.18191172e-07]
 [-2.45438201e+05  2.44968226e-07]
 [-2.63472695e+05  1.68054394e-07]
 [-2.93625774e+05  1.39273232e-07]
 [-2.00693996e+05  1.51177203e-07]
 [-4.53936530e+05  1.59348192e-07]
 [-2.27503352e+05  4.92893301e-07]
 [-3.12590015e+05  5.29923913e-07]
 [-1.55944992e+05  2.02501115e-07]
 [-1.53658973e+05  5.44673702e-07]
 [-1.92581150e+05  3.22534186e-07]
 [-4.66519150e+05  4.58000726e-07]
 [-1.40199782e+05  4.31736779e-07]
 [-2.99449485e+05  1.82878212e-07]
 [-3.72647606e+05  1.70590560e-07]
 [-2.92721518e+05  1.20301176e-07]
 [-2.19000226e+05  2.13299229e-07]
 [-3.57437528e+05  2.33456111e-07]
 [-3.09481238e+05  5.87594106e-07]
 [-2.51915901e+05  1.15131194e-07]
 [-2.77582489e+05  1.76080089e-07]
 [-2.28600472e+05  1.84009425e-07]
 [-2.15095529e+05  1.48977177e-07]
 [-3.38668135e+05  4.53622358e-07]
 [-2.03440196e+05  1.64376761e-07]
 [-1.37032930e+05  2.39765066e-07]
 [-3.17380900e+05  1.09430605e-07]
 [-4.42145979e+05  1.53273093e-07]
 [-2.19317506e+05  1.76623341e-07]
 [-2.87709707e+05  1.38072084e-07]
 [-4.13775783e+05  2.66283495e-07]
 [-1.59363529e+05  1.33309080e-07]
 [-3.19348438e+05  7.89268382e-07]
 [-2.48503949e+05  3.98814471e-07]
 [-4.14810114e+05  1.09918615e-07]
 [-4.58208511e+05  2.07944528e-07]
 [-3.48741666e+05  3.49822765e-07]
 [-3.22539946e+05  2.19127419e-07]
 [-4.04387678e+05  3.28034478e-07]
 [-3.66725539e+05  2.90752753e-07]
 [-3.07361071e+05  1.67603499e-07]
 [-3.82178627e+05  1.24504685e-07]
 [-2.31085680e+05  2.07362457e-07]
 [-3.25675394e+05  1.01557496e-07]
 [-2.63094530e+05  6.65488003e-08]
 [-1.21890318e+05  3.54863073e-07]
 [-2.86311963e+05  1.77207579e-07]
 [-2.94951934e+05  4.08886673e-07]
 [-2.22196521e+05  3.55968410e-07]
 [-2.08002196e+05  5.01855071e-07]
 [-2.51042540e+05  1.99206474e-07]
 [-2.87726113e+05  2.87847561e-07]
 [-4.36571262e+05  2.76656398e-07]
 [-4.07053595e+05  2.27638174e-07]
 [-3.58639070e+05  3.67724757e-07]
 [-1.23675576e+05  2.03687584e-07]
 [-2.95961099e+05  2.30828429e-07]
 [-5.27734009e+05  4.28443033e-07]
 [-2.62808103e+05  1.18801786e-07]
 [-3.10519724e+05  1.01086924e-07]
 [-1.93022130e+05  6.04295768e-07]
 [-1.99974231e+05  2.38114143e-07]
 [-2.65104647e+05  8.38564236e-08]
 [-3.75899289e+05  1.03292498e-07]
 [-3.37397686e+05  5.43293816e-07]
 [-3.61635431e+05  2.30544601e-07]
 [-3.26246574e+05  2.75611159e-07]
 [-2.29804103e+05  1.53189527e-07]
 [-2.17523170e+05  1.46138947e-07]
 [-1.78341915e+05  1.14600585e-07]
 [-3.72290033e+05  3.18414252e-07]
 [-2.25253618e+05  4.36466804e-07]
 [-3.03796558e+05  1.05120606e-07]
 [-3.52866920e+05  8.67875696e-08]
 [-3.05390272e+05  2.55642888e-07]
 [-2.66704060e+05  5.95211789e-07]
 [-1.75384878e+05  2.23875017e-07]
 [-3.14242882e+05  1.98808636e-07]
 [-3.82802259e+05  1.22770235e-07]
 [-2.90977195e+05  4.45318522e-07]
 [-3.95371139e+05  1.54358101e-07]
 [-4.24406599e+05  3.39146936e-07]
 [-3.76446451e+05  2.53431519e-07]
 [-2.22668028e+05  1.85157967e-07]
 [-2.59586004e+05  3.04495230e-07]
 [-1.96681173e+05  1.22774968e-07]
 [-3.17470885e+05  9.46226495e-08]
 [-2.87048117e+05  1.67881994e-07]
 [-2.94863339e+05  8.36998383e-08]
 [-2.06594036e+05  1.45917743e-07]
 [-3.19023113e+05  2.82668874e-07]
 [-4.52716649e+05  4.68221719e-07]
 [-2.48110894e+05  1.66754102e-07]
 [-2.89656713e+05  5.74188972e-07]
 [-1.75493691e+05  2.62995417e-07]
 [-4.81825080e+05  2.19884695e-07]
 [-3.03240492e+05  1.55913092e-07]
 [-2.02370370e+05  1.35504010e-07]
 [-4.94267823e+05  1.04644262e-07]
 [-3.08140930e+05  1.49194975e-07]
 [-3.44894820e+05  1.37673033e-07]
 [-2.96345617e+05  1.08395561e-07]
 [-2.02706020e+05  1.22949179e-07]
 [-2.45200961e+05  5.65780154e-07]
 [-2.73000857e+05  2.97685000e-07]
 [-5.25592651e+05  3.89188448e-07]
 [-1.71885768e+05  8.93000165e-08]
 [-3.74566812e+05  1.41419052e-07]
 [-1.42764480e+05  5.55808360e-07]
 [-3.27016797e+05  1.02803479e-07]
 [-2.59046408e+05  1.70205620e-07]
 [-2.76006914e+05  2.04994240e-07]
 [-4.70897025e+05  1.36399813e-07]
 [-4.37753163e+05  1.03673103e-07]
 [-2.93182463e+05  1.46457269e-07]
 [-1.79529461e+05  1.56373358e-07]
 [-1.03348708e+05  1.10456223e-07]
 [-2.76366931e+05  4.22614701e-07]
 [-3.89208174e+05  3.82789793e-07]]
