[[-67.13575802 -62.79345282 -57.77828966 -63.75123466]
 [-71.73711675 -64.08818975 -46.19743574 -67.79392185]
 [-71.69456181 -48.34183959 -58.47632425 -54.95657832]
 [-51.39117509 -60.35310516 -61.44510978 -46.41204126]
 [-65.20507347 -57.4594116  -70.95722721 -58.0450743 ]
 [-47.76283867 -48.81177264 -41.07441266 -47.03729517]
 [-73.7361468  -65.11691072 -79.39002156 -47.82013773]
 [-79.84279999 -68.06734184 -53.9532513  -76.50732298]
 [-75.99030398 -41.94939398 -59.40528548 -40.81785434]
 [-65.88035378 -68.31162564 -71.19951054 -41.75516209]
 [-64.64376818 -79.45106977 -65.893073   -55.76471436]
 [-70.52449012 -78.49139394 -71.07967829 -42.39489503]
 [-58.20927238 -53.48740431 -51.66944242 -45.00815882]
 [-75.76667752 -55.0636689  -42.85066113 -49.70801778]
 [-58.62024218 -57.61350303 -45.36271837 -49.42305963]
 [-78.74595665 -76.57187124 -54.98710168 -75.86954649]
 [-56.99866023 -50.25704041 -56.80710019 -54.19803955]
 [-63.20058836 -74.00664479 -77.5733911  -41.74076998]
 [-78.80559738 -51.61666576 -65.37657221 -60.72256092]
 [-51.1084044  -65.15013612 -66.22547173 -47.30621715]
 [-70.03371827 -57.85135107 -46.8819903  -47.19045819]
 [-49.13261614 -68.70342092 -51.09511979 -47.18209959]
 [-52.08612584 -53.4650527  -79.76039796 -50.71887051]
 [-66.89951895 -50.38932776 -43.21008656 -45.7808709 ]
 [-49.24614327 -61.90603654 -48.22941566 -46.994408  ]
 [-69.03957733 -65.02577763 -79.20071175 -61.64622108]
 [-69.04816905 -79.31859203 -46.40702278 -52.95001826]
 [-71.94609572 -41.70688499 -75.56204479 -70.67883881]
 [-63.26523687 -71.51691509 -57.01373769 -47.68753388]
 [-69.48025138 -74.10881718 -51.4995357  -51.57997456]
 [-67.85774815 -41.46014418 -72.99747623 -57.76190307]
 [-76.68563381 -59.49180063 -69.65977208 -54.94686355]
 [-63.07568016 -54.57646273 -56.05500315 -50.87696454]
 [-71.07772961 -46.20619078 -60.15062267 -60.0210845 ]
 [-77.43681061 -43.45239138 -62.15029358 -65.65637285]
 [-58.2816727  -51.92198304 -67.23399224 -47.77724328]
 [-73.86994389 -73.41251205 -58.78418913 -67.81805945]
 [-70.65978156 -40.67328301 -42.48924077 -58.06096718]
 [-70.4653604  -56.18889931 -43.82584911 -49.21183501]
 [-45.14096907 -66.15628278 -62.23824956 -44.96499667]
 [-52.48301688 -49.34200058 -44.14247537 -46.85626174]
 [-64.35624088 -41.43452465 -54.70850349 -41.56557906]
 [-73.33577766 -77.45525515 -48.0570907  -43.18525617]
 [-53.0697338  -44.05440248 -48.43971784 -44.73528745]
 [-65.90935413 -60.83588206 -60.03787266 -55.46719982]
 [-69.93182869 -67.42082085 -62.73253252 -52.12434823]
 [-62.7108871  -65.114197   -67.54124264 -59.22391053]
 [-56.94918022 -59.51056905 -62.40917815 -42.33888511]
 [-77.29032574 -53.11535073 -50.59382663 -72.60662724]
 [-64.49519539 -66.30773127 -44.32622917 -42.89575348]
 [-57.99858103 -65.41847628 -73.14145957 -48.72930519]
 [-75.2079517  -43.75289823 -65.24219041 -44.89296047]
 [-61.768733   -52.84282971 -61.60575177 -51.02349938]
 [-61.34276543 -50.42627014 -68.67082339 -45.50274431]
 [-71.85041262 -58.46711065 -44.50180043 -54.90942514]
 [-54.48705126 -59.85420112 -64.25338278 -50.34376422]
 [-47.01105799 -54.04346873 -58.87610812 -44.86120192]
 [-70.24611864 -56.54768725 -67.07274612 -66.48092118]
 [-74.65734422 -70.46195389 -68.51516027 -44.52953267]
 [-48.7898447  -79.95522877 -65.98123021 -43.26779594]
 [-77.29976118 -42.90800116 -70.27494423 -45.81067445]
 [-71.64201311 -71.4756145  -51.76100337 -59.44588352]
 [-42.57801821 -75.11686949 -73.65137446 -41.21656506]
 [-79.73125403 -45.10450437 -40.07124449 -43.22658209]
 [-59.1512926  -62.68423317 -45.5482429  -58.24897688]
 [-79.16907276 -58.8310885  -75.97957139 -45.53153897]
 [-78.69801535 -65.78920684 -57.03312382 -56.90430452]
 [-76.87358468 -52.47930976 -43.50042355 -76.23344896]
 [-75.21398754 -50.73512456 -56.88912827 -54.41135407]
 [-78.41591964 -58.55966585 -46.63537178 -65.97938626]
 [-76.29179108 -56.11874365 -50.97423733 -57.00304398]
 [-77.61409379 -45.35751545 -59.83084935 -61.15268206]
 [-72.29111883 -64.45007928 -65.11175947 -63.87194012]
 [-62.08920349 -52.92492062 -59.01333737 -51.5102238 ]
 [-72.42651863 -54.92962846 -76.01812247 -49.2051651 ]
 [-75.04159582 -41.1189828  -76.79297896 -72.8398962 ]
 [-45.51140725 -51.56010143 -53.45569084 -40.49780127]
 [-79.00760136 -40.85010317 -58.8721872  -60.71014768]
 [-78.46686892 -42.77784905 -43.17485762 -66.70807317]
 [-51.24730653 -74.07113042 -49.42733155 -51.06944542]
 [-63.94972557 -45.30109066 -44.39872198 -49.97863265]
 [-56.1375109  -69.71096212 -59.47289105 -52.38578962]
 [-67.81285524 -55.72410938 -57.42671569 -40.26888477]
 [-75.34531107 -68.25491668 -49.30109901 -66.21609627]
 [-73.92386308 -66.12957208 -55.56733579 -56.20439476]
 [-65.35921515 -74.54887656 -50.44676623 -46.49981539]
 [-50.53262604 -42.55160922 -63.76826097 -41.56194049]
 [-75.23249466 -46.47036293 -52.44423691 -65.93127691]
 [-76.78274113 -79.86672957 -46.31604809 -51.56874006]
 [-66.33466674 -52.72461345 -72.71016845 -48.0690649 ]
 [-70.48228863 -55.23512146 -76.33392108 -48.82321769]
 [-63.21958962 -43.01631274 -40.47188185 -54.79795424]
 [-64.33654703 -42.72579426 -52.59395399 -63.36966851]
 [-69.13098337 -48.85834962 -78.32349517 -54.48307105]
 [-66.15132205 -75.08386003 -69.50453162 -63.2944967 ]
 [-70.92471995 -59.72735019 -40.23680994 -62.02527632]
 [-78.58625534 -52.02433681 -50.98419323 -71.84763614]
 [-64.88206819 -68.58867521 -53.61659243 -51.6749028 ]
 [-60.38908448 -55.37626529 -65.20291499 -51.6944577 ]
 [-51.42711242 -71.48520088 -69.23603712 -45.25968365]
 [-55.15467747 -51.2978181  -75.99270076 -43.64873104]
 [-78.12442292 -54.51301707 -53.27053226 -45.60584293]
 [-66.73595991 -45.03212403 -45.0852421  -54.88070195]
 [-73.98196802 -49.01388335 -68.7759207  -64.19142223]
 [-68.56699106 -65.99112643 -79.03849283 -51.22719979]
 [-68.54407451 -57.51088857 -51.06058003 -64.50348021]
 [-59.98445499 -65.67743791 -40.30977569 -56.30817162]
 [-43.96000743 -78.3856988  -61.44632612 -42.26498292]
 [-79.57581002 -44.22549786 -57.42330882 -58.31418463]
 [-79.39611215 -54.04632243 -73.17226673 -45.6395632 ]
 [-77.42351631 -43.3973427  -44.02688864 -57.76294791]
 [-69.69645608 -71.57767427 -59.12667827 -68.80091675]
 [-78.60743789 -61.17300549 -46.37391614 -64.90301608]
 [-66.19922233 -75.91836232 -53.81521549 -55.57739872]
 [-56.07022132 -61.97885713 -60.76538871 -52.84000492]
 [-67.12139367 -51.2210796  -52.64989012 -49.3970704 ]
 [-60.07594565 -47.7450389  -67.76994849 -57.44507465]
 [-70.64733606 -56.21490592 -79.14977911 -46.78750302]
 [-74.59813115 -45.80659907 -60.60063465 -58.75413785]
 [-68.75396175 -54.8275926  -77.6262561  -56.06909585]
 [-64.44874344 -44.04330812 -69.52640866 -44.76273345]
 [-63.39711862 -69.95939262 -49.88901892 -62.54336077]
 [-78.70428361 -65.37305652 -46.45088749 -46.77787519]
 [-73.1459704  -41.31745484 -66.59320853 -44.57668276]
 [-57.45765717 -77.56476683 -41.54882762 -53.30192889]
 [-52.21572094 -56.42871397 -55.4969043  -48.83370083]
 [-77.13952812 -71.78514081 -52.84272573 -67.65867031]
 [-67.30396455 -58.95004875 -60.7650696  -62.75228019]
 [-56.31450797 -55.73027303 -67.56196147 -52.53094319]
 [-79.37380332 -69.22157041 -66.79105439 -70.40504465]
 [-62.39706304 -69.78765246 -70.35001756 -42.25978356]
 [-70.83454579 -60.71876512 -65.5702038  -56.55950688]
 [-75.22701342 -46.39261077 -70.69777814 -57.31196535]
 [-57.03997103 -54.42426689 -69.9715606  -52.1175245 ]
 [-66.23659184 -49.85566359 -43.31958341 -47.72803669]
 [-60.52974329 -66.00060807 -56.08996502 -41.78896693]
 [-79.26989386 -74.70860907 -48.55001805 -49.2885414 ]
 [-58.70924798 -43.61014171 -77.48928177 -52.83207261]
 [-66.82728329 -73.89386546 -66.84330078 -51.97476218]
 [-50.32207926 -49.80706538 -44.53328092 -44.71929441]
 [-71.07355173 -56.96156402 -69.4542432  -63.73381721]
 [-64.90611379 -54.32527471 -63.42213004 -50.55658467]
 [-68.21843438 -52.55328866 -58.37946701 -53.82103676]
 [-76.76618854 -70.90940324 -68.9479027  -49.10176909]
 [-77.21825895 -64.67565225 -66.32815579 -72.5628328 ]
 [-72.26837777 -49.78243737 -65.80743643 -52.59424741]
 [-54.11789811 -53.4910815  -64.23724858 -52.96031246]
 [-42.20813206 -49.66860101 -78.05642371 -41.78861319]
 [-75.06033033 -43.80908539 -44.87357759 -57.48538008]
 [-71.08878654 -68.60905791 -49.37994253 -47.62796275]]
