[[-4.95537785 -7.07063885  1.8775725   0.52134821]
 [ 0.42102053  1.48131101 -8.5224986  -7.7759846 ]
 [-3.44842372 -6.67723745 -6.89989682 -5.06821757]
 [-6.43526701 -7.79111437 -7.41306659 -6.97229296]
 [-3.42133506 -3.2238062  -8.78810294  0.48190563]
 [-3.31865094  1.01610864  0.32628717 -3.05342485]
 [-6.03723341 -6.18848734 -7.6691753  -6.80007507]
 [-3.29555105 -8.19823039 -7.4377741  -5.49312208]
 [-5.3865715  -8.4003719   1.07989505  1.3390224 ]
 [-3.67985346 -7.59278943 -6.47150008 -7.25792718]
 [-7.18804384  1.84473683 -7.43896634 -7.98685754]
 [ 0.78945109 -0.89222963 -5.19680409 -3.8538327 ]
 [-0.52738334 -3.61272719 -3.23843826 -1.11594922]
 [-2.73154096 -1.59660815 -2.3047744  -6.66910944]
 [-6.05919216 -1.06794622 -8.60600298 -0.20225049]
 [ 0.84913002 -0.20788739 -3.97394452 -4.62851947]
 [ 0.04487422 -1.56231164  0.98269179  0.34537719]
 [-4.12104605  1.61286092 -3.74763675 -0.14532079]
 [-0.97584067  1.38328304 -1.41578747 -1.43391557]
 [-0.88163874 -6.22761123 -8.99339737 -2.42423643]
 [-5.02467833 -3.94323363  1.39644545  0.69686548]
 [-0.00996885 -2.59532691 -8.66789199 -2.85477343]
 [-4.74633941 -6.52950962  0.3519264  -8.68961298]
 [-1.4802412  -7.45997647 -2.37699755 -4.90958633]
 [-3.70706969 -2.56743965 -1.40070953  1.22500265]
 [-0.60011121 -2.54531029 -8.60020549 -6.22153756]
 [-8.18494327 -1.47538731 -2.74316102  0.4182875 ]
 [-0.23863769 -3.92302793 -6.56128073 -1.99775411]
 [-0.11776405 -4.56145963 -3.06852383 -1.81728615]
 [ 0.9520062  -2.40474684 -2.58343506 -0.55940759]
 [ 1.97356027 -8.79654679 -4.8268846  -8.56557283]
 [-1.57133707 -4.21709544 -0.22725052 -8.36163025]
 [-3.49732482 -5.3172602  -8.8677861  -6.9934783 ]
 [-0.94297268 -3.60677689 -7.78816623  0.03415772]
 [-1.79362181 -5.60721953 -8.28213913 -4.51422492]
 [-1.54445328 -2.68695213  0.38840795 -0.370408  ]
 [-2.55597648 -1.9727769  -5.7190362   1.26435845]
 [-0.61596127 -7.60869337 -4.65716485 -2.97705053]
 [-0.73001343 -3.83774345 -1.91796512 -4.91686371]
 [-1.87406735 -0.8499779  -7.76882279  0.17355568]
 [-6.67710665 -3.46387189 -7.08086936 -7.78878258]
 [-3.99899325 -7.95036243 -3.57146489  0.46905722]
 [-4.49202852 -0.98136952  0.86055539 -5.55319082]
 [-4.68078203 -6.19575936 -0.01025527 -1.86848033]
 [-0.47810477 -0.27047382  1.04557723 -2.22780467]
 [-2.56925616  0.37401059  1.60703908 -5.22450641]
 [-0.26672808 -3.60509205 -1.06763314 -5.90162634]
 [-3.81956641 -8.84562115 -6.00322719 -0.23506294]
 [ 1.22558324 -8.17570274 -0.78781949  0.38643181]
 [-1.79699111  1.36003792  1.49647277 -5.749681  ]
 [-4.62196057 -8.83906318 -1.80827633 -6.44633201]
 [ 1.05589733 -8.57785413  0.59777009 -8.56702534]
 [ 1.16851779 -2.51417537 -1.90354043  0.89853778]
 [-1.78923603 -3.85319222 -5.8018567  -2.39327949]
 [-8.48480199 -8.58544997 -4.0171438   0.52843152]
 [-2.10743901 -6.65315882 -6.57452922  0.67323394]
 [-3.98493906 -1.45638263 -0.61594077 -7.8480621 ]
 [-1.6783758   1.70591922 -8.1556046   0.66203507]
 [-5.96740305 -7.72489332  1.24204954 -0.63505046]
 [-0.060816   -5.96701752 -5.70595603 -7.54324598]
 [ 0.79059964 -1.59259821  0.7097677  -4.28678192]
 [-3.30281734 -5.26020462 -6.91067259 -4.8586122 ]
 [-0.79487032 -7.08416388 -7.79119693 -2.11534291]
 [-3.52268719 -7.7871046  -2.97399652  0.94221711]
 [ 0.06035837 -5.90381445  0.60750532 -5.98011454]
 [-5.26665444 -0.99508867 -0.14700637 -6.54954879]
 [-0.48706419 -5.91728517  1.51363819 -5.33164195]
 [-1.85328521 -6.32973089  0.34934639 -3.90025238]
 [-2.25316882  0.49878354  1.34011589  0.23350086]
 [ 1.68990173 -1.13910166  0.50852826 -3.54379268]
 [-7.35853195 -3.1903259   1.03796233 -1.39334565]
 [-8.03096113  1.89856213 -7.0921345   1.68723486]
 [-3.53695765 -0.4983596  -2.15676633  0.00985881]
 [-1.716626    1.27652917 -5.09735724  1.94626191]
 [-0.30736393  0.46760917 -2.1790404  -4.60571033]
 [-0.13091535 -5.01918711  0.7966825  -3.41114025]
 [-2.66962     0.13788045 -8.33200452 -2.83947227]
 [-1.59556313 -2.09494711 -3.09648262 -8.85845451]
 [-8.65940244 -4.25929518  1.50447891  1.54192914]
 [ 0.77759522  0.90263738 -4.90514292 -6.81659047]
 [-0.85387574 -7.31996414 -2.10719733 -8.46883068]
 [-1.63565631 -7.26398101 -4.6162786  -4.40932633]
 [-4.19594644 -0.35686975  0.41092582 -6.70657381]
 [ 0.28087377 -1.03012059 -8.4634354  -0.22409726]
 [ 0.70609245 -4.84859471 -7.47497884 -5.36974212]
 [-2.26400644  0.47937418 -1.62404202 -2.53627561]
 [-2.70026043 -4.45453337 -5.79528898 -5.36960216]
 [-1.74555568  0.62212852 -0.70208271  0.368511  ]
 [-8.04406416  1.59469197 -7.79489079  1.54344484]
 [ 1.95968072 -4.98517802  0.11502477 -3.12505671]
 [-1.00332412  0.43435341 -1.38996392 -2.34988338]
 [-6.69355194 -2.70274345 -5.95922355 -8.77178857]
 [-2.2113466   0.03534652 -2.6559006  -3.02952068]
 [-2.16569487 -4.9048584  -6.62876709  0.08748137]
 [ 0.13449931 -6.90025016  0.13694013 -3.95984621]
 [-4.45829853  0.19528919 -6.35155073 -7.74991985]
 [-3.81638638 -7.34272903 -5.01003157 -6.73563988]
 [-0.14641569 -2.47292794 -1.65083078 -4.96517007]
 [ 0.99428902 -1.95856335 -0.69162307 -2.31717929]
 [ 0.90608058 -8.83889105 -7.74689235 -3.4515711 ]
 [-0.39206254 -5.81863667  0.72098763 -3.00007312]
 [ 1.54210694 -7.20323783  1.20785761 -6.4927275 ]
 [ 0.4768321  -8.74844526 -0.23610322  0.75258415]
 [-8.24420062  0.95453815  1.17656842 -0.27688143]
 [-4.07901438 -1.92460708 -3.49272768  0.62705366]
 [-3.81271949 -7.51423841 -5.36794096 -4.30509427]
 [-5.17804362 -7.45703938  0.33937619 -6.59496435]
 [-2.92290237 -0.68519871 -3.9063204  -8.53902616]
 [-8.90453944 -1.07673171 -6.61486719  1.83005089]
 [-1.84121529  1.60428373 -0.46621337 -0.37850701]
 [-0.60007786 -6.23051446 -8.97036898 -7.88934827]
 [-1.00091116 -7.69493877 -3.46148633 -1.60705118]
 [-3.07811556 -5.03310505 -3.57077885 -7.33743011]
 [ 0.77884156  0.57390924 -2.83152822  1.40221303]
 [ 0.42081908  1.60692674  1.95955195 -1.79392136]
 [-1.12330735 -4.11812641 -3.38950345 -0.20609477]
 [-0.72197014 -8.57450806 -6.43270375 -3.61436486]
 [ 1.43143408 -7.42597177 -6.95910467 -6.54038112]
 [-3.79385866 -8.79832303  1.4371542  -8.47738003]
 [ 0.81959526 -5.57896398 -1.18525862 -6.54197311]
 [ 1.2734897  -3.89437624 -3.98428487 -4.44653269]
 [-7.8031366  -2.31468095  1.57138994 -3.61872431]
 [ 1.10545627 -1.49990624  0.65096324 -3.75159307]
 [-1.79331947  1.02720935  0.92237332 -0.40083094]
 [-3.0333807  -1.69781343 -7.62289365 -8.27986457]
 [-2.09246503 -8.10352993 -0.5863067  -2.79869741]
 [ 0.1054051  -1.92393848  0.18786925 -8.88105669]
 [-7.64733876 -1.70345168 -3.51217123 -8.52982318]
 [ 0.37590765 -4.86791691 -8.359296   -3.02223601]
 [ 1.85093595 -0.31406803 -8.14979008 -0.9564367 ]
 [-4.82387237 -3.50661177  1.49848893 -8.41717876]
 [-4.14563555 -6.41331817 -2.98993103  1.67381052]
 [-4.50992819 -7.53435086 -5.14687606  1.36548145]
 [ 0.52655799 -4.76572377 -0.62952067 -1.98825548]
 [-7.91034861 -1.46724113 -3.7511617   1.36882725]
 [-6.25892003 -5.21642491 -8.59582123 -8.52567427]
 [-1.10851406 -3.29282124 -2.58560247  1.70833618]
 [-0.07119576 -0.60025482 -6.80964736 -2.67531285]
 [-0.11142223  1.71036844 -1.53031035 -5.91012601]
 [-2.36287801 -6.74158594 -8.1469891  -7.17036685]
 [-0.59771117 -6.08855398 -2.02767439 -7.28835829]
 [ 0.89189833 -4.66085623 -7.97316158 -0.25061163]
 [-3.09076185  0.64236975 -1.31083362 -3.04104324]
 [-5.87894387 -3.55479473  0.26970028 -5.39208445]
 [ 0.01502148 -5.58190785  1.65486362 -8.357386  ]
 [-3.14174627 -5.2771487  -4.22245463 -6.44425691]
 [ 0.02110184 -8.42982165 -5.62659184 -4.95235626]
 [ 0.73333856 -2.77706676  0.6908348  -7.88796215]
 [ 1.35129696 -1.59250853 -6.98538949  0.61075933]
 [ 1.72242688 -0.19226506 -1.12201307  1.12449549]
 [ 1.61248441 -3.9866512  -7.32892179 -2.11196105]
 [ 1.43911585 -4.3087129  -0.92535373 -2.9764269 ]
 [-1.8014456  -6.87170226 -5.10746508 -6.47461976]
 [ 0.87079376  1.5950031  -5.14300393 -1.83640384]
 [ 1.27660742 -1.0983916  -1.84666813  0.89985695]
 [-0.04873022 -7.81373405 -2.33951818 -1.19498759]
 [-4.26166236 -7.73709727  1.49794222  0.725427  ]
 [-2.07135401 -7.96866135  1.56191349 -2.2429855 ]
 [-3.58684679 -1.65844909 -0.82811924 -6.54053551]
 [ 1.66639473 -8.62860401 -2.93859601  1.80123685]
 [-5.44886566 -1.66724717  0.35663496  0.39612498]
 [-7.01356887 -8.38810615  1.05129609 -5.85048418]
 [-2.17319413 -5.83637684 -4.44600608 -7.44298882]
 [-1.37519646 -6.34789362  0.92308935 -2.10420955]
 [ 1.38483437 -0.82253975 -2.04129149 -3.68705599]
 [-5.39142369  1.0410701  -5.5109808  -8.89079655]
 [-7.74577177 -5.29002399  1.57144538 -5.09279849]
 [ 0.27005014 -0.88256991 -4.01446213 -0.30776962]
 [-2.91341119 -7.98499765 -8.05073018 -3.46580586]
 [-4.31912739  0.43773584  0.90675422 -1.60687136]
 [-1.03409231 -6.67393886 -6.92974349 -3.08592644]
 [ 0.65324431 -6.25861391  0.01693011 -2.75485449]
 [-6.29355722  1.28268187 -5.68372716  0.673367  ]
 [-2.04160896 -5.13873498  0.75762681 -5.85730435]
 [ 1.72591952 -1.33684584 -0.41487333 -1.66711816]
 [-4.2145635  -0.19803964 -4.97059934 -5.61773919]
 [ 1.22220007 -4.40875287 -1.36514399 -1.08348895]
 [-1.40993965 -7.0925498  -3.34041682 -4.8993007 ]
 [ 0.04285506 -1.4555904  -1.19210689 -4.50481178]
 [-8.73462019  0.4409997   1.37721236 -4.59432841]
 [-1.50616801 -0.35713349 -8.57491509 -0.18016646]
 [ 0.18058003 -4.07351687 -4.97134245 -4.79782485]
 [ 0.82575504  0.1784269  -5.29289354 -5.78162026]
 [-7.77620995 -5.5157542  -7.10056278 -7.89255042]
 [-2.31498187  1.41066399 -6.61778287 -5.99572099]
 [-2.39879687 -1.64624997  0.72238347 -8.56708542]
 [-6.61550884 -2.28386071 -8.21448523 -7.17791627]
 [-5.88950275  0.05678076 -8.87537836 -5.91381381]
 [ 1.75112085 -3.65806272 -3.09884767 -5.90947513]
 [ 1.70733696  1.15831048  0.55940494 -1.50207562]
 [-1.25812707 -0.89510228 -3.90180984 -8.12663344]
 [-2.81262797 -6.07358334 -5.34633605  1.29104759]
 [-1.85632823 -2.03890678 -6.1833516  -4.40767017]
 [-1.63048243 -6.91684261 -7.86797924 -2.75694587]
 [ 1.03195453 -6.2505453  -3.21016468  1.90362525]
 [-4.69124713 -2.25511064 -5.56819661 -5.2608031 ]
 [ 1.53596847 -3.81559076 -5.91555372 -8.39192164]
 [-4.43293326  1.69036626 -8.74970284 -5.33968257]
 [-6.52861415 -1.68658808 -3.31277877  1.13602604]
 [-1.17443848 -0.48491109 -0.96316199 -1.41714937]
 [-2.15572355 -0.55282844 -7.60245296 -2.24682413]
 [ 0.80201743  0.85030131 -8.94192216 -5.86219312]
 [ 1.4054713  -4.01902733 -3.73853265 -4.54758054]
 [-4.15885226 -1.89073316 -0.91846629 -6.51111314]
 [ 1.74789705  0.81470231 -3.13446283 -3.92060329]
 [-4.0768336  -1.39441629 -1.77109658  1.88242942]
 [-2.01541798 -3.65805607 -1.90925502 -4.28973705]
 [-2.72461482 -1.04915465  0.37340106  1.56283732]
 [ 1.1748109  -3.68167738 -3.47546699 -1.10755464]
 [ 1.31297845 -3.10052907  1.70851264 -6.05251016]
 [-3.18011627 -7.83041483 -0.58662533 -8.53984623]
 [-5.52697497 -1.30622404 -4.41524697  1.6985351 ]
 [-2.87252625  1.73414281 -8.46846961 -5.86033806]
 [-2.31994717 -2.49534827 -8.2632777  -4.81417636]
 [ 1.77989661 -7.10292563 -5.24309591 -7.89168739]
 [-2.32931552 -2.47480562  0.96080629 -4.95956281]
 [ 0.1372273  -6.68394015  1.80148906  1.63782999]
 [ 0.61404358  1.21301224 -3.51076337 -8.58772326]
 [ 1.80685882 -7.47048625 -0.03394411 -0.81048732]
 [-8.70094055 -7.40466324 -7.09542039  0.48022621]
 [ 0.89662653 -3.74703947  0.98179822 -7.49968491]
 [-1.42861325 -1.16072233 -3.66277939 -7.50481687]
 [ 0.5698937  -7.14593027 -1.26199511 -8.85156546]
 [-3.21238728 -5.94147431 -7.54978582 -5.72351778]
 [ 1.80236704 -3.94244174 -5.00910761  0.10093081]
 [ 1.86447205 -7.85548394 -2.71090664 -4.39460647]
 [-2.60302981  0.3392712  -4.87775397 -4.95243065]]
