[[0.43462657 0.90639524 0.54771898 0.55467431]
 [0.12944445 0.48637347 0.15044777 0.95166188]
 [0.08619722 0.81909177 0.30965608 0.38615191]
 ...
 [0.57134933 0.39546483 0.8676177  0.1624806 ]
 [0.39673858 0.47742492 0.56307181 0.67783674]
 [0.57912184 0.24384133 0.31537504 0.55473058]]
[[0.08164925 0.7057189  0.44543799 0.59811518]
 [0.37808129 0.429642   0.68269538 0.17078827]
 [0.70568966 0.78192646 0.51297619 0.75888699]
 ...
 [0.99061538 0.06057804 0.05313739 0.01706119]
 [0.86880631 0.0702806  0.61946639 0.93853635]
 [0.2692405  0.49266999 0.46098426 0.92246573]]
