[[1.91697734e-01 3.12955345e+01]
 [5.45293103e+00 3.63906917e+02]
 [2.19247834e+00 6.81534195e-01]
 [6.38683249e+00 5.07297076e+00]
 [4.59853874e+00 4.88787411e+01]
 [3.97743173e-01 3.15687449e+00]
 [8.90915753e-01 1.40660122e+00]
 [1.27208138e+00 4.88105353e+00]
 [1.08837899e+00 2.76090063e+02]
 [7.00925669e-01 6.86788703e+01]
 [2.55361073e+00 1.68507110e+01]
 [2.05581523e+00 8.18125749e+01]
 [1.84568968e+00 1.79505569e+02]
 [5.34604560e-01 1.45442991e+01]
 [2.40471453e+00 4.62212826e-01]
 [1.77974623e+00 1.67011464e+00]
 [4.18339545e+00 5.93690103e-01]
 [1.43383650e+00 6.11305720e+00]
 [1.36773700e+00 1.71215204e+00]
 [5.02895701e+00 1.36339670e+00]
 [6.75024079e+00 3.98376902e+00]
 [3.00271212e+00 1.72126530e+00]
 [1.57697537e+00 9.15155741e-01]
 [1.08587899e+00 1.93242663e+01]
 [9.59280202e-01 4.04536390e+00]
 [2.25918636e+00 2.71975231e+00]
 [1.23116725e+00 5.42975309e+00]
 [6.24511208e-01 3.81640775e+08]
 [2.84568391e+00 6.60314922e-01]
 [1.97228058e+00 6.77000354e+00]
 [4.62064614e+00 7.13093036e-01]
 [8.33234496e-01 1.24036875e+00]
 [1.08625551e+00 3.46943676e+00]
 [8.50297600e+00 1.24784357e+01]
 [5.55753648e+00 2.24334161e+00]
 [1.37137044e+00 3.88713652e-01]
 [1.00679162e+00 7.97927841e-01]
 [4.56549653e+00 3.99670113e-01]
 [1.22369601e+00 7.06873499e-01]
 [1.24877288e+00 2.08293358e+00]
 [2.07616917e+00 3.72732302e-01]
 [4.91879435e-01 1.57349672e+02]
 [2.67350897e+00 3.28000106e+00]
 [5.23357372e+00 6.63880716e-01]
 [1.70913740e+00 1.27023256e+00]
 [9.00995569e-02 2.39718257e+01]
 [1.39889721e+00 1.70537302e+01]
 [1.03126899e+00 9.51765035e-01]
 [1.66963909e+00 3.28345444e+00]
 [8.67481010e+00 1.33174117e+00]
 [2.28015067e+00 2.32223958e-01]
 [2.07793762e+00 4.59911493e-01]
 [9.37533249e-01 1.33783439e+00]
 [4.04126656e+00 4.20424727e-01]
 [8.45968117e-01 1.30934479e+00]
 [7.50774868e-01 2.29205754e+01]
 [2.06796081e+00 4.19913274e-01]
 [8.71114543e-01 3.15969587e+00]
 [1.14350814e+00 6.34551233e-01]
 [4.39876136e+00 7.26556016e-01]
 [1.49187031e-01 2.09826679e+02]
 [1.02459046e+00 5.10273518e-01]
 [1.80693391e-01 2.57305382e+00]
 [8.51672184e-01 2.01897025e+01]
 [9.46278999e-02 9.14535463e+02]
 [4.51953886e+00 4.56607392e+02]
 [1.30559621e+00 1.02450089e+00]
 [3.54035832e+00 2.08546998e+02]
 [1.30320474e+00 9.65885539e+03]
 [9.01154315e-01 1.40829016e+02]
 [4.51930661e-01 6.12482842e+00]
 [5.54011543e-01 4.78621056e+00]
 [3.77744730e+00 1.76067316e+00]
 [2.13134021e+00 4.38885430e+00]
 [2.51085485e+00 2.99096689e+00]
 [3.54987489e-01 1.25045079e+02]
 [1.78902028e+00 2.89768355e-01]
 [1.66575401e+00 4.08865679e-01]
 [3.33830312e+00 2.02611898e+02]
 [1.56219297e+00 4.17713328e+00]
 [1.87997503e-01 5.46813972e+03]
 [2.44871517e+00 1.59997103e-01]
 [2.12167647e+00 8.24099695e-01]
 [1.38234085e+00 3.44162102e+05]
 [4.40176219e-01 3.54123788e+01]
 [1.18938747e+00 3.43253370e-01]
 [5.61559683e+00 9.83217965e+01]
 [1.24950824e+00 3.16513437e-01]
 [1.20244501e+00 3.56137942e+00]
 [1.19251472e+00 4.96855452e-01]
 [7.99116739e+00 1.34494252e+00]
 [3.19054589e+00 3.16973604e-01]
 [1.30615700e+00 6.30802304e-01]
 [2.55831295e+00 1.50838053e-01]
 [5.34289275e+00 4.86096079e+00]
 [1.70906094e+00 8.03560052e+00]
 [1.17212448e+00 1.15562646e+00]
 [4.99551528e+00 7.22204054e-01]
 [1.30413059e+00 8.31562351e+00]
 [1.25687531e+00 6.16078190e-01]
 [6.98828370e+00 2.51362142e-01]
 [3.10626210e+00 4.69069914e+03]
 [5.86497531e+00 5.73747283e+03]
 [9.97165577e+00 2.47093922e-01]
 [3.44015688e+00 1.89279127e+03]
 [3.50936128e+00 1.69453836e-01]
 [3.13384173e-01 2.94881664e+01]
 [1.22727094e+00 1.22513760e+00]
 [1.75157530e+00 3.53278608e-01]
 [1.19417944e+00 3.39735188e-01]
 [5.14108178e+00 1.97517054e+02]
 [6.24543510e-01 1.36416279e+01]
 [1.18964040e+00 1.23403894e+00]
 [5.65756275e+00 1.04653011e+00]
 [6.48189272e+00 4.37886112e+00]
 [3.06526129e+00 6.38626592e+00]
 [6.42182514e+00 2.15625494e+01]
 [1.30812112e+00 6.90318419e+00]
 [3.18106873e+00 1.80209473e+00]
 [2.45630472e-02 5.37872281e+01]
 [1.39363653e+00 7.43812088e+05]
 [6.32269148e-01 1.96942456e+00]
 [9.29162844e-01 1.52277433e+02]
 [3.91537884e+00 7.79460397e+00]
 [1.33675633e+00 1.38796472e+00]
 [2.07212378e+00 1.24267453e+00]
 [3.18725418e-01 1.75896110e+02]
 [2.04892484e+00 4.52678227e+01]
 [9.41504066e-01 2.71096402e+00]
 [3.53515611e+00 2.81344813e-01]
 [3.02340351e+00 1.51531297e+02]
 [1.40939065e+00 8.76913803e-01]
 [8.54772312e-01 5.33025973e+00]
 [2.85884174e+00 4.47736019e+02]
 [2.60599455e+00 2.81509175e+01]
 [6.86999961e+00 4.38207669e-01]
 [1.60610151e+00 7.50309275e+00]
 [3.43419514e+00 3.25990704e-01]
 [2.63513712e+00 2.79689452e-01]
 [4.61216806e-01 7.60873386e+02]
 [4.17204730e+00 9.79651550e+00]
 [1.23439248e+00 2.07573061e+00]
 [3.67728605e+00 5.39045046e+03]
 [5.79635767e+00 2.59951282e+00]
 [2.96055116e+00 5.35523495e+00]
 [2.54178850e+00 5.42825903e+00]
 [1.54418686e+00 1.00562794e+01]
 [3.22174806e+00 2.25578225e-01]
 [3.65899710e-01 1.50116419e+00]
 [8.91066949e-01 2.29771238e+00]
 [1.14640805e+00 4.43214044e+00]
 [1.11750362e+00 2.31151393e+00]
 [1.91804778e+00 2.36224924e-01]
 [1.97374986e+00 1.14531744e+00]
 [3.17362581e+00 1.94830463e+01]
 [1.19062590e+00 2.86162284e+01]
 [1.57342881e+00 5.74745004e-01]
 [2.03988922e+00 2.67985251e+02]
 [8.47725172e-01 9.03123110e-01]
 [8.96531147e-01 1.11209222e+02]
 [4.12002430e-01 1.25286452e+00]
 [5.00818511e-01 1.47770797e+00]
 [2.82176770e-01 5.27933077e+02]
 [1.98776150e+00 6.26937745e-01]
 [1.21935997e+00 1.63806440e+00]
 [1.10600470e+00 2.10378279e+00]
 [1.86470106e+00 7.08253125e+01]
 [7.16375616e-01 7.63296000e-01]
 [9.53949034e-02 1.39470036e+04]
 [5.83764008e-01 2.05512990e+01]
 [4.08057292e-01 2.63070623e+00]
 [7.60992000e-01 1.38514869e+00]
 [2.30103397e+00 3.69290041e+00]
 [1.43634358e+00 2.95224863e+00]
 [1.34292252e+00 8.10103393e-01]
 [4.35083107e+00 4.17960818e+00]
 [5.90787637e-01 2.34127994e+00]
 [1.38195538e+00 5.62475661e-01]
 [1.77956906e+00 4.64643555e-01]
 [3.00146286e+00 4.96184711e+00]
 [2.70734936e+00 2.52614954e+00]
 [1.48693152e+00 6.87949161e-01]
 [2.90122068e+00 2.27243295e-01]
 [1.32479203e+00 5.18352384e-01]
 [3.24454576e+00 1.58061771e+01]
 [6.32275466e-01 2.02005266e+00]
 [1.99764812e+00 8.72903527e+01]
 [1.29458453e+00 5.38621187e-01]
 [3.00094679e+00 2.82476393e-01]
 [2.99732611e-01 1.88040800e+01]
 [7.84954047e-01 1.14224981e+02]
 [1.10855874e+00 1.74825147e+01]
 [1.05599466e+00 2.42705952e+00]
 [2.25514606e+00 3.87060248e+00]
 [2.36341935e+00 6.27282427e-01]
 [2.60463246e-01 1.26901211e+01]
 [8.10486160e-02 4.77559096e+03]
 [5.40168090e+00 3.03540023e-01]
 [3.10505818e+00 1.64503087e+01]
 [3.59725485e+00 2.41311155e+01]
 [5.88988733e+00 1.19952184e+00]
 [1.93878988e+00 2.64034255e-01]
 [6.66200577e-01 3.61474574e+02]
 [1.56877109e+00 1.58824144e+00]
 [2.03439209e+00 2.87120699e-01]
 [4.00183666e-01 6.26675074e+00]
 [2.94105582e+00 9.76976502e-01]
 [1.66284655e-01 4.83756625e+00]
 [4.78245651e+00 4.99392252e-01]
 [2.87014360e+00 2.92925175e-01]
 [1.24144246e+00 1.30754959e+03]
 [8.15244508e-01 1.78507774e+00]
 [7.01461272e+00 4.95366587e-01]
 [2.09420128e-01 7.70297854e+00]
 [1.70041146e+00 1.95629070e+00]
 [2.46748358e+00 9.51625516e-01]
 [6.74563259e-01 1.32397031e+02]
 [3.56716561e+00 2.66135865e-01]
 [5.05278508e+00 3.40095845e-01]
 [2.34002865e+00 1.48569288e+00]
 [4.01179816e-01 5.89507140e+00]
 [2.94533777e-01 1.61754452e+00]
 [3.88459503e+00 4.02473138e+00]
 [2.41571260e+00 2.88491237e+06]
 [3.21551010e+00 5.85029736e+00]
 [1.06712655e+00 2.15842967e+00]
 [5.34718252e-01 1.13198843e+02]
 [8.95943516e+00 4.31680881e-01]
 [3.79106478e-01 2.99687402e+01]
 [4.26526109e-01 3.94028538e+01]
 [6.55931476e-01 1.47116273e+01]
 [3.97294705e-01 8.95990504e+00]
 [2.48663200e+00 1.60592771e+00]
 [3.50140887e+00 9.06550411e+03]
 [3.75480082e-01 1.49918135e+01]
 [1.78308834e+00 2.37849653e-01]
 [2.01772523e+00 2.10964022e-01]
 [2.15941470e+00 6.43677641e-01]
 [6.64694802e-01 1.48830295e+02]
 [2.34511487e+00 8.21825664e-01]
 [1.54893007e+00 2.38604283e+00]
 [5.87892950e+00 3.20602550e+00]
 [1.58224926e+00 3.73810548e+00]
 [2.79241959e+00 2.38820942e-01]
 [1.21237026e+00 2.06310469e+00]
 [4.76664443e+00 3.12449041e-01]
 [2.49524952e+00 2.06532885e+00]
 [6.46752674e+00 3.84263036e-01]
 [8.08500073e-01 1.46798286e+01]
 [2.22956580e+00 1.45841572e+01]
 [1.72524871e-01 2.25792258e+02]
 [2.14039944e+00 1.03781632e+01]
 [6.46251457e-01 4.00409080e+00]
 [6.05115761e+00 4.89781045e-01]
 [1.00282453e+00 3.63417979e+00]
 [2.67355645e-01 6.35924416e+03]
 [6.58157917e+00 8.10929590e+01]
 [1.64369671e+00 2.66271705e-01]
 [3.14403378e+00 3.11846576e+00]
 [6.80387788e+00 3.68769617e+00]
 [2.84560371e+00 1.25974110e+00]
 [8.53623861e-01 2.02337772e+01]
 [1.60593211e+00 1.64691071e+00]
 [2.58824675e+00 3.68956457e+00]
 [1.26645319e+00 3.50671864e-01]
 [3.84214923e-01 1.63379163e+00]
 [7.60151969e-01 5.74527796e-01]
 [5.20327266e+00 9.16547099e-01]
 [9.36646893e-01 9.76671643e-01]
 [1.79378083e+00 3.89345274e-01]
 [1.39664376e+00 6.43804526e-01]
 [2.70678337e+00 2.00864422e+01]
 [2.65168582e-01 3.86813962e+00]
 [2.08588884e+00 8.06738995e-01]
 [1.45691802e+00 2.05173160e+00]
 [5.87258639e+00 4.18439142e+01]
 [4.22721261e+00 8.36773851e+00]
 [3.33608857e+00 2.04277419e+00]
 [3.08587679e-01 5.23044007e+00]
 [1.08280890e+00 7.32699329e-01]
 [7.12800094e-01 1.66211189e+00]
 [6.29495492e-01 7.18558147e+00]
 [7.30485261e-01 1.16824058e+01]
 [1.71441358e+00 2.54164829e-01]
 [2.63703000e+00 7.81366106e+01]
 [2.69951689e+00 2.64130035e+00]
 [1.45625380e+00 3.98753710e+02]
 [1.24763096e+00 4.85379536e+01]
 [3.15761996e-01 2.08829018e+01]
 [6.88296364e+00 2.96377963e-01]
 [1.72058669e+00 3.16483652e-01]
 [1.85956998e+00 3.30240466e-01]
 [8.00372598e-01 2.98846630e+00]
 [9.25921275e-01 6.19630223e+00]
 [2.17850332e+00 2.36081256e-01]
 [5.74952906e+00 1.71984668e-01]
 [9.29124484e-01 1.02790018e+03]
 [2.74007118e+00 6.96519290e+00]
 [1.34221298e+00 1.22494609e+00]
 [1.12644967e+00 1.86870412e+03]]
