[[1.65661636e+00 4.98088983e+00]
 [1.41960651e+01 6.04878002e-02]
 [2.01046515e-01 8.69772907e+01]
 [9.69116591e+00 3.09164007e-02]
 [6.50219664e+00 1.45842103e+04]
 [1.92802348e+00 1.87315218e-01]
 [6.23636835e-01 1.42752226e+01]
 [1.64856173e+01 4.63586736e-01]
 [1.60454557e+00 9.34432382e-01]
 [3.80646523e+00 1.43292629e+00]
 [6.29867426e+00 9.33244633e-02]
 [9.76749672e+00 5.58748923e+00]
 [1.12146242e+00 1.58848466e+00]
 [1.15221332e+00 4.52797814e+00]
 [1.79657649e+00 2.21665220e+00]
 [1.79235735e+00 5.21694947e-01]
 [2.09212418e+01 4.59237305e-02]
 [3.00693582e+00 9.40168391e+02]
 [1.66789088e+00 1.03944493e+01]
 [6.13480692e+00 5.55648475e+00]
 [2.60332914e+00 2.21934360e-01]
 [4.26129306e-01 1.36564536e+01]
 [1.32616117e+01 6.97352604e-01]
 [9.62499043e+00 2.59747903e+02]
 [2.84370979e-01 1.65542189e+01]
 [2.50814497e+00 1.44288519e-01]
 [4.82004164e+00 1.26116239e-01]
 [1.98101266e+01 7.41626667e-01]
 [3.53488430e-01 1.74594320e+01]
 [1.13023378e+00 2.01448442e-01]
 [4.48771045e+00 8.31425863e-02]
 [2.31452350e+00 1.73561068e-01]
 [4.37061525e+00 5.34821595e-01]
 [7.46863647e+00 2.01409595e+02]
 [5.80013263e+00 1.20899736e+01]
 [2.83184539e+00 1.45015938e-01]
 [1.40714769e+01 1.90696308e-01]
 [8.84423218e-01 6.45046634e-01]
 [1.26056198e-01 3.44532602e+02]
 [6.98770740e-01 2.32288553e+00]
 [1.35385562e+00 7.58601909e-01]
 [1.30240441e-01 3.45805792e+01]
 [2.55756273e+00 2.77880409e-01]
 [1.51665037e+01 2.21943625e-01]
 [1.47934150e+00 2.48375964e+01]
 [1.61934384e+00 4.15239437e-01]
 [5.66065251e+00 4.29631538e+02]
 [1.46012303e+01 1.54679184e+02]
 [1.52938067e+01 1.12992320e+01]
 [1.57529116e+00 1.19237304e+00]
 [3.25179212e-01 1.17952755e+01]
 [4.35352559e+00 1.99540371e-01]
 [4.78269040e+00 1.39319352e+01]
 [3.86290322e+00 7.65910038e+02]
 [6.92874777e+00 4.88233982e-02]
 [3.55430573e+00 2.55251461e+00]
 [1.15941461e+01 1.01260670e-01]
 [1.75832690e+01 2.42733238e+03]
 [1.39284827e+00 8.65306049e-01]
 [4.14687313e-01 1.90875435e+00]
 [8.05338623e+00 1.15690362e+00]
 [1.58970454e+00 3.36706669e-01]
 [6.07235225e+00 6.41981370e-01]
 [3.33023515e+00 6.27157433e-02]
 [9.08593525e+00 1.63522679e-01]
 [4.10556972e+00 1.62003816e-01]
 [1.02246093e+01 3.49768670e-01]
 [2.88041668e+00 4.06638760e-01]
 [1.57163174e+00 1.90358811e+00]
 [6.33365005e+00 1.10569868e+04]
 [2.53371728e-01 2.45686691e+01]
 [3.07133339e+00 1.42597358e+00]
 [3.10023453e+00 1.42924381e-01]
 [3.85313253e+00 1.72449800e+01]
 [1.26999877e+00 9.58942438e+00]
 [8.41258283e+00 2.83352217e+00]
 [4.59082495e+00 8.41426255e-01]
 [9.39732672e+00 1.29804736e-01]
 [1.08359393e+01 8.61621526e-01]
 [9.87157846e+00 4.06599740e+00]
 [4.47150046e+00 1.78749874e+00]
 [1.40382187e+00 4.36450358e+01]
 [1.46367054e+01 2.47106535e+02]
 [9.40270876e+00 1.30260091e+00]
 [6.86310448e+00 3.54868026e-01]
 [8.30472179e+00 2.39528703e+00]
 [2.99461539e+01 1.10362181e-01]
 [5.78322462e+00 5.33367229e-02]
 [2.98691113e+00 7.74891815e-02]
 [1.89532049e+01 6.24099155e-02]
 [4.10145561e+00 1.01664803e-01]
 [1.07856055e+01 9.60111795e-02]
 [1.31789592e+00 1.36457306e-01]
 [4.18333693e+00 1.89397216e-01]
 [4.02318624e+00 2.64117381e-01]
 [1.62811450e+01 3.55386651e+01]
 [1.61580900e+00 1.34779063e+02]
 [1.70885319e+00 6.74646787e+00]
 [3.32973647e+00 4.79401761e-01]
 [1.43983505e+01 9.55010816e-02]
 [1.62899116e+01 9.71608245e+00]
 [5.27826368e+00 3.84291164e-02]
 [3.93940438e+00 1.30503268e-01]
 [5.87875120e+00 5.74045022e-02]
 [1.06227183e+00 3.18115258e-01]
 [8.27826544e-01 1.72502623e+01]
 [5.98082917e+00 1.83177018e+00]
 [9.10240046e+00 6.26245264e-02]
 [1.33326493e+01 6.77316630e+01]
 [2.24179333e+00 3.45965403e+01]
 [6.86986215e+00 5.90193645e-02]
 [5.09878534e+00 8.56697718e-01]
 [4.13714418e+00 8.36108464e-02]
 [8.70643023e-01 4.09625907e+03]
 [8.93094846e-01 6.30392346e-01]
 [6.11056319e+00 3.27037480e-01]
 [7.50292674e+00 4.36936065e-01]
 [1.06179122e+01 3.42032695e-01]
 [1.29741870e+00 1.58129591e+01]
 [4.63626524e+00 6.27310444e-02]
 [5.72378884e+00 7.02664299e+02]
 [6.77854295e+00 3.17212363e+00]
 [6.30267235e+00 2.06483455e-01]
 [2.82021768e+00 1.40875306e-01]
 [9.72413529e+00 2.60765123e-01]
 [1.12476879e+00 4.68437545e+01]
 [2.72656502e+00 4.72140347e-01]
 [1.15002046e+01 9.84957320e-02]
 [2.81293910e+00 1.68040578e-01]
 [3.20098026e+00 7.55555819e-02]
 [6.26995854e+00 3.54861913e+01]
 [6.71370458e+00 8.07039547e-01]
 [8.50933723e+00 2.87588960e+00]
 [3.13069769e+00 2.51780975e-01]
 [1.08104982e+01 2.39850254e+00]
 [3.37758273e+00 9.18648674e-02]
 [5.78432595e+00 4.17264881e-02]
 [2.51042453e+01 1.81920139e-01]
 [1.81686561e+00 4.26411838e-01]
 [4.39925491e+00 9.55421659e-02]
 [2.34368732e+01 5.71506996e-02]
 [6.14906818e-01 1.46626011e+00]
 [1.06045652e+01 1.96740893e-01]
 [4.42212575e+00 8.02935451e-02]
 [1.27423023e+01 5.15008029e-01]
 [3.55920354e+00 8.25241056e-02]
 [6.29266121e+00 1.00159288e-01]
 [2.76649374e+00 1.05988247e+00]
 [6.00897506e+00 8.02488376e-01]
 [1.16824565e+01 2.34130295e-01]
 [4.23977157e-01 2.47688284e+00]
 [3.00739267e+00 1.85107376e-01]
 [1.81429792e+01 1.00245088e-01]
 [1.46546173e+00 1.86491331e-01]
 [1.30538287e+01 5.90056738e-02]
 [2.63888524e+00 4.53010849e-01]
 [1.80360636e+01 3.74575525e-01]
 [7.39076368e+00 3.11322156e-02]
 [7.03613247e+00 1.65163991e+02]
 [6.80100096e+00 6.91919794e-02]
 [5.26630806e+00 1.32342417e+02]
 [1.70100266e+01 6.69365602e-02]
 [5.80707771e+00 4.39476422e-01]
 [6.31995750e+00 2.02693730e+00]
 [4.68153102e+00 6.46118330e-02]
 [3.86714755e+00 1.07665172e+00]
 [1.84781555e+01 9.80667833e-02]
 [2.58385516e+00 3.10463256e-01]
 [3.48504162e+00 1.24679979e-01]
 [3.42192628e+00 1.03782965e+00]
 [1.58868563e+00 1.44307270e+00]
 [1.20590741e-01 1.54812913e+03]
 [4.50254526e+00 6.75001098e-02]
 [1.97759303e+01 1.07689929e-01]
 [5.16580109e-01 6.50112552e+01]
 [4.60229918e-01 1.85583865e+01]
 [1.03247023e+01 5.87795708e-02]
 [1.81541247e-01 1.17008115e+03]
 [3.56182598e+00 1.56220368e-01]
 [4.58786345e+00 3.78248904e-02]
 [1.08551744e+00 1.45537843e+01]
 [1.59838095e-01 1.32967704e+01]
 [8.27362943e+00 1.88855197e-01]
 [1.28394210e+00 4.30253846e-01]
 [1.17580529e+00 4.43055266e-01]
 [4.53437685e+00 2.95988779e+01]
 [7.87509732e+00 1.13304705e-01]
 [8.59897614e+00 2.08320428e+01]
 [2.70199039e+00 1.03631995e-01]
 [2.04235656e+01 2.40601456e-01]
 [7.26346854e+00 3.29372800e+04]
 [6.33048900e+00 4.06807413e+01]
 [1.25879003e+00 1.01752821e+01]
 [5.95206321e+00 9.20918967e-01]
 [5.27001534e+00 8.28147177e-01]
 [2.17720402e+01 8.92288169e+01]
 [2.07206479e+01 2.40211548e+00]
 [2.31391825e+00 6.15100894e+00]
 [7.58899908e+00 9.85891221e-02]
 [1.02361853e+01 8.88860537e-02]
 [5.95576989e+00 5.55413565e-01]
 [3.82038379e+00 1.18645949e-01]
 [5.09478439e+00 6.65413449e-02]
 [3.06868658e-01 1.01022063e+07]
 [6.67826586e-01 8.52478292e-01]
 [1.18569986e+00 4.42679057e+05]
 [7.02106199e+00 7.94097239e-02]
 [3.78218416e+00 1.50042040e-01]
 [5.37899777e+00 3.11989238e+00]
 [1.74370402e+00 1.55908531e+00]
 [5.67222646e+00 5.82915122e+02]
 [2.57917537e+00 1.01396043e-01]
 [2.13293111e+01 1.23718847e+00]
 [1.45453263e+01 1.50351679e-01]
 [1.79523240e+00 3.45321953e+01]
 [1.15004035e+01 2.31954426e+00]
 [1.14481967e+01 1.77404225e+00]
 [3.72210975e+00 1.07490289e-01]
 [2.30297865e+00 1.79025852e-01]
 [1.41122560e+01 1.28979843e+01]
 [4.12648439e-01 6.37222228e-01]
 [4.24903442e+00 5.16390770e-01]
 [2.38390918e+00 1.35597456e+03]
 [3.93254956e+00 3.52376286e+00]
 [8.23802632e+00 2.46433874e+00]
 [1.85132415e+01 2.85605807e-01]
 [2.82642554e+00 1.56799278e+00]
 [2.58624197e+00 2.39602808e-01]
 [6.55255628e-01 5.24069888e+01]
 [1.08455776e+01 1.35100236e-01]
 [3.42330130e+00 5.43340348e+00]
 [2.77909549e+00 9.44782082e-02]
 [4.11871573e+00 1.36852505e-01]
 [3.94045863e+00 1.75965287e-01]
 [3.73687986e+00 5.60615523e-01]
 [5.01601130e-01 1.15935542e+02]
 [6.24887447e-01 5.98807719e+00]
 [1.91907599e+00 1.75296944e-01]
 [2.34351981e+00 1.06439941e-01]
 [5.24585018e+00 1.75721692e-01]
 [1.99087451e+01 2.40998770e+00]
 [1.35739229e+01 3.74184001e+02]
 [2.31287898e+00 1.86082085e+00]
 [1.19301169e+00 2.36956814e+00]
 [4.53817084e+00 5.65555091e-01]
 [2.22949098e+00 3.21986963e-01]
 [3.23067080e+00 4.62567838e+00]
 [2.08800957e+01 1.38500016e-01]
 [4.89495727e+00 1.38093233e+03]
 [6.53160238e-01 2.57173185e+00]
 [2.95299170e+00 1.05786503e-01]
 [7.63343177e+00 4.24467418e-02]
 [1.84084019e+00 2.51037775e-01]
 [1.84580585e+01 5.74294530e-02]
 [6.90974367e+00 7.16936729e-01]
 [8.80985190e+00 2.49374233e-01]
 [2.90623918e+00 1.40267689e-01]
 [1.05334552e+01 1.69924819e-01]
 [9.92340194e+00 6.66878772e-01]
 [5.29451572e+00 3.44292966e-02]
 [1.32642799e+01 1.72773681e-01]
 [6.76032286e+00 5.02476524e+00]
 [5.09349281e+00 1.05214932e-01]
 [1.22901053e+00 3.85834104e-01]
 [1.56801362e+00 2.76202286e+00]
 [9.45839927e-01 1.63936871e+01]
 [4.59803409e+00 8.91350369e-02]
 [3.90300495e+00 3.18858753e-01]
 [9.31334071e-01 2.38141358e-01]
 [4.92631981e+00 9.98165114e+00]
 [1.08789519e+01 4.64303953e-01]
 [2.31972696e+01 5.42913413e-01]
 [9.44185232e+00 1.06963466e-01]
 [1.92621150e+01 3.31223805e+00]
 [1.29053323e+00 1.21504217e+01]
 [2.20458016e+00 9.78824462e-01]
 [2.14548636e+01 4.28557125e-01]
 [5.13076090e+00 5.37680581e+00]
 [1.66270849e+00 1.22901890e+00]
 [1.46010432e+01 1.49920338e+01]
 [1.04799698e+01 1.97111377e+01]
 [1.77264898e+00 2.36608457e+00]
 [1.18934357e+00 5.74906705e-01]
 [1.10023738e+01 5.28500239e-02]
 [4.22082895e+00 4.06017171e-02]
 [2.71438685e+00 3.74690081e+03]
 [1.70989684e+00 2.62663175e+00]
 [2.11669270e+01 7.24216158e-02]
 [1.72273739e+00 1.17835545e-01]
 [8.37215684e+00 2.44412682e+01]
 [2.21042348e+01 2.08503617e-01]
 [4.48087106e+00 4.12797250e-02]
 [1.80011523e+01 9.44077208e-02]
 [1.50139631e+01 1.41914714e+01]
 [3.30821315e-01 4.41962123e+00]
 [6.10709668e+00 9.99690291e+00]]
