[[1.17486235e+01 1.16417217e-01]
 [2.53657667e+00 6.25444859e-01]
 [4.57115505e+00 1.84817878e-01]
 [5.34708979e-01 3.46381864e+01]
 [2.01515190e+00 5.60555128e+00]
 [6.13629582e+00 8.36639956e-02]
 [2.99030668e+00 5.66669692e-01]
 [2.60844463e+00 3.99018635e-01]
 [1.65713786e+01 2.37030195e-01]
 [2.27007313e+00 1.09447309e-01]
 [1.10995655e+01 5.10058875e-02]
 [7.79921587e-01 1.93766381e+01]
 [2.63270981e+00 5.27768134e-01]
 [4.85319351e-01 6.17174402e+01]
 [1.60168377e+01 2.88699785e-01]
 [1.34562621e+01 1.50085568e+01]
 [4.23977534e-01 1.80107681e+01]
 [1.01347898e+01 1.51685923e+00]
 [1.84961468e+00 3.48853684e-01]
 [1.18317018e+01 1.37172994e-01]
 [6.46492572e+00 1.36100813e+00]
 [1.99878177e+01 5.88529293e-01]
 [1.90910335e+01 3.69193891e-01]
 [5.61605003e+00 3.82351671e-01]
 [2.80307172e+01 1.13207745e+02]
 [7.30109064e+00 3.19971066e+00]
 [8.03220769e+00 2.14182291e-01]
 [2.08406849e+00 3.17158147e-01]
 [2.91969021e+00 2.93865238e-01]
 [7.37604966e+00 5.87987995e-02]
 [1.97834482e+01 7.03925740e-02]
 [1.69388521e+01 1.94392451e-01]
 [1.53609887e+01 5.16028851e-01]
 [9.10322153e+00 7.54546960e-01]
 [7.03651548e+00 2.02936536e-01]
 [5.64739553e+00 3.77814408e-01]
 [7.77218308e+00 2.47672940e+02]
 [2.36020840e+01 5.68735862e+00]
 [1.37400713e+01 1.00435934e-01]
 [3.05845429e+00 1.20826245e+01]
 [3.68559656e+00 4.73506793e-01]
 [9.51641406e+00 4.44267401e+00]
 [7.63369997e+00 3.94738090e-02]
 [2.96562564e+00 1.70626666e-01]
 [1.07407295e+01 2.61015436e-01]
 [1.16575504e+01 2.58398672e+00]
 [1.57527901e+00 1.42511856e+02]
 [9.05692920e+00 3.88933008e-02]
 [1.15049845e+01 2.28316686e-01]
 [1.36188548e+00 8.98520049e-01]
 [7.25787377e+00 1.12179068e-01]
 [4.59496293e+00 1.31619026e+00]
 [6.88117199e+00 4.58998058e-02]
 [8.44482643e+00 1.65338212e+01]
 [1.38410499e+01 1.54820754e-01]
 [1.93311786e+00 3.19281308e-01]
 [6.70970337e+00 1.53988099e-01]
 [1.14994057e+01 5.32298062e-01]
 [9.52371480e+00 1.97911956e+00]
 [1.71981933e+00 7.54719940e-01]
 [3.03746866e+00 2.69366065e+00]
 [1.50990880e+00 1.84372799e-01]
 [3.05333833e+00 6.36532911e-01]
 [1.41940980e+01 1.06902224e-01]
 [1.09424882e+01 5.42219529e-01]
 [9.26306397e-01 2.16309553e+00]
 [2.34302683e-01 1.18355722e+04]
 [3.06220135e+00 2.56693240e+00]
 [3.53272201e+00 3.00611258e-01]
 [3.31852698e-01 2.24370954e+05]
 [9.73587602e+00 1.25331072e-01]
 [1.16371179e+00 8.11253364e+00]
 [1.01660570e+01 1.78747845e+00]
 [1.29584797e+01 6.58615826e+01]
 [8.78345655e+00 6.24963871e-01]
 [1.02410594e+01 4.54069838e-01]
 [9.89444971e+00 8.92618619e+00]
 [2.79012073e+00 2.71421651e-01]
 [8.09561687e+00 1.90201464e+00]
 [1.90687486e+00 5.99384869e-01]
 [4.22477016e-01 2.59000948e+01]
 [6.87202356e-01 1.10079475e+01]
 [2.27020423e+01 2.05502662e+01]
 [4.01202677e+00 7.66177727e-02]
 [2.00175123e+00 2.99094699e-01]
 [1.10390385e+00 2.25936472e+00]
 [1.30920748e+01 2.17730873e+00]
 [1.34598178e+01 6.08684951e-02]
 [6.13825389e+00 1.28804896e-01]
 [4.21407532e+00 5.96652865e-02]
 [2.38098311e+00 4.06201415e-01]
 [3.15111870e+00 2.30660351e-01]
 [6.58146026e-01 4.76578408e+00]
 [4.04898248e+00 1.60056845e+01]
 [1.61057705e+00 4.06973741e+01]
 [1.26087127e+01 5.76164101e-02]
 [3.99527152e-01 1.19601909e+01]
 [1.80671764e+01 1.94880730e-01]
 [4.43360849e+00 1.42177301e+00]
 [2.98580417e+00 2.02894886e-01]
 [1.36885536e+00 5.10609997e-01]
 [2.11910529e+00 2.79338132e+00]
 [5.14979956e+00 6.53294415e-02]
 [1.71912777e+01 3.54544890e+02]
 [4.13600550e+00 1.06576040e+00]
 [6.48275755e+00 1.78120050e-01]
 [3.24276767e+00 4.54648511e-01]
 [4.34661030e-01 9.45795298e+00]
 [5.73910071e+00 1.63302549e+01]
 [2.17353862e+01 4.71716816e-02]
 [3.50320680e+00 5.30025539e-01]
 [4.89319798e+00 4.40677862e-01]
 [1.38100307e+00 2.32672223e-01]
 [4.06747518e+00 6.29740544e+04]
 [2.04785249e-01 2.69639568e+02]
 [8.67852690e+00 8.25802213e-02]
 [5.06918201e+00 4.12144616e+00]
 [3.27342067e+00 1.47036477e+00]
 [1.09640854e+01 2.43092575e-01]
 [6.73205337e-01 1.11766726e+03]
 [1.85557685e+01 1.11958699e+00]
 [4.24555596e+00 5.71735750e-01]
 [2.18249627e+01 4.45148434e+00]
 [3.00609129e+00 2.95837252e+00]
 [1.59613647e+01 4.48783184e-01]
 [1.38016866e+00 2.04045628e+00]
 [2.33191527e+00 2.64310560e+00]
 [1.39323761e+00 6.41755090e-01]
 [7.80788727e-01 1.59850398e+00]
 [2.71995025e-01 1.96087301e+07]
 [2.55920276e+00 5.64325240e-01]
 [1.31981804e+01 6.91500755e-02]
 [1.22409765e+00 2.15268096e-01]
 [6.53988376e+00 3.99908075e+00]
 [3.18435972e+00 1.13241413e+05]
 [2.74841575e+00 3.72591421e+00]
 [4.79107202e+00 2.11612646e+02]
 [1.15065363e+00 3.30954265e+00]
 [1.59028794e+01 1.38863284e-01]
 [1.01050988e+01 3.86322458e-02]
 [1.56580358e+00 1.11929906e+00]
 [4.42948145e+00 8.31424536e-02]
 [2.01812281e+01 1.70877683e-01]
 [1.74255868e+01 4.65414702e-01]
 [1.17792596e+00 5.15434449e-01]
 [7.58263430e+00 9.58647261e+01]
 [1.40031947e+01 9.37451211e-02]
 [7.61269234e-01 1.88609010e+01]
 [5.40883213e+00 9.31106405e-01]
 [3.16332271e-01 5.31641303e+01]
 [2.30407272e+01 6.58035590e-02]
 [5.76297664e-01 6.96833624e+02]
 [2.15177694e+01 1.79694288e-01]
 [1.57854369e+01 2.24463070e-01]
 [9.71789364e+00 1.15785407e+02]
 [5.94856837e+00 2.92511280e-02]
 [5.63381426e+00 1.10171445e-01]
 [2.16741791e+01 4.66899212e+02]
 [2.60217560e+00 1.94034695e+02]
 [5.32345363e+00 6.48457555e-02]
 [3.73680124e+00 7.60955753e-01]
 [6.01702550e+00 2.33626872e-01]
 [8.57837728e+00 5.00813857e+00]
 [8.28766528e+00 9.83620466e-02]
 [4.00871923e+00 1.42972380e-01]
 [2.00924474e+01 4.99550205e-01]
 [1.80701276e+01 1.99709214e+00]
 [5.21482967e-01 3.79242323e+01]
 [2.85512996e+00 3.03074030e+04]
 [1.39219753e+00 2.03966412e+01]
 [4.35037123e+00 1.16534227e-01]
 [7.78440544e+00 8.59383662e-01]
 [1.15164743e+00 4.24038417e+04]
 [5.97414403e+00 9.65973035e+01]
 [7.51838062e+00 5.95725840e-02]
 [1.18238047e+01 4.44458793e+00]
 [1.94700513e+01 8.48942459e-02]
 [5.68909693e+00 3.88488908e-01]
 [4.56081437e-02 1.46777097e+04]
 [1.46584393e+01 2.00824346e+01]
 [1.00620994e+01 3.22470387e+04]
 [1.89953898e+00 1.85920242e-01]
 [5.87647771e-02 7.98385796e+03]
 [4.88955698e+00 1.74159988e-01]
 [1.12553210e+01 5.86309788e-02]
 [2.28207260e+00 2.46516432e-01]
 [5.45772804e+00 2.87451781e-01]
 [3.53953115e+00 8.58478703e-02]
 [9.50038066e-01 1.62971166e+00]
 [6.15244564e+00 5.20095698e-02]
 [2.31388191e+01 1.05874520e-01]
 [6.19607892e+00 5.30114640e-02]
 [7.05366934e+00 4.91768673e-01]
 [6.52039680e+00 6.61582422e-02]
 [4.66228356e+00 1.57481979e+00]
 [5.03741016e+00 1.48888321e+03]
 [3.96827180e-01 2.19684471e+00]
 [2.35325142e+01 2.65377446e-01]
 [3.82639788e-01 5.31862804e+01]
 [1.24695648e+00 6.08528689e+00]
 [3.38202502e+00 1.53326187e-01]
 [4.20862354e+00 7.32646768e-01]
 [1.85446661e+00 2.56260947e+00]
 [5.41446525e+00 3.72731265e-02]
 [2.37160842e+00 5.46656200e-01]
 [7.54226032e+00 2.14550777e+00]
 [5.76022601e+00 8.71007278e+00]
 [4.11418385e+00 1.50401822e-01]
 [1.89406778e+00 1.83282089e-01]
 [9.46121310e+00 1.22836129e+01]
 [2.16618919e-01 2.64471121e+05]
 [1.79810116e+00 2.37360871e-01]
 [3.73931758e+00 9.88939949e-02]
 [9.89220825e+00 4.96264033e-01]
 [6.18508409e+00 4.41897654e-02]
 [1.43729365e+01 4.40316333e-01]
 [1.85461498e+00 1.79878093e-01]
 [3.25229379e+00 5.37634008e-01]
 [2.12590320e+01 1.08570814e+01]
 [1.15184398e+01 8.20491840e+00]
 [9.95313214e+00 3.10612914e+03]
 [2.73012736e+00 2.12989405e-01]
 [9.03338744e-01 2.33297835e-01]
 [1.11153809e+00 9.59266986e-01]
 [3.16486868e-01 1.37671129e+00]
 [1.29081087e+01 1.48300445e-01]
 [1.43071930e+01 1.27171863e+01]
 [1.83448131e+00 2.94427214e-01]
 [7.08810383e+00 7.16307335e-01]
 [5.06632965e+00 1.06227326e-01]
 [3.37615648e+00 4.33216224e+00]
 [1.19312623e+01 1.64441601e+00]
 [1.88608498e+00 2.88886352e-01]
 [7.56423610e-01 3.11397949e-01]
 [6.23480121e+00 2.78387961e-01]
 [9.16843122e+00 6.73483460e-02]
 [4.11675159e+00 3.54787706e+01]
 [2.83232630e+00 9.05497386e-01]
 [1.71291508e-01 1.08809585e+02]
 [8.54400353e+00 6.64587426e+00]
 [8.77411522e+00 6.59297668e-02]
 [5.28064260e+00 9.10479819e-02]
 [1.12341864e+01 2.88167614e-01]
 [9.01060202e-01 1.68879221e+01]
 [1.14605478e+00 1.63233421e+00]
 [4.01207727e-01 8.34268486e-01]
 [1.05937666e+01 7.11956058e+00]
 [3.91836406e+00 1.68952385e-01]
 [1.85731974e+01 4.63372317e+01]
 [4.78410256e+00 1.93544323e+01]
 [1.14126674e+00 8.21182009e+00]
 [2.07677080e+00 1.03642996e-01]
 [1.71604738e+01 4.79244808e-02]
 [9.19448184e-01 6.13439112e-01]
 [2.77636456e+00 1.01118186e-01]
 [2.99568023e+00 2.33021821e+01]
 [1.68493683e+01 5.05919353e-02]
 [4.18203465e+00 6.23774676e-02]
 [1.24166145e+01 2.03620672e+01]
 [2.56190841e+00 1.40519430e-01]
 [5.46108879e+00 1.94733498e-01]
 [2.27147038e+01 7.05839162e-01]
 [4.65303297e+00 3.71537495e-01]
 [1.63427928e+01 6.08410842e-01]
 [2.78555089e+00 1.15977817e-01]
 [9.95302713e+00 9.04609460e-01]
 [3.32790781e+00 1.56437235e-01]
 [5.64405244e+00 1.57378081e-01]
 [6.57195977e+00 5.51839588e+00]
 [6.85075091e-01 4.76452222e+03]
 [5.92112777e-01 5.20062022e+00]
 [2.02362602e+00 1.29302786e+00]
 [1.14558480e+01 8.95119175e-02]
 [1.07336151e+01 9.28260367e+03]
 [1.81915002e+00 5.83309849e-01]
 [1.27349606e+00 3.61876167e+00]
 [1.99843461e+00 9.11391431e+00]
 [1.97587020e+00 1.50600481e+05]
 [1.24072964e+00 3.93741318e+00]
 [2.97161672e+00 5.84634084e+00]
 [8.15551635e+00 1.66997061e-01]
 [4.75717059e+00 1.52891682e-01]
 [1.43608476e+01 4.31964085e+01]
 [2.08188110e+01 3.49893403e+00]
 [1.09599230e+01 5.41181559e-01]
 [5.84078070e+00 2.39554430e+00]
 [1.35210797e+00 4.70961350e-01]
 [7.74473106e+00 4.29497879e+01]
 [7.61696068e+00 8.51065327e-01]
 [1.05645027e+01 9.64390108e+01]
 [1.97582511e+01 4.39937628e+00]
 [3.94728034e+00 2.25903586e+00]
 [3.80164663e+00 1.22958151e+00]
 [7.60152186e+00 1.51619409e-01]
 [3.28367676e+00 4.34218263e-01]
 [5.92605040e+00 1.58583283e-01]]
