[[1.47659229e+01 4.37547961e-02]
 [1.34610712e+01 2.88727831e-02]
 [1.76929374e+01 4.67980336e-02]
 [1.41006478e+01 4.37901729e-02]
 [9.01702849e+00 3.39312334e-02]
 [9.29224328e+00 3.89536418e-02]
 [1.18082673e+01 4.40150981e-02]
 [9.36251645e+00 4.36157419e-02]
 [1.48504641e+01 3.66101888e-02]
 [3.10524736e+01 4.23282595e-02]
 [1.81762086e+01 2.87724348e-02]
 [1.40887475e+01 3.69267129e-02]
 [9.85986087e+00 3.52581035e-02]
 [2.12595906e+01 3.39331421e-02]
 [1.01254403e+01 5.32098284e-02]
 [2.09768982e+01 4.94980936e-02]
 [1.97932503e+01 4.73488238e-02]
 [1.25896050e+01 4.03393028e-02]
 [1.22306432e+01 3.82273861e-02]
 [2.28209499e+01 3.40114562e-02]
 [1.03819648e+01 4.16124983e-02]]
