[[18.84381868  0.05153494]
 [ 9.8618496   1.16756743]
 [ 7.14112099  0.62525529]
 [21.09237393  0.10777832]
 [19.94694343  0.23267305]
 [12.63407618  0.06059158]
 [14.49140766  0.08322473]
 [20.51096606  0.22162311]
 [17.64066326  0.17575482]
 [20.68747156  0.06022866]
 [ 8.48581136  1.1082518 ]
 [15.06332883  0.09852648]
 [10.08446336  0.80682824]
 [ 8.9275065   0.0545679 ]
 [11.0764281   0.62273346]
 [11.64846955  0.31618271]
 [ 8.3732318   0.88662426]
 [11.34638394  0.10901439]
 [13.3957814   0.09827535]
 [24.95266145  0.05284696]
 [ 9.58609053  0.27597871]
 [11.10638172  0.04897777]
 [12.17896551  0.55128781]
 [24.5996012   0.05467773]
 [17.775521    0.06374635]
 [11.88660491  0.06640889]
 [10.36260167  0.09579315]
 [21.96132698  0.14214089]
 [ 6.97947126  0.09193516]
 [ 9.12711866  0.07700335]
 [ 8.63417233  0.0778162 ]
 [ 9.46283139  0.14776542]
 [14.5820693   0.26688241]
 [ 6.70911649  0.16458855]
 [ 5.42079841  0.07420297]
 [20.19879021  0.06058819]
 [ 5.435899    0.37256358]
 [13.06109658  0.28628933]
 [ 9.56016959  0.29602306]
 [22.54891063  0.81617781]
 [ 9.90904348  1.02209187]
 [ 8.86858713  0.49969826]
 [ 5.57662901  0.10776578]
 [ 9.41275408  0.13830825]
 [13.39187018  0.07522214]
 [14.45792167  0.53930798]
 [11.99630584  0.10876401]
 [ 8.61619997  0.49402983]
 [15.2043934   0.60459405]
 [ 5.53041992  0.31787615]
 [ 7.90890094  0.27369302]
 [26.38147442  0.03572628]
 [16.89166684  0.79088731]
 [15.30817084  0.11317341]
 [18.86150422  0.12452766]
 [ 5.31560257  0.12073644]
 [18.93682118  0.05437187]
 [21.36299844  0.09732053]
 [17.01695059  0.07795003]
 [ 7.08267043  0.04751356]
 [ 7.78730338  0.29888831]
 [12.86853978  0.10004946]
 [ 9.99098749  0.04640415]
 [ 7.33833285  0.04355153]
 [17.25340215  1.1099283 ]
 [14.69152771  0.61848714]
 [ 6.80029888  0.55957538]
 [16.77043384  0.52175907]
 [ 7.05852623  0.1358444 ]
 [14.42628309  0.10374547]
 [ 5.43520604  0.18711571]
 [16.96610902  0.09579088]
 [11.0285922   0.37675788]
 [12.2571417   1.24563589]
 [ 6.75115635  0.14255069]
 [ 8.77612135  0.20687354]
 [ 7.3721811   0.76871973]
 [ 5.1069602   0.28768098]
 [ 5.81257105  0.07489906]
 [ 8.47541125  0.11422412]
 [ 8.70760873  0.11852087]
 [27.4567259   0.05612569]
 [23.46920577  0.99970151]
 [12.10236737  0.20572834]
 [17.70588087  0.13177336]
 [ 3.63532287  0.89607996]
 [27.68280092  1.25726698]
 [13.55583511  0.06403721]
 [ 8.81290538  0.03661806]
 [ 4.40329825  0.70595947]
 [16.95778256  0.20499175]
 [ 5.47209419  0.16746336]
 [ 5.0668267   0.28399644]
 [11.08419232  0.65362654]
 [ 6.56713454  1.0109997 ]
 [18.71397313  0.04593728]
 [ 9.53386794  0.10494131]
 [19.15640107  0.13136856]
 [18.38925175  0.07019128]
 [ 9.39036861  0.10917818]
 [10.25100912  0.06343336]
 [12.40676917  0.25768371]
 [15.1898944   0.1807156 ]
 [18.79173727  0.06814225]
 [19.52205719  0.17627152]
 [10.50453164  0.59850267]
 [15.90540491  0.11503146]
 [13.20474293  0.1353831 ]
 [10.71574536  0.63129804]
 [ 6.33153531  0.2493962 ]
 [12.44942174  1.81217319]
 [14.70651057  0.06386257]
 [19.59363753  0.07945337]
 [ 6.66969058  0.10076793]
 [12.33106357  0.63071723]
 [15.7317484   0.08173509]
 [ 5.35338834  0.09411063]
 [ 6.03432728  0.18332813]
 [ 4.22688258  0.42676127]
 [ 6.05349591  0.71277656]
 [14.48398997  0.04296895]
 [17.43866922  0.15975655]
 [14.25614829  0.06268707]
 [21.96440521  0.37021314]
 [20.95037433  0.07719963]
 [12.29562238  0.07113576]
 [17.65683478  0.78442175]
 [13.7619823   0.12687493]
 [18.46536012  0.5236108 ]
 [ 9.55263471  1.05248247]
 [12.22366155  0.06531691]
 [19.00382576  0.10904411]
 [ 8.7746728   0.08505209]
 [ 8.46710135  0.15861899]
 [10.23267897  0.07798137]
 [10.47044476  0.09347588]
 [ 8.96974931  0.48767881]
 [ 7.04251843  0.22626422]
 [ 7.86038646  0.06058963]
 [ 5.42553852  0.13709856]
 [16.42369217  0.45818338]
 [20.3145029   0.20182076]
 [13.88408445  0.17661199]
 [11.32185091  0.43118056]
 [12.23444642  0.10173866]
 [13.3990399   0.65044523]
 [11.6072255   0.78646299]
 [23.17151937  0.05963037]
 [ 8.41242716  0.07358668]
 [ 9.02986278  0.14268582]
 [ 5.91633588  0.32155733]
 [13.89783058  0.18698647]
 [20.21007583  0.25245715]
 [13.93500928  0.48480568]
 [ 9.96514282  0.10227255]
 [ 8.97254057  0.06097088]
 [21.13152499  0.1014995 ]
 [ 8.59072412  0.0540098 ]
 [19.50556382  0.13037788]
 [ 7.8686723   0.10807072]
 [13.2015743   0.11900262]
 [ 9.42754586  0.34923708]
 [12.38130353  1.25275479]
 [ 6.7146015   0.1626528 ]
 [ 8.96755741  0.03028602]
 [ 9.67926093  0.307982  ]
 [19.70618591  0.06409066]
 [15.76818956  0.48491781]
 [10.54712241  0.12261101]
 [11.08772557  0.54134395]
 [11.51665096  0.52531334]
 [11.72812164  0.18120696]
 [ 7.76952976  0.0449471 ]
 [17.4755098   0.38795972]
 [10.91865855  0.05276673]
 [ 9.08862894  0.11909165]
 [ 4.33819693  0.61476949]
 [ 6.06726578  0.45834859]
 [ 8.71828908  0.0633492 ]
 [10.06866367  0.11850183]
 [ 8.97794873  0.80229298]
 [10.33933274  0.80760955]
 [ 9.37732791  0.09610098]
 [ 5.86502835  0.27059434]
 [11.26533489  0.08742437]
 [ 3.41045076  1.05447549]
 [10.0502403   0.07502992]
 [23.25669361  0.05109946]
 [19.634217    0.2068814 ]
 [13.99156812  0.12228061]
 [ 9.73255464  0.35550678]
 [29.7503513   0.12383211]
 [14.55050356  0.18141794]
 [21.35158567  1.33354294]
 [13.99514932  0.05904472]
 [12.69261578  0.08218892]
 [ 4.14369373  0.6313822 ]
 [15.04271363  0.10273607]
 [10.33931434  0.07255332]
 [20.20167601  0.09319067]
 [ 8.84893001  0.30192644]
 [ 6.23492687  0.41755742]
 [ 8.57023775  0.07597484]
 [19.0254522   0.36286487]
 [ 7.24841317  0.56393081]
 [26.48925533  0.11159797]
 [15.20059779  0.0835296 ]
 [ 4.3079201   0.59632933]
 [ 5.1529912   0.90952105]
 [ 5.71723718  0.10415258]
 [12.68712349  0.07794705]
 [ 8.79199989  0.15519323]
 [18.0661877   0.43769599]
 [11.42314468  0.10773717]
 [19.4185802   0.6547068 ]
 [10.70012627  0.4009005 ]
 [16.16517618  0.0851791 ]
 [14.95506383  0.09159835]
 [11.02770739  0.72653215]
 [ 7.32989508  0.04572005]
 [12.30729786  0.46400892]
 [22.12721321  1.50979711]
 [ 8.41465886  0.72680663]
 [ 9.07768631  0.44262685]
 [20.70230829  0.6393751 ]
 [ 5.78523297  1.07756911]
 [16.62949554  0.07539998]
 [ 3.23722334  1.00655467]
 [24.54113212  0.12813781]
 [10.7201336   0.11193031]
 [ 9.17800788  0.41212627]
 [10.71970973  0.1137169 ]
 [19.39910873  0.11565182]
 [15.3265736   0.05967709]
 [13.56532279  0.382002  ]
 [ 6.37237734  0.08661208]
 [21.82022105  0.06052572]
 [15.27308332  0.24210314]
 [ 8.27057438  0.04414608]
 [13.97443267  0.09069232]
 [13.59017877  0.18786935]
 [13.11698719  0.3353681 ]
 [12.69987504  0.07331041]
 [ 8.86765487  0.07245609]
 [10.27632612  0.39400025]
 [15.80231455  0.06957775]
 [ 4.36052181  0.29399408]
 [28.3547736   0.64180089]
 [ 8.27259956  1.69660234]
 [20.74212292  0.10390074]
 [24.92780699  0.41754793]
 [17.89797538  0.53109486]
 [19.5966666   0.68435117]
 [ 8.29953014  0.24233633]
 [21.43715577  0.14581074]
 [ 8.27088477  0.48410905]
 [ 6.80424045  1.02464015]
 [ 6.60888912  0.25349726]
 [ 9.37938444  0.10562892]
 [15.67625105  0.33665923]
 [25.36763284  0.12575048]
 [ 5.11117268  0.08363326]
 [10.15421978  0.07490678]
 [11.22022402  0.22533997]
 [ 8.99947563  0.09668232]
 [27.80879267  0.09738564]
 [21.33930588  0.0918223 ]
 [ 7.20055509  0.13857352]
 [ 5.53844285  0.06135124]
 [ 9.6708089   0.04627346]
 [ 7.9501572   0.06876918]
 [12.67567209  0.08323193]
 [ 9.59998223  0.1235484 ]
 [ 4.60397071  0.97309767]
 [11.267728    0.2649916 ]
 [ 9.32866161  0.07658199]
 [11.67149362  0.10154691]
 [ 5.5633349   0.55890511]
 [ 8.39557787  0.88355675]]
