[[1.72823379 2.72204277 2.64153292 2.72195128]
 [1.9340292  1.67300066 2.95891056 2.93487719]
 [2.03230652 2.76087448 2.72448819 2.3194857 ]
 [2.18244345 1.67174814 2.66939812 2.6354658 ]
 [1.11861804 2.40989853 2.99718737 2.40288379]
 [1.5519765  1.56147304 2.86571972 2.39455541]
 [1.86757062 1.60291192 2.57820637 2.91017691]
 [1.11254619 2.93987228 2.77083241 2.36592   ]
 [2.11349226 1.90877042 2.90678089 2.44137919]
 [2.83056876 2.82521242 2.63496019 2.83479401]
 [2.1567636  2.21659046 2.96172869 2.93671406]
 [1.80654088 2.35393183 2.88949048 2.46416419]
 [1.70230913 1.37345251 2.90331243 2.54409794]
 [2.13995647 2.8691832  2.79004545 2.97862744]
 [1.39587455 2.117994   2.39730868 2.99440379]
 [2.61423754 2.05605102 2.50623343 2.81722197]
 [2.30501988 2.45613008 2.61269987 2.59953895]
 [1.64636144 2.5226298  2.93079668 2.16166621]
 [1.58110086 2.23396654 2.72019155 2.85299514]
 [2.54837266 2.30208881 2.83342423 2.83735748]
 [1.43951326 2.04483085 2.67260978 2.7633993 ]]
