[[2.08511002 2.16097348]
 [0.93130106 1.03668218]
 [1.98383737 1.6164502 ]
 [2.09597257 2.0556585 ]
 [2.08652401 1.67606949]
 [0.70193469 0.59430447]
 [1.05814058 0.79663998]
 [1.63322451 1.58117431]
 [3.45448459 2.99196855]
 [0.09940067 0.07863296]
 [2.76410989 2.52609268]
 [2.92879636 2.90878724]
 [0.29958845 0.36403037]
 [0.22275939 0.32248239]
 [1.1992388  1.48130914]
 [2.62335155 2.77442391]
 [0.88098128 0.99619072]
 [2.9100709  2.63649595]
 [2.16838174 2.42208159]
 [3.39534418 2.75580533]
 [3.0235805  2.48653742]
 [0.99284944 1.28010303]
 [2.63857323 2.40648325]
 [2.59505814 2.31265173]
 [0.80485718 1.40064007]
 [2.07924359 1.8500552 ]
 [4.33304137 2.84941797]
 [3.91374707 2.97141535]
 [2.2095214  1.74473222]
 [1.23866451 0.78651925]
 [2.96716225 2.53152129]
 [0.09166321 0.20017499]
 [1.9742524  2.24081549]
 [0.72779116 0.47319021]
 [4.52904748 2.96986554]
 [0.73396187 0.79289245]
 [2.16796164 1.53687808]
 [2.58633799 2.74921756]
 [0.43741105 0.68192921]
 [0.284822   0.68644101]
 [2.46035901 2.19027363]
 [1.69354013 1.57168841]
 [2.52259585 2.02154702]
 [2.42214223 2.57795342]
 [1.37059888 1.68158997]
 [0.79916825 0.60780638]
 [1.85077089 1.59209232]
 [2.63951989 2.22023263]
 [3.58464501 2.96197852]
 [2.00932962 2.09192406]
 [0.60383592 0.66085196]
 [0.69177345 0.87043339]
 [1.72849411 2.02491481]
 [1.10741028 1.40173747]
 [1.57382844 1.88056681]
 [2.86636136 2.82828773]
 [2.45772575 2.57010749]
 [2.09289013 2.0503947 ]
 [1.47644397 1.63236415]
 [2.43960746 2.56606924]
 [2.92674229 2.69461514]
 [2.57087522 2.62599818]
 [0.80755385 1.02732192]
 [2.14018735 1.79780927]
 [2.8968027  2.77411254]
 [1.14602514 1.30165013]
 [1.91233729 1.40936712]
 [3.154796   2.94277103]
 [2.49966186 2.33129469]
 [1.90540746 1.97803481]
 [0.354592   0.45781196]
 [1.60513157 1.67373598]
 [0.19864353 0.21100032]
 [2.69824555 2.6857811 ]
 [2.23317523 2.63110317]
 [1.64180695 1.64269281]
 [0.71396641 0.28230082]
 [4.37062968 2.85340686]
 [0.19929963 0.40437935]
 [0.967082   1.0069914 ]
 [2.16177797 2.5431014 ]
 [3.01091827 2.89070126]
 [1.72839607 1.78687529]
 [2.24368629 2.1129402 ]
 [0.88339447 1.17329737]
 [2.25355063 2.1019429 ]
 [1.98104004 2.55108548]
 [1.65073214 1.77633961]
 [0.70193469 0.67212948]
 [2.57087522 2.45192605]
 [3.51669908 2.68142172]
 [0.81748887 0.52029051]
 [1.78009773 1.51753043]
 [2.80768777 2.75200069]
 [1.54148025 1.91845365]
 [0.63992278 0.62857882]
 [2.50781455 2.45296451]
 [0.47748758 0.70401179]
 [0.14881634 0.32248239]
 [2.50321704 2.22946357]
 [2.58442231 2.16586618]
 [0.7105885  0.93750414]
 [2.08483133 2.01741795]
 [2.14505211 1.85434687]
 [0.377593   0.27653042]
 [1.38879091 1.94813047]
 [1.72368326 1.77929317]
 [0.90603089 1.21944861]
 [0.798694   0.99619072]
 [4.17083769 2.85532708]
 [2.04545416 1.76066835]
 [1.60921894 1.58649341]
 [3.67532982 2.94066366]
 [2.94281297 2.89978092]
 [1.57304397 1.60355783]
 [2.48673299 2.77172963]
 [2.63951989 2.28031161]
 [3.44905514 2.92216457]
 [3.35780994 2.91375842]
 [1.47376757 1.66201598]
 [1.89648949 1.67671143]
 [2.17410511 2.1129402 ]
 [2.68081709 2.21036023]
 [1.50792814 1.27609308]
 [2.22836478 2.00513509]
 [3.09172935 2.80268711]
 [2.34404945 2.79585195]
 [3.16276218 2.9199542 ]
 [1.45142054 1.61649319]
 [0.54945102 0.68160363]
 [0.7337574  0.74043186]
 [0.733323   0.91150832]
 [2.8911374  2.84264682]
 [2.63857323 2.5285748 ]
 [0.80755385 1.03136491]
 [1.70763934 1.67723843]
 [1.97854863 1.91936974]
 [1.55154884 1.53013638]
 [3.45448459 2.88446977]
 [2.96952575 2.70920421]
 [2.10502892 2.08729264]
 [0.85169352 0.59684377]
 [2.90617908 2.56512516]
 [1.54661518 2.06542119]
 [0.2613048  0.66074842]
 [1.88675169 2.18034916]
 [2.20510936 2.20367367]
 [3.74799655 2.95566674]
 [0.46884111 0.73461662]
 [2.49966186 2.43932919]
 [1.38779772 1.01119164]
 [2.00739792 1.97888337]
 [1.98383737 1.83030901]
 [4.75301233 2.98382354]
 [0.03037563 0.20017499]
 [4.33544028 2.96986554]
 [0.98786798 0.93750414]
 [3.91473004 2.91120446]
 [1.26162872 1.51487829]
 [2.07268016 1.60846485]
 [0.62086658 0.70897288]
 [0.19929963 0.38584429]
 [2.43754432 2.19116919]
 [2.6937334  2.98813643]
 [1.00667824 1.10765908]
 [1.81003204 2.01457844]
 [1.69911993 1.9649773 ]
 [0.57941747 0.50831273]
 [2.66212574 2.6640189 ]
 [0.51031574 0.59430447]
 [3.7478315  2.99835291]
 [0.30897638 0.53589187]
 [2.59436522 2.82403445]
 [1.19139265 1.45225252]
 [0.02882317 0.16199178]
 [2.60514916 2.30920749]
 [1.26719521 1.4694908 ]
 [0.18578997 0.20368792]
 [1.08582573 1.39668881]
 [0.08125407 0.03440654]
 [0.26747728 0.36403037]
 [2.70137882 2.88843611]
 [2.17652979 2.03275941]
 [0.18031712 0.24341891]
 [1.46845711 1.49317155]
 [2.15237572 2.24678092]
 [3.01202859 2.91375842]
 [0.73981632 0.8903494 ]
 [2.54812534 2.50567784]
 [0.91740284 1.16856375]
 [1.72819405 1.25061354]
 [0.98134572 0.9310351 ]
 [2.84759855 2.84264682]
 [2.39632708 2.18771377]
 [2.99492644 2.9861362 ]
 [2.60189254 2.16969913]
 [2.78661332 2.56430152]
 [1.19723118 0.8042153 ]
 [3.03961317 2.60979689]
 [2.25474394 2.41308147]
 [3.40689976 2.85610989]
 [4.43402559 2.9851664 ]
 [1.63902551 1.38467111]
 [1.31401925 1.55035289]
 [2.53016848 2.92861089]
 [1.13434432 0.93681159]
 [2.30285587 2.8000585 ]
 [2.48673299 2.95317749]
 [0.73248788 0.92614792]
 [1.08260402 1.22846729]
 [1.75767374 1.89082505]
 [3.09370761 2.69060421]
 [0.63992278 0.95525329]
 [0.62690387 0.77434031]
 [4.52904748 2.99316799]
 [3.44724447 2.78755248]
 [3.48864579 2.99909278]
 [2.89376619 2.92321041]
 [0.73091665 0.57732412]
 [0.50019005 0.3746809 ]
 [3.10268705 2.96961304]
 [1.72368326 1.84373376]
 [2.59505814 2.61066498]
 [3.14683382 2.74028253]
 [2.26450975 1.75054676]
 [0.75450923 0.67212948]
 [3.03687353 2.75668228]
 [2.43620042 2.06308924]
 [1.61987684 1.63206533]
 [2.46035901 2.03035918]]
