[[4.99255021 2.99678979]
 [0.0551521  0.0236838 ]
 [1.27714598 1.47898301]
 [1.57223143 1.36568661]
 [4.89472429 2.99848752]
 [4.69762134 2.99381708]
 [1.56020678 1.65226897]
 [0.80561064 0.76155751]
 [0.83928785 0.87164305]
 [2.8011085  2.77442391]
 [0.17218382 0.26951259]
 [0.09629881 0.21185851]
 [1.06472258 1.26378442]
 [3.32800181 2.99151585]
 [1.44095943 1.89573131]
 [4.14360039 2.98342352]
 [1.55936006 1.57931386]
 [0.16927625 0.57397012]
 [2.80793911 2.43509277]
 [1.93157583 1.73551513]
 [3.85942491 2.9921862 ]
 [4.80557129 2.99848752]
 [4.59557271 2.98827178]
 [2.10276504 2.07696785]
 [2.693736   2.77921241]
 [0.59632095 0.59986229]
 [1.06472258 1.15404357]
 [0.5414849  0.30201121]
 [1.75188548 1.83804082]
 [2.00425234 1.51302287]
 [1.04902543 1.57157453]
 [0.58925423 0.83320282]
 [0.51785008 0.75972797]
 [2.54560969 2.55544641]
 [3.78351403 2.99738779]
 [4.389267   2.99819724]
 [3.11704696 2.77442391]
 [0.73345082 0.61563294]
 [4.47319613 2.98342352]
 [0.64094569 0.86180942]
 [1.41890798 1.13263551]
 [2.51521259 2.19819571]
 [1.7550365  1.68802006]
 [1.57223143 1.4700766 ]
 [1.33331745 1.15193031]
 [3.38942048 2.99299826]
 [0.60287178 0.30372125]
 [4.77757421 2.98486276]
 [2.78417766 2.55544641]
 [3.31958663 2.72561956]
 [1.54619686 1.15297698]
 [2.907819   2.91182345]
 [3.97021234 2.9858023 ]
 [0.35931056 0.30201121]
 [2.40570014 2.38721141]
 [4.33856549 2.99819724]
 [3.16782678 2.99959561]
 [2.32662899 2.59763388]
 [3.98974979 2.92396321]
 [3.22676196 2.99728476]
 [2.09597257 2.01367991]
 [2.65247104 2.38549576]
 [3.7414991  2.98460802]
 [2.4287105  1.95746328]
 [3.53598799 2.9977798 ]
 [1.8327173  2.02567572]
 [1.93776129 1.82758825]
 [3.2249803  2.74532589]
 [0.3320225  0.18071507]
 [2.31114312 2.01367991]
 [2.00560582 2.25167795]
 [0.95715237 0.95402801]
 [0.51785008 0.56573859]
 [0.46599121 0.65129204]
 [4.04740169 2.99734393]
 [2.08736919 2.34643824]
 [1.72428482 1.6614405 ]
 [3.48580007 2.98647293]
 [0.18387605 0.05356835]
 [3.47697673 2.96359753]
 [1.9203904  1.83017036]
 [2.94209785 2.71070355]
 [2.32513799 2.52398763]
 [0.97074705 0.86515126]
 [4.2634711  2.99210514]
 [4.29453569 2.98707079]
 [0.39694009 0.21185851]
 [4.03622222 2.99207843]
 [0.41387955 0.57397012]
 [0.51785008 0.4863331 ]
 [0.3320225  0.22841062]
 [2.08559072 2.5425901 ]
 [2.19763184 2.46402643]
 [3.68289543 2.9977798 ]
 [3.16604511 2.78130988]
 [3.59217544 2.98039205]
 [1.78946805 2.16156753]
 [3.6380563  2.97256032]
 [2.69259301 2.48062101]
 [4.19656129 2.99819724]]
