[[2.54624709e+01 7.38181633e-04]
 [1.56174630e+01 1.33873021e-03]
 [1.55639710e+01 1.35540736e-03]
 [3.09940020e+01 5.59434699e-04]
 [3.70790039e+01 4.94767616e-04]
 [3.65127101e+01 5.22373026e-04]
 [1.53732983e+01 1.38228526e-03]
 [3.72641906e+01 4.91099152e-04]
 [1.43870073e+01 1.39523923e-03]
 [2.05980628e+01 9.52265651e-04]
 [3.16653178e+01 5.35331372e-04]
 [3.63297830e+01 5.23360375e-04]
 [1.86644397e+01 9.97384985e-04]
 [1.64394405e+01 1.12079991e-03]
 [7.86072474e+00 3.35107912e-03]
 [3.52872605e+01 5.24490159e-04]
 [1.90153856e+01 9.64660876e-04]
 [2.95410610e+01 6.11578337e-04]
 [4.13016937e+01 4.48341467e-04]
 [1.15647904e+01 1.76029701e-03]
 [9.63518472e+00 2.16396368e-03]
 [5.51089491e+00 1.54532108e-02]
 [4.37529724e+01 4.46886085e-04]
 [4.01256559e+01 4.58457572e-04]
 [2.23287010e+01 8.71541405e-04]
 [5.11098552e+01 4.44238116e-04]
 [6.34327601e+00 4.00513181e-03]
 [8.11909920e+00 3.13113246e-03]
 [3.40444299e+01 5.28200179e-04]
 [2.68785854e+01 6.25481502e-04]
 [3.74372242e+01 4.73707857e-04]
 [1.42584903e+01 1.41006941e-03]
 [1.31887804e+02 4.42712235e-04]
 [2.36864030e+01 8.18009257e-04]
 [1.29516530e+01 1.65505198e-03]
 [1.12786824e+01 1.99715067e-03]
 [9.79568984e+00 2.07816693e-03]
 [4.17666263e+01 4.47627803e-04]
 [1.17703845e+01 1.68279377e-03]
 [1.61612026e+01 1.28536535e-03]
 [1.37253379e+01 1.42357414e-03]
 [2.30748073e+01 8.18057298e-04]
 [8.01225534e+00 3.26368337e-03]
 [1.38976216e+02 4.40707251e-04]
 [1.89804322e+01 9.70526958e-04]
 [2.17936735e+01 8.98932932e-04]
 [1.76353488e+01 1.08960625e-03]
 [5.40906386e+00 2.19873489e-02]
 [2.42693807e+01 8.04820675e-04]
 [3.76032431e+01 4.66199560e-04]
 [1.03414184e+01 2.00379660e-03]
 [7.86110678e+00 3.35087708e-03]
 [5.51762164e+01 4.44054650e-04]
 [4.03307997e+01 4.52112105e-04]
 [4.59417012e+01 4.44302309e-04]
 [5.97222503e+00 8.19218537e-03]
 [3.88721718e+01 4.63285200e-04]
 [8.25757209e+00 2.24452900e-03]]
