[[1.86260211e-03 3.45560727e-03 1.79353495e+00]
 [4.30247271e-03 9.73802078e-03 2.35560178e+00]
 [3.66543097e-03 8.62346253e-03 2.38535544e+00]
 [3.81016124e-03 7.49858311e-03 2.02228296e+00]
 [2.74119775e-03 5.60529991e-03 2.34345957e+00]
 [2.95482286e-03 7.31606471e-03 2.89061688e+00]
 [4.44117107e-03 8.28135361e-03 1.85269631e+00]
 [4.32981507e-03 9.09311989e-03 2.21095800e+00]
 [1.15103041e-03 2.27001165e-03 2.19196477e+00]
 [2.53888621e-03 5.91387182e-03 1.85759032e+00]
 [3.93884008e-03 6.88955048e-03 1.80800322e+00]
 [3.72748802e-03 7.10354578e-03 1.91128685e+00]
 [6.05212895e-03 9.90406197e-03 2.54783250e+00]
 [1.01581476e-03 2.25806922e-03 2.94264094e+00]
 [2.69654701e-03 5.90546522e-03 1.76106815e+00]
 [4.06288428e-03 7.43749196e-03 1.57597376e+00]
 [4.79737567e-03 9.46676679e-03 2.10686741e+00]
 [8.48018217e-04 2.02463036e-03 2.70847595e+00]
 [4.93963846e-04 1.50455028e-03 1.79070095e+00]
 [2.37214058e-03 5.39490891e-03 2.49856157e+00]
 [1.32906238e-03 2.83462432e-03 2.60128235e+00]
 [1.93864860e-03 4.95112363e-03 2.27024992e+00]
 [1.08067485e-03 1.91272052e-03 1.77409247e+00]
 [2.78504172e-03 6.14781891e-03 2.33033671e+00]
 [1.85960970e-03 5.05763349e-03 2.57300153e+00]
 [1.55528584e-03 3.17817550e-03 1.68796635e+00]
 [2.26789321e-03 4.08181403e-03 2.36612810e+00]
 [6.56219990e-04 1.80729214e-03 2.38861388e+00]
 [6.55944357e-04 1.78778252e-03 2.38861388e+00]
 [2.05974681e-03 5.08482013e-03 2.58372775e+00]
 [1.92190772e-03 5.30812800e-03 2.49009051e+00]
 [2.80191279e-03 6.14781891e-03 2.32829201e+00]
 [1.05544854e-03 2.35687990e-03 2.89664616e+00]
 [1.35427903e-03 1.96417355e-03 1.12495728e+00]
 [3.11471376e-03 4.61732621e-03 1.52758317e+00]
 [4.29466509e-03 8.24009870e-03 2.17079319e+00]
 [5.50948219e-03 9.87247736e-03 2.33846579e+00]
 [6.60537450e-04 1.23244628e-03 1.94117576e+00]
 [1.61510770e-03 3.84143999e-03 2.51121099e+00]
 [4.56831606e-03 9.21931522e-03 1.85983517e+00]
 [8.45614962e-03 9.91229959e-03 2.80263664e+00]
 [2.01594462e-03 5.08822928e-03 2.69949309e+00]
 [4.94217367e-03 9.75222342e-03 2.38873345e+00]
 [1.08067485e-03 1.91272052e-03 1.81702269e+00]
 [1.00835704e-03 2.02786900e-03 2.05569359e+00]
 [3.92339599e-03 7.43749196e-03 1.75720223e+00]
 [4.84470061e-03 9.09336810e-03 1.87128031e+00]
 [1.33951002e-03 2.80969371e-03 2.60128235e+00]
 [3.80318390e-03 7.49858311e-03 2.14592058e+00]
 [4.89972994e-03 9.69396505e-03 2.99151813e+00]
 [1.71034291e-03 3.73734703e-03 2.16423317e+00]
 [1.85409620e-03 3.17840839e-03 1.71608236e+00]
 [2.94806382e-03 4.44348157e-03 1.29360736e+00]
 [1.47644657e-03 3.02858305e-03 2.48340960e+00]
 [3.82422734e-03 7.50966627e-03 2.02228296e+00]
 [5.29945427e-04 1.51141151e-03 1.84550532e+00]
 [4.66379584e-03 8.99673368e-03 1.93293989e+00]
 [2.17645500e-03 4.28800693e-03 2.69071511e+00]
 [1.20485568e-03 2.64297483e-03 2.64654962e+00]
 [2.78022243e-03 6.10074138e-03 2.21222786e+00]
 [1.87069122e-03 3.26953801e-03 1.44056798e+00]
 [3.43804495e-03 7.86689917e-03 2.50046179e+00]
 [2.26789321e-03 4.08181403e-03 2.35067382e+00]
 [3.39416724e-03 5.95488538e-03 1.50176194e+00]]
