[[1.86260211e-03 3.45560727e-03 1.79353495e+00]
 [2.85576282e-03 5.86833341e-03 2.50004353e+00]
 [3.81016124e-03 7.49858311e-03 2.02228296e+00]
 [2.74119775e-03 5.60529991e-03 2.34345957e+00]
 [4.44117107e-03 8.28135361e-03 1.85269631e+00]
 [1.32161142e-03 2.06454059e-03 1.24175291e+00]
 [4.42965294e-03 9.73783538e-03 2.20943220e+00]
 [3.15244803e-03 6.73048073e-03 2.15571443e+00]
 [3.21259428e-03 5.87379294e-03 1.51865180e+00]
 [1.86260211e-03 3.37366257e-03 1.79353495e+00]
 [3.88897907e-03 8.40686388e-03 2.25592131e+00]
 [1.94201997e-03 4.84133711e-03 2.47700263e+00]
 [1.86260211e-03 3.45560727e-03 1.78651154e+00]
 [2.79183679e-03 6.22233772e-03 2.06744508e+00]
 [3.13067019e-03 6.69983920e-03 2.15571443e+00]
 [5.56653188e-03 9.95467680e-03 2.35777640e+00]
 [2.28813671e-03 5.40931872e-03 2.00116772e+00]
 [4.44161848e-03 9.73802078e-03 2.91105693e+00]
 [2.29161882e-03 3.92204724e-03 1.77596250e+00]
 [4.51264235e-03 9.68508680e-03 2.55322485e+00]
 [4.31092747e-03 9.09311989e-03 2.21095800e+00]
 [3.81016124e-03 7.65790321e-03 2.02175883e+00]
 [4.17154394e-03 9.15606350e-03 2.13210203e+00]
 [1.77783597e-03 3.37366257e-03 1.79353495e+00]
 [1.67224861e-03 2.85294342e-03 1.50669519e+00]
 [5.41559379e-03 9.74740371e-03 2.14120259e+00]
 [4.83038306e-03 9.45052891e-03 2.05554548e+00]
 [3.18102497e-03 5.73214927e-03 1.71207478e+00]
 [2.31128795e-03 3.90803245e-03 1.53300470e+00]
 [1.63172822e-03 3.67626943e-03 2.62197026e+00]
 [4.32981507e-03 8.91689730e-03 2.21095800e+00]
 [1.27624810e-03 1.98524695e-03 1.57143643e+00]
 [4.25830349e-03 9.49633309e-03 2.41852817e+00]
 [1.46792373e-03 2.82464405e-03 2.45427756e+00]
 [1.48809790e-03 3.38201120e-03 2.62522118e+00]
 [4.32981507e-03 8.92400168e-03 2.21095800e+00]
 [3.18102497e-03 5.02947507e-03 1.77869348e+00]
 [1.31916841e-03 2.06454059e-03 1.37849928e+00]
 [3.54200998e-03 7.95198723e-03 2.32919084e+00]
 [6.28623451e-04 1.69830420e-03 2.77211482e+00]
 [4.29238520e-03 9.61240710e-03 2.91105693e+00]
 [7.39243878e-04 1.54969809e-03 2.14260852e+00]
 [4.44498029e-04 9.52651851e-04 2.75895978e+00]
 [2.82700243e-03 5.83832097e-03 2.46656465e+00]
 [4.44088952e-03 9.15760153e-03 2.21095800e+00]
 [1.98929364e-03 4.01865924e-03 2.23336692e+00]
 [2.26792786e-03 4.84133711e-03 1.78433559e+00]
 [4.44117107e-03 8.41751358e-03 1.85269631e+00]
 [2.41735642e-03 4.62555154e-03 1.76633304e+00]
 [1.85758174e-03 4.84133711e-03 2.47700263e+00]
 [1.66945441e-03 2.81343719e-03 1.63921816e+00]
 [2.80798696e-03 5.62556834e-03 2.06774339e+00]
 [2.21727289e-03 4.62462307e-03 2.45567233e+00]
 [1.46792373e-03 2.82464405e-03 2.38740555e+00]
 [5.42304862e-03 9.93687599e-03 2.97759545e+00]
 [1.27624810e-03 1.99059023e-03 1.69847275e+00]
 [3.17531050e-03 6.81282050e-03 2.15571443e+00]
 [3.79903194e-03 7.27338002e-03 1.77572129e+00]
 [4.81061989e-03 9.85812240e-03 2.98400626e+00]
 [1.58300956e-03 3.42621457e-03 2.38060682e+00]
 [9.16062616e-04 1.62369777e-03 1.33493867e+00]
 [1.31916841e-03 1.96861668e-03 1.39018322e+00]
 [2.41735642e-03 4.57711657e-03 1.76379410e+00]
 [1.58300956e-03 3.42621457e-03 2.25132030e+00]
 [4.23987132e-03 8.50803809e-03 2.13210203e+00]
 [3.81016124e-03 7.65790321e-03 1.91363925e+00]
 [1.62442232e-03 2.64977047e-03 1.49820205e+00]
 [1.65994607e-03 3.79761939e-03 2.30816453e+00]
 [3.13772645e-03 5.32805678e-03 1.75972004e+00]
 [1.84592800e-03 3.41983613e-03 1.79353495e+00]
 [5.84044569e-04 1.35079158e-03 2.73330608e+00]
 [1.86827426e-03 4.53783020e-03 2.92558029e+00]
 [1.32161142e-03 2.08872134e-03 1.26591989e+00]
 [5.56993940e-03 9.93687599e-03 2.78286657e+00]
 [5.14039140e-03 9.96285582e-03 2.57376722e+00]
 [1.01485798e-03 2.06454059e-03 2.16034295e+00]
 [1.86017846e-03 4.51089688e-03 2.08890334e+00]
 [8.37624885e-04 1.93187567e-03 2.04779227e+00]
 [5.42005444e-03 9.74740371e-03 2.13266519e+00]
 [6.29523441e-04 1.32204352e-03 2.01448149e+00]
 [3.88974411e-03 8.42075461e-03 2.25592131e+00]
 [7.54796355e-03 9.93687599e-03 2.98135948e+00]
 [1.40386939e-03 2.85638051e-03 2.20438298e+00]
 [1.42698345e-03 2.45726974e-03 1.63921816e+00]
 [1.45044143e-03 2.46813772e-03 1.57587750e+00]
 [2.97588615e-03 5.48746761e-03 1.48725641e+00]
 [2.58249909e-03 4.26701009e-03 1.68669248e+00]
 [9.81397575e-04 2.09518490e-03 2.43342068e+00]
 [3.09638426e-03 6.91877114e-03 2.34217538e+00]]
