[[4.67052623e-04 1.83121188e-02]
 [4.97469057e+00 2.99993397e+00]
 [1.11229259e+00 1.26003010e+00]
 [1.06033954e+00 1.03153745e+00]
 [1.70703456e+00 1.73368088e+00]
 [1.71419190e+00 1.51047556e+00]
 [6.40343420e-01 4.46097521e-01]
 [1.02110263e+00 9.74808635e-01]
 [2.47365087e+00 2.25648303e+00]
 [4.79944477e+00 2.99999711e+00]
 [9.24073249e-01 8.83201061e-01]
 [6.72907526e-01 6.04008296e-01]
 [3.34345401e+00 2.93366997e+00]
 [2.40641038e+00 1.92694913e+00]
 [4.38626518e+00 2.99998716e+00]
 [4.24785902e+00 2.99994415e+00]
 [3.07752594e+00 2.86146483e+00]
 [2.43763663e+00 2.12895440e+00]
 [2.90080687e+00 2.88587881e+00]
 [1.94208615e+00 2.28151112e+00]
 [2.48325433e+00 2.80720764e+00]
 [4.09705703e+00 2.99983836e+00]
 [2.21892269e+00 1.65790427e+00]
 [1.12585076e-01 1.16280277e-01]
 [5.36174876e-02 5.53930041e-02]
 [2.03736813e+00 1.67559467e+00]
 [2.54800120e+00 2.53646557e+00]
 [2.27403334e+00 2.17763682e+00]
 [1.94208615e+00 2.10072350e+00]
 [3.19309689e+00 2.95760486e+00]
 [9.24073249e-01 7.09217036e-01]
 [1.60084270e+00 1.53914669e+00]
 [3.94166689e-01 4.18936611e-01]
 [4.65436192e+00 2.99918098e+00]
 [4.19108282e+00 2.99982544e+00]
 [3.76828245e+00 2.90558124e+00]
 [2.02660150e+00 2.11706527e+00]
 [1.79899110e+00 1.78842575e+00]
 [9.24073249e-01 8.12289842e-01]
 [1.51549663e+00 1.37747730e+00]
 [3.97962929e+00 2.96507945e+00]
 [1.19621577e+00 1.29393601e+00]
 [2.52732585e+00 2.31482938e+00]
 [3.76288338e+00 2.99903651e+00]
 [1.33548714e+00 1.37859117e+00]
 [1.51638327e+00 1.52607449e+00]
 [3.94813248e-01 2.27061982e-01]
 [1.95424563e-01 1.90312185e-01]
 [4.98019035e-01 4.77959481e-01]
 [5.05197557e-01 4.18957784e-01]
 [3.89027879e+00 2.96507945e+00]
 [1.51549663e+00 1.47067145e+00]
 [2.20056286e+00 2.76732166e+00]
 [1.82859447e-01 1.36001881e-01]
 [3.50803483e+00 2.96814453e+00]
 [2.62157427e+00 2.76519344e+00]
 [2.73118463e+00 2.75933808e+00]
 [4.87353282e+00 2.99999711e+00]
 [3.38854391e+00 2.99908547e+00]
 [8.01198811e-01 6.75530974e-01]
 [2.43229219e+00 2.74596282e+00]
 [8.79971568e-01 4.96547859e-01]
 [2.64561288e+00 2.96154478e+00]
 [3.36467865e+00 2.99999711e+00]
 [2.46290944e+00 2.73613365e+00]
 [8.67872421e-01 6.75530974e-01]
 [2.52732585e+00 2.29447715e+00]
 [4.01993119e+00 2.99911581e+00]
 [3.34262365e-01 2.27061982e-01]
 [4.55014254e+00 2.99993397e+00]
 [4.58093315e+00 2.99994805e+00]
 [4.45996468e+00 2.99982154e+00]
 [2.97402597e+00 2.77525477e+00]
 [1.87438767e+00 1.66016808e+00]
 [2.51476979e+00 2.89527738e+00]
 [2.21491795e+00 2.78226503e+00]
 [3.81637929e+00 2.99979269e+00]
 [1.37313249e+00 1.44225869e+00]
 [3.02833588e+00 2.96718110e+00]
 [1.96072322e+00 2.10072350e+00]]
