[[1.52610864e-02 2.65060857e+04]
 [4.48927166e-02 9.16056255e+03]
 [4.91232333e-02 8.96634650e+03]
 [3.93752889e-02 1.06532184e+04]
 [3.39946541e-02 1.19017793e+04]
 [3.99955887e-02 1.06219886e+04]
 [2.69897406e-02 1.55173060e+04]
 [3.70128177e-02 1.09776149e+04]
 [4.18541489e-02 9.65590185e+03]
 [1.07192317e-02 3.87363394e+04]
 [2.36734457e-02 1.87026776e+04]
 [7.55190855e-02 8.67009037e+03]
 [3.18475519e-02 1.27103137e+04]
 [5.58102404e-02 8.67738208e+03]
 [1.20622167e-02 3.74183468e+04]
 [2.37449270e-02 1.84067872e+04]
 [3.13492445e-02 1.34289154e+04]
 [9.94202140e-03 4.21205463e+04]
 [1.75662574e-02 2.46631743e+04]
 [5.25064956e-03 9.90916651e+04]
 [2.57065886e-02 1.59723699e+04]
 [2.11989407e-02 2.09003634e+04]
 [8.62407872e-03 4.80120660e+04]
 [2.84826754e-02 1.42657777e+04]
 [1.29877897e-02 3.30752248e+04]
 [7.73724338e-03 5.94455362e+04]
 [5.13100196e-02 8.93622558e+03]
 [2.90637842e-02 1.38857811e+04]
 [2.29386051e-02 1.91868348e+04]
 [2.54285229e-02 1.71379457e+04]
 [6.39436901e-03 7.40431534e+04]
 [1.70144863e-02 2.46728070e+04]
 [1.21628554e-02 3.63148152e+04]
 [1.49747220e-02 2.72196102e+04]
 [9.34528851e-03 4.56471482e+04]
 [1.46324108e-02 2.87674995e+04]
 [5.23304674e-02 8.84630434e+03]
 [4.07534896e-02 1.05826550e+04]
 [5.52482644e-03 8.40275533e+04]
 [5.95399126e-03 7.76556436e+04]
 [3.67666483e-02 1.10248279e+04]
 [7.06437946e-03 6.32891923e+04]
 [2.12639059e-02 1.92797925e+04]
 [3.25988070e-02 1.23290057e+04]
 [1.36219890e-02 2.99533874e+04]
 [1.68679460e-02 2.47950225e+04]
 [1.00626042e-02 4.20285088e+04]
 [6.50984605e-03 7.24917920e+04]
 [5.78292870e-03 7.95825245e+04]
 [2.32924087e-02 1.91417717e+04]
 [4.17836106e-02 1.00970618e+04]
 [2.03145935e-02 2.09220336e+04]
 [3.11548700e-02 1.36466854e+04]
 [3.09246459e-02 1.36838349e+04]
 [3.83219270e-02 1.09667140e+04]
 [4.32473998e-02 9.35008868e+03]
 [1.62888528e-02 2.51366464e+04]
 [6.66922336e-03 6.45341517e+04]
 [1.82032219e-02 2.28771180e+04]
 [2.35199418e-02 1.89740365e+04]
 [5.67610893e-02 8.67121368e+03]
 [1.21947184e-02 3.39371481e+04]
 [9.79894671e-03 4.27243256e+04]
 [2.37798017e-02 1.75958878e+04]
 [4.72346795e-02 9.12917325e+03]
 [2.41502374e-02 1.73771428e+04]
 [3.14340826e-02 1.28815426e+04]
 [5.54020944e-02 8.81002881e+03]
 [2.96657034e-02 1.38518657e+04]
 [4.10955607e-02 1.02974001e+04]]
