[[2.08511002 2.16097348]
 [0.93130106 1.03668218]
 [2.09597257 2.0556585 ]
 [2.08652401 1.67606949]
 [0.70193469 0.59430447]
 [1.05814058 0.79663998]
 [2.24956067 1.73516884]
 [1.63322451 1.58117431]
 [3.45448459 2.99196855]
 [0.09940067 0.07863296]
 [2.76410989 2.52609268]
 [0.62086658 0.83755104]
 [2.92879636 2.90878724]
 [0.29958845 0.36403037]
 [0.22275939 0.32248239]
 [1.1992388  1.48130914]
 [3.09977859 2.4869427 ]
 [2.62335155 2.77442391]
 [3.08389179 2.84704896]
 [0.88098128 0.99619072]
 [2.9100709  2.63649595]
 [2.16838174 2.42208159]
 [1.42788141 1.76050002]
 [0.99284944 1.28010303]
 [2.63857323 2.40648325]
 [2.59505814 2.31265173]
 [3.91374707 2.97141535]
 [2.2095214  1.74473222]
 [2.32500741 2.84264682]
 [1.10716367 0.80121606]
 [0.09166321 0.20017499]
 [1.9742524  2.24081549]
 [0.72779116 0.47319021]
 [0.73396187 0.79289245]
 [2.58633799 2.74921756]
 [0.43741105 0.68192921]
 [2.85357926 2.99026028]
 [1.69354013 1.57168841]
 [2.42214223 2.57795342]
 [1.07056068 0.59684377]
 [0.13313942 0.33276111]
 [0.40264764 0.69510693]
 [0.79916825 0.60780638]
 [1.85077089 1.59209232]
 [2.63951989 2.22023263]
 [2.01610236 2.27624079]
 [3.58464501 2.96197852]
 [2.00932962 2.09192406]
 [0.60383592 0.66085196]
 [0.69177345 0.87043339]
 [1.72849411 2.02491481]
 [1.10741028 1.40173747]
 [1.57382844 1.88056681]
 [2.86636136 2.82828773]
 [2.45772575 2.57010749]
 [2.09289013 2.0503947 ]
 [1.9899532  1.51722605]
 [1.47644397 1.63236415]
 [2.43960746 2.56606924]
 [2.92674229 2.69461514]
 [2.46035901 2.65843154]
 [2.98836126 2.76907361]
 [3.51776751 2.95933072]
 [1.46585452 1.84537204]
 [1.62213903 2.03340267]
 [2.64763362 2.82250149]
 [2.0861342  1.79138191]
 [1.53752495 1.43142296]
 [2.12244401 1.91489678]
 [2.29300981 2.19896519]
 [0.5496604  0.4194194 ]
 [3.07209068 2.98502234]
 [1.55767972 1.40255779]
 [2.90876142 2.97262843]
 [1.35609026 1.23243405]
 [0.87052403 0.68783874]
 [0.62411272 0.42349346]
 [4.36058569 2.99881777]
 [0.43833038 0.28692719]
 [0.09940067 0.00529986]
 [3.73770505 2.90478473]
 [2.92981288 2.92989432]
 [3.08389179 2.83278946]
 [1.1992388  1.4929925 ]
 [0.46402546 0.68644101]
 [2.03340615 2.11737065]
 [0.72779116 0.50619722]
 [4.22367223 2.89750625]
 [2.04759371 2.02338693]
 [1.51048366 1.57068295]
 [1.96624716 1.90136028]
 [1.98383737 1.82992975]
 [0.80173332 1.19719773]
 [2.90643159 2.34570947]
 [3.34616447 2.75549289]
 [1.87236498 1.92991527]
 [2.97398391 2.70565437]
 [1.96226178 1.63171761]
 [0.62411272 0.45733716]
 [4.22367223 2.99809207]
 [0.44750767 0.68832459]
 [1.13752006 1.21336251]
 [3.21362137 2.92566703]
 [0.71259169 0.90799803]
 [1.75985968 2.02164354]
 [2.25866574 1.92048663]
 [1.71421621 1.77576208]
 [2.99774111 2.84704896]
 [0.22275939 0.35055113]
 [1.57622402 1.59506473]
 [2.58413169 2.46893055]
 [2.25595476 1.70655431]
 [2.16838174 2.26059177]
 [0.38183926 0.41398744]
 [2.23634185 2.57209952]
 [2.81245582 2.85467865]
 [0.49173417 0.72234743]
 [1.19701689 1.1180454 ]
 [1.01518497 1.40173747]
 [3.20011616 2.82274691]
 [1.65138468 1.97021701]
 [0.10272243 0.14653317]
 [0.0932456  0.20137035]
 [1.54198789 1.37221475]
 [0.83275839 1.10560455]
 [2.08538291 2.19635396]
 [1.46392525 1.33323449]
 [0.84519026 0.60780638]
 [4.8577554  2.99295243]
 [1.8740549  1.50338301]
 [1.62306178 2.09927508]
 [1.61262885 1.55805547]
 [2.16076608 2.03052336]
 [2.34571341 2.30032376]
 [2.9289523  2.99557763]
 [0.96717141 1.12420051]
 [4.49718206 2.96594905]
 [1.4934321  1.73757925]
 [2.5191616  2.45148644]
 [2.77994766 2.64994062]
 [2.33124377 2.24847763]
 [3.51776751 2.97706264]
 [3.68255711 2.91844716]
 [0.1113951  0.31058103]
 [0.46873439 0.27701578]
 [3.08394253 2.82873301]
 [2.73717362 2.57695165]
 [0.93153003 1.1312478 ]
 [2.58884903 2.75493765]
 [0.67769678 1.03717528]
 [3.932744   2.98329207]
 [1.45433039 0.97185064]
 [0.01702358 0.00529986]
 [0.97429678 1.4582658 ]
 [3.39809705 2.85329358]
 [0.22922095 0.44323565]
 [3.86025525 2.96857402]
 [2.78295863 2.52609268]
 [0.46984961 0.72584364]
 [2.42214223 2.579658  ]
 [1.08027145 0.89004352]
 [3.53869664 2.80963812]
 [0.09940067 0.07272121]
 [2.92879636 2.90937938]
 [0.80922781 1.17067852]
 [1.36105534 1.02873162]
 [4.22367223 2.97089716]
 [2.46035901 2.52189382]
 [2.07924359 1.81188733]
 [2.63918505 2.56826342]
 [0.54425691 0.35612603]
 [1.42856022 1.34072172]
 [3.52213282 2.97706264]
 [0.0996104  0.00529986]
 [0.96481366 1.1592517 ]
 [0.10660177 0.31058103]
 [2.81245582 2.85573201]
 [1.4993514  1.39927255]
 [1.01934611 0.86322655]
 [2.46035901 2.59544267]
 [2.55816171 2.11694541]
 [1.52332586 1.53495551]
 [3.68856051 2.90909903]
 [2.91464707 2.56901789]
 [2.11640185 1.98680676]
 [0.98460905 0.91589216]
 [2.83800728 2.57384963]
 [0.45576341 0.36193702]
 [3.72959674 2.89004139]
 [3.04281838 2.72793597]
 [2.6407146  2.88535481]
 [2.42886099 2.09835125]
 [0.8864311  0.94761248]
 [2.91092817 2.73032322]
 [2.03622043 1.7904561 ]
 [3.95790048 2.99540232]
 [0.28524987 0.28487059]
 [2.83309413 2.96197852]
 [0.47587997 0.51121683]
 [2.08111348 2.39665996]
 [3.73550847 2.91884364]
 [2.35401889 1.96890432]
 [2.34571341 2.40252802]
 [2.23905155 2.14332967]
 [1.49014595 1.78911667]
 [3.52441936 2.97643698]
 [1.14201351 0.90024314]
 [2.16648308 2.07282214]
 [0.5496604  0.92709582]
 [0.70890069 1.0612269 ]
 [3.20335174 2.92566703]
 [2.3135306  2.5168911 ]
 [2.46035901 2.32603305]
 [2.39543469 2.49392774]
 [0.46402546 0.63041385]
 [2.92879636 2.9295031 ]
 [1.69392292 1.72630091]
 [2.40375198 2.39291641]
 [1.806666   2.03056496]
 [1.62296833 2.1026659 ]
 [2.72884482 2.98502234]
 [1.59212418 1.94698265]
 [0.00806689 0.06498856]
 [1.9899532  1.69194018]
 [2.14579907 2.16097348]
 [1.58864704 1.82221162]
 [2.42806227 2.32503245]
 [2.13114272 2.02338693]
 [4.68864757 2.96986554]
 [1.91169903 2.01923775]
 [2.86636136 2.59334307]
 [3.9122575  2.88423926]
 [1.15272279 1.51188289]
 [1.20472261 1.27918064]
 [2.31416155 2.77551198]
 [4.31141141 2.99578743]
 [2.58744995 2.2283071 ]
 [1.70931565 1.49437465]
 [3.32724019 2.95551218]
 [4.51849228 2.96584846]
 [4.22367223 2.8899093 ]
 [2.61762631 2.49200176]
 [1.8740549  1.51482927]
 [2.29661436 2.24847763]
 [2.60284482 2.82250149]
 [1.67828096 1.92928389]
 [2.83953244 2.85930048]
 [4.15580258 2.90484176]
 [1.97446738 2.18882844]
 [4.7819096  2.97149874]
 [0.10955636 0.12440758]
 [1.1024202  1.5169865 ]
 [2.57595704 2.91744798]
 [1.66111501 2.03340267]
 [3.75452998 2.95228969]
 [1.52162348 1.31928455]
 [0.21991602 0.13493304]
 [3.04375506 2.86101301]
 [3.01516313 2.97423542]
 [2.16578627 1.8500552 ]
 [2.32520848 2.28882402]
 [1.98829652 1.87441532]
 [1.61262142 1.73160392]
 [2.28377253 2.45148644]
 [0.79611401 1.11805118]
 [3.23079648 2.89004139]
 [0.29958845 0.3553786 ]
 [0.01654123 0.00529986]
 [0.94449427 1.12766371]
 [1.26658813 1.47058435]
 [4.49718206 2.99934495]
 [1.1928935  1.51876235]
 [3.24196185 2.9502739 ]
 [1.28351018 0.9507386 ]
 [3.19964493 2.84625026]
 [2.12802678 2.29331475]
 [4.96777151 2.99295243]
 [0.23431846 0.1068263 ]
 [1.5907085  1.97634299]
 [2.46072148 2.60893242]
 [0.25543746 0.25290251]]
