[[0.62822678 4.53414591 9.09509548 1.55636897]
 [1.96738037 0.88829817 9.99170522 4.74906108]
 [2.24870787 0.49551671 9.80518502 3.09415087]
 [0.41348889 3.09488048 9.48727403 2.92885171]
 [0.62822678 4.49518222 9.82389432 1.55636897]
 [0.94191954 1.23941698 7.65833302 1.68477009]
 [1.33352945 0.74882682 9.4537188  3.51443148]
 [0.62822678 4.71057829 9.09509548 1.55939961]
 [2.19725679 0.49551671 9.85714011 3.09611748]
 [1.96738037 0.88829817 9.32582951 4.75601687]
 [0.65927069 4.53414591 9.54700329 1.55636897]
 [0.43961935 4.7150058  9.25836986 1.37453143]
 [0.43954723 4.53414591 9.09509548 0.46646474]
 [0.9637718  1.23941698 7.65833302 1.41219205]
 [0.43379929 4.5691088  8.65190854 0.67401275]
 [0.73385924 2.65639082 8.84180025 2.61347897]
 [0.62822678 4.71057829 8.93587684 1.55939961]
 [0.80000316 2.14595344 9.76229178 4.51504341]
 [0.65352275 3.88461452 9.42267422 1.6128395 ]
 [1.60346639 1.07539639 9.58950643 2.76510197]
 [0.45134716 4.84709216 6.15857457 0.56504642]
 [0.43379929 4.04002995 8.61324121 0.55235728]
 [1.84627887 0.8424419  9.98099697 4.60093533]
 [0.43747348 4.29593177 9.7382921  3.78348153]
 [0.34145778 6.0854742  9.99170522 4.87404474]
 [0.94580542 1.029578   9.66866245 3.46195641]
 [1.63169697 1.07539639 9.58950643 2.04207407]
 [0.36852311 4.15673834 9.08127705 2.55596634]
 [0.62388034 4.23187795 9.23134273 2.4924607 ]
 [1.24282346 1.44765612 9.0852244  4.19261504]
 [0.81834981 1.46800924 7.84896789 1.68477009]
 [0.40132403 6.07845798 9.6831176  2.25733065]]
