[[1.86260211e-03 3.45560727e-03 1.79353495e+00]
 [4.30247271e-03 9.73802078e-03 2.35560178e+00]
 [1.98569888e-03 4.26701009e-03 1.68669248e+00]
 [5.41559379e-03 9.74740371e-03 2.27320880e+00]
 [3.81016124e-03 7.49858311e-03 2.02228296e+00]
 [5.40951805e-03 9.59434321e-03 2.60792178e+00]
 [2.74119775e-03 5.60529991e-03 2.34345957e+00]
 [4.44117107e-03 8.28135361e-03 1.85269631e+00]
 [4.32981507e-03 9.09311989e-03 2.21095800e+00]
 [1.15103041e-03 2.27001165e-03 2.19196477e+00]
 [9.94405629e-04 1.15035012e-03 1.74681426e+00]
 [2.00727488e-03 5.29546610e-03 2.78886484e+00]
 [2.53888621e-03 5.91387182e-03 1.85759032e+00]
 [3.93884008e-03 6.88955048e-03 1.80800322e+00]
 [3.72748802e-03 7.10354578e-03 1.91128685e+00]
 [1.01581476e-03 2.25806922e-03 2.94264094e+00]
 [2.69654701e-03 5.90546522e-03 1.76106815e+00]
 [4.06288428e-03 7.43749196e-03 1.57597376e+00]
 [4.79737567e-03 9.46676679e-03 2.10686741e+00]
 [8.48018217e-04 2.02463036e-03 2.70847595e+00]
 [2.31462936e-03 4.26821349e-03 1.49622293e+00]
 [9.04097157e-04 1.28975984e-03 1.21052505e+00]
 [4.93963846e-04 1.50455028e-03 1.79070095e+00]
 [6.19392166e-03 9.80699036e-03 2.28692504e+00]
 [2.37214058e-03 5.39490891e-03 2.49856157e+00]
 [1.86155670e-03 4.71819063e-03 2.96364884e+00]
 [1.32906238e-03 2.83462432e-03 2.60128235e+00]
 [1.93864860e-03 4.95112363e-03 2.27024992e+00]
 [2.78504172e-03 6.14781891e-03 2.33033671e+00]
 [2.26789321e-03 4.08181403e-03 2.36612810e+00]
 [1.50739659e-03 2.43763977e-03 2.09336914e+00]
 [1.84748152e-03 4.30973654e-03 2.74649084e+00]
 [5.33403497e-03 9.63241565e-03 2.51810802e+00]
 [4.28335214e-03 9.35427012e-03 2.67768967e+00]
 [3.31014434e-03 6.59709804e-03 1.93308698e+00]
 [3.20354290e-03 5.51737971e-03 1.37643883e+00]
 [1.46747380e-03 2.83983225e-03 1.53079882e+00]
 [1.01656261e-03 1.99495546e-03 1.85171010e+00]
 [1.67636145e-03 2.93862485e-03 1.65452608e+00]
 [5.33134415e-03 9.90724522e-03 2.73624344e+00]
 [4.19501953e-03 9.46676679e-03 2.10835983e+00]
 [2.59353234e-03 5.55165470e-03 1.45842508e+00]
 [4.95497435e-03 9.55619661e-03 1.70840497e+00]
 [3.72748802e-03 7.10354578e-03 1.91137384e+00]
 [4.17665162e-03 8.28135361e-03 1.82943868e+00]
 [2.31462936e-03 4.26821349e-03 1.53924698e+00]
 [4.15756651e-03 7.20298055e-03 1.51744342e+00]
 [3.31014434e-03 6.59709804e-03 1.77591966e+00]
 [4.18496818e-03 7.42011890e-03 1.72699272e+00]
 [2.66357047e-03 4.61602081e-03 1.39694357e+00]
 [6.30959200e-03 9.99409683e-03 2.74980510e+00]
 [5.72609218e-03 9.50684189e-03 1.49642090e+00]
 [3.22443204e-03 7.12672764e-03 2.07261951e+00]
 [2.74119775e-03 5.60529991e-03 2.34859670e+00]
 [3.95648272e-03 7.79659961e-03 1.93794150e+00]
 [1.50739659e-03 3.18390363e-03 2.11438332e+00]
 [1.96615762e-03 4.26701009e-03 1.68669248e+00]
 [1.01877870e-03 2.27001165e-03 2.25497130e+00]
 [3.83150402e-03 8.57039596e-03 2.19732776e+00]
 [2.31703141e-03 4.87060534e-03 1.54372577e+00]
 [2.53888621e-03 5.87224394e-03 1.96052795e+00]
 [3.69990811e-03 7.32769853e-03 1.88089358e+00]
 [1.09913102e-03 2.60315099e-03 2.65574405e+00]
 [4.46635046e-03 8.77034389e-03 1.72137748e+00]
 [1.80488687e-03 4.52840811e-03 2.74649084e+00]
 [2.32278415e-03 3.74046717e-03 1.64293301e+00]
 [9.74531092e-04 1.93067402e-03 1.89579783e+00]
 [8.67349582e-04 1.87317704e-03 1.99967870e+00]
 [3.43028110e-03 6.18858798e-03 1.41554336e+00]
 [1.57270992e-03 3.46969698e-03 2.69874220e+00]
 [5.40951805e-03 9.59434321e-03 2.67961735e+00]
 [4.06061391e-03 8.60746720e-03 2.18414491e+00]
 [8.02482485e-04 1.71659020e-03 1.98906245e+00]
 [2.36275526e-03 5.63828711e-03 2.56061451e+00]]
