[[3.60699608e+01 1.65566552e+01]
 [7.76812641e+00 3.22621992e+01]
 [3.44753316e+01 1.71025222e+01]
 [3.38364045e+00 3.78835185e+01]
 [7.01718697e+00 3.32064912e+01]
 [2.06701379e+01 2.30235463e+01]
 [8.35413583e+01 6.42080819e+00]
 [6.42545421e-02 4.82357273e+01]
 [5.60857909e+01 1.11194220e+01]
 [6.81555654e+01 8.66305532e+00]
 [8.89085385e-01 4.35860832e+01]
 [6.14466549e-01 4.47011988e+01]
 [1.45298019e+01 2.68269711e+01]
 [6.31740452e+01 9.92629840e+00]
 [5.83176055e+01 1.06016468e+01]
 [7.04643053e+01 8.30666886e+00]
 [2.37133311e+01 2.18482271e+01]
 [7.07409588e+00 3.29968040e+01]
 [6.16784942e+01 9.95395502e+00]
 [1.04976551e+01 2.98948891e+01]
 [5.10129214e+01 1.23026655e+01]
 [3.09838326e+01 1.84529702e+01]
 [1.07577721e+02 5.06983686e+00]
 [9.65869014e+01 5.29510110e+00]
 [1.93888691e-01 4.71300901e+01]
 [3.56757064e+01 1.67682477e+01]
 [3.01435576e+00 3.87437753e+01]
 [1.17329489e+02 4.34324222e+00]
 [4.66951383e+00 3.58988353e+01]
 [5.69893656e+01 1.08917859e+01]
 [2.62542348e+00 3.94629533e+01]
 [6.83382844e+01 8.64617576e+00]
 [4.34026601e+01 1.43443386e+01]
 [2.13531304e+01 2.26859973e+01]
 [5.00504672e+01 1.25116603e+01]
 [1.88251444e+01 2.41843976e+01]
 [5.13824242e-01 4.54694508e+01]
 [2.58119506e+00 3.96677531e+01]
 [4.96488974e+01 1.29432400e+01]
 [4.03239394e+00 3.69383522e+01]
 [2.38404433e+01 2.15314788e+01]
 [4.75859928e+01 1.32989730e+01]
 [3.69837635e+01 1.63225093e+01]
 [8.64919865e+01 6.15676129e+00]
 [3.54154819e+01 1.70003975e+01]
 [3.36542071e+01 1.74010150e+01]
 [3.20537255e+00 3.81544643e+01]
 [4.94481916e+00 3.56141364e+01]
 [2.83518875e+01 1.95538827e+01]
 [1.27649019e+01 2.80997480e+01]
 [2.40538698e+01 2.14695150e+01]
 [6.48609556e+01 9.26874806e+00]
 [5.05834735e+01 1.23675360e+01]
 [3.43372301e+01 1.71514592e+01]
 [1.93779981e+01 2.37564183e+01]
 [5.01455835e+01 1.24796289e+01]
 [6.33070848e+01 9.61319687e+00]
 [5.40210633e+01 1.15365319e+01]
 [1.10958087e+01 2.96911065e+01]
 [6.83013424e+00 3.33587758e+01]
 [3.12500802e+01 1.84325539e+01]
 [6.43486652e+01 9.37801384e+00]
 [1.71358718e+00 4.17938033e+01]
 [1.20306667e+01 2.85309140e+01]
 [7.44505565e+01 7.63696884e+00]
 [5.89411434e+01 1.05818184e+01]
 [4.67329773e+01 1.33736789e+01]
 [3.88029074e+01 1.58309290e+01]
 [3.01727971e+01 1.87087766e+01]
 [1.34130912e+00 4.22112876e+01]
 [2.15113580e+01 2.25891640e+01]
 [7.93024178e+01 7.29668767e+00]
 [3.35921562e-01 4.59875418e+01]
 [5.79757966e+01 1.06536827e+01]
 [4.76391019e+01 1.32669915e+01]
 [9.12935351e+00 3.13889598e+01]
 [2.15758789e+01 2.25489721e+01]
 [2.66596827e+01 2.02184574e+01]
 [1.08977338e+02 5.00396913e+00]
 [2.58182713e+01 2.08055238e+01]
 [7.79711709e+00 3.22085453e+01]
 [4.45625951e+01 1.40918550e+01]
 [9.29939777e+00 3.10579557e+01]
 [1.79399730e+01 2.52554634e+01]
 [6.96871304e+01 8.40558730e+00]
 [2.47211051e+01 2.10275627e+01]
 [1.42926711e+01 2.71591155e+01]
 [3.79945778e+01 1.59323796e+01]
 [1.31969028e+01 2.76972815e+01]
 [1.41242585e+01 2.76082919e+01]
 [2.76770048e+01 1.99347921e+01]
 [1.05494764e+01 2.98658082e+01]
 [2.77386830e+00 3.89277638e+01]
 [4.67663491e+01 1.33526234e+01]
 [2.37216027e+01 2.17945128e+01]
 [4.21620745e+01 1.46265005e+01]
 [3.75361146e+00 3.72747338e+01]
 [6.96135576e+01 8.42397176e+00]
 [3.26021873e+01 1.77876950e+01]
 [8.02485554e+01 7.11869063e+00]
 [3.27101692e+01 1.77589149e+01]
 [7.01730799e+01 8.31113849e+00]
 [3.91416147e+01 1.55467138e+01]
 [1.79816284e+01 2.45904349e+01]
 [5.32432904e+01 1.18283137e+01]
 [1.14352050e+02 4.60422727e+00]
 [6.91922583e-01 4.44418788e+01]
 [7.19408245e+01 8.01237546e+00]
 [2.02291111e+00 4.05086490e+01]
 [9.54567866e+01 5.83514359e+00]
 [2.62728519e-01 4.64450476e+01]
 [4.13293070e+00 3.68514178e+01]
 [5.34718436e+01 1.16612434e+01]
 [2.24910830e+01 2.25071271e+01]
 [4.50652135e+01 1.38072019e+01]
 [1.21033246e+01 2.84498708e+01]
 [1.02984042e+00 4.31941739e+01]
 [4.28413418e+00 3.64353428e+01]
 [6.06772742e+01 1.00926354e+01]
 [5.17815690e+01 1.20756660e+01]
 [5.00753781e+01 1.24841183e+01]
 [3.64208919e+01 1.64783257e+01]
 [1.18525391e+01 2.91312741e+01]
 [2.05031630e+01 2.31204647e+01]
 [7.86663475e+01 7.52203294e+00]
 [2.08699861e+01 2.29201545e+01]
 [1.19158618e+01 2.86011782e+01]
 [3.60147008e+01 1.66956781e+01]
 [1.41624463e+00 4.19642958e+01]
 [2.18207191e+00 4.01005677e+01]
 [1.11394377e+02 4.68970831e+00]
 [7.09630621e+01 8.18251721e+00]
 [7.32905725e+01 7.80331402e+00]
 [6.39186693e+01 9.46243930e+00]
 [2.99171409e+01 1.88154538e+01]
 [5.50142592e-01 4.53919096e+01]
 [2.59883494e+01 2.04997570e+01]
 [1.04799558e+02 5.07931805e+00]
 [3.00759637e+01 1.87816673e+01]
 [3.19597135e+01 1.80883697e+01]
 [1.10086215e+02 4.77286505e+00]
 [1.51887627e+01 2.64659665e+01]
 [1.03150584e+01 3.02320795e+01]
 [4.63563584e+00 3.59447621e+01]
 [6.63419287e+01 9.00637043e+00]
 [8.60214969e+01 6.39516075e+00]
 [7.50949939e+01 7.54376289e+00]
 [4.82773623e+01 1.29466322e+01]
 [4.52116314e+00 3.62823402e+01]
 [1.98956446e+00 4.11972912e+01]
 [1.01693797e+01 3.02834093e+01]
 [6.01091514e+01 1.05807418e+01]
 [5.49078364e+01 1.13977911e+01]
 [6.76922376e+01 8.86303418e+00]
 [6.90650291e+01 8.50764217e+00]
 [6.47703006e+01 9.28564561e+00]
 [5.53574360e+01 1.13149609e+01]
 [2.44308824e+01 2.12403234e+01]
 [8.63406219e+00 3.14818418e+01]
 [4.81284704e+01 1.30503779e+01]
 [1.08119651e+02 5.06017853e+00]
 [1.11121317e+01 2.92830427e+01]
 [1.71049551e+01 2.53519979e+01]
 [4.15165663e+01 1.49623755e+01]
 [2.45628928e+00 3.97380860e+01]
 [6.01171511e+01 1.02048692e+01]
 [4.41259644e+01 1.41603898e+01]
 [1.30157789e+01 2.77984791e+01]
 [2.07790937e+01 2.29656667e+01]
 [8.38840051e+00 3.16210276e+01]
 [4.51650171e+01 1.37740532e+01]
 [7.43627734e+00 3.26324962e+01]
 [3.79028980e+01 1.62341679e+01]
 [1.90080952e+01 2.39521212e+01]
 [8.61387245e-01 4.37841623e+01]
 [7.25009403e+01 7.98534204e+00]
 [6.80180859e+01 8.68728007e+00]
 [6.06600234e+01 1.00945169e+01]
 [3.15819049e+01 1.83336914e+01]
 [8.70365598e+01 6.05321303e+00]
 [7.56746967e-02 4.80742185e+01]
 [2.83885941e+01 1.94367645e+01]
 [7.96627684e+01 7.14902503e+00]
 [4.77863219e+01 1.32365542e+01]
 [1.70799234e+00 4.18730158e+01]
 [1.85569485e+01 2.42050448e+01]
 [1.17062758e+02 4.50199116e+00]
 [6.93864332e+01 8.44736281e+00]
 [5.34387826e+01 1.17882085e+01]
 [4.62920986e+01 1.35515630e+01]
 [5.55108321e+01 1.13143409e+01]
 [5.68092012e+01 1.09171014e+01]
 [6.00348286e+00 3.42950648e+01]
 [9.23849214e+01 6.04185671e+00]
 [6.59656232e+01 9.06139310e+00]
 [5.21251397e+01 1.19798110e+01]
 [3.83360996e+01 1.58401506e+01]
 [3.40733880e+01 1.74002857e+01]
 [2.90873735e+01 1.91381403e+01]
 [1.32405601e+02 4.08939171e+00]
 [7.17490261e+01 8.06544721e+00]
 [5.73317886e+00 3.45032360e+01]
 [3.42084698e+01 1.73303920e+01]
 [9.63514723e+01 5.75242232e+00]
 [4.01068053e+01 1.53946515e+01]
 [2.49803968e+01 2.09058686e+01]
 [2.24951158e+01 2.20985258e+01]
 [6.10357007e+01 1.00355291e+01]
 [3.21140910e+01 1.79581081e+01]
 [3.49910722e+01 1.70381590e+01]
 [9.91725210e+01 5.19922906e+00]
 [8.44522768e+00 3.15647903e+01]
 [1.59900476e+01 2.57304626e+01]
 [4.00953455e+01 1.54862549e+01]
 [2.51252278e+01 2.08999489e+01]
 [1.89158697e+01 2.40714105e+01]
 [1.50412898e+01 2.65149362e+01]
 [7.83263817e-01 4.39432043e+01]
 [6.46576184e+01 9.33281074e+00]
 [1.52051507e+01 2.62648928e+01]
 [1.20265847e+00 4.31190165e+01]
 [6.75643201e+00 3.42197560e+01]
 [6.02241514e+01 1.01847980e+01]
 [2.45795643e-02 4.92068107e+01]
 [4.17196470e+01 1.48073274e+01]
 [4.67328774e+01 1.34772715e+01]
 [6.46755995e+01 9.30268351e+00]
 [3.95708311e-01 4.58463133e+01]
 [2.29316582e+00 3.99610567e+01]
 [5.37629147e+01 1.16447052e+01]]
