[[1.52610864e-02 2.65060857e+04]
 [4.48927166e-02 9.16056255e+03]
 [1.69870331e-02 2.59225653e+04]
 [4.91232333e-02 8.96634650e+03]
 [3.39946541e-02 1.19017793e+04]
 [5.26285058e-02 8.93022581e+03]
 [2.69897406e-02 1.55173060e+04]
 [3.70128177e-02 1.09776149e+04]
 [4.18541489e-02 9.65590185e+03]
 [1.07192317e-02 3.87363394e+04]
 [6.65579178e-03 8.01334124e+04]
 [2.54769990e-02 1.74213262e+04]
 [2.36734457e-02 1.87026776e+04]
 [3.15247391e-02 1.32695640e+04]
 [3.18475519e-02 1.27103137e+04]
 [1.20622167e-02 3.74183468e+04]
 [2.37449270e-02 1.84067872e+04]
 [3.13492445e-02 1.34289154e+04]
 [4.37664957e-02 9.35419140e+03]
 [9.94202140e-03 4.21205463e+04]
 [1.75662574e-02 2.46631743e+04]
 [5.80348224e-03 8.04541568e+04]
 [5.25064956e-03 9.90916651e+04]
 [5.30174139e-02 8.90322283e+03]
 [2.57065886e-02 1.59723699e+04]
 [2.40249579e-02 1.80470326e+04]
 [1.42412880e-02 3.02360048e+04]
 [2.11989407e-02 2.09003634e+04]
 [2.84826754e-02 1.42657777e+04]
 [2.10250921e-02 2.12776263e+04]
 [1.24606059e-02 3.63709236e+04]
 [2.15610606e-02 1.97547574e+04]
 [5.13100196e-02 8.93622558e+03]
 [4.73555666e-02 9.12917325e+03]
 [2.90637842e-02 1.38857811e+04]
 [2.29386051e-02 1.91868348e+04]
 [1.14776439e-02 3.81312278e+04]
 [8.67916074e-03 4.68323764e+04]
 [1.29375268e-02 3.18097531e+04]
 [5.46998021e-02 8.59726202e+03]
 [4.10589632e-02 1.02246101e+04]
 [2.08593539e-02 2.25121625e+04]
 [4.04689840e-02 1.02764426e+04]
 [3.18482392e-02 1.27101894e+04]
 [3.56368922e-02 1.15130124e+04]
 [1.77549252e-02 2.40594842e+04]
 [3.08768118e-02 1.35623544e+04]
 [2.79325077e-02 1.48897789e+04]
 [3.30411988e-02 1.24585276e+04]
 [1.92155487e-02 2.27738640e+04]
 [5.98694780e-02 8.51760758e+03]
 [4.15650901e-02 1.01210110e+04]
 [3.09267085e-02 1.34821686e+04]
 [2.70233540e-02 1.55120825e+04]
 [3.45878334e-02 1.15937882e+04]
 [1.42670789e-02 2.83912300e+04]
 [1.69022030e-02 2.61802047e+04]
 [1.02776274e-02 3.99755868e+04]
 [3.81766597e-02 1.08415718e+04]
 [1.88929793e-02 2.39738160e+04]
 [2.42336155e-02 1.78988331e+04]
 [3.19636416e-02 1.27031734e+04]
 [1.26644755e-02 3.28971155e+04]
 [3.69091600e-02 1.13280775e+04]
 [2.19935358e-02 1.95764848e+04]
 [1.72385062e-02 2.50380144e+04]
 [8.45193336e-03 4.79186279e+04]
 [8.06679354e-03 5.15675675e+04]
 [2.52806406e-02 1.74766727e+04]
 [1.75747306e-02 2.45887449e+04]
 [5.34857302e-02 8.89995634e+03]
 [3.91828284e-02 1.02773278e+04]
 [7.40652256e-03 5.59740566e+04]
 [2.67210469e-02 1.57002037e+04]]
