[[2.08511002 2.16097348]
 [0.93130106 1.03668218]
 [1.98383737 1.6164502 ]
 [2.09597257 2.0556585 ]
 [2.08652401 1.67606949]
 [0.70193469 0.59430447]
 [1.56712089 2.07696785]
 [1.05814058 0.79663998]
 [1.63322451 1.58117431]
 [3.45448459 2.99196855]
 [0.09940067 0.07863296]
 [2.76410989 2.52609268]
 [2.92879636 2.90878724]
 [0.29958845 0.36403037]
 [0.22275939 0.32248239]
 [1.1992388  1.48130914]
 [2.62335155 2.77442391]
 [3.08389179 2.84704896]
 [0.88098128 0.99619072]
 [2.9100709  2.63649595]
 [2.16838174 2.42208159]
 [0.99284944 1.28010303]
 [2.63857323 2.40648325]
 [2.59505814 2.31265173]
 [1.23866451 0.78651925]
 [1.10716367 0.80121606]
 [0.09166321 0.20017499]
 [1.9742524  2.24081549]
 [4.52904748 2.96986554]
 [0.73396187 0.79289245]
 [0.284822   0.68644101]
 [2.85357926 2.99026028]
 [1.69354013 1.57168841]
 [0.62411272 0.93750414]
 [2.42214223 2.57795342]
 [1.37059888 1.68158997]
 [0.79916825 0.60780638]
 [1.85077089 1.59209232]
 [1.283184   1.37221475]
 [0.36327744 0.57457878]
 [1.84571006 1.62285541]
 [1.1992388  1.3768382 ]
 [1.72586026 1.30487534]
 [2.26202413 2.30461335]
 [1.69354013 1.88516675]
 [2.66395202 2.8531917 ]
 [2.12061545 2.74290076]
 [0.60393364 0.79663998]
 [2.94516957 2.93373279]
 [1.71041145 1.70126742]
 [2.61424835 2.5126455 ]
 [1.22272423 1.28571937]
 [0.60137021 0.59684377]
 [1.96925591 1.52186058]
 [2.42772931 2.22281788]
 [2.0891032  1.61969936]
 [0.05126912 0.07863296]
 [2.39932611 2.41426369]
 [0.61453183 0.9564365 ]
 [2.18037194 2.0556585 ]
 [0.15143355 0.33487173]
 [2.75402716 2.99026028]
 [3.75471217 2.99266212]
 [0.09166321 0.21090386]
 [0.6934058  0.59430447]
 [2.07421309 1.86508716]
 [1.73205876 2.16556299]
 [2.76200506 2.40647863]
 [0.60605798 0.81527742]
 [2.66672139 2.65156984]
 [1.16177797 1.19425024]
 [3.41674876 2.89025305]
 [2.23727659 2.48260693]
 [0.03877933 0.09911557]
 [2.69864739 2.96834515]
 [3.05508386 2.96986554]
 [1.10716367 0.80032099]
 [1.90971752 1.60507236]
 [1.12994164 0.78796398]
 [1.86558735 2.16556299]
 [2.22461157 2.37512267]
 [0.98570388 1.28010303]
 [2.76410989 2.67186259]
 [2.16436395 2.38313777]
 [0.27896442 0.38970395]
 [1.32829441 1.64152375]
 [1.55863015 1.92161633]
 [1.66509581 1.39707539]
 [0.44616308 0.61567627]
 [1.96979258 1.95741196]
 [1.3036756  1.2942676 ]
 [2.61424835 2.50847547]
 [1.90762952 1.47337876]
 [2.15590878 2.20531198]
 [2.68649769 2.68789363]
 [3.82068627 2.85544288]
 [2.46035901 2.30477111]
 [2.75402716 2.99703915]
 [2.16148247 1.79733092]
 [2.39804933 1.89365889]
 [2.72231651 2.5126455 ]
 [1.42183269 1.3230009 ]
 [2.34369416 2.48385877]
 [2.48975946 2.58782053]
 [1.26608011 1.17207355]
 [0.03892963 0.11716435]
 [2.06559258 2.06310384]
 [4.16100977 2.99563657]
 [0.30868984 0.30437913]
 [3.28200618 2.87127774]
 [3.88637721 2.99826653]
 [1.83947795 2.22475677]
 [2.38912162 2.39605072]
 [1.52631137 1.47335781]
 [2.40211421 2.10952551]
 [0.09166321 0.12995753]
 [2.77873401 2.75084759]
 [0.20702808 0.32248239]
 [1.73851707 1.57100504]
 [2.2741371  2.30124934]
 [0.96171869 1.18514957]
 [2.30638341 2.46905953]
 [4.3470958  2.998678  ]
 [0.2871443  0.47849954]
 [2.987434   2.8531917 ]
 [4.58770965 2.98466158]
 [2.75122663 2.99807175]
 [1.12294361 1.13141071]
 [1.93135462 1.55163472]
 [2.69074013 2.50085429]
 [1.34472367 1.21491558]
 [2.68652023 2.77216841]
 [1.99454719 1.85482263]
 [0.09940067 0.07967155]
 [0.49177487 0.59430447]
 [0.33509603 0.29548191]
 [2.81278197 2.6955314 ]
 [2.67950207 2.68701279]
 [0.36914106 0.38579355]
 [4.41027078 2.99563657]
 [4.09726249 2.99206547]
 [4.02270818 2.94252425]
 [0.32695144 0.52470646]
 [3.88637721 2.99785996]
 [1.49890277 1.68755625]
 [2.42268691 2.58782053]
 [2.79276645 2.88301513]
 [0.50272402 0.802362  ]
 [0.842499   0.69510693]
 [4.1696307  2.96548588]
 [1.74535982 1.57168841]
 [0.42249463 0.37691542]
 [3.32012486 2.82042002]
 [1.08506205 1.3768382 ]
 [0.94704655 1.24675077]
 [1.86283718 1.92733187]
 [1.47167948 1.81217313]
 [2.57684167 2.84390361]
 [1.98655661 1.69334531]
 [1.88051655 1.457972  ]
 [2.19273249 1.94155069]
 [1.32829441 1.50105004]
 [2.33182621 2.59948322]
 [0.70333794 0.59430447]
 [2.67171841 2.58404927]
 [3.45448459 2.99907886]
 [2.0891032  1.62184615]
 [3.26295839 2.98189529]
 [3.0523693  2.94424734]
 [0.25127173 0.20017499]
 [0.6349949  0.94578086]
 [2.39805765 2.39513635]
 [1.90032314 1.46572171]
 [0.14006952 0.40907146]
 [2.92879636 2.90392216]
 [2.74951466 2.81866085]
 [0.37437583 0.28266882]
 [4.03443897 2.92290339]
 [4.0232937  2.94088895]
 [2.47392989 2.30477111]
 [2.15590878 2.29722865]
 [3.38617053 2.89426964]
 [2.99805486 2.72890657]
 [0.33818144 0.50721451]
 [1.1712848  0.95124275]
 [3.37944221 2.84266144]
 [2.48921477 2.54300302]
 [0.73396187 0.70779854]
 [1.39863604 1.72851984]
 [3.54333448 2.99994339]
 [2.21003504 2.40656061]
 [2.72231651 2.61365683]
 [2.5175245  2.81060222]
 [4.55076547 2.96999301]
 [3.78091126 2.99959974]
 [3.85807752 2.9639416 ]
 [0.64127161 0.947694  ]
 [0.73255027 0.73513248]
 [2.75469638 2.84264682]
 [2.85357926 2.88386866]
 [2.14707448 1.67201872]
 [0.53618066 0.27622965]
 [1.09942096 0.98371625]
 [3.39611398 2.99753656]
 [4.35337262 2.9973977 ]
 [2.91358694 2.99469208]
 [2.15204957 2.37248767]
 [2.67668904 2.48260693]
 [1.24729646 1.5400423 ]
 [3.45448459 2.99656282]
 [2.19790889 2.16556299]
 [1.93181295 1.59209232]
 [4.34471421 2.98620565]
 [2.5077044  2.73665743]
 [1.24738601 1.2042373 ]
 [2.6172332  2.5885416 ]
 [1.83958249 1.62285541]
 [0.60318828 0.57325149]
 [2.84025682 2.81389854]
 [2.79489459 2.99793043]
 [0.71574758 0.79663998]
 [3.74261204 2.95782771]
 [1.41895643 1.39846393]
 [2.14678581 1.8500552 ]
 [4.3114059  2.94258055]
 [1.29019661 1.21491558]
 [2.71614005 2.94424734]
 [2.69237271 2.40647863]
 [0.2872338  0.38970395]
 [0.48838862 0.62385838]
 [0.10061714 0.07863296]
 [2.34945124 2.62239871]
 [1.72889853 2.13868557]
 [0.42510509 0.49697797]
 [1.71041145 1.90628702]
 [2.40688847 2.12727601]
 [1.9742524  2.30399766]
 [2.41763861 2.22000751]
 [0.04538126 0.2138044 ]
 [0.5600711  0.6009415 ]
 [1.97346782 2.01293739]
 [2.83376138 2.85766284]
 [0.27243306 0.20017499]
 [0.08881637 0.25062813]
 [4.29839766 2.98255277]
 [0.36914106 0.50165463]
 [0.54909277 0.59054323]
 [4.30898983 2.99117713]
 [2.16044436 1.93049074]
 [0.25354935 0.13412355]
 [1.13031336 1.19425024]
 [1.44842207 1.90998074]
 [1.20571791 1.2867619 ]
 [4.57269411 2.98000339]
 [2.48051284 2.6601821 ]
 [1.75031128 1.27083541]
 [0.96457006 0.99280672]
 [0.96852522 1.19995218]
 [0.26483955 0.16524518]
 [2.75469638 2.91660307]
 [4.34082796 2.99854103]
 [2.24393923 2.08767239]
 [3.36507104 2.76479589]
 [4.07481003 2.99206547]
 [1.86283718 1.92628908]
 [1.09118962 1.20049043]
 [3.2229212  2.85674646]
 [1.01348215 0.63630316]
 [2.2095214  2.20264915]
 [3.06219801 2.82400211]
 [0.54171906 0.27622965]
 [0.85987325 0.9562479 ]
 [0.69264637 0.59430447]
 [2.12252056 1.8931889 ]
 [1.71041145 1.70786234]
 [2.06559258 1.94441734]
 [1.42733589 1.68755625]
 [2.9403418  2.54656357]
 [3.07948996 2.84790468]
 [1.90971752 1.59699531]
 [1.1193626  1.01587409]
 [0.95486117 0.73513248]
 [2.4849852  2.57007003]
 [2.7269811  2.70541214]
 [2.49573726 2.24177293]
 [1.08506205 1.37407831]
 [3.77080704 2.998678  ]
 [2.69864739 2.91258894]
 [2.42214223 2.57862389]
 [1.88419891 1.68755625]
 [0.89820069 1.11585432]
 [2.83594807 2.98539026]
 [2.30436299 2.64329941]
 [2.92879636 2.96956277]
 [3.54333448 2.98679702]
 [1.96381828 2.02130689]
 [1.26608011 1.14654927]
 [1.2120534  1.47273976]
 [2.83361832 2.94802833]
 [0.99271353 1.24675077]
 [0.29113647 0.37691542]
 [0.92444752 1.04874925]
 [3.13064911 2.83385777]
 [0.44616308 0.31427337]
 [2.69206737 2.77216841]
 [0.62086658 0.79165199]
 [1.41382896 1.48130914]
 [0.52796998 0.43260725]
 [0.85404239 0.77669974]
 [1.37561839 1.27620507]
 [2.48832892 2.64350355]
 [4.3114059  2.99048787]
 [2.1722669  1.78924312]
 [4.05276844 2.95172826]
 [2.2167391  2.2496671 ]]
