[[0.43379929 4.27441307 8.65190854 0.52291692]
 [1.68005678 1.30700616 9.63388057 2.58191717]
 [0.55867567 3.33434245 9.48881637 0.91937637]
 [1.04256965 1.81511829 9.40087105 1.9611576 ]
 [1.25823323 1.90660622 9.63603167 2.93609384]
 [1.43746473 1.81326152 9.95530322 2.29920199]
 [2.1363946  2.55428257 9.8822892  4.56517993]
 [0.43379929 4.27441307 8.63397893 0.50571823]
 [1.68005678 1.52144756 9.66895759 2.59367835]
 [0.24153092 8.23086537 9.73520026 4.81904509]
 [1.67263214 1.30700616 9.63388057 2.57891259]
 [1.34567538 0.80894177 9.54275066 4.31163673]
 [2.43142077 1.34287679 9.9153822  4.18455779]
 [1.08587199 0.88829817 9.82988943 1.55323108]
 [1.25823323 1.66970197 9.98200924 2.93609384]
 [3.65008032 0.59903215 9.77564996 4.64335094]
 [2.94185392 5.04791132 9.97167411 4.6700107 ]]
