[[3.60699608e+01 1.65566552e+01]
 [7.76812641e+00 3.22621992e+01]
 [2.61940879e+01 2.05456462e+01]
 [3.44753316e+01 1.71025222e+01]
 [3.38364045e+00 3.78835185e+01]
 [2.06701379e+01 2.30235463e+01]
 [8.35413583e+01 6.42080819e+00]
 [6.42545421e-02 4.82357273e+01]
 [5.60857909e+01 1.11194220e+01]
 [6.81555654e+01 8.66305532e+00]
 [8.89085385e-01 4.35860832e+01]
 [6.14466549e-01 4.47011988e+01]
 [1.45298019e+01 2.68269711e+01]
 [5.83176055e+01 1.06016468e+01]
 [7.04643053e+01 8.30666886e+00]
 [7.07409588e+00 3.29968040e+01]
 [6.16784942e+01 9.95395502e+00]
 [7.64913006e+01 7.61132999e+00]
 [1.04976551e+01 2.98948891e+01]
 [5.10129214e+01 1.23026655e+01]
 [4.83307391e+01 1.30055861e+01]
 [9.65869014e+01 5.29510110e+00]
 [8.61160919e+00 3.19010647e+01]
 [7.47103428e+00 3.27839613e+01]
 [1.93888691e-01 4.71300901e+01]
 [3.56757064e+01 1.67682477e+01]
 [1.17329489e+02 4.34324222e+00]
 [4.66951383e+00 3.58988353e+01]
 [5.69893656e+01 1.08917859e+01]
 [2.62542348e+00 3.94629533e+01]
 [6.83382844e+01 8.64617576e+00]
 [4.34026601e+01 1.43443386e+01]
 [2.13531304e+01 2.26859973e+01]
 [5.00504672e+01 1.25116603e+01]
 [1.88251444e+01 2.41843976e+01]
 [5.13824242e-01 4.54694508e+01]
 [4.03239394e+00 3.69383522e+01]
 [3.69837635e+01 1.63225093e+01]
 [8.64919865e+01 6.15676129e+00]
 [3.54154819e+01 1.70003975e+01]
 [3.36542071e+01 1.74010150e+01]
 [3.20537255e+00 3.81544643e+01]
 [4.94481916e+00 3.56141364e+01]
 [2.83518875e+01 1.95538827e+01]
 [1.27649019e+01 2.80997480e+01]
 [2.40538698e+01 2.14695150e+01]
 [6.48609556e+01 9.26874806e+00]
 [5.05834735e+01 1.23675360e+01]
 [3.43372301e+01 1.71514592e+01]
 [1.93779981e+01 2.37564183e+01]
 [5.01455835e+01 1.24796289e+01]
 [5.40210633e+01 1.15365319e+01]
 [6.83013424e+00 3.33587758e+01]
 [6.43486652e+01 9.37801384e+00]
 [1.20306667e+01 2.85309140e+01]
 [7.44505565e+01 7.63696884e+00]
 [5.89411434e+01 1.05818184e+01]
 [4.67329773e+01 1.33736789e+01]
 [3.01727971e+01 1.87087766e+01]
 [1.34130912e+00 4.22112876e+01]
 [2.15113580e+01 2.25891640e+01]
 [7.93024178e+01 7.29668767e+00]
 [3.35921562e-01 4.59875418e+01]
 [5.79757966e+01 1.06536827e+01]
 [2.15758789e+01 2.25489721e+01]
 [2.66596827e+01 2.02184574e+01]
 [2.58182713e+01 2.08055238e+01]
 [8.12972023e-01 4.41664531e+01]
 [7.79711709e+00 3.22085453e+01]
 [4.45625951e+01 1.40918550e+01]
 [6.96871304e+01 8.40558730e+00]
 [2.47211051e+01 2.10275627e+01]
 [3.79945778e+01 1.59323796e+01]
 [8.62804999e+00 3.15900942e+01]
 [1.31969028e+01 2.76972815e+01]
 [2.77386830e+00 3.89277638e+01]
 [4.67663491e+01 1.33526234e+01]
 [4.21620745e+01 1.46265005e+01]
 [3.75361146e+00 3.72747338e+01]
 [5.38580768e+01 1.16485177e+01]
 [6.96135576e+01 8.42397176e+00]
 [3.26021873e+01 1.77876950e+01]
 [8.02485554e+01 7.11869063e+00]
 [3.27101692e+01 1.77589149e+01]
 [7.01730799e+01 8.31113849e+00]
 [3.91416147e+01 1.55467138e+01]
 [1.79816284e+01 2.45904349e+01]
 [5.32432904e+01 1.18283137e+01]
 [6.91922583e-01 4.44418788e+01]
 [7.19408245e+01 8.01237546e+00]
 [2.02291111e+00 4.05086490e+01]
 [2.62728519e-01 4.64450476e+01]
 [4.13293070e+00 3.68514178e+01]
 [5.34718436e+01 1.16612434e+01]
 [4.50652135e+01 1.38072019e+01]
 [1.21033246e+01 2.84498708e+01]
 [1.02984042e+00 4.31941739e+01]
 [4.28413418e+00 3.64353428e+01]
 [6.06772742e+01 1.00926354e+01]
 [5.17815690e+01 1.20756660e+01]
 [5.00753781e+01 1.24841183e+01]
 [3.64208919e+01 1.64783257e+01]
 [2.05031630e+01 2.31204647e+01]
 [2.08699861e+01 2.29201545e+01]
 [1.19158618e+01 2.86011782e+01]
 [3.60147008e+01 1.66956781e+01]
 [1.41624463e+00 4.19642958e+01]
 [2.18207191e+00 4.01005677e+01]
 [1.11394377e+02 4.68970831e+00]
 [7.09630621e+01 8.18251721e+00]
 [7.32905725e+01 7.80331402e+00]
 [6.39186693e+01 9.46243930e+00]
 [2.99171409e+01 1.88154538e+01]
 [5.79406439e+01 1.06615388e+01]
 [8.69985118e+00 3.15208134e+01]
 [6.17388396e+01 9.88386160e+00]
 [2.76710956e+01 1.97216465e+01]
 [3.39703682e+01 1.72797952e+01]
 [1.14221603e+01 2.90338290e+01]
 [7.29884071e+01 7.85652240e+00]
 [6.65957702e+00 3.35761655e+01]
 [6.60622646e+01 9.04404406e+00]
 [7.26387335e+00 3.28149341e+01]
 [1.89935255e+01 2.39542084e+01]
 [8.98290597e+01 5.87262957e+00]
 [1.59957415e+00 4.15930845e+01]
 [4.90219390e+01 1.27469474e+01]
 [4.65904102e+00 3.60155754e+01]
 [3.07163213e+01 1.85980647e+01]
 [4.64265309e+01 1.34264990e+01]
 [1.51849824e+01 2.62457580e+01]
 [1.42757879e+01 2.68825864e+01]
 [3.72009529e+01 1.61897965e+01]
 [3.17354115e+01 1.81485282e+01]
 [2.43779936e+00 3.95935045e+01]
 [9.15401703e+00 3.10240831e+01]
 [1.75210694e+01 2.48550859e+01]
 [4.90329696e+01 1.27447142e+01]
 [3.98748676e+01 1.53214381e+01]
 [5.05675235e+00 3.54073223e+01]
 [1.39730904e+01 2.73822381e+01]
 [7.92591256e+00 3.20759247e+01]
 [4.14497823e+01 1.48385144e+01]
 [1.69298285e+01 2.51770984e+01]
 [5.75792510e+01 1.07423058e+01]
 [9.05147208e+00 3.10878785e+01]
 [7.81015401e+01 7.50721621e+00]
 [6.86842505e+00 3.32339969e+01]
 [4.61139651e+01 1.36149424e+01]
 [1.28464337e+01 2.78687432e+01]
 [3.97672525e+00 3.70862842e+01]
 [4.78486607e+01 1.30789748e+01]
 [6.02354757e+01 1.03378875e+01]
 [2.37184900e+01 2.15006854e+01]
 [3.99554597e+00 3.70488245e+01]
 [6.00819875e-02 4.82947230e+01]
 [2.88822055e+00 3.87144616e+01]
 [5.37710108e-01 4.50197357e+01]
 [4.86124948e+01 1.29409779e+01]
 [1.05546994e+01 2.96721623e+01]
 [3.04608941e+01 1.86549541e+01]
 [4.12578997e+01 1.50188493e+01]
 [2.48211394e+01 2.09974032e+01]
 [1.03094148e+01 3.00018891e+01]
 [8.28583428e+00 3.19330592e+01]
 [1.11413737e+01 2.92004353e+01]
 [7.97871243e+01 7.25158970e+00]
 [4.41139604e+00 3.62529467e+01]
 [5.74711369e+01 1.07661874e+01]
 [4.19220930e+01 1.46992807e+01]
 [4.68152236e+01 1.33246294e+01]
 [4.96067394e+01 1.26582504e+01]
 [9.37380160e+00 3.09691382e+01]
 [2.18915653e+01 2.24621758e+01]
 [3.15088335e+01 1.81856401e+01]
 [1.04989802e+01 2.98406001e+01]
 [1.00997664e+01 3.03583244e+01]
 [8.43296107e+01 6.41808789e+00]
 [2.09228537e+00 4.03991319e+01]
 [6.10449879e+00 3.41108927e+01]
 [5.60970186e+01 1.10634262e+01]
 [8.96099220e+00 3.15045360e+01]
 [2.73640515e+01 2.00367058e+01]
 [2.93239796e+01 1.90439057e+01]
 [7.60181110e+00 3.24801701e+01]
 [2.68515737e+00 3.93196842e+01]
 [4.47410758e-02 4.85395435e+01]
 [1.01026936e+02 4.95393010e+00]
 [6.90125454e+01 8.53384510e+00]
 [1.58187710e+00 4.16569658e+01]
 [2.40547825e+01 2.13702361e+01]
 [3.99897901e+01 1.52831660e+01]
 [3.74611455e+01 1.61811925e+01]
 [5.68267077e+01 1.09747776e+01]
 [1.05337422e+01 2.96951464e+01]
 [1.60065436e+01 2.58119155e+01]
 [7.47163947e+01 7.61685375e+00]
 [3.56625058e+01 1.67723125e+01]
 [9.48850765e+01 5.40687759e+00]
 [1.28443894e+01 2.80441803e+01]
 [6.42506668e+01 9.45634053e+00]
 [5.06219959e+01 1.23492933e+01]
 [1.22869517e+02 4.22419650e+00]
 [6.85829141e+01 8.61065428e+00]
 [3.76415230e+01 1.60370828e+01]
 [7.15036874e+01 8.15284033e+00]
 [2.79559439e+01 1.96068420e+01]
 [5.34875685e+01 1.16583467e+01]
 [6.31248457e+01 9.60861826e+00]
 [6.00589101e+00 3.41928399e+01]
 [7.16295741e+01 8.09088954e+00]
 [1.34402795e+01 2.76841642e+01]
 [6.58940275e+01 9.12732470e+00]
 [1.71296354e+01 2.50202737e+01]
 [3.38141133e+01 1.73382373e+01]
 [3.60335323e+01 1.66048268e+01]
 [2.58200474e+01 2.05608573e+01]
 [1.32612318e-02 4.92768351e+01]
 [1.15706549e+02 4.36245963e+00]
 [9.24400428e+01 5.68474187e+00]
 [8.89160657e+01 6.09800669e+00]
 [2.01950329e+01 2.33126685e+01]
 [4.28258115e+01 1.44324184e+01]
 [6.99917489e+01 8.34161715e+00]
 [2.92532467e+01 1.93782217e+01]
 [3.72400732e+00 3.73180063e+01]
 [1.25090028e+01 2.81386308e+01]
 [3.24105433e+01 1.79484906e+01]
 [3.13545918e+01 1.82441089e+01]
 [4.72882896e+01 1.31985376e+01]
 [4.63063584e+01 1.34644109e+01]
 [5.64564780e+00 3.46693730e+01]
 [2.29756527e+01 2.21207882e+01]
 [1.57916510e+01 2.58498927e+01]
 [3.69402055e+01 1.63434091e+01]
 [2.65379024e+01 2.04823357e+01]
 [6.67309439e+01 8.92785199e+00]
 [1.78145357e+00 4.10491780e+01]
 [1.38882865e+00 4.20347829e+01]
 [3.09311106e+01 1.84151592e+01]
 [1.23481443e-01 4.76549691e+01]
 [4.26877660e-01 4.55253052e+01]
 [7.00397367e+00 3.31578257e+01]
 [4.38709571e+01 1.41337226e+01]
 [5.47506385e+01 1.13678596e+01]
 [5.93445114e+01 1.04860856e+01]
 [4.08674443e+01 1.50482165e+01]
 [1.91552266e+01 2.39269852e+01]
 [8.34351559e+01 6.87745623e+00]
 [2.32849702e-01 4.67095253e+01]
 [6.18375172e+01 9.87706035e+00]
 [2.14608477e+01 2.26209782e+01]
 [9.02217720e+00 3.13021476e+01]
 [3.77970484e+01 1.59769552e+01]
 [1.23523986e+00 4.24508374e+01]
 [5.18648429e+01 1.20423610e+01]
 [1.76382984e+01 2.47177538e+01]
 [1.36199290e+00 4.21603281e+01]
 [4.26989673e+01 1.45340184e+01]
 [6.40228075e+00 3.37972994e+01]
 [5.23931275e+00 3.51244984e+01]
 [5.37932036e-01 4.49923342e+01]
 [2.27887007e+01 2.21344198e+01]
 [1.12370498e+02 4.51890437e+00]
 [8.62792432e+01 6.37059299e+00]
 [2.86387069e+00 3.88858120e+01]
 [4.92487765e+01 1.26892274e+01]
 [2.74901203e+01 1.98028681e+01]
 [3.80534173e+01 1.58966904e+01]
 [2.83908083e+01 1.95369959e+01]
 [5.32096981e+01 1.19884303e+01]
 [6.27075391e+01 9.69301359e+00]
 [2.06402786e+01 2.30367976e+01]
 [9.58765353e+00 3.05037996e+01]
 [5.83880377e+01 1.05848579e+01]
 [2.36646350e+01 2.17373234e+01]
 [6.62547970e+01 9.01852958e+00]
 [2.41871352e+01 2.12710596e+01]
 [2.20406399e+01 2.23198985e+01]
 [1.99260677e+01 2.36396105e+01]
 [1.39936990e+01 2.71423113e+01]
 [7.87933114e+00 3.21339651e+01]
 [1.57402737e+01 2.58901697e+01]
 [3.96541128e-01 4.56732783e+01]
 [7.09269782e+00 3.29674071e+01]
 [2.86155309e+01 1.94622350e+01]
 [1.95391020e+01 2.37269978e+01]
 [3.84793957e+01 1.58013879e+01]
 [7.61666262e+00 3.23924142e+01]
 [3.97059870e+01 1.53723817e+01]
 [1.62921489e+01 2.55320450e+01]
 [6.21887943e+01 9.79713487e+00]
 [2.34376092e+01 2.17502530e+01]
 [1.10190049e+01 2.92888987e+01]
 [8.66743207e-01 4.40704622e+01]
 [1.00423927e+02 5.28607066e+00]
 [5.74363335e+01 1.07785006e+01]
 [4.80282398e+01 1.30351575e+01]
 [3.96900659e+01 1.54035924e+01]
 [4.89704396e+00 3.58466996e+01]]
