[[0.62822678 4.53414591 9.09509548 1.55636897]
 [0.79947911 2.97243018 6.17732379 1.70517533]
 [0.43379929 4.27441307 8.65190854 0.52291692]
 [1.36438273 0.93245491 8.65502654 2.30850721]
 [0.63937904 4.53414591 9.09509548 1.45448622]
 [3.11392263 9.19269149 9.8578212  4.9005021 ]
 [1.27479673 0.80894177 9.03670369 4.84038468]
 [0.72399139 1.9719549  6.62585312 2.09160731]
 [3.45004241 0.36218902 9.66754265 3.78772906]
 [0.42761604 5.12519745 7.41662564 0.51537404]
 [0.61933926 2.16016436 7.48043347 2.09160731]
 [1.68005678 1.30700616 8.5223885  2.58191717]
 [1.51361194 1.37685738 9.379859   4.78284791]
 [1.03802085 1.93464469 9.47902159 2.53239521]
 [0.56889291 1.97691526 9.88175624 4.75550115]
 [0.79947911 2.97243018 6.41219785 1.70517533]
 [0.80501855 4.1232177  8.95572979 1.14833594]
 [0.75003099 1.86093817 6.62585312 2.04928697]
 [0.42579445 6.22369916 8.18478944 0.62961454]
 [0.72178886 2.85672705 6.03812793 1.73286765]
 [1.52399304 1.26533076 9.0453509  3.22723612]
 [1.69917181 1.30700616 8.60940286 2.58191717]
 [0.42761604 5.12519745 7.3650523  0.51537404]
 [1.4613339  5.64924691 9.87426019 4.87259927]
 [1.59476055 1.5157577  9.79250669 2.95364551]
 [0.62822678 4.53414591 9.64478765 1.59746103]
 [0.69600585 1.98013836 9.47902159 2.74993139]
 [1.4828542  1.41875043 9.5237073  4.53531949]
 [3.3513283  0.29582876 9.66754265 3.48571888]]
