[[1.52610864e-02 2.65060857e+04]
 [4.48927166e-02 9.16056255e+03]
 [3.39946541e-02 1.19017793e+04]
 [3.99955887e-02 1.06219886e+04]
 [3.70128177e-02 1.09776149e+04]
 [4.18541489e-02 9.65590185e+03]
 [1.07192317e-02 3.87363394e+04]
 [8.25714144e-03 5.12050263e+04]
 [2.18380111e-02 1.98294632e+04]
 [4.82203276e-03 9.75775281e+04]
 [4.63928734e-03 9.78764389e+04]
 [3.47672532e-02 1.16781295e+04]
 [4.36237742e-02 9.40367123e+03]
 [3.85013163e-02 1.06429467e+04]
 [2.61739174e-02 1.53785127e+04]
 [3.04161882e-02 1.33910001e+04]
 [1.01573927e-02 4.19264837e+04]
 [3.35237878e-02 1.24525388e+04]
 [1.38768330e-02 3.00947086e+04]
 [1.89387710e-02 2.17090436e+04]
 [4.17328196e-02 1.00202780e+04]
 [1.07874002e-02 3.86585257e+04]
 [4.84768784e-03 9.67712607e+04]
 [8.89316478e-03 4.98000234e+04]
 [3.57272907e-02 1.16763727e+04]
 [1.06796162e-02 4.11162632e+04]
 [3.11436215e-02 1.32695640e+04]
 [1.08881070e-02 3.83628822e+04]
 [4.62368249e-02 8.87983044e+03]
 [1.87932871e-02 2.27713210e+04]
 [3.29798555e-02 1.25657679e+04]
 [2.43883462e-02 1.72022235e+04]
 [1.70012620e-02 2.49181809e+04]
 [2.93147948e-02 1.37095989e+04]
 [3.11398986e-02 1.33789791e+04]
 [2.73073763e-02 1.50574438e+04]
 [8.87207736e-03 4.98631178e+04]
 [5.56723700e-02 8.57972982e+03]
 [2.89133993e-02 1.45919589e+04]
 [1.44012516e-02 2.92060715e+04]
 [1.16753951e-02 3.56165273e+04]
 [3.40138805e-02 1.18377665e+04]
 [6.67299687e-03 6.79553333e+04]
 [1.64727482e-02 2.52511202e+04]
 [6.87324709e-02 8.52326672e+03]
 [4.25292633e-02 9.64393281e+03]
 [4.64080595e-02 8.81746247e+03]
 [1.26616564e-02 3.16794466e+04]
 [2.17521619e-02 1.98871506e+04]
 [2.27882978e-02 1.93456444e+04]
 [4.33559976e-02 9.43027856e+03]
 [6.98101901e-02 8.43749747e+03]
 [1.81179498e-02 2.40685684e+04]
 [4.00371578e-02 1.03787256e+04]
 [5.22155857e-02 8.72708024e+03]
 [4.16480834e-02 1.00401354e+04]
 [5.53140853e-03 7.78598760e+04]
 [3.67650969e-02 1.10465810e+04]
 [2.08559761e-02 2.02461873e+04]
 [9.90229609e-03 4.26279274e+04]
 [2.37428789e-02 1.78133347e+04]
 [3.61812808e-02 1.13058883e+04]
 [1.50454486e-02 2.85214676e+04]
 [7.11709203e-03 5.98695903e+04]
 [2.33861732e-02 1.83140359e+04]
 [9.00790997e-03 4.63085958e+04]
 [2.56197822e-02 1.65353730e+04]
 [1.75841987e-02 2.45826384e+04]
 [5.50847772e-03 9.23092898e+04]
 [7.62754238e-03 5.75643582e+04]
 [1.93499239e-02 2.09235836e+04]
 [1.10450833e-02 3.69352185e+04]
 [1.84059635e-02 2.40374326e+04]]
