[[1.52610864e-02 2.65060857e+04]
 [4.48927166e-02 9.16056255e+03]
 [1.69870331e-02 2.59225653e+04]
 [3.39946541e-02 1.19017793e+04]
 [2.69897406e-02 1.55173060e+04]
 [3.69601535e-02 1.15706902e+04]
 [3.70128177e-02 1.09776149e+04]
 [4.18541489e-02 9.65590185e+03]
 [1.07192317e-02 3.87363394e+04]
 [8.73430708e-03 4.97827473e+04]
 [4.37664957e-02 9.35419140e+03]
 [9.94202140e-03 4.21205463e+04]
 [5.80348224e-03 8.04541568e+04]
 [5.25064956e-03 9.90916651e+04]
 [2.57065886e-02 1.59723699e+04]
 [1.42412880e-02 3.02360048e+04]
 [2.55313057e-02 1.64151349e+04]
 [3.13784251e-02 1.28134245e+04]
 [1.14447871e-02 3.79200075e+04]
 [6.64288273e-03 6.02690130e+04]
 [1.27409086e-02 3.42865605e+04]
 [7.13204159e-02 8.48667724e+03]
 [3.08933470e-02 1.33618236e+04]
 [1.04383599e-02 3.96608235e+04]
 [2.29221380e-02 1.84732015e+04]
 [3.96184017e-02 1.02206137e+04]
 [3.57060302e-02 1.18471267e+04]
 [4.34079404e-02 9.44216922e+03]
 [1.30664652e-02 3.21849514e+04]
 [5.28442461e-02 8.62966777e+03]
 [1.15596281e-02 3.71072601e+04]
 [2.77332415e-02 1.52829004e+04]
 [3.26274013e-02 1.26030219e+04]
 [3.42039432e-02 1.18736470e+04]
 [2.54448932e-02 1.66078144e+04]
 [2.13695136e-02 1.88712196e+04]
 [4.83150734e-02 8.82512500e+03]
 [3.37426970e-02 1.25983171e+04]
 [5.88478514e-03 7.35501819e+04]
 [8.98997263e-03 4.54326130e+04]
 [2.57900207e-02 1.59607134e+04]
 [2.45960089e-02 1.71176559e+04]
 [1.35953351e-02 3.13964808e+04]
 [4.02852132e-02 1.00012891e+04]
 [3.85739298e-02 1.05857268e+04]
 [5.25232298e-02 8.70206668e+03]
 [5.21691061e-03 9.95696268e+04]
 [1.52960891e-02 2.63410334e+04]
 [2.08205243e-02 1.97538960e+04]
 [3.05000189e-02 1.37891851e+04]
 [1.74008567e-02 2.53231478e+04]
 [4.57607352e-02 8.96634650e+03]
 [2.93290597e-02 1.39363956e+04]
 [5.46740761e-02 8.49208059e+03]
 [6.43759419e-03 6.41431011e+04]
 [4.27106579e-02 9.65032298e+03]
 [3.82769747e-02 1.07150058e+04]
 [4.54822542e-02 9.00683922e+03]
 [1.33810677e-02 3.14579449e+04]
 [3.39036986e-02 1.19467480e+04]
 [3.58900811e-02 1.15956693e+04]
 [7.56808399e-03 5.53997835e+04]
 [3.37555325e-02 1.19707085e+04]
 [1.61614341e-02 2.61359632e+04]
 [4.46723582e-02 9.25563143e+03]
 [6.64220209e-03 6.02813922e+04]
 [9.66097981e-03 4.33983982e+04]
 [2.85672354e-02 1.44219052e+04]
 [2.80650973e-02 1.44478322e+04]
 [2.78712983e-02 1.52519058e+04]
 [2.37459804e-02 1.81061692e+04]
 [2.89499148e-02 1.43984894e+04]
 [2.39456002e-02 1.76751566e+04]
 [3.22865657e-02 1.26281534e+04]
 [4.82160977e-02 8.96357804e+03]
 [4.28980575e-02 9.60958730e+03]
 [2.01735922e-02 2.08912510e+04]
 [1.87205580e-02 2.16322975e+04]
 [2.31646754e-02 1.81322034e+04]
 [3.17525556e-02 1.26559585e+04]
 [8.22975427e-03 4.99550964e+04]
 [5.45179692e-03 9.08176795e+04]
 [3.88012079e-02 1.04177432e+04]
 [1.83373865e-02 2.21084749e+04]
 [1.75423804e-02 2.32460008e+04]]
