[[1.52610864e-02 2.65060857e+04]
 [4.48927166e-02 9.16056255e+03]
 [3.93752889e-02 1.06532184e+04]
 [3.39946541e-02 1.19017793e+04]
 [2.69897406e-02 1.55173060e+04]
 [3.70128177e-02 1.09776149e+04]
 [4.18541489e-02 9.65590185e+03]
 [1.07192317e-02 3.87363394e+04]
 [3.15247391e-02 1.32695640e+04]
 [1.20622167e-02 3.74183468e+04]
 [3.13492445e-02 1.34289154e+04]
 [4.37664957e-02 9.35419140e+03]
 [9.94202140e-03 4.21205463e+04]
 [1.75662574e-02 2.46631743e+04]
 [5.80348224e-03 8.04541568e+04]
 [5.25064956e-03 9.90916651e+04]
 [2.57065886e-02 1.59723699e+04]
 [1.42412880e-02 3.02360048e+04]
 [8.62407872e-03 4.80120660e+04]
 [2.84826754e-02 1.42657777e+04]
 [1.29877897e-02 3.30752248e+04]
 [2.15610606e-02 1.97547574e+04]
 [4.73555666e-02 9.12917325e+03]
 [2.90637842e-02 1.38857811e+04]
 [6.39436901e-03 7.40431534e+04]
 [1.70144863e-02 2.46728070e+04]
 [1.21628554e-02 3.63148152e+04]
 [8.18146728e-03 5.30180948e+04]
 [2.77622160e-02 1.54246352e+04]
 [1.31381488e-02 3.13199160e+04]
 [2.38030184e-02 1.76158049e+04]
 [3.15280905e-02 1.27389956e+04]
 [2.41871135e-02 1.74041030e+04]
 [1.98436442e-02 2.16679658e+04]
 [3.83174241e-02 1.09656038e+04]
 [2.54944419e-02 1.69841331e+04]
 [3.25509687e-02 1.26259245e+04]
 [2.45392615e-02 1.71365022e+04]
 [1.63402723e-02 2.57368803e+04]
 [8.44189428e-03 5.25377669e+04]
 [3.00200459e-02 1.35030680e+04]
 [7.67163502e-03 5.37240593e+04]
 [2.00184126e-02 2.05491266e+04]
 [1.50720353e-02 2.78053305e+04]
 [5.71603654e-03 8.96251178e+04]
 [1.43422116e-02 2.98803176e+04]
 [6.78181218e-03 7.24052096e+04]
 [3.95134579e-02 1.05021420e+04]
 [2.31418358e-02 1.79957665e+04]
 [4.18353142e-02 9.66415110e+03]
 [2.86672415e-02 1.42074707e+04]
 [1.86544345e-02 2.29610993e+04]
 [5.00878771e-02 8.60654774e+03]
 [2.79600343e-02 1.46346977e+04]
 [3.68856364e-02 1.09941136e+04]
 [4.80878896e-02 8.86107382e+03]
 [5.27131351e-02 8.57587161e+03]
 [2.14309014e-02 1.99108847e+04]
 [3.55539022e-02 1.15165545e+04]
 [2.80940653e-02 1.44333980e+04]
 [1.66158097e-02 2.50247356e+04]
 [6.03196498e-03 7.82341506e+04]
 [3.63233104e-02 1.15035490e+04]
 [4.15084824e-02 1.01073528e+04]
 [3.88180497e-02 1.07579044e+04]
 [2.08809079e-02 2.03274649e+04]
 [2.28376486e-02 1.81376341e+04]
 [3.15308217e-02 1.27103137e+04]
 [1.28786870e-02 3.36211138e+04]]
