[[4.86621314e+00 6.48194950e-03]
 [3.18032647e+01 6.57607673e-04]
 [4.65567626e+00 6.52523718e-03]
 [1.83355959e+01 1.15542354e-03]
 [3.19321400e+01 6.56465298e-04]
 [1.41573768e+01 1.49157484e-03]
 [1.76830538e+01 1.15794094e-03]
 [1.97585365e+01 1.08072894e-03]
 [8.06273097e+00 3.27490804e-03]
 [3.22487220e+01 6.40953539e-04]
 [2.26837455e+01 9.59958680e-04]
 [3.30483191e+01 5.86737865e-04]
 [2.81986615e+01 6.62521867e-04]
 [2.56749228e+01 7.61650925e-04]
 [1.43840935e+01 1.41244016e-03]
 [1.19578186e+01 1.85262738e-03]
 [3.43463254e+01 5.43478659e-04]
 [5.11861061e+00 5.49606643e-03]
 [3.61082867e+01 4.76422570e-04]
 [1.08222994e+02 4.52305820e-04]
 [8.41752396e+00 2.83340299e-03]
 [4.60730669e+01 4.62938821e-04]
 [1.38985906e+01 1.53190894e-03]
 [5.79172036e+00 4.37347805e-03]
 [2.36552871e+01 8.84643666e-04]
 [5.03975480e+00 5.70676603e-03]]
