[[4.86621314e+00 6.48194950e-03]
 [3.18032647e+01 6.57607673e-04]
 [2.23930593e+01 9.50885037e-04]
 [1.38583616e+01 1.92456864e-03]
 [1.62072948e+01 1.34727829e-03]
 [1.26053579e+01 1.94096797e-03]
 [2.49856601e+01 8.35621306e-04]
 [1.05192484e+01 2.36960019e-03]
 [2.67434686e+01 7.61927380e-04]
 [2.10822570e+01 1.10056986e-03]
 [1.67583537e+01 1.32698108e-03]
 [3.46800930e+01 5.31542793e-04]
 [2.33953791e+01 9.29353727e-04]
 [1.26528232e+01 1.93305718e-03]
 [5.00004761e+01 5.06743417e-04]
 [2.04098713e+01 1.29974318e-03]
 [1.11114053e+01 2.22939953e-03]
 [1.61254120e+01 1.46668769e-03]
 [8.28383010e+00 2.51937795e-03]
 [5.17489722e+01 4.85326862e-04]
 [3.19424281e+01 6.05456647e-04]
 [1.44254499e+01 1.77464963e-03]
 [5.40271626e+01 4.77721392e-04]]
