[[0.94325798 0.44926606]
 [0.78492906 0.54484695]
 [0.20839703 0.93143086]
 [0.90687446 0.46750534]
 [0.88074897 0.50695859]
 [0.18591998 0.94885444]
 [0.78364785 0.55363295]
 [0.48499624 0.8600995 ]
 [0.8750242  0.54199681]
 [0.98211079 0.20183257]
 [0.50009696 0.84024759]
 [0.52874946 0.79266525]
 [0.77330607 0.63480898]
 [0.19826773 0.94869711]
 [0.78323981 0.60661529]
 [0.68001347 0.77840823]
 [0.08924987 1.01043827]
 [1.01665363 0.1139267 ]
 [0.1369479  0.95990075]
 [0.1294298  0.98148641]
 [0.98764327 0.11423797]
 [0.95777399 0.21704009]
 [0.48197895 0.90183201]
 [0.92519519 0.45426714]
 [0.16254816 0.95987281]
 [0.1668313  0.95272414]
 [0.90204585 0.47545281]]
