[[0.62822678 4.53414591 9.09509548 1.55636897]
 [0.79947911 2.97243018 6.17732379 1.70517533]
 [0.43379929 4.27441307 8.65190854 0.52291692]
 [1.36438273 0.93245491 8.65502654 2.30850721]
 [1.68005678 1.30700616 9.63388057 2.58191717]
 [0.67158854 1.86709885 9.70171865 3.74283146]
 [1.46198195 1.04776867 6.28377371 2.01338255]
 [1.29487067 1.94627761 7.44656026 1.42954619]
 [1.40780274 0.80894177 9.97516323 2.11630724]
 [1.37021574 1.89792434 9.96124718 3.06046481]
 [1.32351709 1.94627761 7.44656026 1.4621865 ]
 [1.85697435 1.54104492 9.73185594 4.94209153]
 [1.47304228 1.50650184 9.17026829 1.6114869 ]
 [0.79947911 1.95720662 5.89854477 1.70517533]
 [0.6074112  2.27089641 8.75311865 3.83791449]
 [1.3007164  2.30528793 9.99854471 3.74195519]
 [1.25146992 1.15572291 9.72513033 4.04857475]
 [0.62822678 4.90502571 8.57474726 1.34003434]
 [0.89420562 2.35278659 8.20525515 1.70517533]]
