[[ -64.03294754   16.08333261]
 [-100.15050892   19.54568478]
 [ -64.02230558   16.04761051]
 [ -70.13068681   16.34113252]
 [ -63.77041874   15.89557192]
 [ -34.224262      7.87203894]
 [ -86.48348668   18.40822454]
 [-167.51785687   29.97286272]
 [ -48.06979163   14.36955074]
 [ -87.35013838   18.93334122]
 [ -59.69560394   14.82697256]
 [ -79.57328819   17.58719661]
 [-168.1326923    30.31996322]
 [-150.77006442   23.5375456 ]
 [-166.28599281   25.0059741 ]
 [-190.71192671   49.27631274]
 [-118.41108908   20.38976544]
 [-166.2359131    24.80285959]
 [ -48.15830698   14.54344715]
 [-168.09569507   30.14167949]
 [-166.28567076   24.97735297]
 [ -41.44887715    9.30531048]
 [ -35.55783853    7.94834799]
 [ -32.22603285    6.43097556]
 [ -50.65733488   14.60063234]
 [-168.69846718   48.63521503]
 [-150.79002057   23.69879041]
 [ -80.39689341   18.20665636]
 [-100.19422496   19.66267339]
 [-130.80816211   21.66428075]]
