[[0.77750653 1.31242832 2.00194178 0.45649929 1.14177303 1.71745073]
 [1.685686   0.8063684  1.49684893 0.27458788 1.11331508 0.54202718]
 [4.37860696 0.81316862 1.55715075 0.25613067 1.02275079 1.48953135]
 [4.21209618 0.91743012 1.58749364 0.45649929 1.13646395 1.38106163]
 [1.31826012 1.05433568 1.2485455  0.84708632 1.14305221 1.11383261]
 [1.685686   0.80652372 1.49684893 0.51533065 1.01033761 0.44641447]
 [0.78934223 1.31242832 1.95520413 0.3969172  1.14177303 1.72115016]
 [1.09183247 1.00844178 1.9010917  0.41168512 1.00673638 1.15691982]
 [4.08880023 0.94329318 1.55715075 0.45503342 1.06562913 1.70464121]
 [4.00078988 0.68055824 1.51621082 0.21529589 1.08738883 1.22022593]
 [4.00189938 0.80380421 1.96783021 0.26217712 1.02755017 1.18815039]
 [0.76704593 1.31242832 2.00194178 0.78644183 1.14177303 1.40478127]
 [1.11262943 1.05433568 1.88178635 0.43216171 1.06316754 0.82618907]
 [0.76704593 1.31242832 1.56145888 0.78644183 1.19230797 1.40478127]
 [3.785249   0.80652372 1.49684893 0.51533065 1.01033761 0.52047755]
 [1.685686   0.80652372 1.49684893 0.51255813 1.01033761 0.54202718]
 [4.4776026  0.82782425 1.52149761 0.2860205  1.12985373 1.69663445]
 [4.69522488 1.00844178 1.9010917  0.32352917 1.00383911 1.14821699]
 [4.37860696 0.80390865 1.55715075 0.35027358 1.02275079 1.12692051]
 [0.76704593 1.31242832 2.0155884  0.78839705 1.11893273 1.40478127]
 [3.785249   0.80652372 1.49684893 0.51533065 1.00362909 0.52047755]
 [4.39057614 1.06528653 1.43253844 0.23940621 1.10999032 1.52750409]
 [4.21209618 0.91743256 1.58749364 0.45649929 1.07496045 1.389131  ]
 [4.39323684 1.06156394 1.43253844 0.23919594 1.11796541 1.52750409]
 [4.68201968 1.3047556  1.54810965 0.17775336 4.7433977  1.64718422]
 [4.743184   1.00844178 1.8953551  0.31732307 1.00383911 1.15454541]
 [4.00078988 0.68024094 1.51621082 0.21604683 1.13131383 1.20501437]
 [3.39843682 0.81308094 1.49769727 0.13350175 1.00451329 1.1262687 ]
 [0.76704593 1.31242832 1.56145888 0.78644183 1.12691545 1.40478127]
 [3.39382547 0.80652372 1.49684893 0.51533065 1.01033761 0.52047755]
 [3.57333774 0.80652372 1.50258554 0.51839162 1.01033761 0.51414912]
 [4.60351147 1.05877898 1.60064862 0.32499095 1.07129276 1.20532577]
 [4.21789654 0.81316862 1.55715075 0.59283128 1.06562913 1.39941533]
 [3.785249   0.80661141 1.55630241 0.51533065 1.02186817 0.52112936]
 [4.64817483 1.06153677 1.73507909 0.18238848 4.63242928 1.53704777]
 [4.21789654 0.81445354 1.55715075 0.62776946 1.06562913 1.37908271]]
