[[0.78492906 0.54484695]
 [0.13029781 1.01105499]
 [0.74083558 0.77500288]
 [0.50969049 0.83423943]
 [0.46116184 0.90484215]
 [0.57973046 0.81361486]
 [0.14078842 0.99066612]
 [0.5035824  0.843784  ]
 [0.08861899 1.06734832]
 [0.93346234 0.21428599]
 [0.84534261 0.49357811]
 [0.9977712  0.19175239]
 [0.19256362 0.94763899]
 [0.77013237 0.7545664 ]
 [0.9495658  0.20643461]
 [0.49163344 0.87708139]
 [0.79209765 0.52972484]
 [0.58515371 0.7914173 ]
 [0.10294376 1.01474058]
 [1.0479946  0.16341444]
 [1.00989291 0.18379398]
 [1.06308183 0.07899558]]
