[[1.45988514e+01 1.87473437e-03]
 [2.23930593e+01 9.50885037e-04]
 [1.32907934e+01 2.50734242e-03]
 [3.34214661e+01 5.78674403e-04]
 [2.92575022e+01 6.77981622e-04]
 [2.51507569e+01 8.47767472e-04]
 [8.98338521e+00 6.38411188e-03]
 [4.13824956e+01 4.82923765e-04]
 [2.02533994e+01 9.52922120e-04]
 [6.68510747e+01 4.59813489e-04]
 [1.52508502e+01 1.63293401e-03]
 [3.37056366e+01 5.62905491e-04]
 [3.64811823e+01 5.15072990e-04]
 [3.58838933e+01 5.62449101e-04]
 [2.97454826e+01 6.06385656e-04]
 [4.78217362e+00 6.48194950e-03]
 [9.76539286e+00 4.30676524e-03]
 [1.23983113e+01 3.28872283e-03]
 [3.96420829e+01 5.06263733e-04]
 [5.64053034e+01 4.66993835e-04]
 [1.57432614e+01 1.46668769e-03]]
