[[0.62822678 4.53414591 9.09509548 1.55636897]
 [0.43379929 4.27441307 8.65190854 0.52291692]
 [1.52433924 1.41875043 9.37709581 4.04857475]
 [1.4989948  1.86709885 9.70171865 3.74195519]
 [1.68005678 1.30700616 9.63388057 2.58191717]
 [0.55867567 3.33434245 9.48881637 0.91937637]
 [1.18582585 2.56987231 9.60000241 1.2892189 ]
 [1.04256965 1.81511829 9.40087105 1.9611576 ]
 [1.41868777 1.7285629  8.81692439 3.99469277]
 [0.454131   4.41948928 9.29574171 1.40800301]
 [1.25823323 1.90660622 9.63603167 2.93609384]
 [0.57152466 2.80940531 8.87781336 1.32397866]
 [0.58125666 4.53414591 9.09565579 1.71876881]
 [1.73773514 1.11818757 9.39089413 4.24401304]
 [0.82111725 1.28173566 8.71489829 2.85258764]
 [1.46968918 1.72643962 9.27621804 1.59747562]
 [0.92622635 2.38951652 9.56459388 2.85033711]
 [1.41868777 1.7285629  8.79766363 3.99469277]
 [1.24008633 1.47430782 9.77938628 4.5201176 ]
 [0.62842956 2.80940531 9.24334031 1.32397866]
 [1.89773846 0.79299977 9.91334086 4.95308118]
 [0.3769129  4.27441307 8.65190854 0.6233294 ]]
