[[3.60699608e+01 1.65566552e+01]
 [7.76812641e+00 3.22621992e+01]
 [2.61940879e+01 2.05456462e+01]
 [3.44753316e+01 1.71025222e+01]
 [2.86511655e+01 1.95368564e+01]
 [3.38364045e+00 3.78835185e+01]
 [7.01718697e+00 3.32064912e+01]
 [2.06701379e+01 2.30235463e+01]
 [8.35413583e+01 6.42080819e+00]
 [6.42545421e-02 4.82357273e+01]
 [5.60857909e+01 1.11194220e+01]
 [6.81555654e+01 8.66305532e+00]
 [8.89085385e-01 4.35860832e+01]
 [6.14466549e-01 4.47011988e+01]
 [1.45298019e+01 2.68269711e+01]
 [5.83176055e+01 1.06016468e+01]
 [7.04643053e+01 8.30666886e+00]
 [7.64913006e+01 7.61132999e+00]
 [1.04976551e+01 2.98948891e+01]
 [5.10129214e+01 1.23026655e+01]
 [3.09838326e+01 1.84529702e+01]
 [9.65869014e+01 5.29510110e+00]
 [3.17043014e+01 1.83835391e+01]
 [3.56757064e+01 1.67682477e+01]
 [3.01435576e+00 3.87437753e+01]
 [1.17329489e+02 4.34324222e+00]
 [4.66951383e+00 3.58988353e+01]
 [5.69893656e+01 1.08917859e+01]
 [2.62542348e+00 3.94629533e+01]
 [6.83382844e+01 8.64617576e+00]
 [4.34026601e+01 1.43443386e+01]
 [2.13531304e+01 2.26859973e+01]
 [1.88251444e+01 2.41843976e+01]
 [6.00929066e+00 3.48282781e+01]
 [5.13824242e-01 4.54694508e+01]
 [2.58119506e+00 3.96677531e+01]
 [4.03239394e+00 3.69383522e+01]
 [2.38404433e+01 2.15314788e+01]
 [4.75859928e+01 1.32989730e+01]
 [3.69837635e+01 1.63225093e+01]
 [8.64919865e+01 6.15676129e+00]
 [3.36542071e+01 1.74010150e+01]
 [3.20537255e+00 3.81544643e+01]
 [4.94481916e+00 3.56141364e+01]
 [2.83518875e+01 1.95538827e+01]
 [1.27649019e+01 2.80997480e+01]
 [6.48609556e+01 9.26874806e+00]
 [5.05834735e+01 1.23675360e+01]
 [3.43372301e+01 1.71514592e+01]
 [1.93779981e+01 2.37564183e+01]
 [5.01455835e+01 1.24796289e+01]
 [6.33070848e+01 9.61319687e+00]
 [5.40210633e+01 1.15365319e+01]
 [1.10958087e+01 2.96911065e+01]
 [6.83013424e+00 3.33587758e+01]
 [3.12500802e+01 1.84325539e+01]
 [6.43486652e+01 9.37801384e+00]
 [1.20306667e+01 2.85309140e+01]
 [7.44505565e+01 7.63696884e+00]
 [5.89411434e+01 1.05818184e+01]
 [4.67329773e+01 1.33736789e+01]
 [3.01727971e+01 1.87087766e+01]
 [1.34130912e+00 4.22112876e+01]
 [4.93661976e-01 4.58807307e+01]
 [2.15113580e+01 2.25891640e+01]
 [3.35921562e-01 4.59875418e+01]
 [5.79757966e+01 1.06536827e+01]
 [4.76391019e+01 1.32669915e+01]
 [9.12935351e+00 3.13889598e+01]
 [2.15758789e+01 2.25489721e+01]
 [2.66596827e+01 2.02184574e+01]
 [1.08977338e+02 5.00396913e+00]
 [2.58182713e+01 2.08055238e+01]
 [8.12972023e-01 4.41664531e+01]
 [7.79711709e+00 3.22085453e+01]
 [9.29939777e+00 3.10579557e+01]
 [1.79399730e+01 2.52554634e+01]
 [6.96871304e+01 8.40558730e+00]
 [2.47211051e+01 2.10275627e+01]
 [1.42926711e+01 2.71591155e+01]
 [3.79945778e+01 1.59323796e+01]
 [8.62804999e+00 3.15900942e+01]
 [6.34288930e+00 3.46317578e+01]
 [1.31969028e+01 2.76972815e+01]
 [1.41242585e+01 2.76082919e+01]
 [1.05494764e+01 2.98658082e+01]
 [2.77386830e+00 3.89277638e+01]
 [4.67663491e+01 1.33526234e+01]
 [4.21620745e+01 1.46265005e+01]
 [3.75361146e+00 3.72747338e+01]
 [5.38580768e+01 1.16485177e+01]
 [6.96135576e+01 8.42397176e+00]
 [3.26021873e+01 1.77876950e+01]
 [3.27101692e+01 1.77589149e+01]
 [6.91123586e+01 8.55038487e+00]
 [7.01730799e+01 8.31113849e+00]
 [3.91416147e+01 1.55467138e+01]
 [1.79816284e+01 2.45904349e+01]
 [1.14352050e+02 4.60422727e+00]
 [6.91922583e-01 4.44418788e+01]
 [7.19408245e+01 8.01237546e+00]
 [2.02291111e+00 4.05086490e+01]
 [2.62728519e-01 4.64450476e+01]
 [4.13293070e+00 3.68514178e+01]
 [5.34718436e+01 1.16612434e+01]
 [4.50652135e+01 1.38072019e+01]
 [1.21033246e+01 2.84498708e+01]
 [1.02984042e+00 4.31941739e+01]
 [4.28413418e+00 3.64353428e+01]
 [6.06772742e+01 1.00926354e+01]
 [5.17815690e+01 1.20756660e+01]
 [5.00753781e+01 1.24841183e+01]
 [3.64208919e+01 1.64783257e+01]
 [2.05031630e+01 2.31204647e+01]
 [5.52778958e+01 1.14322952e+01]
 [2.08699861e+01 2.29201545e+01]
 [1.19158618e+01 2.86011782e+01]
 [3.60147008e+01 1.66956781e+01]
 [1.41624463e+00 4.19642958e+01]
 [2.18207191e+00 4.01005677e+01]
 [1.11394377e+02 4.68970831e+00]
 [7.09630621e+01 8.18251721e+00]
 [7.32905725e+01 7.80331402e+00]
 [6.39186693e+01 9.46243930e+00]
 [2.99171409e+01 1.88154538e+01]
 [5.50142592e-01 4.53919096e+01]
 [5.68011641e+00 3.48922452e+01]
 [5.79406439e+01 1.06615388e+01]
 [8.69985118e+00 3.15208134e+01]
 [6.17388396e+01 9.88386160e+00]
 [2.76710956e+01 1.97216465e+01]
 [3.78735500e+01 1.60826086e+01]
 [3.39703682e+01 1.72797952e+01]
 [3.11710112e+01 1.84462971e+01]
 [4.17584919e+01 1.48478127e+01]
 [1.14221603e+01 2.90338290e+01]
 [7.29884071e+01 7.85652240e+00]
 [6.60622646e+01 9.04404406e+00]
 [7.26387335e+00 3.28149341e+01]
 [1.89935255e+01 2.39542084e+01]
 [1.87070036e+00 4.11537541e+01]
 [8.98290597e+01 5.87262957e+00]
 [1.59957415e+00 4.15930845e+01]
 [4.90219390e+01 1.27469474e+01]
 [5.66413059e+01 1.09969202e+01]
 [2.51860300e+01 2.08602072e+01]
 [7.96547534e+01 7.00281875e+00]
 [9.99035352e+00 3.05534547e+01]
 [2.27211857e+01 2.19876076e+01]
 [2.39517624e+01 2.14032615e+01]
 [4.48251299e+01 1.38644501e+01]
 [3.65158394e+01 1.64739469e+01]
 [3.64891694e+00 3.74052302e+01]
 [2.31556035e+01 2.17906072e+01]
 [3.99746662e+01 1.53386045e+01]
 [6.65848189e+00 3.34563848e+01]
 [1.17073639e+02 4.47649209e+00]
 [7.07197855e+00 3.29638670e+01]
 [3.31239522e+01 1.76473591e+01]
 [6.47973506e+01 9.31672860e+00]
 [1.93634825e-01 4.70341496e+01]
 [6.80080790e+01 8.91355325e+00]
 [5.32544637e+01 1.17121064e+01]
 [6.84710320e+01 8.61041536e+00]
 [3.08014072e+00 3.86016754e+01]
 [8.02644038e+01 6.97737422e+00]
 [2.64978094e+01 2.02364107e+01]
 [4.99743261e+01 1.25065916e+01]
 [6.15244160e+01 9.94094311e+00]
 [3.51750609e+01 1.69488254e+01]
 [5.68891682e+01 1.08999175e+01]
 [2.93784087e+01 1.92163554e+01]
 [4.42580402e+01 1.40433715e+01]
 [1.84045329e+01 2.43268321e+01]
 [7.06450121e+01 8.22966877e+00]
 [6.17419611e+01 9.87452221e+00]
 [1.67341511e+01 2.58598361e+01]
 [1.45334332e+01 2.67768964e+01]
 [2.13966107e+00 4.03308177e+01]
 [2.86080957e-02 4.88480675e+01]
 [4.58044319e+01 1.36201881e+01]
 [3.73869181e+01 1.61215737e+01]
 [1.56802268e+01 2.59823125e+01]
 [2.22167712e+01 2.22434828e+01]
 [3.87552300e+01 1.57313338e+01]
 [4.53634061e+01 1.37370868e+01]
 [3.21830791e+01 1.79317864e+01]
 [8.15121784e+01 6.87441790e+00]
 [1.43786909e+01 2.68535169e+01]
 [3.47961642e+01 1.70274652e+01]
 [8.28027764e+00 3.17240377e+01]
 [1.29542660e+01 2.78322961e+01]
 [9.04178216e+01 5.77127729e+00]
 [7.43745261e+01 7.77163264e+00]
 [9.80560183e+01 5.19594294e+00]
 [1.09673965e+02 4.79401193e+00]
 [6.11848163e+01 9.98640218e+00]
 [5.62379744e+01 1.10785681e+01]
 [5.44103017e+01 1.14634856e+01]
 [2.71686230e+01 1.99366702e+01]
 [1.30469006e+01 2.78204025e+01]
 [4.07132608e+01 1.50696915e+01]
 [5.31522906e+01 1.19565523e+01]
 [6.71338774e+01 9.00739161e+00]
 [5.63070890e+01 1.10644868e+01]
 [7.38815078e+00 3.26887483e+01]
 [1.70242504e+01 2.57457968e+01]
 [1.83514976e+01 2.43784205e+01]
 [6.14468011e+01 9.95920687e+00]
 [4.63532109e+01 1.34725608e+01]
 [7.22397665e+00 3.28641004e+01]
 [5.31831645e+01 1.17792943e+01]
 [1.22714677e+02 4.17263617e+00]
 [1.91862199e+00 4.07047705e+01]
 [5.29766347e+01 1.19575910e+01]
 [1.54669095e+01 2.61269696e+01]
 [1.19281818e+01 2.85605683e+01]
 [1.23170750e+02 4.15208711e+00]
 [5.93474336e+01 1.03639824e+01]
 [9.99118954e+01 5.02580538e+00]
 [2.01019950e+01 2.33372241e+01]
 [9.32191283e+00 3.07423632e+01]
 [6.29548977e+00 3.47838603e+01]
 [2.58605887e+01 2.06794877e+01]
 [4.78244652e+01 1.30861603e+01]
 [9.51472844e+01 5.35097626e+00]
 [1.66408625e+00 4.13473012e+01]
 [2.87286328e+01 1.94040808e+01]
 [2.58644760e+01 2.05465111e+01]
 [6.46278154e+01 9.33751938e+00]
 [5.90343660e+01 1.05430178e+01]
 [1.69449371e+01 2.57975443e+01]
 [4.94404022e+01 1.26704841e+01]
 [4.77759751e+00 3.58813962e+01]
 [6.01559125e+01 1.02025299e+01]
 [3.51760628e+01 1.68562400e+01]
 [2.68881847e+01 2.01542168e+01]
 [1.46440027e+01 2.66371779e+01]
 [2.40484457e+01 2.13388307e+01]
 [9.09808994e+01 5.72891155e+00]
 [5.06782388e-02 4.84261327e+01]
 [2.94458882e+01 1.89919188e+01]
 [4.41864572e+00 3.63637910e+01]
 [4.82994399e+01 1.29325342e+01]
 [5.81708721e+01 1.06459080e+01]
 [3.21479956e+01 1.82491486e+01]
 [7.81286929e+01 7.13695788e+00]
 [3.04924513e+01 1.86954170e+01]
 [5.34372602e+01 1.17035995e+01]
 [7.75805723e+01 7.44936195e+00]
 [8.92492875e+01 6.03179425e+00]
 [4.52064369e+01 1.37694614e+01]
 [4.30248667e+01 1.46077696e+01]]
