[[1.86260211e-03 3.45560727e-03 1.79353495e+00]
 [4.30247271e-03 9.73802078e-03 2.35560178e+00]
 [4.28768775e-03 8.24009870e-03 2.25299232e+00]
 [2.74119775e-03 5.60529991e-03 2.34345957e+00]
 [4.44117107e-03 8.28135361e-03 1.85269631e+00]
 [4.32981507e-03 9.09311989e-03 2.21095800e+00]
 [3.93884008e-03 6.88955048e-03 1.80800322e+00]
 [8.96306989e-04 2.10770942e-03 2.00564877e+00]
 [3.72748802e-03 7.10354578e-03 1.91128685e+00]
 [1.01581476e-03 2.25806922e-03 2.94264094e+00]
 [4.79737567e-03 9.46676679e-03 2.10686741e+00]
 [8.48018217e-04 2.02463036e-03 2.70847595e+00]
 [2.31462936e-03 4.26821349e-03 1.49622293e+00]
 [9.04097157e-04 1.28975984e-03 1.21052505e+00]
 [4.93963846e-04 1.50455028e-03 1.79070095e+00]
 [3.13253353e-03 5.69766398e-03 1.92213752e+00]
 [9.45113366e-03 9.97585519e-03 2.71195702e+00]
 [7.09261321e-04 1.92942736e-03 2.03829123e+00]
 [1.27958221e-03 1.93856312e-03 1.64770849e+00]
 [1.26329519e-03 3.30202348e-03 2.01132433e+00]
 [3.82567732e-03 9.05402034e-03 2.30438762e+00]
 [9.04097157e-04 1.28975984e-03 1.43302341e+00]
 [4.28768775e-03 8.33081196e-03 2.25299232e+00]
 [4.32981507e-03 9.24920328e-03 2.18971453e+00]
 [2.04980337e-03 5.08482013e-03 2.58372775e+00]
 [3.52602077e-03 7.18135265e-03 2.08394212e+00]
 [2.81954812e-03 5.90546522e-03 1.75960937e+00]
 [4.44117107e-03 9.00853999e-03 1.86783667e+00]
 [2.91988291e-03 6.13091695e-03 2.49838081e+00]
 [2.90533604e-03 6.37522719e-03 2.06484557e+00]
 [3.37345692e-03 7.55342929e-03 2.40758415e+00]
 [1.88169040e-03 4.07816193e-03 1.80481893e+00]
 [1.50980733e-03 3.76180101e-03 2.35332898e+00]
 [4.01479583e-03 9.92556622e-03 2.86120675e+00]
 [3.93884008e-03 7.32432176e-03 1.80519385e+00]
 [1.02334429e-03 2.46461512e-03 2.42290941e+00]
 [2.64376057e-03 5.66029774e-03 2.05285187e+00]
 [4.31379820e-03 9.00853999e-03 1.86783667e+00]
 [5.47609615e-03 9.82976936e-03 2.03337031e+00]
 [6.24895072e-04 1.16660158e-03 2.91668317e+00]
 [9.04097157e-04 1.27909041e-03 1.32654304e+00]
 [1.88349839e-03 3.14035902e-03 1.90675182e+00]
 [1.10666215e-03 2.33363416e-03 2.16306110e+00]
 [3.66543097e-03 8.62346253e-03 2.38839245e+00]
 [4.54629411e-03 9.46676679e-03 2.11009281e+00]
 [3.84466984e-03 6.86772736e-03 1.80650001e+00]
 [3.39204185e-03 6.61115899e-03 2.07353664e+00]
 [4.28081026e-03 8.75418516e-03 2.22052073e+00]
 [1.58505115e-03 3.17044137e-03 1.86570438e+00]
 [4.61644179e-03 9.03224880e-03 2.03909380e+00]
 [2.73809704e-03 5.25693831e-03 2.09987613e+00]
 [3.82355252e-03 7.89386966e-03 1.96187546e+00]
 [3.85546318e-03 9.50814290e-03 2.91957911e+00]
 [2.01350586e-03 4.41548133e-03 2.41593876e+00]
 [1.66560304e-03 2.80759258e-03 1.82720823e+00]
 [1.27958221e-03 1.97914544e-03 1.64770849e+00]
 [2.75220345e-03 5.91179462e-03 2.06675756e+00]
 [5.07379622e-03 9.67388771e-03 1.88425043e+00]
 [4.02532674e-03 7.63573050e-03 1.87009674e+00]
 [3.67609502e-03 7.53379896e-03 2.21078579e+00]
 [1.89264637e-03 4.42101111e-03 2.95078897e+00]
 [1.39205161e-03 2.60315099e-03 2.35756625e+00]
 [2.86167748e-03 5.69833676e-03 1.65043061e+00]
 [3.13253353e-03 6.54157800e-03 1.99474014e+00]
 [1.20993897e-03 2.06454059e-03 1.14817251e+00]
 [1.92420326e-03 3.88681805e-03 2.64099085e+00]
 [1.09575604e-03 2.12807322e-03 1.88241398e+00]
 [5.29945427e-04 1.59080220e-03 1.84550532e+00]
 [2.31462936e-03 4.25625660e-03 1.47559598e+00]
 [7.45652579e-04 1.52007455e-03 1.23011960e+00]
 [9.04097157e-04 1.28975984e-03 1.44741199e+00]
 [4.33883376e-03 9.82475438e-03 2.33598277e+00]
 [7.09261321e-04 2.06964337e-03 1.85388564e+00]
 [1.35427474e-03 3.00319349e-03 2.24128080e+00]
 [7.81134115e-04 1.69830420e-03 2.67736874e+00]
 [3.81016124e-03 7.51320644e-03 1.93372513e+00]
 [4.47271848e-03 9.14738427e-03 2.20702674e+00]]
