[[3.60699608e+01 1.65566552e+01]
 [7.76812641e+00 3.22621992e+01]
 [3.44753316e+01 1.71025222e+01]
 [3.38364045e+00 3.78835185e+01]
 [7.01718697e+00 3.32064912e+01]
 [2.06701379e+01 2.30235463e+01]
 [8.35413583e+01 6.42080819e+00]
 [6.42545421e-02 4.82357273e+01]
 [5.60857909e+01 1.11194220e+01]
 [6.81555654e+01 8.66305532e+00]
 [8.89085385e-01 4.35860832e+01]
 [6.14466549e-01 4.47011988e+01]
 [5.83176055e+01 1.06016468e+01]
 [7.04643053e+01 8.30666886e+00]
 [2.37133311e+01 2.18482271e+01]
 [7.07409588e+00 3.29968040e+01]
 [6.16784942e+01 9.95395502e+00]
 [7.64913006e+01 7.61132999e+00]
 [1.04976551e+01 2.98948891e+01]
 [5.10129214e+01 1.23026655e+01]
 [3.09838326e+01 1.84529702e+01]
 [9.65869014e+01 5.29510110e+00]
 [8.61160919e+00 3.19010647e+01]
 [7.47103428e+00 3.27839613e+01]
 [1.93888691e-01 4.71300901e+01]
 [3.56757064e+01 1.67682477e+01]
 [3.01435576e+00 3.87437753e+01]
 [1.17329489e+02 4.34324222e+00]
 [4.66951383e+00 3.58988353e+01]
 [5.69893656e+01 1.08917859e+01]
 [2.62542348e+00 3.94629533e+01]
 [6.83382844e+01 8.64617576e+00]
 [2.13531304e+01 2.26859973e+01]
 [5.00504672e+01 1.25116603e+01]
 [1.88251444e+01 2.41843976e+01]
 [4.03239394e+00 3.69383522e+01]
 [2.38404433e+01 2.15314788e+01]
 [4.75859928e+01 1.32989730e+01]
 [3.69837635e+01 1.63225093e+01]
 [8.64919865e+01 6.15676129e+00]
 [3.54154819e+01 1.70003975e+01]
 [3.36542071e+01 1.74010150e+01]
 [3.20537255e+00 3.81544643e+01]
 [4.94481916e+00 3.56141364e+01]
 [1.27649019e+01 2.80997480e+01]
 [2.40538698e+01 2.14695150e+01]
 [6.48609556e+01 9.26874806e+00]
 [5.05834735e+01 1.23675360e+01]
 [3.43372301e+01 1.71514592e+01]
 [1.93779981e+01 2.37564183e+01]
 [5.01455835e+01 1.24796289e+01]
 [6.33070848e+01 9.61319687e+00]
 [5.40210633e+01 1.15365319e+01]
 [6.83013424e+00 3.33587758e+01]
 [3.12500802e+01 1.84325539e+01]
 [6.43486652e+01 9.37801384e+00]
 [1.20306667e+01 2.85309140e+01]
 [7.44505565e+01 7.63696884e+00]
 [4.67329773e+01 1.33736789e+01]
 [3.88029074e+01 1.58309290e+01]
 [3.01727971e+01 1.87087766e+01]
 [1.34130912e+00 4.22112876e+01]
 [2.15113580e+01 2.25891640e+01]
 [3.35921562e-01 4.59875418e+01]
 [5.79757966e+01 1.06536827e+01]
 [4.76391019e+01 1.32669915e+01]
 [9.12935351e+00 3.13889598e+01]
 [2.15758789e+01 2.25489721e+01]
 [2.66596827e+01 2.02184574e+01]
 [7.79711709e+00 3.22085453e+01]
 [4.45625951e+01 1.40918550e+01]
 [9.29939777e+00 3.10579557e+01]
 [6.96871304e+01 8.40558730e+00]
 [2.47211051e+01 2.10275627e+01]
 [3.79945778e+01 1.59323796e+01]
 [8.62804999e+00 3.15900942e+01]
 [1.31969028e+01 2.76972815e+01]
 [1.05494764e+01 2.98658082e+01]
 [2.32632100e+01 2.22242980e+01]
 [2.77386830e+00 3.89277638e+01]
 [4.67663491e+01 1.33526234e+01]
 [2.37216027e+01 2.17945128e+01]
 [4.21620745e+01 1.46265005e+01]
 [3.75361146e+00 3.72747338e+01]
 [5.38580768e+01 1.16485177e+01]
 [6.96135576e+01 8.42397176e+00]
 [3.26021873e+01 1.77876950e+01]
 [3.27101692e+01 1.77589149e+01]
 [6.91123586e+01 8.55038487e+00]
 [7.01730799e+01 8.31113849e+00]
 [3.91416147e+01 1.55467138e+01]
 [5.32432904e+01 1.18283137e+01]
 [1.14352050e+02 4.60422727e+00]
 [6.91922583e-01 4.44418788e+01]
 [7.19408245e+01 8.01237546e+00]
 [2.02291111e+00 4.05086490e+01]
 [2.62728519e-01 4.64450476e+01]
 [4.13293070e+00 3.68514178e+01]
 [5.34718436e+01 1.16612434e+01]
 [4.50652135e+01 1.38072019e+01]
 [1.21033246e+01 2.84498708e+01]
 [1.02984042e+00 4.31941739e+01]
 [4.28413418e+00 3.64353428e+01]
 [6.06772742e+01 1.00926354e+01]
 [5.17815690e+01 1.20756660e+01]
 [5.00753781e+01 1.24841183e+01]
 [3.64208919e+01 1.64783257e+01]
 [2.05031630e+01 2.31204647e+01]
 [5.52778958e+01 1.14322952e+01]
 [2.08699861e+01 2.29201545e+01]
 [1.19158618e+01 2.86011782e+01]
 [1.41624463e+00 4.19642958e+01]
 [2.18207191e+00 4.01005677e+01]
 [1.11394377e+02 4.68970831e+00]
 [7.09630621e+01 8.18251721e+00]
 [7.32905725e+01 7.80331402e+00]
 [4.81591284e+01 1.31756947e+01]
 [6.39186693e+01 9.46243930e+00]
 [2.99171409e+01 1.88154538e+01]
 [5.79406439e+01 1.06615388e+01]
 [8.69985118e+00 3.15208134e+01]
 [6.17388396e+01 9.88386160e+00]
 [2.76710956e+01 1.97216465e+01]
 [3.78735500e+01 1.60826086e+01]
 [3.39703682e+01 1.72797952e+01]
 [3.11710112e+01 1.84462971e+01]
 [4.17584919e+01 1.48478127e+01]
 [1.14221603e+01 2.90338290e+01]
 [7.29884071e+01 7.85652240e+00]
 [6.65957702e+00 3.35761655e+01]
 [6.60622646e+01 9.04404406e+00]
 [7.26387335e+00 3.28149341e+01]
 [1.89935255e+01 2.39542084e+01]
 [1.87070036e+00 4.11537541e+01]
 [2.03279564e+01 2.34982790e+01]
 [8.98290597e+01 5.87262957e+00]
 [2.74869006e+01 2.01191825e+01]
 [1.59957415e+00 4.15930845e+01]
 [4.90219390e+01 1.27469474e+01]
 [4.65904102e+00 3.60155754e+01]
 [3.07163213e+01 1.85980647e+01]
 [4.64265309e+01 1.34264990e+01]
 [1.51849824e+01 2.62457580e+01]
 [1.42757879e+01 2.68825864e+01]
 [4.04805953e+01 1.54207605e+01]
 [3.72009529e+01 1.61897965e+01]
 [2.83164303e+01 1.94542394e+01]
 [1.08776614e-02 4.94324647e+01]
 [9.22068460e+00 3.10862770e+01]
 [4.79368811e+01 1.32393033e+01]
 [3.03714013e+01 1.86408884e+01]
 [4.94890860e+01 1.26304644e+01]
 [3.32557921e+01 1.75780364e+01]
 [2.75908717e+01 2.00605973e+01]
 [1.12218222e+00 4.27936422e+01]
 [2.98320210e+01 1.88370094e+01]
 [2.91409122e+01 1.91536384e+01]
 [1.08622363e+01 2.94202833e+01]
 [1.64265885e+01 2.54479797e+01]
 [2.50652616e+01 2.08649582e+01]
 [2.88621663e+01 1.93915254e+01]
 [1.44805634e+01 2.67374590e+01]
 [7.01568641e+01 8.31231653e+00]
 [6.52262261e+01 9.24978256e+00]
 [3.22521721e+01 1.79198165e+01]
 [1.38738740e+01 2.71457661e+01]
 [1.40066712e+00 4.21208411e+01]
 [8.33476009e+01 6.55867330e+00]
 [2.72403472e+01 2.01528753e+01]
 [3.55075018e+01 1.69736825e+01]
 [3.70197442e+00 3.78543839e+01]
 [1.16961343e+02 4.40656283e+00]
 [8.02272760e+01 6.97742481e+00]
 [4.33770513e+01 1.42745267e+01]
 [5.43446953e+01 1.15089312e+01]
 [3.11571506e+00 3.83123597e+01]
 [1.15853814e+01 2.88284777e+01]
 [5.93890919e+01 1.03548866e+01]
 [8.01320395e+00 3.21364397e+01]
 [7.79896148e+01 7.35003793e+00]
 [3.78990827e+01 1.60212088e+01]
 [1.78985512e+01 2.45601206e+01]
 [1.02923538e+02 4.95737011e+00]
 [2.59181104e+00 3.95404487e+01]
 [3.31661723e+01 1.76783665e+01]
 [1.42529332e+01 2.69133446e+01]
 [6.62319875e+01 9.01676941e+00]
 [4.83154444e+01 1.29416078e+01]
 [2.23863662e+00 3.99800098e+01]
 [5.64217270e+00 3.46725537e+01]
 [2.66040353e+01 2.02907985e+01]
 [5.71464620e+00 3.45343323e+01]
 [6.62996659e+01 9.00442931e+00]
 [3.12940270e+01 1.83018005e+01]
 [1.11260951e+00 4.28291653e+01]
 [4.26762175e+01 1.45672891e+01]
 [5.59652475e+01 1.14172484e+01]
 [1.31155860e+02 4.10542053e+00]
 [1.02713199e+01 3.05401375e+01]
 [4.65877044e-01 4.55461417e+01]
 [3.80675278e+01 1.59086415e+01]
 [3.57342614e+01 1.66641775e+01]
 [6.92715811e+01 8.47243807e+00]
 [2.90115456e+01 1.93699467e+01]
 [5.10744983e-01 4.50754164e+01]
 [1.87598747e+00 4.09534698e+01]
 [3.61887378e+01 1.65099317e+01]
 [1.27166028e+00 4.23991269e+01]
 [7.27349829e+01 7.88501778e+00]
 [3.83589400e+01 1.58533904e+01]
 [5.90360835e+01 1.04334487e+01]
 [7.68650141e-01 4.40223342e+01]
 [9.17009155e+01 5.61946124e+00]
 [8.89393622e+01 5.97845452e+00]
 [2.56690177e+01 2.06714347e+01]
 [8.56763069e+00 3.20129312e+01]
 [1.02276743e+01 3.09838746e+01]
 [4.14772334e+01 1.49826680e+01]
 [9.62572579e+01 5.50244779e+00]
 [1.70095540e+01 2.52730651e+01]
 [3.25903718e+01 1.78685628e+01]
 [4.22740396e+01 1.45943409e+01]
 [2.05223532e+01 2.31078456e+01]
 [2.38280301e+01 2.15934604e+01]
 [1.60452720e+01 2.61147650e+01]
 [5.95249453e+01 1.03311559e+01]
 [2.04528106e+01 2.32119770e+01]
 [4.49950832e+01 1.38856229e+01]
 [3.75721632e+01 1.61487504e+01]
 [9.23815435e+00 3.10655804e+01]
 [6.01639532e+01 1.03101449e+01]
 [5.61343977e+01 1.10678509e+01]
 [3.20148344e+01 1.80277504e+01]
 [2.47932241e+00 3.96535502e+01]
 [1.70371614e+01 2.52538275e+01]
 [2.00619517e+00 4.06190276e+01]
 [2.22094178e+01 2.22770391e+01]
 [5.88957324e+01 1.05196236e+01]
 [6.81145453e+01 8.67820983e+00]
 [8.15955571e-01 4.38606879e+01]
 [7.90929899e+01 7.22878784e+00]
 [6.48896982e+00 3.37535415e+01]
 [2.26724397e+00 3.99278642e+01]
 [8.41035949e+01 6.41258638e+00]
 [2.60561795e+01 2.04236659e+01]
 [1.71226733e+00 4.13031306e+01]
 [1.60713887e-01 4.74039044e+01]
 [7.36257163e+01 7.74573219e+00]
 [4.58257648e+01 1.36179717e+01]
 [8.00581996e+01 7.15646573e+00]
 [4.11228114e+01 1.51773832e+01]
 [3.04176966e+00 3.84347380e+01]
 [6.34372250e+01 9.56697148e+00]
 [4.31245868e+01 1.44340972e+01]
 [1.16806119e+02 4.44148067e+00]
 [6.54299980e+01 9.22112970e+00]
 [6.16506786e+01 9.96912533e+00]]
