[[3.60699608e+01 1.65566552e+01]
 [7.76812641e+00 3.22621992e+01]
 [2.61940879e+01 2.05456462e+01]
 [3.44753316e+01 1.71025222e+01]
 [3.38364045e+00 3.78835185e+01]
 [7.01718697e+00 3.32064912e+01]
 [2.06701379e+01 2.30235463e+01]
 [8.35413583e+01 6.42080819e+00]
 [6.42545421e-02 4.82357273e+01]
 [5.60857909e+01 1.11194220e+01]
 [6.81555654e+01 8.66305532e+00]
 [8.89085385e-01 4.35860832e+01]
 [6.14466549e-01 4.47011988e+01]
 [1.45298019e+01 2.68269711e+01]
 [5.83176055e+01 1.06016468e+01]
 [7.07409588e+00 3.29968040e+01]
 [6.16784942e+01 9.95395502e+00]
 [1.04976551e+01 2.98948891e+01]
 [4.83307391e+01 1.30055861e+01]
 [3.09838326e+01 1.84529702e+01]
 [9.65869014e+01 5.29510110e+00]
 [3.17043014e+01 1.83835391e+01]
 [7.47103428e+00 3.27839613e+01]
 [1.93888691e-01 4.71300901e+01]
 [3.56757064e+01 1.67682477e+01]
 [1.17329489e+02 4.34324222e+00]
 [4.66951383e+00 3.58988353e+01]
 [5.69893656e+01 1.08917859e+01]
 [2.62542348e+00 3.94629533e+01]
 [6.83382844e+01 8.64617576e+00]
 [4.34026601e+01 1.43443386e+01]
 [2.13531304e+01 2.26859973e+01]
 [5.00504672e+01 1.25116603e+01]
 [1.88251444e+01 2.41843976e+01]
 [5.13824242e-01 4.54694508e+01]
 [4.75859928e+01 1.32989730e+01]
 [3.69837635e+01 1.63225093e+01]
 [8.64919865e+01 6.15676129e+00]
 [3.36542071e+01 1.74010150e+01]
 [3.20537255e+00 3.81544643e+01]
 [4.94481916e+00 3.56141364e+01]
 [2.83518875e+01 1.95538827e+01]
 [1.27649019e+01 2.80997480e+01]
 [2.40538698e+01 2.14695150e+01]
 [6.48609556e+01 9.26874806e+00]
 [5.05834735e+01 1.23675360e+01]
 [3.43372301e+01 1.71514592e+01]
 [1.93779981e+01 2.37564183e+01]
 [5.01455835e+01 1.24796289e+01]
 [6.33070848e+01 9.61319687e+00]
 [5.40210633e+01 1.15365319e+01]
 [6.83013424e+00 3.33587758e+01]
 [3.12500802e+01 1.84325539e+01]
 [6.43486652e+01 9.37801384e+00]
 [1.20306667e+01 2.85309140e+01]
 [7.44505565e+01 7.63696884e+00]
 [4.67329773e+01 1.33736789e+01]
 [3.88029074e+01 1.58309290e+01]
 [3.01727971e+01 1.87087766e+01]
 [1.34130912e+00 4.22112876e+01]
 [4.93661976e-01 4.58807307e+01]
 [2.15113580e+01 2.25891640e+01]
 [3.35921562e-01 4.59875418e+01]
 [5.79757966e+01 1.06536827e+01]
 [4.76391019e+01 1.32669915e+01]
 [2.15758789e+01 2.25489721e+01]
 [2.66596827e+01 2.02184574e+01]
 [2.58182713e+01 2.08055238e+01]
 [7.79711709e+00 3.22085453e+01]
 [4.45625951e+01 1.40918550e+01]
 [6.96871304e+01 8.40558730e+00]
 [2.47211051e+01 2.10275627e+01]
 [3.79945778e+01 1.59323796e+01]
 [8.62804999e+00 3.15900942e+01]
 [1.31969028e+01 2.76972815e+01]
 [1.05494764e+01 2.98658082e+01]
 [2.77386830e+00 3.89277638e+01]
 [4.67663491e+01 1.33526234e+01]
 [4.21620745e+01 1.46265005e+01]
 [3.75361146e+00 3.72747338e+01]
 [5.38580768e+01 1.16485177e+01]
 [6.96135576e+01 8.42397176e+00]
 [3.26021873e+01 1.77876950e+01]
 [3.27101692e+01 1.77589149e+01]
 [7.01730799e+01 8.31113849e+00]
 [3.91416147e+01 1.55467138e+01]
 [1.79816284e+01 2.45904349e+01]
 [5.32432904e+01 1.18283137e+01]
 [6.91922583e-01 4.44418788e+01]
 [7.19408245e+01 8.01237546e+00]
 [2.02291111e+00 4.05086490e+01]
 [9.54567866e+01 5.83514359e+00]
 [2.62728519e-01 4.64450476e+01]
 [5.34718436e+01 1.16612434e+01]
 [4.50652135e+01 1.38072019e+01]
 [1.21033246e+01 2.84498708e+01]
 [4.28413418e+00 3.64353428e+01]
 [6.06772742e+01 1.00926354e+01]
 [5.17815690e+01 1.20756660e+01]
 [5.00753781e+01 1.24841183e+01]
 [3.64208919e+01 1.64783257e+01]
 [2.05031630e+01 2.31204647e+01]
 [2.08699861e+01 2.29201545e+01]
 [1.19158618e+01 2.86011782e+01]
 [3.60147008e+01 1.66956781e+01]
 [1.41624463e+00 4.19642958e+01]
 [2.18207191e+00 4.01005677e+01]
 [1.11394377e+02 4.68970831e+00]
 [7.09630621e+01 8.18251721e+00]
 [7.32905725e+01 7.80331402e+00]
 [6.39186693e+01 9.46243930e+00]
 [2.99171409e+01 1.88154538e+01]
 [5.68011641e+00 3.48922452e+01]
 [5.79406439e+01 1.06615388e+01]
 [8.69985118e+00 3.15208134e+01]
 [6.17388396e+01 9.88386160e+00]
 [2.76710956e+01 1.97216465e+01]
 [3.78735500e+01 1.60826086e+01]
 [3.39703682e+01 1.72797952e+01]
 [3.11710112e+01 1.84462971e+01]
 [1.14221603e+01 2.90338290e+01]
 [7.29884071e+01 7.85652240e+00]
 [6.65957702e+00 3.35761655e+01]
 [6.60622646e+01 9.04404406e+00]
 [7.26387335e+00 3.28149341e+01]
 [1.89935255e+01 2.39542084e+01]
 [1.87070036e+00 4.11537541e+01]
 [8.98290597e+01 5.87262957e+00]
 [4.90219390e+01 1.27469474e+01]
 [2.93961870e+01 1.92370874e+01]
 [4.65904102e+00 3.60155754e+01]
 [4.64265309e+01 1.34264990e+01]
 [1.51849824e+01 2.62457580e+01]
 [1.42757879e+01 2.68825864e+01]
 [3.72009529e+01 1.61897965e+01]
 [3.17354115e+01 1.81485282e+01]
 [2.43779936e+00 3.95935045e+01]
 [9.15401703e+00 3.10240831e+01]
 [1.75210694e+01 2.48550859e+01]
 [4.90329696e+01 1.27447142e+01]
 [3.98748676e+01 1.53214381e+01]
 [5.05675235e+00 3.54073223e+01]
 [7.92591256e+00 3.20759247e+01]
 [4.14497823e+01 1.48385144e+01]
 [1.69298285e+01 2.51770984e+01]
 [2.79712804e+01 1.96417636e+01]
 [5.75792510e+01 1.07423058e+01]
 [9.05147208e+00 3.10878785e+01]
 [6.86842505e+00 3.32339969e+01]
 [4.61139651e+01 1.36149424e+01]
 [1.63030094e+01 2.55336468e+01]
 [1.28464337e+01 2.78687432e+01]
 [3.97672525e+00 3.70862842e+01]
 [4.78486607e+01 1.30789748e+01]
 [6.02354757e+01 1.03378875e+01]
 [2.37184900e+01 2.15006854e+01]
 [3.99554597e+00 3.70488245e+01]
 [6.00819875e-02 4.82947230e+01]
 [2.88822055e+00 3.87144616e+01]
 [5.37710108e-01 4.50197357e+01]
 [4.86124948e+01 1.29409779e+01]
 [1.05546994e+01 2.96721623e+01]
 [2.48211394e+01 2.09974032e+01]
 [1.03094148e+01 3.00018891e+01]
 [8.28583428e+00 3.19330592e+01]
 [6.13992663e+00 3.42359010e+01]
 [1.11413737e+01 2.92004353e+01]
 [4.41139604e+00 3.62529467e+01]
 [5.74711369e+01 1.07661874e+01]
 [4.19220930e+01 1.46992807e+01]
 [4.68152236e+01 1.33246294e+01]
 [4.96067394e+01 1.26582504e+01]
 [9.03470064e+01 5.86181915e+00]
 [1.54839358e+00 4.15909010e+01]
 [4.40253119e+01 1.41265482e+01]
 [2.69318423e+01 2.00538744e+01]
 [2.13918046e+00 4.02356352e+01]
 [4.18353136e+01 1.47813680e+01]
 [6.59616036e+00 3.39333131e+01]
 [3.97688067e+01 1.54314971e+01]
 [8.49950638e+00 3.17083170e+01]
 [1.82982443e+01 2.43358837e+01]
 [6.26314375e+01 9.74419319e+00]
 [2.44695462e+01 2.12069316e+01]
 [1.49087603e+01 2.64341522e+01]
 [6.12263845e+01 1.00036129e+01]
 [5.94414705e+01 1.03573791e+01]
 [8.14975489e+01 6.98800986e+00]
 [8.09452081e-01 4.38636138e+01]
 [1.14066706e+01 2.90580338e+01]
 [4.54422853e+01 1.37509635e+01]
 [7.76161891e+01 7.19139858e+00]
 [2.35438070e+01 2.18259840e+01]
 [3.42472585e+01 1.72069469e+01]
 [6.42303024e+01 9.42874841e+00]
 [7.70507618e+01 7.24955837e+00]
 [3.82034986e+01 1.58460445e+01]
 [7.52942068e+00 3.25927186e+01]
 [3.35499954e+01 1.75032882e+01]
 [5.25738018e+00 3.51814306e+01]
 [1.52977201e+00 4.16623687e+01]
 [7.84999541e+01 7.16276577e+00]
 [4.77163217e-01 4.59759656e+01]
 [1.88453069e+01 2.41710622e+01]
 [6.61902259e-01 4.44438302e+01]
 [4.32396286e-02 4.85409616e+01]
 [3.22805605e+01 1.79069754e+01]
 [5.51790675e+01 1.12704049e+01]
 [4.78391126e+00 3.57404938e+01]
 [3.05182389e+01 1.85867886e+01]
 [5.56178293e+01 1.12675883e+01]
 [2.86576116e+01 1.93110744e+01]
 [8.57089957e+01 6.18183940e+00]
 [5.85523147e+01 1.05570955e+01]
 [1.33998768e+02 4.21017830e+00]
 [7.72317982e+00 3.22864765e+01]
 [4.99428275e+01 1.25586264e+01]
 [1.06015931e+02 4.78286373e+00]
 [8.65043649e+00 3.15547345e+01]
 [6.95632060e+01 8.48161689e+00]
 [1.00078761e+02 5.12462847e+00]
 [5.08816086e+01 1.22852474e+01]
 [9.00831333e+00 3.14700744e+01]
 [2.57974434e+01 2.08132970e+01]
 [3.79398315e+01 1.60399250e+01]
 [1.47930971e+01 2.65189960e+01]
 [3.43174547e+01 1.71574203e+01]
 [5.88192307e+00 3.44979156e+01]
 [2.88098640e+01 1.92550467e+01]
 [5.25549853e+01 1.19339758e+01]
 [6.60042344e+01 9.10251497e+00]
 [2.76325281e+01 1.98729166e+01]
 [1.20870990e+01 2.85099391e+01]
 [6.61943596e+01 9.01846159e+00]
 [7.14263071e+01 8.10523047e+00]
 [2.14027976e+01 2.26399345e+01]
 [4.36734278e+01 1.41970432e+01]
 [5.26242657e+00 3.51031612e+01]
 [2.86029670e+01 1.93904185e+01]
 [7.62680087e+01 7.56676484e+00]
 [4.51475758e+01 1.37959036e+01]
 [1.53010571e+01 2.61700232e+01]
 [3.73533797e+01 1.61613900e+01]
 [6.68306313e+01 8.91631925e+00]
 [9.24030030e+00 3.08318470e+01]
 [1.64790941e+01 2.54427703e+01]
 [8.49334742e+01 6.34202634e+00]
 [1.07625467e+02 4.70366241e+00]
 [4.19338753e+01 1.46938200e+01]
 [7.10311522e+01 8.16523333e+00]
 [2.75146370e+01 1.99516511e+01]
 [2.70148206e+00 3.92924512e+01]
 [3.53976832e+01 1.68132981e+01]
 [1.03074161e+01 3.00033892e+01]
 [1.09392414e+01 2.94607206e+01]
 [1.11451639e+02 4.52618793e+00]
 [4.01472177e+00 3.68398719e+01]
 [2.01859443e+01 2.36109262e+01]
 [3.59169402e+00 3.75390605e+01]
 [3.39001625e+01 1.73046176e+01]
 [2.61516243e+01 2.05560362e+01]
 [2.26279566e+01 2.20485459e+01]
 [5.39210982e+01 1.15901952e+01]
 [5.62752496e+01 1.10241102e+01]
 [1.00957820e+02 4.96552642e+00]
 [1.86722485e+00 4.11601796e+01]
 [4.57799049e+01 1.36180346e+01]
 [1.25977400e+00 4.27423985e+01]
 [3.66845149e+01 1.64274073e+01]
 [1.54412690e-01 4.76197568e+01]
 [5.77976329e+01 1.07419706e+01]
 [4.94257195e+01 1.26662711e+01]
 [3.48574268e+01 1.70049338e+01]
 [1.85980001e+01 2.42653152e+01]
 [8.01186150e+01 7.03100324e+00]
 [1.64688498e+00 4.13892852e+01]
 [7.47025621e+01 7.58206740e+00]
 [7.58856893e-01 4.41912230e+01]
 [6.89199100e+01 8.53793052e+00]
 [1.24642500e+01 2.81531343e+01]
 [5.46521142e+01 1.13935208e+01]
 [2.33579456e+01 2.19429876e+01]
 [3.04140611e+01 1.86085346e+01]
 [3.35359305e+01 1.76888622e+01]
 [4.50528415e+01 1.38107596e+01]
 [4.11413485e+01 1.49388098e+01]
 [5.59310257e-01 4.48521570e+01]
 [1.29381939e+01 2.78112340e+01]
 [6.38238682e+01 9.49581606e+00]
 [1.19413756e+01 2.85986204e+01]
 [2.20043861e+01 2.23492298e+01]
 [3.79503619e+01 1.59512542e+01]
 [4.43593041e+01 1.40965521e+01]
 [6.78443789e-02 4.81786262e+01]
 [3.73148892e+01 1.61661263e+01]
 [5.72498809e+00 3.45139047e+01]
 [1.01641591e+00 4.31881148e+01]
 [9.87651930e+00 3.05203306e+01]
 [1.10697818e+01 2.93708790e+01]
 [1.53360678e+01 2.61638571e+01]
 [3.04689395e+00 3.86077396e+01]
 [3.42524931e+01 1.71838070e+01]
 [1.37008177e+01 2.72527153e+01]
 [5.59893946e+00 3.50720217e+01]
 [6.03653486e+01 1.02656617e+01]
 [1.60245415e+01 2.60727449e+01]
 [7.04586889e+01 8.30600089e+00]
 [2.27687743e+01 2.20123360e+01]
 [2.96231811e+01 1.91087212e+01]
 [1.98680305e+00 4.08216423e+01]
 [2.07395488e+01 2.29861210e+01]
 [6.46481393e+01 9.31618992e+00]
 [4.05907654e+01 1.51353144e+01]
 [6.27207653e+01 9.73999036e+00]
 [2.02148142e+01 2.32615996e+01]
 [5.21480219e+01 1.20230098e+01]]
