[[3.60699608e+01 1.65566552e+01]
 [7.76812641e+00 3.22621992e+01]
 [2.61940879e+01 2.05456462e+01]
 [3.44753316e+01 1.71025222e+01]
 [2.86511655e+01 1.95368564e+01]
 [3.38364045e+00 3.78835185e+01]
 [7.01718697e+00 3.32064912e+01]
 [2.06701379e+01 2.30235463e+01]
 [8.35413583e+01 6.42080819e+00]
 [6.42545421e-02 4.82357273e+01]
 [5.60857909e+01 1.11194220e+01]
 [4.34786818e+00 3.65027909e+01]
 [6.81555654e+01 8.66305532e+00]
 [8.89085385e-01 4.35860832e+01]
 [6.14466549e-01 4.47011988e+01]
 [1.45298019e+01 2.68269711e+01]
 [5.83176055e+01 1.06016468e+01]
 [7.04643053e+01 8.30666886e+00]
 [7.07409588e+00 3.29968040e+01]
 [6.16784942e+01 9.95395502e+00]
 [7.64913006e+01 7.61132999e+00]
 [2.05528226e+01 2.32543913e+01]
 [1.04976551e+01 2.98948891e+01]
 [5.10129214e+01 1.23026655e+01]
 [4.83307391e+01 1.30055861e+01]
 [1.04383508e+01 3.05546152e+01]
 [3.09838326e+01 1.84529702e+01]
 [9.12337203e+00 3.15838444e+01]
 [9.65869014e+01 5.29510110e+00]
 [8.61160919e+00 3.19010647e+01]
 [6.08506073e+01 1.02258165e+01]
 [7.47103428e+00 3.27839613e+01]
 [1.93888691e-01 4.71300901e+01]
 [3.56757064e+01 1.67682477e+01]
 [3.01435576e+00 3.87437753e+01]
 [1.17329489e+02 4.34324222e+00]
 [4.66951383e+00 3.58988353e+01]
 [5.69893656e+01 1.08917859e+01]
 [2.62542348e+00 3.94629533e+01]
 [6.83382844e+01 8.64617576e+00]
 [4.34026601e+01 1.43443386e+01]
 [2.13531304e+01 2.26859973e+01]
 [4.18005687e+01 1.50087135e+01]
 [5.00504672e+01 1.25116603e+01]
 [1.88251444e+01 2.41843976e+01]
 [6.00929066e+00 3.48282781e+01]
 [5.13824242e-01 4.54694508e+01]
 [2.58119506e+00 3.96677531e+01]
 [4.03239394e+00 3.69383522e+01]
 [2.38404433e+01 2.15314788e+01]
 [4.75859928e+01 1.32989730e+01]
 [3.69837635e+01 1.63225093e+01]
 [8.64919865e+01 6.15676129e+00]
 [3.54154819e+01 1.70003975e+01]
 [3.36542071e+01 1.74010150e+01]
 [3.20537255e+00 3.81544643e+01]
 [4.94481916e+00 3.56141364e+01]
 [2.83518875e+01 1.95538827e+01]
 [2.40538698e+01 2.14695150e+01]
 [6.48609556e+01 9.26874806e+00]
 [5.05834735e+01 1.23675360e+01]
 [3.43372301e+01 1.71514592e+01]
 [1.93779981e+01 2.37564183e+01]
 [5.01455835e+01 1.24796289e+01]
 [5.40210633e+01 1.15365319e+01]
 [6.83013424e+00 3.33587758e+01]
 [6.43486652e+01 9.37801384e+00]
 [1.20306667e+01 2.85309140e+01]
 [7.44505565e+01 7.63696884e+00]
 [4.68045545e+01 1.37021849e+01]
 [4.97805506e+01 1.26446564e+01]
 [3.79340004e+00 3.72178376e+01]
 [3.37049482e+01 1.73838421e+01]
 [2.76286557e+01 1.97413927e+01]
 [3.55228765e+01 1.68406045e+01]
 [2.28413264e+01 2.19498683e+01]
 [1.18760971e+01 2.86415639e+01]
 [1.63575687e+01 2.54927917e+01]
 [9.94082224e-02 4.78847456e+01]
 [4.70522179e+01 1.34915827e+01]
 [2.41590138e+01 2.12841983e+01]
 [4.98089428e+00 3.55239605e+01]
 [3.75610640e+01 1.60844144e+01]
 [5.79883288e+01 1.06766966e+01]
 [4.64404867e+01 1.37771481e+01]
 [2.20548844e+01 2.24306749e+01]
 [4.65231403e+01 1.37749531e+01]
 [2.49147761e-02 4.91524072e+01]
 [3.91172832e+01 1.55724713e+01]
 [4.23795867e+01 1.45635445e+01]
 [5.18759080e+01 1.21126993e+01]
 [3.50399031e+00 3.76656470e+01]
 [3.32035389e+01 1.75639429e+01]
 [2.52566106e-01 4.65095232e+01]
 [4.44960518e+01 1.40567811e+01]
 [3.99432634e-01 4.57053715e+01]
 [2.70689089e+01 1.99895512e+01]
 [7.17755849e+01 8.05561869e+00]
 [1.08872488e+02 4.65554970e+00]
 [7.40321241e+01 7.71063817e+00]
 [2.77916737e+00 3.90646121e+01]
 [2.99861189e+01 1.89653257e+01]
 [2.86618213e+01 1.95315752e+01]
 [5.99332229e+01 1.02418390e+01]
 [6.51873329e+00 3.36847481e+01]
 [3.42538601e+00 3.77693730e+01]
 [6.88434099e+01 8.54491314e+00]
 [5.91762002e+01 1.04161584e+01]
 [3.45143552e+01 1.70885624e+01]
 [2.00700074e+01 2.33487953e+01]
 [6.13896768e+01 1.01049268e+01]
 [1.02572259e+02 4.90581792e+00]
 [6.27722758e+01 9.69935204e+00]
 [9.80951768e+01 5.21143695e+00]
 [3.98957688e+01 1.53117250e+01]
 [5.81172778e+01 1.06285379e+01]
 [1.17538547e+02 4.30764533e+00]
 [1.21794923e+01 2.83911361e+01]
 [1.69788681e+01 2.51100758e+01]
 [6.66644569e+00 3.36228836e+01]
 [6.33054856e+01 9.60527316e+00]
 [6.42373685e+01 9.38681933e+00]
 [7.83091899e+00 3.22039559e+01]
 [4.38857764e+01 1.41754963e+01]
 [7.96829838e+01 6.90411947e+00]
 [4.57582834e+00 3.60208554e+01]
 [9.48604491e+00 3.09077224e+01]
 [1.23340911e+01 2.82898847e+01]
 [3.26790450e+00 3.80908780e+01]
 [1.09059550e+02 4.54608073e+00]
 [2.57149846e+01 2.06662192e+01]
 [1.38113818e+01 2.71768755e+01]
 [3.80059820e+01 1.59102881e+01]
 [8.25667758e+01 6.62679756e+00]
 [3.86846676e+01 1.57033842e+01]
 [2.19981849e+00 4.05298340e+01]
 [6.24213591e+00 3.42976537e+01]
 [2.95626863e+01 1.93588391e+01]
 [1.32691898e+00 4.24782056e+01]
 [2.02117581e+01 2.32631943e+01]
 [5.00151996e+01 1.25166612e+01]
 [6.69899350e+01 8.87300455e+00]
 [1.35062337e+01 2.76424348e+01]
 [2.54277113e+01 2.07273763e+01]
 [3.91153348e+01 1.56684358e+01]
 [1.57696311e+01 2.58866102e+01]
 [8.56677279e+01 6.40528617e+00]
 [9.60491658e+00 3.06411215e+01]
 [1.10127954e+00 4.30659157e+01]
 [6.88202878e-01 4.43074125e+01]
 [4.46180136e+01 1.39268412e+01]
 [6.50623611e+00 3.36973173e+01]
 [1.93222099e+01 2.40154019e+01]
 [3.12475262e+01 1.82857281e+01]
 [9.05516168e+01 5.72358612e+00]
 [6.52982643e+01 9.19331959e+00]
 [1.99198578e+01 2.35037291e+01]
 [4.43792442e+01 1.40691987e+01]
 [6.27811263e+00 3.40139188e+01]
 [1.12583665e+02 4.45576910e+00]
 [4.92921154e+01 1.27307570e+01]
 [2.49639569e+01 2.11433118e+01]
 [2.26033386e+00 3.99841258e+01]
 [7.83904167e-03 4.95090259e+01]
 [2.15198722e+01 2.25788052e+01]
 [2.42855199e+00 3.98709891e+01]
 [8.15448299e+01 6.68111587e+00]
 [4.18552996e+01 1.47982115e+01]
 [3.20654936e+01 1.80064468e+01]
 [1.26660025e+01 2.80286022e+01]
 [2.86886292e+01 1.94645500e+01]
 [4.09509955e+01 1.53044936e+01]
 [1.01567889e+00 4.35063924e+01]
 [3.97598971e+01 1.53825798e+01]
 [8.59973866e+01 6.20599994e+00]
 [3.68561090e+00 3.75191914e+01]
 [8.51715624e+00 3.20915233e+01]
 [9.67309546e+01 5.27057649e+00]
 [1.12092115e+00 4.28528077e+01]
 [7.77684453e+01 7.45763958e+00]
 [6.82033453e+00 3.33917385e+01]
 [1.25804789e+02 4.10660010e+00]
 [1.21582950e+01 2.84324240e+01]
 [5.72088627e+01 1.08470408e+01]
 [5.52775097e+01 1.14114800e+01]
 [3.41862262e+01 1.72027760e+01]
 [1.53609071e+00 4.17800140e+01]
 [5.07600679e+01 1.23544036e+01]
 [2.66037893e+01 2.04211505e+01]
 [4.44984704e+01 1.40024891e+01]
 [8.95923280e+01 5.94275072e+00]
 [2.17747758e+01 2.24536289e+01]
 [5.93997074e+01 1.03559054e+01]
 [2.43434054e+00 3.96744563e+01]
 [1.43974025e+01 2.70075261e+01]
 [1.02986167e+02 4.83607302e+00]
 [5.35763475e+01 1.16637395e+01]
 [1.37979898e+00 4.20396377e+01]
 [6.75954573e+01 8.78938431e+00]
 [1.88563510e-01 4.74814341e+01]
 [6.11006107e+01 1.01967858e+01]
 [4.22384628e+01 1.46314678e+01]
 [5.35365080e+01 1.19484912e+01]
 [4.77381844e+01 1.30838619e+01]
 [2.18016073e-02 4.92030171e+01]
 [2.23394374e+01 2.21714147e+01]
 [4.58327415e+01 1.38797546e+01]
 [1.54500661e+01 2.60762681e+01]
 [6.22305076e+01 9.79153161e+00]
 [1.33061636e+01 2.77537854e+01]
 [7.58517739e+01 7.61733363e+00]
 [5.91145412e+01 1.04367577e+01]
 [7.35856617e+01 7.75263396e+00]
 [1.17500681e+02 4.30863093e+00]
 [9.85990400e+01 5.13699997e+00]
 [5.22292217e+00 3.54926973e+01]
 [3.17266671e+01 1.81264436e+01]
 [9.80335744e-01 4.35370635e+01]
 [1.49317038e+01 2.66188502e+01]
 [6.33130483e+01 9.57642382e+00]
 [3.02756202e+01 1.87193667e+01]
 [1.12730999e+02 4.43085025e+00]
 [1.51551270e+01 2.65005614e+01]
 [3.27313627e+01 1.77284350e+01]
 [1.50040015e+01 2.65804233e+01]
 [1.98220247e+01 2.36304958e+01]
 [9.27973422e+00 3.15011453e+01]
 [6.90126525e-01 4.42995237e+01]
 [9.35463066e+01 5.47004140e+00]
 [2.08323728e+01 2.29755842e+01]
 [1.40134129e+01 2.71696414e+01]
 [4.45993443e+01 1.39280851e+01]
 [2.16906955e+01 2.25449934e+01]
 [4.92041148e+00 3.58206270e+01]
 [2.97792940e+01 1.89844234e+01]
 [1.63502215e+00 4.15236223e+01]
 [1.96990187e-01 4.69113341e+01]
 [2.13834721e+00 4.09011632e+01]
 [1.25082507e+02 4.15502822e+00]
 [1.77425924e+01 2.50327994e+01]
 [2.32892076e+01 2.17343726e+01]
 [7.04653836e+01 8.26041094e+00]
 [1.27628192e+01 2.79519995e+01]
 [4.88388576e+01 1.28607733e+01]
 [9.34147584e+01 5.62170208e+00]
 [1.08016343e+02 4.68899937e+00]
 [8.99103388e+01 5.83852350e+00]
 [3.60134000e+01 1.65773636e+01]
 [3.77996093e+00 3.75020738e+01]
 [7.80829478e+01 7.10658655e+00]
 [6.39001568e+01 9.49249839e+00]
 [3.02420317e+00 3.84878111e+01]
 [6.68367849e+01 9.09102652e+00]
 [1.30436034e+02 4.10222626e+00]
 [1.14617235e+00 4.27843243e+01]
 [5.90562468e+01 1.05028281e+01]
 [7.25341217e+01 7.98347556e+00]
 [1.82116952e+01 2.43868853e+01]
 [6.53062117e+01 9.18611988e+00]
 [1.17904681e+02 4.24592393e+00]
 [2.21083160e+01 2.23569850e+01]
 [7.66894096e+01 7.52205093e+00]
 [4.41444605e+00 3.62531881e+01]
 [1.06654165e+00 4.34500853e+01]
 [4.23823753e+00 3.69152053e+01]
 [7.65251857e+00 3.26943487e+01]
 [1.26593698e+01 2.81931329e+01]
 [3.92411332e+01 1.55286567e+01]
 [4.52800725e+00 3.61570808e+01]
 [8.12288624e+01 6.73550220e+00]
 [9.13972664e+01 5.68216019e+00]
 [5.63510412e+01 1.10529865e+01]
 [6.17148064e+01 9.89289791e+00]
 [3.59897964e+01 1.65843114e+01]
 [6.50423608e+01 9.25486679e+00]
 [5.23225433e+00 3.51337813e+01]
 [3.41097852e+01 1.72300525e+01]
 [4.88470726e+01 1.28080199e+01]
 [7.26623926e+01 7.93721265e+00]
 [1.09750286e+01 2.93415822e+01]
 [4.02701913e+00 3.71107902e+01]
 [6.65029408e+01 9.11020659e+00]
 [2.32970489e+01 2.17218945e+01]
 [2.32048156e-01 4.68188286e+01]
 [2.06324935e+01 2.30837459e+01]
 [5.59409553e+01 1.11615698e+01]
 [1.12479528e+02 4.47345927e+00]
 [1.88596092e+01 2.40256166e+01]
 [5.46639485e+00 3.48344943e+01]
 [6.95140145e-01 4.42783644e+01]
 [1.61858957e+01 2.56004950e+01]]
