[[1.52610864e-02 2.65060857e+04]
 [4.48927166e-02 9.16056255e+03]
 [1.69870331e-02 2.59225653e+04]
 [3.39946541e-02 1.19017793e+04]
 [3.70128177e-02 1.09776149e+04]
 [4.18541489e-02 9.65590185e+03]
 [1.31546121e-02 3.47853465e+04]
 [1.07192317e-02 3.87363394e+04]
 [8.73430708e-03 4.97827473e+04]
 [3.18475519e-02 1.27103137e+04]
 [3.13492445e-02 1.34289154e+04]
 [4.37664957e-02 9.35419140e+03]
 [9.94202140e-03 4.21205463e+04]
 [1.75662574e-02 2.46631743e+04]
 [5.25064956e-03 9.90916651e+04]
 [2.57065886e-02 1.59723699e+04]
 [1.42412880e-02 3.02360048e+04]
 [4.83029410e-02 8.86676553e+03]
 [1.05321488e-02 4.18995174e+04]
 [2.24610896e-02 1.85449941e+04]
 [4.06463556e-02 1.00653713e+04]
 [1.78191845e-02 2.39086670e+04]
 [2.06262030e-02 2.01664389e+04]
 [2.87454892e-02 1.43850382e+04]
 [3.91076205e-02 1.04812322e+04]
 [9.00811351e-03 4.66218533e+04]
 [3.86692395e-02 1.07779136e+04]
 [5.52221107e-03 9.52604552e+04]
 [3.28146813e-02 1.25513458e+04]
 [4.27435354e-02 9.62106870e+03]
 [2.57166373e-02 1.56238274e+04]
 [2.35322254e-02 1.72277619e+04]
 [3.08761822e-02 1.35705959e+04]
 [2.77232287e-02 1.52598192e+04]
 [6.41548155e-03 6.73857472e+04]
 [8.83758753e-03 4.85329559e+04]
 [1.35470637e-02 3.05317531e+04]
 [3.49426067e-02 1.17312841e+04]
 [4.33369661e-02 9.59013540e+03]
 [2.41150060e-02 1.69952711e+04]
 [3.68851948e-02 1.10585622e+04]
 [8.81337811e-03 4.87379868e+04]
 [1.93038797e-02 2.09149386e+04]
 [4.69655623e-02 9.06321423e+03]
 [3.24484026e-02 1.26506364e+04]
 [1.27906088e-02 3.53510788e+04]
 [7.61919917e-02 8.48432301e+03]
 [1.38128346e-02 3.03004108e+04]
 [5.64851222e-02 8.50323188e+03]
 [2.88042058e-02 1.40118454e+04]
 [8.68480562e-03 4.98333503e+04]
 [2.66082251e-02 1.52946544e+04]
 [2.25536617e-02 1.82275201e+04]
 [5.56393692e-03 7.30516350e+04]
 [4.84210733e-02 8.67738208e+03]
 [8.16606962e-03 5.36417796e+04]
 [1.44762132e-02 2.80871933e+04]
 [1.44573899e-02 2.95643932e+04]
 [3.76117301e-02 1.08925492e+04]
 [8.72955374e-03 4.98240074e+04]
 [4.00910988e-02 1.04011551e+04]
 [7.30660528e-03 6.39757703e+04]
 [7.44561912e-03 5.80001463e+04]
 [2.47832665e-02 1.67813259e+04]
 [4.18372659e-02 9.65710962e+03]
 [8.88679624e-03 4.83540493e+04]
 [3.15213832e-02 1.30508185e+04]
 [5.28000096e-02 8.63170119e+03]
 [2.09200475e-02 1.92026313e+04]
 [1.10234795e-02 3.66949966e+04]
 [3.61633344e-02 1.12983522e+04]
 [1.54794967e-02 2.63133040e+04]
 [2.34346647e-02 1.81305004e+04]
 [6.33904783e-03 6.77915179e+04]
 [3.54983725e-02 1.17105231e+04]
 [3.90863385e-02 1.07697511e+04]
 [9.47114833e-03 4.55965545e+04]
 [1.76243771e-02 2.43841893e+04]]
