[[1.52610864e-02 2.65060857e+04]
 [3.39946541e-02 1.19017793e+04]
 [2.57102561e-02 1.57337039e+04]
 [1.50201596e-02 2.82421304e+04]
 [3.32130643e-02 1.22119903e+04]
 [3.32642296e-02 1.21926825e+04]
 [3.64768194e-02 1.11223772e+04]
 [2.74503037e-02 1.49519105e+04]
 [1.60098311e-02 2.59225653e+04]
 [4.76436022e-02 8.70822173e+03]
 [1.62389786e-02 2.52092698e+04]
 [4.45444161e-02 9.16056255e+03]
 [2.89740994e-02 1.45056145e+04]
 [3.65305880e-02 1.11067025e+04]
 [3.64572998e-02 1.11902527e+04]
 [1.09298187e-02 4.06830452e+04]
 [9.02766313e-03 5.01053582e+04]
 [3.96294617e-02 1.04969262e+04]
 [3.01501920e-02 1.33464383e+04]
 [2.17048726e-02 2.08844241e+04]
 [2.70215666e-02 1.50581091e+04]
 [9.75489106e-03 4.41510385e+04]
 [2.82894274e-02 1.45376518e+04]
 [1.23316491e-02 3.37884323e+04]
 [9.42062423e-03 4.65715109e+04]
 [1.33443951e-02 3.09027947e+04]
 [2.59858529e-02 1.54519040e+04]
 [3.46660698e-02 1.16340432e+04]
 [6.68839499e-03 6.61406466e+04]
 [4.06727371e-02 9.95225061e+03]
 [4.41832196e-02 9.32928054e+03]
 [4.75648901e-02 8.75767292e+03]
 [3.14524106e-02 1.31618888e+04]
 [1.18708558e-02 3.64474282e+04]
 [4.66645614e-02 8.90980731e+03]
 [5.39364255e-03 7.71643934e+04]
 [5.64324145e-03 7.66883313e+04]
 [4.49528802e-02 9.04799753e+03]
 [1.18106738e-02 3.67349156e+04]
 [3.59328236e-02 1.14028900e+04]
 [1.90761030e-02 2.11910523e+04]
 [6.00958661e-03 6.70498203e+04]
 [3.96839510e-02 1.04132855e+04]
 [3.29743107e-02 1.24131959e+04]
 [1.73688177e-02 2.42886655e+04]
 [1.62847223e-02 2.50826684e+04]
 [4.00771801e-02 1.03541050e+04]
 [2.77783448e-02 1.47600931e+04]
 [2.27977736e-02 1.86123550e+04]
 [1.49724145e-02 2.82820628e+04]
 [3.82361575e-02 1.07043811e+04]
 [2.90980664e-02 1.41431571e+04]
 [9.06830434e-03 5.00527502e+04]
 [7.52701512e-03 5.47279832e+04]
 [2.79503966e-02 1.45899601e+04]
 [2.14948568e-02 2.11089394e+04]
 [3.37452217e-02 1.20777449e+04]
 [8.46345833e-03 5.11971241e+04]
 [1.90765339e-02 2.11909150e+04]
 [6.70015878e-03 6.55588038e+04]
 [1.43937375e-02 2.93638397e+04]
 [1.93005601e-02 2.11251716e+04]
 [4.51149262e-02 8.93584107e+03]
 [1.54400503e-02 2.62446164e+04]
 [1.34731275e-02 3.05510990e+04]
 [7.11529548e-03 5.69287913e+04]
 [2.20066722e-02 2.01805553e+04]
 [4.77235877e-02 8.66217129e+03]
 [1.18101738e-02 3.67366927e+04]
 [8.27174441e-03 5.41660300e+04]
 [5.30702755e-03 7.96001275e+04]
 [4.31985334e-02 9.40183193e+03]
 [3.27529201e-02 1.29463184e+04]
 [2.25204958e-02 1.91076384e+04]
 [4.01164829e-02 9.99995942e+03]
 [1.09629067e-02 3.91820339e+04]
 [6.01544819e-03 6.69512575e+04]
 [3.72191334e-02 1.09835263e+04]
 [4.84938438e-02 8.66153815e+03]
 [2.93052837e-02 1.40005677e+04]
 [2.46204091e-02 1.65532395e+04]
 [4.33849724e-02 9.37692489e+03]
 [3.63819284e-02 1.13647937e+04]
 [4.17551754e-02 9.63268209e+03]
 [4.27855217e-02 9.47427898e+03]
 [6.66600738e-03 6.63953340e+04]
 [7.37901140e-03 5.53246221e+04]
 [1.13241776e-02 3.78397570e+04]
 [2.55854720e-02 1.59393550e+04]
 [2.22566124e-02 1.93298999e+04]
 [3.79887360e-02 1.09274926e+04]
 [3.16824690e-02 1.29485742e+04]
 [1.18664416e-02 3.64595022e+04]
 [9.78820281e-03 4.17342324e+04]
 [4.67135358e-02 8.85682408e+03]
 [1.64826127e-02 2.44988951e+04]
 [4.94313305e-02 8.58540898e+03]
 [2.75331931e-02 1.48448649e+04]
 [1.25807414e-02 3.26472564e+04]
 [1.76839079e-02 2.26728448e+04]
 [6.26221230e-03 6.67551994e+04]
 [2.55720624e-02 1.63795937e+04]
 [5.68112547e-03 7.40244797e+04]
 [1.92533345e-02 2.11394157e+04]
 [9.52879115e-03 4.53046446e+04]
 [5.72094025e-03 7.21613906e+04]
 [2.66278886e-02 1.53457688e+04]
 [3.83448257e-02 1.05400707e+04]
 [1.62284697e-02 2.52394939e+04]
 [7.11809558e-03 5.69170634e+04]
 [1.19377680e-02 3.46576285e+04]
 [2.40814891e-02 1.67911027e+04]
 [8.96473057e-03 5.01127722e+04]]
