[[1.06998121e+01 5.46139961e-03]
 [4.86621314e+00 6.48194950e-03]
 [1.62713356e+01 1.46668769e-03]
 [7.15812634e+01 4.69709911e-04]
 [1.68756768e+01 1.43366684e-03]
 [2.37506731e+01 9.14755618e-04]
 [2.76213644e+01 7.39598154e-04]
 [9.47907177e+00 6.29813188e-03]
 [1.60575111e+01 1.50222995e-03]
 [1.17687403e+01 3.70600473e-03]
 [3.08311147e+01 6.42435431e-04]
 [2.63341447e+01 8.22753109e-04]
 [3.46122388e+01 6.05456647e-04]
 [3.07514168e+01 6.80781564e-04]
 [1.35350370e+01 1.69052160e-03]
 [1.88760957e+01 1.00505039e-03]
 [2.62969601e+01 9.13269791e-04]
 [3.03860356e+01 7.24974438e-04]
 [1.33883286e+01 2.09815441e-03]
 [3.48719499e+01 5.03628421e-04]]
