[[9.18151706e-05 4.99479408e+01]
 [1.34727345e+02 4.00140907e+00]
 [3.60005807e+01 1.65947611e+01]
 [3.87068193e+01 1.57136085e+01]
 [5.96508306e+01 1.03295750e+01]
 [6.28251954e+01 9.74904343e+00]
 [9.48062298e+01 5.37980910e+00]
 [1.98296435e+00 4.05639136e+01]
 [1.18411010e+02 4.24679010e+00]
 [1.11858950e+02 4.41863527e+00]
 [1.20339707e+00 4.25653542e+01]
 [4.26187617e+00 3.67119675e+01]
 [1.04400225e+02 4.78740595e+00]
 [2.64449867e+00 3.95166215e+01]
 [1.27625878e+02 4.04613356e+00]
 [1.25693574e+02 4.07531876e+00]
 [6.79274356e+01 8.72680736e+00]
 [3.52550643e+00 3.76960590e+01]
 [4.26187223e+01 1.45205926e+01]
 [8.89085385e-01 4.35860832e+01]
 [3.01850241e+01 1.88345511e+01]
 [4.42191835e+00 3.62396476e+01]
 [5.04712435e+00 3.53761273e+01]
 [1.45699318e+00 4.19088021e+01]
 [1.80717676e+00 4.12271899e+01]
 [1.06914696e+02 4.65354944e+00]
 [2.83745823e+01 1.94577451e+01]
 [2.55478071e+01 2.06519134e+01]
 [2.08026585e-01 4.68525202e+01]
 [2.17819262e+01 2.26110835e+01]
 [8.61802398e+00 3.14960808e+01]
 [5.04584324e+01 1.23859581e+01]
 [3.91208369e-01 4.56917665e+01]
 [7.65723809e+00 3.23478477e+01]
 [2.05516264e+01 2.32549416e+01]
 [1.63016875e-01 4.77629516e+01]
 [4.12482453e+01 1.49019409e+01]
 [1.24982365e+01 2.81266055e+01]
 [1.32672496e+02 4.01789804e+00]
 [8.71731908e+01 6.03868245e+00]
 [1.33400242e+01 2.75907415e+01]
 [9.37795417e+00 3.07369047e+01]
 [9.16976722e+01 5.61242994e+00]
 [1.15281316e+02 4.30062225e+00]
 [7.14697559e+00 3.28935637e+01]
 [1.14740446e+02 4.31752380e+00]
 [3.11195947e+00 3.85746368e+01]
 [4.40392685e+01 1.42154576e+01]
 [8.53560279e+01 6.22869124e+00]
 [5.24186172e+01 1.19154056e+01]
 [1.00678635e+02 4.99478896e+00]
 [7.22513098e+01 7.96774380e+00]
 [8.10471698e+01 6.70905354e+00]
 [5.67203921e+01 1.09283627e+01]
 [2.46895765e+01 2.10829884e+01]
 [2.99160909e-01 4.63267942e+01]
 [1.85966492e+01 2.41777804e+01]
 [1.22909571e+02 4.11496276e+00]
 [1.94288518e+01 2.37241650e+01]
 [4.61035029e+01 1.35741756e+01]
 [5.36622526e-01 4.49543775e+01]
 [8.44319677e+01 6.36766125e+00]
 [5.59380025e+01 1.11537463e+01]
 [7.44817340e+01 7.78401514e+00]
 [8.34528052e+00 3.18506663e+01]
 [1.55617453e+01 2.59969021e+01]
 [1.20652703e+02 4.19490004e+00]
 [1.07504377e+01 2.95040374e+01]
 [9.67483499e+01 5.23852791e+00]
 [5.41224569e+01 1.15264834e+01]
 [5.80992357e+01 1.06525211e+01]
 [5.19260734e+01 1.20392967e+01]
 [6.97450291e+01 8.38374831e+00]
 [2.68109555e+00 3.90936090e+01]
 [4.04726394e+01 1.52062728e+01]
 [7.58854545e+01 7.46370943e+00]
 [8.84081309e+01 5.91298999e+00]
 [3.20082975e+01 1.83211383e+01]
 [6.68266920e-02 4.82392784e+01]
 [3.52880557e+01 1.68638909e+01]
 [7.78628863e+01 7.15275056e+00]
 [1.42248967e+01 2.69060569e+01]
 [3.27560345e+00 3.80214485e+01]
 [1.30556272e+02 4.04129795e+00]
 [4.94618411e+01 1.26646094e+01]
 [3.27550852e+01 1.77706783e+01]
 [1.39828584e+01 2.72932725e+01]
 [7.65457387e+01 7.40627789e+00]
 [1.08289923e+02 4.59529838e+00]
 [9.89894588e+01 5.08639476e+00]
 [4.14331412e-02 4.87530824e+01]
 [1.70994359e+01 2.50735971e+01]
 [7.34882855e+01 7.83313432e+00]
 [1.09667739e+02 4.50227493e+00]
 [1.77883497e+01 2.46336685e+01]
 [5.33701728e+00 3.50035311e+01]
 [1.15966030e+01 2.89036467e+01]
 [2.65852089e+01 2.02330772e+01]
 [3.37721074e+01 1.74425852e+01]
 [3.44753316e+01 1.71025222e+01]
 [4.48337987e+01 1.38809604e+01]
 [6.66427658e+01 8.98935577e+00]
 [1.99219743e+01 2.34195336e+01]
 [5.87740336e+01 1.04842405e+01]
 [4.67806906e+01 1.33358772e+01]
 [1.48883012e-02 4.91825015e+01]
 [7.08639647e+01 8.19442512e+00]
 [7.85372250e+01 7.05898411e+00]
 [4.74183728e+01 1.31720948e+01]
 [1.49200036e+01 2.65035756e+01]
 [5.46976932e+01 1.14330207e+01]
 [2.36642716e+01 2.15268964e+01]
 [3.24367276e+01 1.79804001e+01]
 [4.81569201e+01 1.29873816e+01]
 [2.40378278e+01 2.13633778e+01]
 [6.36953236e+01 9.59699383e+00]
 [1.02523833e+02 4.88442595e+00]
 [4.87862908e+01 1.28345717e+01]
 [6.73585185e-01 4.45802542e+01]
 [6.52483237e+01 9.25417926e+00]
 [1.60400671e+01 2.57142606e+01]
 [8.26560711e+01 6.51143449e+00]
 [3.09382976e+01 1.85079456e+01]
 [8.26436108e+01 6.51391263e+00]
 [1.30585171e+02 4.03646052e+00]
 [6.63478589e+01 9.04030981e+00]
 [1.80600359e+01 2.44753847e+01]
 [7.70434388e-01 4.40554005e+01]
 [1.34501933e+02 4.00236954e+00]
 [6.79760010e+00 3.33654513e+01]]
