[[0.62822678 4.53414591 9.09509548 1.55636897]
 [0.43379929 4.27441307 8.65190854 0.52291692]
 [1.02679196 8.45817405 9.82763891 4.57948067]
 [1.68005678 1.30700616 9.63388057 2.58191717]
 [0.90872519 7.19075923 9.70912511 4.65655809]
 [0.55867567 3.33434245 9.48881637 0.91937637]
 [1.18582585 2.56987231 9.60000241 1.2892189 ]
 [1.04256965 1.81511829 9.40087105 1.9611576 ]
 [0.454131   4.41948928 9.29574171 1.40800301]
 [0.57152466 2.80940531 8.87781336 1.32397866]
 [0.52797523 5.26156423 9.81340468 2.07869755]
 [1.17349144 1.03159272 8.71489829 1.27973493]
 [1.34727833 0.80029763 8.64000808 2.13919763]
 [0.22993343 9.48490509 8.28844316 0.40768257]
 [1.68005678 1.30700616 9.63388057 2.43760503]
 [3.08476118 2.95065522 9.98333583 4.87385159]
 [0.62822678 4.53414591 9.20919955 1.55636897]
 [0.62032828 4.41948928 9.31360357 1.40800301]
 [0.55867567 4.00638459 9.48881637 0.81982523]
 [1.51254142 0.70426314 9.35339109 3.38372382]
 [0.63745967 3.700339   8.82952917 2.49790988]
 [1.85820945 0.53491233 9.02059236 2.21431352]
 [1.71380501 0.82705765 9.97606297 3.70089546]
 [1.04256965 1.81511829 8.80583994 2.39047857]
 [0.31800352 4.41948928 9.29574171 1.35874489]
 [1.92089082 4.68182588 9.92108219 4.81587025]
 [2.24086246 0.64617325 9.4552986  4.59210493]
 [0.4003446  5.98657849 9.72955878 0.77716925]
 [0.43996675 2.91987783 9.93937721 4.21260316]]
