[[4.35444993e+01 4.39040274e-04]
 [3.08497694e+00 7.33949929e-03]
 [1.15516242e+01 1.58433877e-03]
 [4.21080526e+00 4.81754505e-03]
 [4.74965577e+00 4.07670775e-03]
 [8.44404623e+00 2.19480668e-03]
 [3.44138075e+00 6.08329889e-03]
 [2.83371484e+01 6.49636328e-04]
 [6.13154769e+00 3.08397097e-03]
 [2.35582582e+01 7.58786639e-04]
 [6.89252268e+00 2.71572684e-03]
 [3.98210110e+00 5.35349894e-03]
 [1.36556788e+01 1.36082697e-03]
 [3.74380511e+00 5.62735726e-03]
 [1.64011281e+01 1.19103399e-03]
 [3.12458754e+01 5.66462740e-04]
 [4.18855929e+01 4.52271489e-04]
 [5.65933480e+00 3.51622378e-03]
 [3.23180800e+00 6.65256208e-03]
 [5.44729399e+00 3.72004738e-03]
 [3.19861000e+00 6.79418898e-03]
 [3.85717701e+01 4.56110109e-04]
 [7.64395943e+00 2.44798250e-03]
 [1.90954318e+01 9.53797243e-04]
 [3.45318544e+01 5.06825723e-04]
 [3.39491561e+01 5.31002658e-04]
 [3.73105668e+01 4.83703574e-04]
 [1.26622807e+01 1.44141514e-03]
 [1.71348750e+01 1.08527982e-03]
 [2.01096812e+01 9.45074095e-04]]
