[[2.08511002 2.16097348]
 [0.93130106 1.03668218]
 [2.09597257 2.0556585 ]
 [0.70193469 0.59430447]
 [1.05814058 0.79663998]
 [1.63322451 1.58117431]
 [3.45448459 2.99196855]
 [0.09940067 0.07863296]
 [2.76410989 2.52609268]
 [2.92879636 2.90878724]
 [0.29958845 0.36403037]
 [0.22275939 0.32248239]
 [1.1992388  1.48130914]
 [2.62335155 2.77442391]
 [3.08389179 2.84704896]
 [0.88098128 0.99619072]
 [2.9100709  2.63649595]
 [2.16838174 2.42208159]
 [0.99284944 1.28010303]
 [2.63857323 2.40648325]
 [2.07924359 1.8500552 ]
 [3.91374707 2.97141535]
 [1.23866451 0.78651925]
 [1.10716367 0.80121606]
 [0.09166321 0.20017499]
 [1.9742524  2.24081549]
 [4.52904748 2.96986554]
 [0.73396187 0.79289245]
 [2.58633799 2.74921756]
 [2.85357926 2.99026028]
 [2.46035901 2.19027363]
 [2.52259585 2.02154702]
 [2.42214223 2.57795342]
 [1.37059888 1.68158997]
 [2.01610236 2.27624079]
 [3.58464501 2.96197852]
 [1.87437972 2.31096758]
 [2.00932962 2.09192406]
 [0.60383592 0.66085196]
 [0.69177345 0.87043339]
 [1.10741028 1.40173747]
 [1.57382844 1.88056681]
 [1.47110273 1.49875251]
 [2.07161548 2.20359604]
 [1.99651902 2.4036418 ]
 [2.06209433 2.09423946]
 [1.01130958 0.79289245]
 [1.44477036 1.5566704 ]
 [1.68119266 1.44224253]
 [1.87558465 1.73207409]
 [4.39914347 2.99026028]
 [2.65979705 2.5939566 ]
 [1.73629584 1.57168841]
 [2.06954539 1.79775756]
 [1.91589585 2.2045069 ]
 [1.37059888 1.68791483]
 [1.86000573 1.68110069]
 [0.09940067 0.07399593]
 [0.46697861 0.70308626]
 [1.63322451 1.63199108]
 [1.00090927 1.27954332]
 [3.99362104 2.97141535]
 [1.87437972 2.30685283]
 [2.88377967 2.62327403]
 [2.26257609 2.40343505]
 [1.17811398 1.25189723]
 [0.0941729  0.07863296]
 [2.94715144 2.91398678]
 [1.62017505 1.48130914]
 [2.9956817  2.71152587]
 [1.1080391  1.29447115]
 [2.63857323 2.29240126]
 [0.6266672  0.9939444 ]
 [2.75480074 2.80298917]
 [1.26696901 1.52010279]
 [1.72368326 1.52019842]
 [2.80123558 2.99207915]
 [2.85357926 2.91024708]
 [2.16743421 2.53687136]
 [1.20153574 0.99385102]
 [3.06254694 2.81241168]
 [1.73629584 1.58994255]
 [4.53907926 2.98233405]
 [2.41113581 2.43801208]
 [0.25653059 0.19611515]
 [0.72111568 0.57832053]
 [0.45770591 0.37409048]
 [0.87259495 0.8435031 ]
 [3.87237028 2.97155976]
 [0.09940067 0.12350126]
 [3.2001834  2.99026028]
 [3.33419734 2.95709635]
 [1.88622957 1.95081183]
 [1.71941306 2.18487161]
 [0.7091373  0.64951925]
 [3.58464501 2.96526896]
 [3.45873555 2.89470451]
 [2.23909123 2.55000419]
 [1.04324322 1.25935557]
 [0.29448688 0.36393685]
 [1.6895216  1.49875251]
 [1.57031391 1.5905389 ]
 [2.83148181 2.63512875]
 [1.84567992 2.08179988]
 [0.22275939 0.28840397]
 [3.26186465 2.96986554]
 [0.54974305 0.66085196]
 [2.59505814 2.72538842]
 [2.52320123 2.23622252]
 [1.97548434 2.37565762]
 [0.284822   0.50493664]
 [1.04476123 1.20465693]
 [2.2037503  1.79775756]
 [3.82627727 2.98246315]
 [2.56387373 2.56320794]
 [0.7388536  0.69827617]
 [1.61172043 1.6804194 ]
 [2.45767977 2.76632654]
 [1.99534557 2.24081549]
 [1.56751588 1.92673913]
 [2.51015455 2.26343835]
 [2.88377967 2.69135903]
 [1.74896836 1.80566431]
 [2.1952407  1.81591948]
 [2.63290065 2.80518958]
 [1.26696901 1.54109307]
 [1.36899531 1.23295811]
 [1.24456153 0.97910833]
 [2.87653962 2.71247136]
 [0.40264764 0.61921551]
 [0.11619804 0.25670187]
 [0.40953378 0.48590616]
 [3.2001834  2.89767154]
 [2.01367232 2.22698745]
 [3.64582532 2.97742497]
 [2.88804399 2.94782855]
 [4.36668963 2.96027037]
 [2.43182736 2.76716694]
 [0.89690342 0.86434827]
 [1.27824378 1.19752832]
 [4.75624081 2.98852491]
 [2.00123144 1.81349816]
 [3.26186465 2.99539516]
 [2.42942988 2.78037   ]
 [4.08485945 2.98958161]
 [1.09173167 1.48130914]
 [0.71319704 0.89397829]
 [3.92049572 2.97141535]
 [2.0151268  1.68110069]
 [2.64307208 2.18435374]
 [3.53509784 2.93319627]
 [3.58464501 2.99465396]
 [3.9767246  2.97867363]
 [3.0953069  2.99196855]
 [1.54320974 1.81585666]
 [3.00043781 2.96584846]
 [2.45126761 2.44953782]
 [1.76237298 2.27437654]
 [1.53367124 1.38334632]
 [2.44873504 2.76632654]
 [1.71737008 1.50972396]
 [2.32227038 2.73928052]
 [0.45192834 0.37898856]
 [1.17511727 1.55883476]
 [2.8776311  2.94058868]
 [3.41585533 2.98454114]
 [2.5466058  2.78107154]
 [3.67225271 2.9820499 ]
 [2.89153664 2.91398678]
 [1.04563773 1.21345199]
 [3.45873555 2.97330053]
 [1.69354013 1.57318463]
 [2.56387373 2.39116923]
 [2.63951989 2.34068816]
 [0.66037726 0.79572911]
 [3.7350798  2.95662644]
 [4.25314248 2.98984525]
 [3.05219474 2.90565466]
 [2.08652401 1.98738168]
 [1.94618928 1.53687808]
 [0.2340007  0.43940179]
 [2.71508044 2.88523299]
 [1.62017505 1.45476723]
 [1.12357579 0.80333845]
 [1.65148059 1.73420155]
 [2.80567482 2.55482597]
 [1.77210059 1.97766554]
 [0.63090579 0.9939444 ]
 [1.10741028 1.38382638]
 [1.90411763 1.831917  ]
 [0.27504549 0.36393685]
 [4.60815117 2.98771252]
 [0.88098128 1.01991899]
 [3.2048395  2.99076617]
 [2.19651777 2.40648325]
 [1.66525518 1.52697796]
 [0.54672483 0.3723194 ]
 [2.62123745 2.56466708]
 [2.42214223 2.58227705]
 [0.13313942 0.25688021]
 [1.97503106 1.80197242]
 [0.95270798 1.03551095]
 [0.51966366 0.19177893]
 [3.66447034 2.98036358]
 [0.42959015 0.25288147]
 [1.34748098 1.59233378]
 [1.11004614 0.79927717]
 [2.50586242 2.57795342]
 [2.59505814 2.7492772 ]
 [1.98333749 1.9926071 ]
 [1.18384311 1.46770835]
 [2.49863065 2.77186696]
 [1.81996555 1.7650663 ]
 [2.63857323 2.53270102]
 [3.79785095 2.98246315]
 [2.67000003 2.98505722]
 [1.94772415 1.75978874]
 [3.72409997 2.98879916]
 [0.54458017 0.60569317]
 [1.9118908  1.65326152]
 [0.75555579 0.82947319]
 [1.36405333 1.35085695]
 [0.69177345 0.68672986]
 [2.56387373 2.38591903]
 [4.01850962 2.97742497]
 [4.0794078  2.99955236]
 [2.45935704 2.0995277 ]
 [0.2681861  0.07817617]
 [3.86854748 2.99465396]
 [2.26805314 2.42208159]
 [0.84599613 1.00612081]
 [1.1102457  1.3716821 ]
 [3.37464961 2.90294031]
 [1.36259617 1.18410784]
 [0.7091373  0.65272314]
 [2.51820556 2.77442391]
 [2.53079901 2.74862211]
 [1.97379682 1.73881569]
 [1.89345382 1.74486718]
 [1.53367124 1.31184009]
 [4.07693695 2.98508599]
 [1.6551233  1.73761312]
 [0.22275939 0.36371413]
 [0.65078871 0.3143074 ]
 [0.06121259 0.06937711]
 [0.69051117 0.87400506]
 [0.62609394 0.71464075]
 [0.59010109 0.89397829]
 [3.26186465 2.97420479]
 [0.72646487 0.57832053]
 [2.09138224 2.28121078]
 [1.86549189 1.47502681]
 [0.4024313  0.4799083 ]
 [2.83863641 2.90716223]
 [1.98568432 1.80489073]
 [1.57031391 1.58712902]
 [2.88633929 2.61396564]
 [3.03546979 2.84704896]
 [3.02662982 2.98246315]
 [1.24785933 1.3665865 ]
 [3.26186465 2.98144429]
 [2.08890933 1.99243383]
 [2.64871108 2.52826572]
 [2.8394893  2.91670158]
 [0.73404312 0.73719846]
 [0.79418199 0.62851169]
 [1.07768431 1.06140256]
 [2.59035442 2.77442391]
 [3.41711173 2.96013281]
 [3.93800581 2.98050616]
 [2.12475311 2.19027363]
 [0.58100144 0.37208327]
 [0.37606461 0.58133834]
 [2.9956817  2.69985444]
 [2.33983444 2.46708232]
 [4.22854397 2.97141535]
 [1.37007212 1.33882797]
 [2.36080967 2.10293218]
 [1.64656042 1.52554872]
 [1.4445739  1.39169482]
 [2.32227038 2.74409815]
 [2.88377967 2.75125401]
 [1.77120413 1.64573557]
 [1.63909276 1.73704031]
 [0.57081217 0.73938281]
 [3.85909809 2.97155976]
 [1.0034568  1.08780524]
 [1.90020294 1.75914183]
 [2.01259845 1.80658135]
 [4.6812969  2.98771252]
 [1.99775551 1.94337657]
 [0.74451937 0.66085196]
 [2.45149901 2.66294862]
 [1.98369869 1.72651875]
 [2.71508044 2.95969215]
 [2.79547378 2.81470759]
 [4.9011945  2.99450984]
 [1.53281639 1.55883476]
 [0.89690342 0.76968852]
 [3.27010786 2.95310396]
 [0.75416873 0.59558251]
 [1.08389326 1.36719311]
 [3.17828845 2.97282352]
 [1.43031459 1.23295811]
 [2.96317304 2.562118  ]
 [1.33108463 1.59257521]
 [1.10659666 1.20884207]
 [0.55109707 0.53808799]
 [0.07620883 0.05755827]
 [3.4545993  2.96741844]
 [0.25648499 0.21401152]
 [4.04112691 2.99987955]
 [3.59129191 2.9254748 ]
 [1.98095217 1.98755495]
 [2.58880904 2.7971051 ]
 [0.4157512  0.43338838]
 [2.49436062 2.77120055]
 [1.68488233 1.75727441]
 [1.53367124 1.42271242]
 [1.23531764 1.49075344]
 [3.69739073 2.96986554]
 [4.75624081 2.98891304]
 [3.58464501 2.99818253]
 [4.12349653 2.98599563]
 [1.1080391  1.14688866]
 [3.12679161 2.95327318]
 [4.30319806 2.98004172]
 [0.54146178 0.57832053]
 [3.203248   2.94408872]
 [0.05206222 0.2489808 ]
 [2.42214223 2.44838947]
 [2.45767977 2.70184846]
 [0.73396187 0.66739706]
 [1.21590888 1.53900487]]
