[[0.36494621 3.90941405 7.77243376 0.52793003]
 [1.71911818 0.60314881 8.51179647 1.78398298]
 [0.43379929 3.22535109 9.66368898 0.52291692]
 [0.58561655 4.52728431 9.43521514 1.35341358]
 [1.71911818 0.60314881 8.51179647 4.35197216]
 [0.61092687 4.31331118 9.86082797 2.14412394]
 [0.69953962 4.46869351 9.70869771 1.55821948]
 [1.32997238 1.26774234 9.14393253 4.36958375]
 [0.62068832 4.31331118 9.70587971 2.09347949]
 [0.38881852 4.27441307 8.65190854 0.49080936]
 [0.38985813 5.05751855 9.80315227 4.69084729]
 [0.42710669 3.61274543 9.65856874 1.85494916]
 [0.46876846 7.15152239 9.80868252 0.52291692]
 [1.0811422  1.26774234 9.02295352 4.36958375]
 [1.28114711 0.97350005 9.39166513 4.66515133]
 [0.37189066 4.53009176 7.84716165 0.45692394]
 [0.63095726 3.27097951 9.42449896 3.57673111]
 [0.84122158 1.54115144 9.0227442  2.17601526]
 [0.59946148 4.30357613 9.7632255  2.21450596]
 [1.72106943 0.60314881 8.51621181 1.78398298]
 [1.22057851 0.97350005 9.71226529 4.66515133]
 [0.36439896 3.93853874 7.77243376 0.52939189]
 [0.3775816  5.8212714  9.85479936 0.3991779 ]
 [1.71911818 0.60314881 8.20370745 4.35197216]
 [0.37035396 5.42917355 9.8104068  4.86325823]
 [0.38881852 4.36972329 8.65190854 0.96939697]
 [0.55743572 4.31331118 9.86082797 2.45213153]
 [0.92590278 2.53609313 9.02311156 1.78398298]
 [1.13241714 1.26774234 9.02544261 4.36958375]
 [0.42283879 3.63031752 9.87934044 1.85494916]
 [0.43379929 6.07845896 9.83664065 0.9062113 ]
 [0.69971534 4.04237621 9.38758864 1.44513937]
 [0.52469738 4.32503357 9.80147277 4.84206165]
 [1.25444141 3.88694136 9.93663229 4.79178384]
 [0.72788682 4.4884767  9.97373915 1.9606259 ]
 [1.96585109 3.48090459 9.96665351 4.96498657]
 [0.7385714  2.58101866 9.31871331 1.19285588]
 [1.2618004  1.55919333 9.02295352 2.91259439]
 [0.24660541 6.71575476 9.74802565 1.15780703]
 [0.58308292 4.75843653 9.11430549 0.77106889]
 [0.91876089 1.57191717 8.58790228 3.74042307]]
