[[3.60699608e+01 1.65566552e+01]
 [7.76812641e+00 3.22621992e+01]
 [3.44753316e+01 1.71025222e+01]
 [2.86511655e+01 1.95368564e+01]
 [7.01718697e+00 3.32064912e+01]
 [2.06701379e+01 2.30235463e+01]
 [8.35413583e+01 6.42080819e+00]
 [6.42545421e-02 4.82357273e+01]
 [5.60857909e+01 1.11194220e+01]
 [6.81555654e+01 8.66305532e+00]
 [8.89085385e-01 4.35860832e+01]
 [6.14466549e-01 4.47011988e+01]
 [1.45298019e+01 2.68269711e+01]
 [5.83176055e+01 1.06016468e+01]
 [7.04643053e+01 8.30666886e+00]
 [7.07409588e+00 3.29968040e+01]
 [1.04976551e+01 2.98948891e+01]
 [5.10129214e+01 1.23026655e+01]
 [4.83307391e+01 1.30055861e+01]
 [3.09838326e+01 1.84529702e+01]
 [9.65869014e+01 5.29510110e+00]
 [8.61160919e+00 3.19010647e+01]
 [7.47103428e+00 3.27839613e+01]
 [1.93888691e-01 4.71300901e+01]
 [3.56757064e+01 1.67682477e+01]
 [1.17329489e+02 4.34324222e+00]
 [4.66951383e+00 3.58988353e+01]
 [5.69893656e+01 1.08917859e+01]
 [6.83382844e+01 8.64617576e+00]
 [4.34026601e+01 1.43443386e+01]
 [2.13531304e+01 2.26859973e+01]
 [1.88251444e+01 2.41843976e+01]
 [5.13824242e-01 4.54694508e+01]
 [4.03239394e+00 3.69383522e+01]
 [8.64919865e+01 6.15676129e+00]
 [3.36542071e+01 1.74010150e+01]
 [3.20537255e+00 3.81544643e+01]
 [4.94481916e+00 3.56141364e+01]
 [2.83518875e+01 1.95538827e+01]
 [1.27649019e+01 2.80997480e+01]
 [2.40538698e+01 2.14695150e+01]
 [6.48609556e+01 9.26874806e+00]
 [5.05834735e+01 1.23675360e+01]
 [3.43372301e+01 1.71514592e+01]
 [1.93779981e+01 2.37564183e+01]
 [5.01455835e+01 1.24796289e+01]
 [6.33070848e+01 9.61319687e+00]
 [5.40210633e+01 1.15365319e+01]
 [6.83013424e+00 3.33587758e+01]
 [6.43486652e+01 9.37801384e+00]
 [1.20306667e+01 2.85309140e+01]
 [7.44505565e+01 7.63696884e+00]
 [5.89411434e+01 1.05818184e+01]
 [4.67329773e+01 1.33736789e+01]
 [3.88029074e+01 1.58309290e+01]
 [3.01727971e+01 1.87087766e+01]
 [1.34130912e+00 4.22112876e+01]
 [4.93661976e-01 4.58807307e+01]
 [2.15113580e+01 2.25891640e+01]
 [3.35921562e-01 4.59875418e+01]
 [5.79757966e+01 1.06536827e+01]
 [2.15758789e+01 2.25489721e+01]
 [2.66596827e+01 2.02184574e+01]
 [8.12972023e-01 4.41664531e+01]
 [7.79711709e+00 3.22085453e+01]
 [4.45625951e+01 1.40918550e+01]
 [6.96871304e+01 8.40558730e+00]
 [2.47211051e+01 2.10275627e+01]
 [8.62804999e+00 3.15900942e+01]
 [1.31969028e+01 2.76972815e+01]
 [1.05494764e+01 2.98658082e+01]
 [4.67663491e+01 1.33526234e+01]
 [4.21620745e+01 1.46265005e+01]
 [3.75361146e+00 3.72747338e+01]
 [5.38580768e+01 1.16485177e+01]
 [6.96135576e+01 8.42397176e+00]
 [3.26021873e+01 1.77876950e+01]
 [3.27101692e+01 1.77589149e+01]
 [6.91123586e+01 8.55038487e+00]
 [7.01730799e+01 8.31113849e+00]
 [3.91416147e+01 1.55467138e+01]
 [1.79816284e+01 2.45904349e+01]
 [1.14352050e+02 4.60422727e+00]
 [6.91922583e-01 4.44418788e+01]
 [7.19408245e+01 8.01237546e+00]
 [2.02291111e+00 4.05086490e+01]
 [2.62728519e-01 4.64450476e+01]
 [4.13293070e+00 3.68514178e+01]
 [5.34718436e+01 1.16612434e+01]
 [4.50652135e+01 1.38072019e+01]
 [1.21033246e+01 2.84498708e+01]
 [1.02984042e+00 4.31941739e+01]
 [4.28413418e+00 3.64353428e+01]
 [6.06772742e+01 1.00926354e+01]
 [5.17815690e+01 1.20756660e+01]
 [5.00753781e+01 1.24841183e+01]
 [3.64208919e+01 1.64783257e+01]
 [2.05031630e+01 2.31204647e+01]
 [5.52778958e+01 1.14322952e+01]
 [2.08699861e+01 2.29201545e+01]
 [1.19158618e+01 2.86011782e+01]
 [3.60147008e+01 1.66956781e+01]
 [1.41624463e+00 4.19642958e+01]
 [2.18207191e+00 4.01005677e+01]
 [1.11394377e+02 4.68970831e+00]
 [7.09630621e+01 8.18251721e+00]
 [7.32905725e+01 7.80331402e+00]
 [6.39186693e+01 9.46243930e+00]
 [2.99171409e+01 1.88154538e+01]
 [5.68011641e+00 3.48922452e+01]
 [5.79406439e+01 1.06615388e+01]
 [8.69985118e+00 3.15208134e+01]
 [6.17388396e+01 9.88386160e+00]
 [2.76710956e+01 1.97216465e+01]
 [3.78735500e+01 1.60826086e+01]
 [3.39703682e+01 1.72797952e+01]
 [1.14221603e+01 2.90338290e+01]
 [7.29884071e+01 7.85652240e+00]
 [6.60622646e+01 9.04404406e+00]
 [7.26387335e+00 3.28149341e+01]
 [1.89935255e+01 2.39542084e+01]
 [8.98290597e+01 5.87262957e+00]
 [1.59957415e+00 4.15930845e+01]
 [4.90219390e+01 1.27469474e+01]
 [4.65904102e+00 3.60155754e+01]
 [3.07163213e+01 1.85980647e+01]
 [4.64265309e+01 1.34264990e+01]
 [1.51849824e+01 2.62457580e+01]
 [1.42757879e+01 2.68825864e+01]
 [3.72009529e+01 1.61897965e+01]
 [3.17354115e+01 1.81485282e+01]
 [2.43779936e+00 3.95935045e+01]
 [9.15401703e+00 3.10240831e+01]
 [1.75210694e+01 2.48550859e+01]
 [4.90329696e+01 1.27447142e+01]
 [3.98748676e+01 1.53214381e+01]
 [5.05675235e+00 3.54073223e+01]
 [1.39730904e+01 2.73822381e+01]
 [7.92591256e+00 3.20759247e+01]
 [4.14497823e+01 1.48385144e+01]
 [1.69298285e+01 2.51770984e+01]
 [2.79712804e+01 1.96417636e+01]
 [5.75792510e+01 1.07423058e+01]
 [9.05147208e+00 3.10878785e+01]
 [6.86842505e+00 3.32339969e+01]
 [4.61139651e+01 1.36149424e+01]
 [1.63030094e+01 2.55336468e+01]
 [1.28464337e+01 2.78687432e+01]
 [3.97672525e+00 3.70862842e+01]
 [4.78486607e+01 1.30789748e+01]
 [6.02354757e+01 1.03378875e+01]
 [2.37184900e+01 2.15006854e+01]
 [3.99554597e+00 3.70488245e+01]
 [6.00819875e-02 4.82947230e+01]
 [2.88822055e+00 3.87144616e+01]
 [5.37710108e-01 4.50197357e+01]
 [4.86124948e+01 1.29409779e+01]
 [1.05546994e+01 2.96721623e+01]
 [3.04608941e+01 1.86549541e+01]
 [2.48211394e+01 2.09974032e+01]
 [1.03094148e+01 3.00018891e+01]
 [8.28583428e+00 3.19330592e+01]
 [6.13992663e+00 3.42359010e+01]
 [1.11413737e+01 2.92004353e+01]
 [4.41139604e+00 3.62529467e+01]
 [5.74711369e+01 1.07661874e+01]
 [2.88585406e+01 1.94869517e+01]
 [4.19220930e+01 1.46992807e+01]
 [4.68152236e+01 1.33246294e+01]
 [2.18915653e+01 2.24621758e+01]
 [3.15088335e+01 1.81856401e+01]
 [6.59051315e+00 3.35547679e+01]
 [6.87194231e+01 8.62972891e+00]
 [7.60709091e+01 7.36706059e+00]
 [3.79816271e+01 1.59284134e+01]
 [1.15584895e+02 4.47118843e+00]
 [1.96024983e+01 2.35952334e+01]
 [9.26666692e+01 5.85254031e+00]
 [4.96493019e+01 1.26285349e+01]
 [1.51286184e+01 2.62837987e+01]
 [5.00036751e+01 1.25043514e+01]
 [2.25717714e+01 2.20558784e+01]
 [2.69039412e+00 3.91752823e+01]
 [1.09531294e+01 2.93551218e+01]
 [3.02472176e+01 1.86754918e+01]
 [2.35829726e+01 2.15592522e+01]
 [5.93320550e+01 1.04685813e+01]
 [1.53423107e+00 4.18398434e+01]
 [1.16757415e+02 4.42216446e+00]
 [3.10495574e+01 1.83623518e+01]
 [1.75670210e+00 4.11511150e+01]
 [5.72334564e+01 1.08141405e+01]
 [3.18730115e+01 1.81091045e+01]
 [4.85706057e+01 1.29939740e+01]
 [1.20835890e+02 4.26221318e+00]
 [6.28894368e+01 9.67774658e+00]
 [2.89002150e+01 1.92235278e+01]
 [2.45511101e+01 2.11985885e+01]
 [4.37511189e+01 1.42334809e+01]
 [2.54428808e+01 2.06937104e+01]
 [2.74248800e+01 1.98340326e+01]
 [2.92955780e+01 1.92158039e+01]
 [3.28236233e+01 1.77003294e+01]
 [4.33289266e+01 1.43893885e+01]
 [3.68610205e+01 1.63039341e+01]
 [6.23910538e+01 9.75907094e+00]
 [1.58154988e+01 2.58410283e+01]
 [9.37010680e+01 5.53281775e+00]
 [8.59682034e+01 6.34722139e+00]
 [4.01611486e+01 1.52514751e+01]
 [2.32762499e+00 3.98213177e+01]
 [3.98635999e+01 1.53517655e+01]
 [2.96857986e+01 1.90673776e+01]
 [1.10975608e+01 2.93061097e+01]
 [9.40743865e-01 4.35143922e+01]
 [4.64642563e+00 3.61060826e+01]
 [4.75046409e+01 1.31419000e+01]
 [6.14581119e+01 9.93151189e+00]
 [3.14044690e+01 1.82251560e+01]
 [4.18004565e+01 1.47434241e+01]
 [4.55838134e+01 1.36556397e+01]
 [3.95990770e+01 1.54827603e+01]
 [5.08116518e+00 3.53862343e+01]
 [2.40590689e+01 2.14673593e+01]
 [3.48131378e+01 1.69822580e+01]
 [5.30281601e+01 1.17775832e+01]
 [5.73749582e+00 3.45006402e+01]
 [1.12148802e+01 2.91949930e+01]
 [1.19408742e+00 4.27020923e+01]
 [7.86528234e+01 7.06019762e+00]
 [1.12456746e+01 2.91813178e+01]
 [3.93247776e+01 1.55215125e+01]
 [3.37772810e+00 3.78655573e+01]
 [6.71652500e+01 8.99299453e+00]
 [2.59335504e+01 2.04981032e+01]
 [6.56680073e+01 9.12900773e+00]
 [8.73095739e+00 3.12987450e+01]
 [1.92462497e+01 2.39066355e+01]
 [6.75308832e+01 8.78768447e+00]
 [2.64986010e+01 2.03254556e+01]
 [1.14199523e+02 4.60867143e+00]
 [9.70147169e+01 5.28087148e+00]
 [4.99998974e+01 1.25076108e+01]
 [6.10981495e+01 1.00052134e+01]
 [8.98245561e+01 6.07967829e+00]
 [9.79902552e+01 5.22491227e+00]
 [3.15641586e+01 1.81783899e+01]
 [5.99567933e+01 1.04598636e+01]
 [7.81891607e+01 7.20754193e+00]
 [1.39710846e+01 2.73840158e+01]
 [1.08998988e+01 2.94631830e+01]
 [3.24597517e+01 1.78605384e+01]
 [6.09831319e+01 1.00552210e+01]
 [9.30087581e+00 3.08930926e+01]
 [8.41794233e-02 4.80170512e+01]
 [4.49158449e+01 1.38536949e+01]
 [2.73470977e-01 4.63807992e+01]
 [2.77128683e+00 3.89246266e+01]
 [4.47605468e+01 1.39234189e+01]
 [5.40373540e+00 3.51131744e+01]
 [2.59544358e+00 3.93065678e+01]
 [6.21264956e+01 9.80814414e+00]
 [4.12933857e+01 1.48873266e+01]
 [4.08762564e+01 1.51765518e+01]
 [2.88630371e+01 1.93154762e+01]
 [2.42441906e+01 2.13185158e+01]
 [4.72439084e+01 1.32168403e+01]
 [7.89178226e+00 3.21450698e+01]
 [1.24886823e+00 4.24879897e+01]
 [8.17682120e+01 6.66273582e+00]
 [2.37854033e+01 2.14702492e+01]
 [2.13694531e+01 2.26603930e+01]
 [1.36728448e-01 4.74195411e+01]
 [4.01165016e+00 3.70218674e+01]
 [6.79703930e+01 8.70355318e+00]
 [6.35250524e+01 9.56676519e+00]
 [3.29973655e+01 1.76324338e+01]
 [6.23801665e+01 9.76881608e+00]
 [2.80946713e+01 1.96256432e+01]
 [1.05662058e+02 4.82588946e+00]
 [4.91302279e+01 1.27202095e+01]
 [3.18399338e-02 4.88001045e+01]
 [3.27291203e+01 1.77537243e+01]
 [2.00330594e+01 2.34726280e+01]
 [4.95591257e+01 1.26347359e+01]
 [1.24859483e+01 2.83494895e+01]
 [2.30119992e+01 2.18677385e+01]
 [5.17348053e+01 1.21614198e+01]
 [7.30670470e+01 7.83324820e+00]
 [3.62164290e+00 3.78369054e+01]
 [5.03067374e+01 1.24517654e+01]
 [1.02736714e+02 4.91734024e+00]
 [3.71499133e+01 1.61932701e+01]
 [3.20358522e+01 1.80319665e+01]
 [5.13723267e+01 1.21757652e+01]
 [2.11306537e+01 2.28083478e+01]
 [2.64529350e+01 2.04832402e+01]
 [1.95531924e+00 4.06131319e+01]
 [4.09810430e+01 1.49833130e+01]
 [1.41981741e+01 2.73765736e+01]]
