[[0.43379929 4.27441307 8.65190854 0.52291692]
 [0.55867567 3.33434245 9.48881637 0.91937637]
 [0.454131   4.41948928 9.29574171 1.40800301]
 [0.57152466 2.80940531 8.87781336 1.32397866]
 [0.52797523 5.26156423 9.81340468 2.07869755]
 [0.28601646 7.90294615 7.13085972 0.5102795 ]
 [0.53113514 2.27981547 9.83873827 2.7885751 ]
 [0.81551632 3.34880964 9.91883148 1.34529368]
 [1.49459774 1.85484804 9.87400149 3.73993283]
 [1.11278098 1.97523842 9.73246473 3.0922565 ]
 [0.95876695 1.40330842 9.81212168 4.82238955]
 [1.87387384 8.54816103 9.99929068 4.92798912]
 [0.54621522 2.27981547 9.81021323 2.7885751 ]
 [1.18582585 2.39591179 9.60000241 1.2892189 ]
 [0.76803014 2.21945849 9.91299983 1.83538314]
 [2.03614924 1.12900731 9.94220611 3.54537904]
 [2.31720186 4.70154493 9.92397001 4.81587025]
 [1.4366483  1.29604975 9.32594224 2.26064701]
 [0.55106617 4.53400967 9.74062396 1.11533551]
 [0.44584203 2.93926184 9.8890159  3.26929581]
 [1.32488778 1.28863728 9.68883045 4.28124718]]
