[[1.58871066 1.5157577  9.02295352 2.76510197]
 [0.43379929 4.27441307 8.65190854 0.52291692]
 [1.70462827 1.51669779 9.82763891 4.50849355]
 [3.46129727 7.74456249 9.93022287 4.95300941]
 [1.44038286 3.89925567 9.94460105 4.40184108]
 [1.39102967 2.19525509 9.85601602 2.77013867]
 [0.74409647 2.56353121 9.77135859 3.92348368]
 [0.84754645 1.5724386  9.86032352 3.72670469]
 [0.62822678 2.00734958 8.1475847  1.32692671]
 [1.15291431 1.86709885 9.67557339 1.73493957]
 [0.72637283 4.7509115  9.83750691 1.82036923]
 [1.01358254 2.07635191 9.46910587 1.67140724]
 [1.39102967 2.06996739 9.56967233 2.77013867]
 [1.98078014 1.17793703 9.68863795 2.21159452]
 [1.96057847 0.9005975  8.95259174 3.00113792]
 [0.40092978 5.8880937  8.69662488 0.52291692]
 [0.67333779 1.5724386  9.86707246 3.62179472]
 [0.74409647 2.56353121 9.82434851 3.92348368]
 [1.41007841 1.28065116 9.24873522 2.12099069]
 [0.84754645 1.5724386  9.03541338 3.72670469]
 [0.49180241 2.97243018 8.2315495  1.70517533]
 [0.18910025 8.45817405 9.82763891 4.57948067]
 [1.36939343 4.40886171 9.97277607 4.85149781]]
