[[5.84779630e+01 5.05021991e-04]
 [3.18032647e+01 6.57607673e-04]
 [3.23474214e+01 6.42435431e-04]
 [5.26519165e+01 5.15072990e-04]
 [8.42493582e+00 2.79476072e-03]
 [1.38583616e+01 1.92456864e-03]
 [1.62072948e+01 1.34727829e-03]
 [1.26053579e+01 1.94096797e-03]
 [2.49856601e+01 8.35621306e-04]
 [1.05192484e+01 2.36960019e-03]
 [2.05235936e+01 1.11743859e-03]
 [3.42755154e+01 5.26076962e-04]
 [2.09616270e+01 1.09156139e-03]
 [5.07024812e+00 5.57867342e-03]
 [1.45636445e+01 1.39742884e-03]
 [1.13336821e+01 2.23308011e-03]
 [2.17702795e+01 1.04159472e-03]
 [2.76909075e+01 6.68846457e-04]
 [1.99934877e+02 4.60002759e-04]
 [1.10707801e+01 2.29795409e-03]
 [2.21083795e+01 8.45411739e-04]
 [5.96965883e+01 4.89449673e-04]
 [4.60314586e+00 6.30246112e-03]
 [1.10835728e+02 4.81125254e-04]
 [2.69273113e+01 7.80816918e-04]
 [2.73834751e+01 7.60138517e-04]]
