[[5.27084175e-02 8.43499223e+03]
 [4.22018321e-03 9.84389588e+04]
 [1.29339301e-02 3.82964675e+04]
 [8.27940440e-03 4.88483368e+04]
 [3.90125507e-02 1.05913013e+04]
 [1.57775431e-02 2.80976900e+04]
 [4.55125185e-02 9.15339152e+03]
 [2.09219563e-02 2.03973047e+04]
 [1.75707417e-02 2.47354336e+04]
 [5.52027283e-03 8.06409172e+04]
 [4.52851501e-03 9.28912006e+04]
 [7.14550490e-03 5.75464204e+04]
 [2.41470212e-02 1.72405565e+04]
 [6.93366967e-03 6.08860135e+04]
 [4.95397120e-02 8.97943249e+03]
 [3.45706896e-02 1.23938497e+04]
 [5.72434780e-03 7.54800922e+04]
 [6.14735565e-03 6.84179376e+04]
 [2.98525449e-02 1.46152658e+04]
 [6.01939551e-03 6.87216914e+04]]
