[[0.78492906 0.54484695]
 [0.93409408 0.21133185]
 [0.16509686 0.94273241]
 [1.0119771  0.09662961]
 [0.45915051 0.93856949]
 [0.83719255 0.52702317]
 [0.09550344 0.99865744]
 [1.02766591 0.08236806]
 [0.4800512  0.86885407]
 [0.47100323 0.91643807]
 [0.64964677 0.78327688]
 [0.55200176 0.80613764]
 [0.95173485 0.21042864]
 [0.97520562 0.15858245]
 [0.77827586 0.57081951]
 [0.75120907 0.74750144]
 [0.79969687 0.52852356]
 [0.85957746 0.51486783]
 [0.49280444 0.85560332]
 [1.03794668 0.05679656]
 [0.50304513 0.84870564]
 [0.53246404 0.83423943]
 [0.08184229 1.06891533]
 [0.97624861 0.14927459]]
