[[1.52610864e-02 2.65060857e+04]
 [1.69870331e-02 2.59225653e+04]
 [4.91232333e-02 8.96634650e+03]
 [3.93752889e-02 1.06532184e+04]
 [3.99955887e-02 1.06219886e+04]
 [2.69897406e-02 1.55173060e+04]
 [3.70128177e-02 1.09776149e+04]
 [4.18541489e-02 9.65590185e+03]
 [1.07192317e-02 3.87363394e+04]
 [6.65579178e-03 8.01334124e+04]
 [2.36734457e-02 1.87026776e+04]
 [3.15247391e-02 1.32695640e+04]
 [1.20622167e-02 3.74183468e+04]
 [2.37449270e-02 1.84067872e+04]
 [3.13492445e-02 1.34289154e+04]
 [9.94202140e-03 4.21205463e+04]
 [1.75662574e-02 2.46631743e+04]
 [5.80348224e-03 8.04541568e+04]
 [2.57065886e-02 1.59723699e+04]
 [2.40249579e-02 1.80470326e+04]
 [2.11989407e-02 2.09003634e+04]
 [1.96510836e-02 2.36005112e+04]
 [8.62407872e-03 4.80120660e+04]
 [2.84826754e-02 1.42657777e+04]
 [2.10250921e-02 2.12776263e+04]
 [7.73724338e-03 5.94455362e+04]
 [2.15610606e-02 1.97547574e+04]
 [5.13100196e-02 8.93622558e+03]
 [2.90637842e-02 1.38857811e+04]
 [1.68452066e-02 2.64042310e+04]
 [3.92670104e-02 1.09480228e+04]
 [3.38413964e-02 1.19017793e+04]
 [1.41919091e-02 2.90170100e+04]
 [2.49094313e-02 1.72796882e+04]
 [4.34629180e-02 9.29310078e+03]
 [8.26274188e-03 5.93189297e+04]
 [2.50663375e-02 1.65562932e+04]
 [3.16327522e-02 1.27103137e+04]
 [7.61021472e-03 6.06487366e+04]
 [2.06174816e-02 2.13718117e+04]
 [2.38143844e-02 1.83078846e+04]
 [5.33620760e-02 8.64889474e+03]
 [1.23311126e-02 3.44099435e+04]
 [5.17486570e-03 9.45011036e+04]
 [3.13334231e-02 1.35453789e+04]
 [5.37568821e-03 8.25258056e+04]
 [3.38065451e-02 1.21198509e+04]
 [2.33172447e-02 1.90396407e+04]
 [2.41237224e-02 1.78094894e+04]
 [4.06467140e-02 1.00276742e+04]
 [4.31056308e-02 9.64283410e+03]
 [1.09419573e-02 3.77111009e+04]
 [4.76532449e-02 9.02760222e+03]
 [2.47402605e-02 1.74213262e+04]
 [5.17034644e-02 8.86471701e+03]
 [9.50640386e-03 4.50005794e+04]
 [3.56660692e-02 1.13639216e+04]
 [2.66669605e-02 1.57281393e+04]
 [2.55374013e-02 1.60399920e+04]
 [4.47586103e-02 9.07157776e+03]
 [1.91613528e-02 2.39051017e+04]
 [4.10696262e-02 1.00156593e+04]
 [1.29144419e-02 3.30226638e+04]]
