[[4.86621314e+00 6.48194950e-03]
 [5.84779630e+01 5.05021991e-04]
 [3.18032647e+01 6.57607673e-04]
 [3.23474214e+01 6.42435431e-04]
 [2.23930593e+01 9.50885037e-04]
 [5.26519165e+01 5.15072990e-04]
 [8.42493582e+00 2.79476072e-03]
 [1.62072948e+01 1.34727829e-03]
 [1.26053579e+01 1.94096797e-03]
 [1.05192484e+01 2.36960019e-03]
 [2.05235936e+01 1.11743859e-03]
 [4.54851524e+00 1.18642502e-02]
 [7.26432609e+01 4.66790677e-04]
 [3.80891284e+01 5.63754112e-04]
 [1.94100617e+01 1.29727303e-03]
 [2.52899654e+01 6.93963935e-04]
 [3.81162473e+01 5.63747234e-04]
 [2.25744172e+01 9.23191837e-04]
 [2.22327083e+01 1.04176198e-03]
 [1.57170528e+01 1.64571179e-03]
 [2.46665059e+01 7.59937761e-04]
 [1.37151254e+01 1.91381115e-03]
 [1.01779704e+01 2.41537255e-03]
 [7.66583221e+00 6.26369958e-03]
 [5.14888893e+01 5.56116596e-04]
 [1.92778030e+01 1.32977085e-03]
 [1.42541252e+01 1.66320464e-03]]
