[[2.08511002 2.16097348]
 [0.93130106 1.03668218]
 [2.09597257 2.0556585 ]
 [0.70193469 0.59430447]
 [1.05814058 0.79663998]
 [1.63322451 1.58117431]
 [3.45448459 2.99196855]
 [0.09940067 0.07863296]
 [0.62086658 0.83755104]
 [2.92879636 2.90878724]
 [0.29958845 0.36403037]
 [0.22275939 0.32248239]
 [1.1992388  1.48130914]
 [2.62335155 2.77442391]
 [3.08389179 2.84704896]
 [0.88098128 0.99619072]
 [2.9100709  2.63649595]
 [3.0235805  2.48653742]
 [2.63857323 2.40648325]
 [2.59505814 2.31265173]
 [3.91374707 2.97141535]
 [2.2095214  1.74473222]
 [2.96716225 2.53152129]
 [1.10716367 0.80121606]
 [0.09166321 0.20017499]
 [1.9742524  2.24081549]
 [0.72779116 0.47319021]
 [4.52904748 2.96986554]
 [0.73396187 0.79289245]
 [2.58633799 2.74921756]
 [0.43741105 0.68192921]
 [2.85357926 2.99026028]
 [2.46035901 2.19027363]
 [1.69354013 1.57168841]
 [2.52259585 2.02154702]
 [2.42214223 2.57795342]
 [1.07056068 0.59684377]
 [0.13313942 0.33276111]
 [0.40264764 0.69510693]
 [0.79916825 0.60780638]
 [2.63951989 2.22023263]
 [3.58464501 2.96197852]
 [2.00932962 2.09192406]
 [0.60383592 0.66085196]
 [0.69177345 0.87043339]
 [1.72849411 2.02491481]
 [1.10741028 1.40173747]
 [1.57382844 1.88056681]
 [2.86636136 2.82828773]
 [2.45772575 2.57010749]
 [2.09289013 2.0503947 ]
 [1.47644397 1.63236415]
 [2.43960746 2.56606924]
 [2.92674229 2.69461514]
 [2.57087522 2.62599818]
 [0.91976721 1.38851736]
 [0.80755385 1.02732192]
 [2.8968027  2.77411254]
 [0.26497271 0.59848664]
 [1.14602514 1.30165013]
 [3.154796   2.94277103]
 [2.51754755 2.8977992 ]
 [2.49966186 2.33129469]
 [1.99609303 2.39088676]
 [1.90540746 1.97803481]
 [0.354592   0.45781196]
 [0.08287941 0.34138907]
 [1.60513157 1.67373598]
 [3.49811591 2.75477577]
 [0.19864353 0.21100032]
 [2.69824555 2.6857811 ]
 [2.23317523 2.63110317]
 [1.64180695 1.64269281]
 [1.93002006 1.71462628]
 [0.19929963 0.40437935]
 [0.967082   1.0069914 ]
 [1.24145364 0.88523573]
 [3.01091827 2.89070126]
 [1.72839607 1.78687529]
 [2.24368629 2.1129402 ]
 [0.88339447 1.17329737]
 [1.17538818 1.38480624]
 [1.64922281 2.0492231 ]
 [2.80474378 2.34109057]
 [0.61386065 0.56270968]
 [2.35248838 2.48140801]
 [2.29978366 2.29161815]
 [0.63356692 0.73279999]
 [2.69170001 2.54336413]
 [0.284822   0.41745653]
 [4.22571156 2.98270873]
 [2.08652401 1.72357198]
 [2.24368629 2.02541876]
 [1.92806112 2.19851462]
 [0.19629736 0.19878264]
 [0.38921687 0.29961666]
 [1.60879818 1.79170015]
 [0.60383592 0.40635109]
 [0.95438493 0.68192921]
 [1.93284409 2.39770858]
 [2.92674229 2.88268355]
 [0.69476934 0.66549542]
 [1.8465678  1.50856035]
 [1.38007502 1.09966993]
 [1.89594827 2.11826226]
 [2.14789763 1.85506255]
 [2.63328315 2.95258873]
 [2.70650249 2.68197472]
 [4.17195025 2.98375837]
 [2.88233984 2.88479629]
 [0.43741105 0.33040224]
 [1.34942737 1.63403159]
 [1.21673337 1.37092598]
 [2.02796536 2.05403382]
 [2.3529394  2.37172919]
 [1.04448092 1.04709766]
 [4.52904748 2.98231741]
 [1.17538818 1.2980675 ]
 [0.97714741 1.35926681]
 [2.16637257 2.5431014 ]
 [2.75376502 2.6857811 ]
 [2.00507641 2.41639475]
 [2.04008138 2.13251209]
 [2.58258516 2.33129469]
 [2.19103275 2.46156977]
 [2.77333655 2.92938788]
 [1.47698696 1.46570836]
 [1.72043125 1.35596926]
 [2.55218464 2.36724982]
 [1.89042143 1.63236415]
 [3.154796   2.95018346]
 [2.62138489 2.63110317]
 [4.00372284 2.98440052]
 [2.9100709  2.51267883]
 [4.1169706  2.97541851]
 [2.50015848 2.57795342]
 [2.83210471 2.62639907]
 [1.13577534 1.14630193]
 [0.5290378  0.69737495]
 [2.35644004 2.53402963]
 [4.04373018 2.97141535]
 [2.52259585 2.04269274]
 [2.09078965 2.04969507]
 [2.15539012 2.36757849]
 [1.37567551 1.3203436 ]
 [2.46427756 2.59384341]
 [2.81900187 2.8977992 ]
 [1.62607397 1.39038309]
 [2.83963445 2.81772027]
 [1.95350768 1.96679447]
 [2.85327351 2.91450865]
 [4.50026483 2.96986554]
 [1.30940202 1.59356013]
 [2.24267844 2.03557079]
 [2.98111858 2.87056956]
 [2.64898289 2.92321041]
 [4.77549888 2.98231741]
 [0.59543891 1.00030586]
 [2.98809216 2.74524254]
 [2.29369412 2.11023022]
 [0.52135943 0.4476202 ]
 [1.06846619 1.18513861]
 [2.86098523 2.89911114]
 [2.12071805 2.13834227]
 [1.41499861 1.36023482]
 [0.85605007 0.58819397]
 [2.94156257 2.65525644]
 [4.14896517 2.97141535]
 [1.5264415  1.18165379]
 [2.63484094 2.48630378]
 [1.36042464 1.38388385]
 [0.42295586 0.36526902]
 [1.70772392 1.89191685]
 [0.97714741 1.37918707]
 [2.3529394  2.4071866 ]
 [2.78030951 2.87200928]
 [0.216754   0.19773047]
 [2.56030514 1.91617348]
 [0.50315032 0.52653536]
 [2.62138489 2.77204844]
 [1.33400897 1.52555412]
 [2.94176962 2.88268355]
 [3.58324364 2.91664233]
 [3.44033823 2.99520724]
 [1.8359948  1.65878167]
 [4.15950685 2.98375837]
 [3.08411526 2.9609193 ]
 [1.49852296 1.14545441]
 [1.05673183 0.96475595]
 [0.79916825 0.57390182]
 [1.49475073 1.47630434]
 [2.58592118 2.36855503]
 [2.50015848 2.20142453]
 [1.77155861 1.53566788]
 [2.85327351 2.76171262]
 [1.54371138 1.50714723]
 [3.94882337 2.88373647]
 [2.05872596 1.87264527]
 [3.500502   2.78001141]
 [1.69354013 1.50005821]
 [4.30813767 2.97541962]
 [2.5734369  2.59873907]
 [2.73124683 2.49376053]
 [1.95836712 1.90534045]
 [0.7592582  0.66549542]
 [1.55857264 1.61346911]
 [3.96657966 2.98714827]
 [2.65371654 2.63866885]
 [4.49883304 2.97688254]
 [1.72605426 1.83606353]
 [0.50303008 0.45781196]
 [1.47847077 1.74189928]
 [1.05083683 0.6847218 ]
 [2.51934651 2.22548799]
 [1.64454865 1.80297551]
 [1.76701274 2.17736955]
 [3.08676455 2.84704896]
 [3.39413149 2.79044984]
 [0.09940067 0.0318053 ]
 [1.9899532  1.75869685]
 [0.69177345 0.94153197]
 [1.62983604 1.94960779]
 [2.06959923 1.84183953]
 [4.53945496 2.98808709]
 [2.50748028 2.58313107]
 [1.9330261  2.05810982]
 [2.17196349 2.11826226]
 [2.92674229 2.75930302]
 [0.81143832 1.36378097]
 [2.52753044 2.57795342]
 [1.50687218 1.31744554]
 [1.73172635 1.64335871]
 [1.63218813 1.4871766 ]
 [4.32648813 2.97327324]
 [2.93018789 2.93297821]
 [2.44813769 2.19500674]
 [1.16643131 1.26497366]
 [0.29958845 0.55654898]
 [1.83970991 1.82523534]
 [0.29982209 0.19646012]
 [2.52335033 2.95258873]
 [3.91374707 2.82758498]
 [3.18240763 2.88474183]
 [3.49811591 2.80434139]
 [3.91435023 2.78843867]
 [3.14580422 2.87987261]
 [2.08178571 2.12156378]
 [2.45977669 2.62436053]
 [1.60483944 1.58272394]
 [3.47148972 2.75317955]
 [1.47847077 1.76828053]
 [1.94845221 2.10586451]
 [2.99147495 2.84423797]
 [0.26020004 0.45414302]
 [2.85682785 2.4169352 ]
 [3.39293756 2.99698307]
 [0.12470291 0.14338264]
 [2.06243498 1.70270582]
 [2.15608893 2.44840805]
 [2.01308749 2.26132594]
 [0.80755385 0.96278062]]
