[[1.52610864e-02 2.65060857e+04]
 [4.48927166e-02 9.16056255e+03]
 [4.91232333e-02 8.96634650e+03]
 [3.39946541e-02 1.19017793e+04]
 [2.69897406e-02 1.55173060e+04]
 [4.18541489e-02 9.65590185e+03]
 [1.07192317e-02 3.87363394e+04]
 [2.36734457e-02 1.87026776e+04]
 [3.18475519e-02 1.27103137e+04]
 [2.37449270e-02 1.84067872e+04]
 [9.94202140e-03 4.21205463e+04]
 [5.80348224e-03 8.04541568e+04]
 [2.57065886e-02 1.59723699e+04]
 [2.40249579e-02 1.80470326e+04]
 [1.42412880e-02 3.02360048e+04]
 [8.62407872e-03 4.80120660e+04]
 [2.84826754e-02 1.42657777e+04]
 [1.29877897e-02 3.30752248e+04]
 [2.15610606e-02 1.97547574e+04]
 [4.73555666e-02 9.12917325e+03]
 [2.90637842e-02 1.38857811e+04]
 [2.29386051e-02 1.91868348e+04]
 [6.39436901e-03 7.40431534e+04]
 [1.70144863e-02 2.46728070e+04]
 [3.99419006e-02 1.02608016e+04]
 [2.32406639e-02 1.87204355e+04]
 [4.02208390e-02 1.00900194e+04]
 [4.95512236e-02 8.58082644e+03]
 [5.57614258e-03 8.59397163e+04]
 [1.84271232e-02 2.23740974e+04]
 [6.93073629e-03 6.24297434e+04]
 [3.16977541e-02 1.30361513e+04]
 [1.80147889e-02 2.27685359e+04]
 [2.73430532e-02 1.46983478e+04]
 [2.51741758e-02 1.66401573e+04]
 [3.67853770e-02 1.09067149e+04]
 [8.59746363e-03 4.80955223e+04]
 [1.48888344e-02 2.82993863e+04]
 [2.12874739e-02 2.01933302e+04]
 [4.73416723e-03 9.29560250e+04]
 [1.35040155e-02 3.25460599e+04]
 [2.44670795e-02 1.77880475e+04]
 [3.80809914e-02 1.07492272e+04]
 [9.59935310e-03 4.53691304e+04]
 [2.62089091e-02 1.57834764e+04]
 [1.20193637e-02 3.47950812e+04]
 [2.46681122e-02 1.72601698e+04]
 [7.71595772e-03 5.89871685e+04]
 [1.16262351e-02 3.79720790e+04]
 [4.19422135e-02 9.62421658e+03]
 [4.45995576e-03 9.99503601e+04]
 [3.92269253e-02 1.04164845e+04]
 [4.55591784e-02 9.15184885e+03]
 [8.35890174e-03 5.76091530e+04]
 [1.13620479e-02 3.85060338e+04]
 [1.57893165e-02 2.58615857e+04]
 [8.38861210e-03 4.89353976e+04]
 [2.04855196e-02 2.04280944e+04]
 [3.66948115e-02 1.11445197e+04]
 [2.39621878e-02 1.81084888e+04]
 [3.64159504e-02 1.18127515e+04]
 [4.93680316e-02 8.63695876e+03]
 [1.80927292e-02 2.23912940e+04]
 [1.49414672e-02 2.80270841e+04]
 [4.23911705e-02 9.62326643e+03]
 [1.80130953e-02 2.32501926e+04]
 [3.23545852e-02 1.24998131e+04]
 [4.17918381e-02 9.83609220e+03]
 [4.28416771e-02 9.35419140e+03]
 [3.88967403e-02 1.04992155e+04]
 [2.52201315e-02 1.64383664e+04]
 [5.12826634e-02 8.51768572e+03]
 [3.09617640e-02 1.32681210e+04]
 [3.38374187e-02 1.24677187e+04]
 [9.95523613e-03 4.20640968e+04]
 [3.67056300e-02 1.09172332e+04]
 [1.17943891e-02 3.75540349e+04]
 [1.93937065e-02 2.07567090e+04]
 [2.20191753e-02 1.94362543e+04]
 [2.84048301e-02 1.44192522e+04]
 [1.70247670e-02 2.46631743e+04]
 [3.82147797e-02 1.05560436e+04]
 [5.43657183e-03 8.99824960e+04]
 [1.54441038e-02 2.60551405e+04]
 [5.05410727e-02 8.54360762e+03]]
