[[0.43379929 4.27441307 8.65190854 0.52291692]
 [1.52433924 1.41875043 9.37709581 4.04857475]
 [1.4989948  1.86709885 9.70171865 3.74195519]
 [1.68005678 1.30700616 9.63388057 2.58191717]
 [0.90872519 7.19075923 9.70912511 4.65655809]
 [0.55867567 3.33434245 9.48881637 0.91937637]
 [1.04256965 1.81511829 9.40087105 1.9611576 ]
 [1.18582585 2.56987231 9.24792592 1.2480743 ]
 [1.16589105 1.30545458 8.9377989  4.18657155]
 [0.57581384 2.51333549 9.70912511 4.59134183]
 [0.59949445 3.47330948 9.09509548 1.62659742]
 [1.47902984 1.81326152 9.88166559 2.51329322]
 [0.55867567 3.24931831 9.46023719 0.91937637]
 [1.68005678 1.30700616 9.63388057 2.68932578]
 [1.28417681 2.61832842 9.94615718 2.49041068]
 [1.4143926  0.93245491 8.25743148 2.31413085]
 [0.55042487 5.30950803 9.39586917 1.49686496]
 [1.67840347 1.91788116 9.56459388 2.87747423]
 [0.70499502 9.01734793 9.95135493 4.74004881]
 [0.98599033 1.81511829 9.40087105 1.94956707]
 [1.36438273 0.93245491 8.65502654 2.55935888]]
