[[2.08511002 2.16097348]
 [0.93130106 1.03668218]
 [1.98383737 1.6164502 ]
 [2.09597257 2.0556585 ]
 [2.08652401 1.67606949]
 [0.70193469 0.59430447]
 [1.05814058 0.79663998]
 [1.63322451 1.58117431]
 [3.45448459 2.99196855]
 [0.09940067 0.07863296]
 [2.76410989 2.52609268]
 [2.92879636 2.90878724]
 [0.29958845 0.36403037]
 [0.22275939 0.32248239]
 [2.62335155 2.77442391]
 [3.08389179 2.84704896]
 [0.88098128 0.99619072]
 [2.9100709  2.63649595]
 [0.99284944 1.28010303]
 [2.63857323 2.40648325]
 [2.59505814 2.31265173]
 [2.07924359 1.8500552 ]
 [3.91374707 2.97141535]
 [1.10716367 0.80121606]
 [1.9742524  2.24081549]
 [4.52904748 2.96986554]
 [0.73396187 0.79289245]
 [2.58633799 2.74921756]
 [0.43741105 0.68192921]
 [2.85357926 2.99026028]
 [2.46035901 2.19027363]
 [1.69354013 1.57168841]
 [2.42214223 2.57795342]
 [1.37059888 1.68158997]
 [0.13313942 0.33276111]
 [0.79916825 0.60780638]
 [2.01610236 2.27624079]
 [3.58464501 2.96197852]
 [2.00932962 2.09192406]
 [0.60383592 0.66085196]
 [0.69177345 0.87043339]
 [1.72849411 2.02491481]
 [1.10741028 1.40173747]
 [1.57382844 1.88056681]
 [2.86636136 2.82828773]
 [2.45772575 2.57010749]
 [2.09289013 2.0503947 ]
 [1.47644397 1.63236415]
 [2.43960746 2.56606924]
 [2.57087522 2.62599818]
 [0.80755385 1.02732192]
 [2.14018735 1.79780927]
 [2.8968027  2.77411254]
 [1.14602514 1.30165013]
 [3.154796   2.94277103]
 [2.51754755 2.8977992 ]
 [2.49966186 2.33129469]
 [1.90540746 1.97803481]
 [0.354592   0.45781196]
 [1.60513157 1.67373598]
 [3.49811591 2.75477577]
 [0.19864353 0.21100032]
 [2.69824555 2.6857811 ]
 [1.64180695 1.64269281]
 [1.93002006 1.71462628]
 [1.55851459 2.00638982]
 [0.19929963 0.40437935]
 [0.967082   1.0069914 ]
 [3.01091827 2.89070126]
 [1.72839607 1.78687529]
 [2.24368629 2.1129402 ]
 [0.88339447 1.17329737]
 [1.17538818 1.38480624]
 [0.98916392 1.28799217]
 [0.61386065 0.56270968]
 [2.35248838 2.48140801]
 [2.29978366 2.29161815]
 [0.63356692 0.73279999]
 [2.73227295 2.44932719]
 [3.02153422 2.87640755]
 [1.96942004 2.06686514]
 [1.95305249 2.08881025]
 [2.98444262 2.93877052]
 [2.2050331  2.21883589]
 [2.74526722 2.40298367]
 [4.48021746 2.91816106]
 [3.02606448 2.97121859]
 [0.4449911  0.55471677]
 [0.18931294 0.17275052]
 [0.82659245 0.59158904]
 [2.58099231 2.58967945]
 [2.32566972 2.42024043]
 [1.28330495 1.17429109]
 [0.28987907 0.41644955]
 [0.72892716 0.73464192]
 [2.78634115 2.72132717]
 [2.60156818 2.48540444]
 [2.52889693 2.47457569]
 [2.03144214 2.23124759]
 [1.55506534 1.64546727]
 [1.64573001 1.58400419]
 [1.15731468 1.28046405]
 [1.95132352 2.27947619]
 [0.45204858 0.38692795]
 [0.52631263 0.51818239]
 [4.39533201 2.92055658]
 [3.02711004 2.92871479]
 [3.09559817 2.95633474]
 [2.75997514 2.89174767]
 [1.98231345 1.8840697 ]
 [0.99099615 0.66178225]
 [2.68001287 2.70234934]
 [1.17760978 0.88780516]
 [2.82866073 2.7264241 ]
 [1.86249383 1.8571189 ]
 [2.33775027 2.00082763]
 [2.06835082 2.05292887]
 [2.12862206 1.80602352]
 [1.09576903 1.28640208]
 [3.09696083 2.94209711]
 [2.85504381 2.8921084 ]
 [0.87666296 1.02344047]
 [1.48064962 1.59876768]
 [0.3354473  0.59594479]
 [1.36200425 1.79636675]
 [3.70982118 2.94864236]
 [0.36257764 0.51810326]
 [2.47747491 2.47337883]
 [0.66453119 0.8503873 ]
 [2.09974127 1.80836029]
 [2.40722949 2.41078388]
 [1.40096318 1.35408558]
 [1.3981059  1.27053016]
 [2.21751921 2.09352497]
 [0.51409184 0.5875027 ]
 [0.94569187 1.18075024]
 [1.37237056 1.58014758]
 [2.48782192 2.46353089]
 [2.2022028  2.26252508]
 [0.7337369  0.85194968]
 [1.00798317 0.98257217]
 [2.28852644 2.26386668]
 [4.29305852 2.84262465]
 [1.37731013 1.52822574]
 [1.77451255 1.9605931 ]
 [2.71308206 2.65216864]
 [0.95636026 1.1611387 ]
 [0.99116145 0.85714949]
 [2.2376419  2.55371299]
 [1.39179665 1.4624139 ]
 [1.25480769 1.27947884]
 [0.57913373 0.81165598]
 [2.52881674 2.35950229]
 [1.68360545 1.75928826]
 [0.811225   0.58378121]
 [0.07544654 0.09658321]
 [0.57646713 0.62429223]
 [0.21314841 0.29832077]
 [2.31237233 2.60884226]
 [1.1745111  1.12214015]
 [2.06139464 1.8346323 ]
 [2.43212287 2.0974397 ]
 [1.82085149 1.69993667]
 [0.72586646 1.0040416 ]
 [1.1339466  1.22454421]
 [3.51773866 2.75178048]
 [0.7536983  0.73129193]
 [2.71270117 2.64745852]
 [2.31042096 2.26770329]
 [2.39569639 2.44222126]
 [2.60890605 2.3654374 ]
 [0.89675008 1.24068114]
 [0.08164218 0.02114017]
 [1.25480769 1.15552617]
 [0.57517506 0.32614074]
 [3.69166715 2.93295265]
 [1.38408677 1.74407678]
 [2.84391429 2.79193318]
 [2.65311591 2.96073245]
 [0.32842924 0.10283037]
 [2.28950817 2.1102242 ]
 [1.37179443 1.7536418 ]
 [2.25974652 2.19027363]
 [1.20720235 1.55805547]
 [0.21849947 0.37339923]
 [1.30999852 1.14174141]
 [2.71270117 2.77027349]
 [2.49572161 2.74436606]
 [1.96340022 1.85238304]
 [0.87666296 0.93581158]
 [2.72082973 2.54404425]
 [0.97901597 0.98134498]
 [3.00648846 2.71084929]
 [2.05092943 1.78151068]
 [3.45448459 2.99976807]
 [2.85675901 2.80198566]
 [0.16820815 0.13980112]
 [3.73155412 2.91909053]
 [1.88823196 2.09210663]
 [2.66168841 2.92321041]
 [2.32566972 2.60042161]
 [1.63038131 1.77782479]
 [2.65797655 2.54032679]
 [1.85924653 2.21842279]
 [1.21024954 1.04750224]
 [4.25335615 2.92055658]
 [2.28941407 2.1905625 ]
 [3.45175281 2.75763781]
 [2.57263451 2.29202398]
 [1.69872197 1.56893369]
 [2.2642675  2.08872542]
 [0.79440775 0.92986368]
 [4.82058338 2.9944684 ]
 [2.69684254 2.41868227]
 [2.44088853 2.57012479]
 [2.04023568 2.22009861]
 [1.95317079 2.24081549]
 [2.77012767 2.69594522]
 [0.75999427 0.85225219]
 [3.00725298 2.93877052]
 [1.72839607 1.81516519]
 [2.24572339 2.1129402 ]
 [0.18034157 0.01914534]
 [1.46161085 1.84467534]
 [0.89133244 1.14006467]
 [1.73517983 1.78893371]
 [2.60890605 2.31924832]
 [0.73300282 0.74905697]
 [1.65552617 1.69993667]
 [3.3786816  2.93195041]
 [2.59915764 2.36208537]
 [1.22793752 0.9410756 ]
 [3.58464501 2.81765892]
 [0.99284944 1.25458441]
 [2.00780435 1.9688774 ]
 [2.8968027  2.83312948]
 [3.15478264 2.99173877]
 [0.00888627 0.03714693]
 [3.70982118 2.98955112]
 [4.72216018 2.96986554]
 [1.56712089 1.76969811]
 [1.96717038 2.09192406]
 [2.52259585 2.09859371]
 [0.18931294 0.10351588]
 [1.48665691 1.50949155]
 [1.3545927  1.78659625]
 [0.27743929 0.56621865]
 [4.07418753 2.91396141]
 [1.27883172 1.50824203]
 [2.16659149 1.95975343]
 [1.6996671  1.66778294]
 [1.40755473 1.68801866]
 [3.68997748 2.9836365 ]
 [2.36250526 2.22154016]
 [1.6033197  1.82292035]
 [3.12383215 2.8921084 ]
 [2.1383255  1.82554036]
 [0.79285884 1.03523407]
 [2.01911646 1.63772201]
 [0.29958845 0.27651164]
 [2.00403822 1.80267149]
 [1.337283   1.63881176]
 [1.73327147 2.0492231 ]
 [2.45507687 2.57846796]
 [2.64498401 2.8019083 ]
 [0.28993487 0.36324912]
 [2.223176   2.41975525]
 [2.23832113 2.21234842]
 [1.91554621 1.76327079]
 [2.72833677 2.52847188]
 [2.70780534 2.9129466 ]
 [2.71522318 2.63847304]
 [1.34118139 1.35262181]
 [3.94921336 2.97141535]
 [2.02884955 1.54098654]
 [1.98997693 1.75966512]
 [2.41132798 2.24784236]
 [2.07673261 2.41329046]
 [2.94410529 2.93010309]
 [1.92057114 1.94291915]
 [2.52259585 2.3298564 ]
 [2.01799715 1.67167985]
 [4.49980781 2.96040815]
 [2.20391645 2.29819222]
 [1.38296308 1.42306476]
 [0.42522106 0.31057085]
 [4.27421774 2.91917561]
 [2.08283365 1.68382118]
 [1.10064337 0.91739854]
 [0.31688893 0.38270037]
 [2.4613032  2.24179823]
 [1.57079168 1.3403275 ]
 [1.84011297 1.9871698 ]
 [2.47629764 2.28113248]
 [1.96960384 1.51614779]
 [2.74095752 2.98229926]
 [1.5638876  1.70868359]
 [1.63751698 1.46779206]
 [1.25001738 1.35408558]
 [2.4245834  2.21936067]]
