[[1.70277425e-04 4.99251298e+01]
 [1.35290517e+02 4.02536703e+00]
 [1.32247228e+02 4.03343035e+00]
 [1.24180812e+02 4.16942897e+00]
 [1.26996721e+02 4.05965893e+00]
 [2.62187312e+00 3.94711550e+01]
 [8.54664502e+01 6.20082097e+00]
 [3.17522656e+01 1.81283359e+01]
 [8.28359073e+01 6.49564379e+00]
 [5.96234987e+01 1.04627133e+01]
 [1.20546494e+02 4.17222251e+00]
 [5.36184854e+01 1.16485941e+01]
 [6.18060241e+01 1.00495922e+01]
 [1.55884042e+00 4.15612666e+01]
 [1.41587962e+01 2.70900762e+01]
 [8.86799663e+01 5.89313929e+00]
 [1.78355251e+01 2.51952054e+01]
 [7.91914745e+00 3.20854458e+01]
 [2.70862223e+01 2.00300009e+01]
 [3.03898037e+01 1.86198685e+01]
 [7.26252099e+00 3.27748163e+01]
 [6.23498579e+01 9.75604183e+00]
 [8.03966352e+01 6.78784510e+00]
 [1.28373288e+01 2.78816916e+01]
 [3.29443894e+01 1.77011833e+01]
 [2.57148991e+01 2.05766947e+01]
 [2.14066314e+01 2.26470593e+01]
 [5.75409484e-01 4.53410231e+01]
 [2.44646479e+00 4.02884566e+01]
 [1.62588079e+01 2.55526693e+01]
 [5.13586771e+01 1.21694546e+01]
 [1.48765043e-01 4.73107949e+01]
 [3.94186316e+01 1.54623330e+01]
 [4.66020776e+00 3.59285984e+01]
 [6.85855826e+01 8.62084724e+00]
 [4.13315253e+01 1.48765679e+01]
 [1.47631107e+01 2.66164357e+01]
 [4.97875129e+01 1.25629426e+01]
 [2.92793165e+00 3.86325551e+01]
 [1.08521223e+02 4.55249360e+00]
 [5.24178276e+00 3.51212975e+01]
 [9.89609292e+01 5.09012823e+00]
 [1.05480034e+01 2.97108979e+01]
 [9.10927567e+01 5.67430581e+00]
 [3.61401328e+01 1.65605078e+01]
 [6.40939948e+01 9.42398470e+00]
 [2.32940276e+01 2.17413390e+01]
 [2.97016908e+01 1.88978832e+01]
 [3.36094868e+01 1.74099946e+01]
 [1.81487213e+00 4.10208527e+01]
 [7.11914294e+01 8.13704075e+00]
 [1.12855097e+02 4.40366466e+00]
 [1.80447841e+01 2.46653346e+01]
 [9.87010760e+00 3.03241453e+01]
 [9.22294176e+00 3.08469543e+01]
 [2.42804786e-01 4.67518290e+01]
 [7.54156899e+01 7.46969317e+00]
 [3.72910925e+01 1.61661612e+01]
 [3.87061301e+01 1.56853907e+01]
 [1.06923260e+02 4.73282848e+00]
 [3.57620449e+00 3.75793049e+01]
 [1.26940531e+02 4.06904698e+00]
 [2.05209739e+01 2.31412833e+01]
 [8.79057439e+00 3.13440905e+01]
 [5.77017346e+00 3.45268131e+01]
 [7.98129032e+01 6.86766590e+00]
 [2.76060092e+01 1.97505161e+01]
 [9.58422003e-01 4.38221694e+01]
 [1.34091653e+02 4.03290464e+00]
 [5.22558216e-01 4.61658540e+01]
 [1.55900846e+01 2.60154603e+01]
 [1.04389207e+02 4.76614198e+00]
 [7.82691530e-01 4.39418922e+01]
 [2.25679673e+01 2.22523705e+01]
 [1.97096121e+01 2.36897195e+01]
 [1.28221082e+00 4.24417507e+01]
 [6.14466549e-01 4.47011988e+01]
 [5.51839645e+01 1.13130545e+01]
 [3.77050212e+01 1.60192787e+01]
 [2.48968893e+01 2.11385989e+01]
 [8.28812430e-02 4.80011988e+01]
 [9.75878221e+01 5.18104833e+00]
 [6.73319799e+01 8.83930226e+00]
 [2.21340711e+00 4.06501918e+01]
 [3.19956739e-03 4.96140735e+01]
 [1.16492847e+02 4.27796869e+00]
 [1.10375245e+02 4.50466659e+00]
 [1.19287147e+02 4.20501551e+00]
 [5.13260162e+01 1.21776285e+01]
 [9.08788946e+01 5.86141827e+00]
 [1.15914929e+00 4.30461034e+01]
 [9.32002078e+01 5.48812278e+00]
 [5.60857909e+01 1.11194220e+01]
 [1.20881619e+01 2.84408058e+01]
 [3.56105497e+01 1.67555169e+01]
 [6.47781009e+00 3.36241264e+01]
 [4.59036397e+01 1.35684853e+01]
 [4.33456613e+01 1.42855414e+01]
 [1.02157186e+02 4.87243610e+00]
 [4.83786590e+01 1.29621215e+01]
 [4.73139878e+01 1.32136277e+01]
 [5.43362108e+01 1.14979062e+01]
 [7.63440444e+01 7.33201961e+00]
 [7.72582247e+01 7.22988885e+00]
 [7.40895953e+01 7.66409105e+00]
 [2.53121096e+01 2.07730831e+01]
 [3.06996956e+00 3.83818445e+01]
 [4.62491445e+01 1.34782525e+01]
 [4.50621082e+01 1.39723903e+01]
 [2.86511655e+01 1.95368564e+01]
 [3.47106322e+01 1.71557062e+01]
 [1.18000627e+02 4.23697166e+00]
 [8.45083324e+01 6.40083781e+00]
 [2.07861167e+01 2.29905669e+01]
 [7.82052308e+01 7.06929176e+00]
 [8.89570234e+01 5.86538212e+00]
 [1.14993000e+01 2.89032070e+01]
 [2.26273395e+01 2.20664102e+01]
 [6.62084040e+01 9.03939782e+00]
 [3.32043919e-02 4.87210384e+01]
 [1.03971817e+02 4.78936548e+00]
 [2.89316020e+01 1.92723819e+01]
 [5.67493816e+01 1.09321947e+01]
 [9.59014468e+00 3.05009167e+01]
 [6.42545421e-02 4.82357273e+01]
 [3.88605536e+00 3.70366976e+01]
 [6.98161084e+01 8.37918349e+00]
 [9.38555923e+01 5.44903087e+00]
 [1.07128422e+02 4.62631188e+00]
 [4.28476603e+01 1.46309405e+01]
 [1.00611404e+02 5.01830591e+00]
 [1.14523859e+02 4.32412157e+00]
 [3.47855733e+01 1.70020811e+01]
 [7.31124600e+01 7.82559617e+00]
 [2.39800081e+01 2.13703377e+01]
 [4.53677757e+00 3.61654555e+01]
 [4.52716837e-01 4.63116205e+01]
 [1.43010623e+01 2.68372052e+01]
 [1.19699752e+01 2.88119605e+01]
 [6.97611558e+01 8.38508510e+00]]
