[[1.86260211e-03 3.45560727e-03 1.79353495e+00]
 [4.30247271e-03 9.73802078e-03 2.35560178e+00]
 [3.81016124e-03 7.49858311e-03 2.02228296e+00]
 [1.46792373e-03 2.64297483e-03 2.63817836e+00]
 [2.74119775e-03 5.60529991e-03 2.34345957e+00]
 [4.44117107e-03 8.28135361e-03 1.85269631e+00]
 [4.32981507e-03 9.09311989e-03 2.21095800e+00]
 [3.11702918e-03 6.68796606e-03 1.65193441e+00]
 [1.15103041e-03 2.27001165e-03 2.19196477e+00]
 [3.93884008e-03 6.88955048e-03 1.80800322e+00]
 [8.96306989e-04 2.10770942e-03 2.00564877e+00]
 [3.72748802e-03 7.10354578e-03 1.91128685e+00]
 [1.01581476e-03 2.25806922e-03 2.94264094e+00]
 [2.69654701e-03 5.90546522e-03 1.76106815e+00]
 [4.44117107e-03 8.28446221e-03 1.85269631e+00]
 [3.94748826e-03 8.49231741e-03 2.29015680e+00]
 [2.60441390e-03 5.91387182e-03 1.85759032e+00]
 [3.20861485e-03 7.40427302e-03 2.28624785e+00]
 [4.25331086e-03 8.10836639e-03 1.79598128e+00]
 [3.93884008e-03 6.85533168e-03 1.80355170e+00]
 [1.64271201e-03 3.37641606e-03 2.29492614e+00]
 [1.66876334e-03 2.63139024e-03 1.63474296e+00]
 [4.30247271e-03 9.73802078e-03 2.35525730e+00]
 [5.71723316e-03 9.99602708e-03 2.49993857e+00]
 [3.40304022e-03 5.55900211e-03 1.85686532e+00]
 [3.72748802e-03 7.11802773e-03 1.91128685e+00]
 [3.79322117e-03 8.57897105e-03 2.44833614e+00]
 [1.14045263e-03 2.79464771e-03 2.24649429e+00]
 [5.74602907e-04 1.45900953e-03 2.55452034e+00]
 [3.74830298e-03 8.14982631e-03 2.37120656e+00]
 [2.35077637e-03 4.61602081e-03 1.89160579e+00]
 [5.32458550e-03 9.90406197e-03 2.54725584e+00]
 [9.69096294e-04 2.58853838e-03 2.12889361e+00]
 [1.81814083e-03 4.29536831e-03 2.08102307e+00]
 [5.30251019e-04 1.43157056e-03 2.39855985e+00]
 [2.01194643e-03 3.93976318e-03 1.69381813e+00]
 [5.30359282e-03 9.79489474e-03 1.88174256e+00]
 [8.61571946e-04 2.13856300e-03 2.42864818e+00]
 [3.61079447e-03 6.99568911e-03 2.18114252e+00]
 [2.15967004e-03 3.76099200e-03 1.97592121e+00]
 [2.35582094e-03 4.50643269e-03 1.66883879e+00]
 [1.15103041e-03 2.26931527e-03 2.16200139e+00]
 [2.25731923e-03 4.50643269e-03 1.67538947e+00]
 [8.00820195e-03 9.97780321e-03 2.65576396e+00]
 [3.44861344e-03 6.80189047e-03 1.88857730e+00]
 [3.21264356e-03 5.51468836e-03 1.59953175e+00]
 [2.77634568e-03 5.91970754e-03 2.41041433e+00]
 [5.70081923e-03 9.97569737e-03 2.26750656e+00]
 [5.54017594e-04 1.79018457e-03 2.72765829e+00]
 [3.50383752e-03 8.09992670e-03 2.54725584e+00]
 [2.60441390e-03 5.26721252e-03 1.83510153e+00]
 [2.24123243e-03 3.33359970e-03 1.29057460e+00]
 [1.35414890e-03 2.80074180e-03 2.02985410e+00]
 [1.86260211e-03 3.33745434e-03 1.79353495e+00]
 [6.41255847e-03 9.90726110e-03 2.74980510e+00]
 [5.30860707e-03 9.84025078e-03 1.79734755e+00]
 [2.58442678e-03 6.02823696e-03 2.44698782e+00]
 [4.30514262e-03 9.90587905e-03 2.46016389e+00]
 [3.93884008e-03 6.94744986e-03 1.80355170e+00]
 [3.57426279e-03 6.02084514e-03 1.78468739e+00]
 [7.43844335e-04 1.81898302e-03 2.37881494e+00]
 [3.00842892e-03 6.38675211e-03 1.70588617e+00]
 [2.09547204e-03 4.46665439e-03 2.24383874e+00]]
