[[1.86260211e-03 3.45560727e-03 1.79353495e+00]
 [4.30247271e-03 9.73802078e-03 2.35560178e+00]
 [1.98569888e-03 4.26701009e-03 1.68669248e+00]
 [5.41559379e-03 9.74740371e-03 2.27320880e+00]
 [3.66543097e-03 8.62346253e-03 2.38535544e+00]
 [4.44117107e-03 8.28135361e-03 1.85269631e+00]
 [4.32981507e-03 9.09311989e-03 2.21095800e+00]
 [1.15103041e-03 2.27001165e-03 2.19196477e+00]
 [2.53888621e-03 5.91387182e-03 1.85759032e+00]
 [3.72748802e-03 7.10354578e-03 1.91128685e+00]
 [6.05212895e-03 9.90406197e-03 2.54783250e+00]
 [2.69654701e-03 5.90546522e-03 1.76106815e+00]
 [4.79737567e-03 9.46676679e-03 2.10686741e+00]
 [8.48018217e-04 2.02463036e-03 2.70847595e+00]
 [2.31462936e-03 4.26821349e-03 1.49622293e+00]
 [9.04097157e-04 1.28975984e-03 1.21052505e+00]
 [2.37214058e-03 5.39490891e-03 2.49856157e+00]
 [1.86155670e-03 4.71819063e-03 2.96364884e+00]
 [1.32906238e-03 2.83462432e-03 2.60128235e+00]
 [1.08067485e-03 1.91272052e-03 1.77409247e+00]
 [2.78504172e-03 6.14781891e-03 2.33033671e+00]
 [1.84748152e-03 4.30973654e-03 2.74649084e+00]
 [3.31014434e-03 6.59709804e-03 1.93308698e+00]
 [2.15209660e-03 3.71923011e-03 1.77971078e+00]
 [4.41843803e-03 8.64550653e-03 2.08696437e+00]
 [2.11771291e-03 5.28300693e-03 2.33713705e+00]
 [4.15089888e-03 9.66614191e-03 2.83479237e+00]
 [2.07893539e-03 4.32938509e-03 1.71502233e+00]
 [2.17491871e-03 5.21672083e-03 2.68849972e+00]
 [3.61889817e-03 8.17959137e-03 2.22471788e+00]
 [4.96001783e-03 8.90859801e-03 1.63495910e+00]
 [8.19808949e-03 9.94627144e-03 2.69123424e+00]
 [5.41453430e-03 9.73206889e-03 2.26854344e+00]
 [1.54013178e-03 3.83002497e-03 2.68626831e+00]
 [3.80729847e-03 7.49858311e-03 2.02228296e+00]
 [4.37941925e-03 9.32415265e-03 2.03502538e+00]
 [9.81617409e-03 9.90542887e-03 2.85363563e+00]
 [2.37803562e-03 5.08482013e-03 2.58372775e+00]
 [4.25540421e-03 8.59441619e-03 2.21095800e+00]
 [2.01480259e-03 4.87509625e-03 2.49856157e+00]
 [1.08067485e-03 1.91272052e-03 1.77401265e+00]
 [1.21744281e-03 2.66377238e-03 1.70408681e+00]
 [1.53937753e-03 2.97589379e-03 1.68859250e+00]
 [3.77275194e-03 8.27815231e-03 2.14330488e+00]
 [1.34333031e-03 2.83462432e-03 2.11635489e+00]
 [1.22961639e-03 2.49362732e-03 2.47527050e+00]
 [3.27161817e-03 6.92704154e-03 2.01827881e+00]
 [4.00375665e-03 9.87518132e-03 2.62582656e+00]
 [7.70321401e-03 9.94652836e-03 2.67768967e+00]
 [7.94547741e-04 1.54511212e-03 2.30592195e+00]
 [6.31074267e-04 1.45259638e-03 2.13015968e+00]
 [2.20234226e-03 3.97067651e-03 2.07367121e+00]
 [3.11702918e-03 6.79638434e-03 1.90408656e+00]
 [8.69300506e-04 1.21522208e-03 1.38676798e+00]
 [2.25029163e-03 4.30580235e-03 2.15842249e+00]
 [3.14417222e-03 6.91189805e-03 2.21705977e+00]
 [2.41765774e-03 6.05430022e-03 2.59932168e+00]
 [1.29034909e-03 3.20729121e-03 2.89230479e+00]
 [4.93963846e-04 1.13164217e-03 1.81614035e+00]
 [1.77670295e-03 4.37888636e-03 2.72271484e+00]
 [5.10660933e-03 9.62449484e-03 2.27602960e+00]
 [3.81188614e-03 7.27736184e-03 1.87111367e+00]
 [2.85576282e-03 5.86833341e-03 2.05601471e+00]
 [1.26329519e-03 2.75199613e-03 2.01132433e+00]
 [3.86084953e-03 8.82470667e-03 2.46070247e+00]
 [1.93864860e-03 4.18976707e-03 2.27024992e+00]
 [1.79626201e-03 3.42272956e-03 1.78259784e+00]]
