[[0.43379929 4.27441307 8.65190854 0.52291692]
 [1.02679196 8.45817405 9.82763891 4.57948067]
 [0.90872519 7.19075923 9.70912511 4.65655809]
 [0.55867567 3.33434245 9.48881637 0.91937637]
 [1.04256965 1.81511829 9.40087105 1.9611576 ]
 [1.41868777 1.7285629  8.81692439 3.99469277]
 [0.454131   4.41948928 9.29574171 1.40800301]
 [0.232107   7.57263256 9.73520026 4.59430935]
 [0.454131   4.41948928 9.72301944 1.48896131]
 [1.05891069 1.538244   9.74387607 2.8662979 ]
 [0.55867567 3.33434245 9.76466678 4.25930089]
 [1.09439634 1.43775899 9.19014275 1.20060293]
 [0.55042487 2.41185714 9.93601284 3.8068384 ]
 [0.46335588 2.9183856  8.89221607 1.54877483]
 [1.02679196 8.45817405 9.82763891 4.92418742]
 [1.87387384 7.49847809 9.9111512  4.89823678]
 [1.68005678 0.81390631 9.5990306  2.65804402]]
