[[0.19007662 0.94284497]
 [0.1020363  1.00128819]
 [0.75185226 0.73065697]
 [0.94992026 0.16076386]
 [1.00403361 0.11278444]
 [0.83979316 0.50953689]
 [1.01009392 0.09395695]
 [0.15726149 0.94304566]
 [0.7728958  0.69992516]
 [0.08921354 1.05933093]
 [0.93515169 0.17724071]
 [0.45983848 0.91595136]
 [0.51702796 0.79813346]
 [0.48062477 0.87381813]
 [0.86764983 0.4792337 ]
 [0.93510313 0.45388564]
 [0.15579211 0.95236318]
 [0.80691311 0.51931832]
 [0.70775104 0.76673629]
 [0.80379885 0.58132457]
 [0.11880996 0.98028665]
 [0.57391064 0.77619771]
 [0.48339101 0.85469853]
 [0.85051319 0.49991555]
 [0.55776094 0.78920897]
 [0.7678044  0.7066581 ]]
