[[1.06998121e+01 5.46139961e-03]
 [4.86621314e+00 6.48194950e-03]
 [2.23050588e+01 8.22395538e-04]
 [3.38936171e+01 5.28819554e-04]
 [1.18046366e+01 2.24654807e-03]
 [5.16363102e+01 4.74376847e-04]
 [1.79149703e+01 1.04084581e-03]
 [2.55732770e+01 7.70611624e-04]
 [3.08769307e+01 6.03708240e-04]
 [1.10704734e+01 4.38115381e-03]
 [2.85806290e+01 6.53941716e-04]
 [5.50242156e+01 4.61671367e-04]
 [1.17957003e+01 3.91761692e-03]
 [4.01575711e+01 4.91891278e-04]
 [1.78428860e+01 1.05483239e-03]
 [3.21380315e+01 5.61933838e-04]
 [5.35819641e+00 5.60988823e-03]
 [1.59238069e+01 1.37285358e-03]
 [3.66929131e+01 4.97138791e-04]
 [3.66756532e+01 5.02929614e-04]
 [2.13565114e+01 9.55219307e-04]
 [4.86693988e+00 6.47839791e-03]
 [1.45354916e+01 1.51003582e-03]
 [3.08051650e+01 6.08184752e-04]
 [3.46971810e+01 5.14260307e-04]
 [4.47323279e+01 4.76408186e-04]
 [3.31813363e+01 5.35700346e-04]]
