[[3.60699608e+01 1.65566552e+01]
 [7.76812641e+00 3.22621992e+01]
 [3.44753316e+01 1.71025222e+01]
 [3.38364045e+00 3.78835185e+01]
 [7.01718697e+00 3.32064912e+01]
 [2.06701379e+01 2.30235463e+01]
 [8.35413583e+01 6.42080819e+00]
 [6.42545421e-02 4.82357273e+01]
 [5.60857909e+01 1.11194220e+01]
 [4.34786818e+00 3.65027909e+01]
 [6.81555654e+01 8.66305532e+00]
 [8.89085385e-01 4.35860832e+01]
 [6.14466549e-01 4.47011988e+01]
 [1.45298019e+01 2.68269711e+01]
 [5.83176055e+01 1.06016468e+01]
 [7.07409588e+00 3.29968040e+01]
 [6.16784942e+01 9.95395502e+00]
 [7.64913006e+01 7.61132999e+00]
 [2.05528226e+01 2.32543913e+01]
 [1.04976551e+01 2.98948891e+01]
 [5.10129214e+01 1.23026655e+01]
 [4.83307391e+01 1.30055861e+01]
 [3.09838326e+01 1.84529702e+01]
 [9.65869014e+01 5.29510110e+00]
 [6.08506073e+01 1.02258165e+01]
 [7.47103428e+00 3.27839613e+01]
 [1.93888691e-01 4.71300901e+01]
 [1.17329489e+02 4.34324222e+00]
 [4.66951383e+00 3.58988353e+01]
 [5.69893656e+01 1.08917859e+01]
 [2.62542348e+00 3.94629533e+01]
 [6.83382844e+01 8.64617576e+00]
 [2.13531304e+01 2.26859973e+01]
 [5.00504672e+01 1.25116603e+01]
 [1.88251444e+01 2.41843976e+01]
 [5.13824242e-01 4.54694508e+01]
 [2.58119506e+00 3.96677531e+01]
 [4.03239394e+00 3.69383522e+01]
 [2.38404433e+01 2.15314788e+01]
 [4.75859928e+01 1.32989730e+01]
 [3.69837635e+01 1.63225093e+01]
 [8.64919865e+01 6.15676129e+00]
 [3.36542071e+01 1.74010150e+01]
 [3.20537255e+00 3.81544643e+01]
 [2.83518875e+01 1.95538827e+01]
 [1.27649019e+01 2.80997480e+01]
 [2.40538698e+01 2.14695150e+01]
 [6.48609556e+01 9.26874806e+00]
 [5.05834735e+01 1.23675360e+01]
 [3.43372301e+01 1.71514592e+01]
 [1.93779981e+01 2.37564183e+01]
 [5.01455835e+01 1.24796289e+01]
 [5.40210633e+01 1.15365319e+01]
 [6.83013424e+00 3.33587758e+01]
 [3.12500802e+01 1.84325539e+01]
 [6.43486652e+01 9.37801384e+00]
 [1.71358718e+00 4.17938033e+01]
 [1.20306667e+01 2.85309140e+01]
 [7.44505565e+01 7.63696884e+00]
 [4.67329773e+01 1.33736789e+01]
 [3.01727971e+01 1.87087766e+01]
 [1.34130912e+00 4.22112876e+01]
 [4.93661976e-01 4.58807307e+01]
 [2.15113580e+01 2.25891640e+01]
 [3.35921562e-01 4.59875418e+01]
 [5.79757966e+01 1.06536827e+01]
 [9.12935351e+00 3.13889598e+01]
 [2.15758789e+01 2.25489721e+01]
 [2.66596827e+01 2.02184574e+01]
 [8.12972023e-01 4.41664531e+01]
 [7.79711709e+00 3.22085453e+01]
 [4.45625951e+01 1.40918550e+01]
 [9.29939777e+00 3.10579557e+01]
 [6.96871304e+01 8.40558730e+00]
 [2.47211051e+01 2.10275627e+01]
 [3.79945778e+01 1.59323796e+01]
 [1.31969028e+01 2.76972815e+01]
 [2.76770048e+01 1.99347921e+01]
 [1.05494764e+01 2.98658082e+01]
 [2.77386830e+00 3.89277638e+01]
 [4.67663491e+01 1.33526234e+01]
 [4.21620745e+01 1.46265005e+01]
 [3.75361146e+00 3.72747338e+01]
 [5.38580768e+01 1.16485177e+01]
 [6.96135576e+01 8.42397176e+00]
 [3.26021873e+01 1.77876950e+01]
 [3.27101692e+01 1.77589149e+01]
 [6.91123586e+01 8.55038487e+00]
 [7.01730799e+01 8.31113849e+00]
 [3.91416147e+01 1.55467138e+01]
 [1.79816284e+01 2.45904349e+01]
 [5.32432904e+01 1.18283137e+01]
 [7.34291820e+01 7.93473231e+00]
 [6.91922583e-01 4.44418788e+01]
 [7.19408245e+01 8.01237546e+00]
 [2.02291111e+00 4.05086490e+01]
 [2.62728519e-01 4.64450476e+01]
 [4.99666464e+01 1.25821921e+01]
 [7.28728547e+00 3.28617485e+01]
 [2.30835698e+01 2.18160918e+01]
 [1.04937639e+01 2.99428944e+01]
 [8.44337967e+01 6.32032840e+00]
 [2.19091933e+01 2.23941014e+01]
 [5.60275039e+00 3.48899942e+01]
 [8.00586080e+00 3.20388371e+01]
 [3.17068260e+01 1.81645356e+01]
 [4.11312095e+01 1.50486360e+01]
 [6.87329768e+01 8.58989440e+00]
 [6.44216294e+01 9.36351018e+00]
 [3.73929996e+01 1.61120109e+01]
 [4.04257549e+01 1.53654029e+01]
 [1.41481944e+01 2.69730160e+01]
 [6.01510159e+01 1.03471195e+01]
 [4.68061292e+01 1.33248619e+01]
 [4.31985220e+01 1.43322870e+01]
 [1.17123831e+01 2.87824209e+01]
 [6.48932499e+01 9.26811243e+00]
 [2.22104909e-01 4.67890225e+01]
 [1.02766278e+01 2.99498129e+01]
 [6.24966569e+00 3.40531511e+01]
 [6.29693102e+01 9.63479786e+00]
 [1.54235026e+01 2.66598319e+01]
 [3.26366416e+00 3.80654766e+01]
 [6.92426657e+01 8.49288136e+00]
 [1.83227598e+01 2.44163530e+01]
 [4.39255216e+00 3.63626911e+01]
 [4.76038835e+01 1.31148186e+01]
 [6.56824233e+01 9.12771818e+00]
 [4.54842046e+01 1.36903980e+01]
 [9.83917778e+01 5.28794569e+00]
 [1.29161742e+01 2.80472266e+01]
 [8.09847280e+01 6.87153666e+00]
 [3.31682230e+01 1.75833006e+01]
 [4.53404415e+01 1.37539808e+01]
 [3.05980882e+01 1.85536317e+01]
 [1.41602735e+01 2.69547376e+01]
 [1.49352648e+01 2.68162693e+01]
 [1.16418665e+02 4.50540401e+00]
 [1.77233448e-01 4.71970375e+01]
 [1.80848683e+01 2.45293586e+01]
 [5.59133507e-01 4.50520464e+01]
 [6.12915112e+01 9.96658933e+00]
 [2.58182049e+01 2.05255353e+01]
 [2.57571376e+01 2.05759496e+01]
 [7.14387195e+01 8.09462087e+00]
 [3.56645672e+01 1.67576257e+01]
 [2.99500907e+01 1.88046108e+01]
 [1.07376463e+02 4.67630884e+00]
 [6.36527790e+01 9.51939727e+00]
 [6.30075579e+01 9.62366226e+00]
 [2.09822317e+01 2.29267800e+01]
 [3.70646888e+01 1.62380928e+01]
 [3.08849327e+00 3.83478067e+01]
 [4.99722519e+01 1.25442972e+01]
 [4.39932551e+01 1.41026308e+01]
 [3.46063289e+00 3.77273540e+01]
 [4.29762684e+01 1.44379894e+01]
 [8.11330202e+00 3.19428055e+01]
 [1.38414569e+01 2.71530885e+01]
 [5.44311598e+01 1.14426319e+01]
 [5.95521688e+00 3.42593513e+01]
 [2.90764288e+01 1.91424683e+01]
 [2.40736649e-01 4.67620544e+01]
 [2.73169998e+01 2.01102545e+01]
 [4.07395005e+01 1.52270280e+01]
 [1.55840646e+01 2.59818596e+01]
 [5.88953173e+01 1.05184891e+01]
 [5.11934259e+01 1.22287359e+01]
 [5.05656331e+01 1.24032098e+01]
 [2.07787137e+01 2.29628011e+01]
 [9.46573905e+01 5.45724674e+00]
 [4.69082167e+00 3.58679625e+01]
 [2.73324562e+01 1.99775285e+01]
 [2.59299255e+01 2.05222335e+01]
 [3.35660869e+01 1.74244925e+01]
 [2.46287877e+01 2.12614216e+01]
 [3.80541199e+01 1.59265149e+01]
 [2.47470438e+01 2.10208668e+01]
 [3.03896252e+01 1.86399172e+01]
 [4.61883131e+01 1.34933188e+01]
 [7.42359107e+01 7.80440198e+00]
 [1.91575497e+01 2.39658207e+01]
 [1.29556525e+01 2.79196927e+01]
 [1.15726489e+01 2.94232484e+01]
 [1.50999551e-01 4.72913015e+01]
 [1.59205118e+01 2.58531031e+01]
 [7.66124125e+01 7.53225993e+00]
 [2.84569453e+00 3.87951889e+01]
 [2.07183347e+01 2.29949283e+01]
 [3.51394160e+01 1.68820880e+01]
 [1.74642472e+01 2.54564348e+01]
 [1.25133356e+01 2.82535164e+01]
 [7.95207540e+01 6.90053326e+00]
 [4.97857152e+01 1.26053039e+01]
 [2.53419921e+00 4.00580710e+01]
 [2.16979420e+01 2.25106012e+01]
 [3.12556385e+01 1.83096111e+01]
 [6.84606622e+01 8.62565706e+00]
 [3.38458034e+01 1.73933695e+01]
 [1.16254484e+00 4.30920554e+01]
 [6.63797460e+01 9.02022067e+00]
 [3.40424190e+00 3.78048306e+01]
 [1.78989825e+01 2.46112083e+01]
 [2.64541057e+01 2.04360730e+01]
 [5.07129230e+01 1.23395531e+01]
 [1.63022696e+00 4.19970700e+01]
 [7.03661486e+01 8.27991400e+00]
 [2.79160052e+01 1.96336019e+01]
 [9.65317455e+01 5.30452389e+00]
 [5.36099190e+01 1.16491417e+01]
 [4.23754795e-02 4.85601312e+01]
 [4.21262852e+01 1.47887324e+01]
 [3.48314233e+01 1.70079001e+01]
 [1.85247037e+00 4.16062717e+01]
 [6.31886850e+01 9.60137568e+00]
 [1.06761880e+01 2.95837433e+01]
 [2.77132380e+00 3.93022946e+01]
 [2.85363360e+01 1.95048122e+01]
 [2.06563098e+01 2.31026627e+01]
 [3.66935115e+01 1.64460650e+01]
 [8.70436101e+01 6.10853136e+00]
 [3.34845494e+01 1.74996890e+01]
 [1.94298932e+00 4.12472584e+01]
 [2.22123914e+01 2.22780436e+01]
 [8.35384118e+01 6.44018434e+00]
 [1.12294316e+02 4.53815977e+00]
 [3.85159690e+01 1.57500278e+01]
 [2.34132797e+01 2.17005914e+01]
 [1.08650629e+02 4.62104394e+00]
 [7.03446585e+01 8.28889798e+00]
 [5.13169193e+01 1.22065075e+01]
 [1.28483145e+02 4.10986466e+00]
 [1.05571292e+02 4.79811362e+00]
 [5.98031609e+01 1.04116005e+01]
 [5.93484760e+00 3.42742244e+01]
 [4.91582546e+01 1.27694322e+01]
 [4.16972924e+01 1.49374026e+01]
 [1.37114795e+01 2.72662059e+01]
 [1.04557222e+02 4.83223102e+00]
 [5.52788515e+01 1.12478306e+01]
 [6.50612271e+01 9.23922451e+00]
 [2.60571977e+01 2.04662458e+01]
 [1.34359431e+02 4.08984174e+00]
 [4.48902352e+01 1.38490338e+01]
 [1.87563906e+01 2.42846944e+01]
 [1.01509285e+01 3.00578945e+01]
 [4.19779431e+00 3.68784617e+01]
 [3.71902780e+01 1.62177624e+01]
 [2.90592619e+01 1.91503135e+01]
 [3.73293781e+01 1.62025114e+01]
 [7.78758991e+01 7.13550988e+00]
 [9.70308799e+00 3.08146561e+01]
 [6.09259902e+01 1.00667576e+01]
 [8.59342060e+00 3.15052706e+01]
 [3.93463862e+01 1.54827160e+01]
 [3.62362024e+01 1.65022673e+01]
 [5.20947880e+01 1.20895429e+01]
 [5.13085123e+00 3.52658120e+01]
 [2.26360280e+01 2.20226093e+01]
 [1.62918239e+01 2.55722119e+01]
 [3.42889206e+01 1.72968867e+01]
 [1.76038699e+01 2.47456467e+01]
 [6.04191938e+01 1.03263248e+01]
 [8.24023639e+01 6.63443969e+00]
 [4.90481478e+01 1.29581410e+01]
 [3.83032839e+01 1.58179082e+01]
 [2.47749102e+01 2.09984463e+01]
 [1.17071931e+00 4.28320607e+01]
 [5.00173657e+00 3.55041391e+01]
 [4.94312893e+00 3.55262252e+01]
 [2.65952942e+01 2.02825011e+01]
 [9.20412790e+01 5.61590861e+00]
 [5.59434297e+01 1.12159157e+01]
 [4.45083878e+01 1.41026105e+01]
 [4.51619675e+01 1.37901683e+01]
 [2.33886753e+00 4.03391105e+01]
 [1.36811164e+01 2.73083182e+01]
 [1.30050971e+01 2.77520778e+01]
 [5.85540150e+01 1.05307567e+01]
 [4.48705268e+01 1.39116518e+01]
 [3.79690918e+00 3.71732911e+01]
 [6.49905507e+00 3.36752863e+01]
 [1.09405864e+00 4.31079575e+01]
 [2.94126002e+00 3.86192621e+01]]
