[[0.43379929 4.27441307 8.65190854 0.52291692]
 [1.25411607 1.20673097 9.76085563 4.0281663 ]
 [0.41665208 4.74127523 9.32499824 1.55636897]
 [2.65520292 5.91661018 9.82780994 4.98417295]
 [0.65055151 5.64924691 7.06696416 1.46731617]
 [1.74739401 0.71401412 9.02340428 3.97273631]
 [0.43379929 5.21744413 8.65190854 0.74294274]
 [1.26511374 1.31186698 9.76085563 3.91097115]
 [1.70014261 0.8881522  8.84975912 3.91926209]
 [1.06873647 5.81349819 9.70319789 4.97373908]
 [0.4170629  3.43222094 9.08936513 1.55245298]
 [4.5161419  8.21313882 9.93002907 4.84320468]
 [0.9275688  2.18620951 8.90539854 1.85435499]
 [1.56327474 0.8881522  9.36853737 2.59503501]
 [0.43379929 4.27441307 8.65190854 0.48387729]
 [1.22223637 1.92298909 9.50804664 2.27916024]
 [1.25411607 1.20673097 9.94705586 4.01284891]
 [0.61513064 4.74127523 9.9133709  1.55636897]
 [0.87926923 2.10589868 9.71343374 2.69834845]
 [0.84746192 2.57134372 9.26922439 2.17839534]
 [0.92494101 2.53872603 9.77729265 4.66890769]
 [2.65520292 7.20424487 9.82733012 4.99094531]
 [0.23349256 8.19178229 9.17423033 0.52291692]]
