[[0.62822678 4.53414591 9.09509548 1.55636897]
 [0.43379929 4.27441307 8.65190854 0.52291692]
 [1.18582585 2.56987231 9.60000241 1.2892189 ]
 [1.04256965 1.81511829 9.40087105 1.9611576 ]
 [0.454131   4.41948928 9.29574171 1.40800301]
 [1.53220748 1.7036675  9.87033751 2.7649591 ]
 [0.50675602 3.09929326 9.63586787 0.91937637]
 [1.19375919 3.0914212  9.93051544 1.72158466]
 [2.61037092 3.46022557 9.78902656 4.87521691]
 [1.67760574 1.77398473 9.64095117 4.44450903]
 [0.35341423 4.31093275 8.1238991  0.39868757]
 [0.86148828 4.14725952 9.4407429  1.4468085 ]
 [1.2073877  3.77435713 9.80567209 4.56984547]
 [4.68334792 0.64644286 9.66469275 4.92277925]
 [1.80199674 1.3462897  9.72744986 3.29488957]
 [1.58871066 0.75746922 9.64620734 2.93425003]
 [0.454131   4.41948928 8.6697385  1.40800301]
 [1.04256965 1.7924221  9.4051327  1.92217655]
 [1.26706935 0.93265025 9.68367177 4.01019098]]
