[[1.86260211e-03 3.45560727e-03 1.79353495e+00]
 [4.30247271e-03 9.73802078e-03 2.35560178e+00]
 [1.98569888e-03 4.26701009e-03 1.68669248e+00]
 [5.41559379e-03 9.74740371e-03 2.27320880e+00]
 [3.66543097e-03 8.62346253e-03 2.38535544e+00]
 [3.81016124e-03 7.49858311e-03 2.02228296e+00]
 [2.74119775e-03 5.60529991e-03 2.34345957e+00]
 [2.95482286e-03 7.31606471e-03 2.89061688e+00]
 [4.44117107e-03 8.28135361e-03 1.85269631e+00]
 [4.32981507e-03 9.09311989e-03 2.21095800e+00]
 [1.15103041e-03 2.27001165e-03 2.19196477e+00]
 [9.94405629e-04 1.15035012e-03 1.74681426e+00]
 [2.53888621e-03 5.91387182e-03 1.85759032e+00]
 [3.93884008e-03 6.88955048e-03 1.80800322e+00]
 [3.72748802e-03 7.10354578e-03 1.91128685e+00]
 [2.69654701e-03 5.90546522e-03 1.76106815e+00]
 [4.79737567e-03 9.46676679e-03 2.10686741e+00]
 [8.48018217e-04 2.02463036e-03 2.70847595e+00]
 [2.31462936e-03 4.26821349e-03 1.49622293e+00]
 [9.04097157e-04 1.28975984e-03 1.21052505e+00]
 [6.19392166e-03 9.80699036e-03 2.28692504e+00]
 [2.37214058e-03 5.39490891e-03 2.49856157e+00]
 [1.86155670e-03 4.71819063e-03 2.96364884e+00]
 [1.32906238e-03 2.83462432e-03 2.60128235e+00]
 [1.93864860e-03 4.95112363e-03 2.27024992e+00]
 [1.08067485e-03 1.91272052e-03 1.77409247e+00]
 [2.78504172e-03 6.14781891e-03 2.33033671e+00]
 [1.85960970e-03 5.05763349e-03 2.57300153e+00]
 [1.55528584e-03 3.17817550e-03 1.68796635e+00]
 [2.26789321e-03 4.08181403e-03 2.36612810e+00]
 [6.56219990e-04 1.80729214e-03 2.38861388e+00]
 [2.53640068e-03 4.28618829e-03 1.44378486e+00]
 [1.26329519e-03 2.43383485e-03 2.01132433e+00]
 [2.56874256e-03 4.13591718e-03 1.37596383e+00]
 [1.09305283e-03 2.10770942e-03 2.00564877e+00]
 [5.56050245e-04 1.15035012e-03 1.81398528e+00]
 [9.31861117e-03 9.90108928e-03 2.68865990e+00]
 [1.26606683e-03 2.27001165e-03 1.93527137e+00]
 [1.08067485e-03 2.31832838e-03 2.91665373e+00]
 [4.19806943e-03 7.74312139e-03 1.77382045e+00]
 [2.27220059e-03 4.53379139e-03 1.75711826e+00]
 [4.82153922e-03 9.08195908e-03 1.76876747e+00]
 [1.23687182e-03 2.06454059e-03 1.15237762e+00]
 [1.32906238e-03 2.83462432e-03 2.59922809e+00]
 [5.47270142e-04 1.45465610e-03 2.83575020e+00]
 [3.72437165e-03 6.51007609e-03 1.74229437e+00]
 [1.98569888e-03 3.10236253e-03 1.75005560e+00]
 [1.32381494e-03 3.43460117e-03 2.77828362e+00]
 [2.95482286e-03 7.31606471e-03 2.88699876e+00]
 [5.62389693e-03 9.94407033e-03 2.59297773e+00]
 [3.39416724e-03 5.54667311e-03 1.59227822e+00]
 [4.70805595e-03 9.41221188e-03 2.07936867e+00]
 [2.02190211e-03 4.31625528e-03 2.54254407e+00]
 [5.30763806e-03 9.65692298e-03 1.74655014e+00]
 [5.38290889e-04 1.00521684e-03 2.32766140e+00]
 [6.19392166e-03 9.80699036e-03 2.24505964e+00]
 [3.14417222e-03 6.12966443e-03 1.99914864e+00]
 [3.30527977e-03 6.65184340e-03 2.05160394e+00]]
