[[3.60699608e+01 1.65566552e+01]
 [7.76812641e+00 3.22621992e+01]
 [2.61940879e+01 2.05456462e+01]
 [3.44753316e+01 1.71025222e+01]
 [2.86511655e+01 1.95368564e+01]
 [3.38364045e+00 3.78835185e+01]
 [7.01718697e+00 3.32064912e+01]
 [2.06701379e+01 2.30235463e+01]
 [8.35413583e+01 6.42080819e+00]
 [6.42545421e-02 4.82357273e+01]
 [5.60857909e+01 1.11194220e+01]
 [6.81555654e+01 8.66305532e+00]
 [8.89085385e-01 4.35860832e+01]
 [6.14466549e-01 4.47011988e+01]
 [1.45298019e+01 2.68269711e+01]
 [5.83176055e+01 1.06016468e+01]
 [7.04643053e+01 8.30666886e+00]
 [7.07409588e+00 3.29968040e+01]
 [1.04976551e+01 2.98948891e+01]
 [5.10129214e+01 1.23026655e+01]
 [4.83307391e+01 1.30055861e+01]
 [9.65869014e+01 5.29510110e+00]
 [8.61160919e+00 3.19010647e+01]
 [7.47103428e+00 3.27839613e+01]
 [1.93888691e-01 4.71300901e+01]
 [3.56757064e+01 1.67682477e+01]
 [3.01435576e+00 3.87437753e+01]
 [4.66951383e+00 3.58988353e+01]
 [5.69893656e+01 1.08917859e+01]
 [2.62542348e+00 3.94629533e+01]
 [6.83382844e+01 8.64617576e+00]
 [4.34026601e+01 1.43443386e+01]
 [2.13531304e+01 2.26859973e+01]
 [5.00504672e+01 1.25116603e+01]
 [1.88251444e+01 2.41843976e+01]
 [6.00929066e+00 3.48282781e+01]
 [5.13824242e-01 4.54694508e+01]
 [2.58119506e+00 3.96677531e+01]
 [4.03239394e+00 3.69383522e+01]
 [2.38404433e+01 2.15314788e+01]
 [3.69837635e+01 1.63225093e+01]
 [8.64919865e+01 6.15676129e+00]
 [3.54154819e+01 1.70003975e+01]
 [3.36542071e+01 1.74010150e+01]
 [3.20537255e+00 3.81544643e+01]
 [4.94481916e+00 3.56141364e+01]
 [2.83518875e+01 1.95538827e+01]
 [1.27649019e+01 2.80997480e+01]
 [2.40538698e+01 2.14695150e+01]
 [6.48609556e+01 9.26874806e+00]
 [5.05834735e+01 1.23675360e+01]
 [3.43372301e+01 1.71514592e+01]
 [1.93779981e+01 2.37564183e+01]
 [5.01455835e+01 1.24796289e+01]
 [6.33070848e+01 9.61319687e+00]
 [5.40210633e+01 1.15365319e+01]
 [1.10958087e+01 2.96911065e+01]
 [6.83013424e+00 3.33587758e+01]
 [6.43486652e+01 9.37801384e+00]
 [1.71358718e+00 4.17938033e+01]
 [7.44505565e+01 7.63696884e+00]
 [4.67329773e+01 1.33736789e+01]
 [3.88029074e+01 1.58309290e+01]
 [3.01727971e+01 1.87087766e+01]
 [1.34130912e+00 4.22112876e+01]
 [2.15113580e+01 2.25891640e+01]
 [7.93024178e+01 7.29668767e+00]
 [3.35921562e-01 4.59875418e+01]
 [5.79757966e+01 1.06536827e+01]
 [4.76391019e+01 1.32669915e+01]
 [2.15758789e+01 2.25489721e+01]
 [2.66596827e+01 2.02184574e+01]
 [8.12972023e-01 4.41664531e+01]
 [7.79711709e+00 3.22085453e+01]
 [4.45625951e+01 1.40918550e+01]
 [6.96871304e+01 8.40558730e+00]
 [2.47211051e+01 2.10275627e+01]
 [1.42926711e+01 2.71591155e+01]
 [3.79945778e+01 1.59323796e+01]
 [8.62804999e+00 3.15900942e+01]
 [6.34288930e+00 3.46317578e+01]
 [1.31969028e+01 2.76972815e+01]
 [2.76770048e+01 1.99347921e+01]
 [2.77386830e+00 3.89277638e+01]
 [4.67663491e+01 1.33526234e+01]
 [4.21620745e+01 1.46265005e+01]
 [3.75361146e+00 3.72747338e+01]
 [5.38580768e+01 1.16485177e+01]
 [6.96135576e+01 8.42397176e+00]
 [3.26021873e+01 1.77876950e+01]
 [8.02485554e+01 7.11869063e+00]
 [3.27101692e+01 1.77589149e+01]
 [6.91123586e+01 8.55038487e+00]
 [7.01730799e+01 8.31113849e+00]
 [3.91416147e+01 1.55467138e+01]
 [1.79816284e+01 2.45904349e+01]
 [1.14352050e+02 4.60422727e+00]
 [7.19408245e+01 8.01237546e+00]
 [2.02291111e+00 4.05086490e+01]
 [2.62728519e-01 4.64450476e+01]
 [4.13293070e+00 3.68514178e+01]
 [5.34718436e+01 1.16612434e+01]
 [4.50652135e+01 1.38072019e+01]
 [1.21033246e+01 2.84498708e+01]
 [1.02984042e+00 4.31941739e+01]
 [4.28413418e+00 3.64353428e+01]
 [6.06772742e+01 1.00926354e+01]
 [5.17815690e+01 1.20756660e+01]
 [5.00753781e+01 1.24841183e+01]
 [3.64208919e+01 1.64783257e+01]
 [2.05031630e+01 2.31204647e+01]
 [5.52778958e+01 1.14322952e+01]
 [2.08699861e+01 2.29201545e+01]
 [1.19158618e+01 2.86011782e+01]
 [3.60147008e+01 1.66956781e+01]
 [1.41624463e+00 4.19642958e+01]
 [2.18207191e+00 4.01005677e+01]
 [7.09630621e+01 8.18251721e+00]
 [7.32905725e+01 7.80331402e+00]
 [4.81591284e+01 1.31756947e+01]
 [6.39186693e+01 9.46243930e+00]
 [2.99171409e+01 1.88154538e+01]
 [5.50142592e-01 4.53919096e+01]
 [5.68011641e+00 3.48922452e+01]
 [5.79406439e+01 1.06615388e+01]
 [8.69985118e+00 3.15208134e+01]
 [6.17388396e+01 9.88386160e+00]
 [6.15492584e+01 9.91774807e+00]
 [3.03155695e+01 1.86742839e+01]
 [2.91255010e+01 1.91202146e+01]
 [4.91162169e+01 1.27413568e+01]
 [2.25608566e+01 2.20623929e+01]
 [6.19138461e+01 9.84749466e+00]
 [4.87649961e+01 1.28442429e+01]
 [1.16347308e+02 4.32934886e+00]
 [9.28231819e+00 3.07865145e+01]
 [1.12086177e+01 2.91608015e+01]
 [6.05632671e+01 1.02016723e+01]
 [3.41241103e+01 1.72258567e+01]
 [1.81473958e+00 4.16689300e+01]
 [3.13022692e+01 1.82641434e+01]
 [2.32532082e+01 2.17823470e+01]
 [2.28628521e+01 2.20264847e+01]
 [3.93019677e+01 1.54960869e+01]
 [5.47176212e+01 1.15123077e+01]
 [4.59647863e+01 1.35521115e+01]
 [5.86164589e+01 1.05173380e+01]
 [1.07204292e+02 4.67662341e+00]
 [9.22265149e+01 5.56469559e+00]
 [6.58814454e+01 9.08075815e+00]
 [5.23473659e+00 3.51716904e+01]
 [3.78610052e+01 1.59587516e+01]
 [6.48528559e+01 9.27025557e+00]
 [5.87607969e+01 1.04870243e+01]
 [1.15586106e+01 2.90052582e+01]
 [4.58271126e+01 1.35921637e+01]
 [6.60284828e+00 3.36740552e+01]
 [6.67675207e+01 8.91875352e+00]
 [2.54120397e+01 2.07322603e+01]
 [7.52585541e+01 7.58538162e+00]
 [1.92025553e+01 2.38227668e+01]
 [1.31347383e+01 2.79863116e+01]
 [5.11680177e+01 1.22285338e+01]
 [6.75819340e+01 8.76910865e+00]
 [1.04358065e+01 3.03585351e+01]
 [7.06407775e+01 8.25933210e+00]
 [3.21556318e+01 1.79813569e+01]
 [4.71681669e+00 3.58909639e+01]
 [8.77376354e+00 3.12785365e+01]
 [3.58308704e+01 1.67650654e+01]
 [8.06620401e+01 7.02641226e+00]
 [2.66045617e+01 2.02639166e+01]
 [1.97709629e+01 2.35397653e+01]
 [6.86212236e-01 4.43160952e+01]
 [4.38190491e+01 1.42989501e+01]
 [2.63289886e+01 2.04810805e+01]
 [4.61343924e+00 3.59668796e+01]
 [9.01048289e+01 6.05605458e+00]
 [9.48990940e+01 5.40024940e+00]
 [6.39692340e+01 9.44364942e+00]
 [4.03911029e+01 1.51660008e+01]
 [4.52565568e+00 3.63882992e+01]
 [2.76031194e+01 2.02100758e+01]
 [7.46890533e+01 7.62121630e+00]
 [1.79321744e+01 2.47294327e+01]
 [6.32792744e+01 9.78882505e+00]
 [3.53837793e+01 1.70136259e+01]
 [1.13565435e+01 2.90194132e+01]
 [2.45660788e+01 2.11539552e+01]
 [1.24888904e+02 4.22352078e+00]
 [1.03651189e+02 4.79691961e+00]
 [3.19510932e+01 1.80186668e+01]
 [4.69939759e+01 1.32913150e+01]
 [2.20676921e+01 2.23432420e+01]
 [9.72532976e+01 5.28427195e+00]
 [1.33539147e+01 2.76615381e+01]
 [8.89241903e-02 4.80440950e+01]
 [9.26003502e+01 5.54274246e+00]
 [1.69321056e+01 2.53275973e+01]
 [2.32597697e+00 3.99991355e+01]
 [7.15201373e+01 8.08277308e+00]
 [3.09146792e+01 1.84136667e+01]
 [3.81521669e+01 1.58841521e+01]
 [1.88664072e+00 4.08182442e+01]
 [3.75267422e-01 4.58366217e+01]
 [1.86212336e+01 2.42085947e+01]
 [3.62813716e+01 1.65441443e+01]
 [9.78546196e-01 4.34116898e+01]
 [3.55549319e+01 1.68075023e+01]
 [2.09475101e-01 4.69100459e+01]
 [1.19969489e+01 2.85267214e+01]
 [1.18744691e+01 2.86445117e+01]
 [3.89940957e+01 1.57710766e+01]
 [1.05440149e+01 2.97582146e+01]
 [1.57079198e+01 2.59039330e+01]
 [2.95118086e+01 1.91065013e+01]
 [6.35825305e+01 9.55406222e+00]
 [1.22996851e+02 4.28467375e+00]
 [2.57583629e+01 2.06925600e+01]
 [1.63598345e+01 2.55241437e+01]
 [1.25776593e+01 2.82235897e+01]
 [7.42245360e+01 7.64610342e+00]
 [1.61086088e+01 2.57472875e+01]
 [1.74967549e+01 2.49829497e+01]
 [5.31238393e+01 1.17859019e+01]
 [4.14804856e+01 1.48308759e+01]
 [4.42882703e+01 1.41198422e+01]
 [1.36685495e+01 2.73624841e+01]
 [1.72463897e+01 2.50508485e+01]
 [3.27146713e-01 4.60413549e+01]
 [2.24623418e+01 2.22944789e+01]
 [1.14866126e+02 4.51336545e+00]
 [9.09430851e+01 5.73024867e+00]
 [6.48248450e+00 3.44634604e+01]
 [5.95502047e+01 1.03534121e+01]
 [4.19242457e+00 3.65885506e+01]
 [7.71988085e+01 7.35069387e+00]
 [1.00097902e+02 5.15707083e+00]]
