[[1.52610864e-02 2.65060857e+04]
 [4.48927166e-02 9.16056255e+03]
 [4.91232333e-02 8.96634650e+03]
 [3.93752889e-02 1.06532184e+04]
 [3.39946541e-02 1.19017793e+04]
 [3.99955887e-02 1.06219886e+04]
 [2.69897406e-02 1.55173060e+04]
 [8.65147059e-03 5.46644892e+04]
 [3.70128177e-02 1.09776149e+04]
 [4.18541489e-02 9.65590185e+03]
 [1.07192317e-02 3.87363394e+04]
 [3.15247391e-02 1.32695640e+04]
 [8.73430708e-03 4.97827473e+04]
 [3.18475519e-02 1.27103137e+04]
 [5.58102404e-02 8.67738208e+03]
 [3.13492445e-02 1.34289154e+04]
 [2.89231505e-02 1.45152970e+04]
 [4.37664957e-02 9.35419140e+03]
 [9.94202140e-03 4.21205463e+04]
 [5.06973480e-02 8.93022581e+03]
 [5.83559710e-03 7.17293393e+04]
 [2.93443277e-02 1.44394232e+04]
 [1.36785785e-02 3.37510243e+04]
 [4.02294844e-02 1.05153872e+04]
 [7.56019753e-03 5.75260143e+04]
 [3.93555126e-02 1.06606789e+04]
 [4.27895350e-02 9.58146763e+03]
 [1.51987628e-02 2.84453506e+04]
 [4.63546668e-02 9.06740591e+03]
 [1.99270117e-02 2.07301923e+04]
 [3.48536396e-02 1.15793395e+04]
 [1.02575852e-02 3.96426570e+04]
 [1.96286542e-02 2.30331305e+04]
 [3.28578372e-02 1.22743166e+04]
 [3.05360665e-02 1.36615419e+04]
 [2.37442490e-02 1.83586023e+04]
 [2.91513502e-02 1.44702021e+04]
 [4.29337734e-02 9.49385336e+03]
 [6.14121802e-03 6.83352632e+04]
 [1.18971187e-02 3.54911746e+04]
 [1.42709489e-02 2.89749800e+04]
 [4.03466035e-02 1.03599049e+04]
 [1.71581139e-02 2.35906497e+04]
 [5.77131883e-03 9.25159359e+04]
 [2.22092342e-02 1.86438762e+04]
 [5.30132356e-02 8.81495158e+03]
 [2.18239056e-02 2.01657015e+04]
 [1.17661250e-02 3.73704480e+04]
 [2.80664539e-02 1.50498743e+04]
 [1.21134507e-02 3.43261519e+04]
 [2.95001434e-02 1.37062260e+04]
 [1.61600235e-02 2.58130720e+04]
 [6.11997347e-02 8.67595094e+03]
 [3.89346130e-02 1.06817466e+04]
 [2.46564231e-02 1.80733064e+04]
 [7.68244505e-03 5.69993200e+04]
 [2.62445832e-02 1.56466214e+04]
 [9.18273782e-03 4.81251685e+04]
 [6.22453772e-02 8.62315665e+03]
 [5.80659669e-03 7.18033319e+04]
 [3.63787944e-02 1.13158995e+04]
 [9.95976608e-03 4.21066659e+04]
 [2.73774904e-02 1.53884702e+04]
 [2.51173586e-02 1.59779264e+04]
 [4.09057689e-02 1.01307160e+04]]
