[[3.60699608e+01 1.65566552e+01]
 [7.76812641e+00 3.22621992e+01]
 [3.44753316e+01 1.71025222e+01]
 [2.86511655e+01 1.95368564e+01]
 [3.38364045e+00 3.78835185e+01]
 [7.01718697e+00 3.32064912e+01]
 [3.22853364e+01 1.82240390e+01]
 [2.06701379e+01 2.30235463e+01]
 [8.35413583e+01 6.42080819e+00]
 [6.42545421e-02 4.82357273e+01]
 [5.60857909e+01 1.11194220e+01]
 [4.34786818e+00 3.65027909e+01]
 [6.81555654e+01 8.66305532e+00]
 [8.89085385e-01 4.35860832e+01]
 [6.14466549e-01 4.47011988e+01]
 [1.45298019e+01 2.68269711e+01]
 [6.31740452e+01 9.92629840e+00]
 [5.83176055e+01 1.06016468e+01]
 [7.04643053e+01 8.30666886e+00]
 [7.07409588e+00 3.29968040e+01]
 [6.16784942e+01 9.95395502e+00]
 [4.22734344e+01 1.46637253e+01]
 [2.05528226e+01 2.32543913e+01]
 [1.04976551e+01 2.98948891e+01]
 [5.10129214e+01 1.23026655e+01]
 [4.83307391e+01 1.30055861e+01]
 [9.65869014e+01 5.29510110e+00]
 [3.17043014e+01 1.83835391e+01]
 [5.39452017e+01 1.18097581e+01]
 [7.47103428e+00 3.27839613e+01]
 [1.93888691e-01 4.71300901e+01]
 [3.56757064e+01 1.67682477e+01]
 [3.01435576e+00 3.87437753e+01]
 [4.66951383e+00 3.58988353e+01]
 [5.69893656e+01 1.08917859e+01]
 [2.62542348e+00 3.94629533e+01]
 [6.83382844e+01 8.64617576e+00]
 [2.13531304e+01 2.26859973e+01]
 [5.00504672e+01 1.25116603e+01]
 [6.00929066e+00 3.48282781e+01]
 [5.13824242e-01 4.54694508e+01]
 [2.58119506e+00 3.96677531e+01]
 [4.03239394e+00 3.69383522e+01]
 [2.38404433e+01 2.15314788e+01]
 [4.75859928e+01 1.32989730e+01]
 [3.69837635e+01 1.63225093e+01]
 [8.64919865e+01 6.15676129e+00]
 [3.36542071e+01 1.74010150e+01]
 [3.20537255e+00 3.81544643e+01]
 [4.94481916e+00 3.56141364e+01]
 [2.83518875e+01 1.95538827e+01]
 [1.27649019e+01 2.80997480e+01]
 [2.40538698e+01 2.14695150e+01]
 [6.48609556e+01 9.26874806e+00]
 [5.05834735e+01 1.23675360e+01]
 [3.43372301e+01 1.71514592e+01]
 [2.50475545e+01 2.11900961e+01]
 [1.93779981e+01 2.37564183e+01]
 [5.01455835e+01 1.24796289e+01]
 [6.33070848e+01 9.61319687e+00]
 [5.24824989e+01 1.19327192e+01]
 [6.63922866e+01 9.02372299e+00]
 [8.45293063e+01 6.36134427e+00]
 [2.22165098e+01 2.24418618e+01]
 [2.70642459e+01 2.02106444e+01]
 [5.99059140e+01 1.02751273e+01]
 [3.02440201e+01 1.87858440e+01]
 [1.76518186e+01 2.47234756e+01]
 [3.26863930e+01 1.77981904e+01]
 [4.03733677e+01 1.51735919e+01]
 [1.91215678e+00 4.07872411e+01]
 [7.33923980e+01 7.77696932e+00]
 [1.75741379e+01 2.47911593e+01]
 [6.91896511e+01 8.48351428e+00]
 [1.34314979e+01 2.74726314e+01]
 [4.92373693e+00 3.56473064e+01]
 [2.27545356e+00 4.00928017e+01]
 [1.12030462e+02 4.41358097e+00]
 [1.09784296e+00 4.30218850e+01]
 [3.96343264e-02 4.89629032e+01]
 [8.96328535e+01 5.98331558e+00]
 [6.86723369e+01 8.57101225e+00]
 [7.01403387e+01 8.36827221e+00]
 [1.46688012e+01 2.67448873e+01]
 [2.74608358e+00 3.91818561e+01]
 [3.44719962e+01 1.71102310e+01]
 [3.14366235e+00 3.84460319e+01]
 [1.04939798e+02 5.02316480e+00]
 [3.31469385e+01 1.75769283e+01]
 [1.89944232e+01 2.39369397e+01]
 [2.99251953e+01 1.88052244e+01]
 [2.91370144e+01 1.91465824e+01]
 [8.30423486e+00 3.20867482e+01]
 [5.57987901e+01 1.14282869e+01]
 [7.51582308e+01 7.77298414e+00]
 [2.89212942e+01 1.92075211e+01]
 [6.46605834e+01 9.36876307e+00]
 [2.60518947e+01 2.05731797e+01]
 [2.39469582e+00 3.97841752e+01]
 [1.07311853e+02 4.61032018e+00]
 [2.69621541e+00 3.93157313e+01]
 [1.10648018e+01 2.92573748e+01]
 [7.55475594e+01 7.49400589e+00]
 [5.32898935e+00 3.51263501e+01]
 [2.87365948e+01 1.93691165e+01]
 [3.51593594e+01 1.69983161e+01]
 [2.43674726e+01 2.11920853e+01]
 [6.83685582e+01 8.64423884e+00]
 [6.90031355e-01 4.44394027e+01]
 [2.01148545e+01 2.33158262e+01]
 [5.10934188e+01 1.22427322e+01]
 [3.20066380e+01 1.83765688e+01]
 [3.92486182e+01 1.55224194e+01]
 [1.26874728e+00 4.23589198e+01]
 [4.64676831e+01 1.35325071e+01]
 [6.42363917e+01 9.38775324e+00]
 [3.05435320e+00 3.86227723e+01]
 [1.07314998e+01 2.95322520e+01]
 [1.19818738e+01 2.88262441e+01]
 [7.28345742e+01 7.98001286e+00]
 [2.64353058e+01 2.03928095e+01]
 [1.28095476e-01 4.75394678e+01]
 [1.96979035e-01 4.71030853e+01]
 [1.70427998e+01 2.51186736e+01]
 [7.66339182e+00 3.25322186e+01]
 [3.66911703e+01 1.63554239e+01]
 [1.56823654e+01 2.59489939e+01]
 [4.33510066e+00 3.65538088e+01]
 [1.30222207e+02 4.04847346e+00]
 [2.30889691e+01 2.19978631e+01]
 [2.81651416e+01 1.98179168e+01]
 [2.01124347e+01 2.33212654e+01]
 [3.51677407e+01 1.68790407e+01]
 [4.31754433e+01 1.43334891e+01]
 [7.02089876e+01 8.30694762e+00]
 [8.79698931e+00 3.12855281e+01]
 [1.16086001e+02 4.39018916e+00]
 [2.09980844e+01 2.29394076e+01]
 [4.94238437e+01 1.26494805e+01]
 [5.90011772e+01 1.04514115e+01]
 [4.19613968e+01 1.46931351e+01]
 [8.49503610e+01 6.28928870e+00]
 [8.83142426e+01 6.06851802e+00]
 [4.35477766e-01 4.58891082e+01]
 [1.18579870e+00 4.28389479e+01]
 [7.00497279e+01 8.38567656e+00]
 [5.65311967e+01 1.09915466e+01]
 [8.58987912e+00 3.15196915e+01]
 [5.71672830e+01 1.08539540e+01]
 [6.14002194e+00 3.43862849e+01]
 [9.74660278e+01 5.20614624e+00]
 [1.22382822e+01 2.87977603e+01]
 [1.27156377e-03 4.97770834e+01]
 [1.23031734e+01 2.87501676e+01]
 [7.87533912e+01 7.17444153e+00]
 [9.96000336e-01 4.35244341e+01]
 [9.48560093e+01 5.42570959e+00]
 [5.65040118e+01 1.10354899e+01]
 [2.99043056e+00 3.87906752e+01]
 [5.00856334e+01 1.25034061e+01]
 [7.83665544e+00 3.22560142e+01]
 [8.16657610e+01 6.93309270e+00]
 [6.06754712e-02 4.82939500e+01]
 [6.81693460e+01 8.66057909e+00]
 [8.10135140e+00 3.22262745e+01]
 [1.16430416e+01 2.90128907e+01]
 [1.06662548e+02 4.71994315e+00]
 [4.96532596e+01 1.25907866e+01]
 [3.04247584e+01 1.86948804e+01]
 [5.42450989e+01 1.14867900e+01]
 [1.69216535e+00 4.14192119e+01]
 [1.53532761e+01 2.61454996e+01]
 [8.50732863e+01 6.27636695e+00]
 [3.98012777e-02 4.89608477e+01]
 [9.09891959e+00 3.10340763e+01]
 [4.31298050e-01 4.59359965e+01]
 [6.42604521e+01 9.38323477e+00]
 [1.68240731e+01 2.52197788e+01]
 [7.13690632e+00 3.29584999e+01]
 [5.11587564e+01 1.22316723e+01]
 [4.41025969e+01 1.42745780e+01]
 [1.87064404e+01 2.40937964e+01]
 [8.82733432e+01 6.09174041e+00]
 [6.03800819e+01 1.02583709e+01]
 [3.37062315e+01 1.73944718e+01]
 [7.23325367e+00 3.28033014e+01]
 [5.87159490e+01 1.05604181e+01]
 [1.35487476e+00 4.21617144e+01]
 [8.90489244e+01 6.06584977e+00]
 [6.68015134e+01 8.99283486e+00]
 [6.11945838e+01 1.00379519e+01]
 [4.12097748e+01 1.50303213e+01]
 [6.73491803e+00 3.33432937e+01]
 [6.37126710e+01 9.51565376e+00]
 [2.94077067e+01 1.90851614e+01]
 [9.85496449e+01 5.10438329e+00]
 [6.50074964e-01 4.44613141e+01]
 [6.71989564e+01 8.84901260e+00]
 [1.95121756e+00 4.06168364e+01]
 [4.03000492e+01 1.52972779e+01]
 [8.98946869e+01 5.93015063e+00]
 [3.76719565e+01 1.61887571e+01]
 [4.50980492e+01 1.37920980e+01]
 [3.84288557e+01 1.57834017e+01]
 [2.16858936e+01 2.26288472e+01]
 [8.51228356e+01 6.27214553e+00]
 [8.45853025e+00 3.16920661e+01]
 [3.59609623e+01 1.65971883e+01]
 [4.64653288e+00 3.63940710e+01]
 [6.51497091e+00 3.39274668e+01]
 [7.52839598e+01 7.53080223e+00]
 [4.67486585e+01 1.33829477e+01]
 [4.58551847e+01 1.35998756e+01]
 [4.78311317e+01 1.30641586e+01]
 [2.45096503e+00 3.96683481e+01]
 [6.86393461e+01 8.57684193e+00]
 [2.33979587e+01 2.16472514e+01]
 [4.60162901e+01 1.35373886e+01]
 [2.95489444e+01 1.90149265e+01]
 [2.82209204e+01 1.97988878e+01]
 [6.54278097e+01 9.21828082e+00]
 [2.53024033e+01 2.09345326e+01]
 [1.71543499e-02 4.92737341e+01]
 [2.72903013e+01 2.00036415e+01]
 [3.70970401e+01 1.62065346e+01]
 [2.33770184e+01 2.17356680e+01]
 [4.52050493e+01 1.37703150e+01]
 [3.45434557e+01 1.70905675e+01]
 [1.23214069e+02 4.21838628e+00]
 [3.09276570e+01 1.84225465e+01]
 [5.97658228e+01 1.03444114e+01]
 [9.44983793e+01 5.65962728e+00]
 [1.44582389e+01 2.69685028e+01]
 [1.23506387e+01 2.82486272e+01]
 [5.22352417e+01 1.21620751e+01]
 [1.10252043e+02 4.49102228e+00]
 [4.66409991e+01 1.35026793e+01]
 [2.06196623e+01 2.31180126e+01]
 [7.92223180e+01 6.97805584e+00]
 [1.16852118e+02 4.36962216e+00]
 [1.04763931e+02 5.05516755e+00]
 [5.22481611e+01 1.19657596e+01]
 [2.32271580e+01 2.19179477e+01]
 [4.13203567e+01 1.48791693e+01]
 [5.89652634e+01 1.04878527e+01]
 [2.61550534e+01 2.04631148e+01]
 [6.49541750e+01 9.25021449e+00]
 [1.02835203e+02 5.10235735e+00]
 [3.47579655e+01 1.70565332e+01]
 [1.26785857e+02 4.16238078e+00]
 [1.09919365e-01 4.76878405e+01]
 [1.40663133e+01 2.73225113e+01]
 [6.05882296e+01 1.02130072e+01]
 [2.75761180e+01 1.99488527e+01]
 [9.12500393e+01 5.74431308e+00]
 [1.62233989e+01 2.56467695e+01]
 [2.66279926e-01 4.65180794e+01]
 [6.97993612e+01 8.40215961e+00]
 [7.17491401e+01 8.04329954e+00]
 [3.24533377e+01 1.79549197e+01]
 [4.25812394e+01 1.45049849e+01]
 [2.98670234e+01 1.88396374e+01]
 [2.23959999e+01 2.21567466e+01]
 [4.49016110e+01 1.38728130e+01]
 [7.53534385e+00 3.27421840e+01]
 [7.51615406e+01 7.58200642e+00]
 [8.64188742e-01 4.36663767e+01]
 [1.20680309e-03 4.97818908e+01]
 [8.65477941e+00 3.14421151e+01]
 [1.50674553e+01 2.63951390e+01]
 [1.16882867e+02 4.25544651e+00]
 [1.49185359e+01 2.66130755e+01]
 [7.68577309e+01 7.29207522e+00]
 [1.02052092e+01 3.02088144e+01]
 [7.33554728e+01 7.87991633e+00]
 [3.91511619e+01 1.55743753e+01]
 [1.34546072e+02 4.02927861e+00]
 [2.65267993e-01 4.66548694e+01]
 [2.57451405e+01 2.07657703e+01]
 [5.14467144e+01 1.21651395e+01]
 [5.16831904e-01 4.50458083e+01]]
