[[1.86260211e-03 3.45560727e-03 1.79353495e+00]
 [4.30247271e-03 9.73802078e-03 2.35560178e+00]
 [3.81016124e-03 7.49858311e-03 2.02228296e+00]
 [1.32161142e-03 2.06454059e-03 1.15237762e+00]
 [4.44117107e-03 8.28135361e-03 1.85269631e+00]
 [4.32981507e-03 9.09311989e-03 2.21095800e+00]
 [1.15103041e-03 2.27001165e-03 2.19196477e+00]
 [8.96306989e-04 2.10770942e-03 2.00564877e+00]
 [3.72748802e-03 7.10354578e-03 1.91128685e+00]
 [1.01581476e-03 2.25806922e-03 2.94264094e+00]
 [3.14417222e-03 6.05896361e-03 2.18969427e+00]
 [4.79737567e-03 9.46676679e-03 2.10686741e+00]
 [8.48018217e-04 2.02463036e-03 2.70847595e+00]
 [2.31462936e-03 4.26821349e-03 1.49622293e+00]
 [2.37214058e-03 5.39490891e-03 2.49856157e+00]
 [1.32906238e-03 2.83462432e-03 2.60128235e+00]
 [3.81016124e-03 7.97807483e-03 1.98891536e+00]
 [2.35077637e-03 4.61602081e-03 2.11205071e+00]
 [5.42597604e-03 9.03936539e-03 1.51578597e+00]
 [2.83288548e-03 5.80023430e-03 1.72427462e+00]
 [3.23479197e-03 6.93037980e-03 2.43481514e+00]
 [1.34546421e-03 3.06797372e-03 2.61535279e+00]
 [3.01797081e-03 5.99696578e-03 2.18103914e+00]
 [4.54037127e-03 9.93109997e-03 2.31006198e+00]
 [1.59766609e-03 3.62416312e-03 2.23669174e+00]
 [1.31835276e-03 2.10516139e-03 1.09920346e+00]
 [5.11658633e-04 1.04716705e-03 2.52730756e+00]
 [1.30072912e-03 2.82450799e-03 2.43023580e+00]
 [3.60073779e-03 6.68796606e-03 1.65193441e+00]
 [3.90610499e-03 8.69793872e-03 2.35696491e+00]
 [3.72748802e-03 7.10354578e-03 1.75509554e+00]
 [1.29392135e-03 2.68167051e-03 2.42215314e+00]
 [4.32981507e-03 9.09311989e-03 2.35096948e+00]
 [3.25989812e-03 6.16027088e-03 2.10653887e+00]
 [3.76998595e-03 7.49858311e-03 2.01153882e+00]
 [8.34982740e-04 1.15035012e-03 1.79151051e+00]
 [1.60737590e-03 3.93329914e-03 2.60825886e+00]
 [7.82140581e-04 1.35079158e-03 1.67870612e+00]
 [6.34512190e-03 9.84169696e-03 2.90035224e+00]
 [2.35077637e-03 4.05167220e-03 2.11205071e+00]
 [1.09045743e-03 2.53351998e-03 2.17161708e+00]
 [4.52750719e-03 8.57695184e-03 1.76467475e+00]
 [2.89424333e-03 5.40789943e-03 1.66091805e+00]
 [4.71030894e-03 8.55156550e-03 1.59466276e+00]
 [6.30959200e-03 9.98727202e-03 2.91627360e+00]
 [3.20518625e-03 7.02951322e-03 2.18312149e+00]
 [9.33341210e-04 1.30242168e-03 2.07815614e+00]
 [1.85090229e-03 4.65807231e-03 1.98916551e+00]
 [1.50036611e-03 2.63201450e-03 2.10739017e+00]
 [3.54495603e-03 7.09574790e-03 1.81296574e+00]
 [1.16497589e-03 1.73018427e-03 1.25405077e+00]
 [2.73809704e-03 5.36604388e-03 2.09696822e+00]
 [1.42772789e-03 3.23410255e-03 1.83931787e+00]
 [3.03727347e-03 5.46544585e-03 1.97163085e+00]
 [8.96306989e-04 2.10770942e-03 2.06178570e+00]
 [1.42992423e-03 3.01135671e-03 2.32880278e+00]
 [1.90087050e-03 4.55809529e-03 2.32897300e+00]
 [2.65369519e-03 5.85602376e-03 2.18103914e+00]
 [1.16769835e-03 2.37164940e-03 2.85365941e+00]
 [4.49402715e-03 9.89852799e-03 2.73239118e+00]
 [3.27476530e-03 6.13382695e-03 1.78611644e+00]
 [4.44117107e-03 8.85630189e-03 1.85269631e+00]
 [8.48018217e-04 2.03976870e-03 2.77722495e+00]
 [1.15103041e-03 2.27001165e-03 2.31335355e+00]
 [1.75332592e-03 3.48991783e-03 1.89871743e+00]
 [2.91710812e-03 6.25447498e-03 2.43338669e+00]
 [7.84028253e-04 1.15035012e-03 1.74727566e+00]
 [4.82524883e-03 8.83436787e-03 1.69553172e+00]
 [5.29945427e-04 1.38661723e-03 1.84550532e+00]
 [2.30226406e-03 4.53119133e-03 1.50791892e+00]
 [4.79737567e-03 8.88029936e-03 1.89221358e+00]
 [1.43553092e-03 2.63139024e-03 2.24939822e+00]
 [1.34546421e-03 3.06785643e-03 2.61535279e+00]]
