[[1.45988514e+01 1.87473437e-03]
 [2.29561931e+01 7.48266554e-04]
 [1.29422255e+01 1.91326130e-03]
 [1.72152732e+01 1.39875762e-03]
 [5.17337874e+00 5.91596380e-03]
 [3.05471236e+01 6.42435431e-04]
 [3.58177386e+01 5.93937708e-04]
 [3.17647561e+01 6.18395283e-04]
 [3.01204686e+01 6.58010801e-04]
 [4.64432058e+00 6.48194950e-03]
 [2.12563289e+01 1.15165527e-03]
 [9.87243720e+00 2.46231312e-03]
 [6.23137875e+01 4.54706895e-04]
 [6.11658744e+01 4.87015968e-04]
 [4.60167625e+01 4.97154386e-04]
 [4.08693099e+01 5.05021991e-04]
 [1.99835149e+01 1.30281692e-03]
 [3.79852716e+01 5.39234765e-04]
 [3.59869541e+01 5.91589352e-04]
 [1.55625078e+01 1.74175579e-03]
 [1.67432192e+01 1.62765639e-03]
 [1.25598316e+01 2.07539753e-03]
 [6.50733504e+00 5.43046870e-03]
 [9.16125675e+00 3.38247134e-03]
 [2.13003527e+01 8.80227472e-04]]
