[[2.08511002 2.16097348]
 [0.93130106 1.03668218]
 [1.98383737 1.6164502 ]
 [2.09597257 2.0556585 ]
 [0.70193469 0.59430447]
 [1.63322451 1.58117431]
 [3.45448459 2.99196855]
 [0.09940067 0.07863296]
 [2.76410989 2.52609268]
 [2.92879636 2.90878724]
 [0.29958845 0.36403037]
 [0.22275939 0.32248239]
 [2.62335155 2.77442391]
 [3.08389179 2.84704896]
 [1.95003857 1.457972  ]
 [0.88098128 0.99619072]
 [2.9100709  2.63649595]
 [2.16838174 2.42208159]
 [1.42788141 1.76050002]
 [0.99284944 1.28010303]
 [2.63857323 2.40648325]
 [0.80485718 1.40064007]
 [2.07924359 1.8500552 ]
 [3.91374707 2.97141535]
 [2.2095214  1.74473222]
 [2.32500741 2.84264682]
 [1.10716367 0.80121606]
 [0.09166321 0.20017499]
 [1.9742524  2.24081549]
 [0.72779116 0.47319021]
 [4.52904748 2.96986554]
 [0.73396187 0.79289245]
 [2.58633799 2.74921756]
 [0.43741105 0.68192921]
 [2.85357926 2.99026028]
 [2.46035901 2.19027363]
 [1.69354013 1.57168841]
 [2.42214223 2.57795342]
 [1.07056068 0.59684377]
 [0.13313942 0.33276111]
 [0.40264764 0.69510693]
 [0.79916825 0.60780638]
 [1.85077089 1.59209232]
 [2.01610236 2.27624079]
 [3.58464501 2.96197852]
 [2.00932962 2.09192406]
 [0.60383592 0.66085196]
 [1.10741028 1.40173747]
 [1.57382844 1.88056681]
 [2.86636136 2.82828773]
 [2.45772575 2.57010749]
 [2.09289013 2.0503947 ]
 [1.47644397 1.63236415]
 [2.43960746 2.56606924]
 [2.92674229 2.69461514]
 [2.57087522 2.62599818]
 [0.91976721 1.38851736]
 [0.80755385 1.02732192]
 [2.14018735 1.79780927]
 [2.8968027  2.77411254]
 [0.26497271 0.59848664]
 [1.14602514 1.30165013]
 [2.51754755 2.8977992 ]
 [2.49966186 2.33129469]
 [1.99609303 2.39088676]
 [1.90540746 1.97803481]
 [0.354592   0.45781196]
 [1.60513157 1.67373598]
 [0.19864353 0.21100032]
 [2.69824555 2.6857811 ]
 [1.64180695 1.64269281]
 [1.93002006 1.71462628]
 [0.967082   1.0069914 ]
 [1.28206153 1.00376317]
 [2.59341461 2.63678884]
 [4.52904748 2.9930598 ]
 [2.44540741 2.60823883]
 [2.92081865 2.79591621]
 [0.270713   0.08790676]
 [3.91530947 2.98797851]
 [3.581437   2.81020017]
 [1.30034229 1.38851736]
 [0.91614542 0.94872961]
 [0.37492383 0.37372605]
 [3.56570491 2.74763083]
 [1.41727782 1.9616177 ]
 [1.95322527 2.38639948]
 [2.27029528 1.92029742]
 [3.09951424 2.99423154]
 [2.77052669 2.62599818]
 [1.33752947 1.04645361]
 [2.42000207 2.22023263]
 [1.13722285 0.59684377]
 [0.86170254 0.50799235]
 [2.88697819 2.7805008 ]
 [2.42433743 1.92911027]
 [4.04057012 2.99428959]
 [0.71110627 0.46445836]
 [0.13975776 0.28663715]
 [0.40248418 0.28999039]
 [3.91374707 2.88283812]
 [1.64393975 1.51147749]
 [0.88342    1.06811054]
 [0.75456452 0.59273772]
 [1.33198285 1.55805547]
 [1.85003747 1.63533257]
 [2.55782029 2.36064071]
 [2.45840907 2.22023263]
 [1.24531117 1.40219357]
 [3.22680695 2.99297847]
 [1.99609303 2.1249401 ]
 [0.91953979 1.20102959]
 [2.59196775 2.99283758]
 [1.85077089 1.73269577]
 [2.16177797 2.46781409]
 [4.30933096 2.92975604]
 [2.09152864 1.70235017]
 [0.84970357 0.63176758]
 [1.06699241 1.30715329]
 [1.57382844 1.85792836]
 [2.03559818 2.3906922 ]
 [2.47674803 2.47357212]
 [1.23327704 1.51450407]
 [2.92879636 2.9473276 ]
 [0.25456192 0.44578924]
 [3.09631939 2.81238513]
 [2.28680091 2.28349799]
 [0.04688276 0.07863296]
 [2.57085289 2.16732935]
 [2.29024823 2.56615853]
 [2.30254996 2.45065096]
 [2.00022947 2.11685372]
 [2.28258625 2.02746142]
 [2.6098076  2.23600329]
 [3.26927947 2.7285653 ]
 [1.46420087 1.40173747]
 [2.30585765 2.57364743]
 [1.46117708 1.71415151]
 [1.94236247 2.06489315]
 [1.81134387 1.88610916]
 [2.13366823 2.46448353]
 [2.3195508  2.83366346]
 [2.24875758 2.02425746]
 [4.08271194 2.99428959]
 [2.8247186  2.77714573]
 [3.19165986 2.847796  ]
 [2.92701944 2.69195785]
 [3.92466609 2.91191549]
 [2.04457412 1.57616582]
 [2.33416771 2.28349799]
 [1.3795675  1.59287812]
 [2.63857323 2.4088705 ]
 [3.55203634 2.74915779]
 [1.97366159 2.01163392]
 [1.4313467  1.46994378]
 [2.96906044 2.79591621]
 [1.6601892  1.84662967]
 [2.99246051 2.58838987]
 [1.1592376  1.28767125]
 [2.68189862 2.43554198]
 [0.61191376 0.79804051]
 [2.23048491 1.97803481]
 [1.14308285 1.45395387]
 [0.34037673 0.7067546 ]
 [3.11673635 2.78510655]
 [2.51245462 2.3925154 ]
 [2.57719236 2.7718475 ]
 [2.97343784 2.94277103]
 [0.37921045 0.23995875]
 [1.87114907 2.01447195]
 [0.95018836 0.93253841]
 [0.29958845 0.35802935]
 [1.78792402 1.74313242]
 [2.47385783 2.58484184]
 [4.02456413 2.98560343]
 [2.63705952 2.88053346]
 [1.92356011 2.42386449]
 [1.33198285 1.5413785 ]
 [2.21016676 2.43612793]
 [3.69200533 2.9908866 ]
 [2.33295266 2.33129469]
 [0.73948576 0.53647938]
 [0.15269983 0.03374164]
 [1.9915219  1.73516884]
 [2.80481733 2.6603722 ]
 [1.36808816 1.36727226]
 [1.9742524  2.10825286]
 [2.95298972 2.99423154]
 [2.39108438 2.40354403]
 [2.32487273 2.37856703]
 [0.20546623 0.03029377]
 [1.06133227 0.95598234]
 [1.03220069 0.79663998]
 [4.32507968 2.93251909]
 [0.72044005 0.9941512 ]
 [3.06596318 2.75620031]
 [0.40264764 0.60949918]
 [1.30097689 1.09451862]
 [2.58633799 2.74901489]
 [1.4775304  1.8544012 ]
 [3.53295633 2.96223164]
 [1.89329087 1.82808851]
 [0.75884343 0.71150379]
 [1.44877545 1.68594322]
 [3.16403504 2.94277103]
 [2.52259585 2.30015083]
 [2.9100709  2.62728364]
 [3.54497402 2.94615474]
 [0.80640119 0.75760093]
 [3.25955056 2.76565631]
 [3.64433541 2.95344345]
 [1.60309491 1.44503207]
 [2.58633799 2.87279491]
 [3.55752297 2.80522712]
 [4.52904748 2.99522138]
 [1.90020112 1.85233136]
 [2.86715407 2.62563281]
 [0.30444948 0.62366305]
 [2.61243602 2.4255285 ]
 [2.76410989 2.52494141]
 [1.61064757 1.33817898]
 [1.31912579 1.38851736]
 [1.97437806 2.08211708]
 [0.77598123 1.14183033]
 [1.34675182 1.21890137]
 [0.08287941 0.21178654]
 [1.25283673 1.41568819]
 [0.91976721 1.38871707]
 [2.11241886 2.33094919]
 [1.24485262 1.51450407]
 [0.32611918 0.45781196]
 [0.14095788 0.07863296]
 [1.13783737 0.97066204]
 [0.40504266 0.35849212]]
