[[1.86260211e-03 3.45560727e-03 1.79353495e+00]
 [4.30247271e-03 9.73802078e-03 2.35560178e+00]
 [3.81016124e-03 7.49858311e-03 2.02228296e+00]
 [2.74119775e-03 5.60529991e-03 2.34345957e+00]
 [4.44117107e-03 8.28135361e-03 1.85269631e+00]
 [4.32981507e-03 9.09311989e-03 2.21095800e+00]
 [1.15103041e-03 2.27001165e-03 2.19196477e+00]
 [3.93884008e-03 6.88955048e-03 1.80800322e+00]
 [8.96306989e-04 2.10770942e-03 2.00564877e+00]
 [1.15103041e-03 2.27001165e-03 2.28476468e+00]
 [1.86260211e-03 3.45560727e-03 1.71321307e+00]
 [2.69467009e-03 4.46295579e-03 1.81627908e+00]
 [4.34092777e-03 9.73802078e-03 2.35560178e+00]
 [1.38716225e-03 2.67365393e-03 2.16909453e+00]
 [3.67549205e-03 7.90636994e-03 2.40979080e+00]
 [3.90610499e-03 8.42257757e-03 2.35696491e+00]
 [5.38440593e-03 9.34148878e-03 1.57416722e+00]
 [2.96947086e-03 6.32343894e-03 2.40066598e+00]
 [3.80139350e-03 7.35376871e-03 1.85137665e+00]
 [5.45111735e-03 9.87100294e-03 2.58959036e+00]
 [2.85963173e-03 5.62882123e-03 1.94115679e+00]
 [3.69586845e-03 7.90636994e-03 2.28620422e+00]
 [3.81848438e-03 6.36948111e-03 1.83630879e+00]
 [8.96306989e-04 1.79255943e-03 2.00564877e+00]
 [8.18055457e-04 1.37904493e-03 1.90537870e+00]
 [2.81423362e-03 5.54667311e-03 1.58125613e+00]
 [1.92619489e-03 3.82467457e-03 1.97124659e+00]
 [2.53888621e-03 5.91387182e-03 2.80977656e+00]
 [8.96680520e-04 1.44762593e-03 1.54798382e+00]
 [1.00818766e-03 2.40326855e-03 1.93491691e+00]
 [1.83381023e-03 4.25738112e-03 2.91577906e+00]
 [2.55956741e-03 5.55658164e-03 2.09512854e+00]
 [1.15399590e-03 2.40089798e-03 2.28208242e+00]
 [1.14187035e-03 1.80186840e-03 1.25315179e+00]
 [3.70547755e-03 6.80926550e-03 2.02458538e+00]
 [3.81016124e-03 7.82834743e-03 2.02228296e+00]
 [2.81681453e-03 5.30250448e-03 1.79353495e+00]
 [4.50211407e-03 9.39163491e-03 2.01478744e+00]
 [3.90610499e-03 8.42257757e-03 2.19280175e+00]
 [1.93756593e-03 3.88873403e-03 2.00441951e+00]
 [6.83596393e-04 1.26577224e-03 2.40144644e+00]
 [1.35497822e-03 2.45707387e-03 2.28208242e+00]
 [5.40951805e-03 9.93742854e-03 2.60952969e+00]
 [4.32981507e-03 8.93209766e-03 2.21095800e+00]
 [1.59972391e-03 3.45486663e-03 1.97124659e+00]
 [1.85446758e-03 3.04126811e-03 1.51487304e+00]
 [1.40386939e-03 2.85844049e-03 2.58882319e+00]
 [4.93584863e-03 9.88014198e-03 1.90221275e+00]
 [5.14266671e-03 9.85331926e-03 2.49284346e+00]
 [2.81681453e-03 5.30250448e-03 1.78385179e+00]
 [6.72449227e-04 1.51330161e-03 1.59661555e+00]
 [2.89932180e-03 5.58098206e-03 2.22411347e+00]
 [3.81016124e-03 7.43401771e-03 2.02228296e+00]
 [1.71728574e-03 3.88873403e-03 2.07597544e+00]
 [4.48849853e-03 8.13772788e-03 1.72167351e+00]
 [2.76552247e-03 5.95625098e-03 2.20887238e+00]
 [2.69467009e-03 4.46295579e-03 1.81607190e+00]
 [7.20190684e-04 1.43629233e-03 1.35035715e+00]
 [7.34540478e-04 1.45202886e-03 2.40144644e+00]
 [1.14187035e-03 1.80186840e-03 1.31567958e+00]
 [1.38716225e-03 3.33746553e-03 2.70244923e+00]
 [3.63602266e-03 7.37770521e-03 2.06210764e+00]
 [1.27630227e-03 2.95344495e-03 2.21494217e+00]
 [5.15943948e-03 9.87100294e-03 1.88146228e+00]
 [1.52101164e-03 3.34442985e-03 2.62261846e+00]
 [3.93884008e-03 6.94504412e-03 1.80837720e+00]
 [1.06046180e-03 2.25899189e-03 2.46392135e+00]
 [2.32878446e-03 4.39834524e-03 1.87814367e+00]
 [5.29945427e-04 1.47003814e-03 1.84393377e+00]
 [9.84076673e-04 2.24457156e-03 1.89805142e+00]
 [2.06589393e-03 4.55333706e-03 2.66160399e+00]
 [1.86260211e-03 3.22641146e-03 1.77262120e+00]
 [2.69467009e-03 4.44504087e-03 1.81627908e+00]
 [5.26418246e-03 9.81674484e-03 2.27320880e+00]
 [1.85493757e-03 3.83841277e-03 1.79004170e+00]
 [1.15103041e-03 2.27001165e-03 2.28497186e+00]
 [1.39091315e-03 3.06042365e-03 2.15393620e+00]
 [2.91591646e-03 5.91589634e-03 2.41404476e+00]
 [2.96010442e-03 6.97767459e-03 2.29178197e+00]
 [5.49547922e-03 9.95673238e-03 2.88875166e+00]
 [3.66543097e-03 8.35824849e-03 2.43595585e+00]
 [2.36900634e-03 5.54889020e-03 1.85974933e+00]
 [1.26086326e-03 2.62279130e-03 1.88797567e+00]]
