[[1.52610864e-02 2.65060857e+04]
 [4.48927166e-02 9.16056255e+03]
 [1.69870331e-02 2.59225653e+04]
 [3.39946541e-02 1.19017793e+04]
 [2.69897406e-02 1.55173060e+04]
 [3.69601535e-02 1.15706902e+04]
 [3.70128177e-02 1.09776149e+04]
 [4.18541489e-02 9.65590185e+03]
 [1.07192317e-02 3.87363394e+04]
 [6.65579178e-03 8.01334124e+04]
 [2.54769990e-02 1.74213262e+04]
 [3.15247391e-02 1.32695640e+04]
 [3.18475519e-02 1.27103137e+04]
 [4.37664957e-02 9.35419140e+03]
 [9.94202140e-03 4.21205463e+04]
 [5.80348224e-03 8.04541568e+04]
 [5.25064956e-03 9.90916651e+04]
 [2.57065886e-02 1.59723699e+04]
 [2.40249579e-02 1.80470326e+04]
 [1.42412880e-02 3.02360048e+04]
 [8.62407872e-03 4.80120660e+04]
 [2.84826754e-02 1.42657777e+04]
 [1.29877897e-02 3.30752248e+04]
 [7.73724338e-03 5.94455362e+04]
 [1.24606059e-02 3.63709236e+04]
 [4.73555666e-02 9.12917325e+03]
 [7.26323165e-03 6.91684834e+04]
 [2.78947012e-02 1.48342645e+04]
 [3.46659773e-02 1.18432738e+04]
 [2.03683638e-02 2.20503367e+04]
 [1.17385710e-02 3.72333979e+04]
 [6.54579120e-02 8.56317427e+03]
 [7.37137134e-03 6.39505182e+04]
 [1.75583142e-02 2.45678567e+04]
 [3.83136827e-02 1.09314521e+04]
 [1.88910421e-02 2.37594133e+04]
 [7.90889056e-03 5.93768439e+04]
 [2.08832758e-02 1.97190792e+04]
 [3.17937569e-02 1.27345931e+04]
 [5.77694481e-03 8.94983007e+04]
 [1.36985856e-02 3.19945930e+04]
 [3.88398211e-02 1.07325889e+04]
 [2.58027537e-02 1.58582386e+04]
 [1.65557112e-02 2.62943365e+04]
 [1.05015529e-02 3.90053246e+04]
 [3.92004277e-02 1.06202471e+04]
 [2.33835226e-02 1.82320150e+04]
 [4.11716012e-02 1.01117878e+04]
 [3.11260065e-02 1.33971841e+04]
 [4.88909034e-02 8.59019072e+03]
 [2.10105501e-02 1.93898828e+04]
 [3.06790122e-02 1.42003132e+04]
 [1.91411059e-02 2.34293138e+04]
 [2.72584940e-02 1.54765181e+04]
 [4.49015831e-02 9.15606259e+03]
 [3.55462130e-02 1.16906223e+04]
 [2.51910828e-02 1.80321523e+04]
 [2.60644881e-02 1.56765059e+04]
 [2.55609436e-02 1.69814441e+04]
 [2.04241550e-02 2.07923179e+04]
 [8.57508049e-03 5.28715981e+04]]
