[[1.86260211e-03 3.45560727e-03 1.79353495e+00]
 [2.85576282e-03 5.86833341e-03 2.50004353e+00]
 [4.30247271e-03 9.73802078e-03 2.35560178e+00]
 [3.66543097e-03 8.62346253e-03 2.38535544e+00]
 [3.81016124e-03 7.49858311e-03 2.02228296e+00]
 [2.74119775e-03 5.60529991e-03 2.34345957e+00]
 [2.85576282e-03 5.86833341e-03 2.57314600e+00]
 [4.67840249e-03 8.68828913e-03 1.58722830e+00]
 [4.50943725e-03 9.48507447e-03 2.27320880e+00]
 [1.86131819e-03 4.20193680e-03 2.35813767e+00]
 [3.33756630e-03 6.38800638e-03 1.76713632e+00]
 [2.23011170e-03 4.69489430e-03 2.28684604e+00]
 [3.70817444e-03 7.69112597e-03 2.33619496e+00]
 [4.50943725e-03 8.98905284e-03 2.27320880e+00]
 [1.16972415e-03 2.81663835e-03 2.60950913e+00]
 [4.30678267e-03 9.91216183e-03 2.41012443e+00]
 [4.80999003e-03 9.97245986e-03 2.25174326e+00]
 [3.33756630e-03 6.38936760e-03 1.67459038e+00]
 [1.85329402e-03 4.31850039e-03 2.30265394e+00]
 [4.43761472e-03 8.96344597e-03 2.27029158e+00]
 [2.12991433e-03 4.50899780e-03 2.34456850e+00]
 [3.81016124e-03 7.46097376e-03 1.94340387e+00]
 [5.49138908e-03 9.61706957e-03 1.63066690e+00]
 [1.26329519e-03 2.67058893e-03 2.00686687e+00]
 [1.91589795e-03 3.45560727e-03 1.52604476e+00]
 [1.24155690e-03 2.51773787e-03 2.59216559e+00]
 [2.55552029e-03 5.86833341e-03 2.50004353e+00]
 [3.68323311e-03 8.54290223e-03 2.07833903e+00]
 [1.97900637e-03 3.72779356e-03 1.99838183e+00]
 [3.81016124e-03 7.46097376e-03 1.93535645e+00]
 [6.91086774e-03 9.99750125e-03 2.89531631e+00]
 [5.46771105e-04 1.35003062e-03 2.90819985e+00]
 [4.50943725e-03 8.98905284e-03 2.32043109e+00]
 [1.26329519e-03 1.95152829e-03 2.06359897e+00]
 [2.23554088e-03 4.71131725e-03 2.44716568e+00]
 [1.05774279e-03 2.07297674e-03 2.58693626e+00]
 [4.89563491e-03 9.97245986e-03 2.18058898e+00]
 [7.47240171e-04 1.30293037e-03 1.44190085e+00]
 [1.97216850e-03 4.63608341e-03 2.49436385e+00]
 [2.88956817e-03 6.50899995e-03 2.46086426e+00]
 [1.03122564e-03 2.55041286e-03 2.69754773e+00]
 [4.42810982e-03 7.84531502e-03 1.90061530e+00]
 [1.40014157e-03 3.11923512e-03 2.01260120e+00]
 [4.38158699e-03 8.85469252e-03 2.18007123e+00]
 [8.53071650e-04 1.64691576e-03 2.36030283e+00]
 [9.49975225e-04 2.06944984e-03 2.56652436e+00]
 [2.20762913e-03 4.94571328e-03 2.50653168e+00]
 [1.59545681e-03 3.34026577e-03 2.09285629e+00]
 [4.26341186e-03 9.89932069e-03 2.90015280e+00]
 [3.64681125e-03 7.60005681e-03 1.93478987e+00]
 [9.36947671e-04 1.30293037e-03 1.42806761e+00]
 [7.31707728e-04 1.23778552e-03 1.41393531e+00]
 [5.46771105e-04 1.24106983e-03 2.90819985e+00]
 [4.30873812e-03 8.52807854e-03 2.11079621e+00]
 [7.17810839e-04 1.64691576e-03 2.77706865e+00]
 [2.88956817e-03 6.56093183e-03 2.46086426e+00]
 [1.78398601e-03 3.81337199e-03 2.21757189e+00]
 [2.35203569e-03 5.46317411e-03 2.64511029e+00]
 [1.26116576e-03 2.67058893e-03 2.00686687e+00]
 [2.71471678e-03 5.86833341e-03 2.46428677e+00]
 [2.88956817e-03 6.47680108e-03 2.46086426e+00]
 [1.64520139e-03 3.34026577e-03 2.09285629e+00]
 [1.59545681e-03 3.34026577e-03 2.04440860e+00]
 [4.30247271e-03 9.81375998e-03 2.89531631e+00]
 [7.35063233e-04 1.20233555e-03 1.53416230e+00]
 [2.33851215e-03 5.46317411e-03 2.62103317e+00]
 [6.67414790e-04 1.64691576e-03 2.36030283e+00]
 [1.24966502e-03 2.93933816e-03 1.72997907e+00]
 [8.61671756e-04 1.79884388e-03 2.33644010e+00]
 [4.28948633e-03 9.92226686e-03 2.55198017e+00]
 [3.81016124e-03 7.49248097e-03 2.02228296e+00]
 [5.39092721e-04 1.47553277e-03 2.36030283e+00]
 [1.59390771e-03 3.43054501e-03 2.27617906e+00]
 [2.10864305e-03 5.05136505e-03 2.52307370e+00]
 [1.85175216e-03 4.31082740e-03 2.50653168e+00]
 [1.16972415e-03 2.81663835e-03 2.59128424e+00]
 [1.88683866e-03 3.87509419e-03 1.91799694e+00]
 [2.85520380e-03 5.86833341e-03 2.53989861e+00]
 [4.30247271e-03 9.81375998e-03 2.23694607e+00]
 [1.26329519e-03 1.95152829e-03 1.95030936e+00]
 [2.20762913e-03 5.15651692e-03 2.50653168e+00]
 [1.00114183e-03 2.08980235e-03 2.85037705e+00]
 [2.30987605e-03 4.58002164e-03 1.97433573e+00]
 [1.12687499e-03 1.98101489e-03 1.72997907e+00]
 [4.18121343e-03 9.04928515e-03 2.17425721e+00]
 [3.81016124e-03 7.49858311e-03 1.77093917e+00]
 [1.18264426e-03 1.79323673e-03 1.33691011e+00]
 [1.24966502e-03 2.01866402e-03 2.03540723e+00]
 [1.05809658e-03 2.58721177e-03 2.31753772e+00]
 [8.53071650e-04 1.98447142e-03 2.36030283e+00]
 [9.79677318e-04 1.37768128e-03 1.15956298e+00]
 [2.25022414e-03 4.22480438e-03 2.02917582e+00]
 [3.81072026e-03 7.49858311e-03 2.05553034e+00]
 [1.40014157e-03 3.11923512e-03 2.00025673e+00]
 [4.26341186e-03 9.97863391e-03 2.92264459e+00]
 [1.00317713e-03 2.07297674e-03 2.57821060e+00]
 [3.63224938e-03 8.12223136e-03 2.33114331e+00]
 [1.56819229e-03 3.44243478e-03 2.33614782e+00]
 [1.24966502e-03 2.89011211e-03 1.76972512e+00]
 [3.64378140e-03 6.42461789e-03 1.93478987e+00]]
