[[1.86260211e-03 3.45560727e-03 1.79353495e+00]
 [4.30247271e-03 9.73802078e-03 2.35560178e+00]
 [5.81577407e-03 9.89751708e-03 1.40781245e+00]
 [3.81016124e-03 7.49858311e-03 2.02228296e+00]
 [5.40951805e-03 9.59434321e-03 2.60792178e+00]
 [2.74119775e-03 5.60529991e-03 2.34345957e+00]
 [4.44117107e-03 8.28135361e-03 1.85269631e+00]
 [4.32981507e-03 9.09311989e-03 2.21095800e+00]
 [5.52767597e-03 8.89131089e-03 1.70990570e+00]
 [1.15103041e-03 2.27001165e-03 2.19196477e+00]
 [2.00727488e-03 5.29546610e-03 2.78886484e+00]
 [8.96043492e-03 9.72720353e-03 2.99704101e+00]
 [3.72748802e-03 7.10354578e-03 1.91128685e+00]
 [6.05212895e-03 9.90406197e-03 2.54783250e+00]
 [4.06288428e-03 7.43749196e-03 1.57597376e+00]
 [4.79737567e-03 9.46676679e-03 2.10686741e+00]
 [8.48018217e-04 2.02463036e-03 2.70847595e+00]
 [4.93963846e-04 1.50455028e-03 1.79070095e+00]
 [6.19392166e-03 9.80699036e-03 2.28692504e+00]
 [2.37214058e-03 5.39490891e-03 2.49856157e+00]
 [1.32906238e-03 2.83462432e-03 2.60128235e+00]
 [1.08067485e-03 1.91272052e-03 1.77409247e+00]
 [2.78504172e-03 6.14781891e-03 2.33033671e+00]
 [1.55528584e-03 3.17817550e-03 1.68796635e+00]
 [6.56219990e-04 1.80729214e-03 2.38861388e+00]
 [4.62654178e-03 7.78702961e-03 1.45511898e+00]
 [7.46371551e-04 1.42495530e-03 2.71048508e+00]
 [3.20475101e-03 7.02836073e-03 2.18461228e+00]
 [2.08754407e-03 4.28334812e-03 1.95909249e+00]
 [2.69367216e-03 4.62533206e-03 1.71502233e+00]
 [1.48361148e-03 3.26256139e-03 2.31040257e+00]
 [2.31462936e-03 4.18475886e-03 1.49622293e+00]
 [3.67797196e-03 7.81187100e-03 2.13731100e+00]
 [3.67358686e-03 5.59716958e-03 1.43484496e+00]
 [4.76660483e-04 1.27650454e-03 2.48340960e+00]
 [1.98654785e-03 4.01768430e-03 1.68669248e+00]
 [3.13424903e-03 5.86429421e-03 2.09898714e+00]
 [4.70489161e-03 8.84966519e-03 1.76652691e+00]
 [1.07346600e-03 2.06454059e-03 1.15237762e+00]
 [1.46792373e-03 2.64297483e-03 1.84423342e+00]
 [5.81661995e-03 9.81781780e-03 2.53338682e+00]
 [1.90755741e-03 3.97385398e-03 2.53494974e+00]
 [1.19496551e-03 2.42891575e-03 2.25470023e+00]
 [4.40775267e-03 9.82256119e-03 2.35560178e+00]
 [6.41098664e-04 1.67295131e-03 2.85645604e+00]
 [1.36172211e-03 3.04512168e-03 2.48089677e+00]
 [2.78504172e-03 6.14781891e-03 2.26389567e+00]
 [4.15209647e-03 8.07698409e-03 1.78782358e+00]
 [1.32906238e-03 2.43035816e-03 1.83043281e+00]
 [6.45301255e-04 1.80729214e-03 2.38861388e+00]
 [2.90856572e-03 5.21512800e-03 1.75728736e+00]
 [4.93963846e-04 1.50455028e-03 1.86080579e+00]
 [2.03186774e-03 4.61817344e-03 2.50004353e+00]
 [3.98751407e-03 7.43797550e-03 1.51153752e+00]
 [6.66717430e-03 9.94971369e-03 2.13057934e+00]
 [6.05994428e-04 2.00710907e-03 2.02799075e+00]
 [4.93963846e-04 1.50490298e-03 1.79006517e+00]
 [2.36722755e-03 4.13690736e-03 1.42943139e+00]]
