[[0.91562711 0.46256105]
 [0.49408604 0.84531722]
 [0.6554906  0.7743037 ]
 [0.50340967 0.84010909]
 [0.79491769 0.54667035]
 [0.49363499 0.85407321]
 [0.79266301 0.6120465 ]
 [0.48314732 0.86717076]
 [0.49620114 0.84011493]
 [0.71640417 0.76047089]
 [0.4697981  0.90968969]
 [0.82612111 0.50793069]
 [0.12489794 0.96996744]
 [0.79375527 0.59828585]
 [0.78434555 0.61229672]
 [1.03561668 0.04970229]
 [0.22223928 0.93622062]
 [0.80856879 0.51249823]
 [0.74834879 0.7407787 ]
 [0.15991785 0.94183325]
 [0.10523128 0.98809971]
 [0.50420333 0.82703454]
 [0.94584003 0.22039657]
 [0.54309768 0.79082305]
 [0.83744769 0.50045147]
 [0.59185106 0.78032407]
 [0.80478862 0.51375716]
 [0.83302052 0.50089095]
 [1.03264524 0.0733621 ]
 [0.77505372 0.67566903]
 [0.21897169 0.93651981]
 [0.75402171 0.7320167 ]
 [1.03547669 0.05089932]
 [0.92233189 0.45598337]
 [0.98742042 0.11663778]
 [0.79381201 0.54709175]
 [0.05395154 1.0414114 ]
 [0.58598875 0.78390868]
 [0.9450093  0.24773168]
 [0.14694201 0.94980579]]
