[[5.23538746e+00 1.28056994e-02]
 [3.14558127e+01 5.70034119e-04]
 [1.67362877e+01 1.35221718e-03]
 [2.56546951e+01 7.12362663e-04]
 [2.88732261e+01 7.06884884e-04]
 [2.07655684e+01 1.00857323e-03]
 [7.03314002e+00 3.33231720e-03]
 [2.11049533e+01 8.47368388e-04]
 [2.89608285e+01 7.04532223e-04]
 [1.16376067e+01 1.82979779e-03]
 [1.11575294e+01 1.90078590e-03]
 [1.99273404e+01 1.11835104e-03]
 [8.81468766e+00 2.61826166e-03]
 [1.06732165e+01 1.90193818e-03]
 [2.53871543e+01 7.66157746e-04]
 [2.06500470e+01 1.06527598e-03]
 [2.39103354e+01 8.11266692e-04]
 [3.55599065e+01 4.78163379e-04]
 [2.48080822e+01 7.85059925e-04]
 [3.16743832e+01 5.57719370e-04]
 [5.28099628e+00 1.23913685e-02]
 [4.67878950e+00 2.34734503e-02]
 [1.04233414e+01 2.07174026e-03]
 [2.99748100e+01 6.24477391e-04]
 [5.62061213e+00 1.21307639e-02]
 [1.16373254e+01 1.82995253e-03]
 [5.89056901e+00 5.09289997e-03]
 [2.47007774e+01 7.98270840e-04]
 [2.90158269e+01 7.02191198e-04]
 [1.17788481e+01 1.59345554e-03]
 [8.46911812e+00 2.66258007e-03]
 [1.00974888e+01 2.33705068e-03]
 [4.34833181e+01 4.42192809e-04]
 [1.35771111e+01 1.55777404e-03]
 [7.44506661e+00 3.07858964e-03]
 [4.24088651e+01 4.45398940e-04]
 [9.44555555e+00 2.43001305e-03]
 [1.79856082e+01 1.12555469e-03]
 [8.51470607e+00 2.64278305e-03]
 [1.05592138e+01 2.01546474e-03]
 [1.39444323e+01 1.55280684e-03]
 [7.65584093e+00 2.88309719e-03]
 [3.94823970e+01 4.48932941e-04]
 [1.39758834e+01 1.40456671e-03]
 [1.10623857e+01 1.90139591e-03]
 [5.19374833e+00 1.37495786e-02]]
