[[1.45988514e+01 1.87473437e-03]
 [4.86621314e+00 6.48194950e-03]
 [5.84779630e+01 5.05021991e-04]
 [3.18032647e+01 6.57607673e-04]
 [2.23930593e+01 9.50885037e-04]
 [1.38583616e+01 1.92456864e-03]
 [1.62072948e+01 1.34727829e-03]
 [4.00647773e+01 5.37592775e-04]
 [3.50815653e+01 6.05456647e-04]
 [1.27475387e+01 2.11787929e-03]
 [3.19571712e+01 6.22908639e-04]
 [1.63301026e+02 4.71792157e-04]
 [1.59584747e+01 1.56398989e-03]
 [8.18355418e+00 2.79476072e-03]
 [4.56770476e+01 5.12841331e-04]
 [5.55909445e+00 5.56176102e-03]
 [6.67059997e+00 4.38164554e-03]
 [2.58767742e+01 9.44185254e-04]
 [3.72223851e+01 5.71815851e-04]
 [2.69194336e+01 6.80923635e-04]
 [1.06769903e+01 2.66381496e-03]
 [2.06942905e+01 1.31450246e-03]]
