[[3.60699608e+01 1.65566552e+01]
 [7.76812641e+00 3.22621992e+01]
 [2.61940879e+01 2.05456462e+01]
 [3.44753316e+01 1.71025222e+01]
 [3.38364045e+00 3.78835185e+01]
 [7.01718697e+00 3.32064912e+01]
 [2.06701379e+01 2.30235463e+01]
 [8.35413583e+01 6.42080819e+00]
 [6.42545421e-02 4.82357273e+01]
 [5.60857909e+01 1.11194220e+01]
 [6.81555654e+01 8.66305532e+00]
 [8.89085385e-01 4.35860832e+01]
 [6.14466549e-01 4.47011988e+01]
 [1.45298019e+01 2.68269711e+01]
 [5.83176055e+01 1.06016468e+01]
 [7.04643053e+01 8.30666886e+00]
 [7.07409588e+00 3.29968040e+01]
 [6.16784942e+01 9.95395502e+00]
 [2.05528226e+01 2.32543913e+01]
 [1.04976551e+01 2.98948891e+01]
 [5.10129214e+01 1.23026655e+01]
 [4.83307391e+01 1.30055861e+01]
 [1.04383508e+01 3.05546152e+01]
 [3.09838326e+01 1.84529702e+01]
 [9.65869014e+01 5.29510110e+00]
 [8.61160919e+00 3.19010647e+01]
 [7.47103428e+00 3.27839613e+01]
 [1.93888691e-01 4.71300901e+01]
 [3.56757064e+01 1.67682477e+01]
 [1.17329489e+02 4.34324222e+00]
 [4.66951383e+00 3.58988353e+01]
 [5.69893656e+01 1.08917859e+01]
 [6.83382844e+01 8.64617576e+00]
 [2.13531304e+01 2.26859973e+01]
 [5.00504672e+01 1.25116603e+01]
 [4.03239394e+00 3.69383522e+01]
 [2.38404433e+01 2.15314788e+01]
 [4.75859928e+01 1.32989730e+01]
 [3.69837635e+01 1.63225093e+01]
 [8.64919865e+01 6.15676129e+00]
 [3.36542071e+01 1.74010150e+01]
 [3.20537255e+00 3.81544643e+01]
 [4.94481916e+00 3.56141364e+01]
 [6.48609556e+01 9.26874806e+00]
 [5.05834735e+01 1.23675360e+01]
 [3.43372301e+01 1.71514592e+01]
 [5.01455835e+01 1.24796289e+01]
 [6.33070848e+01 9.61319687e+00]
 [5.40210633e+01 1.15365319e+01]
 [1.10958087e+01 2.96911065e+01]
 [6.83013424e+00 3.33587758e+01]
 [6.43486652e+01 9.37801384e+00]
 [1.71358718e+00 4.17938033e+01]
 [1.20306667e+01 2.85309140e+01]
 [7.44505565e+01 7.63696884e+00]
 [5.89411434e+01 1.05818184e+01]
 [4.67329773e+01 1.33736789e+01]
 [3.01727971e+01 1.87087766e+01]
 [1.34130912e+00 4.22112876e+01]
 [2.15113580e+01 2.25891640e+01]
 [3.35921562e-01 4.59875418e+01]
 [5.79757966e+01 1.06536827e+01]
 [4.76391019e+01 1.32669915e+01]
 [2.15758789e+01 2.25489721e+01]
 [2.66596827e+01 2.02184574e+01]
 [7.79711709e+00 3.22085453e+01]
 [6.96871304e+01 8.40558730e+00]
 [2.47211051e+01 2.10275627e+01]
 [3.79945778e+01 1.59323796e+01]
 [8.62804999e+00 3.15900942e+01]
 [1.31969028e+01 2.76972815e+01]
 [4.52728522e+01 1.39555049e+01]
 [2.76770048e+01 1.99347921e+01]
 [1.05494764e+01 2.98658082e+01]
 [2.77386830e+00 3.89277638e+01]
 [4.67663491e+01 1.33526234e+01]
 [4.21620745e+01 1.46265005e+01]
 [3.75361146e+00 3.72747338e+01]
 [6.96135576e+01 8.42397176e+00]
 [3.26021873e+01 1.77876950e+01]
 [3.47794367e+01 1.70499465e+01]
 [4.83814342e+01 1.30024856e+01]
 [8.10293547e+01 7.21320517e+00]
 [5.02301264e+00 3.54084517e+01]
 [6.13833702e+01 9.97791261e+00]
 [5.38640242e-01 4.50223423e+01]
 [2.72295533e+00 3.93442896e+01]
 [1.42467004e+01 2.68947445e+01]
 [6.92325365e+01 8.49477611e+00]
 [8.81134111e+01 5.98529863e+00]
 [5.49905314e+01 1.13499967e+01]
 [6.04516929e+01 1.02225977e+01]
 [6.87927096e+01 8.54977191e+00]
 [6.57354466e+00 3.38119422e+01]
 [5.17529774e+01 1.21100685e+01]
 [5.35641528e+01 1.16433819e+01]
 [1.57376948e+01 2.59440669e+01]
 [1.03875595e+02 4.86262223e+00]
 [1.20873774e+02 4.18087913e+00]
 [4.66785343e+00 3.59984772e+01]
 [4.96009408e+01 1.26006371e+01]
 [6.03489679e+01 1.02806081e+01]
 [4.77248378e+01 1.32608056e+01]
 [4.46871944e+00 3.61864287e+01]
 [4.25481013e+01 1.45160109e+01]
 [2.28179245e+01 2.19280738e+01]
 [8.64999550e+01 6.15539076e+00]
 [3.32621271e+01 1.75398079e+01]
 [8.42206378e+01 6.38211957e+00]
 [9.92017082e+01 5.14794842e+00]
 [5.14142188e+01 1.22997822e+01]
 [4.41533221e+01 1.41167929e+01]
 [3.91555247e+01 1.55442949e+01]
 [6.73355161e+01 8.82013228e+00]
 [3.20153365e+01 1.79943459e+01]
 [6.84910520e+00 3.32373997e+01]
 [4.40791767e+01 1.42005142e+01]
 [7.07455473e+01 8.25376638e+00]
 [4.54317578e+01 1.37169745e+01]
 [5.83010324e+00 3.46544687e+01]
 [5.33756598e+01 1.18731127e+01]
 [5.57909812e+01 1.11361907e+01]
 [5.95173783e+01 1.03285338e+01]
 [3.12498148e+01 1.82885132e+01]
 [1.01191631e+02 5.10071348e+00]
 [4.08354012e+01 1.50241808e+01]
 [2.81848588e+01 1.95246798e+01]
 [5.66679698e+01 1.09888613e+01]
 [2.56770473e+01 2.09050582e+01]
 [1.62077436e+01 2.57868011e+01]
 [3.99295924e+00 3.72733527e+01]
 [2.81742699e+01 1.96297280e+01]
 [2.35810823e+01 2.17008557e+01]
 [8.25667474e+01 6.57937997e+00]
 [4.66924506e+01 1.36567469e+01]
 [9.64686912e+01 5.37372588e+00]
 [3.03315432e+01 1.86742349e+01]
 [4.82012356e+01 1.31630131e+01]
 [5.56340400e+01 1.11803028e+01]
 [6.85045523e+01 8.60124288e+00]
 [5.21494711e+01 1.19785457e+01]
 [3.51955841e+01 1.68776282e+01]
 [1.68887818e+01 2.53353640e+01]
 [7.83543028e+00 3.21947128e+01]
 [4.04699421e+01 1.51745520e+01]
 [5.48297666e+01 1.13939210e+01]
 [2.84112703e+01 1.94413878e+01]
 [6.30874638e+00 3.38535376e+01]
 [1.93294879e+01 2.37560543e+01]
 [8.25100580e+01 6.68335932e+00]
 [1.25416163e+01 2.80978037e+01]
 [2.77110557e+01 1.97847819e+01]
 [1.76749263e+01 2.47215842e+01]
 [4.45401913e+01 1.40458201e+01]
 [2.15859519e+00 4.03220185e+01]
 [4.33077525e+00 3.64053354e+01]
 [6.79684801e+01 8.69735438e+00]
 [4.12864656e+01 1.48889981e+01]
 [5.71054977e+01 1.08839807e+01]
 [3.34750981e+01 1.74689160e+01]
 [7.51091253e+01 7.52318808e+00]
 [5.58918568e+00 3.50321189e+01]
 [1.36365828e+01 2.75922819e+01]
 [5.65811407e+01 1.09994917e+01]
 [1.62448688e+01 2.55721585e+01]
 [8.64863941e-01 4.36828538e+01]
 [3.94923277e-01 4.57602606e+01]
 [9.77357670e+00 3.05741582e+01]
 [5.06047645e+01 1.23509752e+01]
 [3.61707599e+01 1.65279866e+01]
 [2.58067776e+01 2.05549923e+01]
 [1.53119993e+01 2.63688349e+01]
 [4.17415745e+01 1.48228318e+01]
 [1.60310161e+00 4.21597809e+01]
 [7.11557636e+01 8.14188931e+00]
 [2.96954162e+01 1.90210753e+01]
 [3.86852142e+01 1.56927220e+01]
 [7.29960600e+01 8.06685521e+00]
 [1.76423274e+01 2.50454963e+01]
 [5.81938262e+00 3.48936344e+01]
 [7.42096702e+01 7.89497721e+00]
 [1.38685884e+01 2.71756580e+01]
 [4.05960166e+01 1.51218650e+01]
 [8.26343280e+01 6.55781875e+00]
 [1.20480218e+02 4.24733159e+00]
 [8.10689233e+01 7.18480398e+00]
 [1.30668025e+01 2.77303230e+01]
 [4.30181489e+01 1.44530882e+01]
 [1.27800055e+01 2.79214963e+01]
 [7.29316851e+01 8.08494495e+00]
 [3.12601406e+00 3.82993208e+01]
 [3.71711063e+01 1.62362932e+01]
 [9.80922792e+01 5.24201112e+00]
 [3.14928829e+01 1.81965507e+01]
 [4.91463267e+01 1.27630179e+01]
 [5.83448207e+00 3.46500445e+01]
 [3.96798178e+01 1.54025268e+01]
 [1.58119910e+01 2.58761555e+01]
 [8.93112422e+01 5.87501712e+00]
 [1.07088257e+02 4.74663407e+00]
 [3.61379759e+01 1.65343518e+01]
 [6.94041708e+01 8.46276263e+00]
 [1.29532669e+02 4.07160939e+00]
 [1.61219722e+00 4.20015988e+01]
 [3.35745632e+00 3.80305911e+01]
 [3.83023193e+01 1.58158478e+01]
 [9.30562920e+01 5.73671749e+00]
 [7.61880093e+00 3.23870393e+01]
 [9.12015764e+00 3.09278629e+01]
 [5.16031646e+00 3.52933534e+01]
 [2.92865460e+00 3.86379698e+01]
 [1.08951658e+02 4.73184248e+00]
 [6.55334329e+01 9.23536439e+00]
 [1.20252545e+02 4.28619281e+00]
 [6.19232346e+01 9.86393697e+00]
 [2.40452409e+01 2.14141669e+01]
 [3.10436670e+01 1.83658647e+01]
 [5.95004581e+00 3.42483297e+01]
 [9.57067553e+01 5.50868879e+00]
 [9.65960579e+01 5.27657341e+00]
 [1.96660743e+01 2.36077429e+01]
 [8.86857931e+00 3.11613294e+01]
 [6.48015760e+01 9.29643254e+00]
 [1.94197685e+00 4.06397181e+01]
 [5.91507137e+01 1.05081313e+01]
 [1.15197199e-01 4.80417261e+01]
 [2.93052483e+01 1.92937274e+01]
 [3.33139092e+01 1.75160311e+01]
 [3.18802976e+01 1.80931754e+01]
 [8.14150903e+01 6.78248633e+00]
 [1.77676333e+00 4.17391150e+01]
 [1.56500911e+01 2.60489224e+01]
 [7.34614799e+01 7.98931591e+00]
 [2.49254371e+00 3.94720676e+01]
 [5.74709679e+01 1.07671284e+01]
 [7.95828225e-01 4.41340367e+01]
 [7.90723197e+01 7.27512219e+00]
 [4.61876664e-01 4.53224444e+01]
 [8.78119658e+00 3.12688543e+01]
 [1.69872155e+01 2.52646700e+01]
 [6.55836371e+01 9.13272976e+00]
 [9.39805569e+01 5.66948980e+00]
 [5.92954151e+01 1.03837519e+01]
 [1.16446362e+02 4.52838426e+00]
 [8.77908252e+01 6.06270012e+00]
 [8.56598907e+00 3.19555804e+01]
 [4.31744552e+01 1.43368861e+01]
 [1.87754595e+01 2.40633848e+01]
 [1.98574707e+01 2.34579900e+01]
 [2.19375350e+01 2.23792122e+01]
 [4.34412977e+01 1.42553740e+01]
 [2.60579468e+00 3.93715988e+01]]
