[[4.87026328 2.98129341]
 [0.04693746 0.03913211]
 [4.6980316  2.99916881]
 [4.41380909 2.9923506 ]
 [4.13825855 2.97376015]
 [4.52904748 2.99159717]
 [3.99825347 2.98974824]
 [0.47363276 0.39322619]
 [4.29425602 2.99585835]
 [0.59672624 0.41140725]
 [3.78482955 2.99785704]
 [4.23230512 2.95549918]
 [4.52904748 2.96986554]
 [3.91374707 2.97141535]
 [3.63003102 2.99956062]
 [3.29926229 2.99842279]
 [1.17857323 1.15934921]
 [2.08114015 2.01760267]
 [2.08511002 1.92914509]
 [1.2294943  1.17567924]
 [1.76985509 1.82643549]
 [1.02429904 0.76870927]
 [2.50970419 2.4412138 ]
 [3.73199399 2.97956901]
 [3.42666068 2.91438442]
 [1.92991056 1.73290271]
 [3.03339097 2.73249166]
 [3.77724573 2.99420585]
 [1.05814058 0.79663998]
 [1.41131806 1.24075925]
 [3.5810603  2.99124366]
 [2.52809759 2.57446125]
 [0.29009461 0.17699953]
 [2.81428552 2.90078088]
 [3.68028225 2.99611834]
 [2.50423674 2.63435231]
 [0.4460795  0.40560539]
 [2.32500741 2.84264682]
 [0.89898637 0.8274126 ]
 [2.62463905 2.2537775 ]
 [3.31887899 2.77519958]
 [2.09042274 2.20879981]
 [1.20015701 0.8344641 ]
 [1.2294943  1.28010303]
 [1.71451065 2.08133589]
 [0.28612201 0.30114607]
 [0.25737528 0.10059447]
 [2.08511002 2.16097348]
 [0.32743889 0.39404503]
 [0.09166321 0.20017499]
 [0.22716758 0.28541033]
 [3.25533077 2.99842279]
 [3.96403871 2.98448133]
 [0.86533089 0.89285697]
 [2.19063346 2.24843221]
 [0.66517211 0.57300038]
 [0.1596716  0.06623916]
 [0.5723694  0.48417762]
 [0.70193469 0.59430447]
 [1.533032   1.17703785]
 [1.91871751 1.91290443]
 [3.00458585 2.99999955]
 [1.45182604 1.84360787]
 [0.29958845 0.36403037]
 [1.22934382 1.37850794]
 [1.20598662 1.09886081]
 [2.47522828 2.590818  ]
 [4.25483903 2.96228168]
 [3.23153479 2.97141535]
 [1.39996465 1.47109196]
 [0.80485718 1.29352559]
 [0.29792854 0.48848113]
 [1.533032   1.44911266]
 [1.5938676  1.33783481]
 [1.65721576 2.21793864]
 [0.67045791 0.42901748]
 [0.89475099 0.69005598]
 [1.95003857 1.457972  ]
 [3.52578809 2.95716613]
 [1.20355001 0.93534947]
 [2.69131828 2.68411768]
 [3.304438   2.93335428]
 [1.82152563 1.68074737]
 [2.94978959 2.64063814]
 [2.4624684  2.36948241]
 [1.34003413 1.09487572]
 [0.86346746 0.81747543]
 [2.58633799 2.74921756]
 [2.33450188 2.19027363]
 [2.59505814 2.31265173]
 [3.29379784 2.82468058]
 [1.3649768  1.40064007]
 [3.03791371 2.99979112]
 [3.45448459 2.99196855]
 [2.08492215 2.11262338]
 [1.73951009 1.97545116]
 [3.42006907 2.98074656]
 [1.24227398 1.31669561]
 [2.95662026 2.99276556]
 [2.76410989 2.52609268]
 [2.31095098 2.34112404]
 [3.45618699 2.98074656]
 [2.0794406  1.83738869]
 [2.76410989 2.44183446]
 [2.07924359 1.8500552 ]
 [2.9100709  2.88110277]
 [1.47502246 1.4411691 ]
 [3.05965155 2.99723604]
 [1.2821914  1.17919652]
 [0.17720657 0.07863296]
 [2.76520314 2.74773971]
 [0.78098698 0.78007104]
 [2.95721166 2.93107077]
 [1.66744952 2.18740599]
 [1.98916581 1.97814579]
 [3.1600634  2.98699494]
 [1.83461842 1.92914509]
 [2.71125245 2.98448133]
 [1.73951009 2.00887389]
 [1.38739103 1.63203527]
 [0.68067651 0.76797042]
 [1.83724485 1.62085153]
 [0.99740939 0.91685578]
 [2.24959636 2.24772879]
 [0.73037737 0.67722002]
 [1.38468837 1.30312403]
 [2.69131828 2.63334362]
 [3.91716283 2.99420585]
 [2.63117606 2.93303042]
 [0.29009461 0.07639938]
 [2.17973797 1.97814579]
 [1.99728094 1.55878263]
 [3.51720418 2.98017767]
 [1.13942301 1.34721212]
 [2.75200953 2.23600329]
 [2.73069062 2.92417742]
 [0.43741105 0.68192921]
 [2.24959636 2.76052468]
 [0.09940067 0.07863296]
 [0.05438752 0.07863296]
 [2.78508676 2.46370657]
 [0.29009461 0.13701456]
 [1.903866   1.6190193 ]
 [1.40991463 1.71769808]
 [3.39676396 2.97541052]
 [1.0684999  0.87113635]
 [2.87079029 2.79900978]
 [0.28481952 0.1257943 ]
 [1.94882701 2.17628839]
 [3.56812338 2.99311885]
 [0.99284944 1.28010303]
 [2.69131828 2.74554188]
 [2.86933499 2.40332216]
 [0.22275939 0.32248239]
 [1.69354013 1.57168841]
 [0.10134739 0.08336822]
 [0.99612798 1.21983076]
 [2.26740396 2.06331457]
 [1.533032   1.89939623]
 [4.25277099 2.9892886 ]
 [1.70965387 1.61756459]
 [2.96834853 2.88524506]
 [2.2685294  2.20879981]
 [1.06091688 1.10102848]
 [3.71365737 2.9802574 ]
 [1.49746543 1.60365671]
 [3.29926229 2.88260505]
 [3.28064056 2.8838214 ]
 [1.37338492 1.46043103]
 [2.17056114 2.62011083]
 [0.85342777 1.14625074]
 [2.35126526 2.35447894]
 [0.64194651 0.98274363]
 [2.16838174 2.42208159]
 [0.8687591  0.79695937]
 [0.64194651 0.97932099]
 [1.29849197 0.7712079 ]
 [2.23951986 2.17628839]
 [1.42788141 1.76050002]
 [1.03954483 1.20587612]
 [1.61163464 1.76443652]
 [0.55671902 0.475119  ]
 [3.55268945 2.9802574 ]
 [2.42866948 2.19027363]
 [2.76524801 2.64022186]
 [2.78506263 2.75174493]
 [1.95003857 1.6189285 ]
 [1.60747916 1.64729227]
 [0.81498408 0.68965627]
 [2.30672582 2.2425879 ]
 [2.87079029 2.75580533]
 [3.08389179 2.84704896]
 [1.51300764 1.34131464]
 [4.29425602 2.98897592]
 [0.9232518  1.25786735]
 [0.02407347 0.07863296]
 [1.63322451 1.58117431]
 [3.00662093 2.90879168]
 [0.96356056 0.92614171]
 [2.29814099 2.05659917]
 [0.62911876 0.55553452]
 [2.97973209 2.99998759]
 [1.59136921 1.76443652]
 [2.31095098 2.36561936]
 [3.57088265 2.95350672]
 [2.31095098 2.31653409]
 [0.65471593 0.57300038]
 [2.09597257 2.0556585 ]
 [0.70193469 0.6656354 ]
 [2.63857323 2.85111415]
 [2.35126526 2.37164564]
 [0.67769713 0.47218696]
 [4.26584048 2.99156548]
 [2.15331098 2.16097348]
 [2.47522828 2.75674477]
 [0.33499747 0.28537215]
 [2.52809759 2.51070974]
 [3.97195119 2.99524337]
 [0.73550772 0.79695937]
 [0.88098128 0.99619072]
 [0.64064091 0.67978522]
 [2.84202841 2.77510293]
 [0.93130106 1.06313304]
 [1.52305956 1.52835045]
 [1.53207013 1.61464462]
 [2.9100709  2.63649595]
 [2.83850921 2.63554186]
 [2.38245718 2.36948241]
 [2.45109013 2.23260058]
 [2.31095098 2.42640872]
 [2.60704463 2.29140528]
 [0.34815857 0.40560539]
 [0.25421335 0.28541033]
 [2.96716225 2.93221184]
 [2.15043057 2.21469674]
 [0.31359598 0.42248119]
 [0.27309509 0.4949569 ]
 [2.60848887 2.43614231]
 [1.77276331 1.56652442]
 [1.68083799 1.54696417]
 [2.51894099 2.25639343]
 [1.73717633 1.95978428]
 [0.60270488 0.78503474]
 [2.08114015 2.02753987]
 [0.3211609  0.32248239]
 [2.12614434 2.43287811]
 [1.5925172  1.4823906 ]
 [2.18666512 2.19748446]
 [2.44914337 2.76870732]
 [2.98126395 2.99976395]
 [0.05438752 0.072286  ]
 [0.93130106 1.03668218]
 [0.77315819 1.2993816 ]
 [2.50423674 2.31017908]
 [1.49969595 1.50274753]
 [0.09940067 0.18220578]
 [0.47301089 0.69042771]
 [1.49974092 1.58823225]
 [0.73396187 0.79289245]
 [2.88671952 2.92690427]
 [2.21893779 2.54609122]
 [1.34837233 1.24075925]
 [1.93403674 2.27368625]
 [1.84294828 2.16097348]
 [2.76410989 2.68908252]
 [3.91716283 2.9902087 ]
 [2.24093627 2.16097348]
 [1.26822982 1.31372581]
 [1.02444663 0.93680951]
 [1.92991056 1.74854726]
 [3.981985   2.99524337]
 [2.83318756 2.99026028]
 [0.72779116 0.47319021]
 [1.83724485 1.61651953]
 [1.52305956 1.65247017]
 [1.45013981 1.25074758]
 [1.49752397 1.31546829]
 [4.52904748 2.97829886]
 [2.7547411  2.23600329]
 [1.4453191  1.61464462]]
