[[4.70830231 1.03472184 4.28516452 0.47775647 4.93203023 5.82240877]
 [4.41319536 1.03325273 1.6083775  0.15913313 4.53191121 2.06670919]
 [0.54158017 1.58384582 1.57769191 0.80318374 1.25950834 1.17928085]
 [0.5301668  1.75816961 3.03653733 0.98511052 1.34105537 2.40116139]
 [3.43034263 0.7800198  2.57866002 0.47775647 1.20293811 1.3637536 ]
 [3.82358325 1.44103552 1.66700658 0.74388085 1.25679351 1.07496667]
 [4.49569471 1.04273383 1.57769191 1.42138511 4.73505952 5.88468813]
 [3.43034263 0.7800198  2.6764869  0.48361805 1.0261568  1.36660223]
 [4.41319536 1.03459296 1.36413729 0.15913313 4.53191121 2.06670919]
 [4.08923625 0.78201363 2.48053038 0.47775647 1.15982041 2.11712968]]
