[[0.57438442 1.75812702 9.99935722 4.99921163]
 [0.47246427 2.87811643 8.00143156 0.64240029]
 [0.47512788 2.92862169 9.0975024  0.56667681]
 [0.47248416 2.92862169 8.07799651 0.63914553]
 [0.46949835 2.92777315 9.88398494 0.52873672]
 [0.47108218 2.87567667 9.99779543 0.5369868 ]
 [0.57214362 1.74945121 9.99576    0.65810677]
 [0.72882075 1.77597901 9.56144723 4.08202973]
 [0.8712065  1.78010848 9.96644381 3.5630939 ]
 [0.87152202 1.40397284 9.96614214 4.15407773]
 [0.46552245 2.43076219 9.97463827 4.18537879]
 [0.95911916 0.96228256 9.99935722 1.73073952]
 [1.01545862 0.97151083 9.96469929 2.60857703]
 [0.57214362 1.71565774 9.99862644 1.62843298]
 [0.70409903 1.42105609 9.90586637 4.89261909]
 [0.70660682 1.40372079 9.92691168 3.02933366]
 [0.57214338 1.71565774 9.99989689 1.81854731]
 [0.60939884 1.77861412 9.87254224 1.10247116]
 [0.57214362 1.71565774 9.99862644 0.77234563]
 [0.48990624 2.78025624 9.965513   2.67529948]
 [0.51814069 2.08906178 9.85162195 3.38692187]
 [0.44106557 2.36688462 9.97503151 0.72924749]
 [0.57214362 1.74945121 9.87010695 1.1944769 ]
 [0.46552245 2.43076219 9.97463827 2.63987851]
 [0.70643708 1.40095375 9.90674163 1.37677815]
 [0.57214258 1.71565774 9.99383728 4.89261909]
 [0.61286694 1.77597901 9.90668144 3.60471335]
 [0.572157   2.11515298 9.99864723 3.36639012]
 [0.69163037 1.71511357 9.91248363 0.80747569]
 [0.72466085 1.77456345 9.79610841 4.08174317]
 [0.57214362 1.72964155 9.99827853 0.96520851]
 [0.66648447 2.07882548 9.99974092 0.88272354]
 [0.56560497 1.75912011 9.99872197 3.2235671 ]
 [1.1509057  0.76961116 9.99935722 1.42413696]
 [0.70643708 1.40095375 9.96796164 4.71575186]
 [0.57270635 1.71847971 9.95975182 3.07423144]
 [0.58932115 1.75421689 9.99935722 1.52613085]
 [0.57101048 2.12471655 9.99378224 0.69922541]
 [0.70970161 1.40089882 9.99415342 1.470452  ]
 [0.71484624 1.8381034  9.98402799 4.42131425]
 [0.60432134 1.71062743 9.87079196 3.18177133]
 [0.72882075 1.77846971 9.99263779 0.81895594]
 [0.70643708 1.86731364 9.96469929 4.35132114]
 [0.65458541 1.74945121 9.99898673 1.1944769 ]
 [0.46951823 2.92862169 9.99745064 0.52548196]
 [0.57214362 2.27234006 9.99827853 2.13516978]
 [0.70643708 1.40095375 9.96796164 1.28279814]
 [0.57214362 1.71316073 9.99999873 2.33666184]
 [0.56425824 1.85757128 9.99879125 1.87475853]
 [0.57214362 1.72944129 9.99827853 1.28578054]
 [0.56560497 1.85145207 9.99862644 2.00400203]
 [0.57216822 1.74950636 9.91548463 1.06431034]
 [0.60798352 1.71010415 9.87572687 1.00816473]
 [0.70082743 1.40095375 9.96791192 4.66986211]
 [0.57216686 1.73916483 9.91548463 0.69922541]
 [0.68834528 1.71609459 9.91601832 2.23601067]
 [0.57214362 1.71316704 9.99999873 2.1184428 ]
 [0.63008781 2.08714825 9.9926704  2.36986726]
 [0.62876981 1.55879627 9.97383896 2.12321869]
 [0.57212381 1.71565774 9.99935716 4.99759159]]
