[[1.86260211e-03 3.45560727e-03 1.79353495e+00]
 [5.41559379e-03 9.74740371e-03 2.27320880e+00]
 [3.66543097e-03 8.62346253e-03 2.38535544e+00]
 [3.81016124e-03 7.49858311e-03 2.02228296e+00]
 [4.28768775e-03 8.24009870e-03 2.25299232e+00]
 [2.74119775e-03 5.60529991e-03 2.34345957e+00]
 [4.44117107e-03 8.28135361e-03 1.85269631e+00]
 [4.32981507e-03 9.09311989e-03 2.21095800e+00]
 [1.15103041e-03 2.27001165e-03 2.19196477e+00]
 [3.93884008e-03 6.88955048e-03 1.80800322e+00]
 [3.72748802e-03 7.10354578e-03 1.91128685e+00]
 [1.01581476e-03 2.25806922e-03 2.94264094e+00]
 [4.79737567e-03 9.46676679e-03 2.10686741e+00]
 [8.48018217e-04 2.02463036e-03 2.70847595e+00]
 [9.04097157e-04 1.28975984e-03 1.21052505e+00]
 [2.37214058e-03 5.39490891e-03 2.49856157e+00]
 [1.32906238e-03 2.83462432e-03 2.60128235e+00]
 [1.93864860e-03 4.95112363e-03 2.27024992e+00]
 [1.08067485e-03 1.91272052e-03 1.77409247e+00]
 [2.78504172e-03 6.14781891e-03 2.33033671e+00]
 [2.26789321e-03 4.08181403e-03 2.36612810e+00]
 [6.56219990e-04 1.80729214e-03 2.38861388e+00]
 [1.50739659e-03 2.43763977e-03 2.09336914e+00]
 [1.84748152e-03 4.30973654e-03 2.74649084e+00]
 [5.33403497e-03 9.63241565e-03 2.51810802e+00]
 [4.28335214e-03 9.35427012e-03 2.67768967e+00]
 [3.31014434e-03 6.59709804e-03 1.93308698e+00]
 [1.08979788e-03 1.25003404e-03 1.66936107e+00]
 [5.30428102e-03 9.63241565e-03 2.47560702e+00]
 [3.55039644e-03 6.73041054e-03 2.01088604e+00]
 [1.86501384e-03 3.67957213e-03 2.18058752e+00]
 [2.21849220e-03 5.24457496e-03 2.46653356e+00]
 [4.25440899e-03 8.24486073e-03 2.30063136e+00]
 [4.75810197e-03 9.65340784e-03 2.14778176e+00]
 [1.46301098e-03 2.83983225e-03 1.92676197e+00]
 [9.04097157e-04 1.31814647e-03 1.21052505e+00]
 [3.23020279e-03 5.22316456e-03 1.60772623e+00]
 [3.28240299e-03 5.97734791e-03 1.91643075e+00]
 [6.57481106e-03 9.93313958e-03 2.63670439e+00]
 [8.60522927e-04 1.99708781e-03 2.40418060e+00]
 [2.41926728e-03 4.23589913e-03 1.61728390e+00]
 [2.74119775e-03 5.60633569e-03 2.30158690e+00]
 [1.86155670e-03 4.70245703e-03 2.92415256e+00]
 [4.39168657e-03 8.07698409e-03 1.70706973e+00]
 [4.95497435e-03 9.23799724e-03 1.62310738e+00]
 [1.08067485e-03 1.91272052e-03 1.76845668e+00]
 [4.37941925e-03 9.30118911e-03 2.03502538e+00]
 [3.72748802e-03 7.09100560e-03 1.91128685e+00]
 [4.12278928e-03 9.52296684e-03 2.09366891e+00]
 [4.70944854e-04 1.04685457e-03 2.46472155e+00]
 [3.25718166e-03 5.28943905e-03 1.63787174e+00]
 [3.50705675e-03 5.86429421e-03 1.52146595e+00]
 [1.70422117e-03 3.32737366e-03 2.25183043e+00]
 [1.30999737e-03 2.76058470e-03 2.60128235e+00]
 [2.04994611e-03 3.98409864e-03 1.68669248e+00]
 [1.05762104e-03 2.25806922e-03 2.99187070e+00]
 [2.00046036e-03 5.24976864e-03 2.05569359e+00]
 [1.15103041e-03 2.27001165e-03 2.19073215e+00]
 [5.07928374e-03 9.95048973e-03 2.54904619e+00]
 [2.24629140e-03 4.95112363e-03 2.17312180e+00]
 [3.93097571e-03 7.90636994e-03 2.11977506e+00]
 [3.32926142e-03 5.46022612e-03 1.39389608e+00]
 [3.92564538e-03 8.28200259e-03 2.14814951e+00]
 [2.68877835e-03 4.82499896e-03 2.02264981e+00]
 [2.07179418e-03 3.23236454e-03 1.45156588e+00]]
