[[0.43379929 4.27441307 8.65190854 0.52291692]
 [1.49425896 1.09412815 9.37709581 4.04857475]
 [0.41348889 7.52476313 9.48727403 0.44416001]
 [0.27842329 4.7585914  9.76371526 1.55636897]
 [1.35467565 1.94960922 9.70171865 3.70960882]
 [0.6355194  3.78985996 9.09509548 1.55636897]
 [1.52433924 1.2262627  9.37709581 3.93532051]
 [0.70265399 2.10758182 9.44450667 2.93020997]
 [0.62832283 2.88991981 9.47120472 3.00520134]
 [1.06182442 1.40865759 9.9577523  4.1699114 ]
 [0.94643247 1.27914612 9.82763891 4.57948067]
 [1.48152976 1.09098893 9.46994584 2.48931953]
 [1.37648142 1.40659797 9.70171865 4.07451577]
 [0.69395804 4.02561339 9.34171745 1.91171457]
 [1.03900052 2.74366117 9.02295352 1.42672705]
 [0.73364588 3.34800958 9.29055349 2.14412394]
 [0.55031931 5.0862864  9.89001002 1.06126025]
 [0.86232822 4.27441307 9.92446026 4.69728484]
 [1.81725927 0.59950979 9.48732181 2.70969779]
 [3.67206612 0.41440832 9.82431786 4.64335094]
 [0.70499502 8.75733702 9.99075948 4.74004881]
 [0.47049546 4.25793616 9.97343418 4.4431502 ]
 [0.62107628 2.70606882 8.65190854 2.46546748]
 [0.29531573 6.22090373 8.80814459 1.08077535]
 [0.51529726 4.72524106 9.5914757  1.17632153]
 [0.40829879 7.63288597 9.52573379 0.44416001]
 [0.65462696 4.66137425 9.82763891 0.87636944]
 [1.37648142 1.40659797 9.70171865 4.04058764]
 [0.51529726 5.35277305 9.60975227 2.91464692]]
