[[0.07897092 0.00784091]
 [4.57650905 2.99488587]
 [4.19528626 2.99237973]
 [4.39129486 2.93335231]
 [4.42995328 2.99237973]
 [1.81450603 1.94826576]
 [3.74738651 2.99210232]
 [4.52904748 2.96986554]
 [0.91240115 1.24052258]
 [3.71541617 2.94114686]
 [4.02346205 2.95324497]
 [0.42522106 0.39946646]
 [1.44779354 1.55355136]
 [3.85926108 2.98817188]
 [0.02893022 0.31171761]
 [1.09290156 1.24052258]
 [4.40021414 2.99237973]
 [0.42522106 0.63819086]
 [0.19221259 0.24762556]
 [1.29849197 0.7712079 ]
 [1.08536797 0.57547936]
 [2.16312086 2.24449696]
 [2.54922971 2.45573407]
 [0.99284944 1.21432657]
 [2.353937   2.11452682]
 [3.30536382 2.96133939]
 [0.284822   0.68644101]
 [0.79647377 0.94381883]
 [2.26588117 2.6580542 ]
 [3.12213015 2.90663983]
 [1.9092041  1.92749734]
 [3.68167848 2.95333166]
 [3.5785091  2.99215201]
 [4.16598609 2.9930083 ]
 [4.07628852 2.98413571]
 [1.25948789 1.54422899]
 [4.02583453 2.99264094]
 [1.91717922 1.94495288]
 [1.21438007 1.53214757]
 [3.93308897 2.99488587]
 [3.8080994  2.99150249]
 [2.16312086 2.41083493]
 [4.39772543 2.93841879]
 [0.93130106 1.03668218]
 [1.46028362 1.37054188]
 [0.07822562 0.07863296]
 [3.1164175  2.87831561]
 [1.89983817 1.8099405 ]
 [1.5707639  1.4981713 ]
 [0.517306   0.68192921]
 [0.39504806 0.74570136]
 [4.14665951 2.96347093]
 [3.47379225 2.99430102]
 [0.42522106 0.47778965]
 [2.54922971 2.24449696]
 [2.78778142 2.81434463]
 [3.40701131 2.9719673 ]
 [2.30945287 2.53617241]
 [2.06384002 2.10329467]
 [0.09166321 0.20017499]
 [2.0726941  1.848274  ]
 [2.82275787 2.82633651]
 [2.2808155  2.0100528 ]
 [1.02786768 1.35026024]
 [3.29590617 2.9930083 ]
 [2.22090131 2.16097348]
 [2.7307107  2.63458104]
 [1.32834497 1.55355136]
 [3.29152332 2.9186698 ]
 [2.26588117 2.2529825 ]
 [1.20408161 1.26660565]
 [3.42747372 2.98817188]
 [1.9742524  2.24081549]
 [3.29072766 2.77515462]
 [0.67845747 0.59931228]
 [1.03150114 1.21796551]
 [2.32500741 2.44138051]
 [1.57324786 1.68584903]
 [2.5367088  2.53894393]
 [2.30047214 2.42448919]
 [1.61850743 1.69697787]
 [0.99284944 1.28010303]
 [4.55811716 2.98716148]
 [1.18315779 1.24290879]
 [3.51991309 2.98887415]
 [1.18355969 0.81218253]
 [3.38846017 2.93438016]
 [0.4299891  0.31748585]
 [2.02743924 1.6164502 ]
 [0.48410484 0.22197533]
 [1.74467897 1.82364018]
 [4.12715989 2.9930083 ]
 [2.0348394  2.301527  ]
 [0.43741105 0.68192921]
 [4.53166234 2.99237973]
 [2.20280517 2.42208159]
 [2.11745579 1.84123874]
 [1.23866451 0.78651925]
 [1.75234569 1.74228864]
 [0.83429371 0.66744689]
 [2.75521881 2.41113556]
 [0.47541627 0.47347719]
 [2.62335155 2.85360195]
 [2.59439624 2.85419993]
 [4.06284288 2.98192783]
 [3.58737509 2.95064239]
 [3.76851067 2.99967024]
 [0.36382491 0.71547924]
 [2.88667992 2.63649595]
 [3.19493582 2.92380835]
 [0.51613003 0.71197904]
 [3.19264592 2.98959261]
 [3.91374707 2.97141535]
 [1.04931505 0.73677173]
 [3.01461515 2.89502987]
 [0.96243646 0.95534107]
 [1.84487922 1.76050002]
 [0.49371701 0.83087196]
 [0.30840315 0.16799502]
 [2.56360832 2.5716156 ]
 [2.18969123 1.89978986]
 [1.74259407 1.71799689]
 [3.04979727 2.83333383]
 [0.68891787 0.6829083 ]
 [0.21250162 0.29402927]
 [0.14623543 0.05283266]
 [0.48848488 0.29210215]
 [2.09238056 2.25298194]
 [0.67031877 0.74486862]
 [1.37893277 1.58393695]
 [0.73396187 0.84943429]
 [2.54029387 2.66517099]
 [0.0786625  0.16582022]
 [1.09937644 1.38966635]
 [3.15537884 2.98940646]
 [0.96243646 0.79663998]
 [2.95628231 2.91149553]
 [0.22114593 0.10025718]
 [2.79035752 2.99967862]
 [3.10812303 2.85437382]
 [1.30043753 0.74885336]
 [2.9100709  2.63649595]
 [1.3611946  1.34834036]
 [0.36402167 0.24762556]
 [1.20408161 1.31279394]
 [1.75234569 1.67023746]
 [2.85357926 2.83951699]
 [1.91558481 1.6993562 ]
 [2.59413393 2.71617696]
 [0.4643911  0.43986986]
 [2.08671329 1.89592664]
 [2.16653234 1.89497047]
 [1.36346926 1.27999692]
 [2.30047214 2.40940053]
 [0.284145   0.28366757]
 [1.67346783 1.55355136]
 [0.73396187 0.79289245]
 [1.63322451 1.68584903]
 [3.03485068 2.73023507]
 [0.73711375 0.73195683]
 [1.61850743 1.73710782]
 [1.35870561 1.23413926]
 [0.64608041 0.73195683]
 [0.86674516 0.73766371]
 [3.45448459 2.99278623]
 [3.1276169  2.9719673 ]
 [0.07822562 0.16192843]
 [1.45155057 1.6840774 ]
 [2.16500727 1.88492711]
 [0.37536218 0.21555113]
 [2.28321175 1.98977155]
 [1.60870103 1.55355136]
 [3.36918429 2.98772391]
 [2.39937159 2.25298194]
 [2.61749144 2.81248694]
 [1.32431843 1.40069156]
 [2.27194509 2.41457664]
 [3.78786374 2.99483436]
 [1.31676953 1.21837368]
 [2.62974146 2.47204091]
 [0.85444363 0.95753923]
 [0.93252099 0.95753923]
 [0.34110462 0.29938656]
 [2.56917968 2.47680461]
 [3.4414666  2.99215675]
 [2.75521881 2.9604715 ]
 [2.23690248 2.3633489 ]
 [3.52442838 2.99430102]
 [1.34130987 1.33422436]
 [1.05814058 0.79663998]
 [2.74352548 2.65158952]
 [2.71736374 2.6974869 ]
 [1.4276085  1.52762916]
 [2.98524842 2.82085107]
 [0.84631373 0.70188634]
 [2.58633799 2.74921756]
 [0.4299891  0.2529835 ]
 [2.97506274 2.84704896]
 [0.89644281 0.74355029]
 [0.21250162 0.31712875]
 [2.92005566 2.66562151]
 [2.07924359 1.8500552 ]
 [3.29152332 2.91783668]
 [2.85357926 2.99026028]
 [0.22275939 0.32248239]
 [1.87314085 1.50885843]
 [1.7764277  1.89592664]
 [1.30371501 1.37670831]
 [2.64122088 2.61549002]
 [3.92015305 2.99488587]
 [3.19550466 2.88755017]
 [2.30945287 2.57480256]
 [2.17707736 2.31512484]
 [0.16554464 0.28620045]
 [1.70242314 1.55211645]
 [1.37349434 1.23793282]
 [0.88098128 0.99619072]
 [2.83960811 2.83826686]
 [1.45155057 1.7223647 ]
 [3.90661894 2.99377298]
 [3.57433587 2.98821505]
 [3.10812303 2.84704896]
 [2.05540262 2.17121047]
 [2.54922971 2.23100351]
 [2.09597257 1.92868595]
 [1.86637884 1.52941838]
 [1.29108237 1.27953792]
 [0.31828919 0.45421397]
 [1.42418044 1.50366255]
 [2.16044406 2.09448622]
 [2.77348334 2.98010061]
 [2.83551664 2.66562151]
 [2.08511002 2.16097348]
 [1.65420605 1.70476367]
 [2.09597257 2.0556585 ]
 [2.55042876 2.31388306]
 [2.0925096  2.03673471]
 [1.5958211  1.52686091]
 [2.56360832 2.6670624 ]
 [1.18315779 1.21894783]
 [2.61783235 2.61403764]
 [1.40221911 1.50366255]
 [2.54987536 2.78272693]
 [1.63322451 1.58117431]
 [2.97289044 2.96309595]
 [2.66082093 2.63458104]
 [2.16838174 2.42208159]
 [1.76396353 1.7668754 ]
 [0.64763719 0.81037196]
 [2.41867245 2.59345259]
 [0.71711524 0.50465889]
 [2.54553175 2.57913344]
 [2.16838174 2.50342162]
 [0.91550158 0.92377957]
 [3.68167848 2.95872874]
 [1.6223976  1.92524397]
 [3.19372459 2.9736428 ]
 [1.91717922 1.9279648 ]
 [0.96243646 0.95465682]
 [2.70598792 2.79129327]]
