[[0.62822678 4.53414591 9.09509548 1.55636897]
 [1.36438273 0.93245491 8.65502654 2.30850721]
 [1.68005678 1.30700616 9.63388057 2.58191717]
 [0.68705545 2.16016436 7.48043347 2.09160731]
 [0.67467913 2.1601477  7.48043347 2.00199923]
 [0.35731669 4.529977   9.81580264 1.83659903]
 [1.68005678 1.20680122 9.91371308 2.3401666 ]
 [0.43770328 4.27441307 9.09692867 0.52291692]
 [0.67599406 3.75705926 8.75778232 1.56031836]
 [1.60441145 1.30700616 9.95488279 3.96554589]
 [0.64738138 3.94984669 9.6322945  4.8657214 ]
 [0.90971714 2.0282948  9.31054829 2.94715368]
 [0.43770328 4.27441307 9.34305271 0.52291692]
 [1.08943483 4.35037415 9.90082832 4.96007928]
 [0.38296106 4.529977   9.81580264 2.66457159]
 [1.3326979  1.52061702 9.2025144  2.38917224]
 [0.33801811 4.27441307 9.53329897 4.85177808]
 [1.15619506 1.2214142  9.713693   4.25406516]
 [0.82642667 1.38192133 9.48907091 3.74195519]
 [0.43379929 4.22417272 8.67999997 0.52291692]
 [1.44369771 0.6967306  9.37709581 4.34478533]
 [1.53298412 0.72060225 8.96118589 2.78440606]
 [0.79479389 2.81895244 7.47260563 1.70517533]
 [1.34909259 1.19440359 6.37418156 2.0259439 ]]
