[[1.45988514e+01 1.87473437e-03]
 [4.86621314e+00 6.48194950e-03]
 [5.84779630e+01 5.05021991e-04]
 [1.62713356e+01 1.46668769e-03]
 [2.23930593e+01 9.50885037e-04]
 [7.20040040e+00 4.08484186e-03]
 [9.98751602e+00 3.45978479e-03]
 [2.92348685e+01 6.42404522e-04]
 [2.62915081e+01 9.37713985e-04]
 [1.02798293e+01 2.58951000e-03]
 [4.32481136e+01 5.07920592e-04]
 [2.86318617e+01 6.53324212e-04]
 [3.00698884e+01 6.10825100e-04]
 [1.30840798e+01 2.13040549e-03]
 [2.78617371e+01 7.48200237e-04]
 [8.02787296e+01 4.83290926e-04]
 [1.61874603e+01 1.49270261e-03]
 [1.65890995e+02 4.60907406e-04]
 [2.68756143e+01 9.27478463e-04]
 [8.55895252e+01 4.67048523e-04]
 [2.10723380e+02 4.53336020e-04]
 [5.78054905e+00 5.55477779e-03]
 [2.03777087e+01 1.04797059e-03]
 [7.18834630e+00 4.10833485e-03]
 [3.43846686e+01 5.18316654e-04]
 [1.64391029e+01 1.41590117e-03]]
