[[1.52610864e-02 2.65060857e+04]
 [4.48927166e-02 9.16056255e+03]
 [1.69870331e-02 2.59225653e+04]
 [3.93752889e-02 1.06532184e+04]
 [3.39946541e-02 1.19017793e+04]
 [3.99955887e-02 1.06219886e+04]
 [2.69897406e-02 1.55173060e+04]
 [3.69601535e-02 1.15706902e+04]
 [3.70128177e-02 1.09776149e+04]
 [4.18541489e-02 9.65590185e+03]
 [1.07192317e-02 3.87363394e+04]
 [3.15247391e-02 1.32695640e+04]
 [3.18475519e-02 1.27103137e+04]
 [5.58102404e-02 8.67738208e+03]
 [2.37449270e-02 1.84067872e+04]
 [4.37664957e-02 9.35419140e+03]
 [9.94202140e-03 4.21205463e+04]
 [5.25064956e-03 9.90916651e+04]
 [5.30174139e-02 8.90322283e+03]
 [2.57065886e-02 1.59723699e+04]
 [2.40249579e-02 1.80470326e+04]
 [1.42412880e-02 3.02360048e+04]
 [2.11989407e-02 2.09003634e+04]
 [8.62407872e-03 4.80120660e+04]
 [2.84826754e-02 1.42657777e+04]
 [1.29877897e-02 3.30752248e+04]
 [2.10250921e-02 2.12776263e+04]
 [7.73724338e-03 5.94455362e+04]
 [2.15610606e-02 1.97547574e+04]
 [3.20302536e-02 1.26232161e+04]
 [1.20440420e-02 3.57246374e+04]
 [2.14864387e-02 1.97760145e+04]
 [1.48924158e-02 2.87745729e+04]
 [2.48875238e-02 1.70162845e+04]
 [6.14937669e-03 7.41310690e+04]
 [2.55490765e-02 1.61681146e+04]
 [1.14031052e-02 3.73112672e+04]
 [1.72220111e-02 2.58872811e+04]
 [6.49237444e-02 8.52176617e+03]
 [5.96878961e-02 8.56267263e+03]
 [1.75305487e-02 2.37109982e+04]
 [1.11694274e-02 3.78029794e+04]
 [4.07705189e-02 1.01908683e+04]
 [6.46546873e-03 6.58944811e+04]
 [3.00898456e-02 1.33856145e+04]
 [1.28017597e-02 3.55458772e+04]
 [5.93081018e-03 7.54013813e+04]
 [4.70147124e-02 8.90686029e+03]
 [3.53342688e-02 1.18588843e+04]
 [2.62949420e-02 1.58894586e+04]
 [2.98476860e-02 1.41663754e+04]
 [2.74836674e-02 1.47186207e+04]
 [3.55722396e-02 1.18198119e+04]
 [4.14293771e-02 1.01309687e+04]
 [1.72435091e-02 2.51752805e+04]
 [6.37184506e-03 6.84457804e+04]
 [5.47255613e-03 7.54482958e+04]
 [1.41915703e-02 3.29112575e+04]
 [4.39802994e-02 9.28260459e+03]
 [1.06314717e-02 3.88408734e+04]
 [2.29199550e-02 1.84073334e+04]
 [3.82464274e-02 1.07645574e+04]
 [1.91305818e-02 2.25253260e+04]]
