[[3.60699608e+01 1.65566552e+01]
 [2.46068013e+00 4.05072176e+01]
 [7.76812641e+00 3.22621992e+01]
 [2.61940879e+01 2.05456462e+01]
 [3.44753316e+01 1.71025222e+01]
 [2.86511655e+01 1.95368564e+01]
 [3.38364045e+00 3.78835185e+01]
 [7.01718697e+00 3.32064912e+01]
 [2.06701379e+01 2.30235463e+01]
 [8.35413583e+01 6.42080819e+00]
 [6.42545421e-02 4.82357273e+01]
 [5.60857909e+01 1.11194220e+01]
 [4.34786818e+00 3.65027909e+01]
 [6.81555654e+01 8.66305532e+00]
 [8.89085385e-01 4.35860832e+01]
 [6.14466549e-01 4.47011988e+01]
 [1.45298019e+01 2.68269711e+01]
 [5.83176055e+01 1.06016468e+01]
 [7.04643053e+01 8.30666886e+00]
 [7.07409588e+00 3.29968040e+01]
 [6.16784942e+01 9.95395502e+00]
 [4.22734344e+01 1.46637253e+01]
 [2.05528226e+01 2.32543913e+01]
 [1.04976551e+01 2.98948891e+01]
 [5.10129214e+01 1.23026655e+01]
 [4.83307391e+01 1.30055861e+01]
 [3.09838326e+01 1.84529702e+01]
 [9.65869014e+01 5.29510110e+00]
 [7.47103428e+00 3.27839613e+01]
 [1.93888691e-01 4.71300901e+01]
 [3.01435576e+00 3.87437753e+01]
 [4.66951383e+00 3.58988353e+01]
 [5.69893656e+01 1.08917859e+01]
 [2.20929934e+00 4.08396947e+01]
 [4.34026601e+01 1.43443386e+01]
 [2.13531304e+01 2.26859973e+01]
 [4.18005687e+01 1.50087135e+01]
 [5.00504672e+01 1.25116603e+01]
 [1.88251444e+01 2.41843976e+01]
 [6.00929066e+00 3.48282781e+01]
 [5.13824242e-01 4.54694508e+01]
 [4.03239394e+00 3.69383522e+01]
 [3.69837635e+01 1.63225093e+01]
 [8.64919865e+01 6.15676129e+00]
 [3.54154819e+01 1.70003975e+01]
 [3.36542071e+01 1.74010150e+01]
 [3.20537255e+00 3.81544643e+01]
 [2.83518875e+01 1.95538827e+01]
 [1.27649019e+01 2.80997480e+01]
 [2.40538698e+01 2.14695150e+01]
 [6.48609556e+01 9.26874806e+00]
 [5.05834735e+01 1.23675360e+01]
 [3.43372301e+01 1.71514592e+01]
 [1.93779981e+01 2.37564183e+01]
 [5.01455835e+01 1.24796289e+01]
 [5.40210633e+01 1.15365319e+01]
 [1.10958087e+01 2.96911065e+01]
 [6.83013424e+00 3.33587758e+01]
 [3.12500802e+01 1.84325539e+01]
 [6.43486652e+01 9.37801384e+00]
 [1.20306667e+01 2.85309140e+01]
 [7.44505565e+01 7.63696884e+00]
 [5.89411434e+01 1.05818184e+01]
 [4.67329773e+01 1.33736789e+01]
 [3.88029074e+01 1.58309290e+01]
 [3.01727971e+01 1.87087766e+01]
 [1.34130912e+00 4.22112876e+01]
 [4.93661976e-01 4.58807307e+01]
 [2.15113580e+01 2.25891640e+01]
 [3.35921562e-01 4.59875418e+01]
 [5.79757966e+01 1.06536827e+01]
 [9.12935351e+00 3.13889598e+01]
 [2.15758789e+01 2.25489721e+01]
 [2.35776718e+00 4.06267694e+01]
 [2.66596827e+01 2.02184574e+01]
 [8.12972023e-01 4.41664531e+01]
 [7.79711709e+00 3.22085453e+01]
 [4.45625951e+01 1.40918550e+01]
 [9.29939777e+00 3.10579557e+01]
 [6.96871304e+01 8.40558730e+00]
 [2.47211051e+01 2.10275627e+01]
 [1.42926711e+01 2.71591155e+01]
 [3.79945778e+01 1.59323796e+01]
 [8.62804999e+00 3.15900942e+01]
 [1.31969028e+01 2.76972815e+01]
 [6.61042452e+00 3.40062574e+01]
 [3.21367237e+01 1.81372199e+01]
 [9.49743179e+01 5.57825433e+00]
 [5.98590366e+01 1.05206183e+01]
 [5.78636080e+01 1.07623503e+01]
 [6.83010045e+01 8.63721500e+00]
 [5.74576022e+00 3.50809346e+01]
 [2.87832355e+01 1.94683149e+01]
 [3.79375972e+01 1.59324838e+01]
 [1.31764317e+01 2.76996062e+01]
 [5.24978767e+01 1.18910823e+01]
 [5.48510918e+01 1.14225422e+01]
 [5.39909210e-02 4.83925216e+01]
 [1.01141911e+02 5.00512088e+00]
 [1.73183064e+01 2.50757224e+01]
 [2.17919812e+00 4.11841909e+01]
 [3.14255076e+01 1.82171130e+01]
 [6.72393116e+01 8.83655857e+00]
 [6.32870560e+01 9.56932497e+00]
 [6.93809822e+01 8.44848463e+00]
 [6.35185048e+01 9.52594662e+00]
 [8.22949119e+00 3.17725442e+01]
 [2.06335010e+01 2.30891927e+01]
 [1.08103512e+00 4.30272983e+01]
 [1.63429133e+01 2.57880114e+01]
 [1.24910548e+02 4.10552566e+00]
 [6.25254369e+01 9.73385394e+00]
 [6.03879795e+01 1.01496518e+01]
 [1.73640656e-01 4.71489005e+01]
 [6.38433671e+01 9.48278152e+00]
 [2.06516246e+01 2.30465677e+01]
 [5.23093733e+01 1.19364225e+01]
 [6.47576984e+01 9.31268872e+00]
 [2.91393497e+01 1.94220654e+01]
 [4.61580703e+00 3.61696268e+01]
 [2.35284351e+01 2.16765346e+01]
 [1.57567235e+01 2.58947677e+01]
 [4.20649497e+01 1.47487833e+01]
 [2.49691014e+01 2.09091275e+01]
 [7.52208463e+01 7.51920238e+00]
 [1.02895835e+01 2.99233780e+01]
 [8.40311985e+01 6.36647271e+00]
 [9.78044482e+01 5.26448057e+00]
 [1.18187622e+01 2.86483735e+01]
 [1.38042066e+01 2.72285101e+01]
 [5.33952378e+01 1.16791891e+01]
 [3.69828402e+01 1.63690286e+01]
 [2.04886916e+01 2.32965017e+01]
 [6.02238079e+01 1.04378919e+01]
 [9.67787970e+00 3.05762627e+01]
 [3.28931969e+01 1.77895623e+01]
 [4.21474093e+01 1.46756069e+01]
 [2.96015187e+00 3.89463735e+01]
 [1.05155788e+02 4.92567288e+00]
 [9.43267239e+01 5.71440865e+00]
 [1.08434152e-01 4.77339487e+01]
 [4.69950589e+01 1.33637837e+01]
 [1.10729070e+01 2.97060135e+01]
 [3.36354930e+01 1.75112821e+01]
 [1.06801365e+00 4.35669003e+01]
 [2.35106976e+01 2.16770782e+01]
 [1.11549181e+01 2.92108806e+01]
 [5.51156320e+01 1.13192794e+01]
 [9.99053476e+00 3.05543195e+01]
 [7.02728449e+01 8.31588239e+00]
 [1.12871474e+02 4.39852052e+00]
 [3.22971198e+01 1.78893414e+01]
 [8.88577268e+00 3.14374924e+01]
 [1.24743286e+01 2.84641671e+01]
 [8.72186798e+01 6.03096296e+00]
 [1.55130824e-01 4.72561291e+01]
 [7.01394275e+01 8.35724037e+00]
 [2.57012400e+01 2.07429068e+01]
 [6.45747688e+00 3.42171598e+01]
 [3.79306180e+00 3.71875424e+01]
 [1.06366051e+02 4.90662093e+00]
 [8.96552382e+01 5.84205777e+00]
 [2.75668842e+01 1.98145549e+01]
 [2.34437065e-01 4.69811546e+01]
 [7.57018124e+01 7.45240656e+00]
 [2.56379607e+00 3.93953684e+01]
 [4.09394825e+01 1.50135322e+01]
 [3.31133008e+01 1.76057924e+01]
 [8.35225087e+01 6.42397192e+00]
 [6.13071777e+01 9.96316005e+00]
 [9.58407639e+01 5.46764353e+00]
 [8.31006431e+01 6.60517094e+00]
 [4.70703456e-02 4.84872985e+01]
 [4.05277634e+01 1.55559991e+01]
 [2.62275803e+01 2.03675506e+01]
 [5.99174400e+00 3.48607541e+01]
 [4.92678909e+01 1.29392319e+01]
 [2.18139064e+01 2.24388865e+01]
 [5.13231726e+01 1.21817006e+01]
 [6.61762005e+01 9.02354512e+00]
 [5.76573892e+01 1.08136651e+01]
 [7.55821771e+01 7.47810853e+00]
 [1.66291147e+01 2.54496143e+01]
 [3.06487547e+01 1.85209323e+01]
 [4.38492718e+01 1.41883732e+01]
 [2.70174329e+01 2.00046367e+01]
 [2.24316225e+01 2.21180190e+01]
 [7.92448892e+01 7.00100837e+00]
 [6.83749561e+01 8.62368502e+00]
 [1.21340372e+02 4.18067024e+00]
 [8.59121144e+01 6.28570431e+00]
 [7.65460205e+01 7.31028024e+00]
 [4.09772911e+00 3.68531387e+01]
 [7.67912797e+01 7.26506587e+00]
 [5.41380150e+01 1.15117731e+01]
 [1.12677781e+02 4.48869430e+00]
 [1.97557291e+01 2.36458251e+01]
 [5.01127294e+01 1.24970538e+01]
 [1.44428790e+01 2.70872568e+01]
 [1.54793344e+01 2.62960371e+01]
 [6.71645617e+00 3.33918376e+01]
 [1.75279991e+01 2.47919053e+01]
 [7.40971105e+01 8.17740825e+00]
 [2.12826916e+01 2.28984316e+01]
 [4.20791087e+01 1.46876979e+01]
 [7.01185209e+01 8.36070020e+00]
 [1.16261597e+02 4.29318981e+00]
 [5.43711777e+01 1.14967222e+01]
 [6.09866883e+00 3.43066206e+01]
 [3.05943999e+01 1.85736021e+01]
 [1.82158125e+01 2.43913234e+01]
 [9.06320783e+01 5.80211872e+00]
 [4.75808805e+01 1.32256214e+01]
 [4.28929447e+01 1.45097647e+01]
 [2.37282057e+01 2.15010819e+01]
 [9.14082009e+01 5.75787085e+00]
 [3.76392511e+00 3.77643610e+01]
 [1.58760967e+01 2.57944891e+01]
 [6.95675912e+00 3.33389781e+01]
 [5.60426615e+01 1.11391421e+01]
 [2.68878416e+00 3.90863864e+01]
 [1.34008736e+02 4.04460828e+00]
 [1.81204913e+01 2.44722733e+01]
 [4.92233763e+00 3.55811984e+01]
 [4.35617532e+01 1.42526676e+01]
 [1.01216589e+02 4.98541675e+00]
 [7.39895262e+00 3.29930739e+01]
 [8.34677005e+01 6.45750402e+00]
 [4.51625529e+01 1.38978869e+01]
 [1.71316238e+00 4.12497365e+01]
 [7.60418319e+01 7.38458712e+00]
 [2.92813651e+01 1.91441618e+01]
 [1.71828732e+01 2.51746510e+01]
 [1.23440027e+02 4.16925163e+00]
 [7.44158701e+01 7.80446413e+00]
 [2.94831395e+01 1.90609207e+01]
 [1.21229666e+02 4.20089287e+00]
 [5.21466650e+01 1.19859457e+01]
 [1.08403574e+02 4.60052155e+00]
 [8.45287686e+01 6.35434433e+00]
 [3.56584064e+01 1.67588829e+01]
 [1.48476524e+01 2.65971697e+01]
 [7.53093910e+01 7.48910419e+00]
 [8.16081527e+01 6.64175528e+00]
 [3.55927858e+01 1.68435365e+01]]
