[[3.60699608e+01 1.65566552e+01]
 [2.46068013e+00 4.05072176e+01]
 [7.76812641e+00 3.22621992e+01]
 [2.61940879e+01 2.05456462e+01]
 [3.44753316e+01 1.71025222e+01]
 [3.38364045e+00 3.78835185e+01]
 [2.06701379e+01 2.30235463e+01]
 [8.35413583e+01 6.42080819e+00]
 [6.42545421e-02 4.82357273e+01]
 [4.34786818e+00 3.65027909e+01]
 [6.81555654e+01 8.66305532e+00]
 [8.89085385e-01 4.35860832e+01]
 [6.14466549e-01 4.47011988e+01]
 [5.83176055e+01 1.06016468e+01]
 [7.04643053e+01 8.30666886e+00]
 [2.37133311e+01 2.18482271e+01]
 [7.07409588e+00 3.29968040e+01]
 [6.16784942e+01 9.95395502e+00]
 [1.04976551e+01 2.98948891e+01]
 [5.10129214e+01 1.23026655e+01]
 [4.83307391e+01 1.30055861e+01]
 [1.04383508e+01 3.05546152e+01]
 [3.09838326e+01 1.84529702e+01]
 [9.65869014e+01 5.29510110e+00]
 [8.61160919e+00 3.19010647e+01]
 [7.47103428e+00 3.27839613e+01]
 [1.93888691e-01 4.71300901e+01]
 [3.56757064e+01 1.67682477e+01]
 [4.66951383e+00 3.58988353e+01]
 [5.69893656e+01 1.08917859e+01]
 [6.83382844e+01 8.64617576e+00]
 [4.34026601e+01 1.43443386e+01]
 [2.13531304e+01 2.26859973e+01]
 [4.18005687e+01 1.50087135e+01]
 [5.00504672e+01 1.25116603e+01]
 [1.88251444e+01 2.41843976e+01]
 [6.00929066e+00 3.48282781e+01]
 [5.13824242e-01 4.54694508e+01]
 [4.03239394e+00 3.69383522e+01]
 [2.38404433e+01 2.15314788e+01]
 [3.69837635e+01 1.63225093e+01]
 [8.64919865e+01 6.15676129e+00]
 [3.36542071e+01 1.74010150e+01]
 [3.20537255e+00 3.81544643e+01]
 [4.94481916e+00 3.56141364e+01]
 [2.83518875e+01 1.95538827e+01]
 [1.27649019e+01 2.80997480e+01]
 [2.40538698e+01 2.14695150e+01]
 [6.48609556e+01 9.26874806e+00]
 [5.05834735e+01 1.23675360e+01]
 [3.43372301e+01 1.71514592e+01]
 [1.93779981e+01 2.37564183e+01]
 [5.01455835e+01 1.24796289e+01]
 [6.33070848e+01 9.61319687e+00]
 [5.40210633e+01 1.15365319e+01]
 [6.83013424e+00 3.33587758e+01]
 [3.12500802e+01 1.84325539e+01]
 [6.43486652e+01 9.37801384e+00]
 [1.20306667e+01 2.85309140e+01]
 [7.44505565e+01 7.63696884e+00]
 [5.89411434e+01 1.05818184e+01]
 [4.67329773e+01 1.33736789e+01]
 [3.01727971e+01 1.87087766e+01]
 [1.34130912e+00 4.22112876e+01]
 [4.93661976e-01 4.58807307e+01]
 [2.15113580e+01 2.25891640e+01]
 [3.35921562e-01 4.59875418e+01]
 [5.79757966e+01 1.06536827e+01]
 [4.76391019e+01 1.32669915e+01]
 [2.15758789e+01 2.25489721e+01]
 [2.35776718e+00 4.06267694e+01]
 [2.66596827e+01 2.02184574e+01]
 [7.79711709e+00 3.22085453e+01]
 [4.45625951e+01 1.40918550e+01]
 [6.96871304e+01 8.40558730e+00]
 [2.47211051e+01 2.10275627e+01]
 [3.79945778e+01 1.59323796e+01]
 [8.62804999e+00 3.15900942e+01]
 [1.31969028e+01 2.76972815e+01]
 [4.52728522e+01 1.39555049e+01]
 [1.05494764e+01 2.98658082e+01]
 [2.77386830e+00 3.89277638e+01]
 [4.67663491e+01 1.33526234e+01]
 [2.37216027e+01 2.17945128e+01]
 [4.21620745e+01 1.46265005e+01]
 [3.75361146e+00 3.72747338e+01]
 [5.38580768e+01 1.16485177e+01]
 [6.96135576e+01 8.42397176e+00]
 [3.26021873e+01 1.77876950e+01]
 [8.02485554e+01 7.11869063e+00]
 [3.27101692e+01 1.77589149e+01]
 [6.91123586e+01 8.55038487e+00]
 [7.01730799e+01 8.31113849e+00]
 [3.91416147e+01 1.55467138e+01]
 [1.79816284e+01 2.45904349e+01]
 [7.34291820e+01 7.93473231e+00]
 [6.91922583e-01 4.44418788e+01]
 [1.30465059e+00 4.23444762e+01]
 [1.44525401e+01 2.70818430e+01]
 [1.90783353e+00 4.12346374e+01]
 [4.62782125e+01 1.35591494e+01]
 [2.74319918e+01 1.99002772e+01]
 [2.59880255e+00 3.93734387e+01]
 [6.81178103e+01 8.70755680e+00]
 [4.77182933e+01 1.31845285e+01]
 [5.50134468e+01 1.13076418e+01]
 [9.05144416e+01 5.91691388e+00]
 [2.85983153e+01 1.94305192e+01]
 [2.99422558e+00 3.85250207e+01]
 [2.44612254e+01 2.12573800e+01]
 [6.29144978e+01 9.69453282e+00]
 [3.91821580e+01 1.55380377e+01]
 [1.59805774e+01 2.57968584e+01]
 [3.07116307e+01 1.86723040e+01]
 [1.94015427e+01 2.37146308e+01]
 [6.49843520e+01 9.25488072e+00]
 [4.86092834e+01 1.28568075e+01]
 [1.05611035e+00 4.30025694e+01]
 [2.24121135e+01 2.21329564e+01]
 [1.89560531e+01 2.40920612e+01]
 [3.13586238e+01 1.83033861e+01]
 [5.30630637e+00 3.53621989e+01]
 [8.44044449e-01 4.37846640e+01]
 [4.04244107e+01 1.51878024e+01]
 [3.41990988e+01 1.71981758e+01]
 [9.58436696e+00 3.08576725e+01]
 [5.31371375e+01 1.17693374e+01]
 [7.11328905e-01 4.42995125e+01]
 [2.53072353e+00 3.95982412e+01]
 [1.35125700e+01 2.73895478e+01]
 [2.71922964e+01 2.00834282e+01]
 [8.25705858e+01 6.58647617e+00]
 [1.75109762e+01 2.48028813e+01]
 [3.29030700e+01 1.76860752e+01]
 [5.24748314e+01 1.19035277e+01]
 [6.93397870e+01 8.45812203e+00]
 [2.50756834e+01 2.08735141e+01]
 [3.43676088e+01 1.71405422e+01]
 [1.05173776e+02 4.79366101e+00]
 [6.78676008e+01 8.71744563e+00]
 [3.63458141e+01 1.64608981e+01]
 [6.56471705e+01 9.13674269e+00]
 [1.44881570e+01 2.67334953e+01]
 [6.93780918e+00 3.31536194e+01]
 [4.46898654e+01 1.39793828e+01]
 [1.08698639e+02 4.76059030e+00]
 [1.94920168e+01 2.36586873e+01]
 [4.70967926e+01 1.33285550e+01]
 [7.47877659e+01 7.57884507e+00]
 [8.00016478e+00 3.20273398e+01]
 [4.85694209e+01 1.29841688e+01]
 [3.82385583e+01 1.58584642e+01]
 [1.45740004e+00 4.21282673e+01]
 [5.10609833e+01 1.22435018e+01]
 [6.03560270e+01 1.02658411e+01]
 [2.54853786e+01 2.06974824e+01]
 [1.22057647e+02 4.27255162e+00]
 [2.62516407e+01 2.03686000e+01]
 [3.62117880e+01 1.65024743e+01]
 [3.55152389e+01 1.68382714e+01]
 [5.69231243e+01 1.09151789e+01]
 [2.02609137e+01 2.32477140e+01]
 [3.21661194e+01 1.79649668e+01]
 [9.70731654e+01 5.21280731e+00]
 [5.00197709e+01 1.25160128e+01]
 [2.26656791e+01 2.20544347e+01]
 [4.65336888e+01 1.34953762e+01]
 [6.23890187e+00 3.39053294e+01]
 [9.14351900e+01 5.83592793e+00]
 [1.24598997e+02 4.20344446e+00]
 [1.41052257e+00 4.21373093e+01]
 [2.93308166e+01 1.91172010e+01]
 [7.77312400e+00 3.22469185e+01]
 [5.54690336e+01 1.12523170e+01]
 [1.13601466e+00 4.27597903e+01]
 [4.67590939e-02 4.84843174e+01]
 [2.19231646e+01 2.23736150e+01]
 [1.81989220e+01 2.44165504e+01]
 [8.58395464e+01 6.20875552e+00]
 [6.44917709e+01 9.34448268e+00]
 [1.97549613e+01 2.35265394e+01]
 [4.26861007e+01 1.44890486e+01]
 [1.87116618e+01 2.42717996e+01]
 [1.23856186e+02 4.21379229e+00]
 [4.74689513e+01 1.32712333e+01]
 [5.62980286e+01 1.10734597e+01]
 [4.17577671e+01 1.50244963e+01]
 [9.08560860e+00 3.09618216e+01]
 [8.81984511e+01 6.15511378e+00]
 [7.38820494e+01 7.69652397e+00]
 [2.12658592e+01 2.27906056e+01]
 [2.50536779e+00 4.01178139e+01]
 [1.00294841e+02 5.10127142e+00]
 [4.02963522e+01 1.54168594e+01]
 [4.06305946e+00 3.69281236e+01]
 [6.11375146e+00 3.42391545e+01]
 [8.06705985e+01 6.83001583e+00]
 [2.96959122e+01 1.89401590e+01]
 [2.41398041e+01 2.13813111e+01]
 [3.90512704e+01 1.55764612e+01]
 [2.76082391e+00 3.91890561e+01]
 [3.37817211e+01 1.73540857e+01]
 [4.17253699e+00 3.66970406e+01]
 [8.31941209e+01 6.47942288e+00]
 [4.95111277e+01 1.26444691e+01]
 [1.42504305e+01 2.71528724e+01]
 [5.60613398e+01 1.11120315e+01]
 [4.93909222e-01 4.58770718e+01]
 [1.99914958e+00 4.07614242e+01]
 [9.24996683e+01 5.59248127e+00]
 [7.14356620e+01 8.13168426e+00]
 [4.26008767e+01 1.45576408e+01]
 [7.20701188e+01 7.99957853e+00]
 [5.90344939e+01 1.05048865e+01]
 [1.72826336e+01 2.49343848e+01]
 [2.82698373e+01 1.96144243e+01]
 [6.64709406e+01 9.10973623e+00]
 [7.18886205e+00 3.29844427e+01]
 [1.25568231e+01 2.81666187e+01]
 [1.99649484e+01 2.33990010e+01]
 [6.92712573e-02 4.81595134e+01]
 [1.10819924e+01 2.95576173e+01]
 [4.13360473e+01 1.50407012e+01]
 [2.91092953e+01 1.91584323e+01]
 [3.85110986e+01 1.57470617e+01]
 [6.10656889e+01 1.00793058e+01]
 [6.39837360e+01 9.43831654e+00]
 [6.56592931e+00 3.37266786e+01]
 [6.66516045e+01 8.93809256e+00]
 [8.04939033e+01 6.96043284e+00]
 [4.41586955e+01 1.41559800e+01]
 [9.62952191e-01 4.33062608e+01]
 [1.91170598e+01 2.40032403e+01]
 [1.40563641e-01 4.74260478e+01]
 [6.06284129e+01 1.01793746e+01]
 [3.51414574e+01 1.69668044e+01]
 [3.97208721e+01 1.55281907e+01]
 [1.27797915e+02 4.09145973e+00]
 [1.11197219e+02 4.47049877e+00]
 [1.02366899e+02 4.93564218e+00]
 [7.08791901e+01 8.18884278e+00]
 [7.97046063e-01 4.38875391e+01]
 [3.65967954e+01 1.63904309e+01]
 [2.10606512e+01 2.28801772e+01]
 [6.92623966e+01 8.49727376e+00]
 [9.30634935e+01 5.57725855e+00]
 [1.64251296e+00 4.13576237e+01]
 [5.17375216e+01 1.20731553e+01]
 [9.71369694e+00 3.05844435e+01]
 [2.09889130e+01 2.28950949e+01]
 [6.53586914e+01 9.17599607e+00]
 [1.49978704e+01 2.63654159e+01]
 [4.26970807e+01 1.44799332e+01]
 [6.11985827e+00 3.40766659e+01]
 [8.23967425e+01 6.60597765e+00]
 [1.16864354e+02 4.31735125e+00]
 [7.80184983e+01 7.23796346e+00]
 [1.34101470e+01 2.74591070e+01]
 [4.03743541e+01 1.52628448e+01]
 [2.09148946e+01 2.29059985e+01]
 [8.41404532e+01 6.36270908e+00]
 [3.73984683e+01 1.61390546e+01]
 [9.52689786e+01 5.40920420e+00]
 [3.35004552e+01 1.74868257e+01]
 [2.50004255e+01 2.09308960e+01]]
