[[2.08511002 2.16097348]
 [0.93130106 1.03668218]
 [1.98383737 1.6164502 ]
 [2.09597257 2.0556585 ]
 [2.08652401 1.67606949]
 [0.70193469 0.59430447]
 [1.05814058 0.79663998]
 [1.63322451 1.58117431]
 [3.45448459 2.99196855]
 [0.09940067 0.07863296]
 [2.76410989 2.52609268]
 [2.92879636 2.90878724]
 [0.29958845 0.36403037]
 [0.22275939 0.32248239]
 [1.1992388  1.48130914]
 [2.62335155 2.77442391]
 [3.08389179 2.84704896]
 [0.88098128 0.99619072]
 [2.9100709  2.63649595]
 [0.99284944 1.28010303]
 [2.63857323 2.40648325]
 [2.07924359 1.8500552 ]
 [3.91374707 2.97141535]
 [0.09166321 0.20017499]
 [1.9742524  2.24081549]
 [4.52904748 2.96986554]
 [0.73396187 0.79289245]
 [2.58633799 2.74921756]
 [2.85357926 2.99026028]
 [1.69354013 1.57168841]
 [2.42214223 2.57795342]
 [0.13313942 0.33276111]
 [0.79916825 0.60780638]
 [2.01610236 2.27624079]
 [3.58464501 2.96197852]
 [2.00932962 2.09192406]
 [0.60383592 0.66085196]
 [0.69177345 0.87043339]
 [1.72849411 2.02491481]
 [1.10741028 1.40173747]
 [1.57382844 1.88056681]
 [2.86636136 2.82828773]
 [2.45772575 2.57010749]
 [2.09289013 2.0503947 ]
 [1.47644397 1.63236415]
 [2.43960746 2.56606924]
 [2.92674229 2.69461514]
 [2.57087522 2.62599818]
 [2.8968027  2.77411254]
 [1.14602514 1.30165013]
 [1.91233729 1.40936712]
 [3.154796   2.94277103]
 [2.49966186 2.33129469]
 [1.99609303 2.39088676]
 [1.90540746 1.97803481]
 [0.354592   0.45781196]
 [1.60513157 1.67373598]
 [3.49811591 2.75477577]
 [0.19864353 0.21100032]
 [2.69824555 2.6857811 ]
 [2.23317523 2.63110317]
 [1.64180695 1.64269281]
 [1.93002006 1.71462628]
 [1.55851459 2.00638982]
 [0.19929963 0.40437935]
 [0.967082   1.0069914 ]
 [3.01091827 2.89070126]
 [1.72839607 1.78687529]
 [2.24368629 2.1129402 ]
 [0.88339447 1.17329737]
 [1.17538818 1.38480624]
 [0.61386065 0.56270968]
 [2.35248838 2.48140801]
 [2.29978366 2.29161815]
 [0.63356692 0.73279999]
 [2.73227295 2.44932719]
 [3.02153422 2.87640755]
 [1.96942004 2.06686514]
 [1.95305249 2.08881025]
 [3.06556168 2.8072088 ]
 [2.98444262 2.93877052]
 [2.2050331  2.21883589]
 [1.38600052 1.6044967 ]
 [4.48021746 2.91816106]
 [0.35271022 0.22039996]
 [3.02606448 2.97121859]
 [0.4449911  0.55471677]
 [0.18931294 0.17275052]
 [0.82659245 0.59158904]
 [2.58099231 2.58967945]
 [2.32566972 2.42024043]
 [1.28330495 1.17429109]
 [0.28987907 0.41644955]
 [0.72892716 0.73464192]
 [2.78634115 2.72132717]
 [2.60156818 2.48540444]
 [2.52889693 2.47457569]
 [2.03144214 2.23124759]
 [1.55506534 1.64546727]
 [2.39868784 2.84003004]
 [1.64573001 1.58400419]
 [1.15731468 1.28046405]
 [0.45204858 0.38692795]
 [0.52631263 0.51818239]
 [3.02711004 2.92871479]
 [3.09559817 2.95633474]
 [2.75997514 2.89174767]
 [1.98231345 1.8840697 ]
 [2.68001287 2.70234934]
 [1.17760978 0.88780516]
 [2.82866073 2.7264241 ]
 [1.86249383 1.8571189 ]
 [2.33775027 2.00082763]
 [2.06835082 2.05292887]
 [3.09696083 2.94209711]
 [1.02461073 0.78426214]
 [2.85504381 2.8921084 ]
 [0.87666296 1.02344047]
 [0.3354473  0.59594479]
 [1.36200425 1.79636675]
 [3.70982118 2.94864236]
 [2.08050386 1.5947504 ]
 [0.36257764 0.51810326]
 [2.47747491 2.47337883]
 [1.69770434 2.11349159]
 [0.66453119 0.8503873 ]
 [2.09974127 1.80836029]
 [2.40722949 2.41078388]
 [1.40096318 1.35408558]
 [1.3981059  1.27053016]
 [2.21751921 2.09352497]
 [1.89054293 2.08798953]
 [0.51409184 0.5875027 ]
 [0.94569187 1.18075024]
 [1.37237056 1.58014758]
 [2.48782192 2.46353089]
 [2.2022028  2.26252508]
 [0.7337369  0.85194968]
 [1.5109075  1.10019594]
 [1.00798317 0.98257217]
 [2.28852644 2.26386668]
 [1.37731013 1.52822574]
 [1.77451255 1.9605931 ]
 [2.71308206 2.65216864]
 [0.95636026 1.1611387 ]
 [3.48439163 2.71742525]
 [0.99116145 0.85714949]
 [1.39179665 1.4624139 ]
 [1.25480769 1.27947884]
 [2.52881674 2.35950229]
 [1.68360545 1.75928826]
 [0.811225   0.58378121]
 [0.07544654 0.09658321]
 [0.57646713 0.62429223]
 [0.21314841 0.29832077]
 [2.31237233 2.60884226]
 [1.1745111  1.12214015]
 [2.06139464 1.8346323 ]
 [2.43212287 2.0974397 ]
 [1.82085149 1.69993667]
 [1.0081588  1.24938767]
 [1.15470854 0.85913139]
 [1.1339466  1.22454421]
 [0.7536983  0.73129193]
 [2.71270117 2.64745852]
 [2.31042096 2.26770329]
 [2.39569639 2.44222126]
 [0.89675008 1.24068114]
 [1.54018494 1.76088662]
 [1.97731858 1.99183824]
 [4.70424605 2.93879361]
 [1.25995231 1.01846218]
 [1.75130253 2.25218488]
 [0.92374076 1.29292096]
 [3.52904901 2.93738247]
 [0.43339383 0.57900011]
 [0.92128534 0.7104256 ]
 [0.54683828 0.52062794]
 [2.49483737 2.48233227]
 [1.90103303 1.89523323]
 [1.79455571 1.85691033]
 [2.67199918 2.47065467]
 [0.41947676 0.32567612]
 [3.42858286 2.85618762]
 [2.76875906 2.55592877]
 [2.16053546 2.07130206]
 [1.08012676 0.85183031]
 [0.95024752 0.88818987]
 [1.94619377 1.60021049]
 [1.92454565 1.71396345]
 [1.59845387 1.98251742]
 [2.56890654 2.39100806]
 [2.65304304 2.38650813]
 [2.16177797 2.51232024]
 [1.04895655 1.25165589]
 [1.87237602 2.06686514]
 [3.42858286 2.85861447]
 [3.80464094 2.93738247]
 [1.46082768 1.41089677]
 [1.30009486 1.28968024]
 [1.37611528 1.5103791 ]
 [3.44866275 2.94597185]
 [2.60462696 2.76714286]
 [1.9421492  1.65136909]
 [1.61822357 1.66880934]
 [2.42214223 2.36346628]
 [2.65253536 2.45383519]
 [2.00380118 1.8571189 ]
 [1.9724531  2.16516039]
 [2.37511622 2.46983564]
 [2.67996361 2.95922621]
 [0.20834795 0.23254437]
 [3.37408401 2.77740995]
 [1.14602514 1.23793207]
 [1.99357772 2.33854806]
 [0.33631304 0.38692795]
 [1.36622452 1.78845276]
 [1.33285084 1.45973448]
 [1.25624983 1.10523151]
 [2.41549292 2.30313531]
 [1.73145126 1.65863165]
 [2.42996068 2.22088091]
 [0.76463656 0.92165612]
 [2.39569639 2.44755841]
 [3.47923067 2.9072582 ]
 [0.95636026 1.09150206]
 [0.86420312 0.90474658]
 [3.34955942 2.99634621]
 [0.10215907 0.21858561]
 [1.7444735  1.62084054]
 [1.67925799 1.72970892]
 [0.51268323 0.45406989]
 [1.23541488 1.48120222]
 [1.04535458 0.85829285]
 [1.46811338 1.58014758]
 [2.70972961 2.69273477]
 [2.61906346 2.90861404]
 [2.67946497 2.66673567]
 [2.77426196 2.63276877]
 [2.61506068 2.8072088 ]
 [4.06475592 2.9962041 ]
 [2.89201541 2.82280715]
 [3.58464501 2.99783084]
 [1.58972377 1.64441635]
 [1.85992312 1.59209232]
 [1.69634912 2.07587533]
 [2.02273951 2.09192406]
 [0.81286694 0.92611308]
 [3.53730591 2.69406571]
 [0.25766544 0.42042457]
 [2.47126484 2.16155364]
 [2.76042683 2.85107412]
 [2.61408764 2.51590357]
 [2.7494496  2.71634884]
 [1.77852585 2.2128539 ]
 [1.32495614 1.61850436]
 [1.52564932 1.55413933]
 [2.26785349 2.33397007]
 [1.2694431  1.6942797 ]
 [2.06139464 1.88885926]
 [1.97824136 2.22021185]
 [3.45461075 2.96511306]
 [3.07621123 2.94864236]
 [1.62865017 1.90105065]
 [2.29850215 2.26584828]
 [2.43688588 2.3181786 ]
 [1.40096318 1.4394645 ]
 [2.23783726 2.56351696]
 [4.70885276 2.98081405]
 [2.56121995 2.85457307]
 [0.89456668 0.67218304]
 [0.0813746  0.17533106]
 [4.21327283 2.98351417]
 [2.53669242 2.90861404]
 [2.23275898 2.23147756]
 [1.10153905 1.27287712]
 [1.9920564  1.71002415]
 [1.87865115 1.59209232]
 [1.69354013 1.79040359]
 [2.76875906 2.54043567]
 [1.14027056 1.2620319 ]
 [0.28832037 0.4159277 ]
 [2.8968027  2.80237905]
 [0.19929963 0.41183693]
 [0.79631785 0.59684377]
 [0.48980737 0.62772247]
 [3.17016588 2.92345227]
 [1.03812831 0.88135591]
 [1.49616775 1.59170486]
 [1.12710552 1.33930051]
 [2.43212287 2.06184518]
 [2.86985897 2.62133944]
 [0.9637823  0.82134948]
 [1.27908533 1.09230278]
 [0.7019112  0.50645906]
 [2.87725917 2.73887957]
 [0.29958845 0.46588685]
 [0.82060607 0.83041939]
 [1.9108382  2.25509609]
 [4.74542776 2.99371323]
 [2.09974127 1.74755336]
 [0.52078632 0.51810326]
 [2.04408119 2.20696667]
 [1.33549691 1.82780293]
 [1.26719521 1.74243296]
 [2.4867409  2.28988089]
 [2.27316997 2.20433964]
 [2.48782192 2.4179552 ]
 [2.59262432 2.56310223]
 [2.21588433 1.98750319]
 [1.50891654 1.83929064]
 [3.10104777 2.91547282]
 [0.0576304  0.15828135]
 [1.17978241 1.24526966]
 [2.19513631 1.88433936]
 [0.39888052 0.40188902]
 [0.38416142 0.53880491]
 [1.39179665 1.60298217]
 [1.5958141  1.87091225]
 [0.44499423 0.40593304]
 [2.29961732 2.43164156]
 [0.23028007 0.09823271]
 [1.17103826 1.07662272]
 [1.49764046 1.39623944]
 [2.65340097 2.74185853]
 [4.42210005 2.92055658]
 [2.31297248 2.0559441 ]
 [2.96372623 2.76439978]
 [2.14221238 2.17222067]]
