[[1.41375939 1.2832743  9.82988943 3.13086947]
 [1.07771872 2.0487061  9.87288516 1.70391833]
 [1.07771872 2.0487061  9.8322254  1.70391833]
 [0.8614645  1.24693176 9.79975765 4.16944921]
 [1.2002606  1.7627917  9.90811418 4.56141745]
 [1.14110384 2.04486447 9.82988943 4.42432939]
 [1.11104844 2.0487061  9.87288516 1.65022879]
 [1.18474383 1.38759976 9.70787407 4.88576425]
 [0.98386578 1.71952704 9.73775582 1.70391833]
 [0.8404333  2.4518937  9.88185449 2.38891452]
 [0.91474022 1.14215645 9.87890451 4.25329041]
 [1.41725444 1.23680335 9.56810582 4.78845429]
 [0.793162   1.68383542 9.74321539 2.37960218]
 [1.04906619 1.40486081 9.92651796 2.00242015]
 [0.92958994 1.59726886 8.80807914 0.95861846]
 [1.38552889 1.40680907 9.79975765 4.44724181]
 [1.00176186 1.53176809 9.90919276 2.3387543 ]
 [0.80318248 1.58825117 9.73414766 3.89160014]
 [1.20230921 2.0487061  9.97026243 4.94021008]
 [0.73745792 2.43854665 9.88185449 1.29232808]
 [0.42476073 4.01242856 9.9747373  1.02216199]
 [0.77382841 2.41625781 5.35494009 0.92510604]
 [1.81580006 1.74999784 9.97892399 4.94340415]
 [0.86016761 2.33869462 9.92434915 4.8985646 ]
 [0.8404333  2.4518937  9.88185449 2.61018149]
 [1.31255191 4.14269298 9.98912577 4.95764964]
 [0.76846637 1.59726886 8.80807914 0.80207256]
 [0.62251676 2.42468921 8.84510339 1.01312705]
 [1.0687144  1.53176809 9.83408723 4.36991893]
 [0.7981156  1.18562876 9.92219501 3.59282735]
 [0.89117757 1.60181545 9.82525127 4.88576425]
 [0.67731467 1.68619922 9.36218292 1.89715248]
 [3.02302422 7.8737327  9.97926716 4.98949534]
 [1.30739421 1.73351352 9.97548886 2.70341869]
 [0.47901583 4.5050241  9.99940483 1.32660003]
 [0.85845905 2.40271093 9.64581198 1.22474842]
 [0.42476073 3.71445416 9.97070376 1.06565401]
 [0.76770106 2.83877389 9.97619797 4.93925972]
 [0.70561397 2.31283195 9.87518228 1.35458991]
 [0.36811161 4.56917506 9.92867419 1.7449128 ]
 [0.78806736 2.30392419 9.97971314 1.55145731]
 [1.45925157 1.18484639 9.8299843  2.82508746]
 [0.50068658 4.10630872 9.23160382 0.85493796]
 [2.92200041 8.90281772 9.98912577 4.99736941]
 [1.00176391 1.53176809 9.88918794 2.3387543 ]
 [1.04049157 2.0487061  9.87288516 2.53754965]
 [0.69749239 1.59231127 9.49040192 2.35695175]
 [0.63701996 3.96165244 4.87306197 0.86277077]
 [1.39312729 1.69003452 9.98619772 2.73888936]
 [0.83752729 1.64114336 9.87554935 4.88898207]
 [0.42476073 4.01242856 9.9747373  1.10386524]
 [0.92958994 1.59726886 8.80807914 0.95867626]
 [1.36480783 4.91288654 9.99050129 4.95764964]
 [0.59904651 2.68433936 9.96263673 4.91026662]
 [0.76622634 4.17081112 9.99486224 4.94840328]
 [0.63597376 2.82167798 6.78440461 0.85810237]
 [1.16247642 1.60477186 9.87535526 4.92002697]
 [0.72545834 1.3480888  9.82988943 1.02968165]]
