[[3.60699608e+01 1.65566552e+01]
 [7.76812641e+00 3.22621992e+01]
 [2.61940879e+01 2.05456462e+01]
 [3.44753316e+01 1.71025222e+01]
 [3.38364045e+00 3.78835185e+01]
 [7.01718697e+00 3.32064912e+01]
 [2.06701379e+01 2.30235463e+01]
 [8.35413583e+01 6.42080819e+00]
 [6.42545421e-02 4.82357273e+01]
 [5.60857909e+01 1.11194220e+01]
 [6.81555654e+01 8.66305532e+00]
 [8.89085385e-01 4.35860832e+01]
 [6.14466549e-01 4.47011988e+01]
 [1.45298019e+01 2.68269711e+01]
 [5.83176055e+01 1.06016468e+01]
 [7.04643053e+01 8.30666886e+00]
 [7.07409588e+00 3.29968040e+01]
 [6.16784942e+01 9.95395502e+00]
 [7.64913006e+01 7.61132999e+00]
 [1.04976551e+01 2.98948891e+01]
 [5.10129214e+01 1.23026655e+01]
 [4.83307391e+01 1.30055861e+01]
 [3.09838326e+01 1.84529702e+01]
 [9.65869014e+01 5.29510110e+00]
 [3.17043014e+01 1.83835391e+01]
 [7.47103428e+00 3.27839613e+01]
 [1.93888691e-01 4.71300901e+01]
 [3.56757064e+01 1.67682477e+01]
 [3.01435576e+00 3.87437753e+01]
 [4.66951383e+00 3.58988353e+01]
 [5.69893656e+01 1.08917859e+01]
 [2.62542348e+00 3.94629533e+01]
 [6.83382844e+01 8.64617576e+00]
 [4.34026601e+01 1.43443386e+01]
 [2.13531304e+01 2.26859973e+01]
 [5.00504672e+01 1.25116603e+01]
 [6.00929066e+00 3.48282781e+01]
 [5.13824242e-01 4.54694508e+01]
 [2.58119506e+00 3.96677531e+01]
 [4.03239394e+00 3.69383522e+01]
 [2.38404433e+01 2.15314788e+01]
 [4.75859928e+01 1.32989730e+01]
 [3.69837635e+01 1.63225093e+01]
 [8.64919865e+01 6.15676129e+00]
 [3.54154819e+01 1.70003975e+01]
 [3.36542071e+01 1.74010150e+01]
 [3.20537255e+00 3.81544643e+01]
 [4.94481916e+00 3.56141364e+01]
 [2.40538698e+01 2.14695150e+01]
 [6.48609556e+01 9.26874806e+00]
 [5.05834735e+01 1.23675360e+01]
 [3.43372301e+01 1.71514592e+01]
 [1.93779981e+01 2.37564183e+01]
 [5.01455835e+01 1.24796289e+01]
 [6.33070848e+01 9.61319687e+00]
 [5.40210633e+01 1.15365319e+01]
 [1.10958087e+01 2.96911065e+01]
 [6.83013424e+00 3.33587758e+01]
 [3.12500802e+01 1.84325539e+01]
 [6.43486652e+01 9.37801384e+00]
 [1.20306667e+01 2.85309140e+01]
 [2.25733983e+01 2.24263055e+01]
 [7.44505565e+01 7.63696884e+00]
 [5.89411434e+01 1.05818184e+01]
 [4.67329773e+01 1.33736789e+01]
 [3.88029074e+01 1.58309290e+01]
 [3.01727971e+01 1.87087766e+01]
 [1.34130912e+00 4.22112876e+01]
 [4.93661976e-01 4.58807307e+01]
 [2.15113580e+01 2.25891640e+01]
 [7.93024178e+01 7.29668767e+00]
 [3.35921562e-01 4.59875418e+01]
 [5.79757966e+01 1.06536827e+01]
 [4.76391019e+01 1.32669915e+01]
 [9.12935351e+00 3.13889598e+01]
 [2.15758789e+01 2.25489721e+01]
 [2.66596827e+01 2.02184574e+01]
 [8.12972023e-01 4.41664531e+01]
 [7.79711709e+00 3.22085453e+01]
 [4.45625951e+01 1.40918550e+01]
 [9.29939777e+00 3.10579557e+01]
 [6.96871304e+01 8.40558730e+00]
 [2.47211051e+01 2.10275627e+01]
 [1.42926711e+01 2.71591155e+01]
 [3.79945778e+01 1.59323796e+01]
 [8.62804999e+00 3.15900942e+01]
 [6.34288930e+00 3.46317578e+01]
 [1.31969028e+01 2.76972815e+01]
 [1.05494764e+01 2.98658082e+01]
 [2.77386830e+00 3.89277638e+01]
 [4.67663491e+01 1.33526234e+01]
 [4.21620745e+01 1.46265005e+01]
 [3.75361146e+00 3.72747338e+01]
 [6.96135576e+01 8.42397176e+00]
 [3.26021873e+01 1.77876950e+01]
 [8.02485554e+01 7.11869063e+00]
 [3.27101692e+01 1.77589149e+01]
 [6.91123586e+01 8.55038487e+00]
 [7.01730799e+01 8.31113849e+00]
 [3.91416147e+01 1.55467138e+01]
 [1.79816284e+01 2.45904349e+01]
 [5.32432904e+01 1.18283137e+01]
 [1.14352050e+02 4.60422727e+00]
 [6.91922583e-01 4.44418788e+01]
 [7.19408245e+01 8.01237546e+00]
 [2.02291111e+00 4.05086490e+01]
 [2.62728519e-01 4.64450476e+01]
 [4.13293070e+00 3.68514178e+01]
 [5.34718436e+01 1.16612434e+01]
 [2.24910830e+01 2.25071271e+01]
 [4.50652135e+01 1.38072019e+01]
 [1.21033246e+01 2.84498708e+01]
 [1.02984042e+00 4.31941739e+01]
 [4.28413418e+00 3.64353428e+01]
 [6.06772742e+01 1.00926354e+01]
 [5.17815690e+01 1.20756660e+01]
 [5.00753781e+01 1.24841183e+01]
 [3.64208919e+01 1.64783257e+01]
 [1.18525391e+01 2.91312741e+01]
 [2.05031630e+01 2.31204647e+01]
 [5.52778958e+01 1.14322952e+01]
 [7.86663475e+01 7.52203294e+00]
 [2.08699861e+01 2.29201545e+01]
 [1.19158618e+01 2.86011782e+01]
 [3.60147008e+01 1.66956781e+01]
 [1.41624463e+00 4.19642958e+01]
 [2.18207191e+00 4.01005677e+01]
 [7.09630621e+01 8.18251721e+00]
 [7.32905725e+01 7.80331402e+00]
 [6.39186693e+01 9.46243930e+00]
 [2.99171409e+01 1.88154538e+01]
 [5.68011641e+00 3.48922452e+01]
 [5.79406439e+01 1.06615388e+01]
 [8.69985118e+00 3.15208134e+01]
 [6.17388396e+01 9.88386160e+00]
 [2.76710956e+01 1.97216465e+01]
 [1.26970083e+01 2.79887756e+01]
 [2.96249626e+01 1.89193557e+01]
 [7.15411419e+01 8.08204778e+00]
 [9.64806784e-01 4.34619170e+01]
 [5.67820549e+01 1.09626200e+01]
 [4.55760076e+01 1.37923877e+01]
 [1.96244060e+01 2.36307163e+01]
 [1.57016340e+01 2.66034504e+01]
 [6.59895106e+01 9.06795717e+00]
 [8.71140682e+01 6.13990095e+00]
 [5.44720924e-02 4.85028582e+01]
 [6.81482199e+01 8.73209553e+00]
 [8.38781997e+01 6.40554897e+00]
 [2.45002497e+01 2.12163446e+01]
 [4.16488414e+01 1.47885308e+01]
 [6.30809087e-02 4.82543175e+01]
 [1.90862121e+01 2.39620795e+01]
 [3.00893148e+01 1.87538928e+01]
 [8.02530171e+01 6.89500690e+00]
 [5.99566303e+01 1.03243477e+01]
 [2.82799090e+01 1.95902615e+01]
 [1.21720366e+02 4.20366612e+00]
 [5.37508419e+01 1.15965500e+01]
 [2.95512604e+01 1.89490284e+01]
 [4.35963730e+01 1.42106767e+01]
 [5.22568693e+01 1.19540518e+01]
 [1.12915097e+01 2.92912511e+01]
 [1.03971057e+02 4.99102593e+00]
 [1.37226590e+01 2.72489659e+01]
 [3.84033172e+01 1.58489546e+01]
 [9.26337176e+01 5.54774061e+00]
 [3.04633304e+01 1.85882546e+01]
 [2.71171373e+01 2.00596996e+01]
 [6.47561113e+00 3.37577850e+01]
 [2.51986746e+01 2.09458081e+01]
 [4.13166782e+01 1.49032219e+01]
 [1.24066709e+01 2.82961716e+01]
 [4.50627179e+01 1.38072770e+01]
 [8.33835836e+00 3.18570563e+01]
 [2.56944060e+01 2.06039786e+01]
 [4.57535983e+01 1.37507355e+01]
 [1.16012511e+01 2.92780688e+01]
 [7.47868657e+01 7.63190417e+00]
 [4.78200184e+01 1.31105097e+01]
 [6.25382169e+01 9.87479518e+00]
 [4.87872619e+01 1.28731682e+01]
 [2.90975539e+01 1.91319475e+01]
 [9.98308152e+00 3.09959840e+01]
 [2.83382473e+01 1.94799664e+01]
 [5.92881792e+01 1.03757094e+01]
 [6.34292087e+01 9.56952756e+00]
 [3.36105911e+00 3.79255598e+01]
 [1.55173399e+00 4.17187350e+01]
 [4.88178671e+01 1.28028284e+01]
 [6.28141321e+01 9.71485685e+00]
 [1.66020059e+01 2.53441744e+01]
 [1.94384286e+01 2.36895503e+01]
 [7.39635241e+01 7.69609757e+00]
 [6.82050523e+01 8.66084505e+00]
 [3.19277821e+01 1.80330125e+01]
 [1.02361238e+01 2.99482246e+01]
 [5.66947620e+01 1.10250185e+01]
 [3.80921981e+01 1.58980171e+01]
 [4.57523154e+01 1.37772242e+01]
 [2.32146238e+01 2.17442200e+01]
 [5.31719334e-01 4.49768133e+01]
 [3.74625675e+01 1.61137424e+01]
 [6.55640272e+01 9.24599453e+00]
 [1.69419154e+01 2.51495577e+01]
 [1.05858416e+02 4.92105193e+00]
 [1.27231905e+00 4.23457722e+01]
 [6.42431024e+01 9.38528258e+00]
 [5.27762815e+01 1.18299221e+01]
 [1.18280558e+01 2.91576546e+01]
 [1.87817202e+01 2.40640860e+01]
 [2.74934143e+01 1.98808969e+01]
 [7.07017979e+01 8.21892645e+00]
 [5.15364835e+01 1.21595698e+01]
 [6.72357414e+01 8.82834390e+00]
 [3.77313499e+01 1.60484304e+01]
 [1.94024630e-01 4.71292754e+01]
 [4.92552310e+01 1.26934159e+01]
 [6.03193642e+01 1.01680580e+01]
 [6.02897036e+01 1.02580532e+01]
 [1.07470296e+02 4.61093884e+00]
 [5.40311884e+01 1.15314807e+01]
 [8.73773357e-01 4.37926566e+01]
 [9.02987337e+01 5.95605639e+00]
 [6.39099356e+01 9.53482244e+00]
 [6.42017115e+01 9.43635183e+00]
 [1.16406494e+02 4.29550247e+00]
 [1.59778951e+01 2.60158314e+01]]
