[[1.45988514e+01 1.87473437e-03]
 [4.86621314e+00 6.48194950e-03]
 [3.18032647e+01 6.57607673e-04]
 [1.62713356e+01 1.46668769e-03]
 [2.23930593e+01 9.50885037e-04]
 [1.32907934e+01 2.50734242e-03]
 [8.42493582e+00 2.79476072e-03]
 [1.38583616e+01 1.92456864e-03]
 [3.59035900e+01 5.50435783e-04]
 [4.00737834e+01 4.89780628e-04]
 [2.48886857e+01 7.99772236e-04]
 [4.22125371e+01 4.85464448e-04]
 [1.34796263e+01 1.92685029e-03]
 [6.96369168e+00 6.34659010e-03]
 [4.83163074e+00 1.01648399e-02]
 [7.40237673e+00 4.29442037e-03]
 [1.52122685e+01 1.49848569e-03]
 [3.18628374e+01 6.17493778e-04]
 [1.91315971e+01 1.11440104e-03]
 [1.12572469e+01 2.54979014e-03]]
