[[2.08511002 2.16097348]
 [0.93130106 1.03668218]
 [1.98383737 1.6164502 ]
 [2.09597257 2.0556585 ]
 [0.70193469 0.59430447]
 [1.05814058 0.79663998]
 [1.63322451 1.58117431]
 [3.45448459 2.99196855]
 [0.09940067 0.07863296]
 [2.76410989 2.52609268]
 [2.92879636 2.90878724]
 [0.29958845 0.36403037]
 [0.22275939 0.32248239]
 [1.1992388  1.48130914]
 [2.62335155 2.77442391]
 [3.08389179 2.84704896]
 [0.88098128 0.99619072]
 [2.16838174 2.42208159]
 [2.63857323 2.40648325]
 [2.59505814 2.31265173]
 [2.07924359 1.8500552 ]
 [3.91374707 2.97141535]
 [1.23866451 0.78651925]
 [1.10716367 0.80121606]
 [0.09166321 0.20017499]
 [1.9742524  2.24081549]
 [0.72779116 0.47319021]
 [4.52904748 2.96986554]
 [0.73396187 0.79289245]
 [2.58633799 2.74921756]
 [0.43741105 0.68192921]
 [2.85357926 2.99026028]
 [2.46035901 2.19027363]
 [1.69354013 1.57168841]
 [2.42214223 2.57795342]
 [0.13313942 0.33276111]
 [0.40264764 0.69510693]
 [0.79916825 0.60780638]
 [1.85077089 1.59209232]
 [2.63951989 2.22023263]
 [2.01610236 2.27624079]
 [2.00932962 2.09192406]
 [0.60383592 0.66085196]
 [0.69177345 0.87043339]
 [1.10741028 1.40173747]
 [1.57382844 1.88056681]
 [2.86636136 2.82828773]
 [2.45772575 2.57010749]
 [2.09289013 2.0503947 ]
 [1.47644397 1.63236415]
 [2.43960746 2.56606924]
 [2.92674229 2.69461514]
 [2.57087522 2.62599818]
 [0.80755385 1.02732192]
 [3.95673426 2.97141535]
 [3.03718981 2.84704896]
 [1.12600406 1.06542023]
 [0.284822   0.43396156]
 [1.51869337 1.75904101]
 [2.70458943 2.79508918]
 [3.42086769 2.89582878]
 [2.26441277 2.52057839]
 [2.92879636 2.98118403]
 [2.37601599 2.18672633]
 [2.16796164 1.9086505 ]
 [4.52904748 2.99968708]
 [2.08208614 2.1221932 ]
 [2.86636136 2.85484235]
 [1.24120345 0.84728284]
 [1.72986265 1.91459773]
 [3.51329079 2.99547261]
 [0.86977833 0.72817752]
 [0.80755385 1.04168594]
 [1.24039119 1.35966271]
 [1.43887669 1.34865861]
 [2.00932962 2.11657448]
 [2.66223022 2.47533056]
 [1.53752417 1.74407678]
 [2.63857323 2.48525083]
 [2.07924359 1.7536298 ]
 [1.45231491 1.67606949]
 [1.27243068 1.40173747]
 [0.3073087  0.19131116]
 [1.69354013 1.54899475]
 [3.97983471 2.95974287]
 [2.42214223 2.58011952]
 [2.52051469 2.76792034]
 [2.51257373 2.69625894]
 [0.1928124  0.11716435]
 [2.84803619 2.69632304]
 [0.39970184 0.38510912]
 [1.87991442 1.87613206]
 [2.69752819 2.55580402]
 [1.57188308 1.54328248]
 [2.14466167 1.94841846]
 [2.74135445 2.43741282]
 [1.18931489 1.38615655]
 [4.15288304 2.97147521]
 [1.48755044 1.74362372]
 [1.74492191 2.02491481]
 [0.98713604 0.75165092]
 [0.069447   0.07863296]
 [3.53507616 2.99547261]
 [0.79916825 0.77983399]
 [1.91071552 1.55436898]
 [1.50612477 1.82150006]
 [0.52072698 0.35952071]
 [2.92184557 2.90478473]
 [0.93130106 1.06569111]
 [1.39344308 1.38851736]
 [2.29969473 2.5133134 ]
 [2.2419151  2.19530599]
 [4.52904748 2.98221748]
 [0.90322218 0.80308392]
 [1.97548434 2.19249111]
 [2.05376613 2.3042199 ]
 [0.54734543 0.37620304]
 [1.70025687 1.87049133]
 [0.7461182  0.76187755]
 [2.15848131 2.52467676]
 [3.61720461 2.99196855]
 [3.03970573 2.84704896]
 [0.03783861 0.03805965]
 [1.97432909 2.43371868]
 [0.43873693 0.25873011]
 [2.45772575 2.56599654]
 [2.88874812 2.55156821]
 [3.08519824 2.92566703]
 [3.58674811 2.99632499]
 [2.16469254 2.29447763]
 [2.23999814 2.02154702]
 [0.1571993  0.2541666 ]
 [1.81359046 1.94493827]
 [1.81986771 1.85210763]
 [2.7393871  2.34197428]
 [0.83130282 1.30607165]
 [0.4420837  0.39166185]
 [2.5100839  2.69625894]
 [0.68627599 0.78608211]
 [1.89119871 1.4469459 ]
 [0.28256953 0.36403037]
 [4.15288304 2.96430363]
 [2.61583239 2.30908872]
 [0.49798499 0.47319021]
 [1.06273223 1.21979251]
 [3.29708944 2.82039878]
 [1.1661332  1.05913299]
 [3.45448459 2.99872901]
 [1.78363939 1.53764861]
 [0.78225215 1.05911783]
 [0.68385647 0.65772074]
 [1.31044417 1.19059799]
 [3.39534418 2.90374333]
 [1.1992388  1.50569798]
 [2.87406421 2.44025243]
 [0.39785037 0.74277465]
 [2.38481914 2.1584175 ]
 [2.67203939 2.97141535]
 [1.07651241 1.12582128]
 [0.97131334 0.90882659]
 [2.68497434 2.25272713]
 [3.97983471 2.97504874]
 [1.18931489 1.67095121]
 [1.60165013 1.5029861 ]
 [4.15288304 2.96761894]
 [2.28400675 2.22247567]
 [0.92920637 0.83021128]
 [2.17596528 1.61727441]
 [0.77297065 0.89732252]
 [3.02722956 2.91549481]
 [0.7124957  0.67395226]
 [2.55570739 2.77299888]
 [2.62153481 2.82607305]
 [2.92879636 2.96879064]
 [3.10282297 2.69438398]
 [2.16253956 2.29867401]
 [0.07850825 0.07863296]
 [1.53463308 1.82649352]
 [1.87288598 1.854501  ]
 [0.6487384  0.36841991]
 [0.91976721 1.46502628]
 [2.14875949 1.70087738]
 [1.20975628 1.5169865 ]
 [1.35026359 1.68145165]
 [3.08519824 2.92654263]
 [3.91374707 2.98375658]
 [2.2095214  1.68011627]
 [4.45068866 2.98957814]
 [3.25694331 2.73039774]
 [0.76916238 0.89732252]
 [3.55305134 2.99547261]
 [4.16880054 2.9902972 ]
 [0.46786627 0.76254577]
 [1.72986265 1.85158814]
 [3.45448459 2.99829968]
 [1.50608663 1.681002  ]
 [2.55333047 2.26655605]
 [2.63857323 2.35339158]
 [1.5262348  1.53081882]
 [2.49094292 2.66934231]
 [0.88269088 0.81055969]
 [1.22058914 0.86443987]
 [3.39689114 2.9832089 ]
 [1.18931489 1.30096422]
 [1.83963739 1.68700149]
 [1.88491894 1.52469714]
 [2.01610236 2.27509517]
 [3.29016686 2.91813884]
 [2.2642675  2.12031742]
 [1.93260607 1.55262907]
 [0.63355546 0.90378514]
 [0.06407457 0.02967747]
 [1.44542013 1.31739936]
 [0.03438014 0.07863296]
 [4.29752758 2.97504874]
 [3.02739501 2.72434368]
 [2.77671827 2.92566703]
 [1.97548434 2.02082613]
 [0.94044696 0.7566643 ]
 [1.55192277 1.82318647]
 [0.28869566 0.28001263]
 [2.44919665 2.2582766 ]
 [0.90222845 0.72817752]
 [1.43887669 1.51934049]
 [1.36712566 1.45183266]
 [3.87917741 2.9600777 ]
 [1.24708467 1.65326152]
 [2.87216098 2.85484235]
 [0.57626611 0.61888713]
 [2.23999814 2.01282431]
 [1.57414664 1.82649352]
 [1.03576379 1.28010303]
 [3.29708944 2.86557965]
 [2.0797823  1.9270104 ]
 [1.96417429 1.53774145]
 [2.87842598 2.96218342]
 [4.07050928 2.97528214]
 [1.30117429 0.99039787]
 [2.83816226 2.93656114]
 [1.12568812 1.34918463]
 [3.01997632 2.79293479]
 [0.23706435 0.21016333]
 [1.33793622 1.21589679]
 [3.03718981 2.99208734]
 [0.71064016 1.01186677]
 [1.42788141 1.71336234]
 [2.79069852 2.63498562]
 [1.62409496 1.66693978]
 [2.2419151  2.22909187]
 [1.37059888 1.55432081]
 [1.78437252 2.18537389]
 [2.94808975 2.99026028]
 [2.49387695 2.31265173]
 [2.92674229 2.68735997]
 [1.91071552 1.51157317]
 [2.6311198  2.77442391]
 [1.38175839 1.25551726]
 [2.94404602 2.42942788]
 [3.45448459 2.98934454]
 [2.70019042 2.52239639]
 [1.68837198 1.9944763 ]
 [3.86970462 2.90478473]
 [2.07346931 1.88098393]
 [2.24465964 2.37881074]
 [0.66123973 0.80308392]
 [2.40028159 2.34197428]
 [0.97131334 0.96515004]
 [1.25195331 1.63904045]
 [4.85550416 2.97161799]
 [2.63942836 2.41892144]
 [2.68940699 2.82429558]]
