[[1.52610864e-02 2.65060857e+04]
 [3.39946541e-02 1.19017793e+04]
 [1.56337478e-02 2.61879711e+04]
 [1.81709261e-02 2.27639785e+04]
 [1.62575380e-02 2.61301132e+04]
 [4.62849481e-03 9.26446699e+04]
 [1.62635497e-02 2.60908654e+04]
 [9.34856944e-03 4.58151828e+04]
 [4.20465602e-02 9.64779082e+03]
 [1.71903022e-02 2.48412240e+04]
 [3.26742584e-02 1.30973775e+04]
 [4.08667690e-02 9.88006791e+03]
 [3.40208399e-02 1.17614107e+04]
 [4.44591476e-02 9.19862942e+03]
 [1.75295983e-02 2.40157801e+04]
 [4.38763308e-02 9.22336587e+03]
 [1.03692194e-02 4.08404102e+04]
 [5.21677925e-02 8.55108380e+03]
 [4.82240244e-02 8.75207350e+03]
 [1.11795923e-02 4.01334903e+04]
 [2.30937731e-02 1.91501164e+04]
 [7.21745903e-03 5.73780199e+04]
 [1.18190519e-02 3.50358476e+04]
 [5.06842271e-02 8.65771193e+03]
 [3.36164810e-02 1.19821006e+04]
 [1.18354443e-02 3.50021279e+04]
 [5.70642553e-03 7.62117900e+04]
 [1.79607010e-02 2.29207175e+04]
 [6.19121166e-03 6.56275581e+04]
 [4.65354691e-03 9.12984915e+04]
 [1.94332819e-02 2.08882371e+04]
 [5.63864583e-02 8.51876931e+03]
 [8.95673742e-03 4.84996619e+04]
 [4.60620601e-03 9.28565146e+04]
 [4.00819745e-02 1.03348587e+04]
 [2.12396875e-02 2.05354801e+04]
 [4.06416246e-02 1.00446816e+04]
 [9.36077285e-03 4.57552021e+04]
 [8.83746590e-03 5.03411543e+04]
 [1.56698361e-02 2.61598346e+04]
 [5.24402866e-02 8.52494116e+03]
 [1.41694440e-02 2.85614157e+04]
 [1.12904054e-02 3.64421185e+04]
 [3.71743595e-02 1.14599100e+04]
 [3.12897558e-02 1.32043037e+04]
 [2.54563689e-02 1.60579229e+04]
 [1.25256296e-02 3.41861625e+04]
 [1.05271615e-02 4.07399452e+04]
 [1.63636906e-02 2.57279225e+04]
 [3.48386309e-02 1.16591325e+04]
 [4.77606596e-02 8.76825761e+03]
 [3.74402288e-02 1.10701231e+04]
 [9.05388616e-03 4.58841958e+04]
 [9.60256313e-03 4.23439945e+04]
 [2.94965773e-02 1.42171313e+04]
 [1.56300755e-02 2.61908587e+04]
 [1.92383234e-02 2.09915489e+04]
 [6.51721799e-03 6.31820496e+04]
 [5.92311324e-03 7.47245047e+04]
 [4.55808988e-02 8.96004010e+03]
 [1.72212955e-02 2.48411823e+04]
 [5.96207391e-03 7.41870948e+04]
 [8.91477716e-03 5.02686153e+04]
 [2.31265098e-02 1.85630540e+04]
 [4.88452434e-02 8.72462314e+03]
 [8.98266300e-03 4.82479321e+04]
 [7.95336212e-03 5.08223855e+04]
 [1.95384757e-02 2.07029024e+04]
 [3.93499102e-02 1.04931842e+04]
 [1.29235530e-02 3.13044488e+04]
 [4.56252310e-02 8.95883611e+03]
 [2.53772198e-02 1.61596024e+04]
 [1.25047924e-02 3.42449398e+04]
 [2.59716437e-02 1.55184095e+04]
 [2.48568742e-02 1.69853218e+04]
 [3.26681624e-02 1.31001785e+04]
 [6.66002373e-03 6.08780600e+04]
 [2.70103875e-02 1.48885175e+04]
 [5.19662867e-03 8.02995811e+04]
 [2.81160060e-02 1.44000689e+04]
 [1.11546351e-02 4.01973221e+04]
 [1.01064533e-02 4.08976773e+04]
 [1.12726319e-02 3.86443528e+04]
 [1.11919949e-02 4.01022027e+04]
 [4.26678498e-02 9.56750335e+03]
 [4.52754996e-03 9.65679231e+04]
 [4.68680370e-03 9.03276711e+04]
 [2.69539901e-02 1.51800337e+04]
 [3.29027805e-02 1.25876588e+04]
 [3.99194307e-02 1.04235916e+04]
 [4.11356790e-02 9.81017170e+03]
 [1.89197417e-02 2.13290231e+04]
 [3.71595821e-02 1.15541675e+04]
 [2.05529652e-02 2.05519151e+04]
 [3.03558032e-02 1.41683998e+04]
 [1.76420590e-02 2.29442688e+04]
 [4.92058286e-02 8.71871523e+03]
 [4.44876847e-02 9.09786705e+03]
 [4.60419495e-02 8.87789298e+03]
 [4.01032224e-02 1.02347449e+04]
 [3.93047391e-02 1.05135150e+04]
 [1.21395552e-02 3.47205905e+04]
 [7.80247314e-03 5.42720858e+04]
 [1.12726255e-02 3.86443626e+04]
 [4.97748931e-02 8.71450119e+03]
 [4.61943221e-02 8.77381911e+03]
 [3.27453939e-02 1.26589541e+04]
 [2.22356700e-02 1.96000863e+04]
 [2.78484543e-02 1.44415282e+04]
 [1.05704471e-02 4.04129180e+04]
 [1.31492993e-02 3.06117503e+04]
 [6.98961744e-03 5.89124280e+04]
 [1.52381122e-02 2.65483667e+04]
 [1.74241155e-02 2.43395516e+04]
 [5.92320891e-03 7.47237775e+04]
 [1.63768238e-02 2.48943779e+04]
 [3.83505258e-02 1.09268096e+04]
 [3.30718565e-02 1.24542500e+04]
 [3.11885482e-02 1.36444253e+04]
 [1.35545000e-02 3.01717688e+04]
 [2.34907225e-02 1.85297495e+04]
 [2.36764821e-02 1.72619989e+04]
 [6.04037656e-03 6.70641884e+04]
 [2.54659140e-02 1.60457471e+04]
 [4.72008400e-03 8.95004785e+04]]
