[[0.43379929 4.27441307 8.65190854 0.52291692]
 [1.75227483 0.91971877 8.74307991 2.40652691]
 [1.73299224 1.08436835 8.96233316 3.74103206]
 [1.20409188 1.76397926 9.02295352 2.76510197]
 [1.21787112 1.76397926 9.02295352 2.92931194]
 [0.2945588  5.97891896 8.70793343 0.99162695]
 [1.49483566 1.80878574 9.0866481  3.06589553]
 [1.52433924 0.73557035 9.37709581 4.03546697]
 [1.02679196 1.06911358 9.82763891 4.74819281]
 [0.34073199 6.00022562 8.70793343 0.70789747]
 [0.9471505  1.15764965 9.6102041  4.21956828]
 [2.02449432 0.97963812 9.73001965 3.66438363]
 [0.90653668 2.65408991 9.98372002 1.43651236]
 [1.02679196 8.45817405 9.82463861 4.96755264]
 [1.73299224 1.08436835 8.96233316 2.20198775]
 [1.75227483 0.91971877 9.23797763 2.40652691]
 [0.3518626  3.93157542 9.30476082 1.6103169 ]
 [1.55287456 1.41875043 9.85146657 4.08348391]
 [1.02656644 8.45824061 9.92098268 4.61986733]]
