[[1.86260211e-03 3.45560727e-03 1.79353495e+00]
 [3.66543097e-03 8.62346253e-03 2.38535544e+00]
 [3.81016124e-03 7.49858311e-03 2.02228296e+00]
 [4.28768775e-03 8.24009870e-03 2.25299232e+00]
 [4.44117107e-03 8.28135361e-03 1.85269631e+00]
 [4.32981507e-03 9.09311989e-03 2.21095800e+00]
 [4.18578026e-03 6.83464900e-03 1.79598128e+00]
 [4.45037688e-03 8.02961405e-03 1.76838125e+00]
 [9.83468338e-04 2.64574544e-03 2.88021939e+00]
 [2.10905345e-03 4.57964324e-03 2.25661808e+00]
 [2.02623798e-03 3.15100174e-03 1.28918613e+00]
 [4.19551244e-03 8.07698409e-03 1.79952602e+00]
 [3.07450507e-03 6.39460881e-03 2.01985442e+00]
 [3.06600550e-03 7.81718416e-03 2.31972708e+00]
 [4.54933401e-03 7.69911946e-03 1.40403817e+00]
 [2.47638858e-03 4.53212453e-03 1.43273907e+00]
 [1.06482510e-03 1.39548429e-03 2.01132433e+00]
 [1.00434143e-03 1.46755891e-03 1.25899283e+00]
 [5.19796825e-03 8.99102895e-03 1.54821796e+00]
 [8.71483206e-04 1.86677408e-03 2.52897231e+00]
 [1.17187710e-03 2.79089762e-03 2.15890566e+00]
 [3.07450507e-03 6.12740009e-03 2.01985442e+00]
 [1.87903139e-03 3.17566213e-03 1.79353495e+00]
 [1.31052259e-03 2.48821243e-03 2.59844632e+00]
 [2.33468361e-03 4.76573422e-03 2.45908022e+00]
 [4.00635179e-03 9.96378619e-03 2.88176548e+00]
 [3.66556644e-03 8.76122568e-03 2.29453011e+00]
 [5.33591453e-03 9.92746630e-03 2.13815930e+00]
 [4.50039839e-03 8.87493521e-03 2.07981898e+00]
 [2.02623798e-03 3.15100174e-03 1.47926618e+00]
 [4.32981507e-03 8.27546048e-03 2.19007911e+00]
 [3.47869481e-03 8.49458843e-03 2.58229245e+00]
 [9.83468338e-04 2.64574544e-03 2.90074666e+00]
 [2.64387317e-03 5.67117646e-03 2.12082844e+00]
 [1.89997391e-03 4.45322248e-03 2.40187967e+00]
 [2.27380877e-03 4.62753892e-03 2.44300679e+00]
 [4.40211970e-03 9.10527607e-03 2.21095800e+00]
 [4.50698977e-03 8.78116334e-03 2.08633286e+00]
 [5.41559379e-03 9.93635916e-03 2.27796057e+00]
 [4.30247271e-03 9.75596411e-03 2.36796478e+00]
 [4.36297009e-03 6.80623536e-03 1.62514747e+00]
 [4.27165082e-03 9.20324495e-03 2.30315149e+00]
 [1.86260211e-03 3.19533722e-03 1.89504013e+00]
 [2.14375972e-03 5.43202870e-03 2.47209344e+00]
 [1.00351415e-03 1.43833428e-03 2.13411898e+00]
 [1.14902255e-03 2.01780007e-03 1.17466269e+00]
 [4.54417906e-03 9.75596411e-03 2.35560178e+00]
 [3.61035261e-03 8.87873965e-03 2.45322306e+00]
 [2.64893583e-03 5.62775015e-03 2.04934062e+00]
 [1.05997041e-03 2.13986207e-03 2.21095800e+00]
 [2.31487234e-03 3.95556484e-03 2.25846639e+00]
 [4.31695408e-03 9.73802078e-03 2.42334028e+00]
 [5.01772301e-04 1.27171760e-03 2.12123734e+00]
 [3.43180832e-03 7.81718416e-03 2.25241428e+00]
 [9.69622611e-04 1.75063857e-03 2.01341651e+00]
 [2.60432634e-03 4.37017525e-03 1.43848795e+00]
 [1.08619016e-03 1.72789399e-03 1.17466269e+00]
 [8.29216678e-04 1.32209969e-03 2.03934585e+00]
 [3.43705621e-03 5.40398582e-03 1.48989288e+00]
 [2.74119775e-03 5.60529991e-03 2.29788351e+00]
 [4.70474688e-03 9.71248671e-03 2.47242505e+00]
 [3.09047117e-03 5.58666828e-03 2.04498660e+00]
 [5.71531112e-04 1.16718683e-03 2.14099065e+00]
 [2.79416723e-03 6.17520663e-03 2.59831779e+00]
 [3.22420857e-03 6.33562050e-03 2.04841631e+00]
 [5.42425814e-03 9.90264348e-03 2.21553705e+00]
 [4.30247271e-03 9.49846460e-03 2.35560178e+00]
 [1.30491547e-03 2.53913443e-03 1.77332855e+00]
 [8.71483206e-04 1.86307766e-03 2.52897231e+00]
 [2.02623798e-03 3.15100174e-03 1.41519400e+00]
 [2.70329918e-03 4.82483198e-03 1.81234832e+00]
 [4.54417906e-03 9.73730435e-03 2.31106990e+00]
 [2.10905345e-03 4.57964324e-03 2.19889671e+00]
 [4.00751826e-03 9.98112896e-03 2.96766966e+00]
 [1.17187710e-03 2.51841761e-03 2.14817435e+00]
 [1.87903139e-03 3.58447049e-03 1.79253476e+00]
 [1.61045050e-03 3.83281482e-03 2.41352031e+00]
 [4.37262157e-03 7.67828174e-03 1.43173970e+00]
 [2.27380877e-03 4.62753892e-03 2.40469814e+00]
 [2.49110108e-03 5.68402130e-03 2.46771893e+00]
 [1.13902773e-03 1.97082788e-03 2.01132433e+00]
 [9.69622611e-04 1.75063857e-03 2.27108797e+00]
 [1.96448142e-03 3.29548728e-03 1.29584245e+00]
 [1.88699038e-03 3.61164728e-03 1.90323487e+00]
 [2.58302154e-03 5.43202870e-03 2.47209344e+00]]
