[[0.43379929 4.27441307 8.65190854 0.52291692]
 [1.02679196 8.45817405 9.82763891 4.57948067]
 [1.4989948  1.86709885 9.70171865 3.74195519]
 [1.68005678 1.30700616 9.63388057 2.58191717]
 [0.90872519 7.19075923 9.70912511 4.65655809]
 [0.55867567 3.33434245 9.48881637 0.91937637]
 [1.18582585 2.56987231 9.60000241 1.2892189 ]
 [1.04256965 1.81511829 9.40087105 1.9611576 ]
 [0.454131   4.41948928 9.29574171 1.40800301]
 [1.25823323 1.90660622 9.63603167 2.93609384]
 [0.57152466 2.80940531 8.87781336 1.32397866]
 [0.52797523 5.26156423 9.81340468 2.07869755]
 [1.52745912 1.82654497 9.37709581 2.18413919]
 [0.46997835 4.27441307 8.91861086 0.52291692]
 [0.35855117 4.19450551 8.16893428 0.90322812]
 [2.80571336 0.34053857 8.84251301 3.04233271]
 [1.52433924 1.32431087 9.37709581 4.04857475]
 [0.95394447 3.77423832 9.48921093 4.90152491]
 [0.9932453  8.45817405 9.82763891 4.70393673]
 [1.4989948  1.86709885 9.68300228 3.74195519]
 [2.50628914 0.99079352 9.93275783 3.8791797 ]
 [1.35637703 1.81326152 9.06487958 3.54383833]
 [2.10765496 0.93788368 9.30352872 4.25718021]
 [4.48535804 3.11944036 9.96314866 4.92750718]
 [0.57152466 2.78373934 8.83931531 1.80864244]
 [1.04256965 1.81511829 9.40087105 1.95527668]
 [2.19160162 4.66183366 9.88608904 4.8997083 ]
 [1.68005678 1.30700616 9.63388057 2.58630233]
 [0.454131   4.41948928 9.29574171 1.75872763]
 [1.53994181 1.50854052 9.80634134 3.99469277]
 [1.55718641 0.95564536 8.84756169 4.20180268]
 [0.53099068 2.80940531 8.87781336 1.83383873]
 [1.27733016 1.90660622 9.62940984 3.5390173 ]]
