[[2.28501682e+01 1.08072894e-03]
 [4.86621314e+00 6.48194950e-03]
 [2.07478519e+01 1.29261954e-03]
 [5.84396847e+00 4.19155408e-03]
 [1.41282381e+01 1.88054045e-03]
 [2.79978629e+01 6.83266825e-04]
 [3.89272496e+01 5.19203987e-04]
 [9.58156013e+00 2.74038333e-03]
 [2.35784120e+01 1.03677209e-03]
 [2.92661677e+01 6.45065751e-04]
 [2.43991230e+01 8.43368936e-04]
 [4.29671197e+01 4.67470190e-04]
 [1.14462391e+01 1.93396081e-03]
 [2.26047271e+01 1.09686641e-03]
 [3.18139270e+01 6.05598032e-04]
 [3.29833719e+01 5.21588106e-04]
 [3.01623029e+01 6.44720732e-04]
 [3.89473227e+01 5.18905730e-04]
 [1.43408329e+01 1.87473437e-03]
 [1.43842463e+01 1.34036314e-03]
 [4.90717964e+00 6.28572760e-03]
 [2.65388367e+01 8.19977628e-04]
 [5.65466890e+01 4.57344956e-04]]
