[[1.45988514e+01 1.87473437e-03]
 [4.86621314e+00 6.48194950e-03]
 [3.18032647e+01 6.57607673e-04]
 [3.23474214e+01 6.42435431e-04]
 [2.23930593e+01 9.50885037e-04]
 [8.42493582e+00 2.79476072e-03]
 [1.38583616e+01 1.92456864e-03]
 [1.62072948e+01 1.34727829e-03]
 [1.26053579e+01 1.94096797e-03]
 [1.05192484e+01 2.36960019e-03]
 [2.95673572e+01 7.55071598e-04]
 [8.17277015e+00 3.25138612e-03]
 [2.17998571e+01 1.15443046e-03]
 [1.39488202e+01 1.88668282e-03]
 [2.64003878e+01 8.07495918e-04]
 [4.11596263e+01 5.05021991e-04]
 [1.08092050e+01 2.02625357e-03]
 [1.96787866e+01 1.33323684e-03]
 [2.49061276e+01 8.35621306e-04]
 [7.31444769e+00 6.18233187e-03]
 [1.60829212e+01 1.55215804e-03]
 [3.83617938e+01 5.07556250e-04]
 [3.51316048e+01 5.16042187e-04]
 [7.90112433e+01 5.02531603e-04]
 [2.39149254e+01 9.42560925e-04]]
