[[0.78492906 0.54484695]
 [0.73040799 0.75682233]
 [0.93409408 0.22575936]
 [0.19926235 0.94980579]
 [0.47552887 0.92152968]
 [0.8012487  0.52841505]
 [0.98939217 0.12105207]
 [0.5338845  0.81703931]
 [0.77807584 0.73647432]
 [0.99227132 0.10920286]
 [0.49632796 0.8755134 ]
 [0.75812175 0.74707707]
 [0.69216392 0.77811244]
 [0.05959908 1.05319202]
 [0.94287295 0.16534123]
 [1.04393159 0.05553549]
 [0.83666401 0.50115076]
 [0.44773456 0.94848934]
 [0.5918154  0.78040966]
 [0.90193034 0.4625186 ]
 [0.98840477 0.12735498]
 [0.5177284  0.82229772]]
