[[1.52610864e-02 2.65060857e+04]
 [4.48927166e-02 9.16056255e+03]
 [1.69870331e-02 2.59225653e+04]
 [4.91232333e-02 8.96634650e+03]
 [3.39946541e-02 1.19017793e+04]
 [5.26285058e-02 8.93022581e+03]
 [3.70128177e-02 1.09776149e+04]
 [4.18541489e-02 9.65590185e+03]
 [1.07192317e-02 3.87363394e+04]
 [3.18475519e-02 1.27103137e+04]
 [4.37664957e-02 9.35419140e+03]
 [9.94202140e-03 4.21205463e+04]
 [5.80348224e-03 8.04541568e+04]
 [5.25064956e-03 9.90916651e+04]
 [5.30174139e-02 8.90322283e+03]
 [2.57065886e-02 1.59723699e+04]
 [2.40249579e-02 1.80470326e+04]
 [1.42412880e-02 3.02360048e+04]
 [2.11989407e-02 2.09003634e+04]
 [2.84826754e-02 1.42657777e+04]
 [7.73724338e-03 5.94455362e+04]
 [2.15610606e-02 1.97547574e+04]
 [5.13100196e-02 8.93622558e+03]
 [4.73555666e-02 9.12917325e+03]
 [2.90637842e-02 1.38857811e+04]
 [1.70144863e-02 2.46728070e+04]
 [7.58866197e-02 8.56762993e+03]
 [4.13015000e-02 9.73581844e+03]
 [2.76988282e-02 1.48063855e+04]
 [2.21329965e-02 1.87887245e+04]
 [2.07726097e-02 2.12463979e+04]
 [3.37724028e-02 1.25457480e+04]
 [8.39484406e-03 5.02553943e+04]
 [3.86220078e-02 1.06247298e+04]
 [2.54687490e-02 1.67201596e+04]
 [1.97271194e-02 2.14106709e+04]
 [3.13697710e-02 1.32693625e+04]
 [4.44729031e-02 9.17961313e+03]
 [1.04531331e-02 3.90352527e+04]
 [1.68398107e-02 2.62944547e+04]
 [1.20047096e-02 3.53053416e+04]
 [1.24716151e-02 3.25896933e+04]
 [6.19508767e-03 6.70760432e+04]
 [3.83388269e-02 1.07549503e+04]
 [1.77245362e-02 2.42757962e+04]
 [3.00377192e-02 1.34831737e+04]
 [2.62867233e-02 1.53645015e+04]
 [1.87360996e-02 2.28346030e+04]
 [3.99908406e-02 1.04217462e+04]
 [3.67088751e-02 1.16974067e+04]
 [2.46256110e-02 1.77824971e+04]
 [5.72353032e-03 9.53193492e+04]
 [3.52409008e-02 1.18755166e+04]
 [7.99375538e-03 5.56434818e+04]
 [8.50140207e-03 4.79698146e+04]
 [3.67142297e-02 1.14469841e+04]
 [3.91501289e-02 1.04415751e+04]
 [2.94486200e-02 1.38201460e+04]
 [2.26525509e-02 1.80652162e+04]
 [1.10535363e-02 3.80183348e+04]
 [2.49219831e-02 1.71066334e+04]
 [3.07079211e-02 1.33655570e+04]
 [1.74860118e-02 2.46158642e+04]
 [5.44890156e-02 8.58774919e+03]]
