[[0.45143231 2.92861663 9.97021732 2.84224238]
 [0.54538902 4.9909419  6.28659226 0.66619035]
 [0.65041858 2.37980705 9.78607245 2.88543338]
 [1.00919192 1.02242458 8.59440024 1.882569  ]
 [0.55154733 2.33554263 9.96610815 3.66685126]
 [0.54538902 4.9909419  6.20532466 0.58364883]
 [0.57673203 2.60410294 6.62492371 1.18674139]
 [0.71736335 2.76526745 9.99990886 2.09350953]
 [0.71721832 2.92096965 9.99290276 1.78274943]
 [0.44162348 3.00408594 9.42456131 2.15337109]
 [1.51933864 0.62313511 9.87249662 4.66721062]
 [1.47228108 1.00727256 9.99894162 1.72274107]
 [0.54538902 4.9909419  5.51989805 1.08121517]
 [0.6427542  2.7435533  9.98705746 2.09350953]
 [2.38461303 1.05489259 9.98437766 4.87421737]
 [0.65419533 1.85324454 9.73016002 2.62791618]
 [1.45673098 0.98456543 9.98265101 2.30684929]
 [0.54538902 1.9253149  9.90724337 3.31839693]
 [0.54694494 2.36055079 9.90564581 4.73074901]
 [1.03838017 3.02438218 9.99606146 4.95166868]
 [0.37647964 4.26763189 9.08238904 1.29371647]
 [0.42371013 6.41869492 9.90273847 0.66619035]
 [0.54682185 4.99083766 6.10834668 0.58364883]
 [0.59242395 2.32374438 9.96239437 4.12334617]
 [0.48975747 2.65393431 9.06617096 1.82866255]
 [0.97457107 1.72060254 9.33869987 1.43539328]
 [2.12324831 2.15988544 9.99373316 4.98880335]
 [0.45143231 2.96146283 9.98369851 2.84224238]
 [0.56336275 2.22446115 9.1796726  1.23828106]
 [1.94138594 1.16485108 9.80246536 4.90596086]
 [0.54538902 6.05480119 6.28531147 0.68882692]
 [1.1553305  1.68347228 9.99606146 4.5303179 ]
 [1.51933864 0.62313511 9.87249662 4.5954677 ]
 [0.56914118 4.9909419  6.20717941 0.58364883]
 [0.45638256 4.36546453 9.85094171 1.22165433]
 [1.0658326  2.2770181  9.80892222 1.38908909]
 [0.45344972 2.87980045 9.97021732 2.93016559]
 [0.50099766 2.92658546 8.50008677 1.15454229]]
