[[4.86621314e+00 6.48194950e-03]
 [3.18032647e+01 6.57607673e-04]
 [3.23474214e+01 6.42435431e-04]
 [2.23930593e+01 9.50885037e-04]
 [8.42493582e+00 2.79476072e-03]
 [1.62072948e+01 1.34727829e-03]
 [3.04950242e+01 8.01750723e-04]
 [1.26053579e+01 1.94096797e-03]
 [2.49856601e+01 8.35621306e-04]
 [1.05192484e+01 2.36960019e-03]
 [2.05235936e+01 1.11743859e-03]
 [1.32477023e+01 1.78585662e-03]
 [4.12812895e+01 4.82027693e-04]
 [1.89571676e+01 1.21840162e-03]
 [8.42367821e+00 2.79621054e-03]
 [2.52504119e+02 4.64934589e-04]
 [1.54685803e+01 1.74385818e-03]
 [2.09483803e+01 1.05895739e-03]
 [3.92707249e+01 4.90369895e-04]
 [3.06556777e+01 6.89864754e-04]
 [2.39103799e+01 8.36682339e-04]
 [6.76831003e+00 4.01139008e-03]
 [3.18081908e+01 6.57262705e-04]
 [1.77810119e+02 4.76945740e-04]
 [4.68732383e+00 7.12615905e-03]
 [3.77505617e+00 2.07142646e-02]
 [3.32401390e+01 5.98679075e-04]]
