[[3.60699608e+01 1.65566552e+01]
 [7.76812641e+00 3.22621992e+01]
 [3.44753316e+01 1.71025222e+01]
 [2.86511655e+01 1.95368564e+01]
 [3.38364045e+00 3.78835185e+01]
 [7.01718697e+00 3.32064912e+01]
 [2.06701379e+01 2.30235463e+01]
 [8.35413583e+01 6.42080819e+00]
 [6.42545421e-02 4.82357273e+01]
 [5.60857909e+01 1.11194220e+01]
 [6.81555654e+01 8.66305532e+00]
 [8.89085385e-01 4.35860832e+01]
 [6.14466549e-01 4.47011988e+01]
 [1.45298019e+01 2.68269711e+01]
 [5.83176055e+01 1.06016468e+01]
 [7.04643053e+01 8.30666886e+00]
 [7.07409588e+00 3.29968040e+01]
 [6.16784942e+01 9.95395502e+00]
 [1.04976551e+01 2.98948891e+01]
 [5.10129214e+01 1.23026655e+01]
 [4.83307391e+01 1.30055861e+01]
 [3.09838326e+01 1.84529702e+01]
 [9.12337203e+00 3.15838444e+01]
 [9.65869014e+01 5.29510110e+00]
 [8.61160919e+00 3.19010647e+01]
 [7.47103428e+00 3.27839613e+01]
 [1.93888691e-01 4.71300901e+01]
 [3.56757064e+01 1.67682477e+01]
 [3.01435576e+00 3.87437753e+01]
 [1.17329489e+02 4.34324222e+00]
 [4.66951383e+00 3.58988353e+01]
 [6.83382844e+01 8.64617576e+00]
 [4.34026601e+01 1.43443386e+01]
 [2.13531304e+01 2.26859973e+01]
 [4.18005687e+01 1.50087135e+01]
 [5.00504672e+01 1.25116603e+01]
 [5.13824242e-01 4.54694508e+01]
 [4.03239394e+00 3.69383522e+01]
 [2.38404433e+01 2.15314788e+01]
 [4.75859928e+01 1.32989730e+01]
 [8.64919865e+01 6.15676129e+00]
 [3.54154819e+01 1.70003975e+01]
 [3.36542071e+01 1.74010150e+01]
 [3.20537255e+00 3.81544643e+01]
 [4.94481916e+00 3.56141364e+01]
 [2.83518875e+01 1.95538827e+01]
 [2.40538698e+01 2.14695150e+01]
 [6.48609556e+01 9.26874806e+00]
 [5.05834735e+01 1.23675360e+01]
 [3.43372301e+01 1.71514592e+01]
 [1.93779981e+01 2.37564183e+01]
 [5.01455835e+01 1.24796289e+01]
 [6.33070848e+01 9.61319687e+00]
 [5.40210633e+01 1.15365319e+01]
 [6.83013424e+00 3.33587758e+01]
 [6.43486652e+01 9.37801384e+00]
 [1.20306667e+01 2.85309140e+01]
 [2.25733983e+01 2.24263055e+01]
 [7.44505565e+01 7.63696884e+00]
 [4.67329773e+01 1.33736789e+01]
 [3.88029074e+01 1.58309290e+01]
 [3.01727971e+01 1.87087766e+01]
 [1.34130912e+00 4.22112876e+01]
 [4.93661976e-01 4.58807307e+01]
 [2.15113580e+01 2.25891640e+01]
 [3.35921562e-01 4.59875418e+01]
 [5.79757966e+01 1.06536827e+01]
 [4.76391019e+01 1.32669915e+01]
 [2.15758789e+01 2.25489721e+01]
 [2.66596827e+01 2.02184574e+01]
 [2.58182713e+01 2.08055238e+01]
 [8.12972023e-01 4.41664531e+01]
 [7.79711709e+00 3.22085453e+01]
 [4.45625951e+01 1.40918550e+01]
 [6.96871304e+01 8.40558730e+00]
 [2.47211051e+01 2.10275627e+01]
 [3.79945778e+01 1.59323796e+01]
 [8.62804999e+00 3.15900942e+01]
 [1.31969028e+01 2.76972815e+01]
 [2.76770048e+01 1.99347921e+01]
 [1.05494764e+01 2.98658082e+01]
 [2.77386830e+00 3.89277638e+01]
 [4.67663491e+01 1.33526234e+01]
 [4.21620745e+01 1.46265005e+01]
 [3.75361146e+00 3.72747338e+01]
 [5.38580768e+01 1.16485177e+01]
 [6.96135576e+01 8.42397176e+00]
 [3.26021873e+01 1.77876950e+01]
 [3.27101692e+01 1.77589149e+01]
 [7.01730799e+01 8.31113849e+00]
 [3.91416147e+01 1.55467138e+01]
 [1.79816284e+01 2.45904349e+01]
 [5.32432904e+01 1.18283137e+01]
 [7.34291820e+01 7.93473231e+00]
 [6.91922583e-01 4.44418788e+01]
 [7.19408245e+01 8.01237546e+00]
 [2.02291111e+00 4.05086490e+01]
 [2.62728519e-01 4.64450476e+01]
 [2.94556295e+01 1.90190379e+01]
 [3.68837885e+01 1.62778096e+01]
 [1.76583651e+01 2.47259639e+01]
 [6.19386338e+01 9.88446096e+00]
 [5.69107059e+00 3.46730830e+01]
 [6.70158970e+00 3.35512470e+01]
 [7.06433365e+00 3.31663212e+01]
 [1.19494149e+01 2.90699891e+01]
 [5.97727721e+01 1.03173904e+01]
 [5.31812253e+01 1.18410721e+01]
 [1.11366248e+02 4.46773512e+00]
 [5.88955217e+01 1.05346946e+01]
 [4.34020763e+00 3.63742678e+01]
 [2.07533627e+01 2.29756858e+01]
 [2.23431364e-01 4.67255589e+01]
 [2.88622336e+01 1.92590117e+01]
 [6.39982488e+01 9.44230629e+00]
 [1.92354777e+01 2.40158428e+01]
 [2.48494113e+01 2.09878672e+01]
 [3.35986974e+01 1.76307233e+01]
 [1.99265584e+01 2.36269433e+01]
 [2.04051783e+01 2.32218832e+01]
 [5.43792748e+01 1.14544818e+01]
 [4.55520349e+01 1.36961618e+01]
 [7.58694824e+01 7.41945698e+00]
 [7.42386677e+01 7.68537119e+00]
 [5.21627481e+01 1.19719513e+01]
 [1.30612311e+01 2.78205895e+01]
 [7.18126503e+01 8.03332423e+00]
 [5.51530988e+01 1.13664217e+01]
 [3.79843462e+01 1.59358755e+01]
 [1.21327882e+02 4.25094126e+00]
 [6.74115697e+01 8.79855209e+00]
 [2.61648992e+01 2.04415206e+01]
 [3.29919322e+01 1.77246709e+01]
 [4.47007022e+01 1.39375350e+01]
 [1.01576138e+02 4.98239380e+00]
 [6.83638571e+01 8.63461527e+00]
 [2.10211816e+01 2.28379592e+01]
 [2.73134035e+00 3.92949732e+01]
 [1.97808139e+00 4.13936088e+01]
 [5.66146847e+01 1.09690048e+01]
 [5.00019941e+01 1.27389758e+01]
 [2.11895078e+01 2.27625245e+01]
 [3.72105884e+01 1.62542093e+01]
 [6.57241795e+01 9.10764814e+00]
 [2.29895291e+01 2.18979054e+01]
 [2.07130871e+01 2.29968123e+01]
 [1.06667610e+01 2.98434831e+01]
 [5.27471166e+01 1.19068443e+01]
 [4.81080063e+01 1.30574126e+01]
 [3.17061880e+00 3.84128128e+01]
 [1.12308571e+01 2.92652857e+01]
 [4.05990248e+01 1.51792405e+01]
 [4.20125167e+01 1.47371520e+01]
 [9.52994649e+01 5.38661552e+00]
 [2.01163285e+00 4.05376242e+01]
 [1.06830590e+01 2.96200725e+01]
 [5.53466096e+01 1.13030869e+01]
 [7.10305742e+01 8.16322123e+00]
 [5.34139355e+01 1.16849723e+01]
 [5.23946537e+00 3.51889399e+01]
 [3.14084242e+01 1.82396525e+01]
 [2.80399848e+01 1.98621433e+01]
 [1.04715625e+02 4.74572909e+00]
 [3.19839668e+01 1.80346404e+01]
 [6.32407786e+00 3.42930434e+01]
 [5.09300816e+01 1.23225134e+01]
 [1.63823480e+01 2.54890922e+01]
 [6.33820752e+00 3.39862864e+01]
 [7.44917873e+01 7.61010023e+00]
 [4.09731014e+01 1.50486382e+01]
 [2.34790500e+01 2.16121222e+01]
 [3.43368509e+00 3.77929471e+01]
 [3.23638158e+01 1.79431698e+01]
 [3.10451564e+01 1.83759165e+01]
 [2.63409078e+01 2.03955906e+01]
 [1.38295848e+01 2.72077869e+01]
 [2.59663211e+01 2.05532175e+01]
 [2.23552330e+01 2.24345069e+01]
 [7.78940541e+01 7.28353360e+00]
 [4.57349811e+00 3.60276739e+01]
 [1.03238421e+01 3.02920065e+01]
 [9.67935560e+00 3.04449379e+01]
 [1.20990897e+01 2.84882704e+01]
 [2.91391164e+01 1.91279302e+01]
 [1.58697391e+01 2.58399891e+01]
 [1.75302305e-02 4.90761406e+01]
 [9.12469890e+00 3.10374281e+01]
 [2.34205213e+01 2.17717531e+01]
 [5.69685137e+01 1.08715609e+01]
 [5.50651506e-01 4.49357003e+01]
 [6.38218492e+01 9.52285375e+00]
 [1.40576876e+01 2.70187323e+01]
 [9.33444050e+00 3.07367716e+01]
 [4.65446329e+01 1.34150488e+01]
 [3.85597758e+01 1.58980358e+01]
 [3.23594341e+01 1.79647680e+01]
 [2.58740638e+00 3.93548818e+01]
 [8.08973486e+01 6.88873668e+00]
 [2.29797330e+00 4.04215351e+01]
 [4.07338398e+01 1.50807146e+01]
 [5.92550955e+01 1.04729225e+01]
 [1.35898720e+01 2.74350867e+01]
 [1.03498347e+02 4.87174322e+00]
 [5.81385319e-02 4.86321957e+01]
 [4.07548706e+00 3.68394576e+01]
 [7.94121048e+01 6.99175073e+00]
 [6.92952476e+01 8.47254006e+00]
 [4.34429125e+01 1.42815068e+01]
 [2.68842649e+01 2.00701335e+01]
 [2.04409047e+01 2.31745202e+01]
 [1.10846280e+02 4.66766195e+00]
 [1.47601879e+01 2.65322038e+01]
 [8.09410445e+01 6.87757548e+00]
 [3.52549024e+00 3.76177490e+01]
 [3.92918190e+01 1.55093442e+01]
 [4.94120729e+01 1.27879559e+01]
 [3.58637722e+01 1.66968840e+01]
 [1.51329034e+01 2.63468146e+01]
 [7.22568018e+01 8.01019654e+00]
 [3.04509000e+01 1.86542565e+01]
 [8.87595135e+01 5.87851230e+00]
 [1.16177627e+01 2.91700743e+01]
 [7.38784397e+01 7.71016256e+00]
 [6.74774858e+01 8.78532935e+00]
 [6.90976254e+01 8.49667014e+00]
 [2.22895416e+01 2.25102777e+01]
 [9.67647686e+01 5.26483759e+00]
 [5.93929303e+01 1.04143511e+01]
 [1.00723737e+02 5.02640771e+00]
 [3.84222944e+01 1.59035416e+01]
 [7.92260210e+01 7.04429967e+00]
 [4.26942914e+01 1.46089323e+01]
 [1.29048625e+01 2.79424675e+01]
 [1.18894092e+02 4.32779867e+00]
 [1.87107008e+01 2.41546281e+01]
 [8.21596145e+00 3.21471080e+01]
 [6.62254928e+01 9.01754232e+00]
 [3.75484984e+01 1.61123325e+01]
 [3.62337637e+01 1.64981668e+01]
 [1.54069065e+00 4.17034592e+01]
 [6.85675130e+01 8.58955636e+00]
 [6.28135626e+01 9.66735274e+00]
 [2.01622545e+01 2.33764666e+01]
 [1.28808988e+02 4.15010715e+00]
 [9.81034316e-01 4.32631351e+01]
 [6.97716999e-02 4.81503277e+01]
 [2.99555530e+01 1.88366458e+01]
 [3.54571360e+01 1.69514484e+01]
 [5.07613464e+01 1.23621955e+01]
 [4.59351916e+01 1.35633474e+01]
 [1.26202105e+01 2.80355597e+01]
 [1.26180616e+01 2.83250707e+01]
 [5.19303427e+01 1.21174491e+01]
 [2.54533058e+00 3.94035358e+01]
 [7.53793540e+01 7.54010633e+00]
 [1.11417847e+02 4.45906659e+00]
 [1.15637745e+00 4.26899957e+01]
 [1.75926508e+01 2.47815240e+01]
 [1.79089564e+01 2.47253069e+01]
 [7.36225908e+01 7.82897374e+00]
 [8.59451220e+01 6.18922906e+00]
 [7.83849261e+01 7.24456748e+00]
 [9.86600585e+01 5.12810954e+00]
 [3.78033569e+01 1.59916883e+01]
 [6.00455164e+01 1.02212102e+01]
 [1.84089464e+01 2.42647778e+01]]
