[[5.27494521e-02 8.44003536e+03]
 [4.20374837e-03 9.82595960e+04]
 [2.48329331e-02 1.67471188e+04]
 [8.86103998e-03 4.71490777e+04]
 [1.04149482e-02 4.03819737e+04]
 [4.67272048e-03 9.20050499e+04]
 [4.87620600e-03 8.39020475e+04]
 [6.02320468e-03 7.60550272e+04]
 [3.33311581e-02 1.23057916e+04]
 [2.21854422e-02 1.93129071e+04]
 [1.65622666e-02 2.77106837e+04]
 [1.11297369e-02 3.80388365e+04]
 [5.20041641e-03 7.98282298e+04]
 [2.77339075e-02 1.50996200e+04]
 [1.41538158e-02 3.00473609e+04]
 [3.61897982e-02 1.20116039e+04]
 [4.79448902e-02 8.94554650e+03]
 [8.34912908e-03 5.05594247e+04]
 [1.69592123e-02 2.41192253e+04]
 [4.20080121e-02 9.80155919e+03]
 [2.04005921e-02 2.00518887e+04]
 [1.24366696e-02 3.38012605e+04]
 [4.12002287e-02 1.09607832e+04]
 [3.05829404e-02 1.31551791e+04]
 [6.47773922e-03 6.53774954e+04]
 [4.33893393e-03 9.61443344e+04]
 [3.87981967e-02 1.10962983e+04]
 [1.93730987e-02 2.17301458e+04]
 [1.82693889e-02 2.29921136e+04]
 [7.99399062e-03 5.34655117e+04]
 [4.48418848e-02 9.10251790e+03]
 [6.91661108e-03 6.15052921e+04]
 [6.07294103e-03 6.98922839e+04]
 [5.07431025e-02 8.52028988e+03]
 [7.05552833e-03 5.97306970e+04]
 [1.30297819e-02 3.08458181e+04]
 [2.87852875e-02 1.43294363e+04]
 [4.44016951e-02 9.12713721e+03]
 [3.78327788e-02 1.17349457e+04]
 [4.92761627e-02 8.54047201e+03]]
