[[1.52610864e-02 2.65060857e+04]
 [4.48927166e-02 9.16056255e+03]
 [1.69870331e-02 2.59225653e+04]
 [4.91232333e-02 8.96634650e+03]
 [3.39946541e-02 1.19017793e+04]
 [2.69897406e-02 1.55173060e+04]
 [3.70128177e-02 1.09776149e+04]
 [4.18541489e-02 9.65590185e+03]
 [1.07192317e-02 3.87363394e+04]
 [6.65579178e-03 8.01334124e+04]
 [3.15247391e-02 1.32695640e+04]
 [3.18475519e-02 1.27103137e+04]
 [5.58102404e-02 8.67738208e+03]
 [1.20622167e-02 3.74183468e+04]
 [2.37449270e-02 1.84067872e+04]
 [3.13492445e-02 1.34289154e+04]
 [9.94202140e-03 4.21205463e+04]
 [1.75662574e-02 2.46631743e+04]
 [5.80348224e-03 8.04541568e+04]
 [2.57065886e-02 1.59723699e+04]
 [2.40249579e-02 1.80470326e+04]
 [1.42412880e-02 3.02360048e+04]
 [8.62407872e-03 4.80120660e+04]
 [2.84826754e-02 1.42657777e+04]
 [1.29877897e-02 3.30752248e+04]
 [7.73724338e-03 5.94455362e+04]
 [1.24606059e-02 3.63709236e+04]
 [2.15610606e-02 1.97547574e+04]
 [1.25515295e-02 3.39218841e+04]
 [3.56293475e-02 1.15415231e+04]
 [1.70569834e-02 2.57194604e+04]
 [2.27770842e-02 1.94904425e+04]
 [5.75335399e-03 8.15878888e+04]
 [2.35508944e-02 1.89740365e+04]
 [9.85954862e-03 4.24125729e+04]
 [4.35778295e-02 9.42356509e+03]
 [3.86507950e-02 1.05601546e+04]
 [2.18999391e-02 1.96602023e+04]
 [2.43419886e-02 1.79499630e+04]
 [1.42242641e-02 3.10751030e+04]
 [2.50994872e-02 1.64281394e+04]
 [2.97210182e-02 1.40857963e+04]
 [3.69261540e-02 1.10711959e+04]
 [2.09129967e-02 2.09911803e+04]
 [2.10157929e-02 1.99129687e+04]
 [4.91266017e-02 8.96616079e+03]
 [8.25261662e-03 5.79075600e+04]
 [1.47725297e-02 2.97456421e+04]
 [5.00961131e-02 8.77237656e+03]
 [2.50477388e-02 1.65429573e+04]
 [2.76239360e-02 1.48616831e+04]
 [5.11962662e-03 9.08943287e+04]
 [2.35997568e-02 1.85793866e+04]
 [3.98852555e-02 1.05494403e+04]
 [2.39355490e-02 1.81138042e+04]
 [1.94711598e-02 2.11710243e+04]
 [3.15632389e-02 1.30358894e+04]
 [1.04511832e-02 4.14685769e+04]
 [5.60357064e-02 8.66925361e+03]
 [2.98186930e-02 1.40065906e+04]
 [9.64501799e-03 4.46325188e+04]
 [4.35984174e-02 9.27863297e+03]
 [3.84120872e-02 1.07763765e+04]
 [1.22827198e-02 3.69777582e+04]
 [1.48244394e-02 2.74481903e+04]
 [1.34827232e-02 3.17978567e+04]
 [4.16322357e-02 1.00467672e+04]
 [7.48908400e-03 6.91761958e+04]
 [5.37045064e-03 8.62570311e+04]
 [1.79384737e-02 2.40434239e+04]
 [3.45959375e-02 1.16007184e+04]]
