[[1.86260211e-03 3.45560727e-03 1.79353495e+00]
 [4.30247271e-03 9.73802078e-03 2.35560178e+00]
 [3.81016124e-03 7.49858311e-03 2.02228296e+00]
 [2.74119775e-03 5.60529991e-03 2.34345957e+00]
 [4.44117107e-03 8.28135361e-03 1.85269631e+00]
 [4.32981507e-03 9.09311989e-03 2.21095800e+00]
 [1.15103041e-03 2.27001165e-03 2.19196477e+00]
 [2.00727488e-03 5.29546610e-03 2.78886484e+00]
 [2.53888621e-03 5.91387182e-03 1.85759032e+00]
 [3.93884008e-03 6.88955048e-03 1.80800322e+00]
 [3.72748802e-03 7.10354578e-03 1.91128685e+00]
 [1.01581476e-03 2.25806922e-03 2.94264094e+00]
 [2.69654701e-03 5.90546522e-03 1.76106815e+00]
 [4.79737567e-03 9.46676679e-03 2.10686741e+00]
 [8.48018217e-04 2.02463036e-03 2.70847595e+00]
 [2.31462936e-03 4.26821349e-03 1.49622293e+00]
 [9.04097157e-04 1.28975984e-03 1.21052505e+00]
 [4.93963846e-04 1.50455028e-03 1.79070095e+00]
 [1.86155670e-03 4.71819063e-03 2.96364884e+00]
 [1.08067485e-03 1.91272052e-03 1.77409247e+00]
 [2.78504172e-03 6.14781891e-03 2.33033671e+00]
 [6.56219990e-04 1.80729214e-03 2.38861388e+00]
 [4.11045694e-03 8.80114848e-03 2.09366891e+00]
 [1.55528584e-03 2.90474808e-03 1.68796635e+00]
 [3.30453904e-03 5.24785211e-03 1.75018204e+00]
 [1.78973595e-03 4.30973654e-03 2.74649084e+00]
 [3.19297737e-03 6.81204184e-03 2.07090299e+00]
 [3.36721090e-03 7.35559750e-03 2.52048766e+00]
 [1.01843130e-03 2.60373312e-03 2.60537904e+00]
 [1.08067485e-03 1.42210879e-03 1.77409247e+00]
 [8.95238740e-03 9.97251268e-03 2.99630645e+00]
 [7.56138826e-04 2.16314251e-03 2.69899635e+00]
 [7.50144315e-03 9.99347176e-03 2.49633131e+00]
 [1.95877620e-03 3.50656502e-03 1.71526241e+00]
 [1.00234643e-03 1.94234687e-03 1.74233688e+00]
 [9.04097157e-04 1.40086159e-03 1.19513139e+00]
 [5.03983009e-03 9.23100683e-03 1.71684831e+00]
 [8.81676556e-04 2.02463036e-03 2.71292486e+00]
 [3.79137555e-03 7.48194337e-03 1.97917559e+00]
 [3.64489349e-03 8.17010407e-03 2.15571443e+00]
 [2.18368162e-03 3.84048206e-03 2.11703310e+00]
 [2.31462936e-03 4.37678614e-03 1.61081471e+00]
 [1.66207456e-03 3.03080676e-03 2.23989139e+00]
 [1.86517973e-03 4.25508066e-03 2.50364858e+00]
 [1.86750151e-03 3.91549451e-03 1.86584633e+00]
 [1.90168707e-03 3.41146823e-03 1.36733972e+00]
 [3.44641441e-03 6.59871078e-03 2.08757498e+00]
 [2.08541031e-03 4.26821349e-03 2.16078390e+00]
 [1.57598589e-03 2.97332619e-03 2.09336914e+00]
 [6.56219990e-04 1.80729214e-03 2.40141091e+00]
 [4.17913447e-03 9.80477329e-03 2.90794844e+00]
 [4.62084193e-03 9.78111638e-03 2.39294506e+00]
 [3.44418229e-03 6.57065425e-03 2.16207131e+00]
 [1.05507080e-03 1.84738618e-03 1.18991214e+00]
 [2.78621770e-03 6.19039635e-03 1.73880519e+00]
 [2.78504172e-03 6.14781891e-03 2.33327611e+00]
 [4.76963017e-03 9.49614641e-03 2.02194380e+00]
 [2.58646854e-03 5.46253255e-03 2.30166251e+00]
 [3.92972998e-03 8.65635002e-03 2.29015680e+00]
 [1.74750308e-03 4.54776210e-03 2.96364884e+00]
 [4.50873936e-03 8.57539374e-03 1.85216764e+00]
 [4.78639547e-03 8.85823117e-03 1.73617454e+00]
 [7.22773107e-03 9.88803878e-03 2.76099837e+00]
 [4.45222534e-03 9.08595503e-03 1.90467833e+00]
 [2.77839371e-03 5.57162619e-03 2.46784627e+00]
 [4.53823514e-03 7.90604363e-03 1.81372028e+00]]
