[[1.86260211e-03 3.45560727e-03 1.79353495e+00]
 [4.30247271e-03 9.73802078e-03 2.35560178e+00]
 [1.98569888e-03 4.26701009e-03 1.68669248e+00]
 [3.81016124e-03 7.49858311e-03 2.02228296e+00]
 [4.44117107e-03 8.28135361e-03 1.85269631e+00]
 [4.32981507e-03 9.09311989e-03 2.21095800e+00]
 [1.61510770e-03 3.42440641e-03 1.52376081e+00]
 [1.15103041e-03 2.27001165e-03 2.19196477e+00]
 [8.96306989e-04 2.10770942e-03 2.00564877e+00]
 [3.72748802e-03 7.10354578e-03 1.91128685e+00]
 [4.06288428e-03 7.43749196e-03 1.57597376e+00]
 [4.79737567e-03 9.46676679e-03 2.10686741e+00]
 [8.48018217e-04 2.02463036e-03 2.70847595e+00]
 [2.31462936e-03 4.26821349e-03 1.49622293e+00]
 [4.93963846e-04 1.50455028e-03 1.79070095e+00]
 [2.37214058e-03 5.39490891e-03 2.49856157e+00]
 [1.32906238e-03 2.83462432e-03 2.60128235e+00]
 [3.96461620e-03 9.86246782e-03 2.76726161e+00]
 [9.57218657e-04 2.03401167e-03 2.72299737e+00]
 [2.03548374e-03 4.77826846e-03 2.49888494e+00]
 [5.29391275e-03 9.33623721e-03 1.62259216e+00]
 [2.33102045e-03 4.26821349e-03 1.53788997e+00]
 [2.80192635e-03 4.74941413e-03 1.51904348e+00]
 [3.74081240e-03 6.50031660e-03 1.65252027e+00]
 [3.80077338e-03 8.27627709e-03 2.38535544e+00]
 [1.09735021e-03 2.15039796e-03 1.69890180e+00]
 [3.90502381e-03 8.06986896e-03 2.34395004e+00]
 [9.09046265e-04 1.08090061e-03 1.23410063e+00]
 [3.72748802e-03 7.10354578e-03 2.03243619e+00]
 [5.38337063e-03 9.58802516e-03 1.74180033e+00]
 [2.85218003e-03 5.77067509e-03 2.00895413e+00]
 [2.28960922e-03 5.04519170e-03 2.35433899e+00]
 [3.72748802e-03 6.65322998e-03 1.91128685e+00]
 [3.86810772e-03 6.35181778e-03 1.46182245e+00]
 [8.00609773e-04 1.34292084e-03 1.89134591e+00]
 [9.19388147e-04 2.10770942e-03 2.00564877e+00]
 [1.28157786e-03 2.93862485e-03 2.37873635e+00]
 [4.01479583e-03 7.63102182e-03 1.99122551e+00]
 [4.79737567e-03 9.22344109e-03 2.11990736e+00]
 [3.11702918e-03 5.50248311e-03 1.65193441e+00]
 [4.44117107e-03 8.22073510e-03 1.85269631e+00]
 [9.19388147e-04 2.10770942e-03 1.99510683e+00]
 [2.13702259e-03 4.25672510e-03 2.04779227e+00]
 [5.29068795e-03 9.74740371e-03 2.13469867e+00]
 [3.69931230e-03 7.05984015e-03 2.01482651e+00]
 [1.87069957e-03 2.75262911e-03 1.44409828e+00]
 [8.96043492e-03 9.94018421e-03 2.99704101e+00]
 [1.81643156e-03 3.24528098e-03 1.56017764e+00]
 [5.49547922e-03 9.99198624e-03 2.79557779e+00]
 [3.03537420e-03 6.39126849e-03 2.13132423e+00]
 [8.02873561e-04 1.71707906e-03 2.63487580e+00]
 [2.85218003e-03 5.77067509e-03 2.14583462e+00]
 [2.28960922e-03 5.04519170e-03 2.18403365e+00]
 [5.39092721e-04 1.19494183e-03 2.35813767e+00]
 [4.49405971e-03 9.90406197e-03 2.54783250e+00]
 [7.42677234e-04 1.59025868e-03 2.70167836e+00]
 [1.44944833e-03 3.10591877e-03 2.29963489e+00]
 [1.28333110e-03 3.14616001e-03 2.48127656e+00]
 [4.26614528e-03 8.19272550e-03 2.02306940e+00]
 [8.96306989e-04 2.10770942e-03 2.00357093e+00]
 [4.84460568e-03 9.49883359e-03 1.72971408e+00]
 [7.82974936e-04 1.93699398e-03 1.74195194e+00]
 [9.80283292e-04 1.59494172e-03 1.72231580e+00]
 [3.11911612e-03 5.83765541e-03 1.65387434e+00]
 [4.32981507e-03 9.09311989e-03 2.20933128e+00]
 [9.80283292e-04 2.15877704e-03 1.86156123e+00]
 [2.90830468e-03 6.66942543e-03 2.47993240e+00]
 [5.38714595e-03 9.95647647e-03 2.54783250e+00]
 [2.42248916e-03 4.69692646e-03 1.92070336e+00]
 [1.15103041e-03 2.39629241e-03 2.19196477e+00]
 [4.54767043e-03 8.17816964e-03 1.73026852e+00]
 [1.86260211e-03 3.45560727e-03 1.85098815e+00]
 [2.08201832e-03 5.05844168e-03 2.49888494e+00]
 [8.00609773e-04 1.34292084e-03 1.84113249e+00]
 [3.72748802e-03 7.47695473e-03 2.24787620e+00]
 [4.83768264e-03 8.44272760e-03 1.85120169e+00]
 [7.66299140e-04 1.85617328e-03 2.89600244e+00]
 [2.28556262e-03 4.26821349e-03 1.53788997e+00]]
