[[3.56627469 1.44719121 3.09863686 0.73788542 1.23316532 3.06578637]
 [3.84504429 2.00182116 2.2509107  0.08470813 2.23224989 4.66479129]
 [4.45121046 1.03143827 2.16433781 0.15505317 4.5960303  9.18670382]
 [0.31874948 2.22165399 3.29127042 0.58103408 4.73621251 1.31381279]
 [3.84504429 2.00182116 2.2509107  0.08470813 2.22126658 4.66479129]
 [4.25149615 1.56313374 2.3905716  0.43508537 4.50924227 3.1012666 ]
 [3.95292462 0.99182195 3.64686678 0.1396582  4.55711813 1.67428657]
 [4.45121046 1.03143827 2.16433781 0.2223113  4.95630602 9.59128406]
 [1.00802706 2.01989906 1.77931831 0.42949267 1.22470871 1.15640313]
 [3.60079633 1.45942256 2.41401604 2.57233805 1.14490469 0.76990213]
 [0.26685984 2.21133793 1.56718692 0.55085394 1.31415202 5.32470703]
 [4.40037147 1.00738918 2.14509943 2.05748644 3.53712586 6.07054713]]
