[[0.94325798 0.44926606]
 [0.78492906 0.54484695]
 [0.13029781 1.01105499]
 [0.78370864 0.68885046]
 [0.64378191 0.8212774 ]
 [0.75657785 0.73172552]
 [0.54740253 0.83423943]
 [0.96976334 0.183849  ]
 [0.50895849 0.94053954]
 [0.96550217 0.2999713 ]
 [0.58703917 0.82831943]
 [0.5097077  0.90347077]
 [1.00631284 0.15360282]
 [0.85547439 0.49975369]
 [0.10120985 1.03676877]
 [0.96734711 0.19031166]
 [0.86785573 0.48063712]
 [0.68101831 0.81754061]
 [0.18941363 0.94878627]
 [0.70378543 0.7959111 ]]
