[[4.44300381e-04 9.44626639e-04 2.13797712e+00]
 [4.40080360e-03 9.99978063e-03 2.99832069e+00]
 [4.20540862e-04 9.75407994e-04 2.67690187e+00]
 [3.24521372e-03 5.95967897e-03 2.02801933e+00]
 [2.51582758e-03 4.39986888e-03 1.56998986e+00]
 [4.57280610e-04 1.05014279e-03 2.54397045e+00]
 [4.06836179e-03 9.94772778e-03 2.68026615e+00]
 [2.07114182e-03 4.77038672e-03 2.10789641e+00]
 [6.21216174e-04 1.28265994e-03 1.78980040e+00]
 [2.79610581e-03 5.85759271e-03 2.03545015e+00]
 [6.24815679e-04 1.27759883e-03 2.53056408e+00]
 [2.51828888e-03 4.85008078e-03 2.00862151e+00]
 [6.21216174e-04 1.32999436e-03 2.01120613e+00]
 [3.80792526e-03 8.01059004e-03 1.88875180e+00]
 [6.21216174e-04 1.25989157e-03 1.93939074e+00]
 [1.02395774e-03 1.98324895e-03 1.61564501e+00]
 [1.46581349e-03 3.49060424e-03 2.68402765e+00]
 [3.87240723e-03 8.13006439e-03 2.13888474e+00]
 [7.89729646e-04 1.61966913e-03 2.15401423e+00]
 [1.06553241e-03 1.98324895e-03 1.67816345e+00]
 [4.06836179e-03 9.92552612e-03 2.87551910e+00]
 [4.28769163e-04 9.88684362e-04 2.33980038e+00]
 [4.60672931e-03 8.47094808e-03 1.77331952e+00]
 [6.24815679e-04 1.32999436e-03 2.53056408e+00]
 [4.93420317e-03 9.99530893e-03 2.07916556e+00]
 [3.26716645e-03 6.44176073e-03 2.17144871e+00]
 [7.86670891e-04 1.63596923e-03 1.81650220e+00]
 [2.51875727e-03 5.31209475e-03 2.15461401e+00]
 [1.63312294e-03 3.12485689e-03 1.76074476e+00]
 [3.26716645e-03 6.85938377e-03 2.09140986e+00]
 [1.26933776e-03 2.49489227e-03 1.90619006e+00]
 [1.76450584e-03 3.07163050e-03 1.50235087e+00]
 [4.58982070e-03 9.96335159e-03 1.77586660e+00]
 [1.47601709e-03 3.27612560e-03 2.13334893e+00]
 [7.86670891e-04 1.60577550e-03 1.97241709e+00]
 [1.68729301e-03 3.96206493e-03 1.95249593e+00]
 [8.38359022e-04 2.01955988e-03 2.64906994e+00]
 [2.67101608e-03 5.19262024e-03 1.94625483e+00]
 [1.72768855e-03 2.69549684e-03 1.53985309e+00]
 [3.80760514e-03 8.01059004e-03 1.78419229e+00]
 [1.52776978e-03 3.27612560e-03 2.18233919e+00]
 [1.12814350e-03 2.32446088e-03 2.13764171e+00]
 [4.93420317e-03 9.99804340e-03 1.90705580e+00]
 [1.76450584e-03 2.76502280e-03 1.53985309e+00]
 [7.82900202e-04 1.63366345e-03 1.91601755e+00]
 [1.06553241e-03 1.98324895e-03 2.04535819e+00]
 [1.47601709e-03 3.35262140e-03 2.68402765e+00]
 [4.93420317e-03 9.99530893e-03 2.00570375e+00]
 [1.14102661e-03 2.49914009e-03 1.91848618e+00]
 [4.54248375e-04 9.51825454e-04 2.13797712e+00]]
