[[3.60699608e+01 1.65566552e+01]
 [7.76812641e+00 3.22621992e+01]
 [3.44753316e+01 1.71025222e+01]
 [3.38364045e+00 3.78835185e+01]
 [7.01718697e+00 3.32064912e+01]
 [2.06701379e+01 2.30235463e+01]
 [8.35413583e+01 6.42080819e+00]
 [6.42545421e-02 4.82357273e+01]
 [5.60857909e+01 1.11194220e+01]
 [6.81555654e+01 8.66305532e+00]
 [8.89085385e-01 4.35860832e+01]
 [6.14466549e-01 4.47011988e+01]
 [7.04643053e+01 8.30666886e+00]
 [2.37133311e+01 2.18482271e+01]
 [7.07409588e+00 3.29968040e+01]
 [6.16784942e+01 9.95395502e+00]
 [1.04976551e+01 2.98948891e+01]
 [5.10129214e+01 1.23026655e+01]
 [4.83307391e+01 1.30055861e+01]
 [3.09838326e+01 1.84529702e+01]
 [1.07577721e+02 5.06983686e+00]
 [9.65869014e+01 5.29510110e+00]
 [8.61160919e+00 3.19010647e+01]
 [7.47103428e+00 3.27839613e+01]
 [1.93888691e-01 4.71300901e+01]
 [3.56757064e+01 1.67682477e+01]
 [3.01435576e+00 3.87437753e+01]
 [1.17329489e+02 4.34324222e+00]
 [4.66951383e+00 3.58988353e+01]
 [5.69893656e+01 1.08917859e+01]
 [6.83382844e+01 8.64617576e+00]
 [2.13531304e+01 2.26859973e+01]
 [5.00504672e+01 1.25116603e+01]
 [1.88251444e+01 2.41843976e+01]
 [5.13824242e-01 4.54694508e+01]
 [4.03239394e+00 3.69383522e+01]
 [2.38404433e+01 2.15314788e+01]
 [4.75859928e+01 1.32989730e+01]
 [3.69837635e+01 1.63225093e+01]
 [8.64919865e+01 6.15676129e+00]
 [3.36542071e+01 1.74010150e+01]
 [3.20537255e+00 3.81544643e+01]
 [4.94481916e+00 3.56141364e+01]
 [2.83518875e+01 1.95538827e+01]
 [1.27649019e+01 2.80997480e+01]
 [6.48609556e+01 9.26874806e+00]
 [5.05834735e+01 1.23675360e+01]
 [3.43372301e+01 1.71514592e+01]
 [1.93779981e+01 2.37564183e+01]
 [5.01455835e+01 1.24796289e+01]
 [6.33070848e+01 9.61319687e+00]
 [5.40210633e+01 1.15365319e+01]
 [6.83013424e+00 3.33587758e+01]
 [3.12500802e+01 1.84325539e+01]
 [6.43486652e+01 9.37801384e+00]
 [1.20306667e+01 2.85309140e+01]
 [7.44505565e+01 7.63696884e+00]
 [4.67329773e+01 1.33736789e+01]
 [3.88029074e+01 1.58309290e+01]
 [3.01727971e+01 1.87087766e+01]
 [1.34130912e+00 4.22112876e+01]
 [4.93661976e-01 4.58807307e+01]
 [2.15113580e+01 2.25891640e+01]
 [3.35921562e-01 4.59875418e+01]
 [5.79757966e+01 1.06536827e+01]
 [4.76391019e+01 1.32669915e+01]
 [2.15758789e+01 2.25489721e+01]
 [2.66596827e+01 2.02184574e+01]
 [1.08977338e+02 5.00396913e+00]
 [8.12972023e-01 4.41664531e+01]
 [7.79711709e+00 3.22085453e+01]
 [6.96871304e+01 8.40558730e+00]
 [2.47211051e+01 2.10275627e+01]
 [3.79945778e+01 1.59323796e+01]
 [8.62804999e+00 3.15900942e+01]
 [1.31969028e+01 2.76972815e+01]
 [1.05494764e+01 2.98658082e+01]
 [2.77386830e+00 3.89277638e+01]
 [4.67663491e+01 1.33526234e+01]
 [2.37216027e+01 2.17945128e+01]
 [4.21620745e+01 1.46265005e+01]
 [3.75361146e+00 3.72747338e+01]
 [5.38580768e+01 1.16485177e+01]
 [6.96135576e+01 8.42397176e+00]
 [3.26021873e+01 1.77876950e+01]
 [3.27101692e+01 1.77589149e+01]
 [6.91123586e+01 8.55038487e+00]
 [7.01730799e+01 8.31113849e+00]
 [3.91416147e+01 1.55467138e+01]
 [6.91922583e-01 4.44418788e+01]
 [7.19408245e+01 8.01237546e+00]
 [2.02291111e+00 4.05086490e+01]
 [2.62728519e-01 4.64450476e+01]
 [4.13293070e+00 3.68514178e+01]
 [5.34718436e+01 1.16612434e+01]
 [4.50652135e+01 1.38072019e+01]
 [1.21033246e+01 2.84498708e+01]
 [1.02984042e+00 4.31941739e+01]
 [4.28413418e+00 3.64353428e+01]
 [6.06772742e+01 1.00926354e+01]
 [5.17815690e+01 1.20756660e+01]
 [5.00753781e+01 1.24841183e+01]
 [3.64208919e+01 1.64783257e+01]
 [2.05031630e+01 2.31204647e+01]
 [2.08699861e+01 2.29201545e+01]
 [1.19158618e+01 2.86011782e+01]
 [1.41624463e+00 4.19642958e+01]
 [2.18207191e+00 4.01005677e+01]
 [1.11394377e+02 4.68970831e+00]
 [7.09630621e+01 8.18251721e+00]
 [7.32905725e+01 7.80331402e+00]
 [4.81591284e+01 1.31756947e+01]
 [6.39186693e+01 9.46243930e+00]
 [2.99171409e+01 1.88154538e+01]
 [5.50142592e-01 4.53919096e+01]
 [5.79406439e+01 1.06615388e+01]
 [8.69985118e+00 3.15208134e+01]
 [6.17388396e+01 9.88386160e+00]
 [2.76710956e+01 1.97216465e+01]
 [3.78735500e+01 1.60826086e+01]
 [3.39703682e+01 1.72797952e+01]
 [3.11710112e+01 1.84462971e+01]
 [1.14221603e+01 2.90338290e+01]
 [7.29884071e+01 7.85652240e+00]
 [6.65957702e+00 3.35761655e+01]
 [6.60622646e+01 9.04404406e+00]
 [7.26387335e+00 3.28149341e+01]
 [1.89935255e+01 2.39542084e+01]
 [1.87070036e+00 4.11537541e+01]
 [2.03279564e+01 2.34982790e+01]
 [8.98290597e+01 5.87262957e+00]
 [2.74869006e+01 2.01191825e+01]
 [1.59957415e+00 4.15930845e+01]
 [4.90219390e+01 1.27469474e+01]
 [2.93961870e+01 1.92370874e+01]
 [4.65904102e+00 3.60155754e+01]
 [3.07163213e+01 1.85980647e+01]
 [4.64265309e+01 1.34264990e+01]
 [1.51849824e+01 2.62457580e+01]
 [1.42757879e+01 2.68825864e+01]
 [3.72009529e+01 1.61897965e+01]
 [3.17354115e+01 1.81485282e+01]
 [2.43779936e+00 3.95935045e+01]
 [9.15401703e+00 3.10240831e+01]
 [1.75210694e+01 2.48550859e+01]
 [4.90329696e+01 1.27447142e+01]
 [3.98748676e+01 1.53214381e+01]
 [5.05675235e+00 3.54073223e+01]
 [1.39730904e+01 2.73822381e+01]
 [7.92591256e+00 3.20759247e+01]
 [4.14497823e+01 1.48385144e+01]
 [4.82223931e+01 1.30942588e+01]
 [1.06043465e+02 5.15403465e+00]
 [1.62564354e+01 2.55744549e+01]
 [5.76077325e+00 3.44738732e+01]
 [4.41162955e-02 4.85958492e+01]
 [4.36762068e+01 1.42188965e+01]
 [5.59067571e+01 1.11206633e+01]
 [7.21751681e+01 7.98276138e+00]
 [2.62328071e+01 2.03617326e+01]
 [9.47305581e+00 3.06686336e+01]
 [1.79812431e+01 2.45132175e+01]
 [5.87306604e+01 1.05343069e+01]
 [8.85320096e+01 6.00676237e+00]
 [4.43167040e+01 1.40190100e+01]
 [6.36821521e+01 9.49270995e+00]
 [5.47998176e+01 1.14164297e+01]
 [2.30265215e+01 2.20200611e+01]
 [1.78994638e+01 2.45877042e+01]
 [4.18578402e+00 3.65811308e+01]
 [3.59395093e+01 1.66412197e+01]
 [1.25597304e+02 4.31172711e+00]
 [2.18540226e+01 2.24130449e+01]
 [2.57597330e+00 3.92951846e+01]
 [7.47555889e+01 7.60145875e+00]
 [5.48381961e+01 1.13515041e+01]
 [3.13833675e+01 1.82335522e+01]
 [6.00142631e+01 1.02259254e+01]
 [2.17887038e-02 4.89626169e+01]
 [1.44635689e+01 2.67814881e+01]
 [6.53852492e+01 9.19632777e+00]
 [1.13144361e+02 4.59669886e+00]
 [4.59831281e+01 1.35918008e+01]
 [1.10706337e+01 2.93478869e+01]
 [8.66172272e+01 6.13526505e+00]
 [3.72877444e+01 1.61626245e+01]
 [5.26357867e+01 1.19140233e+01]
 [2.61023382e+01 2.04077655e+01]
 [4.09913120e+01 1.52933515e+01]
 [7.51419435e+01 7.55273429e+00]
 [5.55802165e+01 1.12100623e+01]
 [8.99464693e+00 3.10517514e+01]
 [9.32335226e+01 5.76420085e+00]
 [5.12201256e+01 1.22782953e+01]
 [1.80766695e+01 2.44635736e+01]
 [7.69730377e+00 3.26323517e+01]
 [1.92253820e+01 2.38073065e+01]
 [1.07347191e+02 5.08430978e+00]
 [3.15050410e+01 1.81891189e+01]
 [2.94682363e+01 1.90335553e+01]
 [3.69518222e+01 1.64090675e+01]
 [5.05207735e+01 1.23773895e+01]
 [3.03011516e+01 1.86856861e+01]
 [2.00686599e+01 2.36025258e+01]
 [4.17082342e+01 1.47753136e+01]
 [2.46081671e+01 2.11683010e+01]
 [1.41286004e+01 2.69956613e+01]
 [5.23312470e+01 1.19498251e+01]
 [7.52436779e+01 7.50437497e+00]
 [1.11749060e+00 4.28295327e+01]
 [4.59537151e+01 1.36264700e+01]
 [2.75964758e+01 1.97532693e+01]
 [3.27784554e+00 3.80180800e+01]
 [2.85535283e+01 1.93538648e+01]
 [2.10332176e+00 4.02720090e+01]
 [4.35379002e+01 1.42318923e+01]
 [2.38489822e+01 2.14532512e+01]
 [7.63014660e+01 7.36945660e+00]
 [1.13402190e+01 2.92909080e+01]
 [4.47661682e+01 1.39585248e+01]
 [2.96973034e+01 1.89737805e+01]
 [3.63650554e+01 1.64987533e+01]
 [8.39868996e-01 4.37521124e+01]
 [1.51958922e+01 2.62409162e+01]
 [5.57842644e+00 3.48451953e+01]
 [7.92731582e+01 6.99083343e+00]
 [5.73581498e+01 1.08840616e+01]
 [1.96165299e+01 2.36440016e+01]
 [6.86396851e+01 8.60988435e+00]
 [5.30132779e+01 1.17844235e+01]
 [3.82698160e+01 1.58343864e+01]
 [9.71922688e-02 4.78920515e+01]
 [2.92694256e-01 4.62674949e+01]
 [1.04282995e+02 5.20688380e+00]
 [1.10306275e+02 4.80602326e+00]
 [5.82597286e+01 1.05941149e+01]
 [6.07974979e+01 1.00644561e+01]
 [5.61329933e+01 1.10975312e+01]
 [4.58528896e+01 1.36395577e+01]
 [1.68922871e+01 2.52047134e+01]
 [1.07867210e+01 2.97433037e+01]
 [9.95299542e+01 5.27441052e+00]
 [5.26792865e+01 1.18596292e+01]
 [1.09905125e+02 4.98497185e+00]
 [2.68510998e+01 2.01568566e+01]
 [6.65223188e+01 8.98681781e+00]
 [9.53047867e+01 5.57414903e+00]
 [1.16668638e+02 4.45749294e+00]
 [8.18419937e+01 6.76590283e+00]
 [3.18108903e+00 3.81934227e+01]
 [4.33316170e+01 1.42863598e+01]
 [6.52092989e+00 3.41205750e+01]
 [6.52031915e+01 9.24814838e+00]
 [6.30415131e+01 9.64280422e+00]
 [7.77595456e-01 4.41717251e+01]
 [9.98289146e-01 4.32597209e+01]
 [2.34092359e+00 4.00034636e+01]
 [3.48380581e+01 1.69775454e+01]
 [1.46895179e+01 2.66005247e+01]
 [2.44549214e+01 2.12754715e+01]
 [4.20133584e+01 1.46746490e+01]
 [9.78221665e+00 3.03494903e+01]
 [3.96380322e+01 1.53916664e+01]
 [1.01569316e+01 3.00844611e+01]
 [7.89705298e+01 7.14565486e+00]
 [5.52747612e+01 1.12809754e+01]
 [1.00601326e+01 3.02557577e+01]
 [3.75129455e+00 3.73450944e+01]
 [2.54395763e+01 2.06950821e+01]
 [8.36374001e+00 3.19457777e+01]
 [7.00552230e+01 8.33046287e+00]
 [4.87011164e+01 1.28432825e+01]
 [2.87943002e+01 1.92578530e+01]
 [1.25894057e+01 2.81807259e+01]
 [3.81074283e+01 1.58777915e+01]
 [6.97338453e+01 8.38586881e+00]
 [3.01352633e+01 1.87180416e+01]]
