[[0.43379929 4.27441307 8.65190854 0.52291692]
 [1.52433924 1.41875043 9.37709581 4.04857475]
 [1.4989948  1.86709885 9.70171865 3.74195519]
 [3.65008032 0.60599795 9.20844951 4.64335094]
 [1.68005678 1.30700616 9.63388057 2.58191717]
 [0.55867567 3.33434245 9.48881637 0.91937637]
 [1.18582585 2.56987231 9.60000241 1.2892189 ]
 [1.04256965 1.81511829 9.40087105 1.9611576 ]
 [0.454131   4.41948928 9.29574171 1.40800301]
 [1.25823323 1.90660622 9.63603167 2.93609384]
 [0.57152466 2.80940531 8.87781336 1.32397866]
 [0.52797523 5.26156423 9.81340468 2.07869755]
 [0.39593035 4.4276475  9.05537059 2.68806764]
 [2.699304   1.15480582 9.39331982 4.17261992]
 [0.62296719 4.30383983 9.11347625 1.55370783]
 [0.49248508 5.26156423 9.81340468 4.51970469]
 [0.50029834 3.76683899 5.86759466 0.67130843]
 [1.14864854 2.07190059 9.40122298 1.25538576]
 [0.57347568 4.82686563 9.79341721 4.75887926]
 [3.84525898 0.60599795 9.56194651 4.64335094]
 [0.23191683 5.66230872 9.81596361 3.09242113]
 [0.62319447 7.77048945 9.98211835 4.57948067]
 [2.80571336 0.60832471 9.83208594 3.04233271]
 [1.47162793 2.23197734 9.86827824 1.72562489]
 [0.74877171 1.77285709 9.02012649 2.07980188]
 [0.55867567 4.00568553 9.48881637 1.04795219]
 [1.44540092 1.86416484 9.7382676  2.92628153]
 [2.11422978 0.59831778 8.70871231 2.76302384]
 [1.19928864 5.05146429 9.83249536 4.94823384]
 [1.26947819 1.44785918 9.61667074 2.93609384]]
