[[1.86260211e-03 3.45560727e-03 1.79353495e+00]
 [4.30247271e-03 9.73802078e-03 2.35560178e+00]
 [1.98569888e-03 4.26701009e-03 1.68669248e+00]
 [3.66543097e-03 8.62346253e-03 2.38535544e+00]
 [3.81016124e-03 7.49858311e-03 2.02228296e+00]
 [2.74119775e-03 5.60529991e-03 2.34345957e+00]
 [4.44117107e-03 8.28135361e-03 1.85269631e+00]
 [4.32981507e-03 9.09311989e-03 2.21095800e+00]
 [1.15103041e-03 2.27001165e-03 2.19196477e+00]
 [3.93884008e-03 6.88955048e-03 1.80800322e+00]
 [3.72748802e-03 7.10354578e-03 1.91128685e+00]
 [1.01581476e-03 2.25806922e-03 2.94264094e+00]
 [4.06288428e-03 7.43749196e-03 1.57597376e+00]
 [8.48018217e-04 2.02463036e-03 2.70847595e+00]
 [2.31462936e-03 4.26821349e-03 1.49622293e+00]
 [9.04097157e-04 1.28975984e-03 1.21052505e+00]
 [2.37214058e-03 5.39490891e-03 2.49856157e+00]
 [1.86155670e-03 4.71819063e-03 2.96364884e+00]
 [1.32906238e-03 2.83462432e-03 2.60128235e+00]
 [1.08067485e-03 1.91272052e-03 1.77409247e+00]
 [2.78504172e-03 6.14781891e-03 2.33033671e+00]
 [1.55528584e-03 3.17817550e-03 1.68796635e+00]
 [6.56219990e-04 1.80729214e-03 2.38861388e+00]
 [3.31014434e-03 6.59709804e-03 1.93308698e+00]
 [3.20354290e-03 5.51737971e-03 1.37643883e+00]
 [9.85390106e-04 1.35597047e-03 1.31872041e+00]
 [2.15209660e-03 3.71923011e-03 1.77971078e+00]
 [1.48733563e-03 3.05945447e-03 1.59448289e+00]
 [3.22853469e-03 5.54881977e-03 1.34331261e+00]
 [4.41843803e-03 8.64550653e-03 2.08696437e+00]
 [1.35233035e-03 3.07402161e-03 2.08415231e+00]
 [2.02881383e-03 4.19332298e-03 2.25605808e+00]
 [9.04097157e-04 1.28975984e-03 1.22714328e+00]
 [4.62426911e-03 9.46676679e-03 2.10686741e+00]
 [5.60168202e-03 9.92583039e-03 2.71211104e+00]
 [1.55528584e-03 3.17817550e-03 1.74841206e+00]
 [2.33048795e-03 5.36571714e-03 2.36843610e+00]
 [1.61574040e-03 4.15007156e-03 2.45799454e+00]
 [2.98999802e-03 6.37753934e-03 2.21789035e+00]
 [3.61458198e-03 7.49858311e-03 2.02228296e+00]
 [8.48018217e-04 1.93714549e-03 2.53116878e+00]
 [8.22996307e-04 1.97196346e-03 2.38205468e+00]
 [1.67736685e-03 3.34825282e-03 2.03322974e+00]
 [4.50379642e-03 8.78392892e-03 1.70535865e+00]
 [4.43336388e-03 8.31566163e-03 2.15008334e+00]
 [5.42616412e-03 8.84056212e-03 1.45689037e+00]
 [4.80245507e-03 9.74740371e-03 2.27320880e+00]
 [6.56219990e-04 1.68199191e-03 2.34152063e+00]
 [1.01410488e-03 1.83952271e-03 1.77877348e+00]
 [4.65133944e-03 8.17727239e-03 1.56710650e+00]
 [2.14397904e-03 3.66160341e-03 1.90687063e+00]
 [4.22846211e-04 1.06819656e-03 2.45074511e+00]
 [2.67665645e-03 5.72681945e-03 1.79867987e+00]
 [6.29443494e-04 1.06524658e-03 2.83409844e+00]
 [2.37214058e-03 5.39490891e-03 2.45957818e+00]
 [3.90610499e-03 8.82208996e-03 2.35696491e+00]
 [3.20206654e-03 5.81804496e-03 2.11277908e+00]
 [2.20234226e-03 5.12364757e-03 2.59341298e+00]
 [1.00234643e-03 1.75570368e-03 1.73196669e+00]
 [3.33521386e-03 6.05896361e-03 1.62331900e+00]
 [2.37578295e-03 4.31699575e-03 2.04766518e+00]
 [4.93170720e-04 1.09104631e-03 1.79070095e+00]
 [9.41002745e-04 1.49488165e-03 1.47373741e+00]
 [1.58529505e-03 3.45560727e-03 1.77377204e+00]
 [2.73706291e-03 5.60529991e-03 1.70548294e+00]
 [1.24465599e-03 2.95725534e-03 1.84057871e+00]
 [2.81762349e-03 4.38150221e-03 1.38386223e+00]
 [1.93811220e-03 4.41351745e-03 2.48670311e+00]
 [4.54308092e-03 9.88686195e-03 2.63851415e+00]
 [2.96279969e-03 5.59953653e-03 2.04711061e+00]
 [1.86260211e-03 3.24494722e-03 1.79353495e+00]
 [5.07921700e-03 9.83927896e-03 1.71412322e+00]]
