[[3.60699608e+01 1.65566552e+01]
 [7.76812641e+00 3.22621992e+01]
 [2.61940879e+01 2.05456462e+01]
 [3.44753316e+01 1.71025222e+01]
 [2.86511655e+01 1.95368564e+01]
 [3.38364045e+00 3.78835185e+01]
 [7.01718697e+00 3.32064912e+01]
 [2.06701379e+01 2.30235463e+01]
 [8.35413583e+01 6.42080819e+00]
 [6.42545421e-02 4.82357273e+01]
 [5.60857909e+01 1.11194220e+01]
 [6.81555654e+01 8.66305532e+00]
 [8.89085385e-01 4.35860832e+01]
 [6.14466549e-01 4.47011988e+01]
 [1.45298019e+01 2.68269711e+01]
 [7.04643053e+01 8.30666886e+00]
 [2.37133311e+01 2.18482271e+01]
 [7.07409588e+00 3.29968040e+01]
 [6.16784942e+01 9.95395502e+00]
 [1.04976551e+01 2.98948891e+01]
 [5.10129214e+01 1.23026655e+01]
 [4.83307391e+01 1.30055861e+01]
 [3.09838326e+01 1.84529702e+01]
 [9.65869014e+01 5.29510110e+00]
 [3.17043014e+01 1.83835391e+01]
 [8.61160919e+00 3.19010647e+01]
 [7.47103428e+00 3.27839613e+01]
 [1.93888691e-01 4.71300901e+01]
 [3.56757064e+01 1.67682477e+01]
 [1.17329489e+02 4.34324222e+00]
 [4.66951383e+00 3.58988353e+01]
 [5.69893656e+01 1.08917859e+01]
 [6.83382844e+01 8.64617576e+00]
 [4.34026601e+01 1.43443386e+01]
 [2.13531304e+01 2.26859973e+01]
 [5.00504672e+01 1.25116603e+01]
 [1.88251444e+01 2.41843976e+01]
 [5.13824242e-01 4.54694508e+01]
 [4.03239394e+00 3.69383522e+01]
 [4.75859928e+01 1.32989730e+01]
 [3.69837635e+01 1.63225093e+01]
 [8.64919865e+01 6.15676129e+00]
 [3.54154819e+01 1.70003975e+01]
 [3.36542071e+01 1.74010150e+01]
 [3.20537255e+00 3.81544643e+01]
 [4.94481916e+00 3.56141364e+01]
 [2.83518875e+01 1.95538827e+01]
 [2.40538698e+01 2.14695150e+01]
 [6.48609556e+01 9.26874806e+00]
 [5.05834735e+01 1.23675360e+01]
 [3.43372301e+01 1.71514592e+01]
 [1.93779981e+01 2.37564183e+01]
 [5.01455835e+01 1.24796289e+01]
 [6.33070848e+01 9.61319687e+00]
 [5.40210633e+01 1.15365319e+01]
 [6.83013424e+00 3.33587758e+01]
 [3.12500802e+01 1.84325539e+01]
 [6.43486652e+01 9.37801384e+00]
 [1.20306667e+01 2.85309140e+01]
 [7.44505565e+01 7.63696884e+00]
 [4.67329773e+01 1.33736789e+01]
 [3.01727971e+01 1.87087766e+01]
 [1.34130912e+00 4.22112876e+01]
 [4.93661976e-01 4.58807307e+01]
 [2.15113580e+01 2.25891640e+01]
 [7.93024178e+01 7.29668767e+00]
 [3.35921562e-01 4.59875418e+01]
 [5.79757966e+01 1.06536827e+01]
 [2.15758789e+01 2.25489721e+01]
 [2.66596827e+01 2.02184574e+01]
 [8.12972023e-01 4.41664531e+01]
 [7.79711709e+00 3.22085453e+01]
 [4.45625951e+01 1.40918550e+01]
 [6.96871304e+01 8.40558730e+00]
 [2.47211051e+01 2.10275627e+01]
 [3.79945778e+01 1.59323796e+01]
 [8.62804999e+00 3.15900942e+01]
 [1.31969028e+01 2.76972815e+01]
 [1.05494764e+01 2.98658082e+01]
 [2.32632100e+01 2.22242980e+01]
 [2.77386830e+00 3.89277638e+01]
 [4.67663491e+01 1.33526234e+01]
 [4.21620745e+01 1.46265005e+01]
 [6.96135576e+01 8.42397176e+00]
 [3.26021873e+01 1.77876950e+01]
 [3.27101692e+01 1.77589149e+01]
 [6.91123586e+01 8.55038487e+00]
 [7.01730799e+01 8.31113849e+00]
 [3.91416147e+01 1.55467138e+01]
 [1.79816284e+01 2.45904349e+01]
 [5.32432904e+01 1.18283137e+01]
 [1.14352050e+02 4.60422727e+00]
 [6.91922583e-01 4.44418788e+01]
 [7.19408245e+01 8.01237546e+00]
 [2.02291111e+00 4.05086490e+01]
 [2.62728519e-01 4.64450476e+01]
 [4.13293070e+00 3.68514178e+01]
 [5.34718436e+01 1.16612434e+01]
 [4.50652135e+01 1.38072019e+01]
 [1.21033246e+01 2.84498708e+01]
 [1.02984042e+00 4.31941739e+01]
 [4.28413418e+00 3.64353428e+01]
 [6.06772742e+01 1.00926354e+01]
 [5.00753781e+01 1.24841183e+01]
 [3.64208919e+01 1.64783257e+01]
 [2.05031630e+01 2.31204647e+01]
 [2.08699861e+01 2.29201545e+01]
 [1.19158618e+01 2.86011782e+01]
 [1.41624463e+00 4.19642958e+01]
 [2.18207191e+00 4.01005677e+01]
 [1.11394377e+02 4.68970831e+00]
 [7.09630621e+01 8.18251721e+00]
 [7.32905725e+01 7.80331402e+00]
 [2.99171409e+01 1.88154538e+01]
 [5.68011641e+00 3.48922452e+01]
 [5.79406439e+01 1.06615388e+01]
 [8.69985118e+00 3.15208134e+01]
 [6.17388396e+01 9.88386160e+00]
 [2.76710956e+01 1.97216465e+01]
 [3.39703682e+01 1.72797952e+01]
 [3.11710112e+01 1.84462971e+01]
 [1.14221603e+01 2.90338290e+01]
 [7.29884071e+01 7.85652240e+00]
 [6.65957702e+00 3.35761655e+01]
 [6.60622646e+01 9.04404406e+00]
 [7.26387335e+00 3.28149341e+01]
 [1.89935255e+01 2.39542084e+01]
 [1.87070036e+00 4.11537541e+01]
 [1.59957415e+00 4.15930845e+01]
 [4.90219390e+01 1.27469474e+01]
 [4.65904102e+00 3.60155754e+01]
 [4.64265309e+01 1.34264990e+01]
 [1.51849824e+01 2.62457580e+01]
 [1.42757879e+01 2.68825864e+01]
 [3.72009529e+01 1.61897965e+01]
 [3.17354115e+01 1.81485282e+01]
 [2.43779936e+00 3.95935045e+01]
 [9.15401703e+00 3.10240831e+01]
 [1.75210694e+01 2.48550859e+01]
 [4.90329696e+01 1.27447142e+01]
 [3.98748676e+01 1.53214381e+01]
 [2.31295871e+01 2.22265861e+01]
 [5.05675235e+00 3.54073223e+01]
 [1.39730904e+01 2.73822381e+01]
 [7.92591256e+00 3.20759247e+01]
 [4.14497823e+01 1.48385144e+01]
 [1.69298285e+01 2.51770984e+01]
 [2.79712804e+01 1.96417636e+01]
 [5.75792510e+01 1.07423058e+01]
 [9.05147208e+00 3.10878785e+01]
 [6.86842505e+00 3.32339969e+01]
 [4.61139651e+01 1.36149424e+01]
 [1.63030094e+01 2.55336468e+01]
 [1.28464337e+01 2.78687432e+01]
 [3.97672525e+00 3.70862842e+01]
 [4.78486607e+01 1.30789748e+01]
 [2.37184900e+01 2.15006854e+01]
 [3.99554597e+00 3.70488245e+01]
 [6.00819875e-02 4.82947230e+01]
 [2.88822055e+00 3.87144616e+01]
 [5.37710108e-01 4.50197357e+01]
 [1.05546994e+01 2.96721623e+01]
 [3.04608941e+01 1.86549541e+01]
 [4.12578997e+01 1.50188493e+01]
 [2.48211394e+01 2.09974032e+01]
 [1.03094148e+01 3.00018891e+01]
 [8.28583428e+00 3.19330592e+01]
 [6.13992663e+00 3.42359010e+01]
 [1.11413737e+01 2.92004353e+01]
 [4.41139604e+00 3.62529467e+01]
 [5.74711369e+01 1.07661874e+01]
 [2.88585406e+01 1.94869517e+01]
 [1.91730192e+01 2.38762623e+01]
 [1.10039100e+01 2.95403967e+01]
 [2.01943562e+01 2.34148144e+01]
 [1.00333463e+01 3.01756766e+01]
 [9.05738607e+00 3.10829921e+01]
 [8.84225366e-01 4.36052152e+01]
 [6.00766303e+01 1.02377919e+01]
 [6.28721993e+01 9.67990947e+00]
 [7.56338524e+01 7.53799468e+00]
 [6.54663179e+01 9.15838582e+00]
 [1.20699144e+00 4.30874410e+01]
 [2.14454246e+01 2.26793853e+01]
 [5.87091101e+01 1.05899986e+01]
 [4.85300522e+01 1.29642343e+01]
 [4.52302974e+00 3.62328174e+01]
 [5.58678606e+01 1.11359695e+01]
 [2.11482621e+01 2.28201510e+01]
 [1.55743856e+01 2.61020055e+01]
 [2.51260067e+01 2.08509035e+01]
 [9.99919299e+01 5.01382454e+00]
 [5.54410514e+01 1.12709717e+01]
 [5.18354913e+00 3.53611364e+01]
 [1.90911014e+01 2.38917643e+01]
 [5.17633488e+01 1.20719700e+01]
 [7.48120546e+00 3.25858370e+01]
 [5.70723851e+00 3.45388744e+01]
 [1.14469593e-01 4.81933660e+01]
 [2.90298423e+01 1.91660960e+01]
 [2.57942766e+00 3.94249047e+01]
 [3.90022578e-01 4.58883742e+01]
 [6.23639031e+01 9.78213187e+00]
 [7.98307156e+00 3.20267369e+01]
 [7.12143081e+01 8.15055901e+00]
 [1.03803633e+02 4.80572300e+00]
 [6.50762298e+01 9.22829753e+00]
 [2.57930296e+01 2.07362662e+01]
 [3.86984016e+01 1.57178527e+01]
 [3.63479703e+01 1.64822907e+01]
 [6.98433799e+01 8.37024795e+00]
 [3.60123000e+01 1.66259820e+01]
 [1.49407141e-01 4.73562748e+01]
 [1.65968561e+01 2.53686784e+01]
 [5.50681540e+01 1.14031566e+01]
 [4.91659691e+01 1.27116618e+01]
 [4.55218503e+01 1.37107038e+01]
 [3.35877211e+01 1.74600839e+01]
 [1.33888552e+02 4.12266523e+00]
 [1.27500481e+01 2.79397393e+01]
 [5.32373113e+01 1.19099058e+01]
 [2.02830245e+01 2.32690246e+01]
 [4.49441971e+01 1.38483351e+01]
 [2.64314125e+01 2.04086883e+01]
 [4.33542012e-02 4.88040238e+01]
 [4.17529247e+00 3.65951372e+01]
 [5.89300299e+01 1.04554289e+01]
 [5.38596893e+01 1.15810870e+01]
 [3.30355955e+01 1.77042637e+01]
 [7.67477355e+01 7.39787803e+00]
 [4.11941711e+01 1.52506060e+01]
 [4.55856907e+01 1.36638100e+01]
 [2.20193113e+01 2.24484657e+01]
 [6.11424372e+01 9.99609290e+00]
 [5.31411951e-01 4.52092620e+01]
 [9.19049896e+01 5.67160429e+00]
 [1.31460260e+00 4.22243528e+01]
 [1.85581200e+01 2.43739334e+01]
 [5.78962385e-01 4.49188063e+01]
 [2.59615585e+00 3.93054562e+01]
 [4.85711035e+01 1.28700462e+01]
 [1.35290053e+02 4.03222528e+00]
 [5.35675386e+01 1.16390177e+01]
 [4.25881839e+00 3.65834786e+01]
 [2.74017912e+01 1.98788456e+01]
 [6.39110504e+01 9.44891249e+00]
 [8.48620550e+01 6.29504715e+00]
 [5.23755022e+00 3.51866227e+01]
 [2.02767224e+00 4.04469727e+01]
 [1.01337637e+01 3.00598861e+01]
 [6.65476814e+01 8.99275107e+00]
 [3.60705106e+01 1.65540135e+01]
 [3.78504108e+01 1.59699183e+01]
 [8.84252697e+01 5.99152007e+00]
 [1.22052754e+01 2.83754346e+01]
 [3.41795066e+01 1.72580751e+01]
 [4.06940600e+01 1.53127069e+01]
 [5.96124061e+00 3.43934662e+01]
 [5.16013820e+01 1.21748523e+01]
 [3.46828301e+01 1.70582735e+01]
 [5.67719427e+01 1.09146153e+01]
 [1.22648223e+00 4.30854152e+01]
 [5.79993894e+01 1.06490787e+01]
 [5.90133873e+01 1.04388985e+01]
 [4.76127613e+01 1.32308916e+01]
 [7.62712721e+00 3.24149628e+01]
 [8.07349915e+01 6.84694951e+00]
 [3.46088253e+01 1.70768227e+01]
 [4.93611269e+01 1.26611955e+01]
 [9.17053061e+01 5.78932605e+00]
 [3.65955474e+01 1.63971815e+01]
 [3.05602859e+01 1.85562440e+01]
 [5.82691482e+01 1.05925177e+01]
 [7.95849208e+01 7.00650652e+00]
 [4.20877575e+01 1.46863906e+01]
 [7.46409665e+01 7.61139062e+00]
 [4.87598937e+01 1.28264539e+01]
 [9.78972059e+01 5.15610627e+00]
 [1.48096903e+01 2.65072672e+01]
 [8.27590223e+01 6.72905217e+00]
 [3.24497529e+01 1.80428991e+01]
 [3.84583733e+01 1.57649310e+01]
 [2.41256740e+01 2.13748897e+01]
 [3.75232635e+00 3.72707846e+01]
 [1.53945491e+01 2.61786860e+01]
 [5.98547886e+01 1.03339354e+01]
 [5.63818810e+01 1.10598679e+01]
 [5.24165274e+01 1.19568739e+01]
 [1.78362475e+01 2.45967675e+01]
 [8.01230634e+01 6.93780961e+00]
 [2.22909113e+01 2.23334194e+01]
 [4.17340183e+01 1.47670830e+01]
 [3.83423570e+01 1.58212401e+01]
 [6.72163157e+01 8.86777423e+00]
 [2.39666293e-01 4.68736054e+01]
 [8.95136625e+01 5.81211043e+00]]
