[[1.52610864e-02 2.65060857e+04]
 [4.48927166e-02 9.16056255e+03]
 [3.39946541e-02 1.19017793e+04]
 [2.69897406e-02 1.55173060e+04]
 [3.70128177e-02 1.09776149e+04]
 [4.18541489e-02 9.65590185e+03]
 [1.07192317e-02 3.87363394e+04]
 [3.18475519e-02 1.27103137e+04]
 [3.13492445e-02 1.34289154e+04]
 [4.37664957e-02 9.35419140e+03]
 [9.94202140e-03 4.21205463e+04]
 [1.75662574e-02 2.46631743e+04]
 [5.80348224e-03 8.04541568e+04]
 [2.57065886e-02 1.59723699e+04]
 [2.40249579e-02 1.80470326e+04]
 [1.42412880e-02 3.02360048e+04]
 [8.62407872e-03 4.80120660e+04]
 [2.84826754e-02 1.42657777e+04]
 [1.29877897e-02 3.30752248e+04]
 [7.73724338e-03 5.94455362e+04]
 [1.24606059e-02 3.63709236e+04]
 [4.15191194e-02 1.02121901e+04]
 [6.04556817e-02 8.61109769e+03]
 [6.39672614e-03 6.31805074e+04]
 [3.89611938e-02 1.05918266e+04]
 [2.74898718e-02 1.51233670e+04]
 [2.96134720e-02 1.36818665e+04]
 [2.50804621e-02 1.74674805e+04]
 [2.28840261e-02 1.80661583e+04]
 [2.69678614e-02 1.55207253e+04]
 [2.65706568e-02 1.55523849e+04]
 [1.04314527e-02 3.89757204e+04]
 [3.69332956e-02 1.15096847e+04]
 [4.04623720e-02 1.03059547e+04]
 [1.29348612e-02 3.61310564e+04]
 [1.41217711e-02 3.11343712e+04]
 [3.13953065e-02 1.30071420e+04]
 [5.04378946e-03 9.45451622e+04]
 [2.14518399e-02 1.92739258e+04]
 [1.68011428e-02 2.50436029e+04]
 [1.49025120e-02 2.76793324e+04]
 [3.79689640e-02 1.06719869e+04]
 [4.74021617e-02 8.84373004e+03]
 [4.46513225e-02 9.22750584e+03]
 [2.53097050e-02 1.63180997e+04]
 [3.57340579e-02 1.17864436e+04]
 [1.76698019e-02 2.41012096e+04]
 [2.80741112e-02 1.44886404e+04]
 [2.58590978e-02 1.56308774e+04]
 [5.14457006e-03 9.25029287e+04]
 [1.80521966e-02 2.26633647e+04]
 [5.35356501e-02 8.68252886e+03]
 [7.89123867e-03 5.92878684e+04]
 [5.95130960e-02 8.62269288e+03]
 [1.77609718e-02 2.37868975e+04]
 [3.07449216e-02 1.34321514e+04]
 [9.88879237e-03 4.32641057e+04]
 [7.64599094e-02 8.48952088e+03]
 [1.93786465e-02 2.09003634e+04]
 [5.57712526e-02 8.62426045e+03]
 [3.32704774e-02 1.25559149e+04]
 [8.24390354e-03 5.07592596e+04]
 [5.33563212e-02 8.81209013e+03]
 [1.09075628e-02 3.70750496e+04]
 [2.55525971e-02 1.59982364e+04]
 [6.62126972e-02 8.59787726e+03]
 [1.33674354e-02 3.30310816e+04]]
