[[3.60699608e+01 1.65566552e+01]
 [7.76812641e+00 3.22621992e+01]
 [2.61940879e+01 2.05456462e+01]
 [3.44753316e+01 1.71025222e+01]
 [2.86511655e+01 1.95368564e+01]
 [3.38364045e+00 3.78835185e+01]
 [7.01718697e+00 3.32064912e+01]
 [2.06701379e+01 2.30235463e+01]
 [8.35413583e+01 6.42080819e+00]
 [6.42545421e-02 4.82357273e+01]
 [5.60857909e+01 1.11194220e+01]
 [6.81555654e+01 8.66305532e+00]
 [8.89085385e-01 4.35860832e+01]
 [6.14466549e-01 4.47011988e+01]
 [1.45298019e+01 2.68269711e+01]
 [5.83176055e+01 1.06016468e+01]
 [7.04643053e+01 8.30666886e+00]
 [7.07409588e+00 3.29968040e+01]
 [6.16784942e+01 9.95395502e+00]
 [2.05528226e+01 2.32543913e+01]
 [1.04976551e+01 2.98948891e+01]
 [5.10129214e+01 1.23026655e+01]
 [4.83307391e+01 1.30055861e+01]
 [3.09838326e+01 1.84529702e+01]
 [1.07577721e+02 5.06983686e+00]
 [9.65869014e+01 5.29510110e+00]
 [7.47103428e+00 3.27839613e+01]
 [1.93888691e-01 4.71300901e+01]
 [3.56757064e+01 1.67682477e+01]
 [3.01435576e+00 3.87437753e+01]
 [1.17329489e+02 4.34324222e+00]
 [4.66951383e+00 3.58988353e+01]
 [5.69893656e+01 1.08917859e+01]
 [2.62542348e+00 3.94629533e+01]
 [6.83382844e+01 8.64617576e+00]
 [4.34026601e+01 1.43443386e+01]
 [2.13531304e+01 2.26859973e+01]
 [5.00504672e+01 1.25116603e+01]
 [2.58119506e+00 3.96677531e+01]
 [4.96488974e+01 1.29432400e+01]
 [4.03239394e+00 3.69383522e+01]
 [2.38404433e+01 2.15314788e+01]
 [4.75859928e+01 1.32989730e+01]
 [3.69837635e+01 1.63225093e+01]
 [8.64919865e+01 6.15676129e+00]
 [3.36542071e+01 1.74010150e+01]
 [3.20537255e+00 3.81544643e+01]
 [4.94481916e+00 3.56141364e+01]
 [2.83518875e+01 1.95538827e+01]
 [1.27649019e+01 2.80997480e+01]
 [2.40538698e+01 2.14695150e+01]
 [6.48609556e+01 9.26874806e+00]
 [5.05834735e+01 1.23675360e+01]
 [3.43372301e+01 1.71514592e+01]
 [1.93779981e+01 2.37564183e+01]
 [5.01455835e+01 1.24796289e+01]
 [6.33070848e+01 9.61319687e+00]
 [5.40210633e+01 1.15365319e+01]
 [6.83013424e+00 3.33587758e+01]
 [3.12500802e+01 1.84325539e+01]
 [6.43486652e+01 9.37801384e+00]
 [1.71358718e+00 4.17938033e+01]
 [1.20306667e+01 2.85309140e+01]
 [7.44505565e+01 7.63696884e+00]
 [4.67329773e+01 1.33736789e+01]
 [3.88029074e+01 1.58309290e+01]
 [3.01727971e+01 1.87087766e+01]
 [1.34130912e+00 4.22112876e+01]
 [2.15113580e+01 2.25891640e+01]
 [7.93024178e+01 7.29668767e+00]
 [3.35921562e-01 4.59875418e+01]
 [5.79757966e+01 1.06536827e+01]
 [4.76391019e+01 1.32669915e+01]
 [9.12935351e+00 3.13889598e+01]
 [2.15758789e+01 2.25489721e+01]
 [2.66596827e+01 2.02184574e+01]
 [1.08977338e+02 5.00396913e+00]
 [2.58182713e+01 2.08055238e+01]
 [8.12972023e-01 4.41664531e+01]
 [7.79711709e+00 3.22085453e+01]
 [4.45625951e+01 1.40918550e+01]
 [9.29939777e+00 3.10579557e+01]
 [6.96871304e+01 8.40558730e+00]
 [2.47211051e+01 2.10275627e+01]
 [1.42926711e+01 2.71591155e+01]
 [3.79945778e+01 1.59323796e+01]
 [8.62804999e+00 3.15900942e+01]
 [1.31969028e+01 2.76972815e+01]
 [1.41242585e+01 2.76082919e+01]
 [2.76770048e+01 1.99347921e+01]
 [1.05494764e+01 2.98658082e+01]
 [2.32632100e+01 2.22242980e+01]
 [2.77386830e+00 3.89277638e+01]
 [4.67663491e+01 1.33526234e+01]
 [4.21620745e+01 1.46265005e+01]
 [3.75361146e+00 3.72747338e+01]
 [5.38580768e+01 1.16485177e+01]
 [6.96135576e+01 8.42397176e+00]
 [3.26021873e+01 1.77876950e+01]
 [8.02485554e+01 7.11869063e+00]
 [6.91123586e+01 8.55038487e+00]
 [7.01730799e+01 8.31113849e+00]
 [3.91416147e+01 1.55467138e+01]
 [1.79816284e+01 2.45904349e+01]
 [5.32432904e+01 1.18283137e+01]
 [6.91922583e-01 4.44418788e+01]
 [7.19408245e+01 8.01237546e+00]
 [2.02291111e+00 4.05086490e+01]
 [2.62728519e-01 4.64450476e+01]
 [4.13293070e+00 3.68514178e+01]
 [5.34718436e+01 1.16612434e+01]
 [4.50652135e+01 1.38072019e+01]
 [1.21033246e+01 2.84498708e+01]
 [1.02984042e+00 4.31941739e+01]
 [4.28413418e+00 3.64353428e+01]
 [6.06772742e+01 1.00926354e+01]
 [5.17815690e+01 1.20756660e+01]
 [5.00753781e+01 1.24841183e+01]
 [3.64208919e+01 1.64783257e+01]
 [1.18525391e+01 2.91312741e+01]
 [2.69913316e+01 2.01095656e+01]
 [1.30865194e+02 4.16629949e+00]
 [2.51887490e+01 2.08148332e+01]
 [1.17465217e+02 4.32010192e+00]
 [8.30409240e+01 6.50550927e+00]
 [4.74485044e-01 4.52481750e+01]
 [7.08493759e+01 8.19730237e+00]
 [1.98382256e+01 2.36719491e+01]
 [5.96666325e+01 1.03686483e+01]
 [1.33842840e+02 4.11229644e+00]
 [4.10699393e+01 1.49526892e+01]
 [2.05141437e+01 2.32953459e+01]
 [3.52882162e+01 1.69258863e+01]
 [5.86485501e+00 3.46003065e+01]
 [6.17622881e+01 9.88975236e+00]
 [4.34072335e+01 1.43346189e+01]
 [5.41856359e+01 1.15039264e+01]
 [5.18204394e+01 1.20530408e+01]
 [1.82426903e+00 4.14855180e+01]
 [2.99609111e+01 1.88534509e+01]
 [2.35787494e+01 2.15830430e+01]
 [9.00295926e+00 3.14825886e+01]
 [6.81502747e+01 8.69012909e+00]
 [6.16027129e-02 4.82836939e+01]
 [1.25809657e+01 2.81264787e+01]
 [1.87290346e+01 2.41448673e+01]
 [6.22457024e+01 9.79870594e+00]
 [5.99329068e+01 1.03567884e+01]
 [1.17389818e+02 4.33294334e+00]
 [3.13507797e+01 1.82709270e+01]
 [8.50514322e+00 3.17596544e+01]
 [3.18836154e+00 3.81940714e+01]
 [1.03568787e+01 3.02558479e+01]
 [1.11461499e+02 4.44896656e+00]
 [5.62599783e+01 1.10785506e+01]
 [4.17009107e+00 3.67280106e+01]
 [5.56866164e+01 1.13483005e+01]
 [1.90047297e+00 4.10707199e+01]
 [4.71899848e-01 4.52624839e+01]
 [2.31009734e+00 4.02217311e+01]
 [1.64230811e+01 2.55918449e+01]
 [5.88322180e+01 1.04924941e+01]
 [1.49108824e+01 2.65172573e+01]
 [9.27950134e+01 5.62693004e+00]
 [1.65499523e+00 4.18906920e+01]
 [2.46896163e+01 2.11118816e+01]
 [1.75584930e+01 2.47668435e+01]
 [1.74081562e+01 2.48988415e+01]
 [4.10460031e+01 1.51265361e+01]
 [2.73416328e+01 2.00070238e+01]
 [4.98780512e+01 1.28533918e+01]
 [2.33956401e+01 2.17416238e+01]
 [1.44965938e+01 2.70159335e+01]
 [2.08351850e+01 2.29421716e+01]
 [2.23947944e+01 2.22406370e+01]
 [5.84590774e+01 1.05515375e+01]
 [6.22904050e+01 9.79687960e+00]
 [9.52817041e+01 5.37531517e+00]
 [6.25199195e+01 9.72112103e+00]
 [2.94099601e+00 3.87461814e+01]
 [2.71762557e+00 3.91979756e+01]
 [3.58539591e+01 1.66338552e+01]
 [4.20776941e+01 1.47318832e+01]
 [6.45704693e+01 9.32574131e+00]
 [2.12061575e+01 2.29225829e+01]
 [2.68258222e-01 4.64102638e+01]
 [1.70721377e+01 2.55077083e+01]
 [3.52696725e+01 1.69311351e+01]
 [3.19673618e+01 1.80518082e+01]
 [7.64830030e+01 7.31345518e+00]
 [3.27017800e+01 1.77393065e+01]
 [2.77005599e+01 1.98691547e+01]
 [4.88703586e+00 3.57432324e+01]
 [1.08985579e+01 2.93812302e+01]
 [1.63782812e+01 2.62599370e+01]
 [8.37812099e-02 4.79750446e+01]
 [5.25110371e+01 1.19018433e+01]
 [6.33883795e+00 3.44751462e+01]
 [7.28066952e+01 7.88828858e+00]
 [4.34773733e+01 1.42578484e+01]
 [6.66852177e+01 8.92973185e+00]
 [4.06271959e+01 1.52236425e+01]
 [5.48977685e+01 1.13649953e+01]
 [8.93445378e+01 6.02621151e+00]
 [7.01890976e+01 8.30833061e+00]
 [6.61007772e+01 9.13141953e+00]
 [1.72863200e+01 2.53300523e+01]
 [4.49791736e+01 1.39933211e+01]
 [4.00346797e+01 1.52679609e+01]
 [2.98539409e+01 1.89477231e+01]
 [3.58027602e+00 3.75908342e+01]
 [2.12501437e+01 2.27164855e+01]
 [2.33688317e+01 2.21374950e+01]
 [6.24030035e+01 9.79398145e+00]
 [6.87399773e+01 8.60627384e+00]
 [1.86810769e+01 2.42176220e+01]
 [1.95335416e+01 2.36914044e+01]
 [8.04331086e+01 7.08231549e+00]
 [9.02839303e+01 5.82667379e+00]
 [7.14586956e+01 8.11146163e+00]
 [4.79898877e+01 1.30194776e+01]
 [3.06144786e+01 1.85596313e+01]]
