[[4.86621314e+00 6.48194950e-03]
 [5.84779630e+01 5.05021991e-04]
 [3.18032647e+01 6.57607673e-04]
 [3.23474214e+01 6.42435431e-04]
 [2.23930593e+01 9.50885037e-04]
 [8.42493582e+00 2.79476072e-03]
 [2.22244032e+01 9.97027365e-04]
 [3.10959087e+01 6.74550964e-04]
 [4.94949850e+01 5.11810564e-04]
 [1.12257383e+01 1.80264952e-03]
 [3.23163820e+01 6.56719543e-04]
 [6.95303551e+00 3.71970112e-03]
 [2.61862814e+01 7.78151191e-04]
 [1.86583126e+02 4.45990581e-04]
 [4.65657967e+00 2.35257205e-02]
 [1.33135324e+01 1.46812040e-03]
 [3.82751672e+01 5.51307768e-04]
 [1.38193187e+02 4.46310491e-04]
 [6.43220312e+01 4.76997911e-04]
 [4.05730438e+01 5.35447920e-04]
 [1.09440921e+01 2.15648569e-03]
 [3.93016232e+01 5.49634532e-04]
 [2.12824573e+01 9.99910653e-04]
 [6.09081550e+01 4.90545339e-04]
 [7.67686986e+00 2.93382854e-03]
 [8.53970437e+00 2.61007456e-03]
 [5.66725495e+00 4.56665003e-03]
 [3.34205547e+01 5.63580778e-04]
 [2.23885372e+01 9.89326763e-04]
 [1.42298636e+01 1.36514729e-03]
 [4.46555023e+01 5.21752528e-04]
 [6.99461675e+00 3.51833901e-03]
 [4.72269739e+00 2.28048581e-02]
 [2.63988385e+01 7.40882695e-04]
 [3.11702224e+01 6.72729995e-04]
 [1.82567622e+01 1.23965593e-03]]
