[[1.64931384e-03 4.97449238e+01]
 [1.30911876e+02 4.16734242e+00]
 [1.22180022e+02 4.17535463e+00]
 [1.17802655e+02 4.24515374e+00]
 [1.17421995e+02 4.30928591e+00]
 [1.13398055e+02 4.42874314e+00]
 [1.07142328e+02 4.63483057e+00]
 [1.28789744e+01 2.79159621e+01]
 [6.68038848e+01 8.94720760e+00]
 [2.44101239e+01 2.13148923e+01]
 [4.99993025e+00 3.54910116e+01]
 [5.13867105e+01 1.22498391e+01]
 [3.37751869e+01 1.73688950e+01]
 [9.72220509e+01 5.18400184e+00]
 [1.09341293e+02 4.58344287e+00]
 [4.50923633e+01 1.37918909e+01]
 [4.82590267e+01 1.29786512e+01]
 [5.35106142e-01 4.54829847e+01]
 [2.94132294e+01 1.90475945e+01]
 [1.34476470e+01 2.74534981e+01]
 [7.87413281e+01 7.03605346e+00]
 [5.90711263e+01 1.04334061e+01]
 [2.87425239e+01 1.92880495e+01]
 [1.21470686e+01 2.83998557e+01]
 [1.87882730e+01 2.40631929e+01]
 [1.05585244e+02 4.69024529e+00]
 [6.37010866e+01 9.48981994e+00]
 [2.35984170e+01 2.15848300e+01]
 [4.72177678e+01 1.32344002e+01]
 [1.14392552e+01 2.90578091e+01]
 [5.36394943e+00 3.50446490e+01]
 [4.63513116e+01 1.35682973e+01]
 [6.81555654e+01 8.66305532e+00]
 [8.38749034e+00 3.22476139e+01]
 [1.04976551e+01 2.98948891e+01]
 [7.75636936e+01 7.30905517e+00]
 [2.25342930e+00 3.99500960e+01]
 [2.50222284e+01 2.09113428e+01]
 [1.20494934e+00 4.25446201e+01]
 [6.19191592e+01 9.94142317e+00]
 [9.93434915e+01 5.12361071e+00]
 [1.11867731e+02 4.45589786e+00]
 [3.31975980e+01 1.78049186e+01]
 [1.03699722e+02 4.85177435e+00]
 [4.67375218e+00 3.59716953e+01]
 [8.71161877e+01 6.06021596e+00]
 [8.21093117e+01 6.69475935e+00]
 [1.00226679e+02 4.99318183e+00]
 [3.18934082e+01 1.81084608e+01]
 [2.57795645e+00 3.95641427e+01]
 [1.02037605e+02 4.88522403e+00]
 [4.34658295e+01 1.43957337e+01]
 [7.47994934e+01 7.55957196e+00]
 [6.48849210e+01 9.29599558e+00]
 [1.84305519e+01 2.43514965e+01]
 [1.13733147e+00 4.29912026e+01]
 [8.51970326e+00 3.15981432e+01]
 [4.44246637e+01 1.39812590e+01]
 [1.94901006e+01 2.37220379e+01]
 [7.04643053e+01 8.30666886e+00]
 [5.45602901e+01 1.15380922e+01]
 [4.90320334e+01 1.28031852e+01]
 [7.35719446e+01 7.75930981e+00]
 [9.60002185e+00 3.11879297e+01]
 [5.53802820e+01 1.12904901e+01]
 [2.30477831e+01 2.18153389e+01]
 [3.06933646e+01 1.85708975e+01]
 [4.12037760e+01 1.49128995e+01]
 [6.59311836e+01 9.08123748e+00]
 [5.71782763e+00 3.47914976e+01]
 [1.67067358e-01 4.75155319e+01]
 [1.53738304e-02 4.93758135e+01]
 [3.44742918e+01 1.71290194e+01]
 [5.70889796e+01 1.09014070e+01]
 [2.89212220e+00 3.90569144e+01]
 [9.43212327e+01 5.47607194e+00]
 [3.56508657e+00 3.75695244e+01]
 [5.84991579e+00 3.44234912e+01]
 [3.25452138e+01 1.78218449e+01]
 [5.21571933e+01 1.19731713e+01]
 [4.38145912e+01 1.41633063e+01]
 [2.96501667e+00 3.85706531e+01]
 [1.01602425e+02 4.95848197e+00]
 [6.41092403e-02 4.82721196e+01]
 [7.61697290e+01 7.35625877e+00]
 [1.39850455e+00 4.21826554e+01]
 [4.06563938e+01 1.51886199e+01]
 [7.47989823e-02 4.81135939e+01]
 [3.86404890e+01 1.57977749e+01]
 [3.00377098e-01 4.68467945e+01]
 [5.79714720e+01 1.06572791e+01]
 [2.78849110e-02 4.88321252e+01]
 [6.94938160e+00 3.32030524e+01]
 [8.25824970e-01 4.39170451e+01]
 [6.26087402e+01 9.70831914e+00]
 [2.09021655e+00 4.02995179e+01]
 [9.56024920e+01 5.33905828e+00]
 [4.95454026e+01 1.26243311e+01]
 [6.09621324e+00 3.41643518e+01]
 [3.92834749e+01 1.56745370e+01]
 [2.59826937e+01 2.05417039e+01]
 [4.25214220e+01 1.45455673e+01]
 [5.04678317e+01 1.25082632e+01]
 [1.10497362e+02 4.47958278e+00]
 [1.44632135e+00 4.19027061e+01]
 [1.63854322e+01 2.54785624e+01]
 [7.76812641e+00 3.22621992e+01]
 [2.80043006e+01 1.95880121e+01]
 [8.90863948e+00 3.12736926e+01]
 [7.60488792e-01 4.42461042e+01]
 [4.05624359e+00 3.68408094e+01]
 [8.63749198e+01 6.17025858e+00]
 [9.75997135e+00 3.07722657e+01]
 [1.55356587e+01 2.60135085e+01]
 [3.70986437e+01 1.62139891e+01]
 [3.01741446e+01 1.87458376e+01]
 [2.65062521e+01 2.03913772e+01]
 [1.17965824e+01 2.86834271e+01]
 [4.66182443e+01 1.33760640e+01]
 [2.23665495e+01 2.21589914e+01]
 [7.07409588e+00 3.29968040e+01]
 [8.30122105e+01 6.52686287e+00]
 [3.60699608e+01 1.65566552e+01]
 [1.36187023e-01 4.75784774e+01]
 [6.93155400e+00 3.36560743e+01]
 [6.09830142e+01 1.00415616e+01]
 [1.97773767e+00 4.05516287e+01]
 [4.18765624e+01 1.48182171e+01]
 [3.17064754e+00 3.84127488e+01]
 [9.30072348e+01 5.50606556e+00]
 [2.79448180e+00 3.92858952e+01]
 [7.95286443e+01 6.95589870e+00]
 [2.15499253e+01 2.27893993e+01]
 [5.68666463e-01 4.49591144e+01]
 [5.82695637e+01 1.05999835e+01]
 [6.97684648e+01 8.37929860e+00]
 [3.28193623e+00 3.80627396e+01]
 [6.30285782e+01 9.62662312e+00]
 [8.98209465e+01 5.77914448e+00]
 [6.01042125e+01 1.02065020e+01]
 [3.38364045e+00 3.78835185e+01]
 [3.50486004e+01 1.70334201e+01]
 [2.20157646e+01 2.24629272e+01]
 [9.14531365e+01 5.64332278e+00]
 [7.13332734e+01 8.11176742e+00]
 [1.07428235e+01 2.95496443e+01]
 [9.48746130e+01 5.39268259e+00]
 [3.78274442e+01 1.60450146e+01]
 [8.11082329e+01 6.73223340e+00]
 [2.26919369e+01 2.20652255e+01]
 [1.10353018e+01 2.93731056e+01]
 [6.52939079e+01 9.21648272e+00]
 [9.70052502e-01 4.32856598e+01]
 [1.74271593e+01 2.49385605e+01]
 [1.38227009e+01 2.72040280e+01]
 [1.78884865e+01 2.45743101e+01]
 [9.82031576e+00 3.06106802e+01]
 [1.12944826e+02 4.44862548e+00]
 [8.82024730e+01 5.93675488e+00]
 [1.04625733e+02 4.75230847e+00]
 [2.43881410e-02 4.89690672e+01]
 [9.22848217e+01 5.56528105e+00]
 [4.02538107e-01 4.59513264e+01]
 [8.51757134e+01 6.27997950e+00]
 [1.68153986e+01 2.52348391e+01]
 [3.56165914e+01 1.67091432e+01]
 [3.16713937e+01 1.83939370e+01]
 [3.98165105e+00 3.73312459e+01]
 [5.38840897e+01 1.15730217e+01]
 [8.44243034e+01 6.35985765e+00]
 [7.69349113e+01 7.31374584e+00]
 [3.79792238e+01 1.59383804e+01]
 [5.33611328e+01 1.18880591e+01]
 [6.64721235e-01 4.45245190e+01]
 [3.53551182e+01 1.68478289e+01]
 [9.94211423e+00 3.01898352e+01]
 [1.89607727e+00 4.08565483e+01]
 [4.04196828e+00 3.71998264e+01]
 [1.96994839e+01 2.35679427e+01]
 [5.27512453e+01 1.19725781e+01]
 [7.64315942e+00 3.26568474e+01]
 [2.77021248e+01 1.98808159e+01]
 [4.22734344e+01 1.46637253e+01]
 [5.34233099e+01 1.16770634e+01]
 [2.01326698e+01 2.34384380e+01]
 [3.97387932e+01 1.54917576e+01]
 [1.49257883e+01 2.65955015e+01]
 [6.45950938e+00 3.39444094e+01]
 [2.66802878e+01 2.01459371e+01]
 [2.16682150e+01 2.25024736e+01]
 [9.06919976e+01 5.75118425e+00]
 [7.24704945e+01 7.96831250e+00]
 [3.14757404e-01 4.65996621e+01]
 [7.53165205e+01 7.47848846e+00]
 [1.45222392e+01 2.67074339e+01]
 [7.38118750e+00 3.27209558e+01]
 [3.65281449e+01 1.63958195e+01]
 [1.49925460e+01 2.63770954e+01]
 [4.00918982e+01 1.52510283e+01]
 [6.06296345e+01 1.01175606e+01]
 [1.59502252e+01 2.57503139e+01]
 [8.55125456e+00 3.14867568e+01]
 [5.60519946e+01 1.12606503e+01]
 [1.77744907e+01 2.46928931e+01]
 [8.89085385e-01 4.35860832e+01]
 [1.43917953e+01 2.68845300e+01]
 [7.16375445e+01 8.06060133e+00]
 [1.58906665e+00 4.15772429e+01]
 [2.72032192e+01 1.99214081e+01]
 [9.95504553e+01 5.10749733e+00]]
