[[-170.38643212   66.76037916]
 [-119.01338279   61.3743967 ]
 [ -95.72336      41.79727474]
 [-225.36158977  116.04297127]
 [ -25.45199675   26.69718905]
 [ -68.58580765   36.86258065]
 [ -70.92151053   37.3981493 ]
 [ -23.10091265   24.3387617 ]
 [-236.35374252  129.94511947]
 [-102.34355479   55.93677233]
 [ -35.0075921    28.37416298]
 [ -95.68984995   41.78070396]
 [-170.4913454    67.46720536]
 [ -33.42674718   26.7109956 ]
 [ -44.547951     33.28380929]
 [ -69.33306767   37.2708182 ]
 [ -15.5697629    20.9311111 ]
 [-195.40064701   93.33016243]]
