[[5.57509091e-04 4.98420097e+01]
 [1.35680404e+02 4.00010653e+00]
 [1.07561827e-01 4.77668107e+01]
 [2.57994774e+01 2.05342469e+01]
 [2.78882235e+01 1.97513901e+01]
 [2.36192282e+01 2.18260693e+01]
 [7.33883720e+01 7.77480952e+00]
 [2.49252817e+01 2.09385578e+01]
 [1.01999459e+02 4.92984591e+00]
 [4.40822168e+01 1.41070926e+01]
 [3.04846039e+01 1.85799751e+01]
 [4.61348339e+01 1.35495409e+01]
 [9.25029786e+01 5.56826535e+00]
 [9.06114219e+01 5.85769338e+00]
 [8.73583496e+01 6.09906955e+00]
 [3.80434867e+01 1.59228320e+01]
 [4.84938906e+01 1.28994510e+01]
 [1.32212162e+01 2.76165387e+01]
 [2.11512789e-01 4.68011571e+01]
 [1.09655920e+02 4.50256793e+00]
 [6.90092458e+01 8.52538380e+00]
 [4.55698836e+00 3.61426944e+01]
 [3.32750005e+01 1.76814122e+01]
 [1.11963426e+02 4.47306146e+00]
 [7.60387726e+01 7.46599777e+00]
 [1.20193773e+02 4.18408154e+00]
 [3.56706901e+01 1.67986933e+01]
 [2.18948387e+00 4.01200269e+01]
 [2.94394515e+01 1.91917670e+01]
 [2.56663764e+00 3.93180034e+01]
 [4.32791806e+01 1.44468561e+01]
 [7.09347414e+01 8.17941829e+00]
 [1.26544384e+02 4.05880922e+00]
 [1.23456156e+01 2.82651989e+01]
 [9.80883769e+00 3.03237444e+01]
 [1.05079261e+02 4.71909832e+00]
 [9.42789548e+01 5.40422597e+00]
 [4.01478802e+01 1.55495885e+01]
 [1.03889697e+01 2.98173260e+01]
 [4.13734919e-01 4.62754793e+01]
 [8.85071685e+01 5.90304059e+00]
 [4.07669486e+00 3.69162037e+01]
 [2.23662980e+01 2.21519158e+01]
 [3.07763727e-02 4.90270039e+01]
 [1.13706291e+02 4.40013862e+00]
 [4.35266105e-01 4.55352184e+01]
 [5.35225816e+01 1.17950020e+01]
 [3.31452005e+00 3.79617404e+01]
 [3.84232060e+00 3.72329921e+01]
 [9.73385747e+01 5.17519500e+00]
 [8.13721801e+00 3.18907018e+01]
 [1.06582453e+00 4.31704980e+01]
 [9.57019484e+01 5.29272850e+00]
 [5.50675909e+00 3.48427208e+01]
 [1.32257749e+02 4.01302893e+00]
 [5.77912199e+01 1.06935338e+01]
 [6.30683804e-01 4.45787140e+01]
 [4.21312447e+01 1.48685480e+01]
 [7.17319068e+01 8.04489027e+00]
 [6.46813877e+01 9.34772289e+00]
 [6.79344131e+01 8.71345118e+00]
 [8.47046777e+01 6.29043151e+00]
 [2.01234711e+00 4.05646359e+01]
 [1.00189153e+02 5.01151037e+00]
 [1.35677473e+02 4.00059504e+00]
 [8.13552575e-01 4.38576829e+01]
 [1.62376920e+01 2.58290375e+01]
 [9.89007658e+01 5.07050059e+00]
 [5.00586210e+01 1.24859503e+01]
 [3.44423676e+01 1.71732356e+01]
 [1.54544227e+01 2.61342150e+01]
 [6.30906733e+01 9.68935983e+00]
 [1.78691464e+00 4.11797270e+01]
 [1.09386208e+01 2.93511197e+01]
 [1.93734525e+01 2.41061425e+01]
 [2.87936132e+01 1.94417597e+01]
 [4.13223210e+01 1.50195109e+01]
 [1.29332634e+02 4.02887301e+00]
 [1.58932816e+00 4.15074710e+01]
 [5.19590905e+01 1.20243412e+01]
 [6.45566407e+00 3.36870411e+01]
 [8.79625101e+00 3.12286948e+01]
 [3.17663276e+01 1.80881734e+01]
 [5.60908571e-01 4.50098242e+01]
 [1.32045589e+02 4.01470455e+00]
 [1.49691388e+01 2.65096448e+01]
 [1.17939051e+02 4.23852172e+00]
 [8.28472281e+01 6.49552734e+00]
 [1.28978473e+02 4.05212550e+00]
 [2.07488102e+01 2.30587297e+01]
 [1.88905196e+01 2.45042103e+01]
 [1.22651415e+02 4.14818100e+00]
 [1.26830930e+00 4.23549053e+01]
 [7.41701792e+00 3.27052947e+01]
 [1.44773852e+01 2.68044336e+01]
 [1.79222191e+01 2.45820033e+01]
 [1.15859038e+02 4.28657851e+00]
 [4.74342678e+01 1.32491062e+01]
 [1.07683457e+02 4.59276897e+00]
 [4.01788763e+01 1.52885346e+01]
 [5.17346146e+00 3.52640735e+01]
 [3.17272070e+01 1.81889757e+01]
 [5.14442209e+01 1.21460108e+01]
 [8.17612244e+01 6.62741794e+00]
 [6.90521118e+00 3.31529964e+01]
 [6.66993687e+01 8.95039842e+00]
 [3.39439345e+01 1.73364859e+01]
 [7.88907693e+01 6.98060007e+00]
 [5.93794049e+01 1.04531392e+01]
 [5.57442396e+01 1.11428663e+01]
 [1.99004559e+01 2.34408431e+01]
 [1.15369684e+02 4.30764508e+00]
 [2.16864272e+01 2.24988071e+01]
 [8.44672650e+01 6.32645387e+00]
 [6.53780480e+01 9.22872515e+00]
 [5.93333871e+00 3.42632009e+01]
 [6.25432032e+01 9.73168318e+00]
 [1.67185899e+01 2.54146396e+01]
 [1.18569389e+02 4.20853822e+00]
 [8.04403119e+01 6.86668001e+00]]
