[[2.08511002 2.16097348]
 [0.93130106 1.03668218]
 [1.98383737 1.6164502 ]
 [2.09597257 2.0556585 ]
 [2.08652401 1.67606949]
 [0.70193469 0.59430447]
 [1.05814058 0.79663998]
 [1.63322451 1.58117431]
 [3.45448459 2.99196855]
 [0.09940067 0.07863296]
 [2.76410989 2.52609268]
 [2.92879636 2.90878724]
 [0.29958845 0.36403037]
 [0.22275939 0.32248239]
 [1.1992388  1.48130914]
 [2.62335155 2.77442391]
 [3.08389179 2.84704896]
 [0.88098128 0.99619072]
 [0.99284944 1.28010303]
 [2.63857323 2.40648325]
 [2.59505814 2.31265173]
 [3.91374707 2.97141535]
 [1.23866451 0.78651925]
 [1.10716367 0.80121606]
 [0.09166321 0.20017499]
 [1.9742524  2.24081549]
 [0.72779116 0.47319021]
 [0.73396187 0.79289245]
 [2.58633799 2.74921756]
 [0.43741105 0.68192921]
 [2.85357926 2.99026028]
 [2.46035901 2.19027363]
 [1.69354013 1.57168841]
 [2.42214223 2.57795342]
 [1.37059888 1.68158997]
 [1.07056068 0.59684377]
 [0.13313942 0.33276111]
 [0.40264764 0.69510693]
 [0.79916825 0.60780638]
 [1.85077089 1.59209232]
 [2.01610236 2.27624079]
 [3.58464501 2.96197852]
 [1.87437972 2.31096758]
 [2.00932962 2.09192406]
 [0.60383592 0.66085196]
 [0.69177345 0.87043339]
 [1.72849411 2.02491481]
 [1.10741028 1.40173747]
 [1.57382844 1.88056681]
 [2.86636136 2.82828773]
 [2.45772575 2.57010749]
 [2.09289013 2.0503947 ]
 [1.47644397 1.63236415]
 [2.43960746 2.56606924]
 [2.92674229 2.69461514]
 [2.57087522 2.62599818]
 [0.91976721 1.38851736]
 [0.80755385 1.02732192]
 [2.8968027  2.77411254]
 [0.26497271 0.59848664]
 [3.154796   2.94277103]
 [2.49966186 2.33129469]
 [1.99609303 2.39088676]
 [1.90540746 1.97803481]
 [0.354592   0.45781196]
 [1.60513157 1.67373598]
 [3.49811591 2.75477577]
 [0.19864353 0.21100032]
 [2.69824555 2.6857811 ]
 [2.23317523 2.63110317]
 [1.64180695 1.64269281]
 [1.93002006 1.71462628]
 [0.19929963 0.40437935]
 [0.967082   1.0069914 ]
 [2.16177797 2.5431014 ]
 [3.01091827 2.89070126]
 [1.72839607 1.78687529]
 [1.5264415  1.11496373]
 [2.24368629 2.1129402 ]
 [0.88339447 1.17329737]
 [0.57517506 1.1202214 ]
 [1.17538818 1.38480624]
 [1.64922281 2.0492231 ]
 [0.61386065 0.56270968]
 [2.35248838 2.48140801]
 [2.29978366 2.29161815]
 [0.63356692 0.73279999]
 [2.73227295 2.44932719]
 [3.02153422 2.87640755]
 [1.96942004 2.06686514]
 [3.50266536 2.79167946]
 [1.95305249 2.08881025]
 [3.06556168 2.8072088 ]
 [2.98444262 2.93877052]
 [2.2050331  2.21883589]
 [1.38600052 1.6044967 ]
 [4.48021746 2.91816106]
 [3.02606448 2.97121859]
 [0.4449911  0.55471677]
 [0.18931294 0.17275052]
 [0.82659245 0.59158904]
 [2.58099231 2.58967945]
 [2.32566972 2.42024043]
 [1.28330495 1.17429109]
 [0.28987907 0.41644955]
 [0.72892716 0.73464192]
 [2.78634115 2.72132717]
 [2.60156818 2.48540444]
 [2.52889693 2.47457569]
 [2.03144214 2.23124759]
 [1.55506534 1.64546727]
 [2.39868784 2.84003004]
 [1.64573001 1.58400419]
 [1.15731468 1.28046405]
 [1.95132352 2.27947619]
 [0.45204858 0.38692795]
 [0.52631263 0.51818239]
 [3.02711004 2.92871479]
 [3.09559817 2.95633474]
 [2.66824538 2.21816336]
 [2.75997514 2.89174767]
 [1.98231345 1.8840697 ]
 [0.34892989 0.12563271]
 [0.99099615 0.66178225]
 [2.68001287 2.70234934]
 [1.17760978 0.88780516]
 [2.82866073 2.7264241 ]
 [2.81188761 2.73506905]
 [1.87090159 2.01955926]
 [1.90953077 1.9065853 ]
 [2.40929452 2.54447522]
 [1.7167312  1.64105092]
 [2.82866073 2.73443595]
 [2.55570739 2.37899322]
 [4.49399042 2.98175741]
 [1.04508239 1.10832412]
 [1.24365733 1.12047797]
 [2.90391074 2.59000371]
 [2.08012239 2.0503947 ]
 [0.62339162 0.25508387]
 [1.98231345 1.97382894]
 [1.8082542  1.5948413 ]
 [1.82745181 1.54147101]
 [2.21410461 2.21883589]
 [2.79858491 2.41812485]
 [2.38251159 2.41139692]
 [2.71583215 2.69784552]
 [4.23526616 2.97717881]
 [3.74931224 2.99988107]
 [2.90503695 2.83392337]
 [0.74909455 0.86460482]
 [2.19954998 2.1511    ]
 [2.86600811 2.82828773]
 [2.72195646 2.69836103]
 [1.33084174 1.05759771]
 [2.36432069 2.42214076]
 [1.0309523  0.76671339]
 [2.84859787 2.92871479]
 [1.84744869 1.71462628]
 [3.24791527 2.87501042]
 [1.58422096 1.51356624]
 [1.46968465 1.06005264]
 [2.46228863 2.59405843]
 [2.87386696 2.93877052]
 [0.85411567 1.37092598]
 [3.06460046 2.87548577]
 [2.09195892 1.91379619]
 [0.69177345 0.83705058]
 [0.98973291 1.10175753]
 [1.94137965 2.27788556]
 [3.49811591 2.81579386]
 [1.94384041 1.69488197]
 [1.49266846 1.64762908]
 [0.30055501 0.28499078]
 [2.14445812 2.5211231 ]
 [1.62370786 1.9864088 ]
 [0.74898234 0.76966569]
 [3.78977004 2.85724523]
 [3.85415915 2.97829326]
 [2.78527681 2.86958909]
 [2.2050331  2.28814439]
 [0.88651563 0.58779584]
 [1.54320974 2.12586066]
 [3.18692424 2.91818046]
 [1.65599096 1.31937013]
 [3.04899402 2.55410533]
 [1.87226432 2.31096758]
 [1.22445206 1.1575202 ]
 [1.64722301 1.85153343]
 [4.73825473 2.96161579]
 [4.1150152  2.99657256]
 [1.99052083 2.00638982]
 [2.35960162 2.48611628]
 [1.57366207 1.74370603]
 [3.94555483 2.95735041]
 [1.13901562 1.42867844]
 [0.06239696 0.13541664]
 [3.76528413 2.99545038]
 [1.27882741 1.6117155 ]
 [0.42528476 0.63295112]
 [3.01699297 2.96273316]
 [1.95305249 1.97844781]
 [2.25244877 2.1129402 ]
 [0.42920126 0.53614033]
 [0.17287036 0.25284915]
 [1.42159709 1.62307428]
 [2.00808329 2.24453657]
 [0.26684512 0.41644955]
 [2.23555885 1.97256422]
 [0.11840045 0.19583184]
 [1.27219051 1.17506107]
 [1.14441839 1.28799217]
 [2.00082621 2.39691852]
 [1.24145364 1.04632527]
 [1.38496367 1.41734103]
 [2.07854589 1.74859919]
 [2.92609651 2.70806053]
 [4.69359587 2.95285803]
 [1.62870147 1.9460016 ]
 [1.35782898 1.49875251]
 [1.38600052 1.10608199]
 [3.10015897 2.99084409]
 [1.29483269 1.53315377]
 [1.63533898 1.30378492]
 [2.68023955 2.46926625]
 [2.29940133 2.25452322]
 [2.5049489  2.19027363]
 [1.19569859 1.40976674]
 [1.58681205 1.33926284]
 [0.19304285 0.21100032]
 [1.48702355 1.8450871 ]
 [4.48021746 2.94009914]
 [3.72913691 2.97141535]
 [1.13060362 0.58511246]
 [2.82075365 2.63266025]
 [0.7598045  0.68615105]
 [3.33335718 2.86154365]
 [4.04888996 2.93785051]]
