[[1.62976350e-03 2.00145681e+00 1.00329072e+00 5.34199609e-03
  1.00381826e+00 8.88124502e-01]
 [1.62228384e-03 2.00153436e+00 4.55353162e+00 3.81931896e-03
  4.99860339e+00 8.73493274e-01]
 [1.63000779e-03 2.00146361e+00 1.02124074e+00 5.30685459e-03
  4.87269294e+00 8.65382405e-01]
 [1.63000779e-03 2.00157075e+00 3.85726522e+00 7.25559820e-03
  1.04085941e+00 8.91469559e-01]
 [1.63000779e-03 2.00157075e+00 3.57057955e+00 6.54768710e-03
  1.00243780e+00 8.91469559e-01]
 [1.63000779e-03 2.00146291e+00 1.90439720e+00 1.47857011e-03
  4.96249887e+00 9.07335994e-01]
 [1.21511072e-03 2.00117918e+00 2.94404968e+00 7.17238984e-05
  1.08374286e+00 8.80474373e-01]
 [1.32277389e-03 2.00117921e+00 2.63105346e+00 6.74459573e-05
  4.80921088e+00 1.90059027e+00]
 [1.22949608e-03 2.00117078e+00 2.99376188e+00 3.82517727e-03
  4.99425072e+00 8.65935995e-01]
 [1.62528182e-03 2.00153436e+00 3.84855537e+00 1.95801971e-04
  4.81986232e+00 7.02154973e-01]
 [1.64890001e-03 2.00145681e+00 2.33437682e+00 7.25155705e-03
  1.00381826e+00 8.91085139e-01]
 [1.64912701e-03 2.00115319e+00 2.69734654e+00 7.25155705e-03
  1.00381826e+00 8.61287275e-01]
 [1.62528182e-03 2.00119095e+00 4.06786171e+00 8.99159953e-04
  4.98410004e+00 7.02154973e-01]
 [1.61582900e-03 2.00151805e+00 1.02124074e+00 5.17637840e-03
  4.88536016e+00 8.65382405e-01]
 [1.64890001e-03 2.00145664e+00 1.90162310e+00 1.67340310e-03
  1.00381826e+00 8.99085944e-01]
 [1.62266230e-03 2.00117340e+00 2.98529769e+00 1.47857011e-03
  4.97763855e+00 9.07335994e-01]
 [1.62528182e-03 2.00153436e+00 4.55353162e+00 4.03812602e-03
  4.81906569e+00 7.02154973e-01]
 [1.62528182e-03 2.00153436e+00 4.45128833e+00 1.95801971e-04
  4.81906569e+00 7.02154973e-01]
 [1.62871202e-03 2.00159756e+00 3.84871704e+00 6.40991355e-03
  1.02056187e+00 8.91469559e-01]
 [1.63000779e-03 2.00157407e+00 3.85726522e+00 1.01124186e-03
  4.84429146e+00 8.67389452e-01]]
