[[3.60699608e+01 1.65566552e+01]
 [7.76812641e+00 3.22621992e+01]
 [2.61940879e+01 2.05456462e+01]
 [3.44753316e+01 1.71025222e+01]
 [3.38364045e+00 3.78835185e+01]
 [7.01718697e+00 3.32064912e+01]
 [2.06701379e+01 2.30235463e+01]
 [8.35413583e+01 6.42080819e+00]
 [6.42545421e-02 4.82357273e+01]
 [6.81555654e+01 8.66305532e+00]
 [8.89085385e-01 4.35860832e+01]
 [6.14466549e-01 4.47011988e+01]
 [1.45298019e+01 2.68269711e+01]
 [5.83176055e+01 1.06016468e+01]
 [7.04643053e+01 8.30666886e+00]
 [2.37133311e+01 2.18482271e+01]
 [7.07409588e+00 3.29968040e+01]
 [6.16784942e+01 9.95395502e+00]
 [7.64913006e+01 7.61132999e+00]
 [2.05528226e+01 2.32543913e+01]
 [1.04976551e+01 2.98948891e+01]
 [5.10129214e+01 1.23026655e+01]
 [4.83307391e+01 1.30055861e+01]
 [1.07577721e+02 5.06983686e+00]
 [9.12337203e+00 3.15838444e+01]
 [9.65869014e+01 5.29510110e+00]
 [3.56757064e+01 1.67682477e+01]
 [1.17329489e+02 4.34324222e+00]
 [4.66951383e+00 3.58988353e+01]
 [5.69893656e+01 1.08917859e+01]
 [2.62542348e+00 3.94629533e+01]
 [6.83382844e+01 8.64617576e+00]
 [4.34026601e+01 1.43443386e+01]
 [2.13531304e+01 2.26859973e+01]
 [4.18005687e+01 1.50087135e+01]
 [5.00504672e+01 1.25116603e+01]
 [1.88251444e+01 2.41843976e+01]
 [5.13824242e-01 4.54694508e+01]
 [2.58119506e+00 3.96677531e+01]
 [4.96488974e+01 1.29432400e+01]
 [4.03239394e+00 3.69383522e+01]
 [2.38404433e+01 2.15314788e+01]
 [4.75859928e+01 1.32989730e+01]
 [3.69837635e+01 1.63225093e+01]
 [8.64919865e+01 6.15676129e+00]
 [3.54154819e+01 1.70003975e+01]
 [3.36542071e+01 1.74010150e+01]
 [3.20537255e+00 3.81544643e+01]
 [4.94481916e+00 3.56141364e+01]
 [1.27649019e+01 2.80997480e+01]
 [2.40538698e+01 2.14695150e+01]
 [6.48609556e+01 9.26874806e+00]
 [5.05834735e+01 1.23675360e+01]
 [3.43372301e+01 1.71514592e+01]
 [1.93779981e+01 2.37564183e+01]
 [5.01455835e+01 1.24796289e+01]
 [6.33070848e+01 9.61319687e+00]
 [5.40210633e+01 1.15365319e+01]
 [6.83013424e+00 3.33587758e+01]
 [6.43486652e+01 9.37801384e+00]
 [1.71358718e+00 4.17938033e+01]
 [1.20306667e+01 2.85309140e+01]
 [2.25733983e+01 2.24263055e+01]
 [7.44505565e+01 7.63696884e+00]
 [5.89411434e+01 1.05818184e+01]
 [4.67329773e+01 1.33736789e+01]
 [3.01727971e+01 1.87087766e+01]
 [1.34130912e+00 4.22112876e+01]
 [2.15113580e+01 2.25891640e+01]
 [7.93024178e+01 7.29668767e+00]
 [3.35921562e-01 4.59875418e+01]
 [5.79757966e+01 1.06536827e+01]
 [4.76391019e+01 1.32669915e+01]
 [9.12935351e+00 3.13889598e+01]
 [2.15758789e+01 2.25489721e+01]
 [2.66596827e+01 2.02184574e+01]
 [2.58182713e+01 2.08055238e+01]
 [8.12972023e-01 4.41664531e+01]
 [7.79711709e+00 3.22085453e+01]
 [4.45625951e+01 1.40918550e+01]
 [6.96871304e+01 8.40558730e+00]
 [2.47211051e+01 2.10275627e+01]
 [1.42926711e+01 2.71591155e+01]
 [3.79945778e+01 1.59323796e+01]
 [1.31969028e+01 2.76972815e+01]
 [1.05494764e+01 2.98658082e+01]
 [2.32632100e+01 2.22242980e+01]
 [2.77386830e+00 3.89277638e+01]
 [4.67663491e+01 1.33526234e+01]
 [2.37216027e+01 2.17945128e+01]
 [4.21620745e+01 1.46265005e+01]
 [3.75361146e+00 3.72747338e+01]
 [6.96135576e+01 8.42397176e+00]
 [3.26021873e+01 1.77876950e+01]
 [8.02485554e+01 7.11869063e+00]
 [3.27101692e+01 1.77589149e+01]
 [6.91123586e+01 8.55038487e+00]
 [7.01730799e+01 8.31113849e+00]
 [3.91416147e+01 1.55467138e+01]
 [1.79816284e+01 2.45904349e+01]
 [5.32432904e+01 1.18283137e+01]
 [7.34291820e+01 7.93473231e+00]
 [6.91922583e-01 4.44418788e+01]
 [7.19408245e+01 8.01237546e+00]
 [2.02291111e+00 4.05086490e+01]
 [2.62728519e-01 4.64450476e+01]
 [4.13293070e+00 3.68514178e+01]
 [5.34718436e+01 1.16612434e+01]
 [4.50652135e+01 1.38072019e+01]
 [1.21033246e+01 2.84498708e+01]
 [1.02984042e+00 4.31941739e+01]
 [4.28413418e+00 3.64353428e+01]
 [1.78381492e+00 4.10814080e+01]
 [1.08811243e+01 2.95339571e+01]
 [1.63351498e+01 2.56988713e+01]
 [5.31442232e+01 1.18587019e+01]
 [2.00004853e+01 2.36479507e+01]
 [8.46807036e+00 3.15881642e+01]
 [8.76923332e+01 6.04918790e+00]
 [9.26920366e+00 3.08105678e+01]
 [1.27806658e+01 2.79257165e+01]
 [7.38021416e+01 7.88474992e+00]
 [5.59134681e+01 1.11188199e+01]
 [1.13906781e+01 2.90367001e+01]
 [4.43653376e+00 3.62171557e+01]
 [1.42503256e+01 2.74048659e+01]
 [2.42802519e+00 4.00197061e+01]
 [8.17381261e+01 6.65529896e+00]
 [1.23861260e+00 4.24459309e+01]
 [5.36313827e+01 1.16245996e+01]
 [1.01291376e+02 5.20713952e+00]
 [2.20905740e+01 2.24816964e+01]
 [1.19235911e+01 2.85961450e+01]
 [8.03339195e+01 6.81325533e+00]
 [4.25315830e+00 3.66728159e+01]
 [3.97976303e+01 1.53414564e+01]
 [5.57403651e+00 3.50258336e+01]
 [6.44147453e+01 9.36477449e+00]
 [9.35562440e+01 5.51451857e+00]
 [6.11902327e+01 1.00067693e+01]
 [1.21264781e+02 4.19114047e+00]
 [5.78454600e+00 3.48435604e+01]
 [7.33896844e+00 3.26933766e+01]
 [2.91618437e+01 1.91929295e+01]
 [6.57057637e+01 9.11390375e+00]
 [3.20182497e+01 1.79941019e+01]
 [9.81206070e+00 3.06892338e+01]
 [8.20763078e+01 6.60954327e+00]
 [3.43264194e+01 1.72821866e+01]
 [4.61364365e+01 1.35077729e+01]
 [3.36010853e+01 1.74121353e+01]
 [7.90081511e+01 7.36505158e+00]
 [2.78235082e+00 3.89027951e+01]
 [6.40720645e+01 9.42236236e+00]
 [7.68073608e+01 7.59860131e+00]
 [1.17061263e+02 4.34405650e+00]
 [3.89355099e-01 4.56994889e+01]
 [3.03225726e+01 1.86679620e+01]
 [1.71975741e+01 2.50372575e+01]
 [4.37413415e+01 1.41961054e+01]
 [3.09392095e+01 1.84040562e+01]
 [8.84003073e+01 6.00229465e+00]
 [1.15707682e+01 2.89084484e+01]
 [3.50059321e+01 1.70685075e+01]
 [2.57812203e+01 2.08443519e+01]
 [2.94847036e+00 3.85979468e+01]
 [1.73408194e-01 4.71086104e+01]
 [3.34219962e+01 1.75851156e+01]
 [9.27968117e+01 5.53135350e+00]
 [2.76595400e+01 1.99269622e+01]
 [3.44693116e+01 1.71504254e+01]
 [7.96263676e+01 7.24732818e+00]
 [3.79736349e+01 1.61946596e+01]
 [4.76032174e+01 1.32750741e+01]
 [1.07950892e+02 4.99989229e+00]
 [6.00210466e+00 3.45110076e+01]
 [2.81997328e+01 1.95027716e+01]
 [6.20039308e+01 9.82319796e+00]
 [6.62112942e+01 9.02016021e+00]
 [1.03580061e+01 3.01720805e+01]
 [1.57070404e+01 2.59679153e+01]
 [1.37875580e+01 2.74292080e+01]
 [5.94957231e+01 1.03430507e+01]
 [7.13253021e+01 8.27632386e+00]
 [3.83625340e+01 1.57981065e+01]
 [9.26060217e+01 5.76078664e+00]
 [2.75940701e+00 3.92472280e+01]
 [3.94039449e+01 1.54992172e+01]
 [3.27469772e+00 3.80900183e+01]
 [1.64151405e+01 2.54876997e+01]
 [7.41775938e+01 7.81295117e+00]
 [5.35915580e+01 1.16492594e+01]
 [3.13076838e+01 1.83117040e+01]
 [1.15393580e+01 2.89315580e+01]
 [5.20580964e+01 1.20400655e+01]
 [4.18653463e+01 1.48111510e+01]
 [1.12322793e+02 4.56023735e+00]
 [8.09722118e-01 4.41692064e+01]
 [7.23263524e+01 7.94700505e+00]
 [2.79368072e+01 1.96361581e+01]
 [1.19457179e+01 2.85915121e+01]
 [6.36803224e+00 3.38662579e+01]
 [4.13896721e+01 1.51616794e+01]
 [9.13046547e+01 5.99613495e+00]
 [3.83234511e+01 1.58496475e+01]
 [1.00071957e+02 5.25133189e+00]
 [4.31331831e+01 1.44911085e+01]
 [1.73313064e+00 4.13337800e+01]
 [6.07381411e+01 1.01669655e+01]
 [1.32368890e+02 4.10316187e+00]
 [4.78285317e+01 1.32097530e+01]
 [1.16867146e+02 4.45273050e+00]
 [1.06149551e+01 2.96589819e+01]
 [5.73246878e+01 1.08581874e+01]]
