[[0.62822678 4.53414591 9.09509548 1.55636897]
 [0.43379929 4.27441307 8.65190854 0.52291692]
 [0.43379929 4.29655552 9.82652512 0.52291692]
 [2.04366804 0.49982284 9.9653428  2.95799686]
 [2.01157252 0.61720586 9.64489478 4.54922712]
 [0.63664913 3.94984669 9.75886348 1.76884182]
 [1.52433924 1.42016598 9.43020269 3.61233041]
 [0.43760998 4.27441307 7.80037836 0.45169763]
 [0.82130145 2.06517162 8.80677304 1.24871165]
 [0.4339003  4.29456068 8.7710379  0.52291692]
 [2.88935897 8.45817405 9.82763891 4.98343587]
 [1.64577047 1.42016598 9.4327331  3.62683128]
 [1.49916058 0.91362115 9.78477547 4.60875099]
 [1.58871066 1.5157577  9.23033455 2.62420355]
 [1.55383748 1.6581054  9.70171865 3.55281974]
 [0.63664913 3.94984669 9.92076959 1.76884182]
 [2.01157252 0.61720586 9.66997746 4.54922712]
 [1.5622978  1.04788872 9.16287235 2.50278897]
 [0.43379929 4.48142105 9.82652512 0.50903265]
 [0.62822678 4.53414591 9.09509548 1.63601845]
 [0.43760998 3.63464596 7.64724688 0.45169763]
 [0.43379929 4.27483711 8.65422376 1.0669036 ]
 [0.4339003  4.32844425 8.58742897 0.52291692]
 [0.60271068 2.69029686 8.86118696 1.42157953]
 [1.2986173  1.8313128  9.49927263 2.62420355]
 [1.51768569 1.59653702 9.66062879 3.93259838]
 [1.52433924 1.42016598 9.42272772 2.36987156]
 [1.4989948  1.87959928 9.95321654 3.74195519]
 [0.43379929 4.29613148 9.82391795 0.52291692]
 [1.63882005 0.91362115 9.77812462 4.93114515]
 [0.4072723  2.98485568 9.77406452 0.62291637]
 [0.41016295 4.34695704 8.28179059 0.50903265]
 [0.43575446 4.27441307 7.80037836 0.4933914 ]
 [0.63664913 3.21830562 9.75886348 3.75310841]
 [1.49916058 0.91362115 9.82078123 4.63754658]
 [0.62822678 3.89708839 9.64381135 2.19148743]]
