[[4.86621314e+00 6.48194950e-03]
 [3.89650248e+01 6.05456647e-04]
 [4.23732353e+01 6.00404419e-04]
 [1.60341738e+01 1.16819093e-03]
 [2.39546259e+01 8.64869427e-04]
 [6.38590937e+00 3.36960094e-03]
 [2.33981240e+01 8.80724914e-04]
 [2.19066267e+01 8.94842311e-04]
 [5.10401669e+01 4.65606400e-04]
 [1.29910477e+01 1.86663522e-03]
 [8.41896737e+00 2.79476072e-03]
 [1.01024493e+01 2.43141993e-03]
 [4.44911415e+00 7.23643692e-03]
 [4.40544962e+01 5.15441214e-04]
 [2.76926787e+01 6.27992996e-04]
 [1.87761325e+01 1.06332356e-03]]
