[[3.60699608e+01 1.65566552e+01]
 [7.76812641e+00 3.22621992e+01]
 [2.61940879e+01 2.05456462e+01]
 [3.44753316e+01 1.71025222e+01]
 [3.38364045e+00 3.78835185e+01]
 [7.01718697e+00 3.32064912e+01]
 [3.22853364e+01 1.82240390e+01]
 [2.06701379e+01 2.30235463e+01]
 [8.35413583e+01 6.42080819e+00]
 [6.42545421e-02 4.82357273e+01]
 [5.60857909e+01 1.11194220e+01]
 [4.34786818e+00 3.65027909e+01]
 [6.81555654e+01 8.66305532e+00]
 [8.89085385e-01 4.35860832e+01]
 [6.14466549e-01 4.47011988e+01]
 [1.45298019e+01 2.68269711e+01]
 [5.83176055e+01 1.06016468e+01]
 [7.04643053e+01 8.30666886e+00]
 [7.07409588e+00 3.29968040e+01]
 [6.16784942e+01 9.95395502e+00]
 [4.22734344e+01 1.46637253e+01]
 [1.04976551e+01 2.98948891e+01]
 [5.10129214e+01 1.23026655e+01]
 [4.83307391e+01 1.30055861e+01]
 [1.04383508e+01 3.05546152e+01]
 [3.09838326e+01 1.84529702e+01]
 [1.07577721e+02 5.06983686e+00]
 [9.12337203e+00 3.15838444e+01]
 [9.65869014e+01 5.29510110e+00]
 [3.17043014e+01 1.83835391e+01]
 [8.61160919e+00 3.19010647e+01]
 [6.08506073e+01 1.02258165e+01]
 [7.47103428e+00 3.27839613e+01]
 [1.93888691e-01 4.71300901e+01]
 [3.56757064e+01 1.67682477e+01]
 [3.01435576e+00 3.87437753e+01]
 [1.17329489e+02 4.34324222e+00]
 [4.66951383e+00 3.58988353e+01]
 [5.69893656e+01 1.08917859e+01]
 [2.62542348e+00 3.94629533e+01]
 [2.20929934e+00 4.08396947e+01]
 [6.83382844e+01 8.64617576e+00]
 [2.13531304e+01 2.26859973e+01]
 [5.00504672e+01 1.25116603e+01]
 [5.13824242e-01 4.54694508e+01]
 [2.58119506e+00 3.96677531e+01]
 [4.03239394e+00 3.69383522e+01]
 [2.38404433e+01 2.15314788e+01]
 [4.75859928e+01 1.32989730e+01]
 [3.69837635e+01 1.63225093e+01]
 [8.64919865e+01 6.15676129e+00]
 [3.54154819e+01 1.70003975e+01]
 [3.36542071e+01 1.74010150e+01]
 [3.20537255e+00 3.81544643e+01]
 [4.94481916e+00 3.56141364e+01]
 [2.83518875e+01 1.95538827e+01]
 [1.27649019e+01 2.80997480e+01]
 [2.40538698e+01 2.14695150e+01]
 [6.48609556e+01 9.26874806e+00]
 [5.05834735e+01 1.23675360e+01]
 [3.43372301e+01 1.71514592e+01]
 [1.93779981e+01 2.37564183e+01]
 [5.01455835e+01 1.24796289e+01]
 [6.33070848e+01 9.61319687e+00]
 [5.40210633e+01 1.15365319e+01]
 [6.83013424e+00 3.33587758e+01]
 [3.12500802e+01 1.84325539e+01]
 [6.43486652e+01 9.37801384e+00]
 [1.71358718e+00 4.17938033e+01]
 [1.20306667e+01 2.85309140e+01]
 [2.25733983e+01 2.24263055e+01]
 [7.44505565e+01 7.63696884e+00]
 [5.89411434e+01 1.05818184e+01]
 [4.67329773e+01 1.33736789e+01]
 [3.88029074e+01 1.58309290e+01]
 [3.01727971e+01 1.87087766e+01]
 [1.34130912e+00 4.22112876e+01]
 [4.93661976e-01 4.58807307e+01]
 [2.15113580e+01 2.25891640e+01]
 [7.93024178e+01 7.29668767e+00]
 [3.35921562e-01 4.59875418e+01]
 [5.79757966e+01 1.06536827e+01]
 [4.76391019e+01 1.32669915e+01]
 [9.12935351e+00 3.13889598e+01]
 [2.15758789e+01 2.25489721e+01]
 [2.35776718e+00 4.06267694e+01]
 [2.66596827e+01 2.02184574e+01]
 [1.08977338e+02 5.00396913e+00]
 [2.58182713e+01 2.08055238e+01]
 [8.12972023e-01 4.41664531e+01]
 [7.79711709e+00 3.22085453e+01]
 [4.45625951e+01 1.40918550e+01]
 [3.28749231e+01 1.77928915e+01]
 [4.91179134e+01 1.27466134e+01]
 [3.36938098e+01 1.73908720e+01]
 [3.05216902e+01 1.86631381e+01]
 [3.94785686e+01 1.55676267e+01]
 [6.94905101e+01 8.59068038e+00]
 [3.40085175e+01 1.72986450e+01]
 [5.69175581e+00 3.49916092e+01]
 [2.28177451e+01 2.20690718e+01]
 [1.10247901e+02 4.78994050e+00]
 [3.25917200e+01 1.81174135e+01]
 [4.99511741e+01 1.27196307e+01]
 [3.65785896e+01 1.63920140e+01]
 [1.92181433e+00 4.10488804e+01]
 [9.25673287e+01 5.61622232e+00]
 [6.41082046e+01 9.49653013e+00]
 [6.53356974e+01 9.18310403e+00]
 [4.91003005e+01 1.27958908e+01]
 [1.16291956e+02 4.37112519e+00]
 [1.16496957e+01 2.88880541e+01]
 [4.41757480e-02 4.85359393e+01]
 [7.94875821e+01 7.27687548e+00]
 [4.36326836e+01 1.42540500e+01]
 [1.47696172e+00 4.18633887e+01]
 [6.47663076e+01 9.30314103e+00]
 [1.06870962e+01 2.95561850e+01]
 [9.21394690e+00 3.09798158e+01]
 [5.18799860e+00 3.52451451e+01]
 [1.08978736e+01 2.95457661e+01]
 [5.22290425e+01 1.19590785e+01]
 [5.93445618e+01 1.03688478e+01]
 [2.77197613e+00 3.89212571e+01]
 [1.17383237e+02 4.33526478e+00]
 [9.53286582e+01 5.38449150e+00]
 [2.77103539e+00 3.90242636e+01]
 [6.11776660e+01 9.98945328e+00]
 [6.44470891e+01 9.34627863e+00]
 [2.04552951e+01 2.31671210e+01]
 [2.14952735e+01 2.26367898e+01]
 [4.04842756e+01 1.53672385e+01]
 [1.73799653e+01 2.48691561e+01]
 [9.55328511e+00 3.08276553e+01]
 [2.53012062e+01 2.08736493e+01]
 [1.21114416e+01 2.84268583e+01]
 [3.76011651e+01 1.61425891e+01]
 [1.35530918e+02 4.07381658e+00]
 [3.35629508e+01 1.75192864e+01]
 [3.97429294e+01 1.54455785e+01]
 [2.97012957e+01 1.88894090e+01]
 [1.16892170e+01 2.88242363e+01]
 [4.65363793e+01 1.34300701e+01]
 [1.46487731e+01 2.67522946e+01]
 [8.02777622e+01 7.15764596e+00]
 [4.12529430e+01 1.50532156e+01]
 [1.09380013e+01 2.95141619e+01]
 [6.76800552e+00 3.38738836e+01]
 [6.72631344e+01 8.82451117e+00]
 [6.35833272e+01 9.55527339e+00]
 [1.94925278e+01 2.36824554e+01]
 [5.03655776e+01 1.24094204e+01]
 [2.36713302e+01 2.15515101e+01]
 [6.62997219e+01 9.02743645e+00]
 [7.55658856e+01 7.44773541e+00]
 [2.74685393e+01 1.98114373e+01]
 [4.47387678e+01 1.39699216e+01]
 [5.20851871e-01 4.50451156e+01]
 [1.10693341e+00 4.29274208e+01]
 [4.17677956e+01 1.49998174e+01]
 [1.37495885e+01 2.75660362e+01]
 [5.75010653e+01 1.08427752e+01]
 [1.61406168e+01 2.59080207e+01]
 [5.97393683e+01 1.02976680e+01]
 [4.18264234e+01 1.47599426e+01]
 [2.38231620e+00 3.97258354e+01]
 [5.91921423e+01 1.04055266e+01]
 [5.49821559e+01 1.13908550e+01]
 [7.27458920e+01 7.88379606e+00]
 [4.60203003e+01 1.35666423e+01]
 [1.74288959e+01 2.48371709e+01]
 [8.25810396e+00 3.21992319e+01]
 [1.63057605e+01 2.57158142e+01]
 [9.87905274e-01 4.35313717e+01]
 [5.12839171e+01 1.21852185e+01]
 [1.40453124e+00 4.20293771e+01]
 [7.13068106e-02 4.81324049e+01]
 [8.75866545e+00 3.17337447e+01]
 [1.89312616e+00 4.11725954e+01]
 [6.90753926e+00 3.32863180e+01]
 [6.46124102e+01 9.34594941e+00]
 [4.93461400e+01 1.27231299e+01]
 [2.86816110e+00 3.87502067e+01]
 [7.63123848e+00 3.24914776e+01]
 [6.97870218e+00 3.32580557e+01]
 [5.54310717e+01 1.12262214e+01]
 [3.74005368e+01 1.61564064e+01]
 [2.78957102e+01 1.96283208e+01]
 [7.24792386e+01 7.93317232e+00]
 [3.30812237e+01 1.76366636e+01]
 [4.33881723e+01 1.43405089e+01]
 [7.12078685e+01 8.16379442e+00]
 [3.81307003e-01 4.59191519e+01]
 [7.09326178e+01 8.25069460e+00]
 [1.04394147e+01 2.99539266e+01]
 [8.18550237e+01 6.65268649e+00]
 [8.85282115e+01 6.07965176e+00]
 [2.34833132e+01 2.16767741e+01]
 [1.03280052e-01 4.78444854e+01]
 [2.04296372e+01 2.31799106e+01]
 [9.34043426e+01 5.49899672e+00]
 [5.83615617e+00 3.44102698e+01]
 [2.64286337e+01 2.03694985e+01]
 [1.66528875e+01 2.53097699e+01]
 [3.78680122e+01 1.59626147e+01]
 [7.44182776e+00 3.28893029e+01]
 [6.00268306e+01 1.02720734e+01]
 [1.24303717e+02 4.19411086e+00]
 [1.86921473e+01 2.41555471e+01]
 [9.47628377e+01 5.42589077e+00]
 [2.93140668e+01 1.92408765e+01]
 [9.95890243e-01 4.34323607e+01]
 [7.34392342e+00 3.28966354e+01]
 [3.31823642e+00 3.80457740e+01]
 [7.80327333e+01 7.38728251e+00]
 [7.21356656e+01 8.04260689e+00]
 [1.71652252e+01 2.50721749e+01]
 [1.09476994e+00 4.32992714e+01]
 [8.17247029e+01 6.99638676e+00]
 [1.12995028e+02 4.47879773e+00]
 [4.38303458e+01 1.42085228e+01]
 [1.71876382e+00 4.14531389e+01]
 [4.09708318e+01 1.50938468e+01]
 [2.33499406e-01 4.67108272e+01]
 [9.86617337e+01 5.18851821e+00]
 [4.79966165e+01 1.32110560e+01]
 [1.30762930e+02 4.09720934e+00]
 [6.52327499e+01 9.20072921e+00]
 [2.72796470e+01 1.98896484e+01]
 [2.83848270e+01 1.94850526e+01]
 [5.33939006e+01 1.16856377e+01]
 [3.46901664e+01 1.70766213e+01]
 [3.88332477e-02 4.86687195e+01]
 [6.29313596e+01 9.73247535e+00]
 [5.90140106e+01 1.04331772e+01]
 [2.21835248e+00 4.08024998e+01]
 [3.32073322e+01 1.76102039e+01]
 [2.47806239e+01 2.10470919e+01]]
