[[2.08511002 2.16097348]
 [0.93130106 1.03668218]
 [1.98383737 1.6164502 ]
 [2.09597257 2.0556585 ]
 [0.70193469 0.59430447]
 [1.05814058 0.79663998]
 [1.63322451 1.58117431]
 [3.45448459 2.99196855]
 [0.09940067 0.07863296]
 [2.76410989 2.52609268]
 [2.92879636 2.90878724]
 [0.29958845 0.36403037]
 [0.22275939 0.32248239]
 [1.1992388  1.48130914]
 [2.62335155 2.77442391]
 [0.88098128 0.99619072]
 [2.9100709  2.63649595]
 [0.99284944 1.28010303]
 [2.59505814 2.31265173]
 [2.07924359 1.8500552 ]
 [3.91374707 2.97141535]
 [2.2095214  1.74473222]
 [1.10716367 0.80121606]
 [0.09166321 0.20017499]
 [1.9742524  2.24081549]
 [4.52904748 2.96986554]
 [0.73396187 0.79289245]
 [2.58633799 2.74921756]
 [0.43741105 0.68192921]
 [2.85357926 2.99026028]
 [2.46035901 2.19027363]
 [1.69354013 1.57168841]
 [2.42214223 2.57795342]
 [1.37059888 1.68158997]
 [0.13313942 0.33276111]
 [2.63951989 2.22023263]
 [2.01610236 2.27624079]
 [3.58464501 2.96197852]
 [2.00932962 2.09192406]
 [0.60383592 0.66085196]
 [0.69177345 0.87043339]
 [1.72849411 2.02491481]
 [1.10741028 1.40173747]
 [1.57382844 1.88056681]
 [2.86636136 2.82828773]
 [2.45772575 2.57010749]
 [2.09289013 2.0503947 ]
 [1.47644397 1.63236415]
 [2.43960746 2.56606924]
 [2.92674229 2.69461514]
 [2.57087522 2.62599818]
 [0.80755385 1.02732192]
 [2.14018735 1.79780927]
 [2.8968027  2.77411254]
 [1.14602514 1.30165013]
 [3.154796   2.94277103]
 [2.49966186 2.33129469]
 [1.99609303 2.39088676]
 [1.90540746 1.97803481]
 [0.354592   0.45781196]
 [0.08287941 0.34138907]
 [1.60513157 1.67373598]
 [0.19864353 0.21100032]
 [2.69824555 2.6857811 ]
 [2.23317523 2.63110317]
 [1.64180695 1.64269281]
 [1.93002006 1.71462628]
 [1.55851459 2.00638982]
 [0.967082   1.0069914 ]
 [2.16177797 2.5431014 ]
 [3.01091827 2.89070126]
 [1.72839607 1.78687529]
 [2.24368629 2.1129402 ]
 [0.88339447 1.17329737]
 [1.17538818 1.38480624]
 [0.98916392 1.28799217]
 [0.61386065 0.56270968]
 [2.35248838 2.48140801]
 [2.29978366 2.29161815]
 [0.63356692 0.73279999]
 [2.73227295 2.44932719]
 [3.02153422 2.87640755]
 [1.96942004 2.06686514]
 [1.95305249 2.08881025]
 [2.98444262 2.93877052]
 [2.2050331  2.21883589]
 [1.38600052 1.6044967 ]
 [2.74526722 2.40298367]
 [0.35271022 0.22039996]
 [3.02606448 2.97121859]
 [0.4449911  0.55471677]
 [4.00329829 2.79960701]
 [0.18931294 0.17275052]
 [2.58099231 2.58967945]
 [2.32566972 2.42024043]
 [1.28330495 1.17429109]
 [0.72892716 0.73464192]
 [2.78634115 2.72132717]
 [2.60156818 2.48540444]
 [2.52889693 2.47457569]
 [2.03144214 2.23124759]
 [1.55506534 1.64546727]
 [1.64573001 1.58400419]
 [1.15731468 1.28046405]
 [1.95132352 2.27947619]
 [0.45204858 0.38692795]
 [0.52631263 0.51818239]
 [4.39533201 2.92055658]
 [3.02711004 2.92871479]
 [3.09559817 2.95633474]
 [2.75997514 2.89174767]
 [1.98231345 1.8840697 ]
 [0.99099615 0.66178225]
 [2.68001287 2.70234934]
 [1.17760978 0.88780516]
 [2.82866073 2.7264241 ]
 [1.86249383 1.8571189 ]
 [2.33775027 2.00082763]
 [2.06835082 2.05292887]
 [2.12862206 1.80602352]
 [1.09576903 1.28640208]
 [3.09696083 2.94209711]
 [1.02461073 0.78426214]
 [2.85504381 2.8921084 ]
 [0.87666296 1.02344047]
 [1.48064962 1.59876768]
 [0.3354473  0.59594479]
 [3.70982118 2.94864236]
 [2.47747491 2.47337883]
 [1.69770434 2.11349159]
 [0.66453119 0.8503873 ]
 [2.40722949 2.41078388]
 [1.40096318 1.35408558]
 [1.3981059  1.27053016]
 [2.21751921 2.09352497]
 [1.89054293 2.08798953]
 [0.51409184 0.5875027 ]
 [0.94569187 1.18075024]
 [1.37237056 1.58014758]
 [2.48782192 2.46353089]
 [2.2022028  2.26252508]
 [0.7337369  0.85194968]
 [1.00798317 0.98257217]
 [2.28852644 2.26386668]
 [1.37731013 1.52822574]
 [1.77451255 1.9605931 ]
 [2.71308206 2.65216864]
 [0.95636026 1.1611387 ]
 [0.99116145 0.85714949]
 [2.2376419  2.55371299]
 [1.39179665 1.4624139 ]
 [1.25480769 1.27947884]
 [0.57913373 0.81165598]
 [2.52881674 2.35950229]
 [2.94454352 2.52755463]
 [1.68360545 1.75928826]
 [0.811225   0.58378121]
 [0.07544654 0.09658321]
 [0.57646713 0.62429223]
 [0.21314841 0.29832077]
 [2.31237233 2.60884226]
 [1.1745111  1.12214015]
 [1.82085149 1.69993667]
 [1.0081588  1.24938767]
 [1.15470854 0.85913139]
 [0.72586646 1.0040416 ]
 [1.1339466  1.22454421]
 [0.7536983  0.73129193]
 [2.71270117 2.64745852]
 [2.31042096 2.26770329]
 [2.39569639 2.44222126]
 [2.60890605 2.3654374 ]
 [3.73977391 2.93271933]
 [0.45060226 0.42901748]
 [2.24975736 2.43822062]
 [1.77834955 1.88955906]
 [0.46788548 0.56203051]
 [2.16838174 2.39936429]
 [0.68603002 1.08554268]
 [2.36004841 2.09102205]
 [1.16347627 0.87817969]
 [1.54849218 1.47537556]
 [2.9100709  2.68129572]
 [1.6366944  1.8543511 ]
 [1.40098698 1.32831681]
 [2.68001287 2.85028544]
 [2.78634115 2.6639577 ]
 [3.54695828 2.79167946]
 [0.28987907 0.34399585]
 [1.08725464 1.29210874]
 [2.49709411 2.26386668]
 [3.271845   2.94941987]
 [1.49618357 1.9098132 ]
 [2.14085024 1.99463653]
 [2.93973552 2.72314719]
 [3.23208661 2.9692266 ]
 [2.19776639 2.17271663]
 [0.85982818 1.06913548]
 [2.16649183 1.92192924]
 [0.88723852 0.72605293]
 [0.40250355 0.46950388]
 [3.36533228 2.88089   ]
 [0.33650126 0.07783125]
 [1.37243648 1.68158997]
 [0.31599412 0.25617042]
 [0.07544654 0.07153829]
 [1.95946991 2.05684657]
 [2.6452431  2.6071931 ]
 [0.74433235 0.80121606]
 [1.88940969 2.01486742]
 [2.47175372 2.79193318]
 [1.88876072 1.89657212]
 [3.52913337 2.99540758]
 [2.61944719 2.78865113]
 [4.98073282 2.94821856]
 [0.95673337 1.00769847]
 [2.60156818 2.39113987]
 [4.21230997 2.95980193]
 [1.17036986 0.8904176 ]
 [3.0857114  2.80520706]
 [4.03931345 2.95019274]
 [2.4911147  2.55240077]
 [1.25429765 0.82390275]
 [1.55851459 2.0050918 ]
 [2.01797355 2.32652974]
 [1.31044361 1.40748421]
 [2.08653584 2.0556585 ]
 [0.72586646 0.97139006]
 [1.86249383 1.9322481 ]
 [2.43960746 2.68086959]
 [2.75140598 2.98844838]
 [2.01002658 1.69349496]
 [1.31946487 1.1317187 ]
 [2.87409982 2.87891301]
 [3.039816   2.93531863]
 [1.65462628 1.6164502 ]
 [2.38051322 2.29161815]
 [0.8369824  0.78426214]
 [1.99177478 1.78425755]
 [3.35394395 2.79607978]
 [2.44498783 2.30411121]
 [1.40728215 1.35824196]
 [2.06638766 2.25130783]
 [2.95461982 2.82451404]
 [1.03205644 1.11576637]
 [1.49678253 1.37091779]
 [3.54368003 2.94545419]
 [4.25829192 2.96197852]
 [2.28734673 2.29161815]
 [3.00632193 2.95293355]
 [2.02047622 1.67222459]
 [0.45185092 0.68644101]
 [2.18619432 2.01741795]
 [1.0081588  1.24918768]
 [1.27858285 1.04882612]
 [4.36380665 2.96986554]
 [0.72569881 0.69068204]
 [1.34208912 1.80146687]
 [0.61489883 0.72098747]
 [2.06183459 2.05520772]
 [1.61960633 1.97858065]
 [1.61204139 1.74880293]
 [2.50130287 2.68770506]
 [2.65965952 2.64481071]
 [4.03682632 2.99056653]
 [0.3354473  0.59521536]
 [2.45417428 2.32851988]
 [0.25982844 0.49742606]
 [2.00302181 2.27135034]
 [0.18931294 0.0525717 ]
 [2.80148376 2.56926   ]
 [2.558232   2.41078388]
 [1.99609303 2.17484926]
 [1.38977472 1.64864376]
 [3.45448459 2.84538046]
 [0.40264764 0.49959596]
 [3.13688917 2.97246814]
 [0.22990765 0.36994148]
 [2.87894442 2.99026028]
 [1.26086614 1.23542668]
 [2.57796928 2.64898149]
 [1.91233729 1.4773126 ]
 [1.93437527 1.9651228 ]
 [1.80724945 2.26226259]
 [2.32500465 2.42024043]
 [2.2237407  2.31091204]
 [0.26827356 0.2604935 ]
 [1.30874159 1.23358985]
 [2.91580788 2.73020722]
 [1.29609063 1.14258172]
 [1.60343991 1.71174676]
 [2.24936885 2.10426477]
 [2.19476525 2.50456214]
 [0.09756113 0.08627236]
 [2.07544411 2.24081549]
 [0.83436336 0.85737087]
 [0.30606092 0.400538  ]
 [0.92368598 1.27119394]
 [1.29321561 1.04644103]
 [1.43749051 1.32952547]
 [0.71523259 0.5001658 ]
 [2.09965953 2.0382721 ]
 [1.31883455 1.29841437]
 [0.63367855 0.99909277]
 [2.91744238 2.56512516]
 [1.16779853 1.62554052]
 [3.08179453 2.84907261]
 [1.78530804 1.58267772]
 [1.72450419 2.10520322]
 [0.60347548 0.36403037]
 [1.63322451 1.58665211]
 [2.79338206 2.89120243]
 [2.34314171 2.15809598]
 [2.92674229 2.6672778 ]
 [1.59226889 1.58694149]
 [2.66220467 2.4391949 ]]
