[[4.86621314e+00 6.48194950e-03]
 [2.23930593e+01 9.50885037e-04]
 [8.42493582e+00 2.79476072e-03]
 [1.62072948e+01 1.34727829e-03]
 [1.05192484e+01 2.36960019e-03]
 [1.66792835e+01 1.25846498e-03]
 [3.78445785e+01 4.77954966e-04]
 [3.33736638e+01 5.96856773e-04]
 [2.48849323e+01 8.35621306e-04]
 [2.66186157e+01 6.94215175e-04]
 [1.60330526e+01 1.39875641e-03]
 [8.60624683e+00 2.59580869e-03]
 [3.13598034e+01 6.17458997e-04]
 [1.38628383e+01 1.72059284e-03]
 [2.23569564e+01 9.75877317e-04]
 [1.20497471e+01 1.81731018e-03]
 [1.13669043e+01 1.90947277e-03]
 [2.16989980e+01 1.06592424e-03]]
