[[4.86621314e+00 6.48194950e-03]
 [1.61387455e+01 1.26762033e-03]
 [3.67398992e+01 5.60237416e-04]
 [1.75371717e+01 1.18277312e-03]
 [4.87114545e+00 6.45789602e-03]
 [1.79398107e+01 1.14995945e-03]
 [7.32809734e+00 3.90738587e-03]
 [2.13358849e+01 1.08303803e-03]
 [4.53860458e+01 4.70114262e-04]
 [1.52829178e+02 4.58762515e-04]
 [3.31267419e+01 5.85608099e-04]
 [8.62541347e+00 2.34901312e-03]
 [2.28395963e+01 1.06237063e-03]
 [1.61046562e+01 1.27598422e-03]
 [5.48593707e+01 4.67651226e-04]
 [2.29521340e+01 8.83283825e-04]
 [1.58661944e+01 1.42375763e-03]
 [1.15563994e+01 1.92922397e-03]
 [5.78998082e+00 4.86447709e-03]
 [1.83838143e+01 1.14505161e-03]
 [1.21884645e+01 1.51909355e-03]
 [2.84696885e+01 6.72005237e-04]
 [3.50083915e+01 5.70671067e-04]
 [3.31226376e+01 5.85829210e-04]
 [5.27342991e+00 5.70108126e-03]
 [3.79115228e+01 4.75110855e-04]
 [8.31287517e+01 4.62164727e-04]]
