[[4.60433993 1.27821662 2.45229329 1.36884981 4.39001041 3.4147408 ]
 [0.92430927 1.23495016 2.10574561 0.29426087 1.58058746 4.75029548]
 [4.83688633 1.01351733 1.41183216 0.69376623 2.97964458 6.22024983]
 [2.43528448 0.65955561 2.11630263 2.46999339 1.06465789 2.10333117]
 [1.84790173 1.60656477 1.93367445 1.91486594 1.21708185 2.15003005]
 [1.84920017 1.29720786 2.51243435 1.57404736 1.41127347 1.95834234]
 [0.4067748  1.6812187  3.3021446  2.74925532 4.91907893 0.70737134]
 [3.42688908 0.68209348 2.45876253 0.25533735 4.93126845 1.81612851]
 [2.94215688 1.03459556 1.57996756 0.08455377 1.67999729 3.8521271 ]
 [4.60433993 1.27821662 2.46326018 1.36884981 4.39001041 3.4147408 ]
 [2.22563843 0.3568001  4.41921898 1.39021885 1.07959553 1.39301171]]
