[[1.52433924 1.41875043 9.37709581 4.04857475]
 [1.4989948  1.86709885 9.70171865 3.74195519]
 [3.65008032 0.60599795 9.20844951 4.64335094]
 [0.86148828 5.27778446 9.4407429  4.34521932]
 [0.55867567 3.33434245 9.48881637 0.91937637]
 [1.04256965 1.81511829 9.40087105 1.9611576 ]
 [1.60381015 0.61040858 9.97510143 2.64191157]
 [1.56863338 3.61424852 9.6276321  4.86413667]
 [0.31363788 7.39412243 9.70912511 4.93882266]
 [0.99808227 5.85545338 9.70319789 4.25329041]
 [1.52433924 1.542757   9.37709581 3.92952357]
 [0.86148828 5.05436195 9.4407429  4.43036346]
 [2.83748371 1.76386583 9.95101799 4.99080843]
 [0.55867567 3.33434245 9.25478538 1.06261799]
 [0.43379929 4.25731929 8.65190854 0.52291692]
 [1.01314038 2.56987231 9.96732864 1.28211019]
 [1.4989948  1.86709885 9.70171865 3.15624066]
 [0.60637408 5.39897386 9.74032771 3.84124231]]
