[[3.60699608e+01 1.65566552e+01]
 [2.46068013e+00 4.05072176e+01]
 [7.76812641e+00 3.22621992e+01]
 [3.44753316e+01 1.71025222e+01]
 [3.38364045e+00 3.78835185e+01]
 [7.01718697e+00 3.32064912e+01]
 [2.06701379e+01 2.30235463e+01]
 [8.35413583e+01 6.42080819e+00]
 [6.42545421e-02 4.82357273e+01]
 [5.60857909e+01 1.11194220e+01]
 [6.81555654e+01 8.66305532e+00]
 [8.89085385e-01 4.35860832e+01]
 [6.14466549e-01 4.47011988e+01]
 [1.45298019e+01 2.68269711e+01]
 [5.83176055e+01 1.06016468e+01]
 [7.04643053e+01 8.30666886e+00]
 [7.07409588e+00 3.29968040e+01]
 [6.16784942e+01 9.95395502e+00]
 [7.64913006e+01 7.61132999e+00]
 [2.05528226e+01 2.32543913e+01]
 [1.04976551e+01 2.98948891e+01]
 [5.10129214e+01 1.23026655e+01]
 [3.09838326e+01 1.84529702e+01]
 [9.12337203e+00 3.15838444e+01]
 [9.65869014e+01 5.29510110e+00]
 [3.17043014e+01 1.83835391e+01]
 [8.61160919e+00 3.19010647e+01]
 [1.93888691e-01 4.71300901e+01]
 [3.56757064e+01 1.67682477e+01]
 [1.17329489e+02 4.34324222e+00]
 [4.66951383e+00 3.58988353e+01]
 [5.69893656e+01 1.08917859e+01]
 [2.62542348e+00 3.94629533e+01]
 [6.83382844e+01 8.64617576e+00]
 [4.34026601e+01 1.43443386e+01]
 [2.13531304e+01 2.26859973e+01]
 [4.18005687e+01 1.50087135e+01]
 [5.00504672e+01 1.25116603e+01]
 [1.88251444e+01 2.41843976e+01]
 [6.00929066e+00 3.48282781e+01]
 [5.13824242e-01 4.54694508e+01]
 [2.58119506e+00 3.96677531e+01]
 [4.03239394e+00 3.69383522e+01]
 [2.38404433e+01 2.15314788e+01]
 [3.69837635e+01 1.63225093e+01]
 [8.64919865e+01 6.15676129e+00]
 [3.54154819e+01 1.70003975e+01]
 [3.36542071e+01 1.74010150e+01]
 [3.20537255e+00 3.81544643e+01]
 [4.94481916e+00 3.56141364e+01]
 [1.27649019e+01 2.80997480e+01]
 [2.40538698e+01 2.14695150e+01]
 [6.48609556e+01 9.26874806e+00]
 [5.05834735e+01 1.23675360e+01]
 [3.43372301e+01 1.71514592e+01]
 [1.93779981e+01 2.37564183e+01]
 [6.33070848e+01 9.61319687e+00]
 [5.40210633e+01 1.15365319e+01]
 [1.10958087e+01 2.96911065e+01]
 [6.83013424e+00 3.33587758e+01]
 [3.12500802e+01 1.84325539e+01]
 [6.43486652e+01 9.37801384e+00]
 [1.20306667e+01 2.85309140e+01]
 [7.44505565e+01 7.63696884e+00]
 [5.89411434e+01 1.05818184e+01]
 [4.67329773e+01 1.33736789e+01]
 [3.88029074e+01 1.58309290e+01]
 [3.01727971e+01 1.87087766e+01]
 [1.34130912e+00 4.22112876e+01]
 [2.15113580e+01 2.25891640e+01]
 [7.93024178e+01 7.29668767e+00]
 [3.35921562e-01 4.59875418e+01]
 [5.79757966e+01 1.06536827e+01]
 [9.12935351e+00 3.13889598e+01]
 [2.15758789e+01 2.25489721e+01]
 [2.66596827e+01 2.02184574e+01]
 [2.58182713e+01 2.08055238e+01]
 [8.12972023e-01 4.41664531e+01]
 [7.79711709e+00 3.22085453e+01]
 [9.29939777e+00 3.10579557e+01]
 [6.96871304e+01 8.40558730e+00]
 [2.47211051e+01 2.10275627e+01]
 [1.42926711e+01 2.71591155e+01]
 [3.79945778e+01 1.59323796e+01]
 [8.62804999e+00 3.15900942e+01]
 [1.31969028e+01 2.76972815e+01]
 [2.76770048e+01 1.99347921e+01]
 [1.05494764e+01 2.98658082e+01]
 [2.32632100e+01 2.22242980e+01]
 [2.77386830e+00 3.89277638e+01]
 [4.67663491e+01 1.33526234e+01]
 [4.21620745e+01 1.46265005e+01]
 [3.75361146e+00 3.72747338e+01]
 [5.38580768e+01 1.16485177e+01]
 [6.96135576e+01 8.42397176e+00]
 [3.26021873e+01 1.77876950e+01]
 [3.27101692e+01 1.77589149e+01]
 [6.91123586e+01 8.55038487e+00]
 [7.01730799e+01 8.31113849e+00]
 [3.91416147e+01 1.55467138e+01]
 [1.79816284e+01 2.45904349e+01]
 [5.32432904e+01 1.18283137e+01]
 [7.34291820e+01 7.93473231e+00]
 [6.91922583e-01 4.44418788e+01]
 [1.65221373e+01 2.61863567e+01]
 [7.19408245e+01 8.01237546e+00]
 [2.02291111e+00 4.05086490e+01]
 [2.62728519e-01 4.64450476e+01]
 [4.13293070e+00 3.68514178e+01]
 [5.34718436e+01 1.16612434e+01]
 [4.50652135e+01 1.38072019e+01]
 [1.21033246e+01 2.84498708e+01]
 [1.02984042e+00 4.31941739e+01]
 [4.28413418e+00 3.64353428e+01]
 [6.06772742e+01 1.00926354e+01]
 [1.84397869e+01 2.43769938e+01]
 [3.07734752e-01 4.63151258e+01]
 [2.45356305e+01 2.11647432e+01]
 [3.48364006e+01 1.70773502e+01]
 [8.40663328e-01 4.41521907e+01]
 [6.65601707e+01 8.97205650e+00]
 [4.02850119e+01 1.52464859e+01]
 [1.26461132e+00 4.27570413e+01]
 [8.01555068e+00 3.21657284e+01]
 [4.99781499e+01 1.25290046e+01]
 [1.53551076e+01 2.67523455e+01]
 [1.07228113e+00 4.30272124e+01]
 [2.18159093e+01 2.24829586e+01]
 [5.94327005e+01 1.03856746e+01]
 [1.69742574e+01 2.51109233e+01]
 [3.35482709e+01 1.74857519e+01]
 [9.73515652e+01 5.24280063e+00]
 [2.02496513e+01 2.35003409e+01]
 [8.31446356e+01 6.56785713e+00]
 [2.34780551e+01 2.17222504e+01]
 [9.08258694e+01 5.75954644e+00]
 [4.82483679e+01 1.29457685e+01]
 [5.53917534e+01 1.13986440e+01]
 [6.45872659e+01 9.32149701e+00]
 [4.06507189e+01 1.52236539e+01]
 [3.54335104e+01 1.68446309e+01]
 [1.81950874e+01 2.45048989e+01]
 [9.46288852e+01 5.37339900e+00]
 [7.66916686e+01 7.37016310e+00]
 [2.95370212e+01 1.89934413e+01]
 [1.50252147e+00 4.17406166e+01]
 [8.08629373e+01 6.80839750e+00]
 [7.42365478e+00 3.26505187e+01]
 [7.05875933e+01 8.23831801e+00]
 [8.74729484e+01 6.01032280e+00]
 [8.87480085e+01 5.93758229e+00]
 [1.19959666e+01 2.95478181e+01]
 [3.79463637e+01 1.59472031e+01]
 [1.00667698e+01 3.03933841e+01]
 [8.07480174e+01 6.87793019e+00]
 [4.33498706e+01 1.43951942e+01]
 [3.01239363e+00 3.84948483e+01]
 [6.24994989e+01 9.72367137e+00]
 [5.77396280e+00 3.48994654e+01]
 [1.69643868e+01 2.55543905e+01]
 [2.92080475e+00 3.88828777e+01]
 [1.32432603e+01 2.76555506e+01]
 [3.23885065e+01 1.78639113e+01]
 [1.77702778e+01 2.46375939e+01]
 [4.45032947e+01 1.40592254e+01]
 [8.00686276e+01 6.95015656e+00]
 [5.51620754e+01 1.15082374e+01]
 [1.29253223e+01 2.78690114e+01]
 [3.17557687e+01 1.80919290e+01]
 [3.41080423e+01 1.73112916e+01]
 [6.92835428e+01 8.46606697e+00]
 [2.19864962e+01 2.23428421e+01]
 [5.19775660e+01 1.21920335e+01]
 [3.76073688e-01 4.57765449e+01]
 [5.30121221e+00 3.54105707e+01]
 [2.32515433e+01 2.22319169e+01]
 [9.90289362e+01 5.16292252e+00]
 [6.04857096e+01 1.01402217e+01]
 [5.67285656e+01 1.09858572e+01]
 [2.59066723e+01 2.05450269e+01]
 [1.53703236e+01 2.63977258e+01]
 [7.99124493e+01 7.23190847e+00]
 [2.53801557e+01 2.08081644e+01]
 [6.46798010e+01 9.31880714e+00]
 [6.23439851e+01 9.82512547e+00]
 [6.31434345e+00 3.38108685e+01]
 [4.75398539e+01 1.31458115e+01]
 [4.94519673e+01 1.28932424e+01]
 [4.62356188e+01 1.37329392e+01]
 [1.33348685e+01 2.75879235e+01]
 [5.03357390e+01 1.24598815e+01]
 [2.82759501e+01 1.95139714e+01]
 [2.92030348e+01 1.92866331e+01]
 [1.35331845e+02 4.10577318e+00]
 [1.04616733e+02 5.09161510e+00]
 [7.54249658e+00 3.25167004e+01]
 [9.73705787e+00 3.10121742e+01]
 [3.44173242e+01 1.71233236e+01]
 [1.42948760e+01 2.69157443e+01]
 [1.04679884e+02 4.90237941e+00]
 [4.36814045e+01 1.42413728e+01]
 [3.65146300e+01 1.64982216e+01]
 [1.11644781e+02 4.66872529e+00]
 [3.07393708e+01 1.85090963e+01]
 [5.01096882e+01 1.24727382e+01]
 [2.10809619e-01 4.71095403e+01]
 [2.85179901e+01 1.94233098e+01]
 [1.10027064e-01 4.81167914e+01]
 [2.71497151e+01 1.99434272e+01]
 [4.99607252e+01 1.27782045e+01]
 [1.12580819e+02 4.48622246e+00]
 [2.66959098e-02 4.89987964e+01]
 [1.38769048e+01 2.71776768e+01]
 [8.10733343e+01 6.70222855e+00]
 [1.22617708e+02 4.13447256e+00]
 [3.96804689e+01 1.53832976e+01]]
