[[1.52610864e-02 2.65060857e+04]
 [4.48927166e-02 9.16056255e+03]
 [3.39946541e-02 1.19017793e+04]
 [3.61208081e-02 1.11880571e+04]
 [4.48811141e-02 9.16588722e+03]
 [3.96933995e-02 1.02588454e+04]
 [1.07452938e-02 4.08581864e+04]
 [3.90688147e-02 1.04257308e+04]
 [1.37925608e-02 2.95534869e+04]
 [4.12093237e-02 9.75609856e+03]
 [1.08360001e-02 4.08011993e+04]
 [4.52307581e-02 9.03369814e+03]
 [3.46592599e-02 1.16127379e+04]
 [1.59085307e-02 2.61301132e+04]
 [4.81700192e-02 8.72493042e+03]
 [1.52586458e-02 2.65083498e+04]
 [3.38934413e-02 1.25577235e+04]
 [1.51461722e-02 2.65882649e+04]
 [3.50976345e-02 1.14594945e+04]
 [2.16551088e-02 2.12903610e+04]
 [3.47136573e-02 1.16041743e+04]
 [2.76496996e-02 1.48319237e+04]
 [4.49980089e-02 9.04916258e+03]
 [3.77355843e-02 1.09389076e+04]
 [1.27453170e-02 3.19658664e+04]
 [1.59269670e-02 2.58723798e+04]
 [1.46600036e-02 2.84669916e+04]
 [1.49926526e-02 2.76436324e+04]
 [5.43032127e-03 8.88088196e+04]
 [3.91131680e-02 1.04118108e+04]
 [1.67077539e-02 2.56642401e+04]
 [4.02952323e-02 1.02063429e+04]
 [1.70512975e-02 2.48030748e+04]
 [3.74082601e-02 1.10249396e+04]
 [3.58807156e-02 1.11973482e+04]
 [2.78269163e-02 1.46580711e+04]
 [4.23417217e-02 9.64366314e+03]
 [9.04895652e-03 4.72496886e+04]
 [4.10792599e-02 9.82679268e+03]
 [4.97962365e-02 8.53915410e+03]
 [8.66312750e-03 4.92088079e+04]
 [7.37633033e-03 6.31062870e+04]
 [8.50502664e-03 4.96504786e+04]
 [2.59963291e-02 1.60338104e+04]
 [1.05253283e-02 4.18658984e+04]
 [3.81516178e-02 1.07183779e+04]
 [2.37377499e-02 1.69383222e+04]
 [1.36950844e-02 3.00781512e+04]
 [1.75879330e-02 2.41403110e+04]
 [5.14477670e-03 9.46219429e+04]
 [7.02141147e-03 6.32140962e+04]
 [1.76408669e-02 2.33165607e+04]
 [9.79148032e-03 4.24243548e+04]
 [1.36515842e-02 3.02961979e+04]
 [4.05352561e-02 9.96146470e+03]
 [4.83466104e-02 8.64321086e+03]
 [2.99451391e-02 1.37364014e+04]
 [2.63438406e-02 1.52679283e+04]
 [2.61475841e-02 1.57003779e+04]
 [4.24091640e-02 9.63573389e+03]
 [2.58720239e-02 1.62828315e+04]
 [1.09507667e-02 3.86466711e+04]
 [1.39053735e-02 2.93260343e+04]
 [1.26807675e-02 3.20863936e+04]
 [4.28800417e-02 9.52148327e+03]
 [3.69284483e-02 1.10429283e+04]
 [2.25512538e-02 1.82715869e+04]
 [1.90903121e-02 2.23059844e+04]
 [8.94093854e-03 4.82830944e+04]
 [4.62174211e-02 8.85710715e+03]
 [2.95529250e-02 1.39069959e+04]
 [2.34706961e-02 1.70640166e+04]
 [1.34998549e-02 3.08830580e+04]
 [5.20811436e-02 8.48964248e+03]
 [7.63532994e-03 5.24670510e+04]
 [1.16789439e-02 3.50926899e+04]
 [3.17050697e-02 1.32081845e+04]
 [3.86740464e-02 1.06055367e+04]
 [1.50709127e-02 2.68800540e+04]
 [1.91293249e-02 2.21740230e+04]
 [3.12492159e-02 1.34207073e+04]
 [1.11103891e-02 3.85712621e+04]
 [1.12866538e-02 3.61999017e+04]
 [1.79721015e-02 2.25246197e+04]
 [5.43124225e-03 8.21712387e+04]
 [3.84866972e-02 1.06205638e+04]
 [5.47167515e-03 7.54540424e+04]
 [1.02946395e-02 4.20424160e+04]
 [7.46724585e-03 5.40403449e+04]
 [2.43153951e-02 1.66659561e+04]
 [1.38934430e-02 2.93541495e+04]
 [2.30580792e-02 1.76935157e+04]
 [3.50670174e-02 1.14906052e+04]
 [1.96867618e-02 2.17806169e+04]
 [2.42317069e-02 1.67873946e+04]
 [1.36912706e-02 3.00835374e+04]
 [1.44301001e-02 2.86848052e+04]
 [2.58693767e-02 1.65628063e+04]
 [4.34140392e-02 9.33417888e+03]
 [7.75594317e-03 5.23230211e+04]
 [1.12451846e-02 3.76759909e+04]
 [6.48086106e-03 6.33659608e+04]
 [9.22639590e-03 4.62080345e+04]
 [2.98641812e-02 1.38813918e+04]
 [4.08653640e-02 9.86340129e+03]
 [1.79077613e-02 2.31304702e+04]
 [1.21655313e-02 3.39198556e+04]
 [9.50316778e-03 4.42192052e+04]
 [7.62558378e-03 5.26130429e+04]
 [8.04130338e-03 5.13091949e+04]
 [2.17762154e-02 1.96185110e+04]
 [2.32958492e-02 1.72292197e+04]]
