[[2.08511002 2.16097348]
 [0.93130106 1.03668218]
 [1.98383737 1.6164502 ]
 [2.09597257 2.0556585 ]
 [0.70193469 0.59430447]
 [1.05814058 0.79663998]
 [1.63322451 1.58117431]
 [3.45448459 2.99196855]
 [0.09940067 0.07863296]
 [2.76410989 2.52609268]
 [2.92879636 2.90878724]
 [0.29958845 0.36403037]
 [0.22275939 0.32248239]
 [1.1992388  1.48130914]
 [3.09977859 2.4869427 ]
 [2.62335155 2.77442391]
 [3.08389179 2.84704896]
 [1.95003857 1.457972  ]
 [0.88098128 0.99619072]
 [2.9100709  2.63649595]
 [0.99284944 1.28010303]
 [2.63857323 2.40648325]
 [2.59505814 2.31265173]
 [2.07924359 1.8500552 ]
 [4.33304137 2.84941797]
 [1.29849197 0.7712079 ]
 [3.91374707 2.97141535]
 [2.2095214  1.74473222]
 [1.10716367 0.80121606]
 [0.09166321 0.20017499]
 [0.72779116 0.47319021]
 [4.52904748 2.96986554]
 [0.73396187 0.79289245]
 [2.58633799 2.74921756]
 [0.43741105 0.68192921]
 [2.85357926 2.99026028]
 [1.69354013 1.57168841]
 [2.52259585 2.02154702]
 [2.42214223 2.57795342]
 [1.37059888 1.68158997]
 [1.07056068 0.59684377]
 [0.13313942 0.33276111]
 [0.40264764 0.69510693]
 [2.17652979 2.77036865]
 [0.79916825 0.60780638]
 [1.85077089 1.59209232]
 [2.63951989 2.22023263]
 [2.01610236 2.27624079]
 [3.58464501 2.96197852]
 [1.87437972 2.31096758]
 [2.00932962 2.09192406]
 [0.60383592 0.66085196]
 [0.69177345 0.87043339]
 [1.72849411 2.02491481]
 [1.10741028 1.40173747]
 [2.86636136 2.82828773]
 [2.45772575 2.57010749]
 [2.09289013 2.0503947 ]
 [1.47644397 1.63236415]
 [2.43960746 2.56606924]
 [2.92674229 2.69461514]
 [2.57087522 2.62599818]
 [0.91976721 1.38851736]
 [0.80755385 1.02732192]
 [2.8968027  2.77411254]
 [1.14602514 1.30165013]
 [1.91233729 1.40936712]
 [3.154796   2.94277103]
 [2.51754755 2.8977992 ]
 [2.49966186 2.33129469]
 [1.90540746 1.97803481]
 [0.354592   0.45781196]
 [1.60513157 1.67373598]
 [0.19864353 0.21100032]
 [2.69824555 2.6857811 ]
 [2.23317523 2.63110317]
 [1.26790875 0.82142911]
 [1.64180695 1.64269281]
 [1.93002006 1.71462628]
 [1.55851459 2.00638982]
 [0.19929963 0.40437935]
 [0.967082   1.0069914 ]
 [2.16177797 2.5431014 ]
 [1.24145364 0.88523573]
 [1.13500583 1.78794716]
 [3.01091827 2.89070126]
 [1.72839607 1.78687529]
 [1.5264415  1.11496373]
 [2.24368629 2.1129402 ]
 [0.88339447 1.17329737]
 [1.17538818 1.38480624]
 [1.00363744 1.58863983]
 [1.64922281 2.0492231 ]
 [0.98916392 1.28799217]
 [1.97441131 1.38473913]
 [0.61386065 0.56270968]
 [2.35248838 2.48140801]
 [1.93494617 1.47864262]
 [2.29978366 2.29161815]
 [0.63356692 0.73279999]
 [2.73227295 2.44932719]
 [3.02153422 2.87640755]
 [1.96942004 2.06686514]
 [1.95305249 2.08881025]
 [3.06556168 2.8072088 ]
 [2.98444262 2.93877052]
 [2.2050331  2.21883589]
 [1.38600052 1.6044967 ]
 [2.74526722 2.40298367]
 [3.24791527 2.79434104]
 [0.35271022 0.22039996]
 [3.02606448 2.97121859]
 [0.4449911  0.55471677]
 [0.18931294 0.17275052]
 [0.82659245 0.59158904]
 [2.58099231 2.58967945]
 [1.39164065 1.91992371]
 [2.32566972 2.42024043]
 [1.28330495 1.17429109]
 [0.28987907 0.41644955]
 [0.72892716 0.73464192]
 [2.78634115 2.72132717]
 [2.60156818 2.48540444]
 [2.52889693 2.47457569]
 [2.03144214 2.23124759]
 [1.55506534 1.64546727]
 [0.28976552 0.40077689]
 [2.26243023 2.08781137]
 [2.29640519 2.42862733]
 [0.05144741 0.11495723]
 [1.65333608 1.57110593]
 [2.58930024 2.19893902]
 [2.6152211  2.8224634 ]
 [1.1337492  1.11025259]
 [0.61386065 0.42749995]
 [1.68067645 2.14505643]
 [3.89799469 2.84941797]
 [2.10021188 2.01741795]
 [2.27029528 2.64646123]
 [3.06556168 2.80865496]
 [2.54738867 2.68083776]
 [0.90814487 1.27054655]
 [2.66217819 2.9727469 ]
 [3.71347908 2.89707595]
 [2.78634115 2.748742  ]
 [2.63857323 2.49179312]
 [1.0108772  1.01329711]
 [3.18176722 2.98708429]
 [2.96761723 2.86501512]
 [2.8305796  2.4869427 ]
 [2.55658712 2.6051287 ]
 [3.18651707 2.96584846]
 [0.88334178 1.12294909]
 [1.85619799 2.07696785]
 [1.94686303 1.82649352]
 [1.44453327 1.09313421]
 [2.31380497 2.58344087]
 [2.03575826 2.01687107]
 [2.52309354 2.00263854]
 [2.98885897 2.96887754]
 [4.33304137 2.82136555]
 [0.63069269 0.9654864 ]
 [4.5338683  2.99396538]
 [4.25958375 2.98927136]
 [1.49391897 1.62136353]
 [1.93865855 1.47836944]
 [1.58245201 1.65704096]
 [1.98473384 2.53519616]
 [1.19837702 1.3684095 ]
 [2.40735481 2.47497438]
 [0.37365723 0.53057731]
 [4.92541872 2.96415428]
 [1.08791558 0.83755104]
 [1.6022795  2.06087894]
 [1.2694431  1.57360304]
 [1.82542872 1.64382182]
 [2.12124939 1.68548228]
 [0.13683455 0.34138907]
 [2.92674229 2.69528387]
 [3.49811591 2.98548243]
 [2.189161   2.27711038]
 [2.89879079 2.58659517]
 [2.16134161 2.23446489]
 [1.29662965 1.13423796]
 [2.12323472 1.87434249]
 [1.64922281 2.19142683]
 [0.94671664 0.82658595]
 [3.34791732 2.97121859]
 [0.40559655 0.67511987]
 [1.12549357 1.76308711]
 [2.47058133 2.17369031]
 [0.32284902 0.12110637]
 [2.49071313 2.83574182]
 [1.6218123  2.09388262]
 [4.24621253 2.84003004]
 [2.43498513 2.21633139]
 [3.5941229  2.80312333]
 [3.39090966 2.94246719]
 [2.47469267 2.63381105]
 [2.5835318  2.65900713]
 [0.82493988 1.49875251]
 [4.26601035 2.83601323]
 [1.75160288 1.7128395 ]
 [2.2642675  1.93084009]
 [1.99390127 1.63904045]
 [0.79867665 0.74036648]
 [0.1385587  0.13391357]
 [2.97812691 2.90153974]
 [1.96106974 2.0523752 ]
 [0.03603372 0.15044684]
 [1.04811575 1.47408995]
 [1.15873299 1.26019342]
 [2.04843263 2.15935611]
 [1.09942616 1.6094624 ]
 [4.5339267  2.97125624]
 [1.8896209  1.65021026]
 [2.2050331  2.2451677 ]
 [4.48021746 2.95869491]
 [0.08897107 0.01998167]
 [2.33849911 2.41383198]
 [2.09716423 2.1129402 ]
 [1.80443585 1.74473222]
 [3.84726488 2.97141535]
 [1.52745531 1.57907601]
 [1.63731265 1.81256063]
 [1.9899532  1.58621101]
 [2.7997491  2.99026028]
 [0.73912481 1.06320319]
 [2.5835318  2.26807083]
 [0.63356692 0.73487508]
 [3.24238751 2.99196855]
 [2.9975536  2.90154525]
 [2.58125277 2.8091406 ]]
