[[1.45988514e+01 1.87473437e-03]
 [4.86621314e+00 6.48194950e-03]
 [5.84779630e+01 5.05021991e-04]
 [3.18032647e+01 6.57607673e-04]
 [3.23474214e+01 6.42435431e-04]
 [5.26519165e+01 5.15072990e-04]
 [8.42493582e+00 2.79476072e-03]
 [1.38583616e+01 1.92456864e-03]
 [1.62072948e+01 1.34727829e-03]
 [3.04950242e+01 8.01750723e-04]
 [1.26053579e+01 1.94096797e-03]
 [2.49856601e+01 8.35621306e-04]
 [1.05192484e+01 2.36960019e-03]
 [2.05235936e+01 1.11743859e-03]
 [2.91230719e+01 8.07504146e-04]
 [4.54851524e+00 1.18642502e-02]
 [7.26432609e+01 4.66790677e-04]
 [3.80891284e+01 5.63754112e-04]
 [7.84429462e+00 3.71832426e-03]
 [3.15544706e+01 7.19139032e-04]
 [3.55626776e+01 6.08523399e-04]
 [1.50617325e+01 1.38088511e-03]
 [3.64537056e+01 5.75178416e-04]
 [4.42669225e+01 5.39601647e-04]
 [4.86902073e+01 5.31095436e-04]
 [3.98159363e+01 5.53509037e-04]
 [7.01902183e+01 4.88209672e-04]
 [2.17542634e+01 9.50885037e-04]
 [4.45161365e+00 2.24347373e-02]
 [3.26856586e+01 6.34454063e-04]
 [1.83916975e+01 1.28071876e-03]
 [7.28425877e+00 5.88891218e-03]]
