[[4.86621314e+00 6.48194950e-03]
 [3.18032647e+01 6.57607673e-04]
 [3.23474214e+01 6.42435431e-04]
 [8.42493582e+00 2.79476072e-03]
 [1.38583616e+01 1.92456864e-03]
 [1.62072948e+01 1.34727829e-03]
 [2.05235936e+01 1.11743859e-03]
 [3.00532640e+01 6.88596367e-04]
 [3.64069841e+01 4.56173759e-04]
 [9.85399993e+00 2.14592290e-03]
 [2.18939063e+01 8.09802675e-04]
 [1.44189196e+01 1.68989876e-03]
 [3.45043084e+01 4.95073259e-04]
 [2.67461509e+01 7.36223081e-04]
 [1.26020097e+01 1.94096797e-03]
 [1.39011094e+01 1.89976797e-03]
 [3.11879102e+01 6.76903345e-04]
 [1.82480732e+01 1.20324924e-03]]
