[[1.52610864e-02 2.65060857e+04]
 [4.48927166e-02 9.16056255e+03]
 [3.93752889e-02 1.06532184e+04]
 [3.39946541e-02 1.19017793e+04]
 [3.99955887e-02 1.06219886e+04]
 [2.69897406e-02 1.55173060e+04]
 [4.18541489e-02 9.65590185e+03]
 [1.07192317e-02 3.87363394e+04]
 [2.36734457e-02 1.87026776e+04]
 [3.15247391e-02 1.32695640e+04]
 [3.18475519e-02 1.27103137e+04]
 [2.37449270e-02 1.84067872e+04]
 [3.13492445e-02 1.34289154e+04]
 [4.37664957e-02 9.35419140e+03]
 [9.94202140e-03 4.21205463e+04]
 [1.75662574e-02 2.46631743e+04]
 [5.80348224e-03 8.04541568e+04]
 [5.25064956e-03 9.90916651e+04]
 [2.57065886e-02 1.59723699e+04]
 [2.40249579e-02 1.80470326e+04]
 [1.42412880e-02 3.02360048e+04]
 [2.11989407e-02 2.09003634e+04]
 [8.62407872e-03 4.80120660e+04]
 [2.84826754e-02 1.42657777e+04]
 [1.29877897e-02 3.30752248e+04]
 [2.10250921e-02 2.12776263e+04]
 [7.73724338e-03 5.94455362e+04]
 [2.15610606e-02 1.97547574e+04]
 [2.90637842e-02 1.38857811e+04]
 [2.54285229e-02 1.71379457e+04]
 [6.39436901e-03 7.40431534e+04]
 [1.70144863e-02 2.46728070e+04]
 [3.07815783e-02 1.36680521e+04]
 [1.78325786e-02 2.44852949e+04]
 [6.87755780e-03 6.29382608e+04]
 [1.96004559e-02 2.33383175e+04]
 [3.87378446e-02 1.08334088e+04]
 [4.87839624e-02 8.88820025e+03]
 [4.15458320e-02 9.93640077e+03]
 [5.70659927e-03 9.09504547e+04]
 [2.66911667e-02 1.55819547e+04]
 [1.96538536e-02 2.28742666e+04]
 [4.08173532e-02 1.02145879e+04]
 [3.68961137e-02 1.09776149e+04]
 [2.78418903e-02 1.47971935e+04]
 [1.78549497e-02 2.38868471e+04]
 [4.05342744e-02 1.04596858e+04]
 [3.74614087e-02 1.09185387e+04]
 [3.16528385e-02 1.30948908e+04]
 [5.36161813e-02 8.67524913e+03]
 [7.40132103e-03 5.95427509e+04]
 [1.19305358e-02 3.38971250e+04]
 [4.05469678e-02 1.02819827e+04]
 [5.79970519e-03 8.05355248e+04]
 [2.26271371e-02 1.90097882e+04]
 [2.62645829e-02 1.58682317e+04]
 [2.44714267e-02 1.75433930e+04]
 [1.30145670e-02 3.13864035e+04]
 [2.93939792e-02 1.38409404e+04]
 [3.31445244e-02 1.24452174e+04]
 [1.10783305e-02 3.63496503e+04]
 [4.09237280e-02 9.97598729e+03]
 [1.66582579e-02 2.63088676e+04]
 [5.53329287e-02 8.63396410e+03]
 [2.38753627e-02 1.82022458e+04]
 [1.67243947e-02 2.49684486e+04]
 [2.57065149e-02 1.59723803e+04]
 [2.84703475e-02 1.43157245e+04]
 [8.22985328e-03 5.16675161e+04]
 [4.57668158e-02 8.94781060e+03]
 [3.60717072e-02 1.13229910e+04]
 [2.72064817e-02 1.51075677e+04]
 [3.48378388e-02 1.17641866e+04]]
