[[0.94325798 0.44926606]
 [0.78492906 0.54484695]
 [0.13029781 1.01105499]
 [0.24925893 0.95145743]
 [0.78370864 0.68885046]
 [0.75657785 0.73172552]
 [0.98654005 0.13202468]
 [0.95314495 0.17554508]
 [0.43504405 0.94564434]
 [0.89376811 0.54433812]
 [0.97152617 0.14586216]
 [0.08365397 1.013975  ]
 [0.90015024 0.50335115]
 [1.04643385 0.12269422]
 [0.60716894 0.77413357]
 [0.94591716 0.2433922 ]
 [0.44809573 0.94502518]
 [0.52597152 0.91155671]
 [0.21544373 0.97940108]
 [0.54425449 0.89284093]]
