[[4.67205630e-02 4.85517510e+01]
 [1.34007481e+02 4.02812077e+00]
 [1.03759374e+02 4.86230054e+00]
 [9.98692270e+01 5.06020759e+00]
 [1.29307225e+02 4.03291512e+00]
 [1.30065853e+01 2.77895293e+01]
 [1.90025190e+00 4.14451396e+01]
 [1.34005604e+02 4.02812514e+00]
 [1.21361648e+02 4.14921254e+00]
 [7.53496460e+01 7.50066767e+00]
 [1.07377689e+02 4.64361790e+00]
 [1.38627725e+01 2.71607900e+01]
 [1.98197043e+00 4.06062739e+01]
 [1.19250692e+02 4.19443056e+00]
 [8.85120789e+01 5.97468454e+00]
 [8.61160919e+00 3.19010647e+01]
 [4.14397793e+01 1.48505770e+01]
 [3.94179584e-01 4.62386811e+01]
 [8.61503376e+01 6.18537980e+00]
 [7.75992311e+01 7.15610174e+00]
 [1.11279064e+02 4.43879392e+00]
 [1.72395203e+01 2.49796154e+01]
 [1.17609824e+02 4.26902302e+00]
 [1.14189516e+02 4.35257090e+00]
 [1.19212511e+01 2.90755507e+01]
 [4.35887099e-01 4.54409780e+01]
 [1.23552862e+02 4.11063028e+00]
 [9.87263735e+01 5.08583295e+00]
 [8.88796712e+00 3.12259928e+01]
 [9.09554368e+01 5.74327461e+00]
 [1.10152352e+01 2.95799518e+01]
 [2.43641921e+01 2.12071725e+01]
 [1.09673002e+02 4.52035257e+00]
 [8.57432924e+01 6.19323159e+00]
 [7.94634305e+01 7.02691424e+00]
 [1.79871361e+00 4.21385974e+01]
 [3.84875422e+00 3.72354602e+01]
 [8.25401960e+01 6.57588324e+00]
 [4.08193140e+01 1.53639481e+01]
 [1.07434337e+02 4.61586698e+00]
 [6.66672152e+00 3.35413184e+01]
 [8.39377134e+01 6.37677297e+00]
 [1.28096067e+01 2.85174741e+01]
 [7.19332999e+01 8.02248658e+00]
 [9.72278476e+01 5.18692000e+00]
 [6.50497062e+01 9.25809906e+00]
 [6.90517790e+01 8.51346114e+00]
 [4.66951383e+00 3.58988353e+01]
 [2.50881533e+01 2.08748402e+01]
 [5.07245430e+00 3.54149197e+01]
 [3.33478333e+01 1.77115981e+01]
 [6.06337580e+01 1.00987621e+01]
 [5.48814927e+00 3.48273312e+01]
 [1.63279741e+01 2.56095568e+01]
 [2.16183048e+01 2.25699224e+01]
 [9.61479455e+00 3.06781903e+01]
 [3.16345701e+01 1.82080535e+01]
 [4.89646716e+01 1.27688123e+01]
 [1.02046962e+01 3.01976033e+01]
 [9.23576212e+00 3.11208733e+01]
 [1.58826223e+01 2.60116730e+01]
 [8.08067652e+01 6.74110330e+00]
 [8.92731778e+01 5.83849592e+00]
 [7.64238121e-01 4.40808141e+01]
 [1.80558906e+01 2.45098626e+01]
 [5.27278838e+01 1.18401037e+01]
 [2.16267657e+00 4.01532813e+01]
 [7.76584098e+01 7.15151523e+00]
 [6.62489374e+01 9.01059540e+00]
 [7.31790444e+01 7.81122178e+00]
 [6.00093177e+01 1.02276908e+01]
 [1.15734740e+02 4.30585902e+00]
 [1.12418114e+00 4.28013808e+01]
 [5.39085717e+01 1.17055129e+01]
 [6.16784942e+01 9.95395502e+00]
 [9.17203024e+01 5.66493487e+00]
 [6.14466549e-01 4.47011988e+01]
 [9.64704968e+00 3.04549822e+01]
 [7.01869175e+01 8.31447434e+00]
 [7.17351509e-01 4.42910394e+01]
 [3.96901987e+01 1.55108289e+01]
 [2.32331024e+00 3.99657305e+01]
 [4.22734344e+01 1.46637253e+01]
 [1.16207250e+02 4.27924015e+00]
 [1.68249682e+01 2.52045788e+01]
 [1.24519453e+02 4.08837092e+00]
 [2.28267501e+01 2.19286224e+01]
 [3.23705844e+01 1.79118435e+01]
 [7.97729843e+01 6.93393020e+00]
 [8.03306024e+00 3.22053055e+01]
 [7.33794574e+01 7.77744850e+00]
 [1.58012259e-01 4.73550588e+01]
 [8.89085385e-01 4.35860832e+01]
 [4.71093134e+01 1.32461683e+01]
 [4.98588496e+01 1.25429254e+01]
 [7.15037895e+01 8.09831527e+00]
 [1.26130014e+02 4.06481524e+00]
 [4.82151721e+01 1.30370607e+01]
 [2.22352684e+01 2.22875882e+01]
 [1.28778533e+02 4.03741734e+00]
 [1.24045670e+01 2.90081107e+01]
 [2.81386449e+01 1.95300553e+01]
 [7.70979052e+00 3.23870898e+01]
 [4.03459247e+00 3.68137534e+01]
 [2.01035317e+01 2.36004015e+01]
 [2.68787219e+01 2.01478301e+01]
 [4.53600464e+00 3.60748887e+01]
 [3.37361110e+01 1.74243131e+01]
 [1.27100722e+02 4.05410780e+00]
 [1.65457829e+01 2.54074446e+01]
 [1.25879335e+01 2.86970041e+01]
 [1.14265197e+02 4.33991654e+00]
 [2.53319287e+00 3.96111069e+01]
 [7.07238088e+01 8.24882788e+00]
 [6.24687813e+00 3.39156551e+01]
 [5.18999034e+01 1.21433665e+01]
 [1.90169744e+01 2.39242872e+01]
 [7.45816317e+01 7.63600572e+00]
 [2.66474129e+01 2.04821453e+01]
 [1.89096172e+01 2.41759560e+01]
 [9.25236506e+01 5.58219823e+00]
 [1.43232657e+01 2.68273050e+01]
 [5.80203539e+01 1.06637597e+01]
 [5.00774704e+01 1.25077305e+01]
 [6.39591204e+01 9.44130117e+00]
 [3.25173352e+01 1.78526622e+01]
 [3.56126495e+01 1.67240561e+01]
 [1.53053836e+01 2.64852712e+01]
 [5.76846481e+00 3.45497075e+01]
 [4.05819687e+01 1.54560245e+01]
 [4.41345206e+01 1.41654921e+01]
 [5.09851721e+01 1.23912815e+01]
 [2.15430603e+01 2.28621209e+01]
 [7.32983699e+00 3.27025891e+01]
 [2.88012045e+01 1.93062206e+01]
 [2.34359288e+01 2.16352979e+01]
 [5.26467292e+00 3.52080093e+01]
 [2.71630866e+01 2.00697423e+01]
 [1.10493935e+00 4.32032619e+01]
 [3.01441945e+01 1.90340573e+01]
 [8.06349437e+01 6.77001519e+00]
 [9.60955354e+01 5.34594898e+00]
 [3.11857314e+00 3.83240343e+01]
 [4.33055282e+00 3.63690211e+01]
 [3.55066730e+00 3.75650583e+01]
 [2.01052616e+01 2.34139645e+01]
 [1.08515486e+01 2.96921416e+01]
 [3.34971448e-01 4.65661745e+01]
 [2.38963605e+01 2.14335289e+01]
 [4.34910578e+01 1.43439837e+01]
 [3.85337685e+01 1.60039609e+01]
 [1.40066588e-01 4.77682369e+01]
 [5.52794899e+01 1.12502145e+01]
 [3.67196707e+01 1.63464748e+01]
 [6.24799372e+01 9.75950027e+00]
 [4.64399917e+01 1.34231985e+01]
 [6.20601151e+01 9.88200808e+00]
 [6.00681749e+00 3.42236500e+01]
 [4.48094305e+01 1.39710572e+01]
 [2.79448576e+01 1.96142096e+01]
 [5.12846758e+01 1.21954192e+01]
 [6.94867368e+00 3.32738297e+01]
 [1.48446843e+01 2.66362677e+01]
 [4.76302769e-01 4.52391028e+01]
 [3.07143033e+00 3.86891087e+01]
 [4.27003181e+01 1.44732496e+01]
 [5.46107132e+01 1.13988946e+01]
 [3.39316528e+01 1.73236728e+01]
 [1.85888383e+01 2.43177014e+01]
 [2.26685513e+01 2.20349952e+01]
 [3.01705714e+01 1.87814707e+01]
 [1.53535184e+01 2.61499165e+01]
 [4.53507113e+01 1.37502154e+01]
 [8.28733451e+01 6.51885872e+00]
 [5.93173287e+01 1.03703732e+01]
 [3.62218622e+01 1.65248015e+01]
 [6.33777720e+01 9.57415191e+00]
 [1.93338745e+01 2.37418735e+01]
 [9.52583368e+01 5.35410581e+00]
 [9.37655399e+01 5.44008369e+00]
 [3.03023623e+01 1.86515105e+01]
 [2.66031316e+00 3.91318918e+01]
 [2.77457770e+01 1.99305343e+01]
 [2.54523269e+01 2.07316529e+01]
 [9.03206549e-02 4.78990906e+01]
 [5.73631312e+01 1.08110339e+01]
 [3.60699608e+01 1.65566552e+01]
 [4.52116540e+01 1.37913748e+01]
 [1.03733876e+01 2.99066225e+01]
 [2.03720068e+01 2.32018245e+01]
 [3.06400944e+01 1.85192049e+01]
 [2.23878768e+01 2.22184715e+01]
 [4.58933840e+01 1.35857745e+01]
 [4.33506815e+01 1.43833241e+01]
 [2.62458343e+00 3.94280346e+01]
 [7.45901757e+01 7.63417597e+00]
 [3.43435941e+01 1.71870452e+01]
 [3.90738075e+01 1.56225693e+01]
 [8.89986426e+01 5.85726284e+00]
 [6.20385864e+00 3.39412600e+01]
 [3.38364045e+00 3.78835185e+01]
 [1.70013279e+00 4.22989986e+01]
 [1.10583699e+02 4.50919231e+00]
 [5.55250306e+01 1.12293264e+01]
 [2.79246392e+01 1.99163024e+01]
 [2.94989435e+01 1.92381831e+01]
 [3.53291821e+00 3.76206576e+01]
 [1.04976551e+01 2.98948891e+01]
 [4.86167061e+01 1.29214959e+01]
 [1.29335163e+00 4.23542147e+01]
 [2.11311479e-01 4.69864463e+01]
 [9.33024053e+01 5.48547922e+00]
 [6.85229394e+01 8.59970970e+00]
 [1.43679918e+01 2.67957333e+01]
 [3.13383784e+01 1.83624474e+01]
 [9.74376868e-01 4.35143603e+01]
 [5.73975063e-01 4.49227068e+01]
 [9.30339042e+01 5.56696144e+00]
 [9.76437360e-01 4.32568480e+01]
 [6.42545421e-02 4.82357273e+01]
 [5.22263157e+01 1.19578892e+01]
 [5.56724282e-01 4.50386922e+01]
 [1.82544469e+01 2.43961428e+01]
 [3.70682861e+01 1.62157730e+01]
 [6.56662972e-02 4.82045434e+01]
 [4.59876233e+01 1.35689367e+01]
 [1.24275531e+02 4.10364520e+00]
 [4.67636912e+01 1.33586103e+01]
 [3.76343972e+01 1.60298207e+01]
 [5.40113679e+01 1.15700797e+01]
 [3.87341505e+01 1.58181742e+01]
 [5.85870216e+01 1.05560328e+01]
 [1.26313820e+02 4.06257524e+00]
 [4.25741759e+01 1.45662308e+01]
 [2.18490287e-01 4.67676577e+01]
 [2.71536192e+00 3.90461753e+01]
 [1.25691580e+00 4.25518416e+01]
 [9.67421746e+01 5.26867149e+00]
 [3.53082731e+01 1.68279689e+01]
 [8.34181438e+01 6.43601255e+00]
 [5.59982937e+01 1.11062335e+01]
 [1.54901797e+01 2.61121437e+01]
 [1.09922710e+02 4.51018286e+00]
 [4.25845970e+00 3.64753206e+01]
 [5.89457848e+01 1.04770983e+01]
 [3.89790111e+01 1.56641734e+01]
 [9.44249958e+01 5.43885138e+00]
 [1.49984128e+01 2.65562104e+01]
 [3.47394868e+01 1.70358253e+01]
 [2.81206585e+00 3.88587339e+01]
 [5.42585735e+01 1.14796971e+01]
 [2.89353043e+01 1.92847276e+01]
 [5.83176055e+01 1.06016468e+01]
 [5.10129214e+01 1.23026655e+01]
 [2.09775495e+01 2.28698827e+01]
 [5.81017461e+00 3.44113885e+01]
 [9.65869014e+01 5.29510110e+00]
 [4.44379510e+01 1.39933806e+01]
 [7.76812641e+00 3.22621992e+01]
 [3.15846083e+00 3.82238558e+01]
 [5.69893656e+01 1.08917859e+01]
 [2.62874349e+01 2.04969583e+01]
 [1.93040784e+01 2.37588963e+01]
 [5.23224677e+01 1.19344743e+01]
 [6.46432609e+01 9.31522338e+00]
 [3.49160787e+01 1.69464251e+01]
 [3.08624696e+01 1.84382501e+01]
 [3.74171134e+01 1.61011983e+01]
 [6.64988277e+01 9.00961355e+00]
 [7.07409588e+00 3.29968040e+01]]
