[[3.60699608e+01 1.65566552e+01]
 [7.76812641e+00 3.22621992e+01]
 [2.61940879e+01 2.05456462e+01]
 [3.44753316e+01 1.71025222e+01]
 [2.86511655e+01 1.95368564e+01]
 [3.38364045e+00 3.78835185e+01]
 [7.01718697e+00 3.32064912e+01]
 [2.06701379e+01 2.30235463e+01]
 [8.35413583e+01 6.42080819e+00]
 [6.42545421e-02 4.82357273e+01]
 [5.60857909e+01 1.11194220e+01]
 [6.81555654e+01 8.66305532e+00]
 [8.89085385e-01 4.35860832e+01]
 [6.14466549e-01 4.47011988e+01]
 [1.45298019e+01 2.68269711e+01]
 [5.83176055e+01 1.06016468e+01]
 [7.04643053e+01 8.30666886e+00]
 [2.37133311e+01 2.18482271e+01]
 [7.07409588e+00 3.29968040e+01]
 [1.04976551e+01 2.98948891e+01]
 [5.10129214e+01 1.23026655e+01]
 [4.83307391e+01 1.30055861e+01]
 [3.09838326e+01 1.84529702e+01]
 [9.65869014e+01 5.29510110e+00]
 [8.61160919e+00 3.19010647e+01]
 [7.47103428e+00 3.27839613e+01]
 [1.93888691e-01 4.71300901e+01]
 [1.17329489e+02 4.34324222e+00]
 [4.66951383e+00 3.58988353e+01]
 [5.69893656e+01 1.08917859e+01]
 [2.62542348e+00 3.94629533e+01]
 [6.83382844e+01 8.64617576e+00]
 [4.34026601e+01 1.43443386e+01]
 [2.13531304e+01 2.26859973e+01]
 [5.00504672e+01 1.25116603e+01]
 [1.88251444e+01 2.41843976e+01]
 [5.13824242e-01 4.54694508e+01]
 [2.58119506e+00 3.96677531e+01]
 [4.03239394e+00 3.69383522e+01]
 [2.38404433e+01 2.15314788e+01]
 [4.75859928e+01 1.32989730e+01]
 [3.69837635e+01 1.63225093e+01]
 [8.64919865e+01 6.15676129e+00]
 [3.36542071e+01 1.74010150e+01]
 [3.20537255e+00 3.81544643e+01]
 [4.94481916e+00 3.56141364e+01]
 [2.83518875e+01 1.95538827e+01]
 [1.27649019e+01 2.80997480e+01]
 [2.40538698e+01 2.14695150e+01]
 [6.48609556e+01 9.26874806e+00]
 [5.05834735e+01 1.23675360e+01]
 [3.43372301e+01 1.71514592e+01]
 [1.93779981e+01 2.37564183e+01]
 [5.01455835e+01 1.24796289e+01]
 [6.33070848e+01 9.61319687e+00]
 [5.40210633e+01 1.15365319e+01]
 [1.10958087e+01 2.96911065e+01]
 [3.12500802e+01 1.84325539e+01]
 [6.43486652e+01 9.37801384e+00]
 [1.71358718e+00 4.17938033e+01]
 [1.20306667e+01 2.85309140e+01]
 [7.44505565e+01 7.63696884e+00]
 [4.67329773e+01 1.33736789e+01]
 [3.88029074e+01 1.58309290e+01]
 [3.01727971e+01 1.87087766e+01]
 [1.34130912e+00 4.22112876e+01]
 [2.15113580e+01 2.25891640e+01]
 [7.93024178e+01 7.29668767e+00]
 [3.35921562e-01 4.59875418e+01]
 [5.79757966e+01 1.06536827e+01]
 [4.76391019e+01 1.32669915e+01]
 [2.15758789e+01 2.25489721e+01]
 [2.66596827e+01 2.02184574e+01]
 [2.58182713e+01 2.08055238e+01]
 [8.12972023e-01 4.41664531e+01]
 [7.79711709e+00 3.22085453e+01]
 [4.45625951e+01 1.40918550e+01]
 [9.29939777e+00 3.10579557e+01]
 [1.79399730e+01 2.52554634e+01]
 [6.96871304e+01 8.40558730e+00]
 [2.47211051e+01 2.10275627e+01]
 [1.42926711e+01 2.71591155e+01]
 [3.79945778e+01 1.59323796e+01]
 [8.62804999e+00 3.15900942e+01]
 [6.34288930e+00 3.46317578e+01]
 [1.31969028e+01 2.76972815e+01]
 [1.05494764e+01 2.98658082e+01]
 [2.77386830e+00 3.89277638e+01]
 [4.67663491e+01 1.33526234e+01]
 [2.37216027e+01 2.17945128e+01]
 [4.21620745e+01 1.46265005e+01]
 [3.75361146e+00 3.72747338e+01]
 [5.38580768e+01 1.16485177e+01]
 [6.96135576e+01 8.42397176e+00]
 [3.26021873e+01 1.77876950e+01]
 [8.02485554e+01 7.11869063e+00]
 [3.27101692e+01 1.77589149e+01]
 [6.91123586e+01 8.55038487e+00]
 [7.01730799e+01 8.31113849e+00]
 [3.91416147e+01 1.55467138e+01]
 [5.32432904e+01 1.18283137e+01]
 [6.91922583e-01 4.44418788e+01]
 [1.65221373e+01 2.61863567e+01]
 [7.19408245e+01 8.01237546e+00]
 [2.02291111e+00 4.05086490e+01]
 [2.62728519e-01 4.64450476e+01]
 [4.13293070e+00 3.68514178e+01]
 [5.34718436e+01 1.16612434e+01]
 [4.50652135e+01 1.38072019e+01]
 [1.21033246e+01 2.84498708e+01]
 [1.02984042e+00 4.31941739e+01]
 [4.28413418e+00 3.64353428e+01]
 [6.06772742e+01 1.00926354e+01]
 [5.17815690e+01 1.20756660e+01]
 [5.00753781e+01 1.24841183e+01]
 [3.64208919e+01 1.64783257e+01]
 [9.05826760e+01 6.10585272e+00]
 [2.05031630e+01 2.31204647e+01]
 [2.08699861e+01 2.29201545e+01]
 [1.19158618e+01 2.86011782e+01]
 [3.60147008e+01 1.66956781e+01]
 [1.41624463e+00 4.19642958e+01]
 [2.18207191e+00 4.01005677e+01]
 [1.11394377e+02 4.68970831e+00]
 [7.09630621e+01 8.18251721e+00]
 [7.32905725e+01 7.80331402e+00]
 [4.81591284e+01 1.31756947e+01]
 [6.39186693e+01 9.46243930e+00]
 [2.99171409e+01 1.88154538e+01]
 [5.50142592e-01 4.53919096e+01]
 [5.79406439e+01 1.06615388e+01]
 [8.69985118e+00 3.15208134e+01]
 [6.17388396e+01 9.88386160e+00]
 [2.76710956e+01 1.97216465e+01]
 [3.78735500e+01 1.60826086e+01]
 [3.39703682e+01 1.72797952e+01]
 [3.11710112e+01 1.84462971e+01]
 [4.17584919e+01 1.48478127e+01]
 [1.14221603e+01 2.90338290e+01]
 [7.29884071e+01 7.85652240e+00]
 [6.65957702e+00 3.35761655e+01]
 [6.60622646e+01 9.04404406e+00]
 [7.26387335e+00 3.28149341e+01]
 [4.05621886e+01 1.51405880e+01]
 [7.84689239e+00 3.21550106e+01]
 [1.79661931e+01 2.45734690e+01]
 [2.29286323e+01 2.21832017e+01]
 [7.51981265e+00 3.25111480e+01]
 [5.62636406e+00 3.47267332e+01]
 [2.88464930e+01 1.92348850e+01]
 [6.15542884e+01 9.91280391e+00]
 [2.64764633e+01 2.02721047e+01]
 [3.64537896e+01 1.64208968e+01]
 [5.62386166e+01 1.10485076e+01]
 [1.03046593e+01 3.05043938e+01]
 [6.82898224e+00 3.32863449e+01]
 [4.90369787e+01 1.27897782e+01]
 [2.63127626e+01 2.04385753e+01]
 [8.78636998e+00 3.12448246e+01]
 [1.13217528e+02 4.39718194e+00]
 [3.96642587e+01 1.53856711e+01]
 [9.55118371e+00 3.08155680e+01]
 [5.56911012e+01 1.11601610e+01]
 [7.16573638e+01 8.06167884e+00]
 [4.69348526e-02 4.85872366e+01]
 [5.89315864e+01 1.04512540e+01]
 [4.55392694e+00 3.61556065e+01]
 [2.97072400e+01 1.92241720e+01]
 [1.66185113e+01 2.60304609e+01]
 [7.14863375e+01 8.08607165e+00]
 [7.28970032e+01 7.85681082e+00]
 [7.40201535e+01 7.67932183e+00]
 [7.72150121e+01 7.32720207e+00]
 [6.26242823e+01 9.79371465e+00]
 [2.23076356e+01 2.23421494e+01]
 [6.43504637e+01 9.37047779e+00]
 [5.55120014e+00 3.48743873e+01]
 [5.38688397e+01 1.15912396e+01]
 [5.67781415e+01 1.09435958e+01]
 [2.07683497e+01 2.30043106e+01]
 [4.88084408e+00 3.56421398e+01]
 [1.33425305e+01 2.76065196e+01]
 [3.15307409e+01 1.81991480e+01]
 [3.60586980e-01 4.58576003e+01]
 [4.86447699e+01 1.29483660e+01]
 [1.36437139e-01 4.74348174e+01]
 [6.41025009e+00 3.37283731e+01]
 [6.13568123e+01 1.00858541e+01]
 [5.19272759e+00 3.53363282e+01]
 [3.48014312e+01 1.69878800e+01]
 [2.02333115e+01 2.32638490e+01]
 [1.14709875e+02 4.34443113e+00]
 [2.17795364e+01 2.25443715e+01]
 [6.27994854e+01 9.69355624e+00]
 [5.10574465e+01 1.22700507e+01]
 [6.13729616e+01 9.95985856e+00]
 [7.58885739e+01 7.54995555e+00]
 [6.72797694e+01 8.82258328e+00]
 [5.96703160e+01 1.03054968e+01]
 [4.05821851e+01 1.51121209e+01]
 [3.50510237e+01 1.69767130e+01]
 [2.35594423e+01 2.19086504e+01]
 [2.71317042e+01 2.00167348e+01]
 [5.04871785e+01 1.23796987e+01]
 [9.41433420e+00 3.10478695e+01]
 [5.27136740e+01 1.18439058e+01]
 [1.29976480e+02 4.23239670e+00]
 [4.11553482e+01 1.50489133e+01]
 [3.25531013e+01 1.78066033e+01]
 [2.51688287e+01 2.09793720e+01]
 [1.34844947e+01 2.74327561e+01]
 [1.03124663e+02 4.94025075e+00]
 [5.78221950e+01 1.07242456e+01]
 [1.99399630e+00 4.05450816e+01]
 [8.19542284e+01 6.81222982e+00]
 [9.86821911e+01 5.15534078e+00]
 [9.31926701e+01 5.72869777e+00]
 [1.74885202e+01 2.55648883e+01]
 [9.22785282e+00 3.11331500e+01]
 [6.04508685e+01 1.02323102e+01]
 [6.48521863e+00 3.36224237e+01]
 [2.34151486e+01 2.19765180e+01]
 [2.97622791e+00 3.85471243e+01]
 [3.23238246e+01 1.78793648e+01]
 [1.83463417e+00 4.13226580e+01]
 [1.06427518e+01 2.97485184e+01]
 [5.56246649e+01 1.12722828e+01]
 [1.12380069e+01 2.91051093e+01]
 [7.15825588e+01 8.08498005e+00]
 [5.45797280e+01 1.14101806e+01]
 [6.89354783e+01 8.63274015e+00]
 [4.37345640e+01 1.41718660e+01]
 [1.99523282e+01 2.34106263e+01]
 [1.67715717e+00 4.19625201e+01]
 [3.70023110e+01 1.62846622e+01]
 [1.11602737e+02 4.65703462e+00]
 [3.88536569e+01 1.56382713e+01]
 [6.71863005e+01 8.83700717e+00]
 [2.26219774e+00 3.99611073e+01]
 [1.10873159e+02 4.69560621e+00]
 [2.30301463e+00 3.98512994e+01]
 [3.09134502e+01 1.86463102e+01]
 [4.30347517e+01 1.43913171e+01]
 [1.49687437e+01 2.64735640e+01]
 [8.76483972e+00 3.13403057e+01]
 [3.55692343e+01 1.67568549e+01]
 [1.30697682e+01 2.78014894e+01]
 [1.59759802e+01 2.62034298e+01]
 [2.56513306e-01 4.66474717e+01]
 [6.65576330e+01 8.98463194e+00]
 [6.69764943e+01 8.88012477e+00]
 [8.65871810e+01 6.13106516e+00]
 [1.16946113e+01 2.87895867e+01]
 [5.89106865e+01 1.05597312e+01]
 [1.91514205e+01 2.41823991e+01]
 [3.93295010e+01 1.55193554e+01]]
