[[1.86260211e-03 3.45560727e-03 1.79353495e+00]
 [4.30247271e-03 9.73802078e-03 2.35560178e+00]
 [1.98569888e-03 4.26701009e-03 1.68669248e+00]
 [3.66543097e-03 8.62346253e-03 2.38535544e+00]
 [5.81577407e-03 9.89751708e-03 1.40781245e+00]
 [3.81016124e-03 7.49858311e-03 2.02228296e+00]
 [4.28768775e-03 8.24009870e-03 2.25299232e+00]
 [2.74119775e-03 5.60529991e-03 2.34345957e+00]
 [4.44117107e-03 8.28135361e-03 1.85269631e+00]
 [4.32981507e-03 9.09311989e-03 2.21095800e+00]
 [5.52767597e-03 8.89131089e-03 1.70990570e+00]
 [1.15103041e-03 2.27001165e-03 2.19196477e+00]
 [9.94405629e-04 1.15035012e-03 1.74681426e+00]
 [3.72748802e-03 7.10354578e-03 1.91128685e+00]
 [6.05212895e-03 9.90406197e-03 2.54783250e+00]
 [1.01581476e-03 2.25806922e-03 2.94264094e+00]
 [2.69654701e-03 5.90546522e-03 1.76106815e+00]
 [4.06288428e-03 7.43749196e-03 1.57597376e+00]
 [4.79737567e-03 9.46676679e-03 2.10686741e+00]
 [2.31462936e-03 4.26821349e-03 1.49622293e+00]
 [9.04097157e-04 1.28975984e-03 1.21052505e+00]
 [2.72400850e-03 5.98788918e-03 2.74616699e+00]
 [2.37214058e-03 5.39490891e-03 2.49856157e+00]
 [1.32906238e-03 2.83462432e-03 2.60128235e+00]
 [1.93864860e-03 4.95112363e-03 2.27024992e+00]
 [1.08067485e-03 1.91272052e-03 1.77409247e+00]
 [2.78504172e-03 6.14781891e-03 2.33033671e+00]
 [1.55528584e-03 3.17817550e-03 1.68796635e+00]
 [2.26789321e-03 4.08181403e-03 2.36612810e+00]
 [6.56219990e-04 1.80729214e-03 2.38861388e+00]
 [1.50739659e-03 2.43763977e-03 2.09336914e+00]
 [1.84748152e-03 4.30973654e-03 2.74649084e+00]
 [4.02656852e-03 7.58980033e-03 2.06440977e+00]
 [1.14745973e-03 2.15672148e-03 1.89411668e+00]
 [5.29945427e-04 1.22520723e-03 1.81352507e+00]
 [1.05507080e-03 1.67517375e-03 1.22107044e+00]
 [2.78983379e-03 5.41202018e-03 1.90687063e+00]
 [4.50253224e-03 9.77213310e-03 2.35560178e+00]
 [5.95544644e-03 9.50037619e-03 1.35154979e+00]
 [3.66543097e-03 8.54049723e-03 2.37950424e+00]
 [1.69610614e-03 3.92318186e-03 2.91577906e+00]
 [2.95482286e-03 7.31606471e-03 2.21974251e+00]
 [2.72516039e-03 5.98788918e-03 2.07372305e+00]
 [3.01524499e-03 6.72420773e-03 1.98957063e+00]
 [4.89069702e-03 9.02536556e-03 1.61432154e+00]
 [1.52880604e-03 2.69943891e-03 2.09336914e+00]
 [1.71484109e-03 3.70008966e-03 2.47853455e+00]
 [1.00408299e-03 2.37674852e-03 2.25618931e+00]
 [1.08067485e-03 1.77721462e-03 1.68871572e+00]
 [3.65657340e-03 7.17593127e-03 1.87496830e+00]
 [9.94405629e-04 1.69431018e-03 1.74681426e+00]
 [2.53888621e-03 5.67296491e-03 1.85759032e+00]
 [1.50739659e-03 2.43763977e-03 1.68378890e+00]
 [1.45391350e-03 3.25373025e-03 1.68796635e+00]
 [6.05212895e-03 9.91212906e-03 2.54783250e+00]
 [5.90443184e-03 9.97681629e-03 2.85493859e+00]
 [4.65390250e-03 8.07698409e-03 1.71731585e+00]
 [3.37177103e-03 6.14861734e-03 2.33033671e+00]]
