[[4.86621314e+00 6.48194950e-03]
 [3.18032647e+01 6.57607673e-04]
 [3.23474214e+01 6.42435431e-04]
 [2.23930593e+01 9.50885037e-04]
 [5.26519165e+01 5.15072990e-04]
 [8.42493582e+00 2.79476072e-03]
 [1.62072948e+01 1.34727829e-03]
 [1.31931927e+01 2.22382510e-03]
 [2.95134294e+01 7.34385070e-04]
 [3.63357984e+01 5.22389180e-04]
 [1.38154844e+01 1.79379259e-03]
 [2.32761716e+01 9.05191522e-04]
 [8.33812997e+00 2.82016606e-03]
 [2.31550786e+01 9.12907772e-04]
 [2.45738609e+01 8.95853860e-04]
 [1.57884593e+01 1.68481122e-03]
 [1.48425494e+01 1.76799319e-03]
 [2.70449707e+01 8.71892713e-04]
 [5.71853585e+01 4.69942400e-04]
 [1.58942465e+01 1.35528811e-03]
 [1.78310748e+01 1.32293252e-03]]
