[[1.86260211e-03 3.45560727e-03 1.79353495e+00]
 [4.30247271e-03 9.73802078e-03 2.35560178e+00]
 [1.98569888e-03 4.26701009e-03 1.68669248e+00]
 [5.41559379e-03 9.74740371e-03 2.27320880e+00]
 [3.81016124e-03 7.49858311e-03 2.02228296e+00]
 [2.74119775e-03 5.60529991e-03 2.34345957e+00]
 [4.44117107e-03 8.28135361e-03 1.85269631e+00]
 [4.32981507e-03 9.09311989e-03 2.21095800e+00]
 [1.15103041e-03 2.27001165e-03 2.19196477e+00]
 [3.93884008e-03 6.88955048e-03 1.80800322e+00]
 [3.72748802e-03 7.10354578e-03 1.91128685e+00]
 [1.01581476e-03 2.25806922e-03 2.94264094e+00]
 [8.48018217e-04 2.02463036e-03 2.70847595e+00]
 [9.04097157e-04 1.28975984e-03 1.21052505e+00]
 [4.93963846e-04 1.50455028e-03 1.79070095e+00]
 [2.37214058e-03 5.39490891e-03 2.49856157e+00]
 [1.32906238e-03 2.83462432e-03 2.60128235e+00]
 [1.08067485e-03 1.91272052e-03 1.77409247e+00]
 [2.78504172e-03 6.14781891e-03 2.33033671e+00]
 [1.55528584e-03 3.17817550e-03 1.68796635e+00]
 [1.84748152e-03 4.30973654e-03 2.74649084e+00]
 [4.28335214e-03 9.35427012e-03 2.67768967e+00]
 [3.31014434e-03 6.59709804e-03 1.93308698e+00]
 [9.85390106e-04 1.35597047e-03 1.31872041e+00]
 [2.15209660e-03 3.71923011e-03 1.77971078e+00]
 [1.48733563e-03 3.05945447e-03 1.59448289e+00]
 [4.41843803e-03 8.64550653e-03 2.08696437e+00]
 [4.75723627e-03 9.23611865e-03 1.83336897e+00]
 [4.45487109e-03 9.96700671e-03 2.64536596e+00]
 [5.57136104e-04 9.91535214e-04 2.72618944e+00]
 [2.12546317e-03 3.99949605e-03 1.99527577e+00]
 [1.79359544e-03 2.94838769e-03 1.77397960e+00]
 [4.90434789e-04 1.45146864e-03 1.95005910e+00]
 [2.97583387e-03 5.64606490e-03 2.12412249e+00]
 [4.28335214e-03 9.35427012e-03 2.28513561e+00]
 [6.68373536e-04 1.68185419e-03 1.99986474e+00]
 [7.87363052e-03 9.87498461e-03 2.94037945e+00]
 [3.94115122e-04 1.21536563e-03 2.75813280e+00]
 [4.93963846e-04 1.50455028e-03 1.77183046e+00]
 [4.85132080e-03 9.29783985e-03 1.83336897e+00]
 [3.76443249e-03 8.21176965e-03 2.43317609e+00]
 [1.97729502e-03 4.71819063e-03 2.80454237e+00]
 [1.61002481e-03 3.71077407e-03 2.53875185e+00]
 [4.14042469e-03 8.28135361e-03 1.90958564e+00]
 [3.46748455e-03 5.81064612e-03 1.53730025e+00]
 [2.45944341e-03 5.18433141e-03 1.99017963e+00]
 [1.55528584e-03 3.17817550e-03 1.72261650e+00]
 [2.34588043e-03 5.39490891e-03 2.49856157e+00]
 [3.99218605e-03 6.76284522e-03 1.38335148e+00]
 [4.90434789e-04 1.40269923e-03 2.59685492e+00]
 [3.81016124e-03 7.49858311e-03 2.04706490e+00]
 [9.35895091e-04 2.49293026e-03 2.00564877e+00]
 [3.02426301e-03 6.27907211e-03 2.38781642e+00]
 [2.59734981e-03 5.16034124e-03 1.69172866e+00]
 [2.85560781e-03 5.29115915e-03 2.12277933e+00]
 [4.11845283e-03 7.94449734e-03 1.81572335e+00]
 [4.84552258e-03 9.60661204e-03 1.99589191e+00]
 [9.44109156e-04 1.47278751e-03 1.65994646e+00]
 [2.36097000e-03 5.39490891e-03 2.52877573e+00]
 [1.82148240e-03 4.30973654e-03 2.74639174e+00]
 [3.88322514e-03 9.85316802e-03 2.73755774e+00]
 [5.73708374e-04 1.45499789e-03 2.41349118e+00]
 [1.93864860e-03 4.75878869e-03 2.27024992e+00]
 [1.91977433e-03 3.93583414e-03 2.56986650e+00]
 [3.45174357e-03 5.84074022e-03 1.47717119e+00]
 [3.04255165e-03 5.25470571e-03 1.77948098e+00]
 [4.54110846e-03 8.12355542e-03 1.62013335e+00]
 [3.51318320e-03 8.26499973e-03 2.22041012e+00]
 [1.61574040e-03 3.42687058e-03 1.74125300e+00]
 [2.69654701e-03 5.20704655e-03 1.76106815e+00]
 [1.00140063e-03 1.71212085e-03 1.66453551e+00]
 [2.74119775e-03 5.59363748e-03 2.32292261e+00]
 [2.27681929e-03 4.00666328e-03 1.57802217e+00]
 [9.62609807e-03 9.98847422e-03 2.77968273e+00]
 [7.90940461e-04 1.57012759e-03 2.75628501e+00]
 [3.89971441e-03 7.38111517e-03 1.66341302e+00]
 [1.56550931e-03 3.31791871e-03 1.95369987e+00]
 [2.13909192e-03 5.32229620e-03 2.59443961e+00]]
