[[1.52610864e-02 2.65060857e+04]
 [4.48927166e-02 9.16056255e+03]
 [1.69870331e-02 2.59225653e+04]
 [3.93752889e-02 1.06532184e+04]
 [3.39946541e-02 1.19017793e+04]
 [2.69897406e-02 1.55173060e+04]
 [3.70128177e-02 1.09776149e+04]
 [4.18541489e-02 9.65590185e+03]
 [1.07192317e-02 3.87363394e+04]
 [3.15247391e-02 1.32695640e+04]
 [3.18475519e-02 1.27103137e+04]
 [3.13492445e-02 1.34289154e+04]
 [4.37664957e-02 9.35419140e+03]
 [9.94202140e-03 4.21205463e+04]
 [1.75662574e-02 2.46631743e+04]
 [5.80348224e-03 8.04541568e+04]
 [2.57065886e-02 1.59723699e+04]
 [1.42412880e-02 3.02360048e+04]
 [1.96510836e-02 2.36005112e+04]
 [8.62407872e-03 4.80120660e+04]
 [2.84826754e-02 1.42657777e+04]
 [1.29877897e-02 3.30752248e+04]
 [7.73724338e-03 5.94455362e+04]
 [2.15610606e-02 1.97547574e+04]
 [4.73555666e-02 9.12917325e+03]
 [2.90637842e-02 1.38857811e+04]
 [6.39436901e-03 7.40431534e+04]
 [1.70144863e-02 2.46728070e+04]
 [1.21628554e-02 3.63148152e+04]
 [4.02208390e-02 1.00900194e+04]
 [4.95512236e-02 8.58082644e+03]
 [2.09370614e-02 1.98899841e+04]
 [1.21866172e-02 3.61423013e+04]
 [4.21319536e-02 9.56905377e+03]
 [6.45963304e-03 6.93321052e+04]
 [3.57181310e-02 1.13122977e+04]
 [4.17342585e-02 1.00055435e+04]
 [3.83800007e-02 1.08498815e+04]
 [2.78512285e-02 1.46196513e+04]
 [3.90552717e-02 1.06812885e+04]
 [3.22689341e-02 1.26372797e+04]
 [1.75848119e-02 2.43038826e+04]
 [3.99329524e-02 1.02256366e+04]
 [2.23658132e-02 1.86637012e+04]
 [2.03329196e-02 2.07460255e+04]
 [2.01239108e-02 2.35890091e+04]
 [1.11819948e-02 3.69471640e+04]
 [2.54133128e-02 1.63016535e+04]
 [2.52108103e-02 1.72660225e+04]
 [1.38685887e-02 3.15753094e+04]
 [3.89196112e-02 1.07250833e+04]
 [2.33641225e-02 1.85378167e+04]
 [5.42328796e-03 8.18935667e+04]
 [2.91684408e-02 1.38124290e+04]
 [4.74912575e-02 8.68145217e+03]
 [2.87159147e-02 1.39835998e+04]
 [1.30222346e-02 3.29092161e+04]
 [3.49320416e-02 1.16759469e+04]
 [5.90716592e-02 8.57564470e+03]
 [4.72947763e-03 9.03766697e+04]
 [2.34803847e-02 1.81892330e+04]
 [1.24936328e-02 3.31594334e+04]
 [8.70762416e-03 4.67047041e+04]
 [1.02582711e-02 3.92654664e+04]
 [6.23131612e-03 7.80793826e+04]
 [3.56188027e-02 1.15613069e+04]
 [3.85740427e-02 1.08289188e+04]
 [9.44002729e-03 4.56471482e+04]
 [2.39696249e-02 1.72811152e+04]]
