[[3.42688908e+00 6.82093484e-01 2.51169672e+00 4.77756466e-01
  4.93126845e+00 1.81612851e+00]
 [4.06774799e-01 1.75739067e+00 3.30214460e+00 2.86051572e+00
  4.91907893e+00 7.07371340e-01]
 [4.61461120e+00 1.27821662e+00 2.45229329e+00 1.67701574e-03
  4.39001041e+00 3.41474080e+00]
 [9.24309269e-01 1.23495016e+00 2.10574561e+00 2.94260873e-01
  1.58058746e+00 4.46190363e+00]
 [1.53118523e+00 3.03624879e+00 2.21695342e+00 8.33663939e-02
  1.15741836e+00 9.36328357e-01]
 [4.60433993e+00 1.27821662e+00 2.45229329e+00 1.36884981e+00
  4.39001041e+00 2.91321461e+00]
 [3.35636799e+00 2.13813037e+00 1.80120626e+00 9.01165305e-02
  1.49197968e+00 3.76057076e+00]
 [3.25810024e+00 6.79354688e-01 2.52313663e+00 4.77756466e-01
  4.93126845e+00 1.78423892e+00]]
