[[3.60699608e+01 1.65566552e+01]
 [7.76812641e+00 3.22621992e+01]
 [2.61940879e+01 2.05456462e+01]
 [3.44753316e+01 1.71025222e+01]
 [3.38364045e+00 3.78835185e+01]
 [7.01718697e+00 3.32064912e+01]
 [2.06701379e+01 2.30235463e+01]
 [8.35413583e+01 6.42080819e+00]
 [6.42545421e-02 4.82357273e+01]
 [5.60857909e+01 1.11194220e+01]
 [6.81555654e+01 8.66305532e+00]
 [8.89085385e-01 4.35860832e+01]
 [6.14466549e-01 4.47011988e+01]
 [1.45298019e+01 2.68269711e+01]
 [5.83176055e+01 1.06016468e+01]
 [7.04643053e+01 8.30666886e+00]
 [7.07409588e+00 3.29968040e+01]
 [6.16784942e+01 9.95395502e+00]
 [7.64913006e+01 7.61132999e+00]
 [2.05528226e+01 2.32543913e+01]
 [1.04976551e+01 2.98948891e+01]
 [5.10129214e+01 1.23026655e+01]
 [4.83307391e+01 1.30055861e+01]
 [3.09838326e+01 1.84529702e+01]
 [1.07577721e+02 5.06983686e+00]
 [9.65869014e+01 5.29510110e+00]
 [7.47103428e+00 3.27839613e+01]
 [3.56757064e+01 1.67682477e+01]
 [3.01435576e+00 3.87437753e+01]
 [1.17329489e+02 4.34324222e+00]
 [4.66951383e+00 3.58988353e+01]
 [5.69893656e+01 1.08917859e+01]
 [2.62542348e+00 3.94629533e+01]
 [6.83382844e+01 8.64617576e+00]
 [2.13531304e+01 2.26859973e+01]
 [4.18005687e+01 1.50087135e+01]
 [5.00504672e+01 1.25116603e+01]
 [1.88251444e+01 2.41843976e+01]
 [5.13824242e-01 4.54694508e+01]
 [2.58119506e+00 3.96677531e+01]
 [4.03239394e+00 3.69383522e+01]
 [2.38404433e+01 2.15314788e+01]
 [4.75859928e+01 1.32989730e+01]
 [3.69837635e+01 1.63225093e+01]
 [8.64919865e+01 6.15676129e+00]
 [3.54154819e+01 1.70003975e+01]
 [3.36542071e+01 1.74010150e+01]
 [3.20537255e+00 3.81544643e+01]
 [4.94481916e+00 3.56141364e+01]
 [2.83518875e+01 1.95538827e+01]
 [1.27649019e+01 2.80997480e+01]
 [2.40538698e+01 2.14695150e+01]
 [6.48609556e+01 9.26874806e+00]
 [5.05834735e+01 1.23675360e+01]
 [3.43372301e+01 1.71514592e+01]
 [1.93779981e+01 2.37564183e+01]
 [5.01455835e+01 1.24796289e+01]
 [6.33070848e+01 9.61319687e+00]
 [5.40210633e+01 1.15365319e+01]
 [6.83013424e+00 3.33587758e+01]
 [3.12500802e+01 1.84325539e+01]
 [6.43486652e+01 9.37801384e+00]
 [1.71358718e+00 4.17938033e+01]
 [7.44505565e+01 7.63696884e+00]
 [5.89411434e+01 1.05818184e+01]
 [4.67329773e+01 1.33736789e+01]
 [3.01727971e+01 1.87087766e+01]
 [1.34130912e+00 4.22112876e+01]
 [4.93661976e-01 4.58807307e+01]
 [2.15113580e+01 2.25891640e+01]
 [3.35921562e-01 4.59875418e+01]
 [5.79757966e+01 1.06536827e+01]
 [4.76391019e+01 1.32669915e+01]
 [9.12935351e+00 3.13889598e+01]
 [2.15758789e+01 2.25489721e+01]
 [2.66596827e+01 2.02184574e+01]
 [1.08977338e+02 5.00396913e+00]
 [7.79711709e+00 3.22085453e+01]
 [4.45625951e+01 1.40918550e+01]
 [9.29939777e+00 3.10579557e+01]
 [6.96871304e+01 8.40558730e+00]
 [2.47211051e+01 2.10275627e+01]
 [1.42926711e+01 2.71591155e+01]
 [3.79945778e+01 1.59323796e+01]
 [6.34288930e+00 3.46317578e+01]
 [1.31969028e+01 2.76972815e+01]
 [2.76770048e+01 1.99347921e+01]
 [1.05494764e+01 2.98658082e+01]
 [2.77386830e+00 3.89277638e+01]
 [4.67663491e+01 1.33526234e+01]
 [4.21620745e+01 1.46265005e+01]
 [3.75361146e+00 3.72747338e+01]
 [5.38580768e+01 1.16485177e+01]
 [6.96135576e+01 8.42397176e+00]
 [3.26021873e+01 1.77876950e+01]
 [3.27101692e+01 1.77589149e+01]
 [6.91123586e+01 8.55038487e+00]
 [7.01730799e+01 8.31113849e+00]
 [3.91416147e+01 1.55467138e+01]
 [1.79816284e+01 2.45904349e+01]
 [5.32432904e+01 1.18283137e+01]
 [7.34291820e+01 7.93473231e+00]
 [6.91922583e-01 4.44418788e+01]
 [7.19408245e+01 8.01237546e+00]
 [2.02291111e+00 4.05086490e+01]
 [2.62728519e-01 4.64450476e+01]
 [4.13293070e+00 3.68514178e+01]
 [5.34718436e+01 1.16612434e+01]
 [4.50652135e+01 1.38072019e+01]
 [1.21033246e+01 2.84498708e+01]
 [1.02984042e+00 4.31941739e+01]
 [4.28413418e+00 3.64353428e+01]
 [6.06772742e+01 1.00926354e+01]
 [5.17815690e+01 1.20756660e+01]
 [5.00753781e+01 1.24841183e+01]
 [3.64208919e+01 1.64783257e+01]
 [1.18525391e+01 2.91312741e+01]
 [2.10476748e+01 2.28344216e+01]
 [5.60134945e+01 1.11285563e+01]
 [5.06223985e+01 1.23464521e+01]
 [1.59629721e+01 2.57694561e+01]
 [1.43947655e+01 2.71012618e+01]
 [8.85759003e+01 5.92999348e+00]
 [4.44479494e+01 1.41551363e+01]
 [3.29320986e+00 3.80128189e+01]
 [4.59307616e+01 1.35709068e+01]
 [7.17959108e+01 8.20650372e+00]
 [1.20021780e+01 2.85234868e+01]
 [1.73569585e+01 2.49687603e+01]
 [3.78502416e+01 1.60726680e+01]
 [1.75765142e+01 2.48974433e+01]
 [5.05545917e+01 1.23752764e+01]
 [5.95591615e+01 1.03491685e+01]
 [1.10000209e+02 4.57624349e+00]
 [4.41245212e+00 3.63902429e+01]
 [1.67967519e+01 2.57503515e+01]
 [7.86565327e-01 4.39303257e+01]
 [4.96184567e+01 1.25986746e+01]
 [1.03195670e+01 2.99823586e+01]
 [6.64385635e+01 8.97930768e+00]
 [7.29623743e-01 4.42532405e+01]
 [3.35794842e+01 1.74243076e+01]
 [1.10035094e+01 2.93805889e+01]
 [1.23798741e+01 2.83096226e+01]
 [2.36406919e+01 2.16419783e+01]
 [3.87396642e+01 1.57577917e+01]
 [2.85423109e+01 1.94743674e+01]
 [3.18774144e+01 1.80672489e+01]
 [8.65662889e-01 4.37312761e+01]
 [5.04201551e+01 1.23990304e+01]
 [8.53951810e+00 3.15774850e+01]
 [1.29177161e+01 2.80091433e+01]
 [5.73674690e+01 1.08558426e+01]
 [7.85323312e+01 7.03341907e+00]
 [2.20350384e+01 2.23538332e+01]
 [5.80295900e+00 3.47532290e+01]
 [2.45672615e+00 3.99368767e+01]
 [3.59816042e+00 3.75204688e+01]
 [8.88028105e+01 5.90203996e+00]
 [8.40954240e+01 6.37361844e+00]
 [2.11710122e+01 2.28190069e+01]
 [2.03314252e+01 2.34300687e+01]
 [6.23071079e+01 9.76393072e+00]
 [1.48118139e+01 2.65876675e+01]
 [8.68429884e+01 6.09675217e+00]
 [6.60396634e+01 9.15993674e+00]
 [4.61601217e+00 3.61693848e+01]
 [9.43829189e+01 5.76163039e+00]
 [3.87949701e+01 1.56574437e+01]
 [3.15863635e+01 1.81562494e+01]
 [2.54144238e+01 2.07885732e+01]
 [5.97743625e+01 1.03483279e+01]
 [1.02280631e+01 3.03502031e+01]
 [2.58344789e+01 2.06611932e+01]
 [8.31568290e+01 6.60178741e+00]
 [1.15579610e+00 4.27848225e+01]
 [2.69961982e+01 2.00183289e+01]
 [4.27741202e+01 1.45002951e+01]
 [4.33638989e+01 1.42789846e+01]
 [7.98595131e+01 6.99502082e+00]
 [1.19757728e+02 4.18074398e+00]
 [3.23172489e+01 1.78898533e+01]
 [7.60212193e+00 3.24849096e+01]
 [9.50751283e+01 5.69856638e+00]
 [1.29756883e+02 4.17909693e+00]
 [9.70835791e+01 5.21106013e+00]
 [4.66408768e+01 1.34687367e+01]
 [4.22030379e+00 3.65405737e+01]
 [6.55544857e+01 9.21637577e+00]
 [1.38078499e+01 2.71847482e+01]
 [8.05255745e+01 6.82315279e+00]
 [5.23057582e+01 1.19855529e+01]
 [2.72508210e+01 1.99701228e+01]
 [1.92434678e+00 4.15563066e+01]
 [6.20203927e+01 9.91034343e+00]
 [6.28389962e+01 9.65901702e+00]
 [5.91460039e+01 1.04297747e+01]
 [3.57106532e+01 1.66795575e+01]
 [1.95825162e+01 2.36354005e+01]
 [2.28049948e+01 2.19338404e+01]
 [1.91069446e-01 4.76603713e+01]
 [4.98283473e+01 1.25514495e+01]
 [5.58465978e+01 1.11378644e+01]
 [1.36227971e+01 2.73365222e+01]
 [4.62168926e+01 1.35376090e+01]
 [3.50188145e+01 1.70984414e+01]
 [4.05238271e+01 1.53831321e+01]
 [1.91895759e-01 4.69528338e+01]
 [2.72284827e+00 3.90351495e+01]
 [1.14613125e+02 4.39043823e+00]
 [5.31967407e+01 1.19629982e+01]]
