[[1.35842833e+02 4.00758551e+00]
 [5.31382142e-06 4.99864711e+01]
 [3.05396628e+01 1.85642664e+01]
 [1.23910813e+02 4.09818023e+00]
 [1.03440074e+00 4.31596240e+01]
 [1.15832216e+02 4.30540411e+00]
 [2.26600506e+00 3.99860831e+01]
 [4.53794581e+01 1.37933748e+01]
 [3.54742300e+01 1.67772171e+01]
 [4.39406232e+00 3.62813022e+01]
 [3.63517052e+01 1.64935812e+01]
 [1.80094848e+01 2.45016497e+01]
 [7.63960799e+01 7.34344015e+00]
 [9.29479729e+01 5.50973434e+00]
 [4.10403405e+01 1.49641385e+01]
 [8.79824378e+01 6.30533099e+00]
 [9.74605347e+01 5.17212686e+00]
 [1.82656157e-01 4.72263208e+01]
 [7.21133239e+00 3.34174373e+01]
 [2.27641513e+01 2.20111053e+01]
 [5.65117883e+01 1.13716554e+01]
 [1.28886516e+02 4.03384110e+00]
 [2.85112661e+01 1.94270761e+01]
 [1.10386322e+01 2.96039351e+01]
 [9.52024832e+00 3.06625835e+01]
 [5.93162056e+00 3.48263149e+01]
 [5.87707163e+01 1.04854137e+01]
 [1.11659010e+02 4.46182235e+00]
 [4.12182933e+01 1.49072823e+01]
 [1.04940582e+02 4.72158917e+00]
 [7.75213859e-01 4.43340403e+01]
 [8.25266433e+01 6.59052316e+00]
 [8.96312380e+01 5.80593647e+00]
 [4.02663323e-01 4.65855632e+01]
 [1.45504661e+01 2.66679602e+01]
 [8.10493284e+00 3.19166098e+01]
 [1.32112149e+02 4.01070187e+00]
 [6.64278167e+01 9.02570918e+00]
 [2.01416618e+01 2.33061859e+01]
 [3.62578851e+00 3.80655390e+01]
 [6.47058418e+01 9.37555596e+00]
 [7.28942530e+01 7.85361337e+00]
 [6.22731851e+01 9.76862578e+00]
 [5.08581756e+01 1.24108407e+01]
 [2.45588544e+01 2.11030166e+01]
 [2.73825434e+01 2.02915156e+01]
 [1.62533305e+01 2.55686896e+01]
 [6.06707299e+01 1.00998720e+01]
 [2.14915826e+01 2.29913677e+01]
 [4.82358214e+01 1.32099736e+01]]
