[[2.08511002 2.16097348]
 [0.93130106 1.03668218]
 [1.98383737 1.6164502 ]
 [2.09597257 2.0556585 ]
 [0.70193469 0.59430447]
 [1.63322451 1.58117431]
 [3.45448459 2.99196855]
 [0.09940067 0.07863296]
 [2.76410989 2.52609268]
 [2.92879636 2.90878724]
 [0.29958845 0.36403037]
 [0.22275939 0.32248239]
 [1.1992388  1.48130914]
 [2.62335155 2.77442391]
 [3.08389179 2.84704896]
 [0.88098128 0.99619072]
 [3.39534418 2.75580533]
 [0.99284944 1.28010303]
 [2.63857323 2.40648325]
 [0.80485718 1.40064007]
 [2.07924359 1.8500552 ]
 [3.91374707 2.97141535]
 [1.10716367 0.80121606]
 [0.09166321 0.20017499]
 [0.72779116 0.47319021]
 [0.73396187 0.79289245]
 [2.58633799 2.74921756]
 [0.43741105 0.68192921]
 [2.85357926 2.99026028]
 [2.46035901 2.19027363]
 [1.69354013 1.57168841]
 [2.42214223 2.57795342]
 [1.37059888 1.68158997]
 [1.07056068 0.59684377]
 [0.13313942 0.33276111]
 [0.79916825 0.60780638]
 [2.63951989 2.22023263]
 [3.58464501 2.96197852]
 [2.00932962 2.09192406]
 [0.60383592 0.66085196]
 [0.69177345 0.87043339]
 [1.72849411 2.02491481]
 [1.10741028 1.40173747]
 [1.57382844 1.88056681]
 [2.86636136 2.82828773]
 [2.45772575 2.57010749]
 [2.09289013 2.0503947 ]
 [1.47644397 1.63236415]
 [2.43960746 2.56606924]
 [2.92674229 2.69461514]
 [2.57087522 2.62599818]
 [0.91976721 1.38851736]
 [0.80755385 1.02732192]
 [2.14018735 1.79780927]
 [2.8968027  2.77411254]
 [1.14602514 1.30165013]
 [1.91233729 1.40936712]
 [3.154796   2.94277103]
 [2.51754755 2.8977992 ]
 [2.49966186 2.33129469]
 [1.90540746 1.97803481]
 [0.354592   0.45781196]
 [0.08287941 0.34138907]
 [1.60513157 1.67373598]
 [0.19864353 0.21100032]
 [2.69824555 2.6857811 ]
 [2.23317523 2.63110317]
 [1.26790875 0.82142911]
 [1.64180695 1.64269281]
 [1.93002006 1.71462628]
 [4.37062968 2.85340686]
 [0.19929963 0.40437935]
 [0.967082   1.0069914 ]
 [2.16177797 2.5431014 ]
 [1.24145364 0.88523573]
 [1.13500583 1.78794716]
 [3.01091827 2.89070126]
 [1.72839607 1.78687529]
 [2.24368629 2.1129402 ]
 [0.88339447 1.17329737]
 [1.17538818 1.38480624]
 [1.00363744 1.58863983]
 [0.98916392 1.28799217]
 [0.61386065 0.56270968]
 [2.35248838 2.48140801]
 [2.29978366 2.29161815]
 [0.63356692 0.73279999]
 [2.73227295 2.44932719]
 [3.02153422 2.87640755]
 [1.96942004 2.06686514]
 [1.95305249 2.08881025]
 [3.06556168 2.8072088 ]
 [2.98444262 2.93877052]
 [2.2050331  2.21883589]
 [1.38600052 1.6044967 ]
 [2.74526722 2.40298367]
 [0.35271022 0.22039996]
 [3.02606448 2.97121859]
 [0.4449911  0.55471677]
 [0.18931294 0.17275052]
 [2.58099231 2.58967945]
 [1.39164065 1.91992371]
 [2.32566972 2.42024043]
 [1.28330495 1.17429109]
 [0.28987907 0.41644955]
 [0.72892716 0.73464192]
 [2.78634115 2.72132717]
 [2.60156818 2.48540444]
 [2.52889693 2.47457569]
 [2.03144214 2.23124759]
 [1.55506534 1.64546727]
 [2.39868784 2.84003004]
 [1.64573001 1.58400419]
 [1.15731468 1.28046405]
 [0.45204858 0.38692795]
 [0.52631263 0.51818239]
 [3.02711004 2.92871479]
 [3.09559817 2.95633474]
 [2.66824538 2.21816336]
 [2.75997514 2.89174767]
 [1.98231345 1.8840697 ]
 [0.34892989 0.12563271]
 [0.99099615 0.66178225]
 [2.68001287 2.70234934]
 [1.17760978 0.88780516]
 [2.82866073 2.7264241 ]
 [1.86249383 1.8571189 ]
 [2.33775027 2.00082763]
 [2.06835082 2.05292887]
 [2.12862206 1.80602352]
 [2.12701733 2.4321637 ]
 [1.09576903 1.28640208]
 [3.09696083 2.94209711]
 [1.02461073 0.78426214]
 [2.85504381 2.8921084 ]
 [0.87666296 1.02344047]
 [1.48064962 1.59876768]
 [0.3354473  0.59594479]
 [1.36200425 1.79636675]
 [3.70982118 2.94864236]
 [2.08050386 1.5947504 ]
 [0.36257764 0.51810326]
 [2.47747491 2.47337883]
 [1.69770434 2.11349159]
 [3.00291088 2.87537463]
 [2.11996364 1.82377737]
 [1.05250549 0.76019081]
 [2.05205676 1.86270028]
 [2.96333036 2.62192767]
 [1.89530294 1.56738543]
 [2.21131785 2.21883589]
 [1.67834618 1.75052936]
 [4.02203875 2.97786561]
 [2.46216427 2.45491591]
 [1.49709439 1.51944032]
 [1.95050613 1.91222436]
 [2.06948999 2.04725818]
 [3.06507679 2.92196902]
 [1.52128437 1.51739633]
 [1.27348185 1.13693127]
 [1.47509295 1.16700434]
 [2.7978178  2.56777168]
 [1.23389153 1.5262688 ]
 [4.34001084 2.99936972]
 [2.97105787 2.83310172]
 [0.16105783 0.02913545]
 [3.01377021 2.95123745]
 [2.17652979 2.52492806]
 [2.21108553 2.23691158]
 [1.69770434 1.86072729]
 [1.29895847 1.49061858]
 [2.11603384 1.67780426]
 [0.33167417 0.45504857]
 [1.11672265 1.25472827]
 [1.68362292 1.70141899]
 [2.79084762 2.75542931]
 [2.9799368  2.92321041]
 [0.59751606 0.82123538]
 [2.21059935 2.18234772]
 [2.99990888 2.98183827]
 [2.30760627 2.48159378]
 [0.38743201 0.48194125]
 [1.97441551 2.30324197]
 [4.74580844 2.97121859]
 [4.63680808 2.98081397]
 [1.10681097 1.25272223]
 [4.75596893 2.9978766 ]
 [3.43250464 2.77488216]
 [3.52228053 2.98996456]
 [0.95272895 0.617656  ]
 [1.61109955 2.04716253]
 [0.70329183 1.03771284]
 [2.07210622 1.89909657]
 [2.92500926 2.84296663]
 [2.2642675  1.91061516]
 [1.40787917 1.25679151]
 [0.60467624 0.69017093]
 [2.3529394  2.28436795]
 [0.61241381 0.82651766]
 [2.53085604 2.41188267]
 [2.30665567 2.42174143]
 [1.99844124 2.19546892]
 [3.43275861 2.79102047]
 [4.45467436 2.99561605]
 [2.4996301  2.78274283]
 [2.99013274 2.92743278]
 [3.00716705 2.90212565]
 [0.28826206 0.40363926]
 [0.9627801  1.06355238]
 [0.85276678 1.00497779]
 [3.99343431 2.98568751]
 [2.56270055 2.34313747]
 [3.75883754 2.98623841]
 [1.29849197 0.86877596]
 [0.63512142 0.60054635]
 [2.76425314 2.56572384]
 [3.04600004 2.84953917]
 [1.77910211 1.51333499]
 [2.82866073 2.7677853 ]
 [3.83596739 2.99205281]
 [0.80801994 0.59430447]
 [2.59909028 2.79542157]
 [1.38767702 1.33011962]
 [2.16177797 2.05096771]
 [1.71465726 2.0505503 ]
 [3.36464884 2.90861404]
 [2.96381068 2.98945574]
 [2.88289728 2.81599067]
 [0.56621668 0.32248239]
 [2.40178933 2.59581527]
 [1.78410916 1.65830279]
 [2.20781198 2.59405843]
 [1.31424029 0.96690157]
 [2.0633619  2.23124759]
 [0.18126367 0.17275052]
 [0.82771477 0.68943564]
 [2.71044459 2.73146806]
 [0.64876295 0.46024388]
 [2.50103919 2.77834284]
 [2.04635245 2.18361387]
 [1.62178026 1.99653419]
 [0.008853   0.09113864]
 [1.35978056 1.34321902]
 [2.14935299 2.33709081]
 [1.17949244 1.39219996]
 [2.35248838 2.26647695]
 [1.27646335 1.07472298]
 [2.46035901 2.47094062]
 [2.85504381 2.70572878]
 [2.51942021 2.90308574]
 [1.30000599 1.24465758]
 [2.30235311 2.19027363]]
