[[2.08511002 2.16097348]
 [0.93130106 1.03668218]
 [1.98383737 1.6164502 ]
 [2.09597257 2.0556585 ]
 [2.08652401 1.67606949]
 [0.70193469 0.59430447]
 [1.05814058 0.79663998]
 [1.63322451 1.58117431]
 [3.45448459 2.99196855]
 [0.09940067 0.07863296]
 [2.76410989 2.52609268]
 [2.92879636 2.90878724]
 [0.29958845 0.36403037]
 [0.22275939 0.32248239]
 [1.1992388  1.48130914]
 [2.62335155 2.77442391]
 [3.08389179 2.84704896]
 [0.88098128 0.99619072]
 [2.9100709  2.63649595]
 [3.39534418 2.75580533]
 [0.99284944 1.28010303]
 [2.63857323 2.40648325]
 [2.59505814 2.31265173]
 [2.07924359 1.8500552 ]
 [3.91374707 2.97141535]
 [1.10716367 0.80121606]
 [0.09166321 0.20017499]
 [1.9742524  2.24081549]
 [4.52904748 2.96986554]
 [0.73396187 0.79289245]
 [2.58633799 2.74921756]
 [0.43741105 0.68192921]
 [2.85357926 2.99026028]
 [1.69354013 1.57168841]
 [2.42214223 2.57795342]
 [1.37059888 1.68158997]
 [0.13313942 0.33276111]
 [0.79916825 0.60780638]
 [2.63951989 2.22023263]
 [2.01610236 2.27624079]
 [3.58464501 2.96197852]
 [2.00932962 2.09192406]
 [0.60383592 0.66085196]
 [0.69177345 0.87043339]
 [1.72849411 2.02491481]
 [1.10741028 1.40173747]
 [2.86636136 2.82828773]
 [2.45772575 2.57010749]
 [2.09289013 2.0503947 ]
 [1.47644397 1.63236415]
 [2.43960746 2.56606924]
 [2.92674229 2.69461514]
 [2.57087522 2.62599818]
 [0.80755385 1.02732192]
 [2.8968027  2.77411254]
 [1.14602514 1.30165013]
 [1.91233729 1.40936712]
 [3.154796   2.94277103]
 [2.49966186 2.33129469]
 [1.90540746 1.97803481]
 [0.354592   0.45781196]
 [1.60513157 1.67373598]
 [0.19864353 0.21100032]
 [2.69824555 2.6857811 ]
 [1.64180695 1.64269281]
 [0.967082   1.0069914 ]
 [2.16177797 2.5431014 ]
 [3.01091827 2.89070126]
 [1.72839607 1.78687529]
 [2.24368629 2.1129402 ]
 [1.17538818 1.38480624]
 [0.61386065 0.56270968]
 [2.35248838 2.48140801]
 [2.29978366 2.29161815]
 [0.63356692 0.73279999]
 [2.73227295 2.44932719]
 [3.02153422 2.87640755]
 [1.96942004 2.06686514]
 [1.95305249 2.08881025]
 [3.06556168 2.8072088 ]
 [2.98444262 2.93877052]
 [2.2050331  2.21883589]
 [1.38600052 1.6044967 ]
 [2.74526722 2.40298367]
 [4.48021746 2.91816106]
 [3.02606448 2.97121859]
 [0.4449911  0.55471677]
 [0.18931294 0.17275052]
 [0.82659245 0.59158904]
 [2.58099231 2.58967945]
 [2.32566972 2.42024043]
 [1.28330495 1.17429109]
 [0.28987907 0.41644955]
 [0.72892716 0.73464192]
 [2.78634115 2.72132717]
 [2.60156818 2.48540444]
 [2.52889693 2.47457569]
 [2.03144214 2.23124759]
 [1.55506534 1.64546727]
 [1.64573001 1.58400419]
 [1.15731468 1.28046405]
 [0.45204858 0.38692795]
 [0.52631263 0.51818239]
 [4.39533201 2.92055658]
 [3.02711004 2.92871479]
 [3.09559817 2.95633474]
 [2.75997514 2.89174767]
 [1.98231345 1.8840697 ]
 [2.68001287 2.70234934]
 [1.17760978 0.88780516]
 [2.82866073 2.7264241 ]
 [1.86249383 1.8571189 ]
 [2.06835082 2.05292887]
 [1.09576903 1.28640208]
 [3.09696083 2.94209711]
 [1.02461073 0.78426214]
 [2.85504381 2.8921084 ]
 [0.87666296 1.02344047]
 [1.48064962 1.59876768]
 [1.36200425 1.79636675]
 [3.70982118 2.94864236]
 [0.36257764 0.51810326]
 [2.47747491 2.47337883]
 [1.69770434 2.11349159]
 [0.66453119 0.8503873 ]
 [2.09974127 1.80836029]
 [2.40722949 2.41078388]
 [1.40096318 1.35408558]
 [1.3981059  1.27053016]
 [2.21751921 2.09352497]
 [0.51409184 0.5875027 ]
 [0.94569187 1.18075024]
 [1.37237056 1.58014758]
 [2.48782192 2.46353089]
 [2.2022028  2.26252508]
 [0.7337369  0.85194968]
 [1.00798317 0.98257217]
 [2.28852644 2.26386668]
 [1.37731013 1.52822574]
 [1.77451255 1.9605931 ]
 [2.71308206 2.65216864]
 [0.95636026 1.1611387 ]
 [3.48439163 2.71742525]
 [0.99116145 0.85714949]
 [1.39179665 1.4624139 ]
 [1.25480769 1.27947884]
 [0.57913373 0.81165598]
 [2.52881674 2.35950229]
 [1.68360545 1.75928826]
 [0.811225   0.58378121]
 [0.07544654 0.09658321]
 [0.57646713 0.62429223]
 [0.21314841 0.29832077]
 [1.1745111  1.12214015]
 [2.06139464 1.8346323 ]
 [2.43212287 2.0974397 ]
 [1.82085149 1.69993667]
 [1.0081588  1.24938767]
 [0.72586646 1.0040416 ]
 [1.1339466  1.22454421]
 [0.7536983  0.73129193]
 [2.71270117 2.64745852]
 [2.10745505 1.66531329]
 [2.31042096 2.26770329]
 [2.39569639 2.44222126]
 [2.60890605 2.3654374 ]
 [0.89675008 1.24068114]
 [1.54018494 1.76088662]
 [1.97731858 1.99183824]
 [4.70424605 2.93879361]
 [1.25995231 1.01846218]
 [1.75130253 2.25218488]
 [0.43339383 0.57900011]
 [0.99822785 1.24526966]
 [0.35055587 0.56402333]
 [0.3435733  0.47139524]
 [2.08590861 1.67606949]
 [2.07911493 2.25933383]
 [1.86790212 1.59209232]
 [1.95092    2.01732814]
 [0.65795765 0.70120308]
 [2.30042739 2.29161815]
 [2.37692302 2.42761475]
 [0.72956207 0.58776693]
 [0.7113219  0.94141506]
 [0.35011072 0.25599149]
 [0.45621771 0.7667133 ]
 [1.7557826  1.96860464]
 [2.74023342 2.52494275]
 [2.14443937 2.05292887]
 [1.82085149 1.74852171]
 [2.1978043  1.98268215]
 [1.92558661 1.94265896]
 [2.26641543 2.23775699]
 [2.00724965 2.12406883]
 [0.75987366 0.79573723]
 [2.07155257 2.26340789]
 [3.05077727 2.97121859]
 [2.79651551 2.84129648]
 [4.03682632 2.9982158 ]
 [2.82257075 2.8463579 ]
 [1.87218678 1.78662099]
 [2.97912952 2.94277103]
 [2.88662538 2.81551808]
 [2.07559564 2.03019433]
 [3.45448459 2.99892704]
 [1.07624904 1.14674074]
 [1.17330636 1.03698523]
 [1.70909491 2.118778  ]
 [1.83495333 1.74385539]
 [0.90743699 1.15095761]
 [1.67689569 1.77344657]
 [2.23059845 2.42024043]
 [3.12899201 2.95633474]
 [0.08750583 0.02114017]
 [3.09053501 2.94209711]
 [1.99213083 2.24081549]
 [2.77781603 2.90878724]
 [2.99870172 2.79927422]
 [2.45883499 2.61777636]
 [2.51551486 2.40298367]
 [2.52354134 2.54961564]
 [2.22541545 2.08851311]
 [1.98052132 1.71245768]
 [2.62299338 2.63110317]
 [3.00724966 2.95119828]
 [2.69824555 2.89161275]
 [0.52631263 0.41266267]
 [0.88345218 0.8710045 ]
 [2.57265306 2.67345453]
 [1.08692779 1.40173747]
 [1.3025977  1.62603361]
 [1.31665009 1.45263249]
 [1.78081942 1.8618552 ]
 [1.24145364 0.90782906]
 [1.40015035 1.21073127]
 [0.28957033 0.29274785]
 [0.35731876 0.15823141]
 [0.54509382 0.52010787]
 [2.80650632 2.98577699]
 [1.40441563 1.35408558]
 [2.33775027 2.26334754]
 [4.012797   2.9727469 ]
 [2.86636136 2.7666757 ]
 [4.51467951 2.94226182]
 [2.06002053 1.99822495]
 [1.9742524  1.89010146]
 [1.89298644 1.64685487]
 [3.02711004 2.98478565]
 [2.46021494 2.58967945]
 [1.03812831 0.90490782]
 [2.05444449 2.0492231 ]
 [4.17790682 2.96114316]
 [2.82953678 2.45216082]
 [1.61444196 1.40936712]
 [0.54760029 0.37898856]
 [1.53216976 1.84309701]
 [1.29102794 0.97043759]
 [4.85527296 2.99278989]
 [1.16563127 1.47172056]
 [1.66312451 1.75768823]
 [3.44076788 2.96986554]
 [0.94838128 0.73464192]
 [2.43543363 2.36564257]
 [2.6828741  2.77143633]
 [3.01017148 2.89614333]
 [1.07339746 0.95334572]
 [0.67929672 0.47164033]
 [0.69859424 0.40874266]
 [2.39613008 2.56044121]
 [3.6289676  2.95817689]
 [1.02606882 0.9492966 ]
 [1.7507496  1.67270483]
 [2.60486574 2.39214814]
 [3.79474181 2.97135989]
 [0.74113379 0.96246699]
 [0.01461794 0.04687634]
 [2.6042417  2.26415184]
 [2.62289398 2.68223849]
 [3.28193616 2.98177456]
 [3.93731198 2.91553427]
 [2.86043724 2.91716611]
 [1.2161361  1.19891464]
 [2.81681203 2.60096499]
 [0.77749817 0.83803182]
 [2.23523529 2.14848967]
 [2.43212287 2.24132806]
 [1.39514312 1.33018895]
 [1.00727051 1.24526966]
 [0.60621872 0.40856201]
 [0.7536983  0.62094962]
 [4.52904748 2.97020785]
 [0.07544654 0.05684847]
 [2.77999434 2.6857811 ]
 [1.98383737 1.99262062]
 [0.22822937 0.19829763]
 [2.40452597 2.72683502]
 [1.66378379 1.88056681]
 [0.82873595 0.6135628 ]
 [0.70832019 0.50079046]
 [2.85504381 2.97948287]
 [1.92176726 2.240358  ]
 [3.74555438 2.93696718]
 [1.25054913 1.30165013]
 [1.96479951 1.97213617]
 [3.38553375 2.96120117]]
