[[1.35903245e+02 4.00069302e+00]
 [2.50014535e-03 4.97180577e+01]
 [4.06794456e+01 1.50702982e+01]
 [3.33194436e+01 1.75699212e+01]
 [4.39214386e+01 1.42627523e+01]
 [1.04547679e+02 4.87244782e+00]
 [2.25497365e+01 2.20879067e+01]
 [3.94651666e+00 3.69576352e+01]
 [1.54243545e+01 2.61457048e+01]
 [5.97491817e+01 1.02965646e+01]
 [1.08555320e+02 4.66748530e+00]
 [3.47618905e+00 3.78588688e+01]
 [5.52759207e+01 1.12481572e+01]
 [8.87752929e+01 5.89051065e+00]
 [8.51317602e+01 6.25380060e+00]
 [4.70741217e+01 1.32682326e+01]
 [5.31426817e+01 1.17784700e+01]
 [5.70855400e+01 1.08876420e+01]
 [6.88389457e+01 8.54492668e+00]
 [1.30764581e+02 4.01831546e+00]
 [1.33493788e+02 4.00501061e+00]
 [9.19397948e+01 5.65983155e+00]
 [7.51911715e+00 3.26573507e+01]
 [7.36401634e+01 7.75487010e+00]
 [3.15442310e+01 1.81834011e+01]
 [2.42018489e+01 2.12736600e+01]
 [1.28364333e+02 4.03854688e+00]
 [4.55246484e+00 3.60510282e+01]
 [6.88321020e+00 3.33324678e+01]
 [1.44087321e+01 2.67644841e+01]
 [1.24025226e+02 4.10908150e+00]
 [8.32525900e+01 6.44404840e+00]
 [8.76160470e+01 6.07624863e+00]
 [1.30713070e+01 2.77233258e+01]
 [9.75345375e+00 3.05133384e+01]
 [3.51621685e+01 1.68844155e+01]
 [1.18076442e+02 4.22994882e+00]
 [1.25906815e+02 4.06726997e+00]
 [8.04692333e+00 3.19941766e+01]
 [4.59077397e+01 1.37050968e+01]
 [7.21781921e+01 7.97323939e+00]
 [4.87527720e+01 1.28266010e+01]
 [5.21365637e-01 4.52823564e+01]
 [1.24073611e+01 2.83491829e+01]
 [1.00961011e+00 4.31474572e+01]
 [2.79651569e+01 1.96080871e+01]
 [2.27505599e+00 3.99294976e+01]
 [1.89378897e+01 2.40361346e+01]
 [9.65209004e+01 5.23908998e+00]
 [1.38762639e+01 2.72544501e+01]
 [2.02836822e+01 2.32262777e+01]
 [7.57306738e+01 7.43858456e+00]
 [2.46075800e+01 2.10788460e+01]
 [8.85990252e+00 3.14853874e+01]
 [1.06517529e+01 2.98722314e+01]
 [2.62974699e+01 2.03548572e+01]
 [5.20998621e+01 1.19871717e+01]
 [9.47202625e+01 5.36926636e+00]
 [7.95316723e+01 7.10698832e+00]
 [1.21349001e+02 4.14996526e+00]
 [6.09441100e+00 3.47693935e+01]
 [2.60126866e+01 2.05103622e+01]
 [5.39249419e+00 3.51234198e+01]
 [2.99144246e+00 3.86583198e+01]
 [2.13748673e+01 2.27340016e+01]
 [2.70772540e+00 3.91600808e+01]
 [6.42628301e+01 9.44006520e+00]
 [1.65527407e+01 2.53963717e+01]
 [4.45941457e+01 1.39545080e+01]
 [4.87709464e+00 3.56104052e+01]
 [6.70537051e+01 8.93012637e+00]
 [1.30608155e+00 4.23000031e+01]
 [7.76390975e-01 4.40358161e+01]
 [1.66818020e-01 4.74423525e+01]
 [3.32112540e-01 4.69646789e+01]
 [1.17229442e+01 2.87267320e+01]
 [1.14962282e+02 4.31396999e+00]
 [3.93930048e+01 1.54717670e+01]
 [4.28696497e-01 4.63185033e+01]
 [6.20709589e+01 9.81669147e+00]
 [2.95150838e+01 1.90670803e+01]
 [2.82706570e+01 1.95839106e+01]
 [1.41656206e-01 4.80732182e+01]
 [6.47959006e+00 3.39657551e+01]
 [8.17603842e+01 6.71238730e+00]
 [1.01892915e+02 4.95091921e+00]
 [5.07763171e+01 1.23120735e+01]
 [3.92550004e+01 1.57213802e+01]
 [1.02148684e+02 4.93651239e+00]
 [6.59160233e+01 9.08906543e+00]
 [4.95524311e+01 1.26205412e+01]
 [1.11184914e+01 2.93110141e+01]
 [5.65660372e+01 1.10241243e+01]
 [1.09577085e+02 4.53529810e+00]
 [9.94459082e+01 5.03806957e+00]
 [3.79695614e+01 1.59835429e+01]
 [1.13378431e+02 4.36612350e+00]
 [3.68268820e+01 1.63456764e+01]
 [2.06247269e+00 4.03694896e+01]
 [1.00283548e+01 3.03085046e+01]
 [5.97761851e-01 4.47928199e+01]
 [6.24391956e+00 3.41371841e+01]
 [3.03941946e+01 1.86196296e+01]
 [1.74854139e+00 4.11220955e+01]
 [8.06468585e+01 6.76165126e+00]
 [7.04665660e+01 8.28759376e+00]
 [7.06593914e+01 8.25709535e+00]
 [2.17523169e-02 4.90277638e+01]
 [1.83877331e+01 2.45224070e+01]
 [7.78308785e+01 7.12083198e+00]]
