[[1.86260211e-03 3.45560727e-03 1.79353495e+00]
 [4.30247271e-03 9.73802078e-03 2.35560178e+00]
 [3.81016124e-03 7.49858311e-03 2.02228296e+00]
 [4.28768775e-03 8.24009870e-03 2.25299232e+00]
 [4.44117107e-03 8.28135361e-03 1.85269631e+00]
 [4.32981507e-03 9.09311989e-03 2.21095800e+00]
 [1.15103041e-03 2.27001165e-03 2.19196477e+00]
 [7.00260981e-04 1.70232013e-03 2.68808344e+00]
 [3.13504171e-03 4.94922157e-03 1.40729536e+00]
 [6.57785910e-04 1.24470594e-03 1.31169927e+00]
 [7.02384053e-04 1.03459556e-03 1.28863080e+00]
 [3.69168615e-03 7.54749964e-03 2.16233662e+00]
 [4.30247271e-03 9.24216081e-03 2.35560178e+00]
 [4.52247692e-03 8.46406480e-03 1.93185262e+00]
 [2.96012214e-03 5.91387182e-03 1.95630155e+00]
 [3.85749094e-03 6.93495218e-03 1.69634589e+00]
 [8.21851430e-04 2.02565743e-03 2.85113359e+00]
 [4.46146232e-03 7.82749415e-03 1.54345607e+00]
 [1.23935613e-03 2.84667091e-03 2.61028035e+00]
 [2.44555739e-03 4.29992500e-03 1.66316543e+00]
 [3.67501777e-03 8.73362912e-03 2.58730573e+00]
 [1.15103041e-03 2.27001165e-03 2.21795358e+00]
 [7.41876111e-04 1.03459556e-03 1.32894078e+00]
 [1.15103041e-03 1.82884684e-03 1.83776985e+00]
 [3.89928116e-03 7.54749964e-03 2.16418501e+00]
 [8.82458519e-04 2.28247719e-03 2.64257508e+00]
 [3.85201787e-03 6.88955048e-03 1.80800322e+00]
 [1.13544022e-03 2.27774705e-03 2.27604629e+00]
 [4.80444535e-03 9.86553975e-03 2.24087270e+00]
 [1.72943874e-03 4.20193680e-03 2.35813767e+00]
 [3.82155743e-03 7.74402007e-03 1.83243600e+00]
 [3.13122646e-03 5.37007117e-03 1.73196669e+00]
 [1.91022788e-03 4.07680072e-03 1.85211821e+00]
 [3.19657559e-03 6.54799117e-03 2.05160394e+00]
 [4.01375406e-03 6.93495218e-03 1.70227902e+00]
 [2.72876716e-03 5.78055953e-03 2.33280772e+00]
 [1.15103041e-03 1.82884684e-03 1.82765530e+00]
 [5.86387283e-03 9.99611036e-03 2.58812811e+00]
 [4.03060289e-03 6.69305579e-03 1.44640805e+00]
 [1.83746822e-03 3.42487125e-03 1.60645267e+00]
 [1.13544022e-03 2.59443084e-03 2.27604629e+00]
 [4.05657635e-03 7.74402007e-03 1.83243600e+00]
 [9.14711382e-04 1.66438466e-03 1.35929349e+00]
 [1.61313335e-03 3.43071534e-03 2.40700439e+00]
 [8.05721386e-03 9.97437651e-03 2.78115579e+00]
 [4.47153849e-03 9.10440531e-03 2.21095800e+00]
 [4.80444535e-03 9.93532101e-03 2.24087270e+00]
 [1.42264118e-03 2.84444890e-03 1.98079983e+00]
 [2.51623325e-03 4.45356579e-03 2.10495663e+00]
 [1.88234476e-03 4.37190748e-03 2.91472132e+00]
 [4.23273057e-03 9.43165473e-03 2.31590114e+00]
 [7.65515578e-03 9.99617208e-03 2.99458099e+00]
 [1.73616967e-03 4.25566969e-03 2.18042482e+00]
 [5.26209507e-03 9.33934984e-03 1.57418363e+00]
 [4.78841111e-03 9.73783538e-03 2.79017054e+00]
 [5.52902714e-03 9.37292684e-03 1.61432233e+00]
 [6.73471075e-04 1.35625675e-03 1.65042382e+00]
 [3.67547738e-03 8.02844299e-03 2.26412013e+00]
 [1.72943874e-03 4.20193680e-03 2.78352559e+00]
 [8.35004348e-04 2.02565743e-03 2.71699138e+00]
 [2.35237406e-03 4.85808465e-03 2.42430424e+00]
 [3.56030001e-03 7.91172440e-03 2.29015680e+00]
 [1.49474534e-03 3.02858305e-03 2.45551196e+00]
 [9.27725177e-04 1.54522034e-03 1.72195732e+00]
 [1.90802911e-03 4.62815122e-03 2.85663421e+00]
 [8.01058420e-04 1.84947438e-03 2.61581324e+00]
 [2.51159704e-03 5.86251775e-03 2.19797058e+00]
 [2.02724269e-03 4.32687850e-03 1.75263172e+00]
 [3.90547832e-04 1.27468571e-03 2.66712824e+00]
 [7.00260981e-04 1.48279957e-03 2.68808344e+00]
 [2.03293235e-03 4.20651218e-03 2.17999461e+00]
 [1.15103041e-03 2.37592486e-03 2.21795358e+00]
 [2.34553927e-03 4.60600495e-03 1.51761732e+00]]
