[[4.57659262e-03 9.98113988e-03 2.83402883e+00]
 [4.44261966e-04 9.29414421e-04 2.32090761e+00]
 [5.84526519e-04 1.07249033e-03 1.70681881e+00]
 [5.59654022e-04 1.25936952e-03 2.12210619e+00]
 [7.07992217e-04 1.16697677e-03 1.66372075e+00]
 [5.59654022e-04 1.25936952e-03 1.86477600e+00]
 [2.82367316e-03 5.63552250e-03 1.98173754e+00]
 [1.01333278e-03 1.90613882e-03 1.80554194e+00]
 [1.13333849e-03 2.12273781e-03 1.67247918e+00]
 [6.53045084e-04 1.25936952e-03 1.95949334e+00]
 [6.53045084e-04 1.26385532e-03 2.06501414e+00]
 [3.56990593e-03 7.72385889e-03 1.91654118e+00]
 [8.05696025e-04 1.40780430e-03 1.68873045e+00]
 [6.97994457e-04 1.56229284e-03 2.61775630e+00]
 [4.14962342e-03 7.73239624e-03 1.81751478e+00]
 [1.01181964e-03 1.79314542e-03 1.80554903e+00]
 [4.46879869e-03 9.94961276e-03 2.40594306e+00]
 [4.67884103e-03 8.93839988e-03 1.89814583e+00]
 [2.59523976e-03 6.33406460e-03 2.23076294e+00]
 [4.57659262e-03 9.98113988e-03 2.81418919e+00]
 [4.15524750e-03 9.97453888e-03 2.74714034e+00]
 [4.15524750e-03 9.97453888e-03 2.77282033e+00]
 [1.60910843e-03 3.11191174e-03 1.88979963e+00]
 [8.48947582e-04 1.79471137e-03 2.01237999e+00]
 [1.13333849e-03 2.12273781e-03 1.81082753e+00]
 [4.67884103e-03 9.78872119e-03 1.89343918e+00]
 [1.44605493e-03 2.99806478e-03 1.96320347e+00]
 [1.22390953e-03 2.72013795e-03 1.82737811e+00]
 [7.35328768e-04 1.56690447e-03 2.12210619e+00]
 [8.82217994e-04 1.56143029e-03 1.62261034e+00]
 [1.59843800e-03 2.90617243e-03 1.67213490e+00]
 [2.69403643e-03 5.29790925e-03 1.97219622e+00]
 [2.14067448e-03 4.46999424e-03 2.17726871e+00]
 [3.56192812e-03 7.24346510e-03 1.91654118e+00]
 [1.91608328e-03 3.45560727e-03 1.62234738e+00]
 [1.60910843e-03 3.11191174e-03 1.82026489e+00]
 [2.00514740e-03 4.75248129e-03 2.40884866e+00]
 [4.64295772e-03 8.53667305e-03 1.89957106e+00]
 [4.11103100e-03 8.75941303e-03 1.94834284e+00]
 [8.48947582e-04 1.79471137e-03 1.79815930e+00]
 [2.86543565e-03 5.10219457e-03 1.82924349e+00]
 [1.37555251e-03 2.57315772e-03 1.82347917e+00]
 [2.32539847e-03 4.21107625e-03 1.69560514e+00]
 [5.96694423e-04 1.40331850e-03 2.48657112e+00]
 [1.16104358e-03 2.19369038e-03 2.01462952e+00]
 [1.37582768e-03 2.66686630e-03 1.68384468e+00]
 [3.99986246e-03 6.75856091e-03 1.58995865e+00]
 [1.37555251e-03 2.76935857e-03 1.82347917e+00]
 [5.27340582e-03 9.71031401e-03 1.81610229e+00]
 [4.07914738e-03 7.91293247e-03 1.93626175e+00]
 [4.07914738e-03 7.91293247e-03 2.15516949e+00]
 [4.07914738e-03 7.84295850e-03 1.90449684e+00]
 [2.02638722e-03 4.00210601e-03 1.93750366e+00]
 [1.37582768e-03 2.66686630e-03 1.70422029e+00]
 [1.79439722e-03 4.27452554e-03 2.50798788e+00]
 [2.02250816e-03 4.26701009e-03 2.11944244e+00]
 [1.37582768e-03 2.66686630e-03 1.99097702e+00]
 [1.00688472e-03 2.10500448e-03 2.22682251e+00]
 [4.62472357e-03 8.83991499e-03 1.84766791e+00]
 [4.16037654e-03 8.27548177e-03 1.89923903e+00]
 [2.05924117e-03 4.75248129e-03 2.50508472e+00]
 [8.07272338e-04 1.42297328e-03 1.70556267e+00]
 [8.07272338e-04 1.44716257e-03 1.70556267e+00]
 [5.32805885e-03 9.83783933e-03 1.81610229e+00]
 [1.99388477e-03 3.53657478e-03 1.79952220e+00]
 [1.73527679e-03 3.44469229e-03 1.97219622e+00]
 [2.55137475e-03 6.32846110e-03 2.31903844e+00]
 [4.06598002e-03 6.63838329e-03 1.72546612e+00]
 [1.29868520e-03 2.19841102e-03 2.00414448e+00]
 [5.96694423e-04 1.40780430e-03 2.57476637e+00]
 [2.11510601e-03 4.13325903e-03 1.72265990e+00]
 [4.57659262e-03 9.98113988e-03 2.24752246e+00]
 [4.06598002e-03 6.63838329e-03 1.72987857e+00]
 [2.05420254e-03 4.23513010e-03 1.70681881e+00]
 [2.70189952e-03 5.26756024e-03 1.95023984e+00]
 [3.99986246e-03 6.75856091e-03 1.54809481e+00]
 [3.80557563e-03 6.75856091e-03 1.58995865e+00]
 [1.41740224e-03 2.79711514e-03 1.81924855e+00]
 [1.85641834e-03 4.00388980e-03 2.35344559e+00]
 [6.07365257e-04 1.39670163e-03 2.56930874e+00]
 [3.56990593e-03 7.72385889e-03 2.33464944e+00]
 [5.46839817e-03 9.77320563e-03 1.60446546e+00]
 [4.50237238e-03 9.73802078e-03 2.40531860e+00]
 [1.99010235e-03 3.47371377e-03 1.62096058e+00]
 [4.33555422e-03 9.26181427e-03 2.23076294e+00]
 [2.14067448e-03 4.46999424e-03 2.50508472e+00]
 [2.81539980e-03 5.80398704e-03 2.49376553e+00]
 [2.84332423e-03 5.62227408e-03 2.50004353e+00]
 [1.05956642e-03 2.12273781e-03 1.99823767e+00]
 [1.91608328e-03 3.45560727e-03 1.64170508e+00]
 [2.84332423e-03 5.53962883e-03 2.50004353e+00]
 [5.04228580e-03 9.92360020e-03 1.99905597e+00]
 [1.99388477e-03 3.64405703e-03 1.74889213e+00]
 [8.48947582e-04 1.79471137e-03 1.79686707e+00]
 [2.05149117e-03 4.29781758e-03 2.29378093e+00]
 [1.86260211e-03 3.45560727e-03 1.79353495e+00]
 [1.91608328e-03 3.54895248e-03 2.07974242e+00]
 [5.06172565e-03 9.99115076e-03 1.99905597e+00]
 [2.02638722e-03 4.00210601e-03 1.87967933e+00]
 [5.28951153e-03 9.69242502e-03 1.72068705e+00]
 [2.00514740e-03 4.75248129e-03 2.50440250e+00]
 [2.11510601e-03 4.29570987e-03 1.97141624e+00]
 [1.18302825e-03 2.64532665e-03 1.82737811e+00]
 [4.47767847e-03 9.75916650e-03 2.22775106e+00]
 [4.50237238e-03 9.73409479e-03 2.31674092e+00]
 [1.99388477e-03 4.12191217e-03 1.75333864e+00]
 [2.02638722e-03 4.00210601e-03 1.90194089e+00]
 [3.56990593e-03 6.84533248e-03 1.68005033e+00]
 [1.99388477e-03 3.64405703e-03 1.82851260e+00]
 [2.81411584e-03 5.26756024e-03 1.65907119e+00]
 [4.47891241e-03 9.74669348e-03 2.23076294e+00]
 [2.05420254e-03 3.77401007e-03 1.68541085e+00]
 [4.52395312e-03 9.94723256e-03 2.35560178e+00]
 [2.02250816e-03 4.26701009e-03 2.31307522e+00]
 [1.05956642e-03 2.12273781e-03 2.03321609e+00]
 [3.99986246e-03 6.16605727e-03 1.53668402e+00]
 [1.37582768e-03 2.76133775e-03 1.90645909e+00]
 [5.96694423e-04 1.40780430e-03 2.58000672e+00]
 [4.33432028e-03 9.27428714e-03 2.22775106e+00]
 [1.05956642e-03 2.12273781e-03 2.02973045e+00]]
