[[0.62822678 4.53414591 9.09509548 1.55636897]
 [0.43379929 4.27441307 8.65190854 0.52291692]
 [1.52433924 1.41875043 9.37709581 4.04857475]
 [1.4989948  1.86709885 9.70171865 3.74195519]
 [1.68005678 1.30700616 9.63388057 2.58191717]
 [0.90872519 7.19075923 9.70912511 4.65655809]
 [1.18582585 2.56987231 9.60000241 1.2892189 ]
 [1.04256965 1.81511829 9.40087105 1.9611576 ]
 [0.454131   4.41948928 9.29574171 1.40800301]
 [1.25823323 1.90660622 9.63603167 2.93609384]
 [1.87387384 8.54816103 9.62550772 4.89823678]
 [0.57152466 2.80940531 8.87781336 1.32397866]
 [0.52797523 5.26156423 9.81340468 2.07869755]
 [1.67560886 1.11567802 9.63388057 3.46615331]
 [2.2387626  0.77220693 9.39497613 4.24236108]
 [1.23779192 1.93526719 9.32934556 4.94477284]
 [1.25823323 1.90660622 9.63603167 2.92661647]
 [2.65657573 0.89893671 9.63402015 4.47803192]
 [0.99229415 7.56147807 9.82763891 4.57948067]
 [0.51033723 3.79140974 9.98032214 0.71675734]
 [0.57116057 2.54590062 9.48881637 0.91937637]
 [3.44595681 7.74456249 9.91109642 4.66836384]
 [1.4989948  1.70170318 9.69512256 2.65211038]
 [1.55113938 1.41875043 9.20173212 4.04857475]
 [1.92535109 6.41588402 9.98015029 4.38288705]
 [0.9443212  3.50364539 9.63609149 4.23693756]
 [4.16290089 0.46008484 9.53706292 4.32468669]
 [1.40780274 1.4700296  9.49774526 4.17370009]
 [0.57152466 2.80940531 8.89513591 1.32397866]
 [1.04256965 1.81511829 9.39327452 1.9611576 ]
 [0.57152466 2.80940531 8.87781336 2.8544273 ]
 [3.90513575 0.60743028 9.71748023 4.57948067]
 [3.48122772 7.66560058 9.99963027 4.91357224]
 [0.43611427 3.50543345 9.86864408 3.13058513]
 [0.38101899 4.56748981 8.65190854 0.38245796]
 [1.52433924 1.41875043 9.37709581 4.54352727]
 [1.68005678 1.30247281 9.67535844 2.77001688]]
