[[3.60699608e+01 1.65566552e+01]
 [7.76812641e+00 3.22621992e+01]
 [2.61940879e+01 2.05456462e+01]
 [3.44753316e+01 1.71025222e+01]
 [2.86511655e+01 1.95368564e+01]
 [3.38364045e+00 3.78835185e+01]
 [7.01718697e+00 3.32064912e+01]
 [2.06701379e+01 2.30235463e+01]
 [8.35413583e+01 6.42080819e+00]
 [6.42545421e-02 4.82357273e+01]
 [5.60857909e+01 1.11194220e+01]
 [6.81555654e+01 8.66305532e+00]
 [8.89085385e-01 4.35860832e+01]
 [6.14466549e-01 4.47011988e+01]
 [5.83176055e+01 1.06016468e+01]
 [7.04643053e+01 8.30666886e+00]
 [7.07409588e+00 3.29968040e+01]
 [6.16784942e+01 9.95395502e+00]
 [1.04976551e+01 2.98948891e+01]
 [5.10129214e+01 1.23026655e+01]
 [4.83307391e+01 1.30055861e+01]
 [3.09838326e+01 1.84529702e+01]
 [9.65869014e+01 5.29510110e+00]
 [7.47103428e+00 3.27839613e+01]
 [3.56757064e+01 1.67682477e+01]
 [1.17329489e+02 4.34324222e+00]
 [4.66951383e+00 3.58988353e+01]
 [5.69893656e+01 1.08917859e+01]
 [2.62542348e+00 3.94629533e+01]
 [6.83382844e+01 8.64617576e+00]
 [4.34026601e+01 1.43443386e+01]
 [2.13531304e+01 2.26859973e+01]
 [5.00504672e+01 1.25116603e+01]
 [1.88251444e+01 2.41843976e+01]
 [5.13824242e-01 4.54694508e+01]
 [4.03239394e+00 3.69383522e+01]
 [3.69837635e+01 1.63225093e+01]
 [8.64919865e+01 6.15676129e+00]
 [3.36542071e+01 1.74010150e+01]
 [3.20537255e+00 3.81544643e+01]
 [4.94481916e+00 3.56141364e+01]
 [2.83518875e+01 1.95538827e+01]
 [1.27649019e+01 2.80997480e+01]
 [2.40538698e+01 2.14695150e+01]
 [6.48609556e+01 9.26874806e+00]
 [5.05834735e+01 1.23675360e+01]
 [3.43372301e+01 1.71514592e+01]
 [1.93779981e+01 2.37564183e+01]
 [5.01455835e+01 1.24796289e+01]
 [5.40210633e+01 1.15365319e+01]
 [6.83013424e+00 3.33587758e+01]
 [3.12500802e+01 1.84325539e+01]
 [6.43486652e+01 9.37801384e+00]
 [1.20306667e+01 2.85309140e+01]
 [7.44505565e+01 7.63696884e+00]
 [5.89411434e+01 1.05818184e+01]
 [4.67329773e+01 1.33736789e+01]
 [3.01727971e+01 1.87087766e+01]
 [1.34130912e+00 4.22112876e+01]
 [2.15113580e+01 2.25891640e+01]
 [7.93024178e+01 7.29668767e+00]
 [3.35921562e-01 4.59875418e+01]
 [5.79757966e+01 1.06536827e+01]
 [2.15758789e+01 2.25489721e+01]
 [2.66596827e+01 2.02184574e+01]
 [2.58182713e+01 2.08055238e+01]
 [8.12972023e-01 4.41664531e+01]
 [7.79711709e+00 3.22085453e+01]
 [6.96871304e+01 8.40558730e+00]
 [2.47211051e+01 2.10275627e+01]
 [3.79945778e+01 1.59323796e+01]
 [8.62804999e+00 3.15900942e+01]
 [1.31969028e+01 2.76972815e+01]
 [1.05494764e+01 2.98658082e+01]
 [2.77386830e+00 3.89277638e+01]
 [4.67663491e+01 1.33526234e+01]
 [4.21620745e+01 1.46265005e+01]
 [3.75361146e+00 3.72747338e+01]
 [5.38580768e+01 1.16485177e+01]
 [6.96135576e+01 8.42397176e+00]
 [3.26021873e+01 1.77876950e+01]
 [3.27101692e+01 1.77589149e+01]
 [7.01730799e+01 8.31113849e+00]
 [3.91416147e+01 1.55467138e+01]
 [5.32432904e+01 1.18283137e+01]
 [1.14352050e+02 4.60422727e+00]
 [7.19408245e+01 8.01237546e+00]
 [2.02291111e+00 4.05086490e+01]
 [2.62728519e-01 4.64450476e+01]
 [4.13293070e+00 3.68514178e+01]
 [5.34718436e+01 1.16612434e+01]
 [4.50652135e+01 1.38072019e+01]
 [1.21033246e+01 2.84498708e+01]
 [1.02984042e+00 4.31941739e+01]
 [4.28413418e+00 3.64353428e+01]
 [6.06772742e+01 1.00926354e+01]
 [5.17815690e+01 1.20756660e+01]
 [5.00753781e+01 1.24841183e+01]
 [3.64208919e+01 1.64783257e+01]
 [2.05031630e+01 2.31204647e+01]
 [2.08699861e+01 2.29201545e+01]
 [1.19158618e+01 2.86011782e+01]
 [3.60147008e+01 1.66956781e+01]
 [1.41624463e+00 4.19642958e+01]
 [2.18207191e+00 4.01005677e+01]
 [1.11394377e+02 4.68970831e+00]
 [7.09630621e+01 8.18251721e+00]
 [7.32905725e+01 7.80331402e+00]
 [6.39186693e+01 9.46243930e+00]
 [2.99171409e+01 1.88154538e+01]
 [5.68011641e+00 3.48922452e+01]
 [5.79406439e+01 1.06615388e+01]
 [8.69985118e+00 3.15208134e+01]
 [6.17388396e+01 9.88386160e+00]
 [2.76710956e+01 1.97216465e+01]
 [3.78735500e+01 1.60826086e+01]
 [3.39703682e+01 1.72797952e+01]
 [3.11710112e+01 1.84462971e+01]
 [1.14221603e+01 2.90338290e+01]
 [7.29884071e+01 7.85652240e+00]
 [6.60622646e+01 9.04404406e+00]
 [7.26387335e+00 3.28149341e+01]
 [1.89935255e+01 2.39542084e+01]
 [1.87070036e+00 4.11537541e+01]
 [2.03279564e+01 2.34982790e+01]
 [8.98290597e+01 5.87262957e+00]
 [1.59957415e+00 4.15930845e+01]
 [4.90219390e+01 1.27469474e+01]
 [4.65904102e+00 3.60155754e+01]
 [3.07163213e+01 1.85980647e+01]
 [4.64265309e+01 1.34264990e+01]
 [1.51849824e+01 2.62457580e+01]
 [1.42757879e+01 2.68825864e+01]
 [3.72009529e+01 1.61897965e+01]
 [2.43779936e+00 3.95935045e+01]
 [9.15401703e+00 3.10240831e+01]
 [1.75210694e+01 2.48550859e+01]
 [4.90329696e+01 1.27447142e+01]
 [3.98748676e+01 1.53214381e+01]
 [5.05675235e+00 3.54073223e+01]
 [7.92591256e+00 3.20759247e+01]
 [4.14497823e+01 1.48385144e+01]
 [1.06043465e+02 5.15403465e+00]
 [1.69298285e+01 2.51770984e+01]
 [2.79712804e+01 1.96417636e+01]
 [5.75792510e+01 1.07423058e+01]
 [9.05147208e+00 3.10878785e+01]
 [6.86842505e+00 3.32339969e+01]
 [4.61139651e+01 1.36149424e+01]
 [1.63030094e+01 2.55336468e+01]
 [1.28464337e+01 2.78687432e+01]
 [3.97672525e+00 3.70862842e+01]
 [4.78486607e+01 1.30789748e+01]
 [2.37184900e+01 2.15006854e+01]
 [3.99554597e+00 3.70488245e+01]
 [6.00819875e-02 4.82947230e+01]
 [2.88822055e+00 3.87144616e+01]
 [5.37710108e-01 4.50197357e+01]
 [4.86124948e+01 1.29409779e+01]
 [1.05546994e+01 2.96721623e+01]
 [3.04608941e+01 1.86549541e+01]
 [4.12578997e+01 1.50188493e+01]
 [2.48211394e+01 2.09974032e+01]
 [6.13992663e+00 3.42359010e+01]
 [1.11413737e+01 2.92004353e+01]
 [7.97871243e+01 7.25158970e+00]
 [4.41139604e+00 3.62529467e+01]
 [5.74711369e+01 1.07661874e+01]
 [4.19220930e+01 1.46992807e+01]
 [4.68152236e+01 1.33246294e+01]
 [4.96067394e+01 1.26582504e+01]
 [9.37380160e+00 3.09691382e+01]
 [2.84494073e-02 4.89792889e+01]
 [1.16391323e+01 2.88064444e+01]
 [1.74877653e+00 4.14240361e+01]
 [8.89224705e+01 5.98441958e+00]
 [1.98300001e+01 2.36758645e+01]
 [6.35309574e+01 9.52426468e+00]
 [6.32198427e+01 9.66647706e+00]
 [4.73759395e-01 4.58058438e+01]
 [3.87795754e+01 1.56975701e+01]
 [1.98283180e+01 2.37027172e+01]
 [3.96150117e+01 1.54035514e+01]
 [1.55394975e+01 2.62322961e+01]
 [7.48676011e-01 4.42681820e+01]
 [1.20786783e+01 2.85022702e+01]
 [6.01326513e+01 1.02034163e+01]
 [5.50406858e+01 1.13592947e+01]
 [2.91450534e+01 1.91284308e+01]
 [6.57712505e+00 3.35195358e+01]
 [5.55003023e+01 1.12263358e+01]
 [7.68604098e+00 3.23179007e+01]
 [6.55507070e+01 9.21429922e+00]
 [2.95203672e+01 1.90556908e+01]
 [8.37282889e+01 6.38954568e+00]
 [6.40487826e+01 9.42474900e+00]
 [1.91353337e-01 4.69677457e+01]
 [8.97823426e+01 5.93913919e+00]
 [3.17693203e+01 1.81389442e+01]
 [6.25189771e+01 9.78075610e+00]
 [4.86837288e+01 1.29100189e+01]
 [2.32752168e+01 2.17367432e+01]
 [5.40723982e+01 1.15350661e+01]
 [3.35127893e+01 1.76015041e+01]
 [1.02478596e+01 2.99844471e+01]
 [1.06482757e+02 4.88156197e+00]
 [4.01599235e+01 1.52402151e+01]
 [7.80766549e+01 7.42525757e+00]
 [4.74872890e+01 1.32252373e+01]
 [2.13888370e+01 2.26706527e+01]
 [3.79587247e+01 1.59597520e+01]
 [5.98292053e+00 3.42530158e+01]
 [1.28819460e+02 4.05434733e+00]
 [5.24919343e+01 1.19677355e+01]
 [5.02539131e+01 1.24533450e+01]
 [3.63655979e+01 1.64880566e+01]
 [3.53445206e+01 1.68962674e+01]
 [5.97669119e+01 1.02809990e+01]
 [5.21570033e+00 3.51814605e+01]
 [7.07197708e+01 8.21970762e+00]
 [2.51287105e+01 2.08465651e+01]
 [3.80311593e+01 1.59211540e+01]
 [1.31558508e-01 4.80380205e+01]
 [2.21565335e+01 2.24762715e+01]
 [8.37688382e+00 3.17802499e+01]
 [2.48445315e+01 2.09699974e+01]
 [4.87412140e+01 1.29037599e+01]
 [4.39351794e+00 3.62777815e+01]
 [2.25222064e+01 2.20759232e+01]
 [8.00472903e+01 6.90550246e+00]
 [4.93402709e+01 1.27226377e+01]
 [9.57381532e+00 3.07033227e+01]
 [8.31555266e+01 6.76584233e+00]
 [1.02389282e+01 3.00853935e+01]
 [3.16310261e+01 1.81409390e+01]
 [6.56723542e+01 9.11876673e+00]
 [7.56126174e+01 7.43794028e+00]
 [5.83543928e-03 4.95411269e+01]
 [9.08007563e+01 5.70646610e+00]
 [1.24475592e+02 4.19864091e+00]
 [2.23507971e+01 2.22195093e+01]
 [3.29836223e+01 1.76549612e+01]
 [4.30703416e+01 1.45556898e+01]
 [1.86219701e-01 4.71182668e+01]
 [1.79548540e+01 2.45272289e+01]
 [2.01073901e+01 2.36149581e+01]
 [1.59030447e+00 4.19609968e+01]
 [1.00360700e+02 5.20868574e+00]
 [1.56408184e+01 2.60394671e+01]
 [3.41390087e+01 1.72713030e+01]
 [2.26814727e+01 2.19958678e+01]
 [1.93224693e+01 2.38748834e+01]
 [9.00720823e+01 5.78188076e+00]
 [4.20666872e+01 1.46762176e+01]
 [2.35746907e+01 2.16312722e+01]
 [7.24904733e+01 7.96321278e+00]
 [3.16201342e+01 1.82663749e+01]
 [6.80133887e+00 3.34194056e+01]
 [2.70358585e+01 2.01905800e+01]
 [6.64847696e-01 4.44052111e+01]
 [2.90631747e+01 1.91986966e+01]
 [1.78961192e+01 2.47130822e+01]
 [2.88141811e+01 1.93785996e+01]
 [5.07035979e+01 1.23404512e+01]
 [5.93865220e+01 1.03777075e+01]
 [8.64048616e-01 4.36841722e+01]
 [4.31909080e+01 1.43684145e+01]
 [3.96182681e+01 1.53978715e+01]
 [2.71137645e+01 1.99902712e+01]
 [5.53479663e+01 1.12689051e+01]
 [6.32698706e+01 9.60994827e+00]
 [5.73359076e+01 1.07970147e+01]
 [1.45134131e+01 2.66903213e+01]
 [9.77023813e+01 5.21930825e+00]
 [2.59634800e+01 2.07925091e+01]
 [2.82257180e+01 1.95600090e+01]
 [4.34691916e+01 1.42755945e+01]
 [4.05471567e+01 1.52365585e+01]
 [6.90130404e+01 8.51117626e+00]
 [2.98541133e+01 1.88286254e+01]
 [4.71668826e+01 1.32671982e+01]
 [2.74673041e+01 1.99700560e+01]
 [1.16049147e+02 4.41012713e+00]
 [4.05557407e+01 1.51178485e+01]
 [1.57508008e+01 2.58774217e+01]
 [1.10906879e+00 4.29193482e+01]
 [1.07162094e+02 4.85659005e+00]
 [2.86937990e+01 1.95069015e+01]
 [8.21214365e+00 3.18726168e+01]
 [9.87512668e-01 4.32509852e+01]
 [4.43346909e+01 1.40526585e+01]
 [1.70554573e+01 2.51526725e+01]
 [2.93394383e+01 1.90620318e+01]
 [4.53424615e+01 1.37613142e+01]
 [2.47121737e+01 2.13205271e+01]
 [6.56278281e+01 9.17438918e+00]
 [2.14613762e+01 2.26396321e+01]
 [1.93435016e+01 2.37827850e+01]
 [1.35843649e+01 2.73550616e+01]
 [4.32166657e+01 1.43647258e+01]]
