[[5.23103994e-02 4.88532676e+01]
 [1.34234707e+02 4.01304174e+00]
 [1.23544011e+02 4.10465196e+00]
 [1.17373800e+02 4.25549444e+00]
 [1.12960316e+02 4.38232912e+00]
 [9.17286688e+01 5.77497960e+00]
 [1.24754407e+02 4.09085150e+00]
 [1.29600747e+02 4.05744999e+00]
 [8.75578152e+01 5.99552469e+00]
 [1.05849369e+02 4.68794790e+00]
 [1.17225164e+02 4.25949104e+00]
 [1.29735166e+02 4.03494710e+00]
 [1.01144046e+02 4.93238495e+00]
 [8.57005471e+01 6.20710438e+00]
 [4.56152281e+01 1.36466061e+01]
 [4.71743603e+01 1.32315965e+01]
 [5.45160231e+00 3.49134385e+01]
 [6.59607497e+01 9.11680025e+00]
 [6.45053827e+01 9.35951110e+00]
 [3.39334658e+01 1.73465920e+01]
 [2.30457870e+00 3.98821887e+01]
 [2.25141789e+00 4.06616738e+01]
 [4.87824077e+00 3.56615661e+01]
 [2.37133311e+01 2.18482271e+01]
 [1.08181739e+02 4.62698621e+00]
 [3.29376436e+01 1.76561401e+01]
 [1.11400796e-01 4.76933322e+01]
 [1.03681609e+02 4.80337252e+00]
 [1.19576119e+01 2.85409553e+01]
 [3.17568680e+00 3.85121009e+01]
 [1.03307595e+02 4.83213318e+00]
 [4.15230614e+00 3.66408277e+01]
 [1.33063968e+01 2.78235978e+01]
 [1.67337165e+00 4.13672127e+01]
 [8.39197324e+01 6.37707724e+00]
 [2.41619722e+01 2.12834315e+01]
 [1.04936213e+01 2.98529910e+01]
 [9.28988164e+00 3.08323135e+01]
 [1.00423712e+01 3.03083704e+01]
 [3.44753316e+01 1.71025222e+01]
 [1.10678878e+00 4.28431592e+01]
 [9.33686604e+01 5.48449344e+00]
 [9.81411928e+01 5.16143446e+00]
 [1.11155724e+02 4.45202779e+00]
 [2.55769817e+01 2.09449985e+01]
 [2.83532120e+00 3.92571867e+01]
 [9.27481376e+01 5.58460895e+00]
 [8.61160919e+00 3.19010647e+01]
 [1.10684197e+02 4.46661596e+00]
 [1.78958630e+01 2.45950615e+01]
 [5.93811536e-01 4.48151226e+01]
 [1.09502256e+01 2.93386972e+01]
 [3.05156447e+01 1.88232644e+01]
 [4.32341648e+01 1.43771819e+01]
 [4.54263401e+01 1.40084452e+01]
 [1.37078165e+01 2.73808113e+01]
 [7.25227078e-01 4.41617779e+01]
 [1.93091345e+01 2.37664041e+01]
 [7.71350321e+01 7.21780908e+00]
 [5.30317563e+01 1.17644936e+01]
 [8.70439895e+01 6.04521795e+00]
 [5.19659894e+01 1.20478543e+01]
 [4.42476241e+01 1.40861797e+01]
 [5.77722038e+00 3.45326016e+01]
 [8.21392647e+01 6.58698622e+00]
 [3.38364045e+00 3.78835185e+01]
 [7.76812641e+00 3.22621992e+01]
 [3.94835705e+00 3.71936223e+01]
 [3.04990169e+01 1.91730381e+01]
 [3.66810993e+01 1.63461736e+01]
 [2.69021613e+01 2.00515939e+01]
 [8.84737538e+00 3.12953780e+01]
 [3.75461539e+01 1.60587812e+01]
 [5.56756676e-01 4.54862831e+01]
 [6.50636866e+00 3.37081045e+01]
 [2.40203276e+01 2.13495773e+01]
 [1.56673498e+00 4.17838527e+01]
 [3.18049925e+01 1.81781011e+01]
 [9.99071534e+01 5.08912379e+00]
 [8.74819655e+00 3.13738061e+01]
 [1.08919587e+02 4.53466160e+00]
 [5.44428728e+01 1.15483738e+01]
 [6.67082082e+00 3.34940631e+01]
 [1.78071800e-01 4.71028591e+01]
 [8.09637706e+01 6.71588514e+00]
 [1.06493464e+01 2.95887295e+01]
 [1.96560133e+00 4.09763556e+01]
 [1.14556204e+01 2.89699146e+01]
 [5.09586102e+01 1.22667748e+01]
 [9.72538186e+01 5.29456785e+00]
 [3.51789544e+01 1.68549522e+01]
 [9.55617116e+01 5.31303429e+00]
 [2.95869640e-01 4.64964072e+01]
 [8.02870923e+00 3.19716344e+01]
 [2.65960244e+01 2.01828847e+01]
 [6.77335980e+01 8.76572492e+00]
 [5.22738784e+01 1.19643975e+01]
 [1.51781534e+01 2.62903420e+01]
 [7.11037138e+01 8.15058578e+00]
 [7.01718697e+00 3.32064912e+01]
 [8.60086523e-01 4.36581302e+01]
 [6.16852538e+00 3.41443031e+01]
 [7.84036951e+01 7.05481570e+00]
 [5.49767130e-02 4.83986763e+01]
 [4.36191865e+00 3.63588950e+01]
 [1.74243652e+01 2.48608529e+01]
 [9.47733352e+01 5.39910135e+00]
 [4.78171291e+01 1.30580892e+01]
 [8.06691578e+01 6.76533514e+00]
 [1.61953011e+01 2.56015594e+01]
 [6.37852593e+01 9.47307377e+00]
 [7.81965842e+01 7.07247087e+00]
 [2.24127049e-01 4.67316475e+01]
 [2.29496729e+01 2.20161957e+01]
 [9.65869014e+01 5.29510110e+00]
 [1.90540373e+01 2.41384766e+01]
 [6.69817239e+01 8.91038406e+00]
 [7.95680971e+01 6.90858953e+00]
 [2.61119777e+01 2.08654590e+01]
 [5.50448345e+01 1.13044754e+01]
 [2.97778586e+00 3.87977160e+01]
 [9.88905141e-01 4.32922593e+01]
 [2.19931912e+01 2.23593054e+01]
 [2.11181757e+01 2.27900313e+01]
 [7.63797127e-02 4.80651697e+01]
 [5.96610913e+01 1.02991675e+01]
 [6.27028773e+00 3.40749635e+01]
 [2.75477310e+01 1.97752372e+01]
 [6.65832239e+01 8.96478275e+00]
 [2.19013698e+01 2.26322723e+01]
 [7.02942755e+01 8.29210668e+00]
 [9.92475733e+01 5.11160985e+00]
 [6.08506073e+01 1.02258165e+01]
 [3.23727885e+01 1.78829161e+01]
 [1.59544372e+01 2.60173282e+01]
 [2.91720103e+01 1.92806929e+01]
 [1.54973574e+01 2.60927532e+01]
 [2.83186484e+01 1.94554125e+01]
 [3.08716497e+01 1.85008774e+01]
 [1.98682758e+01 2.36483686e+01]
 [6.98996033e-01 4.43832207e+01]
 [7.40878593e+00 3.28598677e+01]
 [1.40259909e+00 4.19821152e+01]
 [7.96613720e+01 6.89280426e+00]
 [7.30766917e+01 7.82799888e+00]
 [6.14376203e+01 9.93960931e+00]
 [1.99123406e+01 2.34449754e+01]
 [4.13582778e+01 1.49800084e+01]
 [2.23032845e+01 2.22006918e+01]
 [2.62434732e+01 2.04720346e+01]
 [1.60290374e+01 2.57301566e+01]
 [5.00306836e+01 1.24974027e+01]
 [2.62907236e+00 3.95214257e+01]
 [5.59752502e+00 3.46914886e+01]
 [2.06701379e+01 2.30235463e+01]
 [6.08691035e+01 1.01591781e+01]
 [5.64586307e+01 1.10445355e+01]
 [4.29810095e+01 1.44536511e+01]
 [1.66296248e+01 2.53225754e+01]
 [7.07409588e+00 3.29968040e+01]
 [2.93890579e+01 1.91775512e+01]
 [1.24099343e+00 4.25075438e+01]
 [1.13648692e+01 2.90259371e+01]
 [1.38886501e+01 2.72344102e+01]
 [4.43603727e+01 1.40140504e+01]
 [9.71308683e+00 3.05001170e+01]
 [1.26640517e+01 2.80026708e+01]
 [7.26125866e+01 7.95118561e+00]
 [6.81555654e+01 8.66305532e+00]
 [7.59522887e+01 7.41237049e+00]
 [7.35335418e+01 7.75129391e+00]
 [1.23541745e+01 2.82786184e+01]
 [8.26034081e+01 6.52974076e+00]
 [2.81121781e+01 1.96392182e+01]
 [3.59056172e+00 3.75555144e+01]
 [7.63527961e+00 3.25731922e+01]
 [4.24276868e+01 1.45876263e+01]
 [1.48271104e+01 2.65076412e+01]
 [5.06277687e+01 1.24009818e+01]
 [2.61940879e+01 2.05456462e+01]
 [1.83134500e+01 2.43493426e+01]
 [1.40436257e+01 2.70199941e+01]
 [3.87559929e+01 1.56976559e+01]
 [3.15537163e-01 4.61126436e+01]
 [8.31728487e+01 6.47871593e+00]
 [3.60714747e+01 1.65528700e+01]
 [2.14117285e+01 2.27099653e+01]
 [4.17636301e+01 1.47827585e+01]
 [3.24703442e+01 1.78589354e+01]
 [4.49420792e+00 3.61363719e+01]
 [1.88801856e+01 2.42068236e+01]
 [3.64599200e+01 1.64232148e+01]
 [2.03481481e+00 4.08240033e+01]
 [5.75619847e+01 1.08690963e+01]
 [3.98678466e+01 1.53373771e+01]
 [2.27507892e+01 2.21107059e+01]
 [1.73418646e+01 2.50278499e+01]
 [3.84878841e+01 1.58413905e+01]
 [5.91427734e+01 1.05403661e+01]
 [6.23374809e+01 9.90186718e+00]
 [4.66936602e-01 4.58526719e+01]
 [3.82109144e+01 1.59077204e+01]
 [2.00057689e-01 4.70510486e+01]
 [7.00569203e+01 8.34549824e+00]
 [5.35646753e+01 1.16481526e+01]
 [3.77644852e+01 1.59877131e+01]
 [6.95407711e+01 8.42005083e+00]
 [6.85764566e+01 8.58796640e+00]
 [3.81023157e+00 3.73531475e+01]
 [5.76927897e+01 1.07438031e+01]
 [2.02176717e+01 2.32603746e+01]
 [6.27297471e+01 9.82415945e+00]
 [4.66951383e+00 3.58988353e+01]
 [4.04002105e+01 1.51847581e+01]
 [6.89153083e+01 8.54543135e+00]
 [5.56968156e+01 1.11596762e+01]
 [5.52862994e+01 1.12601586e+01]
 [7.42819910e+00 3.25955312e+01]
 [3.48737738e+00 3.76951276e+01]
 [7.66331271e+01 7.31128136e+00]
 [5.45087029e-01 4.56461416e+01]
 [6.27676337e+01 9.67818419e+00]
 [4.08672250e+01 1.50892975e+01]
 [2.98860259e+00 3.87390857e+01]
 [8.35413583e+01 6.42080819e+00]
 [9.48408088e+01 5.36217953e+00]
 [6.33193946e+01 9.56518190e+00]
 [3.58372303e+01 1.66351356e+01]
 [7.47232591e+01 7.57941445e+00]
 [6.21597717e-01 4.46477697e+01]
 [4.93526134e+01 1.26733043e+01]
 [7.42818081e+01 7.73193457e+00]
 [6.42545421e-02 4.82357273e+01]
 [5.84450159e+01 1.05534112e+01]
 [3.96439428e+01 1.54538988e+01]
 [7.48295049e+01 7.56813110e+00]
 [6.92961376e+01 8.46348588e+00]
 [4.22734344e+01 1.46637253e+01]
 [5.93968568e+01 1.04797451e+01]
 [1.83740609e+01 2.43241407e+01]
 [4.01961763e+01 1.52301155e+01]
 [7.64211994e+01 7.34065309e+00]
 [2.76224295e+01 1.97440989e+01]
 [1.08491331e+02 4.56354405e+00]
 [1.31920660e+00 4.22176856e+01]
 [1.26037607e+01 2.80505319e+01]
 [1.23860299e+01 2.82287439e+01]
 [7.16912738e+01 8.12297171e+00]
 [2.40991696e+00 3.96490562e+01]
 [1.42570938e+01 2.69298788e+01]]
