[[1.86260211e-03 3.45560727e-03 1.79353495e+00]
 [4.30247271e-03 9.73802078e-03 2.35560178e+00]
 [5.41559379e-03 9.74740371e-03 2.27320880e+00]
 [3.66543097e-03 8.62346253e-03 2.38535544e+00]
 [3.81016124e-03 7.49858311e-03 2.02228296e+00]
 [4.28768775e-03 8.24009870e-03 2.25299232e+00]
 [2.74119775e-03 5.60529991e-03 2.34345957e+00]
 [4.44117107e-03 8.28135361e-03 1.85269631e+00]
 [4.32981507e-03 9.09311989e-03 2.21095800e+00]
 [1.15103041e-03 2.27001165e-03 2.19196477e+00]
 [2.53888621e-03 5.91387182e-03 1.85759032e+00]
 [8.96043492e-03 9.72720353e-03 2.99704101e+00]
 [3.72748802e-03 7.10354578e-03 1.91128685e+00]
 [6.05212895e-03 9.90406197e-03 2.54783250e+00]
 [1.01581476e-03 2.25806922e-03 2.94264094e+00]
 [2.69654701e-03 5.90546522e-03 1.76106815e+00]
 [4.06288428e-03 7.43749196e-03 1.57597376e+00]
 [8.48018217e-04 2.02463036e-03 2.70847595e+00]
 [2.31462936e-03 4.26821349e-03 1.49622293e+00]
 [4.93963846e-04 1.50455028e-03 1.79070095e+00]
 [2.37214058e-03 5.39490891e-03 2.49856157e+00]
 [1.93864860e-03 4.95112363e-03 2.27024992e+00]
 [1.08067485e-03 1.91272052e-03 1.77409247e+00]
 [2.78504172e-03 6.14781891e-03 2.33033671e+00]
 [1.55528584e-03 3.17817550e-03 1.68796635e+00]
 [6.56219990e-04 1.80729214e-03 2.38861388e+00]
 [5.33403497e-03 9.63241565e-03 2.51810802e+00]
 [3.31014434e-03 6.59709804e-03 1.93308698e+00]
 [3.20354290e-03 5.51737971e-03 1.37643883e+00]
 [3.60526305e-03 5.63706255e-03 1.47717119e+00]
 [9.85390106e-04 1.35597047e-03 1.31872041e+00]
 [2.15209660e-03 3.71923011e-03 1.77971078e+00]
 [1.48733563e-03 3.05945447e-03 1.59448289e+00]
 [1.86260211e-03 3.45560727e-03 1.71718924e+00]
 [1.08067485e-03 2.26685926e-03 1.77409247e+00]
 [1.32651842e-03 2.97932445e-03 2.60128235e+00]
 [5.03005044e-03 9.63210849e-03 2.72718591e+00]
 [5.31047355e-03 8.70354465e-03 1.75258837e+00]
 [5.82519639e-04 1.44900575e-03 1.79070095e+00]
 [9.04097157e-04 1.28975984e-03 1.32754700e+00]
 [4.43174261e-03 8.26485793e-03 1.83406854e+00]
 [7.70343748e-04 1.79048403e-03 1.79923224e+00]
 [2.18082661e-03 4.76149759e-03 2.16306582e+00]
 [3.72748802e-03 7.36792853e-03 1.93348752e+00]
 [1.49843949e-03 3.10895468e-03 1.99098996e+00]
 [2.15209660e-03 3.71923011e-03 1.74398664e+00]
 [8.48018217e-04 2.02463036e-03 2.75914305e+00]
 [9.85390106e-04 1.35597047e-03 1.40065625e+00]
 [4.42912098e-04 1.23850582e-03 2.75628501e+00]
 [2.59300799e-03 5.90546522e-03 1.76106815e+00]
 [4.96236139e-03 8.88234794e-03 1.97334876e+00]
 [2.30312689e-03 4.22971843e-03 2.11462464e+00]
 [3.72748802e-03 6.57307099e-03 1.97173362e+00]
 [3.23479197e-03 6.37426022e-03 2.30166251e+00]
 [5.32423554e-03 8.84056212e-03 1.46067282e+00]
 [5.04313283e-03 9.87554113e-03 1.87344120e+00]
 [1.77914192e-03 3.52016510e-03 2.11582399e+00]
 [7.06799899e-04 1.35054206e-03 2.31308244e+00]
 [2.27309736e-03 4.29782076e-03 1.66659458e+00]
 [3.25522599e-03 4.94646848e-03 1.63005418e+00]
 [5.33192176e-03 9.74410509e-03 2.94264094e+00]
 [1.60815333e-03 2.77472340e-03 1.61057660e+00]
 [8.48018217e-04 2.02463036e-03 2.64806923e+00]
 [2.35765594e-03 5.38371871e-03 2.20108618e+00]
 [4.25823810e-03 9.35427012e-03 2.67768967e+00]
 [3.20354290e-03 5.67468391e-03 1.53989353e+00]
 [3.34805788e-03 7.03304694e-03 2.09366891e+00]
 [6.05212895e-03 9.75494311e-03 2.54783250e+00]
 [3.26488893e-03 6.83074366e-03 1.97228517e+00]
 [4.95484126e-03 8.74132588e-03 1.93895806e+00]]
