[[-133.50165778   22.4971141 ]
 [ -54.77387245   15.62399458]
 [ -55.75331002   15.87709224]
 [-124.16058241   21.96419717]
 [ -97.78569714   19.59599412]
 [-241.47296048   71.42940427]
 [-118.66525794   20.90132063]
 [ -97.688179     19.43860925]
 [ -59.05596853   16.20390004]
 [ -75.57848525   18.02063578]
 [-144.55591366   24.02868998]
 [-213.02449452   28.18590355]
 [-206.43961513   27.14597936]
 [-133.57632083   22.50238315]
 [-118.57224217   20.72556449]
 [ -59.03004597   16.01065984]
 [ -30.24724296    7.98881242]
 [ -52.61325759    9.62502993]
 [-123.26263401   21.47036946]
 [-210.22595379   27.88050247]
 [-234.26214334   46.8042073 ]
 [-203.56597328   27.11571401]
 [-124.18008306   21.99006743]
 [-116.29658831   20.56076625]
 [-240.31889825   52.56622126]
 [-167.36591978   24.30169174]
 [ -52.59001946    9.60622672]
 [ -97.43363919   18.49607406]
 [ -53.87970638   14.69139318]
 [-251.69295627   72.60444388]
 [-144.54677236   23.39209078]
 [-104.42939753   19.59775163]
 [ -66.41418748   16.40023031]
 [-140.51524848   23.36837175]
 [-190.37090273   25.087158  ]
 [ -29.92124833    6.31389662]
 [-238.26449864   47.39700706]
 [-193.27765364   25.88882936]
 [-106.25487294   20.55667131]
 [-221.9955072    28.2988614 ]
 [-140.42132839   22.64001513]
 [-123.0752413    21.14223126]
 [ -75.10666651   16.95736789]
 [-167.61490601   24.43932148]
 [ -96.28798458   18.39931113]
 [-233.62975974   29.4536403 ]
 [-225.61769448   28.58405957]
 [ -68.37053264   16.57243209]]
