[[0.78492906 0.54484695]
 [0.95652805 0.19634276]
 [0.09140984 1.04202377]
 [1.01390895 0.08953866]
 [0.51542487 0.80836903]
 [0.57645376 0.7765436 ]
 [1.04677381 0.05674953]
 [0.96173078 0.13307467]
 [0.7714582  0.68807928]
 [1.03195368 0.07280619]
 [0.48253925 0.87469483]
 [0.78043054 0.62428942]
 [0.77344477 0.679924  ]
 [0.87170851 0.47725402]
 [0.50361337 0.83876901]
 [0.82856808 0.51266572]
 [0.45628331 0.93524192]
 [0.77827586 0.62484432]
 [0.82174391 0.5199548 ]
 [0.20765535 0.96313128]
 [0.92860603 0.46104812]
 [0.74352457 0.77491087]
 [0.93742691 0.212874  ]
 [0.84176431 0.49385722]
 [0.22171    0.93745638]
 [0.12116776 0.98689078]
 [0.10312417 1.00604198]
 [0.48080783 0.90994819]
 [0.86287791 0.48818015]]
