[[1.68005678 1.30700616 9.63388057 2.58191717]
 [0.55867567 3.33434245 9.48881637 0.91937637]
 [1.25823323 1.90660622 9.63603167 2.93609384]
 [0.57152466 2.80940531 8.87781336 1.32397866]
 [0.52797523 5.26156423 9.81340468 2.07869755]
 [3.86881903 0.35900401 9.54842408 4.03434956]
 [1.25823323 1.89727819 9.63603167 1.43112134]
 [0.50784354 5.28941827 5.87386692 0.53161179]
 [0.43379929 4.19864874 8.65190854 0.52291692]
 [0.61026881 2.56987231 9.60000241 1.2892189 ]
 [1.78078663 1.30700616 9.80949648 2.58191717]
 [0.70280149 1.85834044 9.70171865 3.75856944]
 [3.4817066  0.3083882  9.90595586 4.60830852]
 [3.72030406 2.8480031  9.91299983 4.68080947]
 [1.42837016 0.93636928 9.33824205 3.73921392]
 [0.60185179 3.76355571 9.81340468 2.32669343]
 [0.21451785 9.38850569 8.88249965 0.55351441]
 [1.01059021 1.68449117 9.69061185 1.98756451]
 [0.57152466 2.80940531 9.81097668 1.79518249]]
