[[3.60699608e+01 1.65566552e+01]
 [2.46068013e+00 4.05072176e+01]
 [7.76812641e+00 3.22621992e+01]
 [3.44753316e+01 1.71025222e+01]
 [3.38364045e+00 3.78835185e+01]
 [2.70786533e+01 2.03287759e+01]
 [7.01718697e+00 3.32064912e+01]
 [2.06701379e+01 2.30235463e+01]
 [8.35413583e+01 6.42080819e+00]
 [6.42545421e-02 4.82357273e+01]
 [5.60857909e+01 1.11194220e+01]
 [4.34786818e+00 3.65027909e+01]
 [6.81555654e+01 8.66305532e+00]
 [8.89085385e-01 4.35860832e+01]
 [1.45298019e+01 2.68269711e+01]
 [5.83176055e+01 1.06016468e+01]
 [7.07409588e+00 3.29968040e+01]
 [4.22734344e+01 1.46637253e+01]
 [7.64913006e+01 7.61132999e+00]
 [2.05528226e+01 2.32543913e+01]
 [1.04976551e+01 2.98948891e+01]
 [5.10129214e+01 1.23026655e+01]
 [4.83307391e+01 1.30055861e+01]
 [6.08506073e+01 1.02258165e+01]
 [7.47103428e+00 3.27839613e+01]
 [1.93888691e-01 4.71300901e+01]
 [3.56757064e+01 1.67682477e+01]
 [4.66951383e+00 3.58988353e+01]
 [2.62542348e+00 3.94629533e+01]
 [6.83382844e+01 8.64617576e+00]
 [2.13531304e+01 2.26859973e+01]
 [5.00504672e+01 1.25116603e+01]
 [1.88251444e+01 2.41843976e+01]
 [4.03239394e+00 3.69383522e+01]
 [2.38404433e+01 2.15314788e+01]
 [3.69837635e+01 1.63225093e+01]
 [8.64919865e+01 6.15676129e+00]
 [3.54154819e+01 1.70003975e+01]
 [3.36542071e+01 1.74010150e+01]
 [3.20537255e+00 3.81544643e+01]
 [4.94481916e+00 3.56141364e+01]
 [2.83518875e+01 1.95538827e+01]
 [2.40538698e+01 2.14695150e+01]
 [6.48609556e+01 9.26874806e+00]
 [3.28657332e+01 1.79414954e+01]
 [6.06954934e-01 4.46429501e+01]
 [5.47601897e+01 1.14526626e+01]
 [9.90476527e+01 5.07914604e+00]
 [6.45864353e+01 9.31960139e+00]
 [2.13478891e+01 2.26885560e+01]
 [1.13374922e+02 4.46832749e+00]
 [2.96668072e+00 3.85624460e+01]
 [2.50081477e+01 2.10086719e+01]
 [4.32600378e+01 1.43071468e+01]
 [4.06141688e+01 1.50906281e+01]
 [1.05450740e-01 4.78701260e+01]
 [3.00803969e+01 1.87489800e+01]
 [9.04792652e+01 6.00114823e+00]
 [1.66050830e+01 2.54028566e+01]
 [8.33180521e+01 6.45842156e+00]
 [5.86403037e+01 1.05229676e+01]
 [1.62929153e+01 2.57177034e+01]
 [8.24291670e+01 6.67460903e+00]
 [7.85487764e-01 4.39457871e+01]
 [9.42084969e+00 3.09394790e+01]
 [8.03527008e+01 6.88762596e+00]
 [2.85133492e+01 1.94744295e+01]
 [2.89859020e+01 1.91768804e+01]
 [5.86227839e+01 1.05672354e+01]
 [6.90384917e+01 8.51613529e+00]
 [1.25107774e+01 2.82025305e+01]
 [1.74684062e+01 2.49488897e+01]
 [6.48401304e+01 9.28118046e+00]
 [2.52439212e+01 2.07836733e+01]
 [1.43186582e+01 2.69534430e+01]
 [1.93138326e+01 2.38679011e+01]
 [6.22464575e+01 9.78316239e+00]
 [5.70841924e+01 1.08471778e+01]
 [2.93100697e+01 1.90512875e+01]
 [7.50374138e+01 7.62394583e+00]
 [2.95592106e+00 3.86818492e+01]
 [3.71351621e+01 1.61943631e+01]
 [1.96609611e+01 2.35626941e+01]
 [2.50045650e+01 2.10708092e+01]
 [7.65548040e+01 7.36822370e+00]
 [6.33335777e+01 9.60402853e+00]
 [9.73521584e+01 5.19314663e+00]
 [2.00263209e-01 4.68914907e+01]
 [1.13508129e+02 4.41736525e+00]
 [3.91344145e+01 1.55970635e+01]
 [1.13449766e+01 2.90192669e+01]
 [3.29676442e+01 1.78205138e+01]
 [3.22849646e+01 1.79491734e+01]
 [4.31461796e+01 1.44270856e+01]
 [1.89896036e+01 2.39866794e+01]
 [3.14294157e+00 3.83532278e+01]
 [2.20069350e+01 2.26774986e+01]
 [1.45828123e+01 2.67165838e+01]
 [4.06835435e+01 1.50846879e+01]
 [2.55354548e-01 4.68738690e+01]
 [4.53417407e+01 1.39721322e+01]
 [4.72712710e+01 1.34821075e+01]
 [5.92137269e-01 4.47833626e+01]
 [4.53675410e+01 1.38832332e+01]
 [4.15240618e+01 1.48236394e+01]
 [6.47299917e-01 4.45827950e+01]
 [5.74680226e-02 4.83198920e+01]
 [8.54367416e+00 3.15473941e+01]
 [8.10011270e+00 3.20794361e+01]
 [2.47859734e+00 3.95093048e+01]
 [3.11714133e+01 1.83205793e+01]
 [3.75563921e+01 1.60635929e+01]
 [1.23144101e+01 2.83182960e+01]
 [1.37643206e+01 2.72838738e+01]
 [2.94076429e+00 3.87716388e+01]
 [4.95795767e+01 1.26551596e+01]
 [6.26306655e+01 9.70374546e+00]
 [5.68913952e+01 1.08893242e+01]
 [9.79490951e+01 5.14130093e+00]
 [3.05839551e+00 3.84109844e+01]
 [2.20873392e+00 4.07356816e+01]
 [1.91314893e+00 4.07458238e+01]
 [5.73747262e+01 1.07886251e+01]
 [8.53758005e+01 6.26907590e+00]
 [4.97432729e+01 1.26087591e+01]
 [2.74160583e+01 2.01502216e+01]
 [7.57620926e-02 4.80728664e+01]
 [5.18316402e+01 1.20514657e+01]
 [1.77774524e-01 4.72293520e+01]
 [1.26455844e+02 4.11713191e+00]
 [6.36498530e-02 4.82452482e+01]
 [1.52038231e+01 2.64583957e+01]
 [2.08889532e+01 2.29049128e+01]
 [2.41160710e+01 2.13175558e+01]
 [3.19157991e+01 1.80623940e+01]
 [4.75155958e+01 1.31753266e+01]
 [1.19603628e+02 4.33469051e+00]
 [2.24217111e+01 2.24294528e+01]
 [3.89597160e+01 1.57653376e+01]
 [5.15706718e+00 3.53713980e+01]
 [4.65714315e-02 4.84910054e+01]
 [2.96430927e-02 4.90038310e+01]
 [8.14503057e+00 3.19002642e+01]
 [9.83100314e+01 5.12239399e+00]
 [1.64959784e+01 2.54315776e+01]
 [6.03612044e+01 1.02448854e+01]
 [2.35898077e+01 2.15612715e+01]
 [2.22797644e+01 2.24475067e+01]
 [3.13088831e+01 1.83036406e+01]
 [1.06570175e+02 4.65126303e+00]
 [1.09508665e+02 4.62832398e+00]
 [6.22788631e+01 9.76875645e+00]
 [1.03511410e+02 4.82323183e+00]
 [2.91653633e+01 1.91178264e+01]
 [1.32453042e+00 4.31188406e+01]
 [6.30614625e+01 9.61480411e+00]
 [4.14890930e+01 1.48673100e+01]
 [3.67846663e+01 1.65383569e+01]
 [2.44639360e+01 2.12342607e+01]
 [5.55662026e+00 3.49679719e+01]
 [2.62898102e+01 2.04014636e+01]
 [1.57731548e+01 2.58917249e+01]
 [8.95707837e+00 3.12518476e+01]
 [4.61116576e+01 1.35495010e+01]
 [6.61491141e-01 4.45706541e+01]
 [1.55527371e-01 4.74421883e+01]
 [1.83476837e+01 2.43717426e+01]
 [7.91564320e+01 7.07959893e+00]
 [1.93747323e+01 2.37199622e+01]
 [1.06681933e+02 4.63799993e+00]
 [3.94939673e+01 1.54746126e+01]
 [4.23836749e+01 1.46499824e+01]
 [4.43252643e+01 1.42125173e+01]
 [7.81177556e+00 3.22132829e+01]
 [1.63763104e+01 2.56055505e+01]
 [1.45413874e+00 4.22331863e+01]
 [5.25742358e+01 1.18827088e+01]
 [5.52645469e+01 1.12501293e+01]
 [2.89018733e+01 1.92230886e+01]
 [4.94771303e+01 1.26910637e+01]
 [9.18008753e+01 5.66968971e+00]
 [9.51997971e+00 3.05692790e+01]
 [1.25441311e+02 4.17932416e+00]
 [1.33150083e+01 2.75359622e+01]
 [1.26545602e+01 2.80413956e+01]
 [2.04725242e+01 2.32648087e+01]
 [5.14012527e+01 1.22873667e+01]
 [4.52655316e+01 1.40636570e+01]
 [4.62111745e+01 1.34848045e+01]
 [3.15512222e-01 4.65177189e+01]
 [4.87126943e+01 1.29845843e+01]
 [6.43084428e+01 9.39775726e+00]
 [2.59712942e+01 2.05934645e+01]
 [3.59299539e+01 1.66080240e+01]
 [1.17905503e+01 2.86891931e+01]
 [5.64469021e+00 3.46423790e+01]
 [2.98053302e+00 3.85381807e+01]
 [4.76592857e+01 1.31023315e+01]
 [1.14802095e+01 2.89217767e+01]
 [7.81470007e+01 7.09282181e+00]
 [2.55896598e+01 2.06705911e+01]
 [1.14728162e+02 4.33576322e+00]
 [1.20513031e+01 2.84661744e+01]
 [4.23706142e+00 3.65040921e+01]
 [1.22231092e+02 4.24518648e+00]
 [7.79330415e+01 7.18383292e+00]
 [3.35104384e+01 1.74535885e+01]
 [9.56188081e+01 5.41417953e+00]
 [4.99837436e+01 1.25504053e+01]
 [1.01955845e+02 4.89103855e+00]
 [2.69095625e+01 2.03885192e+01]
 [9.78771806e+01 5.17407309e+00]
 [2.35108547e+01 2.20618105e+01]
 [7.68130938e+01 7.29795602e+00]
 [2.91746453e+01 1.91114252e+01]
 [8.65199795e+01 6.15399944e+00]
 [7.31127734e+01 7.82996586e+00]
 [1.08656440e+00 4.32349237e+01]
 [6.47610335e+01 9.30176594e+00]
 [4.25465812e+01 1.46285284e+01]
 [1.80332398e+01 2.45382228e+01]
 [2.70223970e+00 3.90533152e+01]
 [1.02145597e+01 3.00990297e+01]
 [7.30843146e+01 8.10705656e+00]
 [4.00525979e+01 1.52762356e+01]
 [8.38438023e+00 3.16284794e+01]
 [2.98665771e+01 1.88418835e+01]
 [6.89560795e+01 8.52263524e+00]
 [2.38530045e+01 2.14844974e+01]
 [1.46698683e+01 2.66455582e+01]
 [1.86014825e+01 2.43037334e+01]
 [5.38964299e+01 1.17260721e+01]
 [6.16426851e+01 9.92026191e+00]
 [1.18219907e+01 2.86632680e+01]
 [6.01437918e+01 1.02649267e+01]
 [4.94688329e+01 1.26933806e+01]
 [4.02793337e+01 1.51925934e+01]
 [8.15965391e+00 3.18418128e+01]
 [5.21785228e+01 1.19960478e+01]
 [4.84493676e-01 4.53871995e+01]
 [8.45490833e+01 6.35664382e+00]
 [4.02906797e-01 4.56124923e+01]
 [3.31705649e+01 1.78189422e+01]
 [5.06869247e+01 1.23321872e+01]
 [1.41444377e+01 2.69838175e+01]
 [9.05681684e+01 5.76601163e+00]
 [4.33894077e+01 1.42740715e+01]
 [2.06028522e+01 2.31849115e+01]
 [7.92800863e+01 6.94382623e+00]
 [6.09875657e+00 3.41684152e+01]
 [6.34345720e+01 9.55298022e+00]
 [9.40671419e+00 3.09472891e+01]
 [3.43966793e+01 1.72756355e+01]
 [5.18210049e+01 1.20664220e+01]
 [6.75681841e+01 8.77617812e+00]
 [3.48019955e+01 1.70080289e+01]
 [2.61226244e+01 2.04878554e+01]
 [1.77921637e+01 2.46851102e+01]
 [2.02918343e+01 2.35034533e+01]
 [6.16246226e+01 9.96106865e+00]
 [1.10445839e+02 4.49174925e+00]
 [3.07500826e+01 1.85490617e+01]
 [4.59829252e+01 1.35634296e+01]
 [3.85630915e+00 3.74003105e+01]
 [6.64244336e+01 8.98539868e+00]
 [7.81174677e+01 7.09782981e+00]
 [1.53151551e+01 2.62740194e+01]
 [8.08550712e+01 6.75387832e+00]
 [5.46481442e+01 1.15176870e+01]
 [1.23974306e+02 4.20048151e+00]
 [1.76636515e+01 2.47225490e+01]
 [4.17561892e+00 3.65965107e+01]
 [6.85773032e+01 8.58781376e+00]
 [9.82265457e+00 3.04031698e+01]
 [8.45594153e+01 6.30449854e+00]
 [7.48239257e+00 3.25359051e+01]
 [1.53549873e+00 4.17236959e+01]
 [6.32681180e+01 9.60817255e+00]
 [1.56232311e+01 2.59892150e+01]
 [1.01597917e+02 4.95123202e+00]
 [1.40068790e+01 2.71442838e+01]
 [8.07786036e+01 6.80797282e+00]
 [4.50377188e+01 1.41383113e+01]
 [3.95570017e-02 4.88707498e+01]
 [3.85138546e+01 1.57937775e+01]
 [6.90006465e-01 4.42994813e+01]
 [5.59298190e+01 1.11919480e+01]
 [9.47238136e+01 5.42936962e+00]
 [1.12113640e+01 2.91433933e+01]
 [4.91679024e+01 1.27132105e+01]
 [3.38478608e+00 3.78386832e+01]
 [3.45785878e+00 3.77711270e+01]
 [1.00235312e+00 4.33486082e+01]
 [1.29022143e+01 2.78355962e+01]
 [6.87556423e+01 8.55807393e+00]
 [7.07716794e+01 8.20789564e+00]
 [1.01337464e+02 4.99942989e+00]
 [4.96751268e+01 1.26104156e+01]
 [2.81803273e+01 1.95980253e+01]
 [2.25702996e+01 2.21072061e+01]
 [5.52568580e+01 1.13471681e+01]
 [1.31461983e+02 4.01371120e+00]
 [1.54995585e+01 2.60953485e+01]
 [1.02292766e+02 4.88454680e+00]
 [7.02285967e+01 8.29985948e+00]
 [5.16601899e+01 1.22617108e+01]
 [3.13900245e+01 1.82306203e+01]
 [5.56100758e+01 1.12398243e+01]
 [3.63602763e-01 4.60913296e+01]
 [4.42024094e+01 1.42729800e+01]
 [8.30743270e+00 3.17551246e+01]
 [8.52456770e+01 6.28245091e+00]
 [7.23805538e+01 8.16340680e+00]
 [6.60570724e+01 9.05141296e+00]
 [2.35166322e+01 2.16144634e+01]
 [3.09668382e+01 1.83950343e+01]
 [1.04731962e+02 4.78488892e+00]
 [8.11135503e+01 6.73912367e+00]
 [1.49810848e+01 2.64589371e+01]
 [2.50968323e+01 2.09978423e+01]
 [4.64733241e+00 3.59242706e+01]
 [6.00094201e+00 3.44121120e+01]
 [6.59371715e+01 9.09286705e+00]
 [2.45453623e+01 2.11087635e+01]
 [9.24549313e+01 5.62002280e+00]
 [5.77162857e+01 1.07124431e+01]
 [7.55854652e+01 7.62033861e+00]
 [1.12435804e+01 2.91226178e+01]
 [2.04279106e+01 2.32856870e+01]
 [5.77430934e-01 4.47886157e+01]
 [6.10163881e+01 1.00417642e+01]
 [9.64410779e+01 5.24466400e+00]
 [2.43347932e+01 2.12968086e+01]
 [7.19323926e+01 8.16456266e+00]
 [5.06667867e+01 1.23563513e+01]
 [5.23573574e+01 1.19484582e+01]
 [6.98020935e+01 8.37754645e+00]
 [3.73962740e+01 1.61091693e+01]
 [1.82981658e+01 2.45253471e+01]
 [1.58256066e+01 2.58485381e+01]
 [2.74351554e+00 3.90379528e+01]
 [7.07256030e+01 8.21497442e+00]
 [6.99934446e+01 8.34038982e+00]]
