[[3.60699608e+01 1.65566552e+01]
 [2.46068013e+00 4.05072176e+01]
 [7.76812641e+00 3.22621992e+01]
 [2.61940879e+01 2.05456462e+01]
 [3.44753316e+01 1.71025222e+01]
 [2.86511655e+01 1.95368564e+01]
 [3.38364045e+00 3.78835185e+01]
 [7.01718697e+00 3.32064912e+01]
 [2.06701379e+01 2.30235463e+01]
 [8.35413583e+01 6.42080819e+00]
 [6.42545421e-02 4.82357273e+01]
 [5.60857909e+01 1.11194220e+01]
 [6.81555654e+01 8.66305532e+00]
 [8.89085385e-01 4.35860832e+01]
 [6.14466549e-01 4.47011988e+01]
 [1.45298019e+01 2.68269711e+01]
 [5.83176055e+01 1.06016468e+01]
 [7.04643053e+01 8.30666886e+00]
 [2.37133311e+01 2.18482271e+01]
 [7.07409588e+00 3.29968040e+01]
 [6.16784942e+01 9.95395502e+00]
 [5.10129214e+01 1.23026655e+01]
 [4.83307391e+01 1.30055861e+01]
 [3.09838326e+01 1.84529702e+01]
 [9.12337203e+00 3.15838444e+01]
 [9.65869014e+01 5.29510110e+00]
 [7.47103428e+00 3.27839613e+01]
 [1.93888691e-01 4.71300901e+01]
 [3.56757064e+01 1.67682477e+01]
 [3.01435576e+00 3.87437753e+01]
 [4.66951383e+00 3.58988353e+01]
 [5.69893656e+01 1.08917859e+01]
 [2.62542348e+00 3.94629533e+01]
 [6.83382844e+01 8.64617576e+00]
 [4.34026601e+01 1.43443386e+01]
 [2.13531304e+01 2.26859973e+01]
 [5.00504672e+01 1.25116603e+01]
 [1.88251444e+01 2.41843976e+01]
 [5.13824242e-01 4.54694508e+01]
 [2.58119506e+00 3.96677531e+01]
 [4.96488974e+01 1.29432400e+01]
 [4.03239394e+00 3.69383522e+01]
 [2.38404433e+01 2.15314788e+01]
 [4.75859928e+01 1.32989730e+01]
 [8.64919865e+01 6.15676129e+00]
 [3.54154819e+01 1.70003975e+01]
 [3.36542071e+01 1.74010150e+01]
 [3.20537255e+00 3.81544643e+01]
 [4.94481916e+00 3.56141364e+01]
 [2.83518875e+01 1.95538827e+01]
 [1.27649019e+01 2.80997480e+01]
 [6.48609556e+01 9.26874806e+00]
 [5.05834735e+01 1.23675360e+01]
 [3.43372301e+01 1.71514592e+01]
 [1.93779981e+01 2.37564183e+01]
 [5.01455835e+01 1.24796289e+01]
 [6.33070848e+01 9.61319687e+00]
 [5.40210633e+01 1.15365319e+01]
 [1.10958087e+01 2.96911065e+01]
 [6.83013424e+00 3.33587758e+01]
 [3.12500802e+01 1.84325539e+01]
 [6.43486652e+01 9.37801384e+00]
 [1.20306667e+01 2.85309140e+01]
 [2.25733983e+01 2.24263055e+01]
 [7.44505565e+01 7.63696884e+00]
 [5.89411434e+01 1.05818184e+01]
 [4.67329773e+01 1.33736789e+01]
 [3.88029074e+01 1.58309290e+01]
 [3.01727971e+01 1.87087766e+01]
 [1.34130912e+00 4.22112876e+01]
 [2.15113580e+01 2.25891640e+01]
 [7.93024178e+01 7.29668767e+00]
 [3.35921562e-01 4.59875418e+01]
 [5.79757966e+01 1.06536827e+01]
 [4.76391019e+01 1.32669915e+01]
 [9.12935351e+00 3.13889598e+01]
 [2.15758789e+01 2.25489721e+01]
 [2.66596827e+01 2.02184574e+01]
 [2.58182713e+01 2.08055238e+01]
 [8.12972023e-01 4.41664531e+01]
 [7.79711709e+00 3.22085453e+01]
 [4.45625951e+01 1.40918550e+01]
 [9.29939777e+00 3.10579557e+01]
 [1.79399730e+01 2.52554634e+01]
 [6.96871304e+01 8.40558730e+00]
 [2.47211051e+01 2.10275627e+01]
 [1.42926711e+01 2.71591155e+01]
 [3.79945778e+01 1.59323796e+01]
 [8.62804999e+00 3.15900942e+01]
 [1.31969028e+01 2.76972815e+01]
 [2.76770048e+01 1.99347921e+01]
 [2.77386830e+00 3.89277638e+01]
 [4.67663491e+01 1.33526234e+01]
 [2.37216027e+01 2.17945128e+01]
 [4.21620745e+01 1.46265005e+01]
 [3.75361146e+00 3.72747338e+01]
 [6.96135576e+01 8.42397176e+00]
 [3.26021873e+01 1.77876950e+01]
 [8.02485554e+01 7.11869063e+00]
 [3.27101692e+01 1.77589149e+01]
 [6.91123586e+01 8.55038487e+00]
 [7.01730799e+01 8.31113849e+00]
 [3.91416147e+01 1.55467138e+01]
 [1.79816284e+01 2.45904349e+01]
 [5.32432904e+01 1.18283137e+01]
 [7.34291820e+01 7.93473231e+00]
 [6.91922583e-01 4.44418788e+01]
 [7.19408245e+01 8.01237546e+00]
 [2.02291111e+00 4.05086490e+01]
 [2.62728519e-01 4.64450476e+01]
 [4.13293070e+00 3.68514178e+01]
 [5.34718436e+01 1.16612434e+01]
 [2.24910830e+01 2.25071271e+01]
 [4.50652135e+01 1.38072019e+01]
 [1.21033246e+01 2.84498708e+01]
 [1.02984042e+00 4.31941739e+01]
 [4.28413418e+00 3.64353428e+01]
 [6.06772742e+01 1.00926354e+01]
 [5.17815690e+01 1.20756660e+01]
 [5.00753781e+01 1.24841183e+01]
 [3.64208919e+01 1.64783257e+01]
 [1.18525391e+01 2.91312741e+01]
 [2.05031630e+01 2.31204647e+01]
 [5.52778958e+01 1.14322952e+01]
 [7.86663475e+01 7.52203294e+00]
 [2.08699861e+01 2.29201545e+01]
 [1.19158618e+01 2.86011782e+01]
 [6.63635342e+00 3.35711615e+01]
 [7.55021071e+01 7.54871021e+00]
 [3.07616791e+00 3.84229732e+01]
 [3.61216653e+01 1.65370669e+01]
 [1.17008188e+02 4.27896526e+00]
 [5.54285512e+00 3.47400966e+01]
 [1.38130056e+01 2.71766147e+01]
 [2.16052011e+01 2.25382921e+01]
 [8.16955168e+00 3.18509751e+01]
 [1.88022800e+01 2.44564866e+01]
 [2.39486452e+01 2.15089299e+01]
 [3.18089803e+01 1.80723107e+01]
 [9.57419990e+00 3.10439388e+01]
 [4.17607904e+01 1.47809269e+01]
 [2.71739292e+00 3.90644726e+01]
 [2.71018794e+01 2.00751686e+01]
 [5.78703316e+01 1.06768287e+01]
 [4.98169019e+01 1.28661928e+01]
 [1.37317649e+01 2.73074114e+01]
 [1.07051816e+02 4.67026914e+00]
 [2.92476343e+01 1.95055535e+01]
 [3.37242569e+01 1.73749968e+01]
 [4.39957182e+01 1.41878364e+01]
 [5.81417257e+01 1.06304365e+01]
 [2.40070712e+01 2.14644915e+01]
 [5.61538984e+01 1.10538522e+01]
 [2.34365330e+01 2.19281954e+01]
 [3.80138348e+01 1.59295800e+01]
 [7.13078218e+01 8.16382924e+00]
 [1.69636462e+00 4.13397918e+01]
 [1.13656580e+02 4.49326475e+00]
 [3.73435074e-02 4.86615141e+01]
 [8.82761764e+01 6.09398763e+00]
 [9.51896964e+01 5.69098482e+00]
 [1.58890707e+01 2.60197553e+01]
 [3.74015207e+01 1.61403758e+01]
 [5.56050810e+01 1.12007336e+01]
 [3.77630457e+01 1.60038604e+01]
 [5.30649776e+01 1.19450243e+01]
 [1.34248552e+01 2.75309972e+01]
 [3.69543405e+01 1.62580023e+01]
 [7.64165984e+00 3.25149627e+01]
 [2.37792051e+01 2.16509035e+01]
 [1.53289227e+00 4.16458306e+01]
 [7.24624022e+01 7.95836174e+00]
 [1.15438260e+01 2.94260240e+01]
 [5.55728935e+01 1.12254208e+01]
 [4.16182005e+01 1.49060118e+01]
 [2.25823594e+01 2.20928556e+01]
 [6.70985190e+01 8.85315183e+00]
 [8.10972592e+01 6.78641638e+00]
 [4.68833120e+01 1.33497642e+01]
 [3.15449209e+01 1.82131552e+01]
 [5.59615462e+01 1.11971823e+01]
 [6.08626541e+01 1.00559395e+01]
 [4.33039506e-01 4.57469850e+01]
 [9.52400005e+01 5.57547868e+00]
 [5.37575082e+01 1.16323324e+01]
 [1.11223202e+00 4.31226219e+01]
 [3.01381936e+01 1.89666184e+01]
 [1.04352000e+01 2.97912385e+01]
 [8.08179080e+01 6.93861001e+00]
 [4.99747084e+01 1.25183386e+01]
 [7.14951769e-01 4.42144503e+01]
 [8.55561601e+01 6.35363199e+00]
 [1.98779365e+01 2.34516286e+01]
 [6.13290033e+01 9.96664913e+00]
 [6.96790696e+01 8.40691878e+00]
 [5.53336003e+01 1.12343261e+01]
 [3.22170168e+01 1.79188486e+01]
 [2.25611285e+01 2.24790882e+01]
 [8.97303560e+01 5.84264441e+00]
 [6.27867774e+01 9.81385448e+00]
 [4.43969690e+01 1.41224162e+01]
 [9.82792506e-01 4.35136991e+01]
 [8.33460369e+01 6.72908006e+00]
 [6.30567934e+01 9.61540048e+00]
 [1.75368039e+01 2.56077301e+01]
 [1.88929647e+00 4.10392263e+01]
 [4.04366411e+01 1.51509678e+01]
 [2.46867834e+01 2.11602158e+01]
 [8.12826496e+00 3.19836896e+01]
 [6.36256969e+01 9.50474147e+00]
 [2.44442495e+01 2.12531175e+01]
 [6.20467294e+00 3.40295729e+01]
 [2.98174497e+01 1.91213631e+01]
 [1.15255405e+02 4.40548358e+00]
 [5.90787159e+01 1.04440129e+01]
 [4.31142963e+01 1.44438039e+01]
 [6.54118142e+01 9.16404223e+00]
 [2.48194735e+00 4.04989545e+01]
 [6.88548285e+01 8.56619424e+00]
 [1.02120380e+02 4.90526289e+00]
 [2.78370900e+01 1.97811113e+01]]
