[[3.60699608e+01 1.65566552e+01]
 [7.76812641e+00 3.22621992e+01]
 [3.44753316e+01 1.71025222e+01]
 [3.38364045e+00 3.78835185e+01]
 [7.01718697e+00 3.32064912e+01]
 [2.06701379e+01 2.30235463e+01]
 [8.35413583e+01 6.42080819e+00]
 [6.42545421e-02 4.82357273e+01]
 [5.60857909e+01 1.11194220e+01]
 [6.81555654e+01 8.66305532e+00]
 [8.89085385e-01 4.35860832e+01]
 [6.14466549e-01 4.47011988e+01]
 [1.45298019e+01 2.68269711e+01]
 [5.83176055e+01 1.06016468e+01]
 [7.04643053e+01 8.30666886e+00]
 [7.07409588e+00 3.29968040e+01]
 [1.04976551e+01 2.98948891e+01]
 [5.10129214e+01 1.23026655e+01]
 [4.83307391e+01 1.30055861e+01]
 [3.09838326e+01 1.84529702e+01]
 [9.65869014e+01 5.29510110e+00]
 [1.93888691e-01 4.71300901e+01]
 [3.56757064e+01 1.67682477e+01]
 [1.17329489e+02 4.34324222e+00]
 [4.66951383e+00 3.58988353e+01]
 [5.69893656e+01 1.08917859e+01]
 [6.83382844e+01 8.64617576e+00]
 [2.13531304e+01 2.26859973e+01]
 [5.00504672e+01 1.25116603e+01]
 [5.13824242e-01 4.54694508e+01]
 [4.03239394e+00 3.69383522e+01]
 [8.64919865e+01 6.15676129e+00]
 [3.36542071e+01 1.74010150e+01]
 [3.20537255e+00 3.81544643e+01]
 [4.94481916e+00 3.56141364e+01]
 [2.83518875e+01 1.95538827e+01]
 [2.40538698e+01 2.14695150e+01]
 [6.48609556e+01 9.26874806e+00]
 [5.05834735e+01 1.23675360e+01]
 [3.43372301e+01 1.71514592e+01]
 [1.93779981e+01 2.37564183e+01]
 [5.01455835e+01 1.24796289e+01]
 [6.33070848e+01 9.61319687e+00]
 [5.40210633e+01 1.15365319e+01]
 [6.83013424e+00 3.33587758e+01]
 [3.12500802e+01 1.84325539e+01]
 [6.43486652e+01 9.37801384e+00]
 [1.20306667e+01 2.85309140e+01]
 [7.44505565e+01 7.63696884e+00]
 [4.67329773e+01 1.33736789e+01]
 [3.01727971e+01 1.87087766e+01]
 [1.34130912e+00 4.22112876e+01]
 [2.15113580e+01 2.25891640e+01]
 [7.93024178e+01 7.29668767e+00]
 [3.35921562e-01 4.59875418e+01]
 [5.79757966e+01 1.06536827e+01]
 [2.15758789e+01 2.25489721e+01]
 [2.66596827e+01 2.02184574e+01]
 [7.79711709e+00 3.22085453e+01]
 [4.45625951e+01 1.40918550e+01]
 [6.96871304e+01 8.40558730e+00]
 [2.47211051e+01 2.10275627e+01]
 [3.79945778e+01 1.59323796e+01]
 [8.62804999e+00 3.15900942e+01]
 [2.77386830e+00 3.89277638e+01]
 [4.67663491e+01 1.33526234e+01]
 [4.21620745e+01 1.46265005e+01]
 [3.75361146e+00 3.72747338e+01]
 [5.38580768e+01 1.16485177e+01]
 [6.96135576e+01 8.42397176e+00]
 [3.26021873e+01 1.77876950e+01]
 [8.02485554e+01 7.11869063e+00]
 [3.27101692e+01 1.77589149e+01]
 [6.91123586e+01 8.55038487e+00]
 [7.01730799e+01 8.31113849e+00]
 [3.91416147e+01 1.55467138e+01]
 [1.79816284e+01 2.45904349e+01]
 [6.91922583e-01 4.44418788e+01]
 [7.19408245e+01 8.01237546e+00]
 [2.02291111e+00 4.05086490e+01]
 [2.62728519e-01 4.64450476e+01]
 [4.13293070e+00 3.68514178e+01]
 [5.34718436e+01 1.16612434e+01]
 [4.50652135e+01 1.38072019e+01]
 [1.21033246e+01 2.84498708e+01]
 [1.02984042e+00 4.31941739e+01]
 [4.28413418e+00 3.64353428e+01]
 [6.06772742e+01 1.00926354e+01]
 [5.17815690e+01 1.20756660e+01]
 [5.00753781e+01 1.24841183e+01]
 [3.64208919e+01 1.64783257e+01]
 [2.05031630e+01 2.31204647e+01]
 [5.52778958e+01 1.14322952e+01]
 [2.08699861e+01 2.29201545e+01]
 [1.19158618e+01 2.86011782e+01]
 [3.60147008e+01 1.66956781e+01]
 [1.41624463e+00 4.19642958e+01]
 [2.18207191e+00 4.01005677e+01]
 [7.09630621e+01 8.18251721e+00]
 [7.32905725e+01 7.80331402e+00]
 [6.39186693e+01 9.46243930e+00]
 [2.99171409e+01 1.88154538e+01]
 [5.68011641e+00 3.48922452e+01]
 [5.79406439e+01 1.06615388e+01]
 [8.69985118e+00 3.15208134e+01]
 [6.17388396e+01 9.88386160e+00]
 [2.76710956e+01 1.97216465e+01]
 [3.78735500e+01 1.60826086e+01]
 [3.39703682e+01 1.72797952e+01]
 [3.11710112e+01 1.84462971e+01]
 [1.14221603e+01 2.90338290e+01]
 [7.29884071e+01 7.85652240e+00]
 [6.65957702e+00 3.35761655e+01]
 [6.60622646e+01 9.04404406e+00]
 [7.26387335e+00 3.28149341e+01]
 [1.89935255e+01 2.39542084e+01]
 [8.98290597e+01 5.87262957e+00]
 [1.59957415e+00 4.15930845e+01]
 [4.90219390e+01 1.27469474e+01]
 [4.65904102e+00 3.60155754e+01]
 [4.64265309e+01 1.34264990e+01]
 [1.51849824e+01 2.62457580e+01]
 [1.42757879e+01 2.68825864e+01]
 [3.72009529e+01 1.61897965e+01]
 [3.17354115e+01 1.81485282e+01]
 [2.43779936e+00 3.95935045e+01]
 [9.15401703e+00 3.10240831e+01]
 [1.75210694e+01 2.48550859e+01]
 [4.90329696e+01 1.27447142e+01]
 [3.98748676e+01 1.53214381e+01]
 [5.05675235e+00 3.54073223e+01]
 [1.39730904e+01 2.73822381e+01]
 [7.92591256e+00 3.20759247e+01]
 [4.14497823e+01 1.48385144e+01]
 [1.69298285e+01 2.51770984e+01]
 [2.79712804e+01 1.96417636e+01]
 [5.75792510e+01 1.07423058e+01]
 [9.05147208e+00 3.10878785e+01]
 [6.86842505e+00 3.32339969e+01]
 [1.63030094e+01 2.55336468e+01]
 [1.28464337e+01 2.78687432e+01]
 [3.97672525e+00 3.70862842e+01]
 [4.78486607e+01 1.30789748e+01]
 [2.37184900e+01 2.15006854e+01]
 [3.99554597e+00 3.70488245e+01]
 [6.00819875e-02 4.82947230e+01]
 [2.88822055e+00 3.87144616e+01]
 [5.37710108e-01 4.50197357e+01]
 [4.86124948e+01 1.29409779e+01]
 [1.05546994e+01 2.96721623e+01]
 [4.12578997e+01 1.50188493e+01]
 [2.48211394e+01 2.09974032e+01]
 [1.03094148e+01 3.00018891e+01]
 [8.28583428e+00 3.19330592e+01]
 [6.13992663e+00 3.42359010e+01]
 [1.11413737e+01 2.92004353e+01]
 [7.97871243e+01 7.25158970e+00]
 [4.41139604e+00 3.62529467e+01]
 [4.19220930e+01 1.46992807e+01]
 [4.68152236e+01 1.33246294e+01]
 [4.96067394e+01 1.26582504e+01]
 [9.37380160e+00 3.09691382e+01]
 [2.18915653e+01 2.24621758e+01]
 [3.15088335e+01 1.81856401e+01]
 [1.04989802e+01 2.98406001e+01]
 [7.33862157e+01 7.78744150e+00]
 [2.02290439e+01 2.34537072e+01]
 [3.75353972e+00 3.72748382e+01]
 [5.54488698e+01 1.12346701e+01]
 [3.23851992e+01 1.80631214e+01]
 [2.04299884e+01 2.32705828e+01]
 [2.22510612e+01 2.22406716e+01]
 [2.86372741e+01 1.94952486e+01]
 [2.18398320e+00 4.00976964e+01]
 [4.73858745e+01 1.31912868e+01]
 [2.71677817e+01 1.99356617e+01]
 [2.38459834e+01 2.14987853e+01]
 [4.13601097e+01 1.48652521e+01]
 [1.26042162e+01 2.82002572e+01]
 [6.14583943e+01 9.93529651e+00]
 [3.68259680e+01 1.63042843e+01]
 [3.30549626e+01 1.77199503e+01]
 [3.25114177e+00 3.80749885e+01]
 [5.84187687e+00 3.44256351e+01]
 [3.66347497e+00 3.75129963e+01]
 [2.22565444e+01 2.22096135e+01]
 [1.21989247e+01 2.83563706e+01]
 [6.85941239e+01 8.60266685e+00]
 [9.43228195e-02 4.79080139e+01]
 [4.32707075e+01 1.43148832e+01]
 [4.28043795e+01 1.44960742e+01]
 [3.27746459e+01 1.77454172e+01]
 [1.72207852e+01 2.49986029e+01]
 [6.01402134e+01 1.02094792e+01]
 [3.86308194e+00 3.71224162e+01]
 [1.58145659e+01 2.59744753e+01]
 [8.02572910e-01 4.39423610e+01]
 [4.18258913e+01 1.47284905e+01]
 [1.69454113e+00 4.13701572e+01]
 [5.55298890e+01 1.12094953e+01]
 [8.22983446e+01 6.68207024e+00]
 [6.38703450e+01 9.46324796e+00]
 [6.51151382e+01 9.22138642e+00]
 [4.56516758e+01 1.37176801e+01]
 [5.15878901e+01 1.22915890e+01]
 [4.10220105e+01 1.50846740e+01]
 [7.44291061e+00 3.25887961e+01]
 [2.52404548e+00 3.94142251e+01]
 [5.96725633e+01 1.03660870e+01]
 [1.86216040e+00 4.08449426e+01]
 [9.67910613e+01 5.28820533e+00]
 [1.31566980e+01 2.76760299e+01]
 [8.45683194e+00 3.17966343e+01]
 [4.25170179e+01 1.45294970e+01]
 [2.35017481e+01 2.17775283e+01]
 [4.60856957e+01 1.35189309e+01]
 [8.62345834e+01 6.22324488e+00]
 [3.10937778e+00 3.83342734e+01]
 [1.28828090e+02 4.23147548e+00]
 [5.71940319e+01 1.08500528e+01]
 [6.01131746e+00 3.42940831e+01]
 [2.55782938e+01 2.06332222e+01]
 [2.30042116e+01 2.18432465e+01]
 [2.29409437e+01 2.18674272e+01]
 [6.69576489e+01 8.87961633e+00]
 [6.14319070e+01 1.00855299e+01]
 [5.01892782e+01 1.24563566e+01]
 [7.49687766e+00 3.25478109e+01]
 [1.46360368e-01 4.78025702e+01]
 [8.36123341e+01 6.40891418e+00]
 [5.86229127e+01 1.05407586e+01]
 [1.41758928e+01 2.72660781e+01]
 [1.05071738e+02 5.00247865e+00]
 [1.61536160e+00 4.14184771e+01]
 [6.03600334e+01 1.01547620e+01]
 [3.05511273e+01 1.85565846e+01]
 [4.46147753e+00 3.61803456e+01]
 [7.12062161e+01 8.13807771e+00]
 [3.46548338e+01 1.70887084e+01]
 [3.49791497e+01 1.69331527e+01]
 [1.18364581e+01 2.86322569e+01]
 [5.89084233e+01 1.04558348e+01]
 [5.71812897e+01 1.08814330e+01]
 [7.69733993e+01 7.31835861e+00]
 [5.85215344e+00 3.44034619e+01]
 [8.69246763e+01 6.08238123e+00]
 [3.07645644e+01 1.84718844e+01]
 [7.55376557e+00 3.24567492e+01]
 [1.27599817e+01 2.80594500e+01]
 [6.80636933e+01 8.67943974e+00]
 [5.66463587e+01 1.10830576e+01]
 [5.28655144e+01 1.18064452e+01]
 [8.31344384e+01 6.52771347e+00]
 [1.79674068e+01 2.48032651e+01]
 [5.17143566e+01 1.21657774e+01]
 [1.18249634e+01 2.86930283e+01]
 [1.42427871e+01 2.70286609e+01]
 [1.65594351e+01 2.53687264e+01]
 [6.68880282e+01 8.89905878e+00]
 [4.72195683e-01 4.54938892e+01]
 [2.92446852e+01 1.91789553e+01]
 [7.08446272e+01 8.19502254e+00]
 [4.86875614e+01 1.28329454e+01]
 [4.86192510e+01 1.28916558e+01]
 [8.23765259e+00 3.19770742e+01]
 [2.19375591e+01 2.24023523e+01]
 [2.48763186e+01 2.09699308e+01]
 [4.88197967e+01 1.28282604e+01]
 [5.98177883e+01 1.02980018e+01]
 [1.87618785e+01 2.41070588e+01]
 [1.10258063e+02 4.48890978e+00]
 [7.63015818e+01 7.39561724e+00]
 [3.76083235e+01 1.60950661e+01]
 [9.35256170e+01 5.69308493e+00]
 [2.17455026e+00 4.03622757e+01]
 [1.68131253e+01 2.52153768e+01]
 [1.00282784e+01 3.02695109e+01]
 [1.28445596e+01 2.79655351e+01]
 [1.21204132e+02 4.26130487e+00]
 [3.97521355e+01 1.54010874e+01]
 [3.03930112e+01 1.86411095e+01]
 [3.39402708e+01 1.72956664e+01]
 [6.85296493e+01 8.61412861e+00]
 [3.14152669e+00 3.82628195e+01]
 [4.70956194e+00 3.58441643e+01]
 [4.01084500e+01 1.52476459e+01]
 [1.51567582e+01 2.63164310e+01]
 [5.74641423e+01 1.07653887e+01]
 [2.86510989e+01 1.94523231e+01]
 [1.98312078e-01 4.70775130e+01]
 [7.93979345e+00 3.20603569e+01]
 [4.48877584e+01 1.38670982e+01]
 [2.09827439e+01 2.28590815e+01]
 [6.52510528e+01 9.21680376e+00]
 [2.75995042e+01 1.98786913e+01]
 [2.55563322e+00 3.93556866e+01]
 [6.29799654e+01 9.64370116e+00]
 [7.14736571e+01 8.11857215e+00]
 [2.60216442e+01 2.04725867e+01]
 [3.16858447e+01 1.81489780e+01]
 [2.95867219e+01 1.89440284e+01]
 [1.62268686e+01 2.56493611e+01]
 [3.86977237e+01 1.57397288e+01]
 [1.01770781e+02 5.20562303e+00]
 [8.28828958e+01 6.55866994e+00]
 [6.22435133e+01 9.80623124e+00]]
