[[0.94325798 0.44926606]
 [0.78492906 0.54484695]
 [0.13029781 1.01105499]
 [0.46116184 0.9348868 ]
 [0.50759636 0.84113976]
 [0.89153553 0.48233184]
 [1.05199167 0.18112792]
 [0.9547433  0.43567231]
 [0.53330791 0.81016095]
 [0.77827586 0.73109425]
 [0.49237344 0.88855672]
 [1.00154658 0.2673036 ]
 [1.09081578 0.1337832 ]
 [0.8739401  0.50597269]
 [0.98295244 0.32033959]
 [0.51023113 0.82691976]
 [0.77845436 0.6309841 ]
 [0.10991127 1.02421668]
 [0.49274404 0.86120506]
 [0.19384517 0.94625408]
 [0.83770644 0.54429613]]
