[[0.9033715  0.48401105]
 [1.00005575 0.09992707]
 [0.44256509 0.93648776]
 [0.04862135 1.04185802]
 [0.71273752 0.76359901]
 [0.95180884 0.20885337]
 [1.00355348 0.08954111]
 [0.80022652 0.5156043 ]
 [0.79629416 0.57567555]
 [0.04741874 1.04293652]
 [0.48393576 0.85387738]
 [0.52745372 0.78916731]
 [0.05206736 1.04038319]
 [0.86731245 0.51277127]
 [0.89239302 0.49607213]
 [0.51052011 0.84798646]
 [0.79646652 0.5367779 ]
 [0.15178986 0.94759104]
 [0.45702583 0.92854758]
 [0.14903993 0.95754893]
 [0.11787157 0.97593886]
 [0.51433337 0.84633387]
 [0.74442534 0.76073041]
 [0.97480099 0.12403942]
 [1.03967037 0.08259538]
 [0.62583785 0.78740475]
 [1.04173346 0.04717553]
 [0.51660853 0.82446639]
 [0.67185014 0.77725974]
 [0.05562555 1.0367856 ]
 [0.77402759 0.5820321 ]
 [0.9303083  0.4463474 ]
 [0.79495584 0.58145487]]
