[[3.35399342e+01 5.29738176e-04]
 [3.01826168e+01 6.43306621e-04]
 [1.27637706e+01 1.51710543e-03]
 [2.15704155e+01 8.53806949e-04]
 [2.31347292e+01 7.75968895e-04]
 [2.98334016e+01 6.67706935e-04]
 [1.52308031e+01 1.42310826e-03]
 [1.96189133e+01 1.02531729e-03]
 [1.57183642e+01 1.24581496e-03]
 [6.77977369e+00 2.36543870e-02]
 [3.87184797e+01 4.43906879e-04]
 [6.21031796e+00 2.98918856e-02]
 [3.02878968e+01 5.85333565e-04]
 [6.46520666e+00 2.65103816e-02]
 [8.39985387e+00 2.26836832e-03]
 [3.89271720e+01 4.40985333e-04]
 [6.67705719e+00 2.39788303e-02]
 [3.36563457e+01 5.23885372e-04]
 [3.02339408e+01 6.35295507e-04]
 [4.03012205e+01 4.39573772e-04]
 [1.52658363e+01 1.30485512e-03]
 [6.98283875e+00 5.09925383e-03]
 [3.26054795e+01 5.37355341e-04]
 [1.67456655e+01 1.21148671e-03]
 [1.36611877e+01 1.45618970e-03]
 [4.00465107e+01 4.39797679e-04]
 [9.00388431e+00 2.18214320e-03]
 [1.72869387e+01 1.09688189e-03]
 [1.06292355e+01 1.94621777e-03]
 [1.28233334e+01 1.46669974e-03]
 [1.21515062e+01 1.54427835e-03]
 [3.69434122e+01 4.56253495e-04]
 [1.63411726e+01 1.21167279e-03]
 [9.69539564e+00 2.00623271e-03]
 [8.38262334e+00 2.50842188e-03]
 [3.75608338e+01 4.48007477e-04]
 [3.58970316e+01 4.85694456e-04]
 [1.54859397e+01 1.29007481e-03]
 [1.36917837e+01 1.43967001e-03]
 [7.61093739e+00 2.77921128e-03]
 [1.14235740e+01 1.62259004e-03]
 [7.51281872e+00 4.07218076e-03]
 [8.99827928e+00 2.18680240e-03]
 [3.61460148e+01 4.63464836e-04]
 [1.78730434e+01 1.04158071e-03]
 [6.33779041e+00 2.89677719e-02]
 [2.42530368e+01 7.27305988e-04]
 [2.32180500e+01 7.64895632e-04]
 [6.87594696e+00 5.70375097e-03]
 [2.03059857e+01 9.20596037e-04]
 [3.73496137e+01 4.53413905e-04]
 [5.99130289e+00 3.12694004e-02]
 [1.95673098e+01 1.03598314e-03]]
