[[3.60699608e+01 1.65566552e+01]
 [7.76812641e+00 3.22621992e+01]
 [2.61940879e+01 2.05456462e+01]
 [3.44753316e+01 1.71025222e+01]
 [3.38364045e+00 3.78835185e+01]
 [7.01718697e+00 3.32064912e+01]
 [2.06701379e+01 2.30235463e+01]
 [8.35413583e+01 6.42080819e+00]
 [6.42545421e-02 4.82357273e+01]
 [5.60857909e+01 1.11194220e+01]
 [6.81555654e+01 8.66305532e+00]
 [8.89085385e-01 4.35860832e+01]
 [6.14466549e-01 4.47011988e+01]
 [1.45298019e+01 2.68269711e+01]
 [5.83176055e+01 1.06016468e+01]
 [7.04643053e+01 8.30666886e+00]
 [7.07409588e+00 3.29968040e+01]
 [4.22734344e+01 1.46637253e+01]
 [5.10129214e+01 1.23026655e+01]
 [4.83307391e+01 1.30055861e+01]
 [3.09838326e+01 1.84529702e+01]
 [9.65869014e+01 5.29510110e+00]
 [8.61160919e+00 3.19010647e+01]
 [7.47103428e+00 3.27839613e+01]
 [1.93888691e-01 4.71300901e+01]
 [3.56757064e+01 1.67682477e+01]
 [3.01435576e+00 3.87437753e+01]
 [1.17329489e+02 4.34324222e+00]
 [4.66951383e+00 3.58988353e+01]
 [5.69893656e+01 1.08917859e+01]
 [2.62542348e+00 3.94629533e+01]
 [6.83382844e+01 8.64617576e+00]
 [4.34026601e+01 1.43443386e+01]
 [2.13531304e+01 2.26859973e+01]
 [5.00504672e+01 1.25116603e+01]
 [5.13824242e-01 4.54694508e+01]
 [2.58119506e+00 3.96677531e+01]
 [4.03239394e+00 3.69383522e+01]
 [2.38404433e+01 2.15314788e+01]
 [4.75859928e+01 1.32989730e+01]
 [3.69837635e+01 1.63225093e+01]
 [3.36542071e+01 1.74010150e+01]
 [3.20537255e+00 3.81544643e+01]
 [4.94481916e+00 3.56141364e+01]
 [1.27649019e+01 2.80997480e+01]
 [2.40538698e+01 2.14695150e+01]
 [6.48609556e+01 9.26874806e+00]
 [5.05834735e+01 1.23675360e+01]
 [3.43372301e+01 1.71514592e+01]
 [1.93779981e+01 2.37564183e+01]
 [5.01455835e+01 1.24796289e+01]
 [6.33070848e+01 9.61319687e+00]
 [5.40210633e+01 1.15365319e+01]
 [6.83013424e+00 3.33587758e+01]
 [9.79402208e+01 5.20355908e+00]
 [6.93208389e+01 8.48782202e+00]
 [9.61202170e+00 3.04887625e+01]
 [1.07778481e+00 4.30816107e+01]
 [2.16026193e+01 2.26233110e+01]
 [6.05093101e+01 1.01305414e+01]
 [8.03526401e+01 6.92119540e+00]
 [4.59235225e+01 1.36309690e+01]
 [6.98612252e+01 8.36550246e+00]
 [4.17088962e+01 1.47998008e+01]
 [3.33720175e+01 1.75768830e+01]
 [1.18041575e+02 4.22304807e+00]
 [3.53551468e+01 1.67959932e+01]
 [6.54646091e+01 9.15411521e+00]
 [9.03389681e+00 3.13736114e+01]
 [2.66324370e+01 2.02135055e+01]
 [8.52642734e+01 6.22843433e+00]
 [5.14702740e+00 3.53071983e+01]
 [6.94901126e+00 3.32448549e+01]
 [1.35490120e+01 2.73867140e+01]
 [1.55569847e+01 2.60138932e+01]
 [3.40691721e+01 1.72582521e+01]
 [5.28589245e+01 1.18391233e+01]
 [2.16231376e+01 2.25897749e+01]
 [5.25541615e+01 1.19002998e+01]
 [2.95938855e+01 1.90697375e+01]
 [1.96737101e+01 2.36345836e+01]
 [1.43357911e+01 2.68422663e+01]
 [5.24154386e-01 4.51448400e+01]
 [2.10698516e+01 2.28421141e+01]
 [9.83966486e+01 5.20338639e+00]
 [5.00951588e+01 1.25011722e+01]
 [5.60575092e+01 1.11300270e+01]
 [5.43313561e+01 1.14945123e+01]
 [2.03616421e-01 4.69511366e+01]
 [6.15258723e+01 9.93787578e+00]
 [1.23228240e+00 4.24599609e+01]
 [2.82157989e+01 1.94934850e+01]
 [5.52351702e+01 1.12754704e+01]
 [1.94101490e+01 2.37008816e+01]
 [3.35836327e+01 1.74651069e+01]
 [5.38240218e+01 1.16683328e+01]
 [1.33435995e+01 2.75811855e+01]
 [1.04304410e+02 4.83251997e+00]
 [2.10121200e+01 2.29412884e+01]
 [2.85801298e+01 1.94466653e+01]
 [6.15766668e+00 3.41515470e+01]
 [4.40241127e-02 4.85302064e+01]
 [8.58784784e+01 6.16413192e+00]
 [4.98724381e+00 3.54567885e+01]
 [2.42675869e+01 2.14160517e+01]
 [2.23450972e+01 2.23100260e+01]
 [1.60164690e+00 4.15979348e+01]
 [6.78998235e+01 8.70865286e+00]
 [8.01207681e+00 3.20330975e+01]
 [1.54786563e+01 2.60500597e+01]
 [4.64213605e+01 1.34752588e+01]
 [3.93822068e+01 1.54733408e+01]
 [1.17623569e+02 4.29324258e+00]
 [5.84301637e+00 3.43976931e+01]
 [3.48382227e+01 1.70298011e+01]
 [3.81095387e+01 1.59475244e+01]
 [1.76446300e+00 4.12056310e+01]
 [2.55584449e+01 2.06821292e+01]
 [4.54859907e+00 3.60571923e+01]
 [4.41321372e+01 1.42014536e+01]
 [8.81441801e+01 5.94431338e+00]
 [6.93819948e+01 8.47795181e+00]
 [1.15211890e-02 4.92438977e+01]
 [3.92838479e+01 1.57404843e+01]
 [1.03772547e+00 4.32847609e+01]
 [5.04990164e+01 1.23875312e+01]
 [5.94214640e+01 1.04522028e+01]
 [7.23119030e+01 7.96932305e+00]
 [8.73709019e+01 6.01199444e+00]
 [3.98020857e+01 1.53588196e+01]
 [3.64169762e+01 1.64887924e+01]
 [3.57249135e-01 4.59756532e+01]
 [2.82875809e+01 1.94866080e+01]
 [2.69688845e+01 2.00224678e+01]
 [5.19563409e+01 1.21754714e+01]
 [9.58755013e+00 3.10231428e+01]
 [1.39534801e+00 4.20113815e+01]
 [5.42813340e+01 1.15069050e+01]
 [4.35559923e+00 3.63653189e+01]
 [2.26811400e+01 2.22888389e+01]
 [8.49454601e-01 4.37463646e+01]
 [1.04134134e+02 4.86166684e+00]
 [4.86978792e+01 1.29252587e+01]
 [1.88759209e+00 4.07601460e+01]
 [1.04691742e+01 2.97920462e+01]
 [7.53017921e+01 7.65056587e+00]
 [9.92651734e+00 3.02289674e+01]
 [8.37033577e+01 6.39370348e+00]
 [2.21829309e+01 2.23328527e+01]
 [6.93459608e+00 3.33199491e+01]
 [3.60102500e+00 3.74844841e+01]
 [1.25391501e+01 2.81243658e+01]
 [7.98403497e+01 6.96921233e+00]
 [1.48212003e+01 2.66559324e+01]
 [5.68603081e+01 1.10719106e+01]
 [2.83999637e+00 3.93037489e+01]
 [4.13845136e+01 1.49137621e+01]
 [6.38764148e+01 9.53455626e+00]
 [9.70541010e+00 3.04030156e+01]
 [7.07766149e+00 3.29680161e+01]
 [4.91354668e+01 1.29068521e+01]
 [9.87599972e+01 5.14116484e+00]
 [1.68261914e+01 2.56038868e+01]
 [1.92970014e+01 2.37778881e+01]
 [1.04212799e+02 4.84817993e+00]
 [4.06243398e+01 1.50912607e+01]
 [6.21070096e+00 3.39584988e+01]
 [2.94016056e+01 1.94180045e+01]
 [5.61068528e+00 3.46997397e+01]
 [7.06569152e+01 8.23698509e+00]
 [3.84744708e+00 3.70973822e+01]
 [5.68846523e+01 1.09341003e+01]
 [5.94365345e+01 1.03830551e+01]
 [6.95662639e+01 8.41569599e+00]
 [6.75488617e+01 8.91514590e+00]
 [3.98419181e+01 1.53483439e+01]
 [4.93867515e-02 4.84409346e+01]
 [2.27647091e+01 2.20799113e+01]
 [2.77875035e+01 1.96730060e+01]
 [2.22637896e+00 4.03850117e+01]
 [1.19690949e+01 2.91443388e+01]
 [3.00406049e+01 1.90137825e+01]
 [1.50590331e+01 2.64973306e+01]
 [1.86019657e+01 2.43333390e+01]
 [7.23323999e+01 7.96569123e+00]
 [9.68808779e+01 5.24518295e+00]
 [3.08191020e+01 1.88083988e+01]
 [1.14984828e+02 4.34353900e+00]
 [7.22510062e+01 8.18934103e+00]
 [5.58719384e+00 3.47319495e+01]
 [8.63881198e+01 6.11179049e+00]
 [1.05283101e+02 4.72979788e+00]
 [3.20149961e+00 3.84962545e+01]
 [2.56832138e+01 2.06062955e+01]
 [8.36930589e+01 6.39542207e+00]
 [2.03762587e+01 2.32231783e+01]
 [4.66270912e+01 1.34579076e+01]
 [5.00020824e+01 1.25808725e+01]
 [1.86911957e+01 2.41022627e+01]
 [5.33207400e+01 1.17273327e+01]
 [5.74460076e+00 3.45036445e+01]
 [8.94837651e+00 3.13868041e+01]
 [8.17536192e+01 6.63740434e+00]
 [1.24279113e+01 2.82041867e+01]
 [2.49209590e+01 2.09638510e+01]
 [2.35104831e+01 2.17814600e+01]
 [3.69629070e+01 1.63287515e+01]
 [7.73629289e+01 7.25767527e+00]
 [3.84906131e+01 1.57768041e+01]
 [2.45824931e+01 2.12932718e+01]
 [4.87288042e+00 3.58448141e+01]
 [1.99452105e-02 4.90674659e+01]
 [1.52991217e+01 2.61965855e+01]
 [2.94605451e-02 4.88772342e+01]
 [1.09278633e+02 4.59389512e+00]
 [6.63486760e+01 9.06978215e+00]
 [6.50787675e+01 9.24583895e+00]
 [3.19451066e+01 1.80231719e+01]
 [5.82792535e+00 3.44858688e+01]
 [2.29298927e+01 2.19813808e+01]
 [6.47009043e-01 4.44746693e+01]
 [4.43935098e+01 1.40236449e+01]
 [5.37703468e+00 3.50401990e+01]
 [1.75150466e+01 2.47965899e+01]
 [1.59074026e+01 2.57872674e+01]
 [9.52403096e+01 5.41752626e+00]
 [1.71539753e+01 2.52850319e+01]
 [6.55977341e+01 9.12940024e+00]
 [2.86041562e+00 3.87635715e+01]
 [3.62762135e+01 1.65408289e+01]
 [2.32560650e+01 2.18076146e+01]
 [1.08458816e+01 2.95528022e+01]
 [7.63293820e+01 7.45565461e+00]
 [3.21554540e+01 1.79709365e+01]
 [2.48905176e+01 2.12034720e+01]
 [6.82394668e+01 8.65377275e+00]
 [1.01685399e+02 4.96343541e+00]
 [1.06957699e+01 2.97582209e+01]
 [6.67142254e+01 8.93132234e+00]
 [1.23498917e+01 2.83387454e+01]
 [6.76829667e+01 8.79163063e+00]
 [4.01472526e-01 4.56280913e+01]
 [1.30739133e+01 2.77301483e+01]
 [7.27084343e+01 7.88433710e+00]
 [6.11553518e+00 3.43038145e+01]
 [1.98978233e+01 2.35620183e+01]
 [5.89245898e+01 1.04743060e+01]
 [2.16654906e+01 2.25060253e+01]
 [3.99801354e+01 1.52849642e+01]
 [1.71778179e+01 2.50452576e+01]
 [3.18393774e+01 1.82623802e+01]
 [7.05315588e+01 8.24938943e+00]
 [4.62711211e+01 1.35024935e+01]
 [6.31508963e+01 9.64670141e+00]
 [2.37427490e+01 2.17128004e+01]
 [5.84808777e+01 1.05647823e+01]
 [1.39423194e+01 2.71128233e+01]
 [5.82781070e+01 1.08347878e+01]
 [8.34785781e+01 6.43135328e+00]
 [5.46140472e+01 1.14276438e+01]
 [2.73141426e+01 2.00000528e+01]
 [9.36495526e+01 5.66749469e+00]
 [3.13495021e+01 1.82928431e+01]
 [4.27889497e+01 1.44625336e+01]
 [4.32872709e+00 3.64389452e+01]
 [4.49847810e+01 1.38236365e+01]
 [7.49985680e+00 3.25103304e+01]
 [1.70153628e+01 2.53439031e+01]
 [1.29625737e+02 4.13521261e+00]
 [5.12710519e+01 1.22342650e+01]
 [6.08382219e+01 1.00725298e+01]]
