[[3.60699608e+01 1.65566552e+01]
 [2.46068013e+00 4.05072176e+01]
 [7.76812641e+00 3.22621992e+01]
 [2.61940879e+01 2.05456462e+01]
 [3.44753316e+01 1.71025222e+01]
 [2.86511655e+01 1.95368564e+01]
 [3.38364045e+00 3.78835185e+01]
 [7.01718697e+00 3.32064912e+01]
 [3.22853364e+01 1.82240390e+01]
 [2.06701379e+01 2.30235463e+01]
 [8.35413583e+01 6.42080819e+00]
 [6.42545421e-02 4.82357273e+01]
 [5.60857909e+01 1.11194220e+01]
 [4.34786818e+00 3.65027909e+01]
 [6.81555654e+01 8.66305532e+00]
 [8.89085385e-01 4.35860832e+01]
 [6.14466549e-01 4.47011988e+01]
 [1.45298019e+01 2.68269711e+01]
 [6.31740452e+01 9.92629840e+00]
 [5.83176055e+01 1.06016468e+01]
 [7.04643053e+01 8.30666886e+00]
 [7.07409588e+00 3.29968040e+01]
 [6.16784942e+01 9.95395502e+00]
 [7.64913006e+01 7.61132999e+00]
 [2.05528226e+01 2.32543913e+01]
 [1.04976551e+01 2.98948891e+01]
 [5.10129214e+01 1.23026655e+01]
 [4.83307391e+01 1.30055861e+01]
 [1.04383508e+01 3.05546152e+01]
 [3.09838326e+01 1.84529702e+01]
 [9.65869014e+01 5.29510110e+00]
 [8.61160919e+00 3.19010647e+01]
 [7.47103428e+00 3.27839613e+01]
 [1.93888691e-01 4.71300901e+01]
 [3.56757064e+01 1.67682477e+01]
 [3.01435576e+00 3.87437753e+01]
 [1.17329489e+02 4.34324222e+00]
 [4.66951383e+00 3.58988353e+01]
 [5.69893656e+01 1.08917859e+01]
 [2.62542348e+00 3.94629533e+01]
 [6.83382844e+01 8.64617576e+00]
 [4.34026601e+01 1.43443386e+01]
 [2.13531304e+01 2.26859973e+01]
 [4.18005687e+01 1.50087135e+01]
 [5.13824242e-01 4.54694508e+01]
 [2.58119506e+00 3.96677531e+01]
 [4.03239394e+00 3.69383522e+01]
 [2.38404433e+01 2.15314788e+01]
 [4.75859928e+01 1.32989730e+01]
 [8.64919865e+01 6.15676129e+00]
 [3.54154819e+01 1.70003975e+01]
 [3.36542071e+01 1.74010150e+01]
 [3.20537255e+00 3.81544643e+01]
 [4.94481916e+00 3.56141364e+01]
 [2.83518875e+01 1.95538827e+01]
 [1.27649019e+01 2.80997480e+01]
 [2.40538698e+01 2.14695150e+01]
 [6.48609556e+01 9.26874806e+00]
 [5.05834735e+01 1.23675360e+01]
 [3.43372301e+01 1.71514592e+01]
 [1.93779981e+01 2.37564183e+01]
 [5.01455835e+01 1.24796289e+01]
 [6.33070848e+01 9.61319687e+00]
 [5.40210633e+01 1.15365319e+01]
 [6.83013424e+00 3.33587758e+01]
 [3.12500802e+01 1.84325539e+01]
 [6.43486652e+01 9.37801384e+00]
 [1.20306667e+01 2.85309140e+01]
 [7.44505565e+01 7.63696884e+00]
 [4.67329773e+01 1.33736789e+01]
 [3.01727971e+01 1.87087766e+01]
 [1.34130912e+00 4.22112876e+01]
 [2.15113580e+01 2.25891640e+01]
 [3.35921562e-01 4.59875418e+01]
 [5.79757966e+01 1.06536827e+01]
 [4.76391019e+01 1.32669915e+01]
 [9.12935351e+00 3.13889598e+01]
 [2.15758789e+01 2.25489721e+01]
 [2.66596827e+01 2.02184574e+01]
 [8.12972023e-01 4.41664531e+01]
 [7.79711709e+00 3.22085453e+01]
 [9.29939777e+00 3.10579557e+01]
 [6.96871304e+01 8.40558730e+00]
 [2.47211051e+01 2.10275627e+01]
 [1.42926711e+01 2.71591155e+01]
 [3.79945778e+01 1.59323796e+01]
 [8.62804999e+00 3.15900942e+01]
 [1.31969028e+01 2.76972815e+01]
 [1.41242585e+01 2.76082919e+01]
 [1.05494764e+01 2.98658082e+01]
 [2.77386830e+00 3.89277638e+01]
 [4.67663491e+01 1.33526234e+01]
 [4.21620745e+01 1.46265005e+01]
 [3.75361146e+00 3.72747338e+01]
 [5.38580768e+01 1.16485177e+01]
 [6.96135576e+01 8.42397176e+00]
 [3.26021873e+01 1.77876950e+01]
 [3.27101692e+01 1.77589149e+01]
 [6.91123586e+01 8.55038487e+00]
 [7.01730799e+01 8.31113849e+00]
 [3.91416147e+01 1.55467138e+01]
 [1.79816284e+01 2.45904349e+01]
 [5.32432904e+01 1.18283137e+01]
 [6.91922583e-01 4.44418788e+01]
 [7.19408245e+01 8.01237546e+00]
 [2.02291111e+00 4.05086490e+01]
 [9.54567866e+01 5.83514359e+00]
 [2.62728519e-01 4.64450476e+01]
 [4.13293070e+00 3.68514178e+01]
 [5.34718436e+01 1.16612434e+01]
 [4.50652135e+01 1.38072019e+01]
 [1.21033246e+01 2.84498708e+01]
 [1.02984042e+00 4.31941739e+01]
 [1.30958496e+01 2.78125138e+01]
 [2.34067234e-01 4.66725276e+01]
 [2.90201010e+01 1.92684373e+01]
 [3.82141680e-01 4.57251939e+01]
 [4.90559064e+01 1.27981877e+01]
 [3.24962916e+01 1.80980557e+01]
 [9.63274475e+01 5.66617468e+00]
 [3.98558126e+01 1.53841047e+01]
 [2.62384812e-01 4.64487057e+01]
 [4.44484631e+01 1.41206762e+01]
 [1.47560814e+01 2.67380385e+01]
 [3.68091022e+00 3.75467142e+01]
 [1.61839487e+01 2.56048881e+01]
 [7.06743965e+00 3.30187966e+01]
 [1.14990532e-01 4.77509783e+01]
 [5.54602997e+00 3.49564542e+01]
 [1.32868852e+02 4.31351430e+00]
 [6.06046283e+01 1.02051607e+01]
 [2.13088844e+01 2.27427552e+01]
 [7.10530268e+01 8.20252359e+00]
 [1.15929726e+02 4.47949072e+00]
 [3.87376990e+01 1.58127241e+01]
 [4.83457382e+01 1.29412152e+01]
 [1.86563716e+01 2.41225554e+01]
 [2.62636190e+01 2.05063722e+01]
 [3.91177467e+01 1.55541971e+01]
 [7.31232085e+01 7.82116853e+00]
 [6.59957286e+00 3.38528310e+01]
 [3.30255783e+01 1.77541445e+01]
 [1.09761910e+01 2.93193316e+01]
 [5.34259614e+01 1.17875928e+01]
 [4.53629061e+01 1.37239445e+01]
 [7.69319797e+01 7.42319637e+00]
 [1.71483649e+01 2.51416354e+01]
 [1.16496675e+01 2.87822151e+01]
 [7.88147583e+01 6.99222583e+00]
 [8.69513782e+01 6.05907630e+00]
 [1.06283925e+02 4.94770040e+00]
 [1.85647084e+01 2.43531837e+01]
 [1.61529966e+01 2.57663104e+01]
 [5.95804623e+01 1.03971496e+01]
 [5.15547941e-02 4.86536604e+01]
 [5.00116952e+01 1.25114605e+01]
 [2.90551750e+01 1.91648891e+01]
 [1.09072454e+01 2.97260125e+01]
 [8.20571178e+00 3.21422902e+01]
 [9.00726050e+00 3.14532688e+01]
 [8.61259771e+01 6.19311793e+00]
 [6.40822445e+01 9.41711288e+00]
 [1.62287876e+01 2.55717603e+01]
 [2.29082115e+01 2.19136529e+01]
 [2.23736910e+01 2.21521553e+01]
 [4.50142583e+01 1.38499802e+01]
 [7.79989227e+01 7.40892325e+00]
 [5.34118871e+01 1.18015018e+01]
 [3.01719998e+01 1.87821074e+01]
 [6.09999484e-01 4.52416641e+01]
 [6.36590750e+01 9.57972887e+00]
 [5.81663935e+01 1.06146089e+01]
 [2.36210571e+01 2.16418523e+01]
 [9.32354315e+00 3.07707727e+01]
 [5.91045955e+01 1.05079105e+01]
 [3.13622256e+01 1.83151117e+01]
 [2.75309732e+01 1.97851070e+01]
 [1.80211609e+01 2.45155990e+01]
 [6.81027840e+01 8.71245268e+00]
 [3.17622530e+00 3.82694573e+01]
 [4.76213280e+01 1.32723352e+01]
 [1.10015523e+02 4.55393298e+00]
 [4.63017598e+01 1.34656265e+01]
 [4.54858476e+00 3.62494619e+01]
 [2.10087634e+01 2.28655812e+01]
 [5.86771574e+01 1.05759914e+01]
 [9.98917940e+00 3.05643371e+01]
 [2.86937430e+01 1.92963743e+01]
 [1.33893268e+02 4.11132980e+00]
 [5.56150666e+01 1.12516375e+01]
 [5.80290002e+00 3.44388462e+01]
 [4.44890399e+01 1.39679061e+01]
 [1.74588765e+01 2.48334045e+01]
 [7.11597105e+01 8.16078981e+00]
 [3.68661688e+01 1.63075190e+01]
 [1.01066368e+02 5.02786750e+00]
 [2.60354563e+00 3.95592977e+01]
 [2.54530948e+01 2.07692626e+01]
 [4.29318944e+01 1.45282696e+01]
 [1.51922120e+00 4.16654348e+01]
 [1.20773990e-01 4.76109498e+01]
 [5.16772957e+01 1.20973389e+01]
 [4.62074729e+01 1.36278163e+01]
 [8.16589338e+01 6.68098235e+00]
 [1.88707445e+01 2.40008507e+01]
 [3.31970706e+01 1.75815757e+01]
 [5.99384552e+01 1.03394628e+01]
 [1.27531283e+01 2.83313393e+01]]
