[[1.86260211e-03 3.45560727e-03 1.79353495e+00]
 [4.30247271e-03 9.73802078e-03 2.35560178e+00]
 [1.98569888e-03 4.26701009e-03 1.68669248e+00]
 [3.66543097e-03 8.62346253e-03 2.38535544e+00]
 [5.81577407e-03 9.89751708e-03 1.40781245e+00]
 [3.81016124e-03 7.49858311e-03 2.02228296e+00]
 [4.28768775e-03 8.24009870e-03 2.25299232e+00]
 [4.32981507e-03 9.09311989e-03 2.21095800e+00]
 [1.61510770e-03 3.42440641e-03 1.52376081e+00]
 [1.15103041e-03 2.27001165e-03 2.19196477e+00]
 [9.94405629e-04 1.15035012e-03 1.74681426e+00]
 [3.93884008e-03 6.88955048e-03 1.80800322e+00]
 [3.72748802e-03 7.10354578e-03 1.91128685e+00]
 [1.01581476e-03 2.25806922e-03 2.94264094e+00]
 [3.14417222e-03 6.05896361e-03 2.18969427e+00]
 [3.23479197e-03 6.07441894e-03 2.30166251e+00]
 [8.48018217e-04 2.02463036e-03 2.70847595e+00]
 [2.31462936e-03 4.26821349e-03 1.49622293e+00]
 [9.04097157e-04 1.28975984e-03 1.21052505e+00]
 [4.30247271e-03 9.73802078e-03 2.43265121e+00]
 [2.73761877e-03 5.26710882e-03 1.77436430e+00]
 [3.19181151e-03 6.59010235e-03 2.24339144e+00]
 [8.48018217e-04 2.02463036e-03 2.65847380e+00]
 [3.23479197e-03 6.11233283e-03 2.30166251e+00]
 [8.96306989e-04 2.08412409e-03 2.02520753e+00]
 [6.35369889e-04 1.15035012e-03 1.47683631e+00]
 [3.48428837e-03 8.20427429e-03 2.67350410e+00]
 [3.02770276e-03 5.90877026e-03 1.83274974e+00]
 [2.87775339e-03 5.66686528e-03 2.27365990e+00]
 [4.71542188e-03 9.48836288e-03 2.17272508e+00]
 [1.01581476e-03 2.62597084e-03 2.94264094e+00]
 [8.96306989e-04 2.10770942e-03 1.94127625e+00]
 [5.12570217e-03 9.64880326e-03 1.78538925e+00]
 [4.62258037e-03 9.52024829e-03 2.24867340e+00]
 [4.45475004e-03 7.67284508e-03 1.61728390e+00]
 [1.66219161e-03 4.32083975e-03 2.39295815e+00]
 [4.39075672e-03 8.28135361e-03 1.85380966e+00]
 [4.30247271e-03 9.74301643e-03 2.45224914e+00]
 [2.69654701e-03 5.90546522e-03 2.18922989e+00]
 [4.29723924e-03 9.36891526e-03 2.30024412e+00]
 [4.71542188e-03 9.48836288e-03 2.16476287e+00]
 [4.27869623e-03 9.73802078e-03 2.39023930e+00]
 [1.13786827e-03 1.97832210e-03 1.21160441e+00]
 [1.20932799e-03 2.19998936e-03 1.52673554e+00]
 [1.01581476e-03 2.25806922e-03 2.77073782e+00]
 [1.17745493e-03 2.92327096e-03 2.56828013e+00]
 [8.89264223e-04 2.10770942e-03 1.91347155e+00]
 [2.06965549e-03 4.75042873e-03 2.42586771e+00]
 [2.88571069e-03 5.66686528e-03 2.33964283e+00]
 [2.73766963e-03 5.00586371e-03 1.77436430e+00]
 [3.58942828e-03 7.14657852e-03 2.04817946e+00]
 [1.93336988e-03 3.69953149e-03 2.16889816e+00]
 [7.84952136e-04 1.81678620e-03 1.76789291e+00]
 [2.88285876e-03 6.60116032e-03 2.10920900e+00]
 [7.45967625e-04 2.05657998e-03 2.01983733e+00]
 [4.36240200e-03 9.74301643e-03 2.57896690e+00]
 [3.19837703e-03 7.06455025e-03 2.07702168e+00]
 [3.66543097e-03 8.37638278e-03 2.10049667e+00]
 [8.96306989e-04 2.08412409e-03 1.99703324e+00]
 [3.80388905e-03 6.76483250e-03 1.54157429e+00]
 [9.49846389e-03 9.95997303e-03 2.79452677e+00]
 [4.82153922e-03 9.97689788e-03 2.71762754e+00]
 [8.16239827e-04 1.31146370e-03 1.25108622e+00]
 [9.72189188e-04 1.76040548e-03 1.21480138e+00]
 [4.65488749e-03 8.50359952e-03 2.14094468e+00]
 [9.81935090e-04 1.54381498e-03 1.44056798e+00]
 [3.49842046e-03 8.20427429e-03 2.73145785e+00]
 [4.50794102e-03 8.59814691e-03 1.82162270e+00]
 [1.97308271e-03 4.43862447e-03 2.31421070e+00]
 [2.54444129e-03 5.84966781e-03 2.08948311e+00]
 [2.29185762e-03 4.26821349e-03 1.51102336e+00]
 [1.45953362e-03 3.21026314e-03 2.19570665e+00]
 [4.39075672e-03 8.28135361e-03 1.79852669e+00]
 [4.36066215e-03 9.62094588e-03 2.88794797e+00]
 [6.18154920e-04 1.91665120e-03 1.82463003e+00]]
