[[1.86260211e-03 3.45560727e-03 1.79353495e+00]
 [4.30247271e-03 9.73802078e-03 2.35560178e+00]
 [1.98569888e-03 4.26701009e-03 1.68669248e+00]
 [3.81016124e-03 7.49858311e-03 2.02228296e+00]
 [2.74119775e-03 5.60529991e-03 2.34345957e+00]
 [4.44117107e-03 8.28135361e-03 1.85269631e+00]
 [4.32981507e-03 9.09311989e-03 2.21095800e+00]
 [1.15103041e-03 2.27001165e-03 2.19196477e+00]
 [2.00727488e-03 5.29546610e-03 2.78886484e+00]
 [3.93884008e-03 6.88955048e-03 1.80800322e+00]
 [3.72748802e-03 7.10354578e-03 1.91128685e+00]
 [6.05212895e-03 9.90406197e-03 2.54783250e+00]
 [1.01581476e-03 2.25806922e-03 2.94264094e+00]
 [4.06288428e-03 7.43749196e-03 1.57597376e+00]
 [4.79737567e-03 9.46676679e-03 2.10686741e+00]
 [8.48018217e-04 2.02463036e-03 2.70847595e+00]
 [2.31462936e-03 4.26821349e-03 1.49622293e+00]
 [9.04097157e-04 1.28975984e-03 1.21052505e+00]
 [4.93963846e-04 1.50455028e-03 1.79070095e+00]
 [2.37214058e-03 5.39490891e-03 2.49856157e+00]
 [1.32906238e-03 2.83462432e-03 2.60128235e+00]
 [2.92726562e-03 4.13690736e-03 1.42943139e+00]
 [1.08067485e-03 1.91272052e-03 1.77409247e+00]
 [2.78504172e-03 6.14781891e-03 2.33033671e+00]
 [1.55528584e-03 3.17817550e-03 1.68796635e+00]
 [1.50739659e-03 2.43763977e-03 2.09336914e+00]
 [1.84748152e-03 4.30973654e-03 2.74649084e+00]
 [3.31014434e-03 6.59709804e-03 1.93308698e+00]
 [2.92726562e-03 4.13687960e-03 1.43001993e+00]
 [1.93000038e-03 3.55624802e-03 2.31598134e+00]
 [1.32906238e-03 2.83462432e-03 2.73957693e+00]
 [4.82679521e-03 8.74507586e-03 1.53500626e+00]
 [6.87243887e-04 1.75350613e-03 2.38861388e+00]
 [3.84215234e-03 7.32264301e-03 2.02228296e+00]
 [3.99184417e-03 7.43749196e-03 1.57698214e+00]
 [1.83961940e-03 4.24376191e-03 2.41752851e+00]
 [8.73364615e-03 9.87013906e-03 2.96900977e+00]
 [3.99218605e-03 7.96962252e-03 2.12668708e+00]
 [3.69399926e-03 8.22968379e-03 2.45378751e+00]
 [4.05947856e-03 9.35283770e-03 2.72718591e+00]
 [5.29042553e-03 9.73252552e-03 1.63625867e+00]
 [1.78846169e-03 4.08729721e-03 2.88701877e+00]
 [3.11444214e-03 4.91066513e-03 1.53438907e+00]
 [2.06040853e-03 4.78823401e-03 2.51813384e+00]
 [4.27737329e-03 8.07698409e-03 1.72595387e+00]
 [2.77206685e-03 5.46627879e-03 2.14006530e+00]
 [1.60936486e-03 2.76661975e-03 1.71203297e+00]
 [2.95232385e-03 6.79164165e-03 2.66357616e+00]
 [7.49230911e-04 1.51873677e-03 1.44898696e+00]
 [3.30389909e-03 6.35260538e-03 1.76225891e+00]
 [8.45866611e-04 1.58486787e-03 1.77572129e+00]
 [1.08067485e-03 1.81805778e-03 1.77409247e+00]
 [8.67236730e-04 2.32100022e-03 2.33318041e+00]
 [4.03263386e-03 9.86638840e-03 2.73755774e+00]
 [2.63830042e-03 6.07441894e-03 2.28557122e+00]
 [1.49149354e-03 2.45480378e-03 1.62114819e+00]
 [1.02925706e-03 2.43763977e-03 2.09336914e+00]
 [2.80118922e-03 4.72834795e-03 1.45280210e+00]
 [3.15261182e-03 5.42295250e-03 1.57725557e+00]
 [4.33366620e-03 8.83028509e-03 2.05827164e+00]
 [1.32906238e-03 3.01820331e-03 2.60128235e+00]
 [8.16379114e-04 1.50455028e-03 1.79041095e+00]
 [5.14531606e-03 9.74740371e-03 2.27320880e+00]
 [4.92310089e-03 8.06414444e-03 1.56481156e+00]
 [1.72604620e-03 4.08637225e-03 2.88309086e+00]
 [5.81577407e-03 9.89751708e-03 2.69317713e+00]
 [3.51963845e-03 8.39897017e-03 2.47634207e+00]
 [1.00225406e-03 1.86492688e-03 2.31337538e+00]
 [1.20386454e-03 1.91272052e-03 2.01964434e+00]]
