[[3.60699608e+01 1.65566552e+01]
 [7.76812641e+00 3.22621992e+01]
 [3.44753316e+01 1.71025222e+01]
 [2.86511655e+01 1.95368564e+01]
 [3.38364045e+00 3.78835185e+01]
 [7.01718697e+00 3.32064912e+01]
 [2.06701379e+01 2.30235463e+01]
 [8.35413583e+01 6.42080819e+00]
 [6.42545421e-02 4.82357273e+01]
 [5.60857909e+01 1.11194220e+01]
 [6.81555654e+01 8.66305532e+00]
 [8.89085385e-01 4.35860832e+01]
 [6.14466549e-01 4.47011988e+01]
 [5.83176055e+01 1.06016468e+01]
 [7.04643053e+01 8.30666886e+00]
 [7.07409588e+00 3.29968040e+01]
 [1.04976551e+01 2.98948891e+01]
 [5.10129214e+01 1.23026655e+01]
 [4.83307391e+01 1.30055861e+01]
 [3.09838326e+01 1.84529702e+01]
 [9.65869014e+01 5.29510110e+00]
 [8.61160919e+00 3.19010647e+01]
 [7.47103428e+00 3.27839613e+01]
 [1.93888691e-01 4.71300901e+01]
 [3.56757064e+01 1.67682477e+01]
 [1.17329489e+02 4.34324222e+00]
 [4.66951383e+00 3.58988353e+01]
 [5.69893656e+01 1.08917859e+01]
 [6.83382844e+01 8.64617576e+00]
 [4.34026601e+01 1.43443386e+01]
 [2.13531304e+01 2.26859973e+01]
 [5.00504672e+01 1.25116603e+01]
 [1.88251444e+01 2.41843976e+01]
 [5.13824242e-01 4.54694508e+01]
 [4.03239394e+00 3.69383522e+01]
 [4.75859928e+01 1.32989730e+01]
 [3.69837635e+01 1.63225093e+01]
 [8.64919865e+01 6.15676129e+00]
 [3.54154819e+01 1.70003975e+01]
 [3.36542071e+01 1.74010150e+01]
 [3.20537255e+00 3.81544643e+01]
 [4.94481916e+00 3.56141364e+01]
 [2.83518875e+01 1.95538827e+01]
 [1.27649019e+01 2.80997480e+01]
 [6.48609556e+01 9.26874806e+00]
 [5.05834735e+01 1.23675360e+01]
 [3.43372301e+01 1.71514592e+01]
 [1.93779981e+01 2.37564183e+01]
 [5.01455835e+01 1.24796289e+01]
 [6.33070848e+01 9.61319687e+00]
 [5.40210633e+01 1.15365319e+01]
 [3.12500802e+01 1.84325539e+01]
 [6.43486652e+01 9.37801384e+00]
 [1.20306667e+01 2.85309140e+01]
 [7.44505565e+01 7.63696884e+00]
 [4.67329773e+01 1.33736789e+01]
 [3.88029074e+01 1.58309290e+01]
 [3.01727971e+01 1.87087766e+01]
 [1.34130912e+00 4.22112876e+01]
 [4.93661976e-01 4.58807307e+01]
 [2.15113580e+01 2.25891640e+01]
 [3.35921562e-01 4.59875418e+01]
 [5.79757966e+01 1.06536827e+01]
 [4.76391019e+01 1.32669915e+01]
 [2.15758789e+01 2.25489721e+01]
 [2.66596827e+01 2.02184574e+01]
 [2.58182713e+01 2.08055238e+01]
 [7.79711709e+00 3.22085453e+01]
 [4.45625951e+01 1.40918550e+01]
 [6.96871304e+01 8.40558730e+00]
 [2.47211051e+01 2.10275627e+01]
 [3.79945778e+01 1.59323796e+01]
 [8.62804999e+00 3.15900942e+01]
 [1.31969028e+01 2.76972815e+01]
 [1.05494764e+01 2.98658082e+01]
 [2.77386830e+00 3.89277638e+01]
 [4.67663491e+01 1.33526234e+01]
 [4.21620745e+01 1.46265005e+01]
 [3.75361146e+00 3.72747338e+01]
 [5.38580768e+01 1.16485177e+01]
 [6.96135576e+01 8.42397176e+00]
 [3.26021873e+01 1.77876950e+01]
 [3.27101692e+01 1.77589149e+01]
 [7.01730799e+01 8.31113849e+00]
 [3.91416147e+01 1.55467138e+01]
 [1.79816284e+01 2.45904349e+01]
 [1.14352050e+02 4.60422727e+00]
 [6.91922583e-01 4.44418788e+01]
 [7.19408245e+01 8.01237546e+00]
 [2.02291111e+00 4.05086490e+01]
 [2.62728519e-01 4.64450476e+01]
 [4.13293070e+00 3.68514178e+01]
 [5.34718436e+01 1.16612434e+01]
 [4.50652135e+01 1.38072019e+01]
 [1.21033246e+01 2.84498708e+01]
 [1.02984042e+00 4.31941739e+01]
 [4.28413418e+00 3.64353428e+01]
 [6.06772742e+01 1.00926354e+01]
 [5.17815690e+01 1.20756660e+01]
 [5.00753781e+01 1.24841183e+01]
 [3.64208919e+01 1.64783257e+01]
 [2.05031630e+01 2.31204647e+01]
 [5.52778958e+01 1.14322952e+01]
 [2.08699861e+01 2.29201545e+01]
 [1.19158618e+01 2.86011782e+01]
 [3.60147008e+01 1.66956781e+01]
 [1.41624463e+00 4.19642958e+01]
 [2.18207191e+00 4.01005677e+01]
 [1.11394377e+02 4.68970831e+00]
 [7.09630621e+01 8.18251721e+00]
 [7.32905725e+01 7.80331402e+00]
 [6.39186693e+01 9.46243930e+00]
 [2.99171409e+01 1.88154538e+01]
 [5.68011641e+00 3.48922452e+01]
 [5.79406439e+01 1.06615388e+01]
 [8.69985118e+00 3.15208134e+01]
 [6.17388396e+01 9.88386160e+00]
 [2.76710956e+01 1.97216465e+01]
 [3.78735500e+01 1.60826086e+01]
 [3.39703682e+01 1.72797952e+01]
 [3.11710112e+01 1.84462971e+01]
 [1.14221603e+01 2.90338290e+01]
 [6.65957702e+00 3.35761655e+01]
 [6.60622646e+01 9.04404406e+00]
 [7.26387335e+00 3.28149341e+01]
 [1.89935255e+01 2.39542084e+01]
 [1.87070036e+00 4.11537541e+01]
 [8.98290597e+01 5.87262957e+00]
 [1.59957415e+00 4.15930845e+01]
 [4.90219390e+01 1.27469474e+01]
 [4.65904102e+00 3.60155754e+01]
 [3.07163213e+01 1.85980647e+01]
 [4.64265309e+01 1.34264990e+01]
 [1.51849824e+01 2.62457580e+01]
 [1.42757879e+01 2.68825864e+01]
 [3.72009529e+01 1.61897965e+01]
 [3.17354115e+01 1.81485282e+01]
 [2.43779936e+00 3.95935045e+01]
 [9.15401703e+00 3.10240831e+01]
 [1.75210694e+01 2.48550859e+01]
 [4.90329696e+01 1.27447142e+01]
 [3.98748676e+01 1.53214381e+01]
 [2.31295871e+01 2.22265861e+01]
 [5.05675235e+00 3.54073223e+01]
 [1.39730904e+01 2.73822381e+01]
 [7.92591256e+00 3.20759247e+01]
 [4.14497823e+01 1.48385144e+01]
 [1.69298285e+01 2.51770984e+01]
 [5.75792510e+01 1.07423058e+01]
 [9.05147208e+00 3.10878785e+01]
 [6.86842505e+00 3.32339969e+01]
 [4.61139651e+01 1.36149424e+01]
 [1.63030094e+01 2.55336468e+01]
 [1.28464337e+01 2.78687432e+01]
 [3.97672525e+00 3.70862842e+01]
 [4.78486607e+01 1.30789748e+01]
 [6.02354757e+01 1.03378875e+01]
 [2.37184900e+01 2.15006854e+01]
 [3.99554597e+00 3.70488245e+01]
 [6.00819875e-02 4.82947230e+01]
 [2.88822055e+00 3.87144616e+01]
 [5.37710108e-01 4.50197357e+01]
 [4.86124948e+01 1.29409779e+01]
 [1.05546994e+01 2.96721623e+01]
 [3.04608941e+01 1.86549541e+01]
 [4.12578997e+01 1.50188493e+01]
 [2.48211394e+01 2.09974032e+01]
 [1.03094148e+01 3.00018891e+01]
 [8.28583428e+00 3.19330592e+01]
 [1.11413737e+01 2.92004353e+01]
 [4.41139604e+00 3.62529467e+01]
 [5.74711369e+01 1.07661874e+01]
 [4.19220930e+01 1.46992807e+01]
 [4.68152236e+01 1.33246294e+01]
 [4.96067394e+01 1.26582504e+01]
 [9.37380160e+00 3.09691382e+01]
 [1.27769512e+01 2.80891678e+01]
 [1.68840913e+00 4.13498121e+01]
 [3.67981441e+01 1.64493022e+01]
 [8.14610779e-02 4.80871562e+01]
 [1.10044012e+02 4.87903870e+00]
 [7.50577165e+01 7.53421353e+00]
 [3.16791918e+01 1.81771615e+01]
 [6.04769603e+01 1.01605710e+01]
 [6.67235073e+01 9.00085891e+00]
 [5.72784086e+01 1.08131872e+01]
 [6.33252448e+01 9.60564981e+00]
 [7.86773237e-01 4.40231072e+01]
 [5.96840136e+01 1.03664067e+01]
 [8.08368880e+01 6.86962630e+00]
 [4.35608259e+01 1.42902426e+01]
 [6.88332839e+01 8.54465144e+00]
 [2.58308661e+00 3.92975898e+01]
 [4.16036875e+01 1.47989897e+01]
 [1.83106048e+01 2.45347012e+01]
 [3.28472516e+01 1.76968789e+01]
 [2.94499857e+01 1.90198067e+01]
 [3.22210540e+01 1.79522313e+01]
 [9.33069986e+01 5.69071909e+00]
 [5.93949928e+00 3.44821960e+01]
 [3.75934024e-02 4.90143870e+01]
 [6.73254642e+00 3.33402494e+01]
 [1.41132828e+01 2.72931599e+01]
 [4.83439772e+01 1.29743624e+01]
 [1.83208103e+01 2.44852311e+01]
 [7.95305230e+01 7.10049227e+00]
 [4.63345512e+01 1.35494348e+01]
 [1.45103575e+01 2.67004691e+01]
 [2.21235924e+01 2.23048460e+01]
 [7.71944447e+00 3.26631316e+01]
 [2.79379269e+01 1.96240284e+01]
 [5.91495837e+01 1.04992591e+01]
 [5.35220888e+01 1.16501518e+01]
 [8.24547040e+01 6.54461248e+00]
 [2.14102335e+00 4.04564411e+01]
 [1.89175237e+00 4.09420455e+01]
 [5.13429299e+01 1.22550019e+01]
 [5.21712691e+01 1.20164072e+01]
 [2.19126342e+01 2.23780179e+01]
 [9.93336633e+00 3.02147111e+01]
 [2.92213150e+01 1.91975212e+01]
 [9.74594658e+01 5.29261878e+00]
 [2.38307119e+01 2.14429086e+01]
 [1.22278458e+01 2.83781511e+01]
 [7.88682061e+01 7.26514136e+00]
 [1.00888576e+02 4.95763645e+00]
 [5.65076904e+01 1.09729709e+01]
 [9.19240967e+01 5.70515070e+00]
 [5.40124020e+01 1.15384897e+01]
 [1.08522899e+01 2.94309933e+01]
 [4.23233782e+01 1.46181928e+01]
 [3.54804931e+01 1.68286066e+01]
 [2.55273601e+01 2.09146639e+01]
 [6.08519143e+00 3.40885523e+01]
 [7.55932911e+01 7.50154449e+00]
 [1.16799222e+01 2.88512192e+01]
 [1.01649795e+01 3.00175971e+01]
 [6.16625570e+01 9.88971966e+00]
 [2.76366561e+01 1.97389535e+01]
 [5.85137769e+01 1.05690406e+01]
 [6.98707440e+01 8.36406690e+00]
 [2.59051088e+01 2.05208815e+01]
 [4.65827126e+01 1.34097963e+01]
 [5.65846156e+00 3.52276068e+01]
 [1.68640335e+01 2.52123668e+01]
 [6.04214819e+00 3.42688736e+01]
 [1.81057731e+01 2.45579106e+01]
 [5.30134588e+01 1.18067296e+01]
 [2.70914571e+01 1.99784764e+01]
 [6.42356661e+01 9.40072765e+00]
 [1.23180242e+02 4.15048999e+00]
 [4.90180646e+01 1.28272009e+01]
 [7.04392280e+00 3.31193155e+01]
 [1.36782225e+01 2.74777260e+01]
 [6.59523134e+01 9.06926772e+00]
 [1.02864286e+02 4.90236737e+00]
 [9.90435710e+00 3.02770805e+01]
 [4.87775536e+01 1.28742554e+01]
 [8.26596534e-01 4.38061552e+01]
 [4.38201846e+01 1.41554677e+01]
 [7.72406255e+00 3.25757610e+01]
 [6.27954214e+01 9.73887727e+00]
 [4.97222662e+01 1.25754818e+01]
 [3.95897872e+01 1.54337210e+01]
 [1.28356276e+01 2.78783721e+01]
 [4.48964982e+01 1.38558816e+01]
 [7.18128014e+01 8.16121426e+00]
 [2.69697951e+01 2.00218437e+01]
 [1.35523250e+01 2.74848415e+01]
 [1.76749512e+01 2.46909553e+01]
 [4.18037331e+01 1.47327810e+01]
 [4.30715532e+01 1.43683711e+01]
 [6.55413538e+01 9.18330667e+00]
 [2.52179389e+01 2.09346683e+01]
 [9.51454969e+00 3.05710612e+01]
 [2.35317486e+01 2.17945526e+01]
 [5.18889718e-01 4.50915793e+01]
 [4.05282769e+01 1.51400354e+01]
 [3.80677642e-02 4.89063443e+01]
 [1.89511197e+00 4.09364242e+01]
 [7.80619835e+01 7.42979697e+00]
 [3.09385519e+00 3.83686128e+01]
 [4.16535885e+01 1.47793403e+01]
 [6.00269684e+01 1.03480985e+01]
 [7.29432187e+01 7.85485948e+00]
 [5.89966823e+01 1.05198504e+01]
 [5.94573907e+01 1.04040451e+01]
 [1.44289199e-01 4.74353067e+01]
 [1.00004352e+02 5.26500882e+00]
 [6.23378858e+01 9.82159330e+00]
 [4.99169920e+01 1.25507437e+01]
 [2.65990056e+01 2.03360926e+01]
 [8.64446728e+01 6.32150248e+00]
 [4.93863837e+01 1.27283300e+01]
 [4.97247880e+00 3.55277534e+01]
 [8.35403359e+01 6.42092255e+00]
 [2.87065366e+01 1.93091471e+01]
 [4.25612332e+01 1.45146425e+01]
 [5.01615616e+01 1.24780122e+01]
 [2.67049939e+01 2.01433766e+01]
 [4.08008955e+01 1.50376119e+01]
 [2.00423555e+01 2.33546235e+01]
 [1.08164618e+02 4.89671023e+00]
 [5.59351330e+01 1.11366372e+01]
 [2.32248257e+01 2.20804216e+01]]
