[[2.08511002 2.16097348]
 [0.93130106 1.03668218]
 [2.09597257 2.0556585 ]
 [2.08652401 1.67606949]
 [1.05814058 0.79663998]
 [1.63322451 1.58117431]
 [3.45448459 2.99196855]
 [0.09940067 0.07863296]
 [2.76410989 2.52609268]
 [0.62086658 0.83755104]
 [2.92879636 2.90878724]
 [0.29958845 0.36403037]
 [0.22275939 0.32248239]
 [1.1992388  1.48130914]
 [2.62335155 2.77442391]
 [3.08389179 2.84704896]
 [0.88098128 0.99619072]
 [2.9100709  2.63649595]
 [0.99284944 1.28010303]
 [2.63857323 2.40648325]
 [2.59505814 2.31265173]
 [2.07924359 1.8500552 ]
 [4.33304137 2.84941797]
 [3.91374707 2.97141535]
 [1.23866451 0.78651925]
 [0.09166321 0.20017499]
 [1.9742524  2.24081549]
 [0.72779116 0.47319021]
 [4.52904748 2.96986554]
 [0.73396187 0.79289245]
 [2.58633799 2.74921756]
 [0.43741105 0.68192921]
 [2.46035901 2.19027363]
 [1.69354013 1.57168841]
 [2.42214223 2.57795342]
 [0.79916825 0.60780638]
 [1.85077089 1.59209232]
 [2.63951989 2.22023263]
 [2.01610236 2.27624079]
 [3.58464501 2.96197852]
 [2.00932962 2.09192406]
 [0.60383592 0.66085196]
 [0.69177345 0.87043339]
 [1.72849411 2.02491481]
 [1.57382844 1.88056681]
 [2.86636136 2.82828773]
 [2.45772575 2.57010749]
 [2.09289013 2.0503947 ]
 [2.43960746 2.56606924]
 [2.92674229 2.69461514]
 [2.57087522 2.62599818]
 [0.80755385 1.02732192]
 [2.14018735 1.79780927]
 [2.8968027  2.77411254]
 [0.26497271 0.59848664]
 [1.14602514 1.30165013]
 [1.91233729 1.40936712]
 [3.154796   2.94277103]
 [2.49966186 2.33129469]
 [1.90540746 1.97803481]
 [0.354592   0.45781196]
 [1.60513157 1.67373598]
 [0.19864353 0.21100032]
 [2.69824555 2.6857811 ]
 [2.23317523 2.63110317]
 [1.26790875 0.82142911]
 [1.64180695 1.64269281]
 [1.93002006 1.71462628]
 [4.37062968 2.85340686]
 [0.967082   1.0069914 ]
 [2.16177797 2.5431014 ]
 [1.24145364 0.88523573]
 [3.01091827 2.89070126]
 [1.72839607 1.78687529]
 [1.5264415  1.11496373]
 [2.24368629 2.1129402 ]
 [0.88339447 1.17329737]
 [1.17538818 1.38480624]
 [2.14221238 2.59405843]
 [0.98916392 1.28799217]
 [1.97441131 1.38473913]
 [0.61386065 0.56270968]
 [2.35248838 2.48140801]
 [2.29978366 2.29161815]
 [0.63356692 0.73279999]
 [2.73227295 2.44932719]
 [3.02153422 2.87640755]
 [1.96942004 2.06686514]
 [2.98444262 2.93877052]
 [2.2050331  2.21883589]
 [1.38600052 1.6044967 ]
 [2.74526722 2.40298367]
 [3.24791527 2.79434104]
 [0.35271022 0.22039996]
 [0.78489523 1.09962929]
 [4.00372284 2.95688864]
 [1.1992388  1.55935688]
 [0.62544729 0.38300936]
 [0.28181006 0.34984601]
 [2.82831056 2.8393379 ]
 [3.52295379 2.9859087 ]
 [2.6673538  2.29386147]
 [0.2935819  0.19611515]
 [1.57677847 1.65125366]
 [3.26904332 2.7951147 ]
 [2.93369029 2.96169437]
 [2.09825133 2.03085176]
 [0.43741105 0.55952015]
 [2.57928508 2.7432878 ]
 [2.0222374  2.06686514]
 [2.85794202 2.72793597]
 [0.21167187 0.11503866]
 [0.71360463 0.41140725]
 [4.43527778 2.96753239]
 [2.34896937 2.23691158]
 [0.22549884 0.20418416]
 [0.96600099 1.03668218]
 [2.73723331 2.92566703]
 [1.41069724 1.21023795]
 [2.10509321 2.17046038]
 [2.09289013 2.03437302]
 [2.12375633 2.06024551]
 [2.24956067 2.08309557]
 [2.22836478 2.1219526 ]
 [2.5746845  2.50523255]
 [1.95627846 1.68347106]
 [2.48443569 2.33129469]
 [1.97412913 2.11162683]
 [3.37847097 2.99811529]
 [2.92110549 2.91816106]
 [0.1993209  0.21100032]
 [2.8968027  2.94775837]
 [0.42522106 0.36482044]
 [2.01162828 1.35825075]
 [1.84107628 2.09192406]
 [2.05769927 2.08881025]
 [1.38368578 1.59209232]
 [3.08389179 2.8874116 ]
 [1.9899532  2.05131977]
 [2.87501357 2.92597027]
 [1.60159663 1.56707495]
 [2.27566213 2.29359066]
 [2.23956275 2.4188384 ]
 [1.37059888 1.53165426]
 [2.21754837 2.66537998]
 [1.96942004 1.71893842]
 [1.47077886 1.6044967 ]
 [4.98463672 2.99196855]
 [2.95383612 2.93608571]
 [0.63356692 0.55197195]
 [2.76210398 2.73850611]
 [2.15137596 2.34067374]
 [2.48768058 2.30032376]
 [1.43957834 1.25815281]
 [1.96787366 1.87386691]
 [2.92879636 2.93711646]
 [2.05719342 1.97803481]
 [3.35864892 2.80699467]
 [1.9899532  1.75134845]
 [2.56523637 2.52248383]
 [1.47784785 1.58560047]
 [2.24521153 2.1390485 ]
 [1.94025694 1.6164502 ]
 [3.36782609 2.95791149]
 [0.88098128 1.03868944]
 [3.19185309 2.7951147 ]
 [3.92661693 2.85861387]
 [0.09005508 0.12111537]
 [1.65073146 1.8950366 ]
 [0.25274699 0.23531547]
 [0.61606298 0.76559582]
 [3.12304519 2.99165855]
 [4.21819023 2.87795896]
 [3.0286337  2.97391753]
 [2.32264396 2.30060691]
 [0.14544703 0.20690945]
 [2.37472286 2.30032376]
 [1.60159663 1.58414632]
 [0.51221358 0.59430447]
 [2.27029528 2.19361304]
 [3.91374707 2.994346  ]
 [4.66487276 2.98926226]
 [3.93233154 2.89606104]
 [2.08693455 2.06633377]
 [2.71739934 2.67175169]
 [1.20745642 1.157452  ]
 [1.50145652 1.63183258]
 [2.40323733 2.14444608]
 [1.4686116  1.69212777]
 [2.54011394 2.71195163]
 [2.48768058 2.52808661]
 [1.47077886 1.62798517]
 [1.28303976 1.5130572 ]
 [2.22840264 2.14122531]
 [1.24736065 0.82142911]
 [2.92704246 2.52687249]
 [3.37282012 2.90188436]
 [2.68358123 2.24182991]
 [1.51724139 1.59607042]
 [1.86638404 2.13267819]
 [0.49415218 0.45412671]
 [1.86563017 2.12159332]
 [2.78339227 2.7432878 ]
 [1.99606661 1.89873559]
 [2.06623723 2.41172291]
 [2.99227261 2.74712132]
 [1.12032189 1.36407668]
 [1.8779197  2.18658714]
 [1.71660042 1.71893842]
 [2.90293719 2.92312644]
 [0.75242676 0.59243021]
 [2.2100111  2.11110662]
 [3.257143   2.81059062]
 [1.13500583 1.11227658]
 [1.8381357  1.87386691]
 [2.77333655 2.99095292]
 [1.24252823 1.51143827]
 [1.13916551 1.20992756]
 [0.06612152 0.03704344]
 [0.9991057  1.15667172]
 [2.70627514 2.64130552]
 [2.02682601 2.11547356]
 [1.97437806 1.94332904]
 [2.57087522 2.64764512]
 [1.38368578 1.58996603]
 [0.82372157 1.02626178]
 [1.79145294 1.79356163]
 [1.45235238 1.41796396]
 [0.32544199 0.19815474]
 [1.93706639 1.63102412]
 [3.19830887 2.99811529]
 [1.25364634 1.49594229]
 [1.84220599 1.8181323 ]
 [0.518069   0.33260403]
 [0.71774539 1.00416891]
 [0.65326238 0.64233816]
 [1.9742524  2.27984954]
 [2.24437154 2.13248263]
 [2.52016318 2.48829497]
 [0.06975786 0.14892136]
 [1.83681101 1.63921375]
 [4.32824608 2.84941797]
 [2.76487217 2.96100601]
 [1.02336095 0.64118328]
 [2.70443777 2.56637711]
 [3.0719645  2.88300493]
 [2.22177861 2.21883589]
 [2.46420572 2.36390342]
 [1.14602514 1.26681985]
 [2.56030514 2.54105131]
 [3.58464501 2.99724285]
 [0.10283663 0.06832501]
 [0.35149992 0.28238635]
 [0.53617172 0.69510693]
 [2.26213369 2.12999878]
 [2.79109713 2.57222748]
 [0.59848057 0.68644101]
 [1.31569512 1.19151953]
 [3.12294026 2.82676028]
 [2.7779923  2.99794901]
 [0.35739416 0.34984601]
 [1.73205786 1.89090783]
 [3.92128086 2.9299695 ]
 [1.8671406  1.74820408]
 [1.90540746 2.05977772]
 [2.40619764 2.71617696]
 [0.75302674 0.58320324]
 [2.72057471 2.69432707]
 [0.57873191 0.73279999]
 [1.60159663 1.50867297]
 [2.29551664 2.31435362]
 [0.21452707 0.26306704]
 [1.26857447 1.56726933]
 [2.35248838 2.47412287]]
