[[1.00431765 0.10905315]
 [0.04293078 1.0380521 ]
 [0.89270817 0.47843384]
 [0.96318837 0.13152231]
 [0.22172071 0.93560549]
 [0.46333322 0.90165862]
 [0.77952156 0.55471099]
 [0.82685007 0.49718895]
 [0.77383861 0.66688364]
 [0.13424325 0.96968594]
 [0.0853456  1.01964082]
 [0.67104019 0.77384211]
 [0.76179102 0.71184874]
 [0.503001   0.82324422]
 [0.55634047 0.77897533]
 [0.16559046 0.93845719]
 [0.46904947 0.89115217]
 [0.60550799 0.77528013]
 [0.51225082 0.80379717]
 [0.74336018 0.76840684]]
