[[2.08511002 2.16097348]
 [0.93130106 1.03668218]
 [1.98383737 1.6164502 ]
 [2.09597257 2.0556585 ]
 [2.08652401 1.67606949]
 [0.70193469 0.59430447]
 [1.05814058 0.79663998]
 [1.63322451 1.58117431]
 [3.45448459 2.99196855]
 [0.09940067 0.07863296]
 [2.76410989 2.52609268]
 [0.62086658 0.83755104]
 [2.92879636 2.90878724]
 [0.29958845 0.36403037]
 [0.22275939 0.32248239]
 [1.1992388  1.48130914]
 [2.62335155 2.77442391]
 [1.95003857 1.457972  ]
 [0.88098128 0.99619072]
 [2.9100709  2.63649595]
 [1.42788141 1.76050002]
 [0.99284944 1.28010303]
 [2.63857323 2.40648325]
 [2.59505814 2.31265173]
 [2.07924359 1.8500552 ]
 [1.29849197 0.7712079 ]
 [3.91374707 2.97141535]
 [2.2095214  1.74473222]
 [2.96716225 2.53152129]
 [1.10716367 0.80121606]
 [0.09166321 0.20017499]
 [0.72779116 0.47319021]
 [4.52904748 2.96986554]
 [0.73396187 0.79289245]
 [2.58633799 2.74921756]
 [0.43741105 0.68192921]
 [0.284822   0.68644101]
 [2.85357926 2.99026028]
 [2.46035901 2.19027363]
 [1.69354013 1.57168841]
 [2.42214223 2.57795342]
 [1.37059888 1.68158997]
 [0.13313942 0.33276111]
 [0.40264764 0.69510693]
 [2.17652979 2.77036865]
 [0.79916825 0.60780638]
 [1.85077089 1.59209232]
 [2.63951989 2.22023263]
 [2.01610236 2.27624079]
 [3.58464501 2.96197852]
 [2.00932962 2.09192406]
 [0.60383592 0.66085196]
 [0.69177345 0.87043339]
 [1.57382844 1.88056681]
 [2.86636136 2.82828773]
 [2.45772575 2.57010749]
 [2.09289013 2.0503947 ]
 [1.47644397 1.63236415]
 [2.43960746 2.56606924]
 [2.92674229 2.69461514]
 [2.57087522 2.62599818]
 [0.80755385 1.02732192]
 [2.14018735 1.79780927]
 [2.8968027  2.77411254]
 [1.14602514 1.30165013]
 [1.91233729 1.40936712]
 [3.154796   2.94277103]
 [2.49966186 2.33129469]
 [1.99609303 2.39088676]
 [1.90540746 1.97803481]
 [0.354592   0.45781196]
 [1.60513157 1.67373598]
 [0.19864353 0.21100032]
 [2.69824555 2.6857811 ]
 [2.23317523 2.63110317]
 [1.26790875 0.82142911]
 [1.64180695 1.64269281]
 [1.93002006 1.71462628]
 [1.55851459 2.00638982]
 [0.19929963 0.40437935]
 [0.967082   1.0069914 ]
 [2.16177797 2.5431014 ]
 [1.24145364 0.88523573]
 [3.01091827 2.89070126]
 [1.72839607 1.78687529]
 [2.24368629 2.1129402 ]
 [0.88339447 1.17329737]
 [1.17538818 1.38480624]
 [1.64922281 2.0492231 ]
 [0.98916392 1.28799217]
 [0.61386065 0.56270968]
 [2.35248838 2.48140801]
 [1.93494617 1.47864262]
 [2.29978366 2.29161815]
 [0.63356692 0.73279999]
 [2.73227295 2.44932719]
 [3.02153422 2.87640755]
 [1.96942004 2.06686514]
 [1.95305249 2.08881025]
 [0.2785096  0.29966745]
 [2.86636136 2.69875538]
 [2.29978366 2.36981198]
 [0.99092501 1.22504752]
 [1.41708547 1.74002697]
 [0.90149425 1.0937763 ]
 [1.73920049 1.9106623 ]
 [3.3937208  2.91326634]
 [1.97703334 2.06686514]
 [1.57346013 1.67373598]
 [0.75392199 0.98778908]
 [2.49743648 2.38776235]
 [4.52904748 2.98249351]
 [2.04434894 2.2367482 ]
 [4.52904748 2.99125942]
 [2.7202674  2.52609268]
 [1.14452166 1.18321956]
 [1.72849411 1.77625986]
 [0.86977833 0.59051781]
 [3.43351011 2.92321041]
 [4.24783455 2.93759856]
 [0.85416522 0.9268983 ]
 [1.91966287 1.39651541]
 [1.32583666 1.55805547]
 [2.51754755 2.71113454]
 [1.51869767 1.21260572]
 [2.16248673 2.17905295]
 [2.6110177  2.55514486]
 [0.94057311 0.93433264]
 [1.16911585 1.64670595]
 [0.603805   0.66085196]
 [3.02153422 2.88822341]
 [3.30299178 2.87446375]
 [1.12206237 1.38851736]
 [2.86636136 2.719564  ]
 [1.65100867 1.95756656]
 [3.154796   2.90672056]
 [0.70193469 0.48071865]
 [1.09382532 1.21466438]
 [3.43192041 2.99114824]
 [1.85690955 2.21723938]
 [2.19171542 2.02800605]
 [2.81841597 2.75200069]
 [1.83676973 1.69333872]
 [0.48898321 0.32626665]
 [2.4577446  2.31121256]
 [0.43741105 0.369473  ]
 [1.38346117 1.1463338 ]
 [2.20190604 2.582373  ]
 [4.33304137 2.93393814]
 [2.96143819 2.75819521]
 [1.50144459 1.63236415]
 [3.76938094 2.89460391]
 [2.65374865 2.67866613]
 [0.7840476  1.03250013]
 [0.09940067 0.11967871]
 [3.28375148 2.97553287]
 [0.29958845 0.3397622 ]
 [1.96841524 2.07596125]
 [1.10716367 1.25369715]
 [0.5109057  0.90857491]
 [3.08389179 2.94138792]
 [2.05650692 2.27161786]
 [0.22343683 0.50292638]
 [2.84756179 2.68968671]
 [2.95002323 2.7865166 ]
 [2.42675527 2.6706858 ]
 [1.26171578 1.68841083]
 [2.39119187 2.14159729]
 [1.07833322 1.10009535]
 [2.96992331 2.54149945]
 [0.34584596 0.36312888]
 [2.51344661 2.85158072]
 [2.11702259 2.32739218]
 [2.57511672 2.61708971]
 [0.43527146 0.47270146]
 [0.26374048 0.16738467]
 [1.97181225 2.1225285 ]
 [1.29588496 1.40173747]
 [3.80401228 2.99598921]
 [4.10735277 2.98204214]
 [2.16838174 2.23811708]
 [2.86228561 2.94610254]
 [4.30307983 2.92486223]
 [1.7420254  1.79733092]
 [1.26604616 1.59386529]
 [1.26320907 1.70037096]
 [3.18795592 2.9455403 ]
 [2.11605827 2.08453815]
 [1.20989263 0.97502208]
 [2.42675527 2.67472002]
 [2.80934982 2.50239159]
 [2.21063154 2.40175748]
 [3.09172935 2.87190323]
 [2.7104475  2.51099692]
 [1.51868039 1.49875251]
 [1.37059888 1.68131935]
 [2.08472933 2.31426454]
 [0.81462485 0.88259253]
 [0.68274703 0.27701578]
 [0.40264764 0.63464925]
 [1.12206237 1.41777729]
 [3.72113345 2.90660754]
 [4.02916796 2.95471516]
 [4.88232921 2.96986554]
 [3.59765844 2.9809882 ]
 [0.0441281  0.00527659]
 [3.45203631 2.99196855]
 [2.42546806 2.30648986]
 [1.98763898 1.7536418 ]
 [1.97441131 1.61002877]
 [1.35552317 1.28799217]
 [3.47866431 2.92441713]
 [2.94873317 2.90616694]
 [1.152872   1.27513392]
 [1.86570489 2.13095254]
 [3.93553487 2.97033736]
 [1.60977702 1.61083442]
 [2.92879636 2.99841801]
 [0.58530456 0.58653324]
 [1.53942091 1.55805547]
 [1.16472405 1.00635246]
 [2.73331191 2.19578358]
 [1.37860832 1.68550535]
 [1.855744   1.53934096]
 [4.44523085 2.99043448]
 [1.89232894 1.4639283 ]
 [1.51869767 1.14107811]
 [1.47154528 1.21528724]
 [2.85357926 2.70131831]
 [1.10716367 0.92034848]
 [0.69771204 0.91388306]
 [0.31413185 0.45849449]
 [1.81876302 1.69022386]
 [2.51754755 2.17932178]
 [2.72540444 2.71599949]
 [2.62523573 2.79099499]
 [2.2499847  2.26751834]
 [2.78984338 2.28682532]
 [3.48452591 2.90399823]
 [0.22275939 0.33029235]
 [1.78427034 2.17906787]
 [2.19976275 2.28721731]
 [1.07833322 1.08330263]
 [0.71454808 0.88887438]
 [3.15430885 2.92321041]
 [1.35705021 1.57427494]
 [1.88290157 1.59006795]
 [2.13156938 2.23694559]
 [1.97568897 1.8870929 ]
 [0.88339447 0.65026294]
 [4.06138192 2.97141535]
 [0.89039342 1.08674625]
 [2.25940781 2.40215946]
 [1.92405308 2.1368678 ]
 [2.01246127 1.74163543]
 [0.10135236 0.2072479 ]
 [1.90540746 2.26538208]
 [4.46176168 2.93110401]
 [1.93725771 1.72128793]
 [0.56647038 0.70573456]
 [2.86636136 2.86480815]
 [1.87742978 1.92859064]
 [3.7477446  2.98170241]
 [0.82751873 0.54657041]
 [2.61391646 2.98578558]
 [0.08907271 0.04598269]
 [0.09940067 0.24260009]
 [0.18118966 0.21100032]
 [0.40702897 0.27138478]
 [3.54461686 2.96727008]
 [2.29978366 2.2846795 ]
 [2.09334121 2.31996809]
 [2.87465975 2.80008309]
 [3.70444358 2.98499705]
 [2.7547411  2.21702849]
 [4.32222442 2.95357506]
 [1.87328459 1.49299529]
 [1.49598524 1.10472334]]
