[[4.26451972e-03 9.57176268e+04]
 [5.79691941e-02 8.45842776e+03]
 [3.49611364e-02 1.19406664e+04]
 [1.38594831e-02 2.98787770e+04]
 [1.84155973e-02 2.17820778e+04]
 [4.68781820e-03 9.02528703e+04]
 [6.36851861e-03 6.46707742e+04]
 [7.68635052e-03 5.45679750e+04]
 [4.06372346e-02 1.05466161e+04]
 [1.52610864e-02 2.65060857e+04]
 [6.16098869e-03 6.84453746e+04]
 [4.50730128e-03 9.34070810e+04]
 [1.74459182e-02 2.42753108e+04]
 [5.39311739e-03 7.83658330e+04]
 [1.69146014e-02 2.52826725e+04]
 [4.90776005e-03 8.24123048e+04]
 [1.46986581e-02 2.78823772e+04]
 [5.31684903e-02 8.47378413e+03]
 [3.73491830e-02 1.11565158e+04]
 [2.39662433e-02 1.78646143e+04]
 [4.75482097e-02 8.83029550e+03]
 [1.08400012e-02 3.81146955e+04]
 [9.31334637e-03 4.44205828e+04]
 [7.97543485e-03 5.07161089e+04]
 [6.65869895e-03 6.27273173e+04]
 [1.28277228e-02 3.16721672e+04]
 [7.04103770e-03 5.76213244e+04]
 [5.02366254e-02 8.56374399e+03]
 [8.37126382e-03 4.79896526e+04]
 [8.62686504e-03 4.66505535e+04]
 [9.75674152e-03 4.30537524e+04]
 [2.52627310e-02 1.63821531e+04]
 [3.84395745e-02 1.05673827e+04]
 [4.74280424e-03 8.68914071e+04]
 [5.20011359e-02 8.48799002e+03]
 [5.28022750e-03 8.20223036e+04]
 [4.88418620e-02 8.57102997e+03]
 [3.19024321e-02 1.30526707e+04]
 [2.05620901e-02 1.98370474e+04]
 [7.79343320e-03 5.23853063e+04]
 [2.72049316e-02 1.54000792e+04]
 [2.76525159e-02 1.46015556e+04]
 [2.59652770e-02 1.61070235e+04]
 [4.32668744e-02 9.34596731e+03]
 [5.77371856e-03 6.96570081e+04]
 [5.76559685e-02 8.46588857e+03]
 [4.46467865e-02 8.99236691e+03]
 [2.89652767e-02 1.40704820e+04]
 [5.49117534e-03 7.48924585e+04]
 [3.01653228e-02 1.38645994e+04]
 [2.16821382e-02 1.89053492e+04]
 [4.19859687e-02 9.89162118e+03]
 [1.93630785e-02 2.06898167e+04]
 [1.18938624e-02 3.59303644e+04]
 [5.54512006e-02 8.47137865e+03]
 [1.01338274e-02 4.02307034e+04]
 [5.42967582e-03 7.63997034e+04]
 [5.54621291e-02 8.46836429e+03]
 [2.32901858e-02 1.87825893e+04]
 [4.73559966e-03 8.71095039e+04]
 [5.58996334e-03 7.26512197e+04]
 [1.00867303e-02 4.05793652e+04]
 [4.55815331e-02 8.85609882e+03]
 [1.20888429e-02 3.35910775e+04]
 [5.63554317e-03 7.16847878e+04]
 [3.36686004e-02 1.20992030e+04]
 [6.86003439e-03 6.02021138e+04]
 [3.33512787e-02 1.24934575e+04]
 [3.22668911e-02 1.27697080e+04]
 [2.00310672e-02 2.05603904e+04]]
