[[1.86260211e-03 3.45560727e-03 1.79353495e+00]
 [4.30247271e-03 9.73802078e-03 2.35560178e+00]
 [5.41559379e-03 9.74740371e-03 2.27320880e+00]
 [3.81016124e-03 7.49858311e-03 2.02228296e+00]
 [5.40951805e-03 9.59434321e-03 2.60792178e+00]
 [4.28768775e-03 8.24009870e-03 2.25299232e+00]
 [2.74119775e-03 5.60529991e-03 2.34345957e+00]
 [4.44117107e-03 8.28135361e-03 1.85269631e+00]
 [4.32981507e-03 9.09311989e-03 2.21095800e+00]
 [1.15103041e-03 2.27001165e-03 2.19196477e+00]
 [3.93884008e-03 6.88955048e-03 1.80800322e+00]
 [8.96043492e-03 9.72720353e-03 2.99704101e+00]
 [3.72748802e-03 7.10354578e-03 1.91128685e+00]
 [6.05212895e-03 9.90406197e-03 2.54783250e+00]
 [1.01581476e-03 2.25806922e-03 2.94264094e+00]
 [4.79737567e-03 9.46676679e-03 2.10686741e+00]
 [8.48018217e-04 2.02463036e-03 2.70847595e+00]
 [9.04097157e-04 1.28975984e-03 1.21052505e+00]
 [6.19392166e-03 9.80699036e-03 2.28692504e+00]
 [2.37214058e-03 5.39490891e-03 2.49856157e+00]
 [1.86155670e-03 4.71819063e-03 2.96364884e+00]
 [1.32906238e-03 2.83462432e-03 2.60128235e+00]
 [1.93864860e-03 4.95112363e-03 2.27024992e+00]
 [1.08067485e-03 1.91272052e-03 1.77409247e+00]
 [2.78504172e-03 6.14781891e-03 2.33033671e+00]
 [6.56219990e-04 1.80729214e-03 2.38861388e+00]
 [1.84748152e-03 4.30973654e-03 2.74649084e+00]
 [5.33403497e-03 9.63241565e-03 2.51810802e+00]
 [3.31014434e-03 6.59709804e-03 1.93308698e+00]
 [3.20354290e-03 5.51737971e-03 1.37643883e+00]
 [9.85390106e-04 1.35597047e-03 1.31872041e+00]
 [2.15209660e-03 3.71923011e-03 1.77971078e+00]
 [1.48733563e-03 3.05945447e-03 1.59448289e+00]
 [1.86260211e-03 3.45560727e-03 2.09169132e+00]
 [8.54484120e-04 2.09184856e-03 2.04485081e+00]
 [9.85390106e-04 1.31041021e-03 1.31872041e+00]
 [1.32119789e-03 3.21290489e-03 2.34157758e+00]
 [6.18373890e-04 1.34793118e-03 1.38683280e+00]
 [4.06288428e-03 7.08820146e-03 1.58786956e+00]
 [1.08786340e-03 2.83462432e-03 2.83218655e+00]
 [4.11018610e-03 6.83464900e-03 1.57818641e+00]
 [1.05107069e-03 2.14379189e-03 1.57802217e+00]
 [2.94765777e-03 5.44484947e-03 1.93871314e+00]
 [1.47368908e-03 3.40740537e-03 2.01116856e+00]
 [5.50233169e-04 1.48537335e-03 1.66936107e+00]
 [4.30247271e-03 9.86634632e-03 2.35687846e+00]
 [7.67017052e-04 2.02463036e-03 2.69916835e+00]
 [3.72748802e-03 7.10195458e-03 1.91128685e+00]
 [3.98523357e-03 8.44710929e-03 2.43442145e+00]
 [7.21602066e-04 1.68013159e-03 1.53284133e+00]
 [2.71957681e-03 4.36788157e-03 1.37063529e+00]
 [1.46747380e-03 2.82421129e-03 1.82861730e+00]
 [4.69252633e-03 9.60397148e-03 2.18387838e+00]
 [6.20125628e-03 9.91059330e-03 2.37151031e+00]
 [2.13693238e-03 4.09116924e-03 1.65921268e+00]
 [1.41812805e-03 3.02858305e-03 2.48340960e+00]
 [1.34109613e-03 2.86871246e-03 2.67159266e+00]
 [4.41615946e-03 8.04586332e-03 1.79397642e+00]
 [2.69042387e-03 5.72221864e-03 2.35724138e+00]
 [1.90087050e-03 4.69134440e-03 2.29767396e+00]
 [4.62927177e-03 9.46767291e-03 2.47648034e+00]
 [1.98877641e-03 3.66242798e-03 2.03524216e+00]
 [4.92827767e-03 9.23100683e-03 1.65068895e+00]
 [8.26512894e-04 1.50455028e-03 1.91558072e+00]
 [1.08804165e-03 2.20575514e-03 1.42293469e+00]
 [2.15209660e-03 3.71923011e-03 1.74211335e+00]
 [9.85390106e-04 1.32769695e-03 1.24881932e+00]
 [2.83857895e-03 6.41099069e-03 1.98059368e+00]
 [4.32981507e-03 9.06581110e-03 2.21095800e+00]
 [1.86260211e-03 3.45560727e-03 1.79762477e+00]
 [3.11702918e-03 6.68796606e-03 2.35101121e+00]
 [3.87705132e-03 8.95990411e-03 2.35911179e+00]
 [1.90352161e-03 4.66213976e-03 2.81541106e+00]
 [4.79737567e-03 9.46676679e-03 2.14596874e+00]
 [5.28153614e-03 9.56285856e-03 1.76341531e+00]
 [2.47530289e-03 4.26492946e-03 1.83394952e+00]
 [1.90161026e-03 3.61782889e-03 2.42274138e+00]
 [9.55193586e-03 9.83197048e-03 2.81707030e+00]]
