[[1.86260211e-03 3.45560727e-03 1.79353495e+00]
 [4.30247271e-03 9.73802078e-03 2.35560178e+00]
 [1.98569888e-03 4.26701009e-03 1.68669248e+00]
 [5.41559379e-03 9.74740371e-03 2.27320880e+00]
 [3.81016124e-03 7.49858311e-03 2.02228296e+00]
 [5.40951805e-03 9.59434321e-03 2.60792178e+00]
 [2.74119775e-03 5.60529991e-03 2.34345957e+00]
 [4.32981507e-03 9.09311989e-03 2.21095800e+00]
 [1.15103041e-03 2.27001165e-03 2.19196477e+00]
 [2.00727488e-03 5.29546610e-03 2.78886484e+00]
 [2.53888621e-03 5.91387182e-03 1.85759032e+00]
 [3.72748802e-03 7.10354578e-03 1.91128685e+00]
 [1.01581476e-03 2.25806922e-03 2.94264094e+00]
 [2.69654701e-03 5.90546522e-03 1.76106815e+00]
 [4.79737567e-03 9.46676679e-03 2.10686741e+00]
 [8.48018217e-04 2.02463036e-03 2.70847595e+00]
 [2.31462936e-03 4.26821349e-03 1.49622293e+00]
 [9.04097157e-04 1.28975984e-03 1.21052505e+00]
 [6.19392166e-03 9.80699036e-03 2.28692504e+00]
 [2.37214058e-03 5.39490891e-03 2.49856157e+00]
 [1.86155670e-03 4.71819063e-03 2.96364884e+00]
 [1.32906238e-03 2.83462432e-03 2.60128235e+00]
 [1.08067485e-03 1.91272052e-03 1.77409247e+00]
 [2.78504172e-03 6.14781891e-03 2.33033671e+00]
 [1.55528584e-03 3.17817550e-03 1.68796635e+00]
 [1.50739659e-03 2.43763977e-03 2.09336914e+00]
 [1.84748152e-03 4.30973654e-03 2.74649084e+00]
 [5.33403497e-03 9.63241565e-03 2.51810802e+00]
 [4.28335214e-03 9.35427012e-03 2.67768967e+00]
 [2.11919824e-03 4.41918268e-03 1.66950269e+00]
 [7.27340012e-04 1.50455028e-03 1.76550827e+00]
 [8.02160052e-03 9.84521950e-03 2.96742394e+00]
 [7.83260562e-03 9.82860545e-03 2.96066577e+00]
 [2.54715172e-03 5.44372074e-03 2.51148571e+00]
 [4.36066102e-03 8.28135361e-03 1.89112562e+00]
 [5.86453184e-03 9.90406197e-03 2.55406208e+00]
 [4.67550053e-03 9.30140475e-03 1.73383479e+00]
 [8.96306989e-04 2.10770942e-03 2.24136243e+00]
 [3.69753345e-03 7.10354578e-03 1.84929716e+00]
 [4.81445898e-03 9.02586380e-03 1.79397642e+00]
 [3.11264392e-03 5.04519170e-03 1.40886845e+00]
 [3.12911471e-03 6.74971605e-03 2.01989979e+00]
 [1.77662244e-03 3.53675447e-03 2.55981760e+00]
 [3.92972998e-03 7.90636994e-03 2.14755056e+00]
 [2.74119775e-03 5.60529991e-03 2.34371990e+00]
 [2.35138430e-03 3.81842397e-03 1.81799524e+00]
 [2.30481770e-03 4.19093380e-03 1.69424001e+00]
 [4.29119886e-03 8.92455547e-03 2.25299232e+00]
 [2.69654701e-03 4.52402655e-03 1.76106815e+00]
 [9.02081221e-04 1.80729214e-03 1.71840147e+00]
 [3.02176351e-03 7.37995496e-03 2.43984262e+00]
 [9.51182574e-04 2.21359518e-03 2.52257931e+00]
 [3.06765642e-03 6.14781891e-03 2.33033671e+00]
 [4.50759679e-03 9.30342570e-03 2.13591200e+00]
 [2.37214058e-03 5.36653958e-03 2.49856157e+00]
 [6.32570514e-04 9.63406058e-04 1.96482356e+00]
 [1.75332592e-03 3.43345144e-03 2.04975618e+00]
 [8.76804173e-04 1.34793118e-03 1.90125436e+00]
 [3.96791940e-03 6.27985881e-03 1.50331917e+00]
 [4.27440035e-03 9.63262528e-03 2.28674381e+00]
 [2.20730458e-03 4.17102418e-03 1.97766425e+00]
 [2.01596634e-03 4.81500902e-03 2.47717857e+00]
 [3.48047741e-03 7.23072765e-03 1.88380856e+00]
 [6.30959200e-03 9.80923676e-03 2.76021219e+00]
 [3.92043745e-03 8.18234697e-03 2.38032692e+00]
 [6.56219990e-04 1.69912970e-03 2.66945765e+00]]
