[[3.60699608e+01 1.65566552e+01]
 [7.76812641e+00 3.22621992e+01]
 [2.61940879e+01 2.05456462e+01]
 [3.44753316e+01 1.71025222e+01]
 [3.38364045e+00 3.78835185e+01]
 [7.01718697e+00 3.32064912e+01]
 [3.22853364e+01 1.82240390e+01]
 [2.06701379e+01 2.30235463e+01]
 [8.35413583e+01 6.42080819e+00]
 [6.42545421e-02 4.82357273e+01]
 [5.60857909e+01 1.11194220e+01]
 [6.81555654e+01 8.66305532e+00]
 [8.89085385e-01 4.35860832e+01]
 [6.14466549e-01 4.47011988e+01]
 [1.45298019e+01 2.68269711e+01]
 [6.31740452e+01 9.92629840e+00]
 [5.83176055e+01 1.06016468e+01]
 [7.04643053e+01 8.30666886e+00]
 [7.07409588e+00 3.29968040e+01]
 [6.16784942e+01 9.95395502e+00]
 [1.04976551e+01 2.98948891e+01]
 [4.83307391e+01 1.30055861e+01]
 [3.09838326e+01 1.84529702e+01]
 [9.65869014e+01 5.29510110e+00]
 [7.47103428e+00 3.27839613e+01]
 [1.93888691e-01 4.71300901e+01]
 [3.56757064e+01 1.67682477e+01]
 [3.01435576e+00 3.87437753e+01]
 [1.17329489e+02 4.34324222e+00]
 [4.66951383e+00 3.58988353e+01]
 [5.69893656e+01 1.08917859e+01]
 [2.62542348e+00 3.94629533e+01]
 [6.83382844e+01 8.64617576e+00]
 [4.34026601e+01 1.43443386e+01]
 [2.13531304e+01 2.26859973e+01]
 [5.00504672e+01 1.25116603e+01]
 [1.88251444e+01 2.41843976e+01]
 [6.00929066e+00 3.48282781e+01]
 [5.13824242e-01 4.54694508e+01]
 [2.58119506e+00 3.96677531e+01]
 [4.03239394e+00 3.69383522e+01]
 [2.38404433e+01 2.15314788e+01]
 [3.69837635e+01 1.63225093e+01]
 [8.64919865e+01 6.15676129e+00]
 [3.54154819e+01 1.70003975e+01]
 [3.36542071e+01 1.74010150e+01]
 [3.20537255e+00 3.81544643e+01]
 [4.94481916e+00 3.56141364e+01]
 [1.27649019e+01 2.80997480e+01]
 [2.40538698e+01 2.14695150e+01]
 [6.48609556e+01 9.26874806e+00]
 [5.05834735e+01 1.23675360e+01]
 [3.43372301e+01 1.71514592e+01]
 [1.93779981e+01 2.37564183e+01]
 [5.01455835e+01 1.24796289e+01]
 [6.33070848e+01 9.61319687e+00]
 [5.40210633e+01 1.15365319e+01]
 [1.10958087e+01 2.96911065e+01]
 [6.83013424e+00 3.33587758e+01]
 [3.12500802e+01 1.84325539e+01]
 [6.43486652e+01 9.37801384e+00]
 [1.20306667e+01 2.85309140e+01]
 [7.44505565e+01 7.63696884e+00]
 [5.89411434e+01 1.05818184e+01]
 [4.67329773e+01 1.33736789e+01]
 [3.88029074e+01 1.58309290e+01]
 [3.01727971e+01 1.87087766e+01]
 [1.34130912e+00 4.22112876e+01]
 [2.15113580e+01 2.25891640e+01]
 [3.35921562e-01 4.59875418e+01]
 [5.79757966e+01 1.06536827e+01]
 [2.15758789e+01 2.25489721e+01]
 [2.66596827e+01 2.02184574e+01]
 [2.58182713e+01 2.08055238e+01]
 [8.12972023e-01 4.41664531e+01]
 [7.79711709e+00 3.22085453e+01]
 [4.45625951e+01 1.40918550e+01]
 [6.96871304e+01 8.40558730e+00]
 [2.47211051e+01 2.10275627e+01]
 [3.79945778e+01 1.59323796e+01]
 [8.62804999e+00 3.15900942e+01]
 [6.34288930e+00 3.46317578e+01]
 [1.31969028e+01 2.76972815e+01]
 [1.05494764e+01 2.98658082e+01]
 [2.77386830e+00 3.89277638e+01]
 [4.21620745e+01 1.46265005e+01]
 [3.75361146e+00 3.72747338e+01]
 [5.38580768e+01 1.16485177e+01]
 [6.96135576e+01 8.42397176e+00]
 [3.26021873e+01 1.77876950e+01]
 [8.02485554e+01 7.11869063e+00]
 [3.27101692e+01 1.77589149e+01]
 [7.01730799e+01 8.31113849e+00]
 [3.91416147e+01 1.55467138e+01]
 [1.79816284e+01 2.45904349e+01]
 [5.32432904e+01 1.18283137e+01]
 [7.34291820e+01 7.93473231e+00]
 [1.14352050e+02 4.60422727e+00]
 [6.91922583e-01 4.44418788e+01]
 [7.19408245e+01 8.01237546e+00]
 [2.02291111e+00 4.05086490e+01]
 [9.54567866e+01 5.83514359e+00]
 [2.62728519e-01 4.64450476e+01]
 [4.13293070e+00 3.68514178e+01]
 [5.34718436e+01 1.16612434e+01]
 [4.50652135e+01 1.38072019e+01]
 [1.21033246e+01 2.84498708e+01]
 [1.02984042e+00 4.31941739e+01]
 [4.28413418e+00 3.64353428e+01]
 [6.06772742e+01 1.00926354e+01]
 [5.17815690e+01 1.20756660e+01]
 [5.00753781e+01 1.24841183e+01]
 [3.64208919e+01 1.64783257e+01]
 [2.05031630e+01 2.31204647e+01]
 [5.52778958e+01 1.14322952e+01]
 [2.08699861e+01 2.29201545e+01]
 [1.19158618e+01 2.86011782e+01]
 [1.41624463e+00 4.19642958e+01]
 [2.18207191e+00 4.01005677e+01]
 [7.09630621e+01 8.18251721e+00]
 [1.37754203e+01 2.71996217e+01]
 [5.59471577e+01 1.12003101e+01]
 [6.58160875e+01 9.17880984e+00]
 [2.45962744e+01 2.14231088e+01]
 [4.72008871e+01 1.32408314e+01]
 [2.82545747e+00 3.88369183e+01]
 [9.48526169e+01 5.87319523e+00]
 [2.27829746e+01 2.19913763e+01]
 [6.09375047e+01 1.00591187e+01]
 [2.62931970e+01 2.03152444e+01]
 [5.27503616e+01 1.18308380e+01]
 [8.63491944e+00 3.14866317e+01]
 [1.05949357e+02 4.88260533e+00]
 [1.03763432e+02 5.21138295e+00]
 [1.44623588e+01 2.68671318e+01]
 [2.74784047e+01 1.98719716e+01]
 [2.47785451e+01 2.10265541e+01]
 [4.67330465e+01 1.33448602e+01]
 [9.63014651e+01 5.34406152e+00]
 [1.70717373e+00 4.12710947e+01]
 [4.96356977e+01 1.26938764e+01]
 [8.05316543e+01 6.82394598e+00]
 [1.05272461e+02 5.01802162e+00]
 [4.31619288e+01 1.43822419e+01]
 [4.75399489e+01 1.31461405e+01]
 [1.06938250e+01 2.96999510e+01]
 [5.92037372e+01 1.04563499e+01]
 [1.28280113e+00 4.31346909e+01]
 [3.52322567e-02 4.89962262e+01]
 [1.89498879e+01 2.40447655e+01]
 [1.83760080e+01 2.42904523e+01]
 [3.23910642e+01 1.78556976e+01]
 [5.09323466e+01 1.22958867e+01]
 [4.19035889e+01 1.47628937e+01]
 [1.77295172e+01 2.48569933e+01]
 [2.69936557e+00 3.92526400e+01]
 [9.69826151e+00 3.09258880e+01]
 [5.57622132e+01 1.13410030e+01]
 [4.01631850e+01 1.55052981e+01]
 [2.04710711e+01 2.31709171e+01]
 [1.34485545e+01 2.74311345e+01]
 [1.39582504e+01 2.70817513e+01]
 [2.81308934e+01 1.95321211e+01]
 [2.49887318e+01 2.09053807e+01]
 [6.05032116e+01 1.01251813e+01]
 [2.24480963e+01 2.23078305e+01]
 [6.40285457e+01 9.44338479e+00]
 [6.89659041e+01 8.51947107e+00]
 [3.58970839e+01 1.66587208e+01]
 [2.60517360e+01 2.07200139e+01]
 [1.01237806e+01 3.00360187e+01]
 [3.60218494e+01 1.65862826e+01]
 [1.13923522e+02 4.60851522e+00]
 [6.21815015e+01 9.93028221e+00]
 [9.11150259e+00 3.09422353e+01]
 [2.70420229e+01 2.00023046e+01]
 [5.60264284e+01 1.11424166e+01]
 [5.26190827e+01 1.18769868e+01]
 [1.94987271e+00 4.10521832e+01]
 [1.33915433e+02 4.09295715e+00]
 [7.84846751e+01 7.19898815e+00]
 [3.36275886e+01 1.74894432e+01]
 [4.43776350e+01 1.41806454e+01]
 [5.13655274e+01 1.22624835e+01]
 [4.86982126e+01 1.28416581e+01]
 [1.15005092e+02 4.48091159e+00]
 [1.78490082e+01 2.47310033e+01]
 [3.66906257e+01 1.63528233e+01]
 [2.00063588e+01 2.33787292e+01]
 [3.13109883e+01 1.82751123e+01]
 [1.08501133e+02 4.63793710e+00]
 [2.89519318e+01 1.95163749e+01]
 [6.00770806e+01 1.02150317e+01]
 [5.65693675e+01 1.10990644e+01]
 [8.35984159e+00 3.17388717e+01]
 [6.75016537e+01 8.88812067e+00]
 [8.82595420e+01 6.11323771e+00]
 [7.67285817e+01 7.35763223e+00]
 [1.64598888e+01 2.54437481e+01]
 [2.36924024e+01 2.17215844e+01]
 [2.42763529e-01 4.67499610e+01]
 [2.46102305e+01 2.10972307e+01]
 [1.17448843e+01 2.87381589e+01]
 [4.13923224e+01 1.48550580e+01]
 [1.88071102e+01 2.42834656e+01]
 [8.03979847e+01 6.95393694e+00]
 [4.95544767e+01 1.27420890e+01]
 [4.75630691e+01 1.31341835e+01]
 [3.58871393e+01 1.66757985e+01]
 [2.27361493e+01 2.23039596e+01]
 [8.84560318e+01 5.90871205e+00]
 [7.56978922e+01 7.50483065e+00]
 [1.68115509e+01 2.52141653e+01]
 [1.58966732e+01 2.58198798e+01]
 [8.79850835e+00 3.14283044e+01]
 [1.48153964e+01 2.65127929e+01]
 [1.08273090e+02 4.84499352e+00]
 [4.75982973e-01 4.55896122e+01]
 [1.56078730e+01 2.60360943e+01]
 [4.06751580e+01 1.52074598e+01]
 [2.62045715e+01 2.03555934e+01]
 [2.13157261e+00 4.03410017e+01]
 [8.34497408e-02 4.79789081e+01]
 [6.58688870e+01 9.11614687e+00]]
