[[1.86260211e-03 3.45560727e-03 1.79353495e+00]
 [4.30247271e-03 9.73802078e-03 2.35560178e+00]
 [3.81016124e-03 7.49858311e-03 2.02228296e+00]
 [4.32981507e-03 9.09311989e-03 2.21095800e+00]
 [1.15103041e-03 2.27001165e-03 2.19196477e+00]
 [4.12190037e-03 7.43655507e-03 1.75513060e+00]
 [1.61510770e-03 2.93225741e-03 1.52381135e+00]
 [1.54183025e-03 3.38708025e-03 2.04779227e+00]
 [1.69022681e-03 4.10992077e-03 2.84090164e+00]
 [4.72184365e-03 9.73802078e-03 2.30142235e+00]
 [4.28537556e-03 8.46657381e-03 2.07974279e+00]
 [3.17605928e-03 6.97368876e-03 2.16426053e+00]
 [4.67992567e-03 9.74740371e-03 2.27320880e+00]
 [4.12190037e-03 7.44687250e-03 1.75513060e+00]
 [4.39359676e-03 8.29113560e-03 1.85269631e+00]
 [4.84102864e-03 9.92881632e-03 2.33488175e+00]
 [4.28537556e-03 8.73078406e-03 2.12138042e+00]
 [4.40363681e-03 9.46537376e-03 2.24944104e+00]
 [1.70333079e-03 3.12922923e-03 2.05147398e+00]
 [4.02318175e-03 7.51161702e-03 2.02228296e+00]
 [4.66878104e-03 8.46567196e-03 1.78417201e+00]
 [8.52095372e-04 1.86913645e-03 2.38669770e+00]
 [2.62555068e-03 4.28907345e-03 1.45701827e+00]
 [1.00956010e-03 1.81973888e-03 1.60026356e+00]
 [7.67186011e-04 1.55678375e-03 2.35503428e+00]
 [5.43189827e-04 1.46369219e-03 2.21105357e+00]
 [1.25454418e-03 2.18140597e-03 1.48842176e+00]
 [1.57145246e-03 3.09063590e-03 2.15912175e+00]
 [2.36276251e-03 4.26643431e-03 1.79657318e+00]
 [5.79204771e-03 9.98005048e-03 2.40749978e+00]
 [1.68112343e-03 3.99648359e-03 2.44837996e+00]
 [4.48384045e-04 9.81503101e-04 2.85894390e+00]
 [4.27439607e-03 9.42385244e-03 2.42554633e+00]
 [4.47301831e-03 8.45002036e-03 1.74317259e+00]
 [1.14938799e-03 2.34381903e-03 2.19196477e+00]
 [2.61462143e-03 5.60529991e-03 2.39701059e+00]
 [1.56892522e-03 3.42840321e-03 2.64482907e+00]
 [2.01152508e-03 4.29231790e-03 2.03462336e+00]
 [3.60787580e-03 7.49858311e-03 2.02228296e+00]
 [4.40363681e-03 9.46537376e-03 2.31948345e+00]
 [4.54741709e-03 8.74615359e-03 1.78956057e+00]
 [2.41747717e-03 5.32729076e-03 2.55433250e+00]
 [3.11702918e-03 6.04045563e-03 1.65365895e+00]
 [1.75770722e-03 4.16541383e-03 2.18566451e+00]
 [4.12190037e-03 7.73619368e-03 1.72686733e+00]
 [4.46200303e-03 9.46537376e-03 2.24944104e+00]
 [3.12796311e-03 6.25095212e-03 2.34337068e+00]
 [2.96611372e-03 5.94305427e-03 2.07588466e+00]
 [1.89976909e-03 4.30510811e-03 2.79659231e+00]
 [1.99839025e-03 4.63142843e-03 2.63817836e+00]
 [1.19724840e-03 2.64297483e-03 2.59418628e+00]
 [1.34623232e-03 2.20539741e-03 1.77496492e+00]
 [4.02318175e-03 8.22083954e-03 1.96223393e+00]
 [1.15004906e-03 1.99495546e-03 1.50835117e+00]
 [4.12351682e-03 8.41173727e-03 2.24698369e+00]
 [4.11194801e-03 6.83464900e-03 1.47897264e+00]
 [1.84003735e-03 4.17662254e-03 2.13198926e+00]
 [1.37905966e-03 2.49185808e-03 1.35445010e+00]
 [4.76995548e-03 9.77788106e-03 2.66631836e+00]
 [1.26329519e-03 2.03530382e-03 2.01132433e+00]
 [4.38989225e-04 1.02679721e-03 2.21078327e+00]
 [1.65969147e-03 2.95662004e-03 1.59589886e+00]
 [5.79204771e-03 9.98005048e-03 2.48508403e+00]
 [1.05662347e-03 1.99560825e-03 1.75744429e+00]
 [5.75138330e-04 1.42231955e-03 2.72917103e+00]
 [8.76749841e-04 1.68222925e-03 2.08137544e+00]
 [4.44117107e-03 8.32183855e-03 1.85843028e+00]
 [1.80650560e-03 3.45560727e-03 1.75218024e+00]
 [2.83625791e-03 5.38399017e-03 2.11244735e+00]
 [1.00956010e-03 2.58918084e-03 2.58511050e+00]
 [4.32981507e-03 9.09564403e-03 2.21313412e+00]
 [7.56300398e-03 9.99087463e-03 2.97168578e+00]
 [1.87813180e-03 3.11275721e-03 1.48747300e+00]
 [1.25454418e-03 2.18140597e-03 1.48357215e+00]
 [3.78331975e-03 8.55356413e-03 2.49970381e+00]
 [7.22334869e-04 1.75434351e-03 2.64578743e+00]
 [3.94233134e-03 8.29333984e-03 2.35462356e+00]
 [4.28464866e-03 8.73078406e-03 2.23311299e+00]
 [3.17605928e-03 6.97368876e-03 2.19805212e+00]
 [9.86726055e-04 2.48679833e-03 2.86987114e+00]
 [1.04571853e-03 1.81973888e-03 1.60026356e+00]
 [8.59529853e-04 1.88211577e-03 2.39565792e+00]
 [4.34015870e-03 8.41250169e-03 1.73599376e+00]
 [7.19142226e-04 1.47995612e-03 2.40966522e+00]
 [5.01994002e-03 9.95181721e-03 2.89477649e+00]
 [4.57750331e-03 9.05639128e-03 1.79694432e+00]
 [2.03048462e-03 4.11545191e-03 2.29513764e+00]
 [1.40766449e-03 3.00684318e-03 2.40458259e+00]
 [1.56892522e-03 3.46785802e-03 2.34529338e+00]
 [1.97896212e-03 4.17569876e-03 2.72931631e+00]
 [3.07204273e-03 7.33641211e-03 2.34352347e+00]
 [3.12796311e-03 6.25095212e-03 2.08181490e+00]]
