[[3.60699608e+01 1.65566552e+01]
 [7.76812641e+00 3.22621992e+01]
 [2.61940879e+01 2.05456462e+01]
 [3.44753316e+01 1.71025222e+01]
 [2.86511655e+01 1.95368564e+01]
 [3.38364045e+00 3.78835185e+01]
 [7.01718697e+00 3.32064912e+01]
 [2.06701379e+01 2.30235463e+01]
 [8.35413583e+01 6.42080819e+00]
 [6.42545421e-02 4.82357273e+01]
 [5.60857909e+01 1.11194220e+01]
 [6.81555654e+01 8.66305532e+00]
 [8.89085385e-01 4.35860832e+01]
 [6.14466549e-01 4.47011988e+01]
 [1.45298019e+01 2.68269711e+01]
 [5.83176055e+01 1.06016468e+01]
 [7.07409588e+00 3.29968040e+01]
 [6.16784942e+01 9.95395502e+00]
 [4.22734344e+01 1.46637253e+01]
 [7.64913006e+01 7.61132999e+00]
 [6.12996297e+01 1.02237281e+01]
 [1.04976551e+01 2.98948891e+01]
 [5.10129214e+01 1.23026655e+01]
 [4.83307391e+01 1.30055861e+01]
 [1.04383508e+01 3.05546152e+01]
 [3.09838326e+01 1.84529702e+01]
 [1.07577721e+02 5.06983686e+00]
 [9.65869014e+01 5.29510110e+00]
 [3.17043014e+01 1.83835391e+01]
 [8.61160919e+00 3.19010647e+01]
 [6.08506073e+01 1.02258165e+01]
 [1.93888691e-01 4.71300901e+01]
 [3.56757064e+01 1.67682477e+01]
 [3.01435576e+00 3.87437753e+01]
 [1.17329489e+02 4.34324222e+00]
 [4.66951383e+00 3.58988353e+01]
 [2.82482075e+01 2.00136547e+01]
 [5.69893656e+01 1.08917859e+01]
 [2.62542348e+00 3.94629533e+01]
 [2.20929934e+00 4.08396947e+01]
 [4.34026601e+01 1.43443386e+01]
 [2.13531304e+01 2.26859973e+01]
 [4.18005687e+01 1.50087135e+01]
 [5.00504672e+01 1.25116603e+01]
 [1.88251444e+01 2.41843976e+01]
 [4.03239394e+00 3.69383522e+01]
 [2.38404433e+01 2.15314788e+01]
 [4.75859928e+01 1.32989730e+01]
 [8.64919865e+01 6.15676129e+00]
 [3.36542071e+01 1.74010150e+01]
 [3.20537255e+00 3.81544643e+01]
 [4.94481916e+00 3.56141364e+01]
 [2.83518875e+01 1.95538827e+01]
 [1.27649019e+01 2.80997480e+01]
 [2.40538698e+01 2.14695150e+01]
 [6.48609556e+01 9.26874806e+00]
 [5.05834735e+01 1.23675360e+01]
 [3.43372301e+01 1.71514592e+01]
 [1.93779981e+01 2.37564183e+01]
 [5.01455835e+01 1.24796289e+01]
 [6.33070848e+01 9.61319687e+00]
 [5.40210633e+01 1.15365319e+01]
 [6.83013424e+00 3.33587758e+01]
 [3.12500802e+01 1.84325539e+01]
 [6.43486652e+01 9.37801384e+00]
 [1.20306667e+01 2.85309140e+01]
 [2.25733983e+01 2.24263055e+01]
 [7.44505565e+01 7.63696884e+00]
 [4.67329773e+01 1.33736789e+01]
 [3.01727971e+01 1.87087766e+01]
 [1.34130912e+00 4.22112876e+01]
 [2.15113580e+01 2.25891640e+01]
 [3.35921562e-01 4.59875418e+01]
 [5.79757966e+01 1.06536827e+01]
 [4.76391019e+01 1.32669915e+01]
 [2.15758789e+01 2.25489721e+01]
 [2.35776718e+00 4.06267694e+01]
 [1.08977338e+02 5.00396913e+00]
 [8.12972023e-01 4.41664531e+01]
 [7.79711709e+00 3.22085453e+01]
 [4.45625951e+01 1.40918550e+01]
 [6.96871304e+01 8.40558730e+00]
 [2.47211051e+01 2.10275627e+01]
 [3.79945778e+01 1.59323796e+01]
 [8.62804999e+00 3.15900942e+01]
 [3.79866175e+01 1.59417191e+01]
 [4.17302271e+01 1.51113015e+01]
 [2.35211960e+01 2.16095815e+01]
 [3.77788139e+00 3.72038286e+01]
 [5.04853629e+01 1.23933281e+01]
 [7.82287794e+01 7.57598686e+00]
 [3.75596106e+00 3.75611965e+01]
 [2.18865861e+01 2.24953650e+01]
 [6.18264737e+01 9.85973380e+00]
 [2.42265031e+01 2.14572868e+01]
 [3.21845003e+00 3.81195964e+01]
 [4.92246747e+01 1.26983781e+01]
 [2.89450794e+00 3.89086333e+01]
 [5.04564776e-01 4.54131539e+01]
 [4.49464135e+01 1.39097972e+01]
 [4.54808598e+01 1.38673301e+01]
 [5.53540006e+00 3.49029237e+01]
 [3.36659875e+01 1.73940040e+01]
 [3.21594035e+01 1.80458611e+01]
 [8.76182188e-01 4.36778113e+01]
 [2.28958100e+01 2.23547388e+01]
 [2.45478728e+01 2.11072038e+01]
 [9.23178752e+00 3.10531519e+01]
 [6.52123228e+00 3.36814608e+01]
 [1.02195119e+02 5.28713207e+00]
 [2.91353431e+01 1.92226106e+01]
 [2.04261878e+01 2.31494234e+01]
 [8.86222082e+01 5.99561724e+00]
 [6.82755102e+01 8.64293867e+00]
 [2.01834602e+01 2.32798470e+01]
 [5.54653044e+01 1.12816999e+01]
 [4.86675452e+01 1.29685713e+01]
 [8.17401087e+01 6.72283001e+00]
 [7.90595029e+01 7.04919213e+00]
 [1.97371518e+01 2.35764525e+01]
 [2.56321344e+01 2.06760244e+01]
 [3.67649972e+01 1.63207962e+01]
 [4.82898905e+01 1.31606994e+01]
 [1.56090433e+01 2.60620486e+01]
 [3.59447053e+01 1.66511776e+01]
 [6.96553815e+01 8.46968084e+00]
 [5.32454237e+01 1.19123420e+01]
 [7.41167886e+01 7.70203333e+00]
 [1.88786873e+01 2.40405345e+01]
 [3.06591976e+00 3.84559334e+01]
 [4.34655704e+00 3.63447467e+01]
 [5.47444016e+00 3.49202968e+01]
 [6.57572658e+01 9.10147418e+00]
 [5.34230369e+01 1.16842789e+01]
 [6.86342722e+00 3.33266692e+01]
 [2.29166435e+01 2.18803831e+01]
 [3.03945394e+01 1.86194512e+01]
 [1.89944846e+01 2.39317690e+01]
 [8.10145184e+01 6.86408606e+00]
 [6.46314826e+01 9.37057101e+00]
 [3.51517494e+01 1.68647217e+01]
 [4.32641737e+00 3.65962314e+01]
 [6.01029757e+01 1.03127015e+01]
 [2.66319328e+01 2.05376195e+01]
 [2.01947473e+00 4.12843364e+01]
 [3.32550176e+01 1.76427459e+01]
 [3.88747397e+01 1.56308546e+01]
 [9.11337760e+01 5.74681113e+00]
 [3.03789423e+00 3.87248963e+01]
 [4.87945452e+01 1.28087258e+01]
 [1.17939642e+01 2.89585974e+01]
 [3.17825032e+01 1.80828129e+01]
 [2.91425671e+01 1.91441780e+01]
 [1.25977317e+02 4.12597044e+00]
 [1.63970828e-01 4.77354864e+01]
 [1.10464575e+02 4.56308557e+00]
 [7.41918858e+00 3.26010760e+01]
 [9.52008910e+01 5.54087767e+00]
 [1.55462531e+01 2.61214931e+01]
 [2.75326488e+01 2.00717121e+01]
 [3.55247141e+00 3.75897233e+01]
 [7.54384636e-01 4.43371569e+01]
 [4.29713789e+01 1.44557096e+01]
 [6.47406358e+01 9.36646066e+00]
 [8.96123888e+00 3.10969365e+01]
 [2.93389691e+01 1.90886375e+01]
 [2.69925774e+01 2.01071720e+01]
 [2.37642575e+00 3.97168044e+01]
 [5.67356408e+01 1.09224637e+01]
 [2.45447980e+00 3.95674179e+01]
 [9.21454444e+01 5.57451704e+00]
 [1.53058600e+00 4.19339640e+01]
 [5.88236059e+01 1.05219048e+01]
 [1.41138153e+01 2.70920021e+01]
 [1.08288447e-01 4.81189226e+01]
 [4.84769656e+01 1.29756749e+01]
 [1.50607477e+01 2.63983268e+01]
 [3.04026727e-01 4.61812278e+01]
 [1.25190285e+01 2.83046118e+01]
 [3.11441367e-02 4.88511799e+01]
 [8.16248824e-01 4.38889857e+01]
 [6.25620427e+01 9.74236140e+00]
 [3.54775709e+01 1.67765008e+01]
 [3.67068113e-01 4.58544068e+01]
 [1.75437103e+01 2.47696409e+01]
 [3.87229831e+01 1.56891793e+01]
 [7.02492173e+01 8.30443428e+00]
 [5.36020094e+00 3.50383931e+01]
 [5.10854567e+01 1.22333324e+01]
 [8.82867679e+00 3.13475034e+01]
 [1.82027555e+01 2.47626130e+01]
 [7.31946313e+00 3.27060576e+01]
 [6.47578338e+01 9.28700474e+00]
 [4.21139000e+01 1.46880665e+01]
 [7.15463752e+01 8.07596738e+00]
 [4.59097563e+01 1.37615224e+01]
 [5.73634244e+01 1.08317077e+01]
 [8.32049905e+00 3.20656599e+01]
 [6.42011522e+01 9.55618741e+00]
 [4.36273297e+01 1.42285783e+01]
 [7.90573186e+01 7.13423320e+00]
 [1.14287205e+02 4.37988147e+00]
 [1.84148749e+01 2.43667525e+01]
 [1.65209627e+01 2.54865193e+01]
 [5.99140572e+01 1.03907206e+01]
 [8.65741191e+00 3.14527939e+01]
 [5.25738911e+01 1.21143291e+01]
 [5.96203930e+01 1.05059935e+01]
 [5.57715384e+00 3.48079305e+01]
 [1.07246534e+01 2.95704503e+01]
 [2.66585453e+01 2.01796485e+01]
 [6.72415113e+01 8.96725956e+00]
 [5.28804003e+00 3.53702493e+01]
 [3.97044550e+00 3.69801696e+01]
 [1.17885303e+02 4.24917100e+00]
 [7.86157729e+01 7.30597379e+00]
 [8.46608278e+01 6.28782126e+00]
 [6.76761675e+01 8.74927586e+00]
 [3.47016916e+00 3.77851346e+01]
 [1.56230347e+00 4.16418663e+01]
 [7.37810741e+01 7.72226765e+00]
 [2.54817526e+01 2.06962680e+01]
 [5.41995934e+01 1.14926672e+01]
 [6.96468457e+01 8.54054795e+00]
 [3.27696736e+01 1.80418532e+01]
 [4.08416884e+00 3.67546551e+01]
 [6.72875922e+01 8.88633991e+00]
 [4.07656386e+01 1.51985131e+01]
 [2.11505530e+01 2.27682165e+01]
 [4.07028993e+01 1.52685430e+01]]
