[[0.62822678 4.53414591 9.09509548 1.55636897]
 [0.43379929 4.27441307 8.65190854 0.52291692]
 [1.02679196 8.45817405 9.82763891 4.57948067]
 [1.52433924 1.41875043 9.37709581 4.04857475]
 [1.4989948  1.86709885 9.70171865 3.74195519]
 [1.36438273 0.93245491 8.65502654 2.30850721]
 [1.1933748  1.93035488 8.9658048  4.88884957]
 [0.93092764 2.05224383 9.02437915 2.89235346]
 [0.37970048 8.41090962 8.0667865  0.76212752]
 [1.52433924 1.1494611  9.37709581 3.91660936]
 [0.86833902 4.85490914 9.61388931 1.03032719]
 [1.53359174 0.96168457 9.72123186 2.25453933]
 [0.28659419 4.72128338 9.54758318 0.99255097]
 [2.68418647 0.69599516 8.71720608 3.81382903]
 [2.08812626 1.41834691 9.47639001 4.04857475]
 [0.41140205 6.29006009 9.76229178 4.5201176 ]
 [1.61772112 3.66797691 9.83266407 4.49159844]
 [1.23418435 1.1494611  9.10890236 3.16346169]
 [2.69599072 9.68723855 9.87727228 4.85322218]
 [1.20793646 1.89927408 9.35502802 4.8853929 ]
 [0.88730538 1.75143535 9.02295352 2.85081361]
 [0.68935685 5.06484683 9.55596859 4.68506447]
 [1.08169627 8.45817405 9.8707379  4.57948067]
 [0.4174126  6.02801029 9.4781284  2.92474836]]
