[[1.32796558e+02 4.01333734e+00]
 [1.00928887e-05 4.99777591e+01]
 [4.74413153e+01 1.33694848e+01]
 [7.08614191e+01 8.36429970e+00]
 [3.41188884e+01 1.74115157e+01]
 [2.65630610e+01 2.02166695e+01]
 [3.00633511e+01 1.88767579e+01]
 [3.90330346e+00 3.77565339e+01]
 [1.26869290e+02 4.10428587e+00]
 [5.69208422e+01 1.08934200e+01]
 [4.86415990e+00 3.58412417e+01]
 [1.07543256e+01 2.95041780e+01]
 [3.87661044e+01 1.64474302e+01]
 [9.63778748e+01 5.25742274e+00]
 [5.11428072e+01 1.22835132e+01]
 [6.73975567e+01 8.83151832e+00]
 [1.53378473e+01 2.72146748e+01]
 [1.24765963e+01 2.82441701e+01]
 [1.66158124e+01 2.54872531e+01]
 [7.80360904e+01 7.48389655e+00]
 [3.19521544e+01 1.81406663e+01]
 [6.46309781e+01 9.42821893e+00]
 [9.76048177e+00 3.06890092e+01]
 [3.98115827e+01 1.53824419e+01]
 [6.08820616e+00 3.42384039e+01]
 [3.65773425e+00 3.92780835e+01]
 [4.32938897e+01 1.44925560e+01]
 [7.54452830e+01 7.53532173e+00]
 [1.73769330e+01 2.49563932e+01]
 [7.27655597e-02 4.86599201e+01]
 [1.08611542e+02 4.64089680e+00]
 [7.29457370e+00 3.27260997e+01]
 [4.77478542e-01 4.64120539e+01]
 [9.22944502e+01 5.60201441e+00]
 [5.98398951e+01 1.02608582e+01]
 [1.35733111e+00 4.21121511e+01]
 [8.15157973e+01 6.67715997e+00]
 [1.00909310e+02 4.94508957e+00]
 [1.32714463e+02 4.01991106e+00]
 [4.47201874e+01 1.41538554e+01]
 [7.01371873e-01 4.47084127e+01]
 [5.47811062e+00 3.48199565e+01]
 [1.35943053e+01 2.75048858e+01]
 [1.05831619e+02 4.69323287e+00]
 [1.22264344e+02 4.13863827e+00]
 [9.08701093e+01 5.72140984e+00]
 [9.84945225e-01 4.34891210e+01]
 [1.91185439e+01 2.39153164e+01]
 [1.17608847e+02 4.34988904e+00]
 [2.11419113e+01 2.27892348e+01]
 [5.36198693e+01 1.16416349e+01]
 [2.24774668e+01 2.21220245e+01]
 [5.04912556e-01 4.58205145e+01]
 [6.21923214e+01 9.84578034e+00]
 [1.12755200e+02 4.39038319e+00]
 [2.32418799e+01 2.17294085e+01]
 [8.76964187e+01 5.99876128e+00]
 [1.00082377e+02 5.03507000e+00]
 [1.12478809e+02 4.54671908e+00]
 [1.21379502e+02 4.19993530e+00]]
