[[1.52610864e-02 2.65060857e+04]
 [4.48927166e-02 9.16056255e+03]
 [1.69870331e-02 2.59225653e+04]
 [4.91232333e-02 8.96634650e+03]
 [3.39946541e-02 1.19017793e+04]
 [2.69897406e-02 1.55173060e+04]
 [3.70128177e-02 1.09776149e+04]
 [4.18541489e-02 9.65590185e+03]
 [2.54769990e-02 1.74213262e+04]
 [2.36734457e-02 1.87026776e+04]
 [3.15247391e-02 1.32695640e+04]
 [8.73430708e-03 4.97827473e+04]
 [3.18475519e-02 1.27103137e+04]
 [2.37449270e-02 1.84067872e+04]
 [2.89231505e-02 1.45152970e+04]
 [4.37664957e-02 9.35419140e+03]
 [9.94202140e-03 4.21205463e+04]
 [1.75662574e-02 2.46631743e+04]
 [3.89519712e-02 1.08352180e+04]
 [2.62851989e-02 1.61856015e+04]
 [2.70715972e-02 1.49943671e+04]
 [1.11942608e-02 3.66995892e+04]
 [1.16124391e-02 3.50992042e+04]
 [1.07186041e-02 3.86960658e+04]
 [7.51201138e-03 5.85270665e+04]
 [2.66702914e-02 1.60014711e+04]
 [4.35726080e-02 9.43706774e+03]
 [2.51379649e-02 1.74670574e+04]
 [4.15219576e-02 9.71145620e+03]
 [2.98558876e-02 1.44921636e+04]
 [3.05175661e-02 1.37468651e+04]
 [1.36650070e-02 2.97804200e+04]
 [5.54448577e-03 9.13852750e+04]
 [9.39608384e-03 4.31295809e+04]
 [7.28616523e-03 6.64196036e+04]
 [3.93462271e-02 1.02163517e+04]
 [1.94968901e-02 2.27906782e+04]
 [1.80148991e-02 2.34513770e+04]
 [3.93208341e-02 1.05672498e+04]
 [7.31700207e-03 6.53742564e+04]
 [3.37232258e-02 1.19751976e+04]
 [3.09811424e-02 1.33561248e+04]
 [1.35575917e-02 3.22861025e+04]
 [6.65153039e-03 6.96347939e+04]
 [4.86584762e-03 9.28223810e+04]
 [4.14727913e-02 9.81408630e+03]
 [2.67648609e-02 1.58938177e+04]
 [3.48807976e-02 1.17802073e+04]
 [1.06769886e-02 3.89496902e+04]
 [4.11070331e-02 1.00904805e+04]
 [3.00408620e-02 1.38544682e+04]
 [3.39948861e-02 1.19017475e+04]
 [5.63644547e-03 8.29974192e+04]
 [5.65266251e-03 7.44148299e+04]
 [3.90137556e-02 1.06948247e+04]
 [7.90786885e-03 5.32785555e+04]
 [4.22742711e-03 9.58499428e+04]
 [3.64221123e-02 1.12539005e+04]
 [2.38777494e-02 1.82226870e+04]
 [4.64941486e-02 9.04031619e+03]
 [3.16307559e-02 1.32460234e+04]
 [2.17334598e-02 2.02180787e+04]
 [5.03829290e-02 8.65964146e+03]
 [4.31086289e-02 9.61097905e+03]
 [1.98045207e-02 2.20013901e+04]
 [1.79000926e-02 2.37541644e+04]
 [2.55018987e-02 1.62754563e+04]
 [2.23978652e-02 1.94597172e+04]
 [1.00012414e-02 4.02893845e+04]
 [3.86301917e-02 1.09235185e+04]
 [1.30554390e-02 3.47674394e+04]
 [6.00752712e-02 8.64517954e+03]
 [3.31102377e-02 1.20833634e+04]
 [4.94103233e-02 8.74124743e+03]
 [1.50967239e-02 2.95369399e+04]
 [3.66915058e-02 1.11837197e+04]
 [2.99772062e-02 1.40715552e+04]
 [9.19966510e-03 4.63362518e+04]
 [1.10333745e-02 3.70894341e+04]
 [7.60784385e-03 5.83473118e+04]]
