[[7.91120460e-02 1.93863014e+00 4.04194707e+00 1.48757303e-01
  4.03501467e+00 3.67513233e+00]
 [7.36436490e-02 1.93754840e+00 3.81782231e+00 6.74591722e-02
  1.07894530e+00 1.28786158e+00]
 [7.74562478e-02 1.93522816e+00 3.83096037e+00 1.46755892e-01
  4.08563450e+00 3.67423913e+00]
 [8.27973181e-02 1.93503717e+00 4.01435721e+00 2.06988332e-02
  1.01518745e+00 7.14856324e-01]
 [7.38121345e-02 1.93841095e+00 3.73527117e+00 1.19842105e-02
  1.08066083e+00 7.58655827e-01]
 [8.17609409e-02 1.93241045e+00 3.73527117e+00 3.70830805e-03
  1.11279396e+00 6.36588260e-01]
 [7.72012920e-02 1.93757295e+00 3.83874537e+00 1.53046700e-01
  4.08563450e+00 3.67423443e+00]
 [7.98673170e-02 1.93863014e+00 4.26923628e+00 1.97456035e-02
  1.00048081e+00 6.45830652e-01]
 [1.10596525e-01 1.95644211e+00 3.29525857e+00 6.98030731e-02
  1.01859899e+00 4.58158156e-01]
 [8.17609409e-02 1.93241045e+00 1.53950198e+00 3.70830805e-03
  1.11279396e+00 6.36588260e-01]
 [7.98559324e-02 1.93863014e+00 4.27113267e+00 1.97456035e-02
  1.08247406e+00 6.42072452e-01]
 [8.17609409e-02 1.93234176e+00 4.25009166e+00 1.86548267e-05
  1.00369648e+00 6.36588260e-01]
 [7.98673170e-02 1.93863014e+00 1.24844175e+00 2.30027395e-02
  1.00048081e+00 6.45830652e-01]
 [8.51517519e-02 1.95210311e+00 3.29525857e+00 6.97952127e-02
  1.00369922e+00 8.31956131e-01]
 [8.05245288e-02 1.93869331e+00 1.51902172e+00 1.80340114e-02
  1.00048081e+00 7.56557632e-01]
 [7.98559324e-02 1.93863014e+00 4.82845355e+00 1.97456035e-02
  1.08359190e+00 6.42072452e-01]
 [7.84503423e-02 1.93835558e+00 2.93167108e+00 1.77392851e-01
  1.19740842e+00 1.59707796e+00]
 [8.18891425e-02 1.93241045e+00 4.19961542e+00 3.70830805e-03
  1.11279396e+00 6.42005908e-01]
 [8.17493966e-02 1.93205472e+00 3.63050884e+00 1.00697692e-05
  1.11279396e+00 6.29642091e-01]
 [7.97973564e-02 1.93874935e+00 4.01825540e+00 2.33851713e-02
  1.04781027e+00 6.48756762e-01]
 [7.98673170e-02 1.93863014e+00 1.26332217e+00 2.30027395e-02
  1.00048081e+00 6.47054311e-01]
 [7.97277308e-02 1.93863014e+00 1.61117291e+00 1.97456035e-02
  1.08247406e+00 6.36654804e-01]
 [8.17609409e-02 1.93240003e+00 3.73527117e+00 3.70830805e-03
  1.12159530e+00 6.35989520e-01]]
