[[0.43379929 4.27441307 8.65190854 0.52291692]
 [1.52433924 1.41875043 9.37709581 4.04857475]
 [1.4989948  1.86709885 9.70171865 3.74195519]
 [1.68005678 1.30700616 9.63388057 2.58191717]
 [0.55867567 3.33434245 9.48881637 0.91937637]
 [1.04256965 1.81511829 9.40087105 1.9611576 ]
 [1.41868777 1.7285629  8.81692439 3.99469277]
 [0.454131   4.41948928 9.29574171 1.40800301]
 [1.25823323 1.90660622 9.63603167 2.93609384]
 [0.57152466 2.80940531 8.87781336 1.32397866]
 [0.52797523 5.26156423 9.81340468 2.07869755]
 [0.96961374 2.56987231 9.62445    1.37879514]
 [4.00139205 0.45520357 9.76263302 4.89441974]
 [0.52797523 5.26156423 9.81340468 1.90644596]
 [0.55867567 3.33434245 9.48717612 0.91937637]
 [4.54721926 8.74486567 9.89656477 4.87111993]
 [1.53136542 1.5157577  9.02295352 1.71362888]
 [1.4989948  1.72629285 9.70171865 2.27012401]
 [1.78328526 1.55280451 9.95265147 4.54081603]
 [2.18605155 1.17177629 9.74265509 3.44094835]
 [1.03777572 1.90660622 9.63195666 2.93609384]
 [0.50842047 5.26156423 9.81340468 0.57905534]
 [1.52433924 1.41875043 9.37873606 4.04857475]
 [4.1092255  6.94022492 9.79310486 4.90053962]
 [0.43379929 4.30124936 8.4560427  0.5094682 ]
 [0.22776341 9.85195098 6.15457872 0.45457922]
 [1.52217405 1.41875043 9.58457503 4.16448624]]
