[[-125.54585591   49.91195143]
 [-116.18635225   21.16254551]
 [-124.79152439   48.64134457]
 [-116.81729108   21.40834162]
 [-116.15127004   19.45866612]
 [-115.4603737    19.33671452]
 [-124.81143413   48.71194616]
 [-118.70683542   23.409493  ]
 [-109.96304025   15.9509516 ]
 [-108.26972769    7.75453011]
 [-118.72713327   23.59163511]
 [-118.55856503   23.21655987]
 [-108.05473502    6.74186062]
 [-112.38312468   16.38112091]
 [-108.23884753    7.64610947]
 [-122.68406652   28.66544578]
 [-110.69527586   16.37398527]
 [-118.20390851   23.02818143]
 [-114.92896966   18.55487241]
 [-117.1088234    21.43083166]
 [-108.06235028    6.78081877]
 [-108.41266531    7.93799079]
 [-115.46243805   19.35557789]]
