[[4.60433993e+00 1.27821662e+00 2.45229329e+00 1.36884981e+00
  4.39001041e+00 3.41474080e+00]
 [4.08608496e+00 1.76904222e+00 2.61972585e+00 2.91127592e+00
  1.37539838e+00 3.09350175e+00]
 [4.08608496e+00 1.76749890e+00 2.64246529e+00 2.91127592e+00
  1.37539838e+00 3.09350175e+00]
 [4.64355074e+00 1.16595141e+00 2.27781806e+00 3.14945783e-01
  3.04336296e+00 8.46460454e+00]
 [2.28943984e+00 1.48841695e+00 1.14122661e+00 5.16339005e-05
  1.15415394e+00 9.92369452e-01]
 [1.12087401e+00 1.38014962e+00 1.92985346e+00 1.19176558e+00
  1.26880862e+00 3.43859015e+00]
 [3.89636121e+00 1.45562156e+00 1.78531131e+00 2.01398281e+00
  1.01015668e+00 1.80050003e+00]
 [3.64946530e+00 6.56822497e-01 2.51212486e+00 4.77756466e-01
  4.57641174e+00 1.81612851e+00]]
