[[2.08511002 2.16097348]
 [0.93130106 1.03668218]
 [2.09597257 2.0556585 ]
 [2.08652401 1.67606949]
 [1.05814058 0.79663998]
 [1.63322451 1.58117431]
 [3.45448459 2.99196855]
 [0.09940067 0.07863296]
 [2.76410989 2.52609268]
 [2.92879636 2.90878724]
 [0.29958845 0.36403037]
 [0.22275939 0.32248239]
 [1.1992388  1.48130914]
 [2.62335155 2.77442391]
 [3.08389179 2.84704896]
 [0.88098128 0.99619072]
 [0.99284944 1.28010303]
 [2.63857323 2.40648325]
 [2.59505814 2.31265173]
 [2.07924359 1.8500552 ]
 [3.91374707 2.97141535]
 [1.23866451 0.78651925]
 [1.10716367 0.80121606]
 [0.09166321 0.20017499]
 [1.9742524  2.24081549]
 [4.52904748 2.96986554]
 [0.73396187 0.79289245]
 [2.58633799 2.74921756]
 [2.85357926 2.99026028]
 [2.46035901 2.19027363]
 [1.69354013 1.57168841]
 [1.37059888 1.68158997]
 [0.13313942 0.33276111]
 [0.79916825 0.60780638]
 [3.58464501 2.96197852]
 [2.00932962 2.09192406]
 [0.60383592 0.66085196]
 [0.69177345 0.87043339]
 [1.72849411 2.02491481]
 [1.10741028 1.40173747]
 [1.57382844 1.88056681]
 [2.86636136 2.82828773]
 [2.45772575 2.57010749]
 [2.09289013 2.0503947 ]
 [1.47644397 1.63236415]
 [2.43960746 2.56606924]
 [2.92674229 2.69461514]
 [2.57087522 2.62599818]
 [0.80755385 1.02732192]
 [2.8968027  2.77411254]
 [1.14602514 1.30165013]
 [3.154796   2.94277103]
 [2.51754755 2.8977992 ]
 [2.49966186 2.33129469]
 [1.99609303 2.39088676]
 [1.90540746 1.97803481]
 [0.354592   0.45781196]
 [0.08287941 0.34138907]
 [1.60513157 1.67373598]
 [0.19864353 0.21100032]
 [2.69824555 2.6857811 ]
 [1.64180695 1.64269281]
 [1.93002006 1.71462628]
 [0.19929963 0.40437935]
 [0.967082   1.0069914 ]
 [2.16177797 2.5431014 ]
 [3.01091827 2.89070126]
 [1.72839607 1.78687529]
 [0.88339447 1.17329737]
 [1.17538818 1.38480624]
 [0.98916392 1.28799217]
 [2.35248838 2.48140801]
 [2.29978366 2.29161815]
 [0.63356692 0.73279999]
 [2.73227295 2.44932719]
 [3.02153422 2.87640755]
 [1.96942004 2.06686514]
 [1.95305249 2.08881025]
 [3.06556168 2.8072088 ]
 [2.98444262 2.93877052]
 [2.2050331  2.21883589]
 [1.38600052 1.6044967 ]
 [4.48021746 2.91816106]
 [0.35271022 0.22039996]
 [3.02606448 2.97121859]
 [0.4449911  0.55471677]
 [0.18931294 0.17275052]
 [0.82659245 0.59158904]
 [2.58099231 2.58967945]
 [2.32566972 2.42024043]
 [1.28330495 1.17429109]
 [0.28987907 0.41644955]
 [0.72892716 0.73464192]
 [2.78634115 2.72132717]
 [2.60156818 2.48540444]
 [2.52889693 2.47457569]
 [2.03144214 2.23124759]
 [1.55506534 1.64546727]
 [2.39868784 2.84003004]
 [1.64573001 1.58400419]
 [1.15731468 1.28046405]
 [1.95132352 2.27947619]
 [0.45204858 0.38692795]
 [0.52631263 0.51818239]
 [4.39533201 2.92055658]
 [3.02711004 2.92871479]
 [3.09559817 2.95633474]
 [2.75997514 2.89174767]
 [1.98231345 1.8840697 ]
 [0.99099615 0.66178225]
 [2.68001287 2.70234934]
 [1.17760978 0.88780516]
 [2.82866073 2.7264241 ]
 [1.86249383 1.8571189 ]
 [2.33775027 2.00082763]
 [2.06835082 2.05292887]
 [1.09576903 1.28640208]
 [3.09696083 2.94209711]
 [2.85504381 2.8921084 ]
 [0.87666296 1.02344047]
 [1.48064962 1.59876768]
 [3.70982118 2.94864236]
 [0.36257764 0.51810326]
 [2.47747491 2.47337883]
 [0.66453119 0.8503873 ]
 [2.09974127 1.80836029]
 [2.40722949 2.41078388]
 [1.40096318 1.35408558]
 [1.3981059  1.27053016]
 [2.21751921 2.09352497]
 [1.89054293 2.08798953]
 [0.51409184 0.5875027 ]
 [0.94569187 1.18075024]
 [1.37237056 1.58014758]
 [2.48782192 2.46353089]
 [2.2022028  2.26252508]
 [0.7337369  0.85194968]
 [1.5109075  1.10019594]
 [1.00798317 0.98257217]
 [2.28852644 2.26386668]
 [1.37731013 1.52822574]
 [1.77451255 1.9605931 ]
 [2.71308206 2.65216864]
 [0.95636026 1.1611387 ]
 [0.99116145 0.85714949]
 [2.2376419  2.55371299]
 [1.39179665 1.4624139 ]
 [1.25480769 1.27947884]
 [0.57913373 0.81165598]
 [2.52881674 2.35950229]
 [2.94454352 2.52755463]
 [1.68360545 1.75928826]
 [0.811225   0.58378121]
 [0.07544654 0.09658321]
 [0.57646713 0.62429223]
 [0.21314841 0.29832077]
 [2.31237233 2.60884226]
 [1.1745111  1.12214015]
 [2.06139464 1.8346323 ]
 [1.82085149 1.69993667]
 [1.0081588  1.24938767]
 [1.15470854 0.85913139]
 [0.72586646 1.0040416 ]
 [1.1339466  1.22454421]
 [0.7536983  0.73129193]
 [2.71270117 2.64745852]
 [2.10745505 1.66531329]
 [2.31042096 2.26770329]
 [2.39569639 2.44222126]
 [1.54018494 1.76088662]
 [1.97731858 1.99183824]
 [0.97836649 0.83091955]
 [3.0676295  2.78738319]
 [3.16530942 2.99975724]
 [2.12838872 2.22831062]
 [4.49610475 2.94639877]
 [1.58087406 1.54966505]
 [3.8710324  2.8603803 ]
 [2.38869962 2.58967945]
 [1.40096318 1.34887241]
 [2.53612585 2.46353089]
 [1.64408016 1.71462628]
 [0.65121084 0.49852079]
 [1.2161759  1.12214015]
 [1.9675306  1.92110065]
 [1.73644714 1.69720196]
 [2.88488923 2.55155401]
 [0.33079461 0.52357683]
 [4.52534446 2.95137447]
 [1.95305249 1.98695126]
 [0.40181235 0.5269937 ]
 [2.6646038  2.68481856]
 [1.88229056 2.10362428]
 [2.6372796  2.27758815]
 [4.6248104  2.96986554]
 [2.70904755 2.89541372]
 [1.94737252 1.85278008]
 [1.87742571 1.61649319]
 [2.46035901 2.21007088]
 [1.77875382 1.78794716]
 [1.81232659 1.88989215]
 [1.7282582  2.08255086]
 [1.99065792 2.05989973]
 [2.16796164 2.47632268]
 [2.08096049 2.21017162]
 [2.85504381 2.72882544]
 [1.37237056 1.43891408]
 [3.82956135 2.95968357]
 [3.6265698  2.88791315]
 [2.16838174 2.31049946]
 [0.57646713 0.49959173]
 [2.14765551 2.31375794]
 [2.09974127 1.73566593]
 [1.27487645 1.07195161]
 [0.26770003 0.40437935]
 [0.87165098 0.6339014 ]
 [2.41413396 2.45929206]
 [2.78634115 2.75696046]
 [1.98537466 1.97722146]
 [2.237342   2.333327  ]
 [2.39854038 2.37549098]
 [2.3539215  2.0877794 ]
 [0.86044093 0.72796476]
 [1.57382844 1.88091235]
 [2.08038475 2.0917179 ]
 [2.51754755 2.63039814]
 [0.86425461 0.82911876]
 [1.2722516  1.08862111]
 [0.45050792 0.30913504]
 [3.31389296 2.94640786]
 [1.28027326 1.08273683]
 [2.30049829 2.1304699 ]
 [0.61595826 0.68192921]
 [3.09977859 2.68005321]
 [1.73336985 1.86515859]
 [2.80344692 2.92535249]
 [1.01231518 1.07608426]
 [1.4111011  1.67939158]
 [2.96621144 2.8432922 ]
 [1.95003857 1.6798809 ]
 [4.47595987 2.91816106]
 [3.93208541 2.96519536]
 [2.45607331 2.54316304]
 [2.78634115 2.74059124]
 [3.78086542 2.85678065]
 [3.96565974 2.96160541]
 [1.93287411 2.03839086]
 [2.4795289  2.97340457]
 [3.35789104 2.87608378]
 [1.5109075  1.09996804]
 [1.26162872 1.06455045]
 [2.09289013 1.93254983]
 [2.67066776 2.84838843]
 [1.1910608  0.95215184]
 [0.07823489 0.12216447]
 [2.42742304 2.31010359]
 [0.17065011 0.19810675]
 [0.60200438 0.57481513]
 [2.46188446 2.26478732]
 [0.93957839 0.68419756]
 [0.51409184 0.62013747]
 [2.84136872 2.73097925]
 [2.29616228 2.2474397 ]
 [2.05857389 2.44567734]
 [1.76539551 2.0246328 ]
 [1.85077089 1.6234823 ]
 [2.384838   2.47457569]
 [0.93130106 1.05148652]
 [0.44654846 0.33587428]
 [3.4159532  2.96197852]
 [1.68292159 1.76468857]
 [1.66415986 1.60403717]
 [0.13029966 0.13116444]
 [0.5859938  0.81211071]
 [2.96206727 2.86683724]
 [2.92674229 2.7047075 ]
 [2.01246766 2.0492231 ]
 [2.86942763 2.71319492]
 [1.99360777 1.74619469]
 [4.20802814 2.95093435]
 [2.49270385 2.46353089]
 [0.04215259 0.07863296]
 [1.95093152 2.09192406]
 [1.44302293 1.71054075]
 [2.41042616 2.5650784 ]
 [1.07546228 1.40173747]
 [1.61698065 1.77154548]
 [2.38931825 2.6879099 ]
 [3.07512635 2.968225  ]
 [0.81386461 0.49298592]
 [2.42214223 2.59034966]
 [4.10599124 2.97069258]
 [2.18573005 2.12369077]
 [2.09414351 1.90355615]
 [2.59335281 2.47337883]
 [1.69356398 1.55386759]
 [1.59871185 2.01428751]
 [0.46946652 0.51810326]
 [2.29504398 2.2311508 ]
 [1.55806957 1.05922743]]
