[[3.42688908 0.68209348 2.51169672 0.47775647 4.93126845 1.81612851]
 [4.60433993 1.27821662 2.45229329 1.36884981 4.39001041 3.4147408 ]
 [2.295621   0.53061262 1.77185093 0.83388847 1.262469   2.08194438]
 [0.90409716 1.26267794 1.42105011 0.83013414 1.56218548 5.073572  ]
 [3.25540298 0.91583682 3.14409607 2.05368087 1.08674162 2.70194285]
 [2.84753403 1.98947923 1.99266453 0.40501678 1.10651154 1.6641421 ]
 [3.42688908 0.68209348 1.32591161 0.80904695 4.88623859 1.86879878]
 [2.295621   0.53272933 1.74435795 0.83388847 1.46539479 2.17030007]
 [0.40130878 2.03560378 3.03020885 1.03297533 1.08648903 4.83500117]
 [3.75432867 0.68401543 2.51549304 0.62615071 4.93126845 1.55912157]]
