[[3.60699608e+01 1.65566552e+01]
 [7.76812641e+00 3.22621992e+01]
 [2.61940879e+01 2.05456462e+01]
 [3.44753316e+01 1.71025222e+01]
 [2.86511655e+01 1.95368564e+01]
 [3.38364045e+00 3.78835185e+01]
 [7.01718697e+00 3.32064912e+01]
 [2.06701379e+01 2.30235463e+01]
 [8.35413583e+01 6.42080819e+00]
 [6.42545421e-02 4.82357273e+01]
 [5.60857909e+01 1.11194220e+01]
 [6.81555654e+01 8.66305532e+00]
 [8.89085385e-01 4.35860832e+01]
 [6.14466549e-01 4.47011988e+01]
 [1.45298019e+01 2.68269711e+01]
 [5.83176055e+01 1.06016468e+01]
 [7.04643053e+01 8.30666886e+00]
 [7.07409588e+00 3.29968040e+01]
 [6.16784942e+01 9.95395502e+00]
 [1.04976551e+01 2.98948891e+01]
 [5.10129214e+01 1.23026655e+01]
 [3.09838326e+01 1.84529702e+01]
 [9.65869014e+01 5.29510110e+00]
 [7.47103428e+00 3.27839613e+01]
 [1.93888691e-01 4.71300901e+01]
 [1.17329489e+02 4.34324222e+00]
 [4.66951383e+00 3.58988353e+01]
 [5.69893656e+01 1.08917859e+01]
 [2.62542348e+00 3.94629533e+01]
 [6.83382844e+01 8.64617576e+00]
 [4.34026601e+01 1.43443386e+01]
 [2.13531304e+01 2.26859973e+01]
 [5.00504672e+01 1.25116603e+01]
 [1.88251444e+01 2.41843976e+01]
 [5.13824242e-01 4.54694508e+01]
 [4.03239394e+00 3.69383522e+01]
 [4.75859928e+01 1.32989730e+01]
 [3.69837635e+01 1.63225093e+01]
 [8.64919865e+01 6.15676129e+00]
 [3.36542071e+01 1.74010150e+01]
 [3.20537255e+00 3.81544643e+01]
 [4.94481916e+00 3.56141364e+01]
 [2.83518875e+01 1.95538827e+01]
 [1.27649019e+01 2.80997480e+01]
 [2.40538698e+01 2.14695150e+01]
 [6.48609556e+01 9.26874806e+00]
 [5.05834735e+01 1.23675360e+01]
 [3.43372301e+01 1.71514592e+01]
 [1.93779981e+01 2.37564183e+01]
 [5.01455835e+01 1.24796289e+01]
 [6.33070848e+01 9.61319687e+00]
 [5.40210633e+01 1.15365319e+01]
 [6.83013424e+00 3.33587758e+01]
 [3.12500802e+01 1.84325539e+01]
 [6.43486652e+01 9.37801384e+00]
 [1.20306667e+01 2.85309140e+01]
 [7.44505565e+01 7.63696884e+00]
 [5.89411434e+01 1.05818184e+01]
 [4.67329773e+01 1.33736789e+01]
 [3.88029074e+01 1.58309290e+01]
 [3.01727971e+01 1.87087766e+01]
 [1.34130912e+00 4.22112876e+01]
 [2.15113580e+01 2.25891640e+01]
 [3.35921562e-01 4.59875418e+01]
 [5.79757966e+01 1.06536827e+01]
 [4.76391019e+01 1.32669915e+01]
 [2.15758789e+01 2.25489721e+01]
 [2.66596827e+01 2.02184574e+01]
 [2.58182713e+01 2.08055238e+01]
 [8.12972023e-01 4.41664531e+01]
 [7.79711709e+00 3.22085453e+01]
 [4.45625951e+01 1.40918550e+01]
 [6.96871304e+01 8.40558730e+00]
 [2.47211051e+01 2.10275627e+01]
 [3.79945778e+01 1.59323796e+01]
 [1.31969028e+01 2.76972815e+01]
 [1.05494764e+01 2.98658082e+01]
 [2.77386830e+00 3.89277638e+01]
 [4.67663491e+01 1.33526234e+01]
 [4.21620745e+01 1.46265005e+01]
 [3.75361146e+00 3.72747338e+01]
 [6.96135576e+01 8.42397176e+00]
 [3.26021873e+01 1.77876950e+01]
 [8.02485554e+01 7.11869063e+00]
 [3.27101692e+01 1.77589149e+01]
 [6.91123586e+01 8.55038487e+00]
 [7.01730799e+01 8.31113849e+00]
 [3.91416147e+01 1.55467138e+01]
 [1.79816284e+01 2.45904349e+01]
 [5.32432904e+01 1.18283137e+01]
 [6.91922583e-01 4.44418788e+01]
 [7.19408245e+01 8.01237546e+00]
 [2.02291111e+00 4.05086490e+01]
 [2.62728519e-01 4.64450476e+01]
 [4.13293070e+00 3.68514178e+01]
 [5.34718436e+01 1.16612434e+01]
 [4.50652135e+01 1.38072019e+01]
 [1.21033246e+01 2.84498708e+01]
 [1.02984042e+00 4.31941739e+01]
 [4.28413418e+00 3.64353428e+01]
 [6.06772742e+01 1.00926354e+01]
 [5.17815690e+01 1.20756660e+01]
 [5.00753781e+01 1.24841183e+01]
 [3.64208919e+01 1.64783257e+01]
 [2.05031630e+01 2.31204647e+01]
 [5.52778958e+01 1.14322952e+01]
 [2.08699861e+01 2.29201545e+01]
 [1.19158618e+01 2.86011782e+01]
 [3.60147008e+01 1.66956781e+01]
 [1.41624463e+00 4.19642958e+01]
 [2.18207191e+00 4.01005677e+01]
 [1.11394377e+02 4.68970831e+00]
 [7.09630621e+01 8.18251721e+00]
 [7.32905725e+01 7.80331402e+00]
 [6.39186693e+01 9.46243930e+00]
 [2.99171409e+01 1.88154538e+01]
 [5.68011641e+00 3.48922452e+01]
 [5.79406439e+01 1.06615388e+01]
 [8.69985118e+00 3.15208134e+01]
 [6.17388396e+01 9.88386160e+00]
 [2.76710956e+01 1.97216465e+01]
 [3.78735500e+01 1.60826086e+01]
 [3.39703682e+01 1.72797952e+01]
 [3.11710112e+01 1.84462971e+01]
 [1.14221603e+01 2.90338290e+01]
 [7.29884071e+01 7.85652240e+00]
 [6.65957702e+00 3.35761655e+01]
 [6.60622646e+01 9.04404406e+00]
 [7.26387335e+00 3.28149341e+01]
 [1.89935255e+01 2.39542084e+01]
 [1.87070036e+00 4.11537541e+01]
 [2.03279564e+01 2.34982790e+01]
 [8.98290597e+01 5.87262957e+00]
 [4.90219390e+01 1.27469474e+01]
 [2.93961870e+01 1.92370874e+01]
 [4.65904102e+00 3.60155754e+01]
 [3.07163213e+01 1.85980647e+01]
 [4.64265309e+01 1.34264990e+01]
 [1.51849824e+01 2.62457580e+01]
 [1.42757879e+01 2.68825864e+01]
 [3.72009529e+01 1.61897965e+01]
 [3.17354115e+01 1.81485282e+01]
 [2.43779936e+00 3.95935045e+01]
 [9.15401703e+00 3.10240831e+01]
 [1.75210694e+01 2.48550859e+01]
 [4.90329696e+01 1.27447142e+01]
 [2.31295871e+01 2.22265861e+01]
 [5.05675235e+00 3.54073223e+01]
 [1.39730904e+01 2.73822381e+01]
 [7.92591256e+00 3.20759247e+01]
 [4.14497823e+01 1.48385144e+01]
 [1.06043465e+02 5.15403465e+00]
 [2.79712804e+01 1.96417636e+01]
 [5.75792510e+01 1.07423058e+01]
 [9.05147208e+00 3.10878785e+01]
 [7.81015401e+01 7.50721621e+00]
 [6.86842505e+00 3.32339969e+01]
 [4.61139651e+01 1.36149424e+01]
 [1.63030094e+01 2.55336468e+01]
 [1.28464337e+01 2.78687432e+01]
 [3.97672525e+00 3.70862842e+01]
 [4.78486607e+01 1.30789748e+01]
 [6.02354757e+01 1.03378875e+01]
 [2.37184900e+01 2.15006854e+01]
 [3.99554597e+00 3.70488245e+01]
 [6.00819875e-02 4.82947230e+01]
 [2.88822055e+00 3.87144616e+01]
 [5.37710108e-01 4.50197357e+01]
 [1.05546994e+01 2.96721623e+01]
 [3.04608941e+01 1.86549541e+01]
 [4.12578997e+01 1.50188493e+01]
 [2.48211394e+01 2.09974032e+01]
 [1.03094148e+01 3.00018891e+01]
 [8.28583428e+00 3.19330592e+01]
 [6.13992663e+00 3.42359010e+01]
 [1.11413737e+01 2.92004353e+01]
 [1.50849936e+01 2.67752157e+01]
 [5.56032190e+01 1.13707987e+01]
 [5.57979930e+01 1.11959865e+01]
 [8.38499755e+01 6.39725795e+00]
 [5.42635989e-02 4.84373414e+01]
 [3.43746069e+00 3.77505908e+01]
 [4.46812852e+01 1.40874172e+01]
 [3.56735163e+01 1.67421579e+01]
 [2.16775074e+00 4.04510880e+01]
 [2.18667722e+01 2.24929571e+01]
 [6.22864017e+00 3.40745614e+01]
 [3.81168805e+01 1.58938129e+01]
 [1.68322772e-01 4.71896990e+01]
 [8.50676556e+01 6.34323214e+00]
 [5.70552828e+01 1.08551948e+01]
 [1.22862491e+01 2.82974952e+01]
 [4.86562927e+01 1.28688167e+01]
 [2.90454748e+01 1.92718291e+01]
 [3.97231895e+01 1.55120208e+01]
 [5.68797996e+01 1.09170853e+01]
 [5.74602978e+01 1.07749527e+01]
 [1.19088324e+01 2.86693663e+01]
 [5.69073922e+00 3.46399522e+01]
 [1.25992785e+02 4.33157283e+00]
 [6.31745990e+01 9.69114402e+00]
 [1.90564860e+00 4.11393218e+01]
 [5.13426112e+01 1.23019485e+01]
 [1.83859325e+01 2.42867196e+01]
 [4.47282931e+00 3.62596194e+01]
 [2.68795133e+01 2.00644241e+01]
 [3.72957934e+00 3.73163188e+01]
 [1.12513329e+02 4.47831459e+00]
 [6.95351907e+00 3.32231913e+01]
 [1.13624765e+01 2.90831405e+01]
 [3.03253413e+01 1.86953610e+01]
 [1.13014383e+02 4.38397632e+00]
 [3.86293222e+00 3.71742117e+01]
 [6.26271513e+01 9.73176520e+00]
 [8.31389102e-02 4.79846064e+01]
 [8.93318973e+00 3.13228684e+01]
 [9.59531025e+01 5.42303942e+00]
 [5.34609205e+01 1.16655176e+01]
 [3.45534821e-02 4.88921696e+01]
 [4.82827341e+01 1.29370092e+01]
 [1.90777371e+01 2.38998274e+01]
 [2.98263979e+01 1.88433717e+01]
 [6.03556862e+01 1.01825516e+01]
 [2.65770172e+01 2.02527009e+01]
 [7.84832448e+01 7.18133378e+00]
 [3.59724212e+01 1.67122109e+01]
 [3.82466199e+01 1.58852181e+01]
 [2.47848522e+00 3.95339691e+01]
 [1.13006834e+02 4.40044813e+00]
 [3.98644620e+01 1.53206340e+01]
 [4.84973255e+01 1.29039963e+01]
 [4.31409111e+01 1.43849382e+01]
 [8.97646886e+01 5.87703647e+00]
 [2.25503019e+00 4.00035018e+01]
 [2.15272991e+01 2.25782544e+01]
 [6.81846649e+01 8.65782788e+00]
 [6.23803448e+01 9.78276773e+00]
 [1.69166771e+01 2.51470240e+01]
 [6.95015493e-01 4.43062117e+01]
 [8.61337250e+01 6.26805079e+00]
 [5.45610339e+01 1.14952755e+01]
 [2.60447710e+01 2.06579115e+01]
 [2.46656851e+01 2.12237410e+01]
 [9.89396400e+01 5.22172313e+00]
 [2.36468089e+01 2.18241925e+01]
 [1.31234967e+01 2.78409086e+01]
 [1.17880684e+01 2.89116585e+01]
 [3.14224351e+01 1.82348826e+01]
 [1.00729626e+01 3.02184355e+01]
 [1.95711067e+01 2.36222237e+01]
 [3.52092103e+01 1.68461153e+01]
 [2.09874775e+01 2.28776513e+01]
 [4.39136098e+01 1.41215722e+01]
 [9.50126467e+00 3.06992502e+01]
 [4.04567653e+01 1.51513212e+01]
 [7.52497461e+01 7.58625600e+00]
 [4.30854005e+01 1.45667439e+01]
 [5.36479967e+01 1.16359208e+01]
 [3.95156597e+00 3.71678141e+01]
 [3.22327078e+01 1.80645652e+01]
 [6.19028268e+01 9.85856514e+00]
 [8.66094227e+00 3.15586808e+01]
 [7.81688361e+01 7.18909520e+00]
 [6.11241606e+01 1.00115286e+01]
 [1.06196666e+02 4.74638177e+00]
 [6.12404062e+01 9.98037787e+00]
 [2.25345537e+01 2.23243800e+01]
 [9.78997287e+00 3.03230232e+01]
 [6.74690663e+01 8.79211617e+00]
 [1.22371238e+01 2.84091597e+01]
 [5.92313220e+01 1.05240962e+01]
 [5.63103738e+01 1.10413014e+01]
 [6.50204137e+01 9.23762965e+00]
 [1.57751351e+00 4.15258873e+01]
 [2.19743222e+01 2.23514516e+01]
 [2.94780105e+01 1.91519573e+01]
 [9.17471906e+01 5.68352646e+00]
 [9.03196941e+00 3.11562766e+01]
 [2.09445888e+01 2.28978046e+01]
 [1.66131647e+01 2.53422620e+01]
 [1.76793590e+01 2.47451036e+01]
 [6.33392927e+01 9.55924908e+00]
 [4.75607098e+00 3.58423614e+01]
 [9.42764525e+00 3.09865945e+01]
 [1.99350377e+00 4.11088106e+01]
 [4.99273014e+01 1.25241742e+01]
 [4.02978923e-01 4.57160703e+01]
 [1.59249243e+01 2.60579697e+01]
 [6.92952004e+01 8.51754294e+00]
 [6.64939883e+00 3.38638401e+01]
 [5.16877616e+01 1.20900798e+01]
 [4.89301469e+01 1.28320266e+01]
 [8.49076842e+00 3.15797863e+01]
 [2.43229180e+01 2.13865613e+01]
 [4.82483232e+01 1.30058548e+01]
 [7.37123449e+01 7.76583735e+00]
 [5.93849130e+01 1.05019636e+01]
 [2.11389018e+01 2.27909800e+01]
 [3.74543242e+01 1.61473783e+01]
 [2.52588137e+01 2.09562173e+01]
 [3.59681622e+01 1.67195633e+01]
 [2.32331698e+01 2.20257210e+01]
 [5.23604693e+01 1.19275036e+01]]
