[[1.86260211e-03 3.45560727e-03 1.79353495e+00]
 [4.30247271e-03 9.73802078e-03 2.35560178e+00]
 [1.98569888e-03 4.26701009e-03 1.68669248e+00]
 [5.41559379e-03 9.74740371e-03 2.27320880e+00]
 [3.81016124e-03 7.49858311e-03 2.02228296e+00]
 [2.74119775e-03 5.60529991e-03 2.34345957e+00]
 [4.44117107e-03 8.28135361e-03 1.85269631e+00]
 [4.32981507e-03 9.09311989e-03 2.21095800e+00]
 [1.15103041e-03 2.27001165e-03 2.19196477e+00]
 [3.72748802e-03 7.10354578e-03 1.91128685e+00]
 [1.01581476e-03 2.25806922e-03 2.94264094e+00]
 [4.79737567e-03 9.46676679e-03 2.10686741e+00]
 [8.48018217e-04 2.02463036e-03 2.70847595e+00]
 [9.04097157e-04 1.28975984e-03 1.21052505e+00]
 [2.37214058e-03 5.39490891e-03 2.49856157e+00]
 [1.93864860e-03 4.95112363e-03 2.27024992e+00]
 [1.08067485e-03 1.91272052e-03 1.77409247e+00]
 [2.78504172e-03 6.14781891e-03 2.33033671e+00]
 [1.55528584e-03 3.17817550e-03 1.68796635e+00]
 [3.31014434e-03 6.59709804e-03 1.93308698e+00]
 [9.85390106e-04 1.35597047e-03 1.31872041e+00]
 [2.15209660e-03 3.71923011e-03 1.77971078e+00]
 [1.48733563e-03 3.05945447e-03 1.59448289e+00]
 [4.41843803e-03 8.64550653e-03 2.08696437e+00]
 [4.75723627e-03 9.23611865e-03 1.83336897e+00]
 [4.45487109e-03 9.96700671e-03 2.64536596e+00]
 [2.12546317e-03 3.99949605e-03 1.99527577e+00]
 [9.24309269e-04 1.23495016e-03 1.55287280e+00]
 [2.97583387e-03 5.64606490e-03 2.12412249e+00]
 [3.92071051e-03 8.64550653e-03 1.91127118e+00]
 [2.14823329e-03 4.00478606e-03 2.07597544e+00]
 [2.74119775e-03 5.60529991e-03 2.32214505e+00]
 [2.80839391e-03 5.73885527e-03 1.88063842e+00]
 [3.03623487e-03 5.25470571e-03 1.49927537e+00]
 [3.46455394e-03 7.21822631e-03 2.19826335e+00]
 [4.95697887e-03 8.27581320e-03 1.59015715e+00]
 [1.15103041e-03 2.30158364e-03 2.19196477e+00]
 [8.85538786e-04 1.34733437e-03 1.64737883e+00]
 [4.44117107e-03 8.48047902e-03 1.84577197e+00]
 [4.93252755e-04 9.91535214e-04 2.72618944e+00]
 [4.35808778e-03 9.88672465e-03 2.94496743e+00]
 [4.93963846e-04 1.12287975e-03 1.80431421e+00]
 [2.12546317e-03 4.86017078e-03 1.99527577e+00]
 [2.28036419e-03 5.29369287e-03 2.21317059e+00]
 [8.87677061e-04 1.55858327e-03 2.05373877e+00]
 [3.55078891e-03 8.50917760e-03 2.71521634e+00]
 [1.01581476e-03 2.25806922e-03 2.65332944e+00]
 [4.87921492e-03 9.79925636e-03 2.18340427e+00]
 [2.15209660e-03 3.71923011e-03 1.78655877e+00]
 [3.87478659e-03 8.17277026e-03 2.46316903e+00]
 [3.37657870e-03 6.37451677e-03 2.21424959e+00]
 [1.30688813e-03 2.89896289e-03 2.23669174e+00]
 [1.37549151e-03 2.38791365e-03 2.50034483e+00]
 [3.80005803e-03 7.38199976e-03 1.88716643e+00]
 [4.04297842e-03 9.00601094e-03 2.10399005e+00]
 [2.28509929e-03 5.25288917e-03 2.40241618e+00]
 [2.99322504e-03 5.30110449e-03 1.76656062e+00]
 [2.52071480e-03 5.92845352e-03 2.15653139e+00]
 [2.22863892e-03 4.61001439e-03 2.53025014e+00]
 [9.04097157e-04 1.28975984e-03 1.26035958e+00]
 [2.15209660e-03 4.07394092e-03 1.77971078e+00]
 [2.83916290e-03 4.78736684e-03 1.61607397e+00]
 [9.85390106e-04 1.58025205e-03 1.31872041e+00]
 [2.91053858e-03 5.85911097e-03 2.14395892e+00]
 [4.08567789e-03 7.10152442e-03 1.60906786e+00]
 [1.79045984e-03 3.18161414e-03 1.61625754e+00]
 [1.37505351e-03 2.84746209e-03 2.25019615e+00]
 [2.34902221e-03 3.92646403e-03 1.52600735e+00]
 [1.32161142e-03 2.01570142e-03 1.14475232e+00]]
