[[1.52610864e-02 2.65060857e+04]
 [4.48927166e-02 9.16056255e+03]
 [3.39946541e-02 1.19017793e+04]
 [2.69897406e-02 1.55173060e+04]
 [3.70128177e-02 1.09776149e+04]
 [3.23380891e-02 1.26822219e+04]
 [3.80424800e-02 1.05734732e+04]
 [1.75734546e-02 2.32092986e+04]
 [3.63334439e-02 1.11092926e+04]
 [2.25587505e-02 1.88989369e+04]
 [3.78148404e-02 1.07150058e+04]
 [3.36987270e-02 1.22349709e+04]
 [2.10616178e-02 2.06799819e+04]
 [3.27298547e-02 1.24728886e+04]
 [1.54640050e-02 2.63351232e+04]
 [1.52730021e-02 2.64616513e+04]
 [1.16147195e-02 3.52411997e+04]
 [2.94266709e-02 1.41244983e+04]
 [3.77907753e-02 1.08207835e+04]
 [4.20349207e-02 9.99010921e+03]
 [2.17171661e-02 2.01060218e+04]
 [4.00455847e-02 1.02316781e+04]
 [1.14412626e-02 3.75318148e+04]
 [1.75709721e-02 2.32604441e+04]
 [4.17688681e-02 1.00172877e+04]
 [3.07486528e-02 1.41150125e+04]
 [1.47362133e-02 2.86232738e+04]
 [1.29769544e-02 3.34171390e+04]
 [2.24775002e-02 1.89557302e+04]
 [8.90444041e-03 4.99904029e+04]
 [1.87631927e-02 2.17723642e+04]
 [4.32617146e-02 9.41741650e+03]
 [1.84826578e-02 2.24058251e+04]
 [1.59564561e-02 2.57493593e+04]
 [1.04141026e-02 3.97863538e+04]
 [1.08861152e-02 3.83705273e+04]
 [3.79251447e-02 1.06453322e+04]
 [4.48950074e-02 9.15951194e+03]
 [3.79500289e-02 1.06415237e+04]
 [1.28959348e-02 3.45262942e+04]
 [1.49780570e-02 2.83944905e+04]
 [1.73390801e-02 2.37371643e+04]
 [9.82429437e-03 4.43803229e+04]
 [1.00752940e-02 4.30227728e+04]
 [2.17852734e-02 1.93173866e+04]
 [1.85882341e-02 2.20713847e+04]
 [2.32921968e-02 1.75906996e+04]
 [6.01595395e-03 7.38633178e+04]
 [1.71375743e-02 2.47154346e+04]
 [2.31677681e-02 1.83735108e+04]
 [2.36620625e-02 1.72352190e+04]
 [1.36125628e-02 2.98993139e+04]
 [3.48527419e-02 1.16079416e+04]
 [5.95745411e-02 8.47666223e+03]
 [3.75498733e-02 1.09280677e+04]
 [6.86001272e-03 6.19216292e+04]
 [1.43553860e-02 2.95999776e+04]
 [3.82784657e-02 1.04898280e+04]
 [1.61228369e-02 2.57193451e+04]
 [4.23362340e-02 9.68271887e+03]
 [2.46023383e-02 1.70470380e+04]
 [4.21256475e-02 9.96285631e+03]
 [8.04948183e-03 5.12960482e+04]
 [4.33261522e-02 9.38838997e+03]
 [6.56688879e-03 6.65903473e+04]
 [2.11079374e-02 2.04795276e+04]
 [2.01725778e-02 2.08260403e+04]
 [2.35003206e-02 1.73897418e+04]
 [1.81367640e-02 2.25525099e+04]
 [3.99254114e-02 1.02713588e+04]
 [5.19591633e-03 8.83475665e+04]
 [4.74685986e-02 8.68637118e+03]
 [5.78562637e-02 8.55762517e+03]
 [4.22075889e-02 9.70356794e+03]
 [4.58017785e-02 8.78952541e+03]
 [5.81809428e-02 8.53748443e+03]
 [8.88083441e-03 5.06232156e+04]
 [1.09503869e-02 3.82806034e+04]
 [4.24141937e-02 9.67490299e+03]
 [6.76525635e-03 6.34640653e+04]
 [7.71115279e-03 5.55596231e+04]
 [5.31740629e-03 8.27485605e+04]
 [1.52351101e-02 2.65556422e+04]
 [3.76113563e-02 1.08580909e+04]
 [3.60896963e-02 1.12419886e+04]
 [8.87019392e-03 5.10731729e+04]
 [1.68974396e-02 2.53188538e+04]
 [2.88976312e-02 1.41852435e+04]
 [1.11614048e-02 3.75331346e+04]
 [2.56348578e-02 1.58910782e+04]
 [7.45127991e-03 6.10577260e+04]
 [4.20317414e-02 1.00115031e+04]
 [2.85237811e-02 1.53059202e+04]
 [5.57425856e-02 8.63807397e+03]
 [8.90989375e-03 4.73746731e+04]
 [2.45055535e-02 1.72128303e+04]
 [3.84677153e-02 1.04874110e+04]
 [6.09645118e-03 7.33681521e+04]
 [6.42007649e-03 7.19680829e+04]
 [1.17802409e-02 3.50480960e+04]
 [3.14900852e-02 1.29954308e+04]
 [1.33566214e-02 3.19733651e+04]
 [7.72177040e-03 5.49856947e+04]
 [8.01901614e-03 5.48315970e+04]]
