[[2.08511002 2.16097348]
 [0.93130106 1.03668218]
 [2.09597257 2.0556585 ]
 [0.70193469 0.59430447]
 [1.63322451 1.58117431]
 [3.45448459 2.99196855]
 [0.09940067 0.07863296]
 [2.76410989 2.52609268]
 [0.62086658 0.83755104]
 [2.92879636 2.90878724]
 [0.29958845 0.36403037]
 [0.22275939 0.32248239]
 [1.1992388  1.48130914]
 [2.62335155 2.77442391]
 [3.08389179 2.84704896]
 [0.88098128 0.99619072]
 [2.9100709  2.63649595]
 [1.42788141 1.76050002]
 [2.63857323 2.40648325]
 [2.59505814 2.31265173]
 [2.07924359 1.8500552 ]
 [3.91374707 2.97141535]
 [2.96716225 2.53152129]
 [0.72779116 0.47319021]
 [4.52904748 2.96986554]
 [0.73396187 0.79289245]
 [2.58633799 2.74921756]
 [0.43741105 0.68192921]
 [2.85357926 2.99026028]
 [2.46035901 2.19027363]
 [1.69354013 1.57168841]
 [2.42214223 2.57795342]
 [1.37059888 1.68158997]
 [0.13313942 0.33276111]
 [0.79916825 0.60780638]
 [2.63951989 2.22023263]
 [2.01610236 2.27624079]
 [3.58464501 2.96197852]
 [1.87437972 2.31096758]
 [2.00932962 2.09192406]
 [0.60383592 0.66085196]
 [0.69177345 0.87043339]
 [1.10741028 1.40173747]
 [1.57382844 1.88056681]
 [2.86636136 2.82828773]
 [2.45772575 2.57010749]
 [2.09289013 2.0503947 ]
 [1.47644397 1.63236415]
 [2.43960746 2.56606924]
 [2.92674229 2.69461514]
 [2.57087522 2.62599818]
 [2.8968027  2.77411254]
 [1.14602514 1.30165013]
 [3.154796   2.94277103]
 [2.49966186 2.33129469]
 [1.99609303 2.39088676]
 [1.90540746 1.97803481]
 [0.354592   0.45781196]
 [0.08287941 0.34138907]
 [1.60513157 1.67373598]
 [3.49811591 2.75477577]
 [0.19864353 0.21100032]
 [2.69824555 2.6857811 ]
 [2.23317523 2.63110317]
 [1.64180695 1.64269281]
 [1.93002006 1.71462628]
 [1.55851459 2.00638982]
 [0.19929963 0.40437935]
 [0.967082   1.0069914 ]
 [3.01091827 2.89070126]
 [1.72839607 1.78687529]
 [2.24368629 2.1129402 ]
 [0.88339447 1.17329737]
 [1.17538818 1.38480624]
 [1.97441131 1.38473913]
 [0.61386065 0.56270968]
 [2.35248838 2.48140801]
 [2.29978366 2.29161815]
 [0.63356692 0.73279999]
 [3.02153422 2.87640755]
 [1.96942004 2.06686514]
 [3.50266536 2.79167946]
 [1.95305249 2.08881025]
 [3.06556168 2.8072088 ]
 [2.98444262 2.93877052]
 [2.2050331  2.21883589]
 [1.38600052 1.6044967 ]
 [2.74526722 2.40298367]
 [3.24791527 2.79434104]
 [4.48021746 2.91816106]
 [0.35271022 0.22039996]
 [3.02606448 2.97121859]
 [0.4449911  0.55471677]
 [0.18931294 0.17275052]
 [1.01153755 1.2026212 ]
 [1.92998163 1.71462628]
 [0.29958845 0.36408006]
 [2.53006885 2.9671345 ]
 [4.00372284 2.95977623]
 [0.59555024 0.47319021]
 [2.98626894 2.51702311]
 [3.12410647 2.85255513]
 [0.23144787 0.17275052]
 [1.21598392 1.51279804]
 [0.42522106 0.52623763]
 [2.89221888 2.91816106]
 [2.93012288 2.9080409 ]
 [1.91091213 1.73106972]
 [0.54821831 0.70614309]
 [2.62223194 2.6857811 ]
 [2.24623377 2.70483358]
 [2.2600478  1.9961807 ]
 [0.65556212 0.45620158]
 [2.71047546 2.50815853]
 [3.13389365 2.82828773]
 [1.74064414 1.67373598]
 [1.91268451 1.56340226]
 [1.4861962  1.2754186 ]
 [2.36622196 2.35382896]
 [1.22046596 1.47608023]
 [2.81013686 2.97121859]
 [2.87234576 2.73797668]
 [1.90540746 1.99853403]
 [1.02120378 1.09966993]
 [3.37028568 2.98980406]
 [1.16663591 1.37631505]
 [1.1102457  0.90515086]
 [0.45180162 0.52468953]
 [2.15233261 1.8118513 ]
 [2.21150372 2.0503947 ]
 [1.72839607 1.70728904]
 [2.94983063 2.87627658]
 [3.1357117  2.85003359]
 [3.53948932 2.93016552]
 [2.76057236 2.86558233]
 [1.9899532  1.71511061]
 [2.42214223 2.39021255]
 [2.0123203  2.44932719]
 [0.62411272 0.98379738]
 [2.57087522 2.63965896]
 [2.34851227 2.36922551]
 [3.12410647 2.74003182]
 [2.13142418 2.47515412]
 [3.50186086 2.79289215]
 [0.74198007 0.79289245]
 [2.42987475 2.66767873]
 [3.06935545 2.99861623]
 [2.01438357 2.20291102]
 [3.03942695 2.86630808]
 [1.07087775 0.86132904]
 [3.62227473 2.88251205]
 [1.63105376 1.23243405]
 [1.91862722 1.90934141]
 [2.37986928 2.325017  ]
 [2.38277735 2.39992618]
 [1.29000715 1.07540953]
 [2.60664981 2.8072088 ]
 [1.56118119 1.59781784]
 [1.6218123  1.90229814]
 [2.58223057 2.04275373]
 [2.57087522 2.50988065]
 [2.7449847  2.39809067]
 [4.47379881 2.96986554]
 [2.56443407 2.61426348]
 [2.63857323 2.45569818]
 [2.92696877 2.82828773]
 [0.91411164 0.95063718]
 [4.23928413 2.96607731]
 [1.52199702 1.71564918]
 [2.16838174 2.41627776]
 [2.16935964 2.27190967]
 [4.23928413 2.96582402]
 [3.91366787 2.96197852]
 [3.50222457 2.7884708 ]
 [0.91367252 0.73591732]
 [0.94760384 1.00884993]
 [2.74541958 2.84005257]
 [0.46364431 0.62089253]
 [1.21598392 1.08275635]
 [2.76924174 2.90305466]
 [0.91091334 1.15997496]
 [2.09405686 2.27245914]
 [1.78998564 1.97163503]
 [3.39413395 2.9971517 ]
 [2.56443407 2.61342396]
 [2.93577017 2.8579473 ]
 [1.12437134 1.17329737]
 [3.86442801 2.96455782]
 [1.13042989 1.14315198]
 [1.38288895 1.42619251]
 [0.79916825 0.64910677]
 [2.36622196 2.35537754]
 [2.51637325 2.30086562]
 [2.01610236 2.26790372]
 [1.98759775 2.09663623]
 [1.02596933 0.82169046]
 [4.74248014 2.99042508]
 [0.18931294 0.21888527]
 [2.8890916  2.83593103]
 [1.42788141 1.50086078]
 [4.24154234 2.91816106]
 [1.9043217  1.84711286]
 [1.51865343 1.46406234]
 [2.57087522 2.55122197]
 [2.17916435 2.06185054]
 [0.39197089 0.49444064]
 [4.30649385 2.96146521]
 [0.8513816  0.87043339]
 [2.43557846 2.4869427 ]
 [1.23769325 1.61674143]
 [0.61199149 0.55471677]
 [2.83002887 2.97121859]
 [1.93511498 2.39477416]
 [0.55000424 0.52623763]
 [0.22165272 0.28458612]
 [3.03688711 2.84728947]
 [0.92037613 0.83564451]
 [4.57563006 2.980056  ]
 [3.45290994 2.82032245]
 [0.0479441  0.0222747 ]
 [3.70242536 2.99269493]
 [2.56851322 2.50988065]
 [1.47428709 1.61204901]
 [0.28977596 0.60552643]
 [1.37059888 1.59745115]
 [1.80923121 1.63236415]
 [2.76678363 2.80259915]
 [2.10059902 1.88681861]
 [0.71171935 0.52789978]
 [2.58765377 2.1526107 ]
 [4.24607838 2.97746599]
 [0.93679917 0.90735845]
 [2.75145636 2.57558193]
 [2.52259585 2.92352368]
 [2.14233615 1.70855238]
 [1.40073474 1.90934141]
 [0.13358947 0.16341737]
 [0.25171107 0.47319021]
 [2.78249188 2.81678523]
 [2.29198955 2.27059149]
 [1.98097625 2.40044834]
 [1.33300842 1.21831423]
 [2.00295547 1.9360474 ]
 [2.87308152 2.55789175]
 [1.89737354 2.42104022]
 [2.29038984 2.38975064]
 [0.88324391 1.17884906]
 [1.38476747 1.26334199]
 [2.67114198 2.50084924]
 [2.591942   2.43441915]
 [0.74994426 0.59430447]
 [0.96661878 0.94877092]
 [3.51636362 2.8043322 ]
 [0.41836715 0.44793032]
 [2.21415185 2.20747305]
 [2.98328844 2.81980254]
 [2.5347931  2.34840286]
 [1.02794712 1.09966993]
 [1.63402495 1.23243405]
 [1.72492491 1.88174161]
 [1.64922006 1.42667597]
 [3.36686436 2.83082623]
 [2.06188014 2.17799396]
 [0.21311976 0.09289402]
 [0.82196158 0.77254096]
 [0.09940067 0.06236412]
 [2.21388333 2.28071447]
 [2.79243266 2.95140925]
 [3.58393747 2.98636141]
 [0.58647171 0.90024314]
 [1.90076638 1.42201178]
 [3.1674101  2.91216525]
 [4.92021327 2.99276413]
 [4.02884226 2.91816106]
 [3.28076414 2.86177651]
 [2.95878251 2.74349874]
 [1.92751562 1.96440064]
 [1.92495102 1.71511061]
 [2.65846598 2.28000526]]
