[[2.08511002 2.16097348]
 [0.93130106 1.03668218]
 [1.98383737 1.6164502 ]
 [2.09597257 2.0556585 ]
 [2.08652401 1.67606949]
 [0.70193469 0.59430447]
 [1.63322451 1.58117431]
 [3.45448459 2.99196855]
 [0.09940067 0.07863296]
 [2.92879636 2.90878724]
 [0.29958845 0.36403037]
 [0.22275939 0.32248239]
 [1.1992388  1.48130914]
 [2.62335155 2.77442391]
 [3.08389179 2.84704896]
 [1.95003857 1.457972  ]
 [0.88098128 0.99619072]
 [2.9100709  2.63649595]
 [3.39534418 2.75580533]
 [0.99284944 1.28010303]
 [2.59505814 2.31265173]
 [2.07924359 1.8500552 ]
 [3.91374707 2.97141535]
 [2.2095214  1.74473222]
 [1.10716367 0.80121606]
 [0.09166321 0.20017499]
 [1.9742524  2.24081549]
 [0.72779116 0.47319021]
 [4.52904748 2.96986554]
 [0.73396187 0.79289245]
 [2.58633799 2.74921756]
 [0.43741105 0.68192921]
 [2.85357926 2.99026028]
 [2.46035901 2.19027363]
 [1.69354013 1.57168841]
 [2.42214223 2.57795342]
 [1.07056068 0.59684377]
 [0.13313942 0.33276111]
 [0.40264764 0.69510693]
 [0.79916825 0.60780638]
 [2.63951989 2.22023263]
 [2.01610236 2.27624079]
 [3.58464501 2.96197852]
 [1.87437972 2.31096758]
 [2.00932962 2.09192406]
 [0.60383592 0.66085196]
 [0.69177345 0.87043339]
 [1.72849411 2.02491481]
 [1.10741028 1.40173747]
 [1.57382844 1.88056681]
 [2.86636136 2.82828773]
 [2.45772575 2.57010749]
 [2.09289013 2.0503947 ]
 [1.47644397 1.63236415]
 [2.43960746 2.56606924]
 [2.92674229 2.69461514]
 [2.57087522 2.62599818]
 [0.80755385 1.02732192]
 [2.14018735 1.79780927]
 [2.8968027  2.77411254]
 [0.26497271 0.59848664]
 [1.14602514 1.30165013]
 [3.154796   2.94277103]
 [2.49966186 2.33129469]
 [1.99609303 2.39088676]
 [1.90540746 1.97803481]
 [0.354592   0.45781196]
 [0.08287941 0.34138907]
 [1.60513157 1.67373598]
 [3.49811591 2.75477577]
 [0.19864353 0.21100032]
 [2.69824555 2.6857811 ]
 [2.23317523 2.63110317]
 [1.26790875 0.82142911]
 [1.64180695 1.64269281]
 [1.93002006 1.71462628]
 [4.37062968 2.85340686]
 [1.55851459 2.00638982]
 [0.19929963 0.40437935]
 [0.967082   1.0069914 ]
 [2.16177797 2.5431014 ]
 [3.01091827 2.89070126]
 [1.72839607 1.78687529]
 [1.5264415  1.11496373]
 [2.24368629 2.1129402 ]
 [0.88339447 1.17329737]
 [1.17538818 1.38480624]
 [1.00363744 1.58863983]
 [0.61386065 0.56270968]
 [2.35248838 2.48140801]
 [1.93494617 1.47864262]
 [2.29978366 2.29161815]
 [0.63356692 0.73279999]
 [2.73227295 2.44932719]
 [3.02153422 2.87640755]
 [1.96942004 2.06686514]
 [1.95305249 2.08881025]
 [3.06556168 2.8072088 ]
 [2.98444262 2.93877052]
 [2.2050331  2.21883589]
 [1.38600052 1.6044967 ]
 [2.74526722 2.40298367]
 [4.48021746 2.91816106]
 [0.35271022 0.22039996]
 [3.02606448 2.97121859]
 [0.4449911  0.55471677]
 [0.18931294 0.17275052]
 [0.82659245 0.59158904]
 [2.58099231 2.58967945]
 [2.32566972 2.42024043]
 [1.28330495 1.17429109]
 [0.28987907 0.41644955]
 [0.72892716 0.73464192]
 [2.78634115 2.72132717]
 [2.60156818 2.48540444]
 [2.52889693 2.47457569]
 [2.03144214 2.23124759]
 [1.55506534 1.64546727]
 [3.52963683 2.68481856]
 [1.64573001 1.58400419]
 [1.15731468 1.28046405]
 [0.45204858 0.38692795]
 [0.52631263 0.51818239]
 [4.39533201 2.92055658]
 [3.02711004 2.92871479]
 [3.09559817 2.95633474]
 [2.66824538 2.21816336]
 [2.75997514 2.89174767]
 [1.98231345 1.8840697 ]
 [0.34892989 0.12563271]
 [0.99099615 0.66178225]
 [2.68001287 2.70234934]
 [1.17760978 0.88780516]
 [2.82866073 2.7264241 ]
 [1.86249383 1.8571189 ]
 [2.33775027 2.00082763]
 [2.06835082 2.05292887]
 [2.12862206 1.80602352]
 [1.09576903 1.28640208]
 [3.09696083 2.94209711]
 [1.02461073 0.78426214]
 [2.14221238 2.31432206]
 [2.99974696 2.88702921]
 [1.64177847 1.80643988]
 [1.3072847  1.16006241]
 [0.04450434 0.06412788]
 [2.29978366 2.33935551]
 [2.52660789 2.51057547]
 [2.59513371 2.31265173]
 [1.30717047 1.4626715 ]
 [2.76046096 2.73440325]
 [0.25110704 0.33920782]
 [1.61903362 1.62789722]
 [1.81564487 2.09192406]
 [1.19321315 0.84478468]
 [0.60672664 0.31855259]
 [1.63589916 1.69281772]
 [0.84027331 0.77433987]
 [2.48422062 2.33477031]
 [3.02153422 2.92340315]
 [0.40585047 0.32248239]
 [2.42275173 2.38655927]
 [1.18675263 1.1172628 ]
 [2.67823995 2.63395568]
 [4.75967584 2.96487866]
 [3.07809475 2.78380681]
 [3.77935635 2.90861404]
 [1.63955967 1.74195652]
 [3.13455936 2.91473783]
 [0.36593138 0.30591173]
 [2.32957644 2.28058377]
 [2.77647506 2.89063864]
 [0.33407866 0.44250752]
 [2.5388479  2.40690111]
 [1.19705522 1.1547375 ]
 [1.38022603 1.3360995 ]
 [2.13765278 1.85617952]
 [1.6373962  1.64611875]
 [0.66975069 0.63745796]
 [1.99609303 2.27982045]
 [1.95830602 1.90284226]
 [1.57733469 1.88056681]
 [1.03227029 1.36178402]
 [3.50201836 2.84773015]
 [2.68513811 2.60546435]
 [2.80909427 2.59630648]
 [2.26688713 2.10843214]
 [1.06661246 0.91855283]
 [1.07029721 0.67344502]
 [1.31614595 1.6386256 ]
 [4.03081581 2.94146722]
 [2.2642675  1.96738499]
 [2.86636136 2.96873613]
 [0.58842308 0.68132484]
 [3.58464501 2.99476705]
 [2.22983829 2.23124759]
 [2.09199805 1.98492644]
 [2.64006142 2.42024043]
 [3.39982947 2.75580533]
 [0.28956414 0.40437935]
 [2.40616025 2.3480758 ]
 [0.88098128 0.97146792]
 [1.63476242 1.98442667]
 [4.52904748 2.98854332]
 [0.71259169 1.02243122]
 [3.47648204 2.86103106]
 [3.92486797 2.89781914]
 [1.18098264 1.02892288]
 [2.21317748 2.34060701]
 [1.08308604 1.05709   ]
 [0.7001324  0.59848664]
 [2.12701733 2.3486967 ]
 [4.40878291 2.91812392]
 [3.01650003 2.86097532]
 [1.89290297 1.75852963]
 [1.92476177 1.76226006]
 [2.60156818 2.72195361]
 [1.23054365 1.05612548]
 [2.47913199 2.34104092]
 [2.55404375 2.48653742]
 [3.91374707 2.99992059]
 [3.44248659 2.85682972]
 [2.71776233 2.41631993]
 [3.00711068 2.93877052]
 [1.99080805 1.89707624]
 [2.8940942  2.62669778]
 [2.49614125 2.73922523]
 [0.58868755 0.39698134]
 [1.42784708 1.39707698]
 [4.12197265 2.93209788]
 [1.60917251 1.7536418 ]
 [2.29317688 2.46898492]
 [1.87415793 1.62852856]
 [2.85357926 2.9932591 ]
 [0.0904204  0.11331617]
 [1.79468335 1.55327786]
 [2.72851827 2.85601036]
 [0.19025    0.15408312]
 [2.5835318  2.82981582]
 [2.36187763 2.37388243]
 [2.53089444 2.92321041]
 [1.46805918 1.38480624]
 [1.47670745 1.57737472]
 [1.33134683 1.09650281]
 [0.69333236 0.81062479]
 [0.41539609 0.33967409]
 [1.79004189 2.06122016]
 [2.16409475 1.86113154]
 [0.81484716 0.58000964]
 [0.43741105 0.34779698]
 [2.76410989 2.91872266]
 [3.39713078 2.75580533]
 [1.52768086 1.77416155]
 [2.75997514 2.46340018]
 [3.4857698  2.78364372]
 [2.23556457 2.34060701]
 [2.70316106 2.85374796]
 [2.83106149 2.82820531]
 [1.38121344 1.76050002]
 [2.78634115 2.51796631]
 [1.92021812 2.27324229]
 [4.93453239 2.96535911]]
