[[2.08511002 2.16097348]
 [0.93130106 1.03668218]
 [1.98383737 1.6164502 ]
 [2.09597257 2.0556585 ]
 [2.08652401 1.67606949]
 [0.70193469 0.59430447]
 [1.05814058 0.79663998]
 [1.63322451 1.58117431]
 [3.45448459 2.99196855]
 [0.09940067 0.07863296]
 [2.76410989 2.52609268]
 [2.92879636 2.90878724]
 [0.29958845 0.36403037]
 [0.22275939 0.32248239]
 [1.1992388  1.48130914]
 [2.62335155 2.77442391]
 [3.08389179 2.84704896]
 [0.88098128 0.99619072]
 [2.9100709  2.63649595]
 [0.99284944 1.28010303]
 [2.63857323 2.40648325]
 [2.07924359 1.8500552 ]
 [4.33304137 2.84941797]
 [3.91374707 2.97141535]
 [1.10716367 0.80121606]
 [0.09166321 0.20017499]
 [1.9742524  2.24081549]
 [4.52904748 2.96986554]
 [0.73396187 0.79289245]
 [2.58633799 2.74921756]
 [0.43741105 0.68192921]
 [1.69354013 1.57168841]
 [2.42214223 2.57795342]
 [1.37059888 1.68158997]
 [0.13313942 0.33276111]
 [0.79916825 0.60780638]
 [2.01610236 2.27624079]
 [3.58464501 2.96197852]
 [2.00932962 2.09192406]
 [0.60383592 0.66085196]
 [0.69177345 0.87043339]
 [1.72849411 2.02491481]
 [1.10741028 1.40173747]
 [1.57382844 1.88056681]
 [2.86636136 2.82828773]
 [2.45772575 2.57010749]
 [2.09289013 2.0503947 ]
 [1.47644397 1.63236415]
 [2.43960746 2.56606924]
 [2.57087522 2.62599818]
 [2.8968027  2.77411254]
 [1.91233729 1.40936712]
 [3.154796   2.94277103]
 [2.49966186 2.33129469]
 [1.99609303 2.39088676]
 [1.90540746 1.97803481]
 [0.354592   0.45781196]
 [1.60513157 1.67373598]
 [0.19864353 0.21100032]
 [2.69824555 2.6857811 ]
 [1.64180695 1.64269281]
 [1.93002006 1.71462628]
 [0.967082   1.0069914 ]
 [2.16177797 2.5431014 ]
 [3.01091827 2.89070126]
 [1.72839607 1.78687529]
 [2.24368629 2.1129402 ]
 [0.88339447 1.17329737]
 [1.17538818 1.38480624]
 [0.61386065 0.56270968]
 [2.35248838 2.48140801]
 [2.29978366 2.29161815]
 [0.63356692 0.73279999]
 [2.73227295 2.44932719]
 [3.02153422 2.87640755]
 [1.96942004 2.06686514]
 [3.06556168 2.8072088 ]
 [2.98444262 2.93877052]
 [2.2050331  2.21883589]
 [1.38600052 1.6044967 ]
 [3.02606448 2.97121859]
 [0.4449911  0.55471677]
 [0.18931294 0.17275052]
 [0.82659245 0.59158904]
 [2.58099231 2.58967945]
 [2.32566972 2.42024043]
 [1.28330495 1.17429109]
 [0.28987907 0.41644955]
 [0.72892716 0.73464192]
 [2.78634115 2.72132717]
 [2.60156818 2.48540444]
 [2.52889693 2.47457569]
 [1.55506534 1.64546727]
 [1.64573001 1.58400419]
 [1.15731468 1.28046405]
 [0.45204858 0.38692795]
 [0.52631263 0.51818239]
 [3.02711004 2.92871479]
 [3.09559817 2.95633474]
 [2.75997514 2.89174767]
 [1.98231345 1.8840697 ]
 [2.68001287 2.70234934]
 [1.17760978 0.88780516]
 [2.82866073 2.7264241 ]
 [1.86249383 1.8571189 ]
 [2.06835082 2.05292887]
 [1.09576903 1.28640208]
 [3.09696083 2.94209711]
 [1.02461073 0.78426214]
 [2.85504381 2.8921084 ]
 [0.87666296 1.02344047]
 [1.48064962 1.59876768]
 [3.70982118 2.94864236]
 [0.36257764 0.51810326]
 [2.47747491 2.47337883]
 [1.69770434 2.11349159]
 [0.66453119 0.8503873 ]
 [2.40722949 2.41078388]
 [1.40096318 1.35408558]
 [1.3981059  1.27053016]
 [2.21751921 2.09352497]
 [1.89054293 2.08798953]
 [0.51409184 0.5875027 ]
 [0.94569187 1.18075024]
 [2.48782192 2.46353089]
 [2.2022028  2.26252508]
 [0.7337369  0.85194968]
 [1.00798317 0.98257217]
 [2.28852644 2.26386668]
 [4.29305852 2.84262465]
 [1.37731013 1.52822574]
 [1.77451255 1.9605931 ]
 [2.71308206 2.65216864]
 [0.95636026 1.1611387 ]
 [0.99116145 0.85714949]
 [2.2376419  2.55371299]
 [1.39179665 1.4624139 ]
 [1.25480769 1.27947884]
 [0.57913373 0.81165598]
 [2.52881674 2.35950229]
 [1.68360545 1.75928826]
 [0.811225   0.58378121]
 [0.07544654 0.09658321]
 [0.57646713 0.62429223]
 [2.31237233 2.60884226]
 [1.1745111  1.12214015]
 [2.06139464 1.8346323 ]
 [2.43212287 2.0974397 ]
 [1.82085149 1.69993667]
 [1.0081588  1.24938767]
 [1.15470854 0.85913139]
 [0.72586646 1.0040416 ]
 [1.1339466  1.22454421]
 [0.7536983  0.73129193]
 [2.71270117 2.64745852]
 [2.31042096 2.26770329]
 [2.39569639 2.44222126]
 [0.89675008 1.24068114]
 [1.54018494 1.76088662]
 [1.97731858 1.99183824]
 [4.70424605 2.93879361]
 [1.25995231 1.01846218]
 [1.75130253 2.25218488]
 [0.92374076 1.29292096]
 [3.52904901 2.93738247]
 [0.43339383 0.57900011]
 [0.99822785 1.24526966]
 [0.92128534 0.7104256 ]
 [0.54683828 0.52062794]
 [2.49483737 2.48233227]
 [1.90103303 1.89523323]
 [1.79455571 1.85691033]
 [2.67199918 2.47065467]
 [0.41947676 0.32567612]
 [2.76875906 2.55592877]
 [2.16053546 2.07130206]
 [1.08012676 0.85183031]
 [0.95024752 0.88818987]
 [1.92454565 1.71396345]
 [1.45947611 1.33785844]
 [1.06033926 0.99080502]
 [3.43827414 2.89947286]
 [3.57877858 2.80465663]
 [0.05313311 0.24823347]
 [2.19740127 2.06686514]
 [2.63212967 2.49235392]
 [0.0991853  0.05377   ]
 [1.1745111  1.38943253]
 [2.38887969 2.13424933]
 [0.13313942 0.29410994]
 [1.92536759 1.77779227]
 [2.70117579 2.52583877]
 [1.80571589 1.78393005]
 [0.09424615 0.14657649]
 [0.07544654 0.09457958]
 [1.46739003 1.69172295]
 [1.31795075 1.54476917]
 [0.11908091 0.10384082]
 [2.93522638 2.90878724]
 [1.45798631 1.20003317]
 [3.9138565  2.95897621]
 [2.36143765 2.29865006]
 [1.25847454 1.20656925]
 [1.75265252 1.78687529]
 [3.09865906 2.90889061]
 [1.89054293 2.03503778]
 [2.75911606 2.71089103]
 [1.18699132 1.53644777]
 [2.08972725 2.09669242]
 [0.22275939 0.37847269]
 [1.59558145 1.23493704]
 [4.87994534 2.95961951]
 [2.45097656 2.45968797]
 [0.25085848 0.26481902]
 [1.64573001 1.57671818]
 [2.51928674 2.55859378]
 [2.85504381 2.9188309 ]
 [0.45420146 0.52655653]
 [2.4223503  2.23091885]
 [1.37567123 1.40173747]
 [2.37242686 2.02073693]
 [2.01318514 1.60021049]
 [2.69610192 2.64225861]
 [1.97053197 1.81751133]
 [0.92374076 1.10722777]
 [0.80161616 0.8774645 ]
 [1.70533044 1.8571189 ]
 [2.39868784 2.61574408]
 [2.66560963 2.49981902]
 [4.28559728 2.96739675]
 [1.26593637 0.92661826]
 [0.34102686 0.2351607 ]
 [1.18230611 1.26716771]
 [2.03974995 1.9957009 ]
 [0.03382481 0.07731859]
 [2.07617238 1.96385624]
 [1.49713187 1.97233994]
 [0.04722217 0.14673948]
 [2.101532   2.0556585 ]
 [2.65692126 2.43884115]
 [2.40177765 2.20213945]
 [1.47406006 1.63450887]
 [2.27936404 2.03671753]
 [0.05597848 0.05254386]
 [4.34410183 2.85517487]
 [1.66411023 1.52396708]
 [4.86033402 2.94145248]
 [2.84179168 2.74452769]
 [1.3864752  1.09356441]
 [0.24667604 0.36779929]
 [3.53667703 2.88585707]
 [2.0185577  1.92469863]
 [2.03144214 2.01149195]
 [1.10540399 1.49021373]
 [1.48037796 1.59876768]
 [4.3648483  2.97769774]
 [2.0770803  2.41489537]
 [2.69824555 2.73257987]
 [2.14685224 1.8407918 ]
 [1.72147647 1.67373598]
 [1.22250799 1.43306532]
 [2.2380023  1.98004567]
 [2.88647823 2.69657919]
 [2.39036253 2.27412197]
 [2.83057089 2.90286936]
 [1.85077089 1.65660176]
 [1.10183451 1.26175959]
 [2.32566972 2.39483079]
 [0.71803499 0.80656273]
 [2.65985555 2.86823869]
 [2.44174437 2.68782745]
 [2.80031931 2.61116154]
 [0.85886782 0.72266795]
 [3.19602824 2.95182269]
 [0.92285935 0.7663851 ]
 [0.99836888 1.10423723]
 [2.46083723 2.48703652]
 [1.86992012 2.03883947]
 [2.08511002 2.18758146]
 [1.85523486 1.457972  ]
 [0.18931294 0.05790785]
 [2.71735982 2.74035133]
 [0.73826353 0.92112894]
 [1.49001536 1.8185505 ]
 [0.91448858 1.11966518]
 [3.37174205 2.92793086]
 [2.38620527 2.63411409]
 [0.22308906 0.19011635]
 [2.17049871 2.16097348]
 [2.74557084 2.63305704]
 [4.52904748 2.9476235 ]
 [0.72779116 0.49936561]
 [1.45819309 1.500723  ]
 [2.82803369 2.75958298]
 [1.0672216  1.25322297]
 [2.97684967 2.78022347]
 [2.82866073 2.57883979]
 [1.97139091 2.1971247 ]
 [0.92128534 0.79788757]
 [2.34314171 2.52989863]
 [3.0600593  2.74071614]
 [2.81169993 2.81937003]
 [1.8218274  1.72516985]
 [1.66490312 1.39721055]
 [3.84357264 2.92390095]
 [0.47994153 0.45070302]
 [3.48937647 2.73103073]
 [3.309996   2.97141535]
 [3.68224096 2.92900085]
 [1.14580947 1.4626715 ]
 [1.88745133 1.83326334]
 [2.74638066 2.94277103]
 [2.12597375 1.93073366]
 [3.92228709 2.89942534]
 [0.38406177 0.24859629]
 [3.58439332 2.82489486]
 [1.84564914 1.6568038 ]
 [0.66381807 1.08618026]
 [0.58798942 0.52062794]
 [4.52753437 2.93879361]
 [0.52004016 0.50926905]
 [2.71884447 2.90235716]
 [1.34026812 1.56870497]]
