[[3.60699608e+01 1.65566552e+01]
 [7.76812641e+00 3.22621992e+01]
 [2.61940879e+01 2.05456462e+01]
 [3.44753316e+01 1.71025222e+01]
 [2.86511655e+01 1.95368564e+01]
 [3.38364045e+00 3.78835185e+01]
 [2.06701379e+01 2.30235463e+01]
 [8.35413583e+01 6.42080819e+00]
 [6.42545421e-02 4.82357273e+01]
 [5.60857909e+01 1.11194220e+01]
 [6.81555654e+01 8.66305532e+00]
 [8.89085385e-01 4.35860832e+01]
 [6.14466549e-01 4.47011988e+01]
 [1.45298019e+01 2.68269711e+01]
 [5.83176055e+01 1.06016468e+01]
 [7.04643053e+01 8.30666886e+00]
 [2.37133311e+01 2.18482271e+01]
 [7.07409588e+00 3.29968040e+01]
 [6.16784942e+01 9.95395502e+00]
 [1.04976551e+01 2.98948891e+01]
 [5.10129214e+01 1.23026655e+01]
 [3.09838326e+01 1.84529702e+01]
 [9.65869014e+01 5.29510110e+00]
 [8.61160919e+00 3.19010647e+01]
 [7.47103428e+00 3.27839613e+01]
 [1.93888691e-01 4.71300901e+01]
 [3.56757064e+01 1.67682477e+01]
 [1.17329489e+02 4.34324222e+00]
 [4.66951383e+00 3.58988353e+01]
 [5.69893656e+01 1.08917859e+01]
 [2.62542348e+00 3.94629533e+01]
 [6.83382844e+01 8.64617576e+00]
 [4.34026601e+01 1.43443386e+01]
 [2.13531304e+01 2.26859973e+01]
 [5.00504672e+01 1.25116603e+01]
 [1.88251444e+01 2.41843976e+01]
 [5.13824242e-01 4.54694508e+01]
 [4.03239394e+00 3.69383522e+01]
 [3.69837635e+01 1.63225093e+01]
 [8.64919865e+01 6.15676129e+00]
 [3.36542071e+01 1.74010150e+01]
 [3.20537255e+00 3.81544643e+01]
 [4.94481916e+00 3.56141364e+01]
 [2.83518875e+01 1.95538827e+01]
 [1.27649019e+01 2.80997480e+01]
 [2.40538698e+01 2.14695150e+01]
 [6.48609556e+01 9.26874806e+00]
 [5.05834735e+01 1.23675360e+01]
 [3.43372301e+01 1.71514592e+01]
 [1.93779981e+01 2.37564183e+01]
 [5.01455835e+01 1.24796289e+01]
 [6.33070848e+01 9.61319687e+00]
 [5.40210633e+01 1.15365319e+01]
 [6.83013424e+00 3.33587758e+01]
 [3.12500802e+01 1.84325539e+01]
 [6.43486652e+01 9.37801384e+00]
 [1.20306667e+01 2.85309140e+01]
 [2.25733983e+01 2.24263055e+01]
 [7.44505565e+01 7.63696884e+00]
 [4.67329773e+01 1.33736789e+01]
 [3.88029074e+01 1.58309290e+01]
 [3.01727971e+01 1.87087766e+01]
 [1.34130912e+00 4.22112876e+01]
 [4.93661976e-01 4.58807307e+01]
 [2.15113580e+01 2.25891640e+01]
 [3.35921562e-01 4.59875418e+01]
 [5.79757966e+01 1.06536827e+01]
 [2.15758789e+01 2.25489721e+01]
 [2.66596827e+01 2.02184574e+01]
 [8.12972023e-01 4.41664531e+01]
 [7.79711709e+00 3.22085453e+01]
 [6.96871304e+01 8.40558730e+00]
 [2.47211051e+01 2.10275627e+01]
 [3.79945778e+01 1.59323796e+01]
 [8.62804999e+00 3.15900942e+01]
 [6.34288930e+00 3.46317578e+01]
 [1.31969028e+01 2.76972815e+01]
 [1.05494764e+01 2.98658082e+01]
 [2.32632100e+01 2.22242980e+01]
 [2.77386830e+00 3.89277638e+01]
 [4.67663491e+01 1.33526234e+01]
 [4.21620745e+01 1.46265005e+01]
 [6.96135576e+01 8.42397176e+00]
 [3.26021873e+01 1.77876950e+01]
 [3.27101692e+01 1.77589149e+01]
 [6.91123586e+01 8.55038487e+00]
 [7.01730799e+01 8.31113849e+00]
 [3.91416147e+01 1.55467138e+01]
 [5.32432904e+01 1.18283137e+01]
 [6.91922583e-01 4.44418788e+01]
 [7.19408245e+01 8.01237546e+00]
 [2.02291111e+00 4.05086490e+01]
 [2.62728519e-01 4.64450476e+01]
 [4.13293070e+00 3.68514178e+01]
 [5.34718436e+01 1.16612434e+01]
 [2.24910830e+01 2.25071271e+01]
 [1.21033246e+01 2.84498708e+01]
 [1.02984042e+00 4.31941739e+01]
 [4.28413418e+00 3.64353428e+01]
 [6.06772742e+01 1.00926354e+01]
 [5.17815690e+01 1.20756660e+01]
 [5.00753781e+01 1.24841183e+01]
 [3.64208919e+01 1.64783257e+01]
 [2.05031630e+01 2.31204647e+01]
 [5.52778958e+01 1.14322952e+01]
 [2.08699861e+01 2.29201545e+01]
 [1.19158618e+01 2.86011782e+01]
 [3.60147008e+01 1.66956781e+01]
 [1.41624463e+00 4.19642958e+01]
 [2.18207191e+00 4.01005677e+01]
 [7.09630621e+01 8.18251721e+00]
 [7.32905725e+01 7.80331402e+00]
 [6.39186693e+01 9.46243930e+00]
 [2.99171409e+01 1.88154538e+01]
 [5.79406439e+01 1.06615388e+01]
 [8.69985118e+00 3.15208134e+01]
 [6.17388396e+01 9.88386160e+00]
 [2.76710956e+01 1.97216465e+01]
 [3.78735500e+01 1.60826086e+01]
 [3.39703682e+01 1.72797952e+01]
 [3.11710112e+01 1.84462971e+01]
 [1.14221603e+01 2.90338290e+01]
 [7.29884071e+01 7.85652240e+00]
 [6.65957702e+00 3.35761655e+01]
 [6.60622646e+01 9.04404406e+00]
 [7.26387335e+00 3.28149341e+01]
 [1.89935255e+01 2.39542084e+01]
 [1.87070036e+00 4.11537541e+01]
 [8.98290597e+01 5.87262957e+00]
 [2.74869006e+01 2.01191825e+01]
 [1.59957415e+00 4.15930845e+01]
 [4.90219390e+01 1.27469474e+01]
 [2.93961870e+01 1.92370874e+01]
 [4.65904102e+00 3.60155754e+01]
 [4.64265309e+01 1.34264990e+01]
 [1.51849824e+01 2.62457580e+01]
 [1.42757879e+01 2.68825864e+01]
 [3.72009529e+01 1.61897965e+01]
 [3.17354115e+01 1.81485282e+01]
 [2.43779936e+00 3.95935045e+01]
 [9.15401703e+00 3.10240831e+01]
 [1.75210694e+01 2.48550859e+01]
 [4.90329696e+01 1.27447142e+01]
 [3.98748676e+01 1.53214381e+01]
 [2.31295871e+01 2.22265861e+01]
 [5.05675235e+00 3.54073223e+01]
 [1.39730904e+01 2.73822381e+01]
 [7.92591256e+00 3.20759247e+01]
 [4.14497823e+01 1.48385144e+01]
 [1.06043465e+02 5.15403465e+00]
 [2.79712804e+01 1.96417636e+01]
 [5.75792510e+01 1.07423058e+01]
 [9.05147208e+00 3.10878785e+01]
 [6.86842505e+00 3.32339969e+01]
 [4.61139651e+01 1.36149424e+01]
 [1.63030094e+01 2.55336468e+01]
 [1.28464337e+01 2.78687432e+01]
 [3.97672525e+00 3.70862842e+01]
 [4.78486607e+01 1.30789748e+01]
 [6.02354757e+01 1.03378875e+01]
 [2.37184900e+01 2.15006854e+01]
 [3.99554597e+00 3.70488245e+01]
 [6.00819875e-02 4.82947230e+01]
 [2.88822055e+00 3.87144616e+01]
 [5.37710108e-01 4.50197357e+01]
 [4.86124948e+01 1.29409779e+01]
 [1.05546994e+01 2.96721623e+01]
 [4.81871415e+01 1.29675794e+01]
 [4.69502025e+01 1.33151905e+01]
 [1.61038123e+01 2.56635093e+01]
 [1.54907712e+01 2.60976323e+01]
 [2.98298727e+01 1.89053302e+01]
 [3.50139885e+01 1.69121876e+01]
 [2.69893014e+01 2.01857751e+01]
 [2.58126724e+01 2.07556996e+01]
 [7.94806979e+01 7.23832106e+00]
 [2.25266565e-01 4.67023840e+01]
 [7.01635604e+01 8.36471499e+00]
 [1.20289470e-01 4.75799578e+01]
 [3.53134336e+01 1.68627382e+01]
 [3.62595157e+01 1.64989538e+01]
 [2.87342359e+01 1.93620359e+01]
 [2.00983196e+01 2.33581278e+01]
 [2.30125346e+01 2.22304751e+01]
 [4.73368575e+01 1.31989585e+01]
 [7.58470339e+01 7.40461108e+00]
 [1.12581486e+02 4.39673039e+00]
 [4.43406083e+01 1.40199214e+01]
 [7.74997620e+01 7.25087992e+00]
 [6.58121245e+01 9.09075435e+00]
 [1.91892047e+01 2.38356827e+01]
 [1.06488331e+02 4.99005579e+00]
 [6.40445037e+01 9.43696588e+00]
 [6.07957040e+01 1.00731974e+01]
 [1.40188560e+01 2.73418047e+01]
 [2.36973665e+00 3.97093179e+01]
 [1.88112308e+01 2.42468974e+01]
 [4.59446192e+00 3.60235450e+01]
 [1.96086677e+01 2.35903135e+01]
 [6.58116705e+01 9.25698127e+00]
 [2.75799325e+00 3.89999970e+01]
 [7.84809336e+01 7.24225365e+00]
 [5.18716383e+01 1.20549190e+01]
 [6.67097451e+01 8.92532181e+00]
 [1.74294620e+01 2.49114504e+01]
 [4.36489468e+01 1.42001836e+01]
 [5.54855821e+01 1.12302376e+01]
 [1.10448052e+02 4.56492991e+00]
 [3.64876037e+01 1.64165047e+01]
 [5.89675223e+01 1.04660754e+01]
 [1.79162895e+01 2.45601254e+01]
 [1.88678880e+01 2.41595634e+01]
 [3.15568708e+01 1.81741207e+01]
 [4.06770189e+01 1.52035517e+01]
 [3.97210545e+01 1.53651122e+01]
 [1.62096219e+01 2.55979477e+01]
 [6.39884100e-01 4.46889523e+01]
 [7.40019875e-02 4.81322968e+01]
 [6.70077538e+01 8.89816459e+00]
 [5.03271375e+01 1.24784585e+01]
 [4.53949823e+01 1.37190590e+01]
 [4.32955670e+01 1.44960833e+01]
 [1.12709566e+01 2.91438019e+01]
 [1.37304212e+01 2.75352402e+01]
 [1.22035062e+00 4.25589668e+01]
 [6.03362861e+01 1.02404481e+01]
 [3.74655362e+00 3.72541305e+01]
 [2.36760160e+01 2.19061177e+01]
 [1.02007945e+02 5.19206626e+00]
 [8.96010083e+00 3.11245212e+01]
 [1.76956433e+01 2.46791131e+01]
 [6.73407745e+01 8.81272025e+00]
 [6.17913466e+01 9.86651034e+00]
 [8.65306901e+00 3.15240113e+01]
 [8.87460200e+00 3.11589792e+01]
 [6.10130937e+01 1.00249750e+01]
 [4.18165382e+01 1.47337712e+01]
 [1.99888946e+01 2.33891211e+01]
 [5.56512369e+01 1.12185463e+01]
 [5.97217468e+01 1.03680678e+01]
 [2.09284126e+01 2.28962579e+01]
 [5.46745210e+00 3.48562273e+01]
 [3.21770576e+01 1.79428312e+01]
 [5.61648678e+01 1.10538823e+01]
 [5.37501632e+01 1.16146943e+01]
 [1.17759512e+02 4.27030189e+00]
 [4.98569054e+01 1.26218156e+01]
 [2.51450374e+01 2.08499894e+01]
 [6.42573845e+01 9.38389675e+00]
 [1.77449058e+01 2.46697302e+01]
 [1.59931918e+01 2.57392012e+01]
 [6.79464914e+01 8.74463316e+00]
 [1.36393809e+01 2.76843498e+01]
 [7.70166363e+01 7.26513668e+00]
 [6.91304175e+01 8.49816170e+00]
 [1.06547752e+02 4.78676557e+00]
 [4.72214215e+01 1.32315753e+01]
 [1.01475365e+01 3.00206717e+01]
 [1.67041384e+00 4.14048308e+01]
 [5.22216838e+01 1.20026499e+01]
 [6.16312967e+01 9.97595334e+00]
 [6.90110366e+00 3.31691378e+01]
 [5.58202465e+01 1.11308724e+01]
 [3.91636788e+01 1.55395823e+01]
 [5.57468153e+00 3.47812073e+01]
 [8.78547778e+01 6.00023356e+00]
 [9.01767755e+01 5.75674730e+00]
 [4.50479821e+01 1.38054522e+01]
 [1.01371690e+02 5.23963421e+00]
 [9.06850741e+01 5.73801391e+00]
 [5.32884347e+01 1.17602392e+01]
 [7.99248109e+01 6.89779816e+00]
 [3.06615644e+01 1.85444598e+01]
 [1.24063930e+01 2.83948352e+01]
 [2.62660877e+00 3.94610773e+01]
 [5.86069832e+01 1.05514021e+01]
 [3.48472886e+01 1.70012272e+01]
 [9.62807194e+00 3.08605194e+01]
 [6.40556137e+00 3.41416107e+01]
 [8.50144255e+01 6.30922196e+00]
 [1.68722162e+01 2.51731194e+01]
 [3.25166058e+01 1.78087039e+01]
 [1.03936292e+01 2.99887804e+01]
 [6.63097143e+01 9.04314019e+00]
 [6.96744047e+01 8.41547771e+00]
 [6.38861441e+01 9.56028731e+00]]
