[[2.08511002 2.16097348]
 [0.93130106 1.03668218]
 [2.09597257 2.0556585 ]
 [0.70193469 0.59430447]
 [1.05814058 0.79663998]
 [2.24956067 1.73516884]
 [1.63322451 1.58117431]
 [3.45448459 2.99196855]
 [0.09940067 0.07863296]
 [0.62086658 0.83755104]
 [2.92879636 2.90878724]
 [0.29958845 0.36403037]
 [0.22275939 0.32248239]
 [1.1992388  1.48130914]
 [2.62335155 2.77442391]
 [3.08389179 2.84704896]
 [0.88098128 0.99619072]
 [2.9100709  2.63649595]
 [2.16838174 2.42208159]
 [2.63857323 2.40648325]
 [2.59505814 2.31265173]
 [3.91374707 2.97141535]
 [1.10716367 0.80121606]
 [0.09166321 0.20017499]
 [1.9742524  2.24081549]
 [4.52904748 2.96986554]
 [0.73396187 0.79289245]
 [2.58633799 2.74921756]
 [0.43741105 0.68192921]
 [2.85357926 2.99026028]
 [2.46035901 2.19027363]
 [2.42214223 2.57795342]
 [1.37059888 1.68158997]
 [0.13313942 0.33276111]
 [0.79916825 0.60780638]
 [1.85077089 1.59209232]
 [3.58464501 2.96197852]
 [2.3377398  2.36361587]
 [2.21619045 2.27624079]
 [2.16192179 2.63649595]
 [1.3795757  1.22613153]
 [0.52058947 0.56881784]
 [2.92107294 2.98881418]
 [1.73356428 1.53702901]
 [0.71259169 0.62039112]
 [2.73375689 2.84590294]
 [1.01750932 0.95315486]
 [4.01361698 2.97141535]
 [0.04302625 0.04077991]
 [2.64592583 2.85203872]
 [0.11949576 0.16373757]
 [1.87232003 1.71291437]
 [1.57477228 1.39962603]
 [1.84892438 1.68197268]
 [1.26162872 1.26765695]
 [0.13033642 0.07863296]
 [2.65412063 2.57930959]
 [1.67822571 1.66559343]
 [0.40264764 0.59602415]
 [2.33370272 2.63442751]
 [0.25082352 0.11716435]
 [0.8599073  1.08793489]
 [0.74515565 0.58071445]
 [4.05163313 2.98629077]
 [2.30590927 2.26564697]
 [1.09079979 0.9573771 ]
 [2.62335155 2.44884667]
 [3.35864892 2.87865291]
 [4.85190413 2.97764285]
 [2.15738824 2.34133625]
 [0.274154   0.36403037]
 [1.69801982 1.45727038]
 [1.08528133 1.03668218]
 [2.60853929 2.91647729]
 [3.58464501 2.98853663]
 [1.05814058 0.78450371]
 [2.3706077  2.48735199]
 [1.69041207 1.33385423]
 [2.64592583 2.86518625]
 [3.08692573 2.99196855]
 [2.16187725 1.95748845]
 [0.7557015  0.99645636]
 [0.47965304 0.68644101]
 [1.70991579 1.91108143]
 [0.37940582 0.59602415]
 [2.35028657 1.98390634]
 [2.11818621 2.4869427 ]
 [2.14173104 2.13929704]
 [1.32479101 1.50608378]
 [1.58681205 1.91949388]
 [1.58183726 1.39962603]
 [1.63149796 1.55598348]
 [2.53472412 2.29860432]
 [1.387068   1.26058104]
 [1.67822571 1.71376663]
 [1.46750538 1.23021134]
 [1.74859403 1.53702901]
 [1.36913882 1.71765285]
 [1.64350179 2.06720755]
 [1.08528133 1.14125353]
 [0.07643548 0.04077991]
 [0.45948647 0.37898856]
 [2.34154089 2.53277646]
 [2.74702041 2.89710006]
 [2.08873157 2.0413642 ]
 [1.98431879 2.0556585 ]
 [1.06846619 1.24558298]
 [2.19318251 1.6421251 ]
 [2.01610236 2.21955489]
 [2.47235763 2.41426369]
 [3.18888009 2.91906756]
 [2.08004942 2.36783799]
 [1.51375735 1.30324275]
 [2.7547411  2.87446707]
 [3.65388193 2.99196855]
 [4.85190413 2.9798404 ]
 [0.09940067 0.09684592]
 [0.40264764 0.72476453]
 [1.99694228 2.09922353]
 [0.25491793 0.27269718]
 [1.00126545 1.26058104]
 [1.52299477 1.20023594]
 [2.47235763 2.39226343]
 [0.86034415 0.88689937]
 [1.36913882 1.69948102]
 [3.00879454 2.46300618]
 [1.09529729 1.18501952]
 [0.21843178 0.10691233]
 [0.03763404 0.04077991]
 [1.58883735 2.0556585 ]
 [1.04361638 1.14125353]
 [0.36051344 0.20427418]
 [3.08692573 2.99381271]
 [3.85056204 2.96197852]
 [4.0379024  2.98629077]
 [1.08528133 1.06646623]
 [0.69649981 0.84221828]
 [2.66092742 2.6161804 ]
 [0.7033161  1.06442192]
 [0.73396187 0.60307993]
 [3.44357843 2.9832753 ]
 [0.27710464 0.33404267]
 [1.40682744 1.82421481]
 [2.4204038  2.25536479]
 [1.79301944 2.16077997]
 [0.58082189 0.3506344 ]
 [2.64592583 2.91543839]
 [3.30621701 2.9885071 ]
 [1.90410392 1.69091601]
 [0.7033161  0.85515862]
 [4.31002079 2.98629077]
 [3.17571801 2.85003961]
 [3.85754534 2.97141535]
 [2.1175552  2.01982371]
 [2.77976884 2.53764654]
 [2.7082262  2.82494411]
 [2.68079448 2.92821882]
 [0.65555111 0.6159644 ]
 [0.41663519 0.30272371]
 [2.80477021 2.45645876]
 [1.11204551 1.2641332 ]
 [0.76014836 1.03489564]
 [1.49806368 1.45655643]
 [0.4810876  0.31959024]
 [1.28594765 1.81958692]
 [1.19891346 1.2536683 ]
 [2.19318251 2.45822672]
 [3.39534418 2.94668667]
 [3.20677137 2.98881418]
 [4.25563131 2.92137993]
 [2.42214223 2.58044612]
 [3.18888009 2.92497701]
 [2.75382432 2.40777694]
 [1.04082721 0.96923156]
 [2.84817282 2.99487465]
 [1.30995023 1.23243405]
 [2.02703499 1.8500552 ]
 [3.09977859 2.64580218]
 [0.77401514 0.60529791]
 [0.71743332 0.49715521]
 [1.46750538 1.40843452]
 [0.46628161 0.58848586]
 [2.53565268 2.23600329]
 [2.2981484  2.63297279]
 [2.62335155 2.58753541]
 [1.11132364 1.65326152]
 [2.03659447 1.89653045]
 [0.86170254 0.69942534]
 [0.28246499 0.24703638]
 [1.17493016 1.55598908]
 [1.28946383 1.03668218]
 [1.03808217 0.86002286]
 [0.52494748 0.68644101]
 [2.0599991  1.67282956]
 [0.42490051 0.63247679]
 [2.0804106  1.82102549]
 [1.46750538 1.23318802]
 [0.23360304 0.17383992]
 [2.3987026  2.02282918]
 [2.07876593 2.27624079]
 [3.31244648 2.98881418]
 [2.70515754 2.47435489]
 [2.94941421 2.88475327]
 [1.1085608  1.10415386]
 [3.58464501 2.99797124]
 [1.74317929 1.55732068]
 [0.41369678 0.47651716]
 [2.38236071 2.64731668]
 [2.76939783 2.86512574]
 [4.99238756 2.99597677]
 [3.52748173 2.99188552]
 [1.06660182 0.77738513]
 [1.67822571 1.85789384]
 [2.486883   2.64098353]
 [1.49806368 1.44777662]
 [0.07643548 0.14620334]
 [0.52494748 0.70015497]
 [2.53313388 2.67056791]
 [2.02346075 2.38435368]
 [2.1209821  2.35551206]
 [3.08043592 2.86343325]
 [4.5361668  2.99651179]
 [0.67905384 0.68644101]
 [1.05547064 0.8321398 ]
 [2.3377398  2.36954296]
 [4.46270757 2.97467766]
 [3.65388193 2.99715083]
 [0.28185041 0.33276111]
 [1.7721182  1.91474678]
 [3.58464501 2.97478159]
 [2.98401936 2.90829907]
 [1.86966662 1.69720569]
 [1.63634697 1.62843903]
 [3.13902085 2.97904329]
 [0.85559706 1.22508772]
 [0.83869391 0.78437303]
 [3.28742355 2.98312101]
 [1.387068   1.16314629]
 [4.33789611 2.9845059 ]
 [1.10097448 1.28242415]
 [2.75471853 2.38792936]
 [1.4630374  1.20023594]
 [1.37059888 1.59135179]
 [0.39308691 0.29886077]
 [2.11885728 2.16957256]
 [1.62602073 1.15910186]
 [2.08004942 2.47361308]
 [2.62283256 2.48836974]
 [0.29968326 0.60780638]
 [1.76352504 1.99457241]
 [4.41478724 2.97103928]
 [0.11338891 0.26651078]
 [1.09091727 1.20023594]
 [0.73532007 0.94823062]
 [0.80403234 0.67355434]
 [0.10539226 0.1330314 ]
 [1.57484832 1.17022954]
 [3.13660845 2.63488983]
 [1.95569397 2.24081549]
 [4.04317347 2.91939132]
 [1.2764844  1.37354712]
 [1.03088056 1.29621829]
 [2.75908025 2.32966024]
 [0.58309762 0.38959902]
 [1.12766354 1.2536683 ]
 [4.67164176 2.98890222]
 [3.22037692 2.78292831]
 [0.80865728 0.85176158]
 [1.08801352 1.41582546]
 [0.24742079 0.4794704 ]
 [1.91944701 1.50312946]
 [2.72613062 2.65485014]
 [2.60317133 2.31685601]
 [4.04039233 2.92386851]
 [3.63408255 2.97249365]
 [3.35419244 2.97442394]
 [0.49640581 0.46359823]
 [0.56872959 0.6159644 ]
 [3.39947065 2.96329778]
 [1.08801352 1.32106507]
 [0.86170254 0.97352102]
 [2.04668856 2.22018873]
 [1.69185148 2.05199315]
 [1.70839698 1.43904446]
 [2.98968491 2.7097548 ]
 [0.08856322 0.06866317]
 [1.58989337 1.41472749]
 [0.72779116 0.46557067]
 [3.63064297 2.98092811]
 [4.27014258 2.94160133]
 [2.85944135 2.99026028]
 [1.8149839  1.41159989]
 [1.06155238 0.92921525]
 [0.44498646 0.31575507]
 [2.64550247 2.40542286]
 [1.87250816 1.48862114]
 [1.22985427 1.45655643]
 [2.62246738 2.6694459 ]
 [0.59353438 0.50341499]
 [2.01610236 2.2431549 ]
 [0.92068564 0.79848329]
 [2.0804106  1.86058681]
 [3.22424778 2.87485872]
 [1.58402399 1.15359275]
 [0.04113703 0.04077991]
 [2.26718767 1.72812059]
 [4.14311539 2.96104174]
 [2.31508051 2.31683612]
 [2.87679956 2.92497701]
 [4.85190413 2.99698835]
 [2.70873129 2.57774326]
 [1.46750538 1.40556192]]
