[[1.52610864e-02 2.65060857e+04]
 [4.48927166e-02 9.16056255e+03]
 [4.91232333e-02 8.96634650e+03]
 [3.39946541e-02 1.19017793e+04]
 [5.26285058e-02 8.93022581e+03]
 [4.18541489e-02 9.65590185e+03]
 [1.07192317e-02 3.87363394e+04]
 [3.15247391e-02 1.32695640e+04]
 [8.73430708e-03 4.97827473e+04]
 [3.18475519e-02 1.27103137e+04]
 [5.58102404e-02 8.67738208e+03]
 [1.20622167e-02 3.74183468e+04]
 [3.13492445e-02 1.34289154e+04]
 [3.01721906e-02 1.43592869e+04]
 [4.37664957e-02 9.35419140e+03]
 [9.94202140e-03 4.21205463e+04]
 [5.80348224e-03 8.04541568e+04]
 [5.25064956e-03 9.90916651e+04]
 [5.30174139e-02 8.90322283e+03]
 [3.07168005e-02 1.42185288e+04]
 [3.16477698e-02 1.28487907e+04]
 [3.48435953e-02 1.17225972e+04]
 [1.39282821e-02 2.97820770e+04]
 [7.36596687e-03 6.42088696e+04]
 [1.81449306e-02 2.29370227e+04]
 [2.81005700e-02 1.44965390e+04]
 [8.90488956e-03 4.69474268e+04]
 [2.10204980e-02 2.06302495e+04]
 [1.06504316e-02 4.04618161e+04]
 [5.76267177e-03 9.28248905e+04]
 [3.11820312e-02 1.35737803e+04]
 [1.18367405e-02 3.76359241e+04]
 [3.92607233e-02 1.04382517e+04]
 [2.47131953e-02 1.70656578e+04]
 [1.21340051e-02 3.38990468e+04]
 [4.54108299e-02 9.10155890e+03]
 [3.61423034e-02 1.15796241e+04]
 [4.29462841e-02 9.42735322e+03]
 [1.67277964e-02 2.64141740e+04]
 [5.92696275e-03 7.47705253e+04]
 [7.98398157e-03 5.89273504e+04]
 [1.30407110e-02 3.10624267e+04]
 [7.37559829e-02 8.57082300e+03]
 [4.06061722e-02 9.91552533e+03]
 [2.36108282e-02 1.76971291e+04]
 [7.13748437e-03 6.68610341e+04]
 [3.18054434e-02 1.27179639e+04]
 [1.44729183e-02 2.84215872e+04]
 [5.76236298e-03 9.28441147e+04]
 [5.26495482e-03 9.86344500e+04]
 [1.76275304e-02 2.33241665e+04]
 [3.97808443e-02 1.03331022e+04]
 [2.82122859e-02 1.44206637e+04]
 [1.67837097e-02 2.43714078e+04]
 [6.21764107e-02 8.58187080e+03]
 [5.49327844e-03 9.54633705e+04]
 [1.21320793e-02 3.39198863e+04]
 [7.46932098e-03 6.35723969e+04]
 [3.21762248e-02 1.24775939e+04]
 [2.68663124e-02 1.53631214e+04]
 [2.08198542e-02 2.09603918e+04]
 [3.69400678e-02 1.08910186e+04]
 [4.44955318e-02 9.30144261e+03]
 [2.17498023e-02 2.00671563e+04]
 [3.96408531e-02 1.04295120e+04]
 [5.60617359e-02 8.59761714e+03]
 [1.90354712e-02 2.14765283e+04]
 [8.19846892e-03 5.44671114e+04]
 [2.55110923e-02 1.59403100e+04]
 [2.24302323e-02 1.92846870e+04]]
