[[0.43379929 4.27441307 8.65190854 0.52291692]
 [1.52433924 1.41875043 9.37709581 4.04857475]
 [1.4989948  1.86709885 9.70171865 3.74195519]
 [0.55867567 3.33434245 9.48881637 0.91937637]
 [1.04256965 1.81511829 9.40087105 1.9611576 ]
 [0.454131   4.41948928 9.29574171 1.40800301]
 [1.25823323 1.90660622 9.63603167 2.93609384]
 [0.57152466 2.80940531 8.87781336 1.32397866]
 [0.52797523 5.26156423 9.81340468 2.07869755]
 [2.73608437 1.00560008 9.7119661  2.96761707]
 [2.38949899 4.70154493 9.92108219 4.81587025]
 [0.80347421 2.10736467 9.36619608 2.25334502]
 [1.04256965 1.81511829 9.40087105 2.02826309]
 [0.43379929 4.27441307 7.42329745 0.52291692]
 [1.87387384 0.57533343 9.62550772 4.89823678]
 [0.66116696 5.21336893 9.74947399 1.02204973]
 [1.521908   1.3861246  9.6620349  4.04857475]
 [0.86148828 2.21001095 9.81845858 2.67851441]
 [1.20043816 0.93245491 8.67091543 2.30850721]
 [0.454131   4.6055308  9.5645286  1.40800301]
 [2.73608437 1.00560008 9.7119661  3.09556444]
 [1.87387384 8.54816103 9.95544007 4.89823678]]
