[[1.52610864e-02 2.65060857e+04]
 [4.48927166e-02 9.16056255e+03]
 [3.39946541e-02 1.19017793e+04]
 [2.69897406e-02 1.55173060e+04]
 [8.65147059e-03 5.46644892e+04]
 [4.18541489e-02 9.65590185e+03]
 [1.07192317e-02 3.87363394e+04]
 [2.01281418e-02 2.06112737e+04]
 [2.96244253e-02 1.39205069e+04]
 [3.28790982e-02 1.29241521e+04]
 [9.96482147e-03 4.13180205e+04]
 [3.36364504e-02 1.26200036e+04]
 [2.66167549e-02 1.64014524e+04]
 [1.78328570e-02 2.39587211e+04]
 [6.35115523e-03 6.90642393e+04]
 [1.80037165e-02 2.35987380e+04]
 [4.09622161e-02 9.92667892e+03]
 [3.08050828e-02 1.39019712e+04]
 [1.89890032e-02 2.28142981e+04]
 [2.86391127e-02 1.45405275e+04]
 [1.17425743e-02 3.56697741e+04]
 [8.59410100e-03 5.55484065e+04]
 [6.23256272e-03 7.63759506e+04]
 [2.72744547e-02 1.52140070e+04]
 [6.88973094e-03 6.13349775e+04]
 [3.12278710e-02 1.31399956e+04]
 [1.11872677e-02 3.59559159e+04]
 [4.54779212e-02 8.99321403e+03]
 [1.90079869e-02 2.13852708e+04]
 [3.52742916e-02 1.14660693e+04]
 [3.68179366e-02 1.08757710e+04]
 [3.97071545e-02 1.04290107e+04]
 [3.76979664e-02 1.08750475e+04]
 [2.62535740e-02 1.67286178e+04]
 [2.09116752e-02 1.93670600e+04]
 [5.46425455e-03 9.16654323e+04]
 [3.47677995e-02 1.16998649e+04]
 [4.44167595e-03 9.47503121e+04]
 [2.52737268e-02 1.77907978e+04]
 [7.39055093e-03 5.93961773e+04]
 [3.39077519e-02 1.21837129e+04]
 [3.82455340e-02 1.08039192e+04]
 [8.40667055e-03 5.88030968e+04]
 [2.45684008e-02 1.83133251e+04]
 [3.53053523e-02 1.14473314e+04]
 [8.66436377e-03 4.79751229e+04]
 [1.29683501e-02 3.19590295e+04]
 [1.47534943e-02 2.76456720e+04]
 [4.85691609e-02 8.58189615e+03]
 [4.36153188e-02 9.36613102e+03]
 [4.73118445e-02 8.93561660e+03]
 [1.06907751e-02 4.11180048e+04]
 [2.54634193e-02 1.71008351e+04]
 [3.85457346e-02 1.06120585e+04]
 [8.90429040e-03 4.52139687e+04]
 [3.27428822e-02 1.30805257e+04]
 [6.31483431e-03 6.98480626e+04]
 [1.65650275e-02 2.43201999e+04]
 [2.67587283e-02 1.55541957e+04]
 [2.62892056e-02 1.66836067e+04]
 [5.66605750e-02 8.51902782e+03]
 [6.96663599e-03 6.06900725e+04]
 [8.41393455e-03 5.58413892e+04]
 [2.64557557e-02 1.64179050e+04]
 [2.26898078e-02 1.92782647e+04]
 [4.37400997e-02 9.24801267e+03]
 [1.25661330e-02 3.33170307e+04]
 [1.45721340e-02 2.88664922e+04]
 [2.91031842e-02 1.41313017e+04]
 [1.17420302e-02 3.56704417e+04]
 [4.06749625e-02 1.02701548e+04]
 [3.08862688e-02 1.32811021e+04]
 [4.52197711e-02 9.07434026e+03]
 [5.56643997e-03 8.23589134e+04]
 [4.26833932e-02 9.52633114e+03]]
