[[0.62822678 4.53414591 9.09509548 1.55636897]
 [0.43379929 4.27441307 8.65190854 0.52291692]
 [1.02679196 8.45817405 9.82763891 4.57948067]
 [0.55867567 3.33434245 9.48881637 0.91937637]
 [1.18582585 2.56987231 9.60000241 1.2892189 ]
 [0.454131   4.41948928 9.29574171 1.40800301]
 [1.25823323 1.90660622 9.63603167 2.93609384]
 [0.57152466 2.80940531 8.87781336 1.32397866]
 [0.52797523 5.26156423 9.81340468 2.07869755]
 [1.86731973 2.10552419 9.59238174 4.89823678]
 [0.454131   4.41948928 9.16813157 1.40869714]
 [0.55994651 2.8023283  9.97479312 3.79217275]
 [0.40974602 5.21553749 9.89067635 0.47890296]
 [1.02679196 8.45817405 9.99736132 4.65630473]
 [0.47863522 4.01591417 9.02040833 1.4192104 ]
 [1.47192401 1.10142399 9.9877271  2.58191717]
 [0.24153092 8.10704663 9.96766669 0.31830557]
 [3.1793347  0.82361922 9.54121841 4.66298294]
 [1.1933748  2.20018866 9.49674785 2.30801298]
 [1.56973793 1.18068948 9.6117452  4.24152917]
 [1.04256965 1.64008397 9.40087105 1.9611576 ]
 [0.97061872 2.56987231 9.74070905 3.24932336]
 [0.44830813 5.97942237 9.71409387 1.91586832]]
