[[1.86260211e-03 3.45560727e-03 1.79353495e+00]
 [4.30247271e-03 9.73802078e-03 2.35560178e+00]
 [3.66543097e-03 8.62346253e-03 2.38535544e+00]
 [3.81016124e-03 7.49858311e-03 2.02228296e+00]
 [2.74119775e-03 5.60529991e-03 2.34345957e+00]
 [4.44117107e-03 8.28135361e-03 1.85269631e+00]
 [4.32981507e-03 9.09311989e-03 2.21095800e+00]
 [1.15103041e-03 2.27001165e-03 2.19196477e+00]
 [3.72748802e-03 7.10354578e-03 1.91128685e+00]
 [1.01581476e-03 2.25806922e-03 2.94264094e+00]
 [4.06288428e-03 7.43749196e-03 1.57597376e+00]
 [4.79737567e-03 9.46676679e-03 2.10686741e+00]
 [8.48018217e-04 2.02463036e-03 2.70847595e+00]
 [2.31462936e-03 4.26821349e-03 1.49622293e+00]
 [9.04097157e-04 1.28975984e-03 1.21052505e+00]
 [4.93963846e-04 1.50455028e-03 1.79070095e+00]
 [2.37214058e-03 5.39490891e-03 2.49856157e+00]
 [1.32906238e-03 2.83462432e-03 2.60128235e+00]
 [1.08067485e-03 1.91272052e-03 1.77409247e+00]
 [2.78504172e-03 6.14781891e-03 2.33033671e+00]
 [1.84748152e-03 4.30973654e-03 2.74649084e+00]
 [4.28335214e-03 9.35427012e-03 2.67768967e+00]
 [3.31014434e-03 6.59709804e-03 1.93308698e+00]
 [9.85390106e-04 1.35597047e-03 1.31872041e+00]
 [2.15209660e-03 3.71923011e-03 1.77971078e+00]
 [1.48733563e-03 3.05945447e-03 1.59448289e+00]
 [4.41843803e-03 8.64550653e-03 2.08696437e+00]
 [8.65460087e-04 1.74937824e-03 2.29838830e+00]
 [6.61269647e-04 1.03022677e-03 2.41334063e+00]
 [2.74119775e-03 5.70540788e-03 2.34345957e+00]
 [1.67329194e-03 3.36353316e-03 2.48410084e+00]
 [9.03058420e-04 1.92188650e-03 2.25859007e+00]
 [1.94011562e-03 4.56716660e-03 2.29300677e+00]
 [3.83175850e-03 8.89965942e-03 2.61460737e+00]
 [2.26679107e-03 4.05245947e-03 1.42300928e+00]
 [3.92972998e-03 8.13515964e-03 1.94074767e+00]
 [9.85390106e-04 1.35597047e-03 1.83799471e+00]
 [2.12240439e-03 3.88979139e-03 1.98092225e+00]
 [1.35427903e-03 2.66493130e-03 2.58827152e+00]
 [3.10677161e-03 5.88001559e-03 2.15375407e+00]
 [4.45313603e-03 9.60744884e-03 2.60780222e+00]
 [8.22622703e-04 1.84423026e-03 1.80881951e+00]
 [3.37861829e-03 7.02703991e-03 1.91128685e+00]
 [4.46264928e-03 9.09311989e-03 2.12916363e+00]
 [4.40689205e-03 7.74320661e-03 1.63806406e+00]
 [2.96129923e-03 5.17600145e-03 1.66054592e+00]
 [2.12844617e-03 4.26701009e-03 1.68669248e+00]
 [2.31608932e-03 5.32853503e-03 2.42462439e+00]
 [4.80877918e-03 9.97403751e-03 2.72718591e+00]
 [3.81163898e-03 7.49858311e-03 1.90736751e+00]
 [4.87454933e-03 8.94572926e-03 1.86610662e+00]
 [1.07508876e-03 1.63815430e-03 1.06436918e+00]
 [3.31791764e-03 6.76071515e-03 2.19523957e+00]
 [3.31014434e-03 7.18149898e-03 2.19805124e+00]
 [4.54777279e-03 8.48857109e-03 1.66422400e+00]
 [1.55528584e-03 3.17360587e-03 1.68796635e+00]
 [3.55897577e-03 6.56733708e-03 1.75599543e+00]
 [2.23238431e-03 4.19258018e-03 1.83729873e+00]]
