[[0.43379929 4.27441307 8.65190854 0.52291692]
 [0.36852311 3.8061778  9.76187367 1.86159563]
 [1.07771872 2.70754645 9.73028698 4.25329041]
 [0.90418905 2.10576104 9.59049873 2.10401616]
 [0.43379929 4.27441307 8.66263705 0.52291692]
 [0.36852311 3.8061778  9.70318425 2.08953059]
 [0.53573624 5.84584894 9.89854191 0.57926077]
 [1.35425543 2.13779903 9.61992663 2.27674876]
 [1.02521604 3.8061778  9.88151244 4.83949897]
 [4.03260151 5.90404978 9.89854191 4.93369719]
 [0.41039916 2.72860587 9.61712857 4.21435148]
 [0.81969892 1.55624628 9.6760079  1.0315731 ]
 [1.59308334 1.42737941 9.02295352 2.81288435]
 [0.36852311 3.8061778  9.74049768 1.86159563]
 [2.27928337 2.74270072 9.83137496 4.93979854]
 [1.63805491 1.37201954 9.8652724  2.58849048]
 [0.77303537 2.78015692 9.41873612 1.84527093]
 [0.6686434  2.11036968 9.15862493 1.48115539]
 [0.33750864 4.19011247 8.66263705 0.69420474]
 [0.36852311 4.32381622 9.76187367 2.06086472]
 [0.82020094 1.19835763 9.67079821 1.59772714]
 [1.52771089 1.30892408 9.79147    3.47982773]
 [0.81377803 2.71545985 9.67877606 4.24254947]
 [0.41039916 2.72860587 9.61591848 4.21435148]
 [0.43379929 4.27441307 8.78660415 0.56761476]
 [0.90418905 2.09175158 9.96490181 4.66938915]
 [4.74870767 1.83421576 9.83130723 4.99854371]]
