[[3.54213993e-03 5.27301186e-02]
 [4.84278600e+00 2.99746367e+00]
 [4.71396683e+00 2.99793534e+00]
 [4.52904748e+00 2.99793534e+00]
 [4.22931819e+00 2.99100399e+00]
 [4.63090713e+00 2.99363807e+00]
 [4.36315583e+00 2.97106166e+00]
 [3.74107992e+00 2.96587587e+00]
 [3.85066846e+00 2.93393365e+00]
 [9.62096841e-01 6.96649185e-01]
 [4.39246204e+00 2.96986554e+00]
 [9.05927871e-01 1.19657597e+00]
 [2.76410989e+00 2.52609268e+00]
 [2.64007227e+00 2.73048381e+00]
 [1.98383737e+00 1.83196496e+00]
 [2.12856208e+00 2.16097348e+00]
 [4.47193625e+00 2.95631237e+00]
 [9.11069810e-01 8.50174013e-01]
 [8.81676881e-01 8.24413312e-01]
 [2.73714187e+00 2.50159594e+00]
 [2.04545365e+00 2.30977764e+00]
 [5.26200704e-01 6.45878436e-01]
 [3.90945426e+00 2.99769733e+00]
 [2.60347415e+00 2.57551279e+00]
 [2.16796164e+00 1.53687808e+00]
 [6.83200963e-01 4.17234389e-01]
 [1.94404624e+00 2.19394070e+00]
 [1.00698436e+00 1.17527259e+00]
 [1.90577850e+00 2.17884301e+00]
 [1.77860533e+00 1.83054514e+00]
 [3.26155077e-01 4.21228043e-01]
 [2.58942520e+00 2.31265173e+00]
 [9.40914963e-01 6.43529197e-01]
 [6.72039225e-01 7.94899096e-01]
 [1.10543930e+00 9.06111299e-01]
 [3.49463064e+00 2.99765748e+00]
 [2.42134036e+00 2.13369896e+00]
 [1.76686665e+00 1.59197510e+00]
 [2.18186837e+00 1.67618825e+00]
 [3.18959901e+00 2.99528767e+00]
 [4.00372284e+00 2.95190630e+00]
 [3.46459472e+00 2.92405572e+00]
 [3.89833685e+00 2.98185470e+00]
 [2.08652401e+00 1.67606949e+00]
 [1.34215344e+00 1.18207889e+00]
 [1.78301476e-01 2.78570836e-01]
 [2.03874481e+00 1.61738152e+00]
 [2.73707159e+00 2.33785744e+00]
 [7.69902500e-02 1.50825021e-01]
 [2.24256261e+00 2.60758641e+00]
 [2.73300658e+00 2.28159139e+00]
 [4.68905764e+00 2.99811483e+00]
 [1.66536267e+00 1.57966670e+00]
 [3.52243150e+00 2.99321178e+00]
 [6.45692868e-01 7.85093266e-01]
 [1.76255537e+00 1.67551016e+00]
 [4.15780284e+00 2.99007393e+00]
 [8.80981278e-01 9.96190723e-01]
 [1.19081455e+00 1.38493458e+00]
 [1.41587157e+00 1.64342639e+00]
 [1.10210964e+00 1.18995586e+00]
 [2.90274885e+00 2.85602478e+00]
 [1.54698424e+00 1.56669847e+00]
 [2.63857323e+00 2.40648325e+00]
 [3.68967754e+00 2.98606581e+00]
 [1.18977324e+00 1.19989808e+00]
 [2.84757779e+00 2.95537284e+00]
 [6.58436474e-01 5.41797182e-01]
 [2.92307646e+00 2.77739243e+00]
 [8.32373139e-02 5.57286065e-02]
 [6.03848083e-01 4.09807385e-01]
 [1.89985989e+00 1.41865650e+00]
 [1.38251061e+00 1.62615991e+00]
 [4.52047898e-01 5.89021703e-01]
 [3.06638539e+00 2.93340041e+00]
 [3.60730318e+00 2.99321178e+00]
 [1.28997120e+00 1.58070757e+00]
 [3.04204535e+00 2.99021810e+00]
 [1.98640823e+00 2.38900395e+00]
 [1.18717827e+00 1.15019109e+00]
 [9.18612837e-01 1.00482880e+00]
 [7.33961867e-01 7.92892448e-01]
 [3.45448459e+00 2.99321178e+00]
 [7.31534910e-01 6.06447298e-01]
 [2.22985924e+00 2.39437646e+00]
 [4.48221209e+00 2.99744468e+00]
 [1.51998450e-01 2.41951026e-01]
 [4.10718997e+00 2.97473597e+00]
 [3.55354293e+00 2.99700844e+00]
 [3.13703852e-01 4.94201617e-01]
 [4.05382388e+00 2.99867441e+00]
 [4.26097968e-01 4.21228043e-01]
 [2.24807685e+00 2.39853615e+00]
 [2.01227322e+00 2.39853615e+00]
 [3.08389179e+00 2.99611655e+00]
 [3.23557458e+00 2.99021810e+00]
 [3.45720666e+00 2.96328677e+00]
 [1.41018781e+00 1.49055910e+00]
 [2.45949472e+00 2.21835682e+00]
 [7.29462564e-01 7.85093266e-01]
 [6.61197711e-01 4.17234389e-01]
 [4.49753335e-01 3.34720599e-01]
 [8.38395409e-01 7.38396474e-01]
 [4.14338104e+00 2.98185470e+00]
 [2.18313215e+00 2.33087930e+00]
 [3.34456515e+00 2.93567504e+00]
 [4.00372284e+00 2.96512124e+00]
 [2.71948478e-01 3.37884200e-01]
 [2.06638116e+00 1.67551016e+00]
 [9.88557941e-01 1.07961769e+00]
 [2.57783103e+00 2.34910438e+00]
 [1.72454426e+00 1.83774511e+00]
 [1.44947983e+00 1.28010303e+00]
 [3.81609531e+00 2.99700844e+00]
 [1.32758533e+00 1.08848540e+00]
 [1.79380991e+00 1.48582209e+00]
 [3.84495235e+00 2.99872685e+00]
 [1.35925421e+00 1.71259796e+00]
 [1.58016521e-01 1.37752118e-01]
 [3.15148160e+00 2.96889930e+00]
 [2.87386717e+00 2.99580197e+00]
 [1.23492599e+00 1.52938828e+00]
 [1.65153384e+00 1.50982730e+00]
 [2.72703105e+00 2.84429429e+00]
 [1.42788141e+00 1.53514550e+00]
 [1.84389252e+00 1.66411571e+00]
 [2.60832008e+00 2.50289637e+00]
 [3.32242137e+00 2.99021810e+00]
 [3.67916955e+00 2.97342300e+00]
 [2.92561144e+00 2.72885505e+00]
 [8.09334251e-02 1.73398925e-02]
 [2.87663237e+00 2.64648567e+00]
 [1.96541333e+00 1.67551016e+00]
 [1.06097586e+00 1.29123913e+00]
 [1.62028338e+00 1.15931488e+00]
 [4.10278791e+00 2.99867441e+00]
 [2.82406956e-01 4.13428861e-01]
 [3.35732073e+00 2.99847181e+00]
 [2.28509938e+00 2.21835682e+00]
 [2.68670013e+00 2.99746367e+00]
 [2.22759393e-01 3.33288792e-01]
 [2.73300658e+00 2.75580533e+00]
 [2.08511002e+00 2.08998097e+00]
 [3.13505338e-01 3.03439081e-01]
 [3.64226425e+00 2.98881178e+00]
 [2.59505814e+00 2.35875354e+00]
 [2.08511002e+00 2.13095082e+00]
 [6.58436474e-01 6.26393111e-01]
 [4.49753335e-01 4.21228043e-01]
 [2.97100628e-01 1.76732992e-01]
 [3.08389179e+00 2.87417835e+00]
 [1.40898721e+00 1.18032214e+00]
 [2.17000595e+00 2.26214257e+00]
 [1.51071079e+00 1.62697274e+00]
 [4.04768168e+00 2.95523401e+00]
 [2.78004006e+00 2.96153363e+00]
 [1.47877173e+00 1.33816360e+00]
 [4.03788028e+00 2.99677976e+00]
 [2.07730664e+00 1.81104226e+00]
 [1.54841244e-01 1.74520868e-01]
 [1.20725942e+00 1.45017715e+00]
 [1.20668008e+00 1.50225409e+00]
 [2.62042332e+00 2.36074849e+00]
 [1.42788141e+00 1.76050002e+00]
 [4.49753335e-01 4.50009019e-01]
 [4.19333181e+00 2.98676866e+00]
 [8.80946540e-01 9.26382649e-01]
 [2.62335155e+00 2.80207899e+00]
 [2.12427706e+00 2.34152081e+00]
 [2.99588448e-01 3.64030367e-01]
 [1.12039338e+00 1.11308243e+00]
 [3.01234661e+00 2.95912302e+00]
 [5.35879120e-01 4.12307017e-01]
 [1.80230830e+00 1.59437955e+00]
 [2.59830526e+00 2.80906565e+00]
 [2.09597257e+00 2.16642725e+00]
 [3.08725837e+00 2.99611655e+00]
 [2.91044907e+00 2.99795414e+00]
 [2.10992910e+00 1.91389669e+00]
 [5.09620885e-01 4.12307017e-01]
 [2.17008411e+00 1.83054514e+00]
 [2.16855648e+00 2.66593453e+00]
 [2.54641366e+00 2.23065501e+00]
 [8.71261866e-01 9.60746328e-01]
 [1.05814058e+00 7.96639978e-01]
 [7.33779454e-01 5.10060453e-01]
 [1.46030328e-01 2.02534696e-01]
 [3.05281835e+00 2.83299541e+00]
 [1.13913856e+00 8.46299756e-01]
 [2.08511002e+00 2.16097348e+00]
 [1.89447753e+00 2.01413629e+00]
 [1.63502397e+00 1.66411571e+00]
 [7.27789495e-01 5.10060453e-01]
 [1.63322451e+00 1.77067343e+00]
 [1.57476742e-01 3.42647013e-02]
 [1.96766178e+00 2.09124406e+00]
 [4.47825322e+00 2.98572411e+00]
 [1.58739986e+00 1.88364645e+00]
 [2.54377484e+00 2.83896008e+00]
 [1.21338734e+00 1.00863320e+00]
 [2.80557106e+00 2.80275523e+00]
 [1.76860100e-01 2.00174993e-01]
 [2.05973720e+00 1.91004117e+00]
 [2.72395667e+00 2.87208210e+00]
 [4.48769922e+00 2.95347535e+00]
 [5.77066347e-01 3.97280542e-01]
 [3.55354293e+00 2.99683237e+00]
 [2.16838174e+00 2.42208159e+00]
 [3.19700039e+00 2.93340041e+00]
 [7.01934693e-01 5.96482353e-01]
 [4.20200175e+00 2.99793534e+00]
 [4.65727806e+00 2.99935243e+00]
 [1.47877173e+00 1.45017715e+00]
 [2.70895152e+00 2.83896008e+00]
 [9.31301057e-01 1.03668218e+00]
 [1.00418506e+00 1.18701543e+00]
 [7.65653793e-02 9.06162206e-02]
 [4.65727806e+00 2.99793534e+00]
 [2.45576785e+00 2.29627298e+00]
 [9.42702116e-02 1.74520868e-01]
 [2.82491501e+00 2.99021810e+00]
 [2.00979709e+00 1.93213661e+00]
 [2.90660212e-02 5.27301186e-02]
 [3.33829839e+00 2.98913426e+00]
 [2.03781686e+00 2.13055181e+00]
 [2.16382766e+00 2.42208159e+00]
 [1.10210964e+00 1.16794649e+00]
 [1.45633342e+00 1.16763500e+00]
 [1.19056597e+00 1.31116309e+00]
 [1.63322451e+00 1.58117431e+00]
 [2.60388876e+00 2.52191014e+00]
 [2.73261569e+00 2.74582296e+00]
 [2.62335155e+00 2.53428614e+00]
 [2.24685477e+00 2.21239659e+00]
 [2.09597257e+00 1.94984549e+00]
 [3.09623313e+00 2.92948365e+00]
 [2.87663237e+00 2.96186609e+00]
 [3.84595560e+00 2.98846698e+00]
 [1.87087461e+00 1.59608109e+00]
 [9.88557941e-01 1.08052171e+00]]
