[[3.60699608e+01 1.65566552e+01]
 [7.76812641e+00 3.22621992e+01]
 [3.44753316e+01 1.71025222e+01]
 [3.38364045e+00 3.78835185e+01]
 [7.01718697e+00 3.32064912e+01]
 [2.06701379e+01 2.30235463e+01]
 [8.35413583e+01 6.42080819e+00]
 [6.42545421e-02 4.82357273e+01]
 [5.60857909e+01 1.11194220e+01]
 [6.81555654e+01 8.66305532e+00]
 [8.89085385e-01 4.35860832e+01]
 [6.14466549e-01 4.47011988e+01]
 [1.45298019e+01 2.68269711e+01]
 [5.83176055e+01 1.06016468e+01]
 [7.04643053e+01 8.30666886e+00]
 [7.07409588e+00 3.29968040e+01]
 [6.16784942e+01 9.95395502e+00]
 [4.22734344e+01 1.46637253e+01]
 [5.10129214e+01 1.23026655e+01]
 [4.83307391e+01 1.30055861e+01]
 [3.09838326e+01 1.84529702e+01]
 [9.65869014e+01 5.29510110e+00]
 [7.47103428e+00 3.27839613e+01]
 [1.93888691e-01 4.71300901e+01]
 [3.01435576e+00 3.87437753e+01]
 [1.17329489e+02 4.34324222e+00]
 [4.66951383e+00 3.58988353e+01]
 [5.69893656e+01 1.08917859e+01]
 [2.62542348e+00 3.94629533e+01]
 [6.83382844e+01 8.64617576e+00]
 [4.34026601e+01 1.43443386e+01]
 [2.13531304e+01 2.26859973e+01]
 [5.00504672e+01 1.25116603e+01]
 [1.88251444e+01 2.41843976e+01]
 [5.13824242e-01 4.54694508e+01]
 [2.38404433e+01 2.15314788e+01]
 [4.75859928e+01 1.32989730e+01]
 [3.69837635e+01 1.63225093e+01]
 [8.64919865e+01 6.15676129e+00]
 [3.36542071e+01 1.74010150e+01]
 [3.20537255e+00 3.81544643e+01]
 [4.94481916e+00 3.56141364e+01]
 [2.83518875e+01 1.95538827e+01]
 [1.27649019e+01 2.80997480e+01]
 [6.48609556e+01 9.26874806e+00]
 [5.05834735e+01 1.23675360e+01]
 [3.43372301e+01 1.71514592e+01]
 [2.50475545e+01 2.11900961e+01]
 [1.93779981e+01 2.37564183e+01]
 [5.01455835e+01 1.24796289e+01]
 [6.33070848e+01 9.61319687e+00]
 [5.40210633e+01 1.15365319e+01]
 [6.83013424e+00 3.33587758e+01]
 [3.12500802e+01 1.84325539e+01]
 [6.43486652e+01 9.37801384e+00]
 [1.20306667e+01 2.85309140e+01]
 [7.44505565e+01 7.63696884e+00]
 [4.67329773e+01 1.33736789e+01]
 [3.01727971e+01 1.87087766e+01]
 [1.34130912e+00 4.22112876e+01]
 [2.15113580e+01 2.25891640e+01]
 [3.63502264e+01 1.64867414e+01]
 [1.36543495e+00 4.20823316e+01]
 [8.77549642e+01 6.15352775e+00]
 [5.24470085e+01 1.19079234e+01]
 [6.14908601e+01 1.00826099e+01]
 [2.06248388e+01 2.30466852e+01]
 [2.94269348e+01 1.91634634e+01]
 [1.08813141e-02 4.93815522e+01]
 [8.81573897e+00 3.14861530e+01]
 [4.41773912e+01 1.41195575e+01]
 [3.90321879e+01 1.56080493e+01]
 [4.30131000e+00 3.64405305e+01]
 [9.16288892e-01 4.35006419e+01]
 [8.06814916e+00 3.19400772e+01]
 [5.46349507e+01 1.14851416e+01]
 [9.27297752e-02 4.81847580e+01]
 [4.14716333e+01 1.48602741e+01]
 [5.64291726e+01 1.10371879e+01]
 [1.63897823e+01 2.55069338e+01]
 [4.12821758e+01 1.51586176e+01]
 [4.88354400e+01 1.29089295e+01]
 [2.08059108e+00 4.05397266e+01]
 [1.01064342e+02 5.00819041e+00]
 [3.25375803e+01 1.77999325e+01]
 [5.61847016e+01 1.10450360e+01]
 [7.81041359e+01 7.34862160e+00]
 [5.91225554e+01 1.04599570e+01]
 [5.16116883e+01 1.21702054e+01]
 [3.45639393e+01 1.70708641e+01]
 [2.21483656e+01 2.23177962e+01]
 [1.59154179e+00 4.15656480e+01]
 [9.74789677e+01 5.18853760e+00]
 [3.19346559e+01 1.80983988e+01]
 [6.74501032e+01 8.78934231e+00]
 [9.56304142e-01 4.33311796e+01]
 [6.57234037e+01 9.10573559e+00]
 [3.15076306e+01 1.82084382e+01]
 [1.17770581e+02 4.30570827e+00]
 [6.73118123e+01 8.81434514e+00]
 [1.17915822e+01 2.87118589e+01]
 [1.25542899e+00 4.30837676e+01]
 [1.95911089e+01 2.36016386e+01]
 [5.01739749e+01 1.24641754e+01]
 [5.51864293e+01 1.13284606e+01]
 [2.11228610e+00 4.04262446e+01]
 [7.85586586e+01 7.04197699e+00]
 [6.15631802e+01 9.96652272e+00]
 [8.03734769e+01 6.82829836e+00]
 [1.44787454e+01 2.69002772e+01]
 [1.28704034e+02 4.07138090e+00]
 [4.43108694e-02 4.85227502e+01]
 [7.26128010e+01 7.90442387e+00]
 [3.78564320e+01 1.59907167e+01]
 [1.69689734e+01 2.51541859e+01]
 [5.94448722e+01 1.03517216e+01]
 [1.02483650e+01 3.02176318e+01]
 [5.85262581e+00 3.44757621e+01]
 [1.12097311e+02 4.47862464e+00]
 [5.83421163e+01 1.05967335e+01]
 [3.85390262e+01 1.57603835e+01]
 [3.97358551e+00 3.70709541e+01]
 [3.55228644e+01 1.67451195e+01]
 [2.60485816e+01 2.04427759e+01]
 [7.07105900e+01 8.26200079e+00]
 [2.13579740e+00 4.02821123e+01]
 [5.58386024e+01 1.12015222e+01]
 [4.78407135e+01 1.30898205e+01]
 [3.79872913e+00 3.72515007e+01]
 [4.14151127e+01 1.49198767e+01]
 [2.31097523e+01 2.18915624e+01]
 [4.53293653e+00 3.62234145e+01]
 [1.83062087e+01 2.43594078e+01]
 [1.99825615e+01 2.33991603e+01]
 [2.04022630e+01 2.33491687e+01]
 [2.62690917e+01 2.03512399e+01]
 [1.07004940e+01 2.97576967e+01]
 [5.20297826e+00 3.54069442e+01]
 [1.01214142e+02 4.99947583e+00]
 [1.18458290e+01 2.86246256e+01]
 [2.78628109e+01 1.97201696e+01]
 [4.43887729e+00 3.63821168e+01]
 [1.19108412e+02 4.28578796e+00]
 [9.25486304e-01 4.34891760e+01]
 [3.33490562e+01 1.75187217e+01]
 [3.61475643e+01 1.65284172e+01]
 [8.49172742e+01 6.28271068e+00]
 [4.16601156e+00 3.68409574e+01]
 [6.69753563e-01 4.43838289e+01]
 [5.64526897e+01 1.10064773e+01]
 [3.54558778e+01 1.67604374e+01]
 [8.93594984e+01 5.84788528e+00]
 [7.91197148e+01 6.99637517e+00]
 [9.91581520e+00 3.05867701e+01]
 [1.06897518e+02 4.70583088e+00]
 [5.93398275e+01 1.03648640e+01]
 [7.55262090e+00 3.24731063e+01]
 [3.73928365e+01 1.61314449e+01]
 [5.55209743e+01 1.12451658e+01]
 [4.83894847e+01 1.29238653e+01]
 [4.54382597e+01 1.37975781e+01]
 [1.45041755e+01 2.68796760e+01]
 [2.23336554e+00 4.00243256e+01]
 [7.47938064e+01 7.56664726e+00]
 [9.46611805e+00 3.13305500e+01]
 [1.25248033e+01 2.81882672e+01]
 [9.42489596e+01 5.49404751e+00]
 [6.74171987e+01 8.80645933e+00]
 [6.41216522e+01 9.49420465e+00]
 [6.02238385e-03 4.95969004e+01]
 [3.89400818e+01 1.56711880e+01]
 [2.76519891e+01 1.99359084e+01]
 [1.98068386e+01 2.34837840e+01]
 [7.19734946e+01 8.02823714e+00]
 [5.34057060e+01 1.17109785e+01]
 [1.43170558e+01 2.76204574e+01]
 [4.63526384e+01 1.34473171e+01]
 [3.98492718e+01 1.55810218e+01]
 [1.10383385e+02 4.58024747e+00]
 [5.82402074e+01 1.06826756e+01]
 [4.36285464e+01 1.42373566e+01]
 [5.29626789e+00 3.51326064e+01]
 [4.25675915e+01 1.45106112e+01]
 [2.19873655e+01 2.23563653e+01]
 [6.12590906e+00 3.40397190e+01]
 [5.92170482e+00 3.42733606e+01]
 [2.34108235e+01 2.16398194e+01]
 [1.31991443e+01 2.76657497e+01]
 [1.80064698e+01 2.45229733e+01]
 [7.93241396e+01 6.96100763e+00]
 [6.24504858e+01 9.83779721e+00]
 [3.97797008e-02 4.86008500e+01]
 [3.55078236e+00 3.76263433e+01]
 [5.82826082e-01 4.47685339e+01]
 [4.00886931e+00 3.69335705e+01]
 [7.24867282e+01 7.99518488e+00]
 [2.11797822e+01 2.29128010e+01]
 [6.53851219e+00 3.35716810e+01]
 [6.93782227e+01 8.51605559e+00]
 [2.91353711e+01 1.93531476e+01]
 [2.67149226e+01 2.01591952e+01]
 [9.54453534e+01 5.35090514e+00]
 [7.26079378e+01 7.92926038e+00]
 [6.85359335e+01 8.60000425e+00]
 [3.58527205e+01 1.66384434e+01]
 [2.06297917e+01 2.30431257e+01]
 [3.23224727e+01 1.78795913e+01]
 [2.32402485e+01 2.18510504e+01]
 [1.74823382e+01 2.48640916e+01]
 [2.83880670e+01 1.94226762e+01]
 [7.41839865e+01 7.65832801e+00]
 [4.20630215e+00 3.67283501e+01]
 [9.96490226e+00 3.05518505e+01]
 [4.59966149e+01 1.35450941e+01]
 [1.10886524e+01 2.93489598e+01]
 [4.39655899e+01 1.41344717e+01]
 [2.92008181e+01 1.92326078e+01]
 [1.32395879e+00 4.23045226e+01]
 [1.43009007e+00 4.19556891e+01]
 [5.12548020e+01 1.21901877e+01]
 [1.54297147e-02 4.93727804e+01]
 [1.84216795e+00 4.13027411e+01]
 [5.17981705e+00 3.54401795e+01]
 [3.12962127e+00 3.86472979e+01]
 [8.34912412e+01 6.46869882e+00]
 [4.01397500e+01 1.52463127e+01]
 [5.60898061e+00 3.48383786e+01]
 [7.84764667e+01 7.04582639e+00]
 [5.89250094e+01 1.04683094e+01]
 [5.44111662e+00 3.49116909e+01]
 [4.22853838e+01 1.46598253e+01]
 [6.25162187e+01 9.79648266e+00]
 [1.28738842e+02 4.06553596e+00]
 [4.44716350e+01 1.39704287e+01]
 [1.22070980e+02 4.14834533e+00]
 [3.52847303e+00 3.76553865e+01]
 [5.79647838e+01 1.07243311e+01]
 [2.98808215e+01 1.88592401e+01]
 [1.48731615e+00 4.17658409e+01]
 [1.69641865e+01 2.51871128e+01]
 [3.64219923e+01 1.64472232e+01]
 [6.27983857e+01 9.66476046e+00]
 [2.70411952e+01 1.99938731e+01]
 [7.63984258e+01 7.42413925e+00]
 [2.39916972e+01 2.13633672e+01]
 [2.17069653e+01 2.25091597e+01]
 [3.84216097e-01 4.58734019e+01]
 [5.12641802e+01 1.21900065e+01]
 [8.47489952e+00 3.17408794e+01]
 [5.65492384e+01 1.09713878e+01]
 [2.33498706e+01 2.18112003e+01]
 [2.00212633e+01 2.33705575e+01]
 [1.12127297e+02 4.47353508e+00]
 [9.27910210e+01 5.60607953e+00]
 [4.17707708e+00 3.68162813e+01]
 [2.44600428e+00 3.96486186e+01]
 [3.51219093e+01 1.68912595e+01]
 [6.12557967e+01 1.01709156e+01]
 [2.04178849e+01 2.31618725e+01]
 [3.90316956e+01 1.56200446e+01]
 [2.18708216e+01 2.24069725e+01]
 [8.16989905e+01 6.76038622e+00]
 [8.47104227e+01 6.40877892e+00]
 [9.99792051e+00 3.04928910e+01]
 [6.28931484e+00 3.38793377e+01]
 [1.04451465e+01 2.97666162e+01]
 [5.00397297e+01 1.25513169e+01]
 [4.79131281e+01 1.30616455e+01]
 [4.89394141e+01 1.27691635e+01]
 [4.29683432e+01 1.43933446e+01]
 [1.07943609e+01 2.97157594e+01]
 [1.23829995e+01 2.82378841e+01]
 [3.66974977e+01 1.64001992e+01]
 [3.17746423e+01 1.81092619e+01]
 [1.62289942e+01 2.58549540e+01]
 [8.18991777e+01 6.61076534e+00]
 [2.21568214e+01 2.22752257e+01]
 [6.49969675e+01 9.24450359e+00]
 [1.72592188e+01 2.49430630e+01]
 [8.67298422e-01 4.36316205e+01]
 [1.07053063e+02 4.65867191e+00]
 [2.18953371e+00 4.02422502e+01]
 [2.66717435e-01 4.67359798e+01]
 [1.72212552e+01 2.51073277e+01]
 [3.92011554e-01 4.56712386e+01]
 [6.76379980e+01 8.76691466e+00]
 [3.71085942e+01 1.62098618e+01]
 [1.52046773e+01 2.63496489e+01]
 [1.67124252e+01 2.54902877e+01]
 [1.17373523e+02 4.33572292e+00]
 [1.43353660e-01 4.75569030e+01]
 [2.51201878e+01 2.11485314e+01]
 [3.48087570e+01 1.69841201e+01]
 [2.57616646e+01 2.05836308e+01]
 [1.48862243e+01 2.64424072e+01]
 [4.59244518e+01 1.35883366e+01]
 [8.00502278e+01 6.85330223e+00]
 [4.74604626e+00 3.58547349e+01]
 [7.01640211e-01 4.42645551e+01]
 [4.98833894e+00 3.54550855e+01]
 [8.07360135e+01 6.77496078e+00]
 [5.00412886e+01 1.25138166e+01]
 [1.78722139e+01 2.45747975e+01]
 [4.38711586e+01 1.42059671e+01]
 [4.04600320e+01 1.51674705e+01]
 [4.58330769e+00 3.60210525e+01]
 [1.04768795e+00 4.31016741e+01]
 [3.22174818e+01 1.80119622e+01]
 [8.22887090e+01 6.56444595e+00]
 [7.18627418e+01 8.09456263e+00]
 [1.65846246e+00 4.13348044e+01]
 [1.17328229e+00 4.30977468e+01]
 [5.37521638e+00 3.51302942e+01]
 [4.58574624e+01 1.36421286e+01]
 [3.31525969e+01 1.75752171e+01]
 [7.99854992e+00 3.20122798e+01]
 [2.53769364e+01 2.09801059e+01]
 [2.01229705e+00 4.10313803e+01]
 [4.90166573e+01 1.27594531e+01]
 [2.29291311e+01 2.19093332e+01]
 [6.71572422e+01 8.86966102e+00]
 [6.02426216e+01 1.01811489e+01]]
