[[0.78492906 0.54484695]
 [0.5893059  0.77743098]
 [0.77787506 0.70942252]
 [0.94289582 0.16953891]
 [0.22210151 0.96569449]
 [0.69041283 0.77349488]
 [0.84890255 0.51414105]
 [0.46603089 0.90450181]
 [0.92955324 0.19744505]
 [0.21208487 0.96828092]
 [0.90143948 0.50304726]
 [0.99922186 0.11589393]
 [0.22400058 0.95009289]
 [0.46901147 0.89057005]
 [0.92107496 0.502514  ]
 [0.46116184 0.94051453]
 [0.12124224 0.9829306 ]
 [0.15005887 0.96857139]
 [0.75610459 0.72946065]
 [0.52945513 0.87488935]
 [0.58300567 0.83567442]
 [0.945157   0.15779179]]
