[[4.86621314e+00 6.48194950e-03]
 [2.23930593e+01 9.50885037e-04]
 [8.42493582e+00 2.79476072e-03]
 [1.62072948e+01 1.34727829e-03]
 [2.49856601e+01 8.35621306e-04]
 [1.05192484e+01 2.36960019e-03]
 [5.76652720e+01 4.78524147e-04]
 [8.41314891e+01 4.70164020e-04]
 [1.40047621e+01 1.50411765e-03]
 [3.01866379e+01 6.68770163e-04]
 [2.67691755e+01 8.24355211e-04]
 [2.14108332e+01 9.51245267e-04]
 [4.40887101e+01 4.81211361e-04]
 [2.37057825e+01 8.40506899e-04]
 [8.49922314e+00 2.64985897e-03]
 [1.75994723e+01 1.07625029e-03]
 [4.12992314e+01 5.28181188e-04]
 [9.18499021e+00 2.59733727e-03]
 [4.97930527e+00 5.95907387e-03]
 [3.37822029e+01 5.29348906e-04]
 [1.55002813e+01 1.41878657e-03]
 [1.18694681e+01 1.71826778e-03]
 [1.16205988e+01 1.94096797e-03]
 [3.11810519e+01 6.38961624e-04]]
