[[0.62822678 4.53414591 9.09509548 1.55636897]
 [0.43379929 4.27441307 8.65190854 0.52291692]
 [1.4989948  1.86709885 9.70171865 3.74195519]
 [3.65008032 0.60599795 9.20844951 4.64335094]
 [1.68005678 1.30700616 9.63388057 2.58191717]
 [0.55867567 3.33434245 9.48881637 0.91937637]
 [1.18582585 2.56987231 9.60000241 1.2892189 ]
 [1.04256965 1.81511829 9.40087105 1.9611576 ]
 [0.454131   4.41948928 9.29574171 1.40800301]
 [1.25823323 1.90660622 9.63603167 2.93609384]
 [2.34783749 1.09867638 9.63402015 4.72843293]
 [0.43379929 4.27441307 8.65190854 0.63907886]
 [1.64171159 1.28685169 9.02295352 2.2511039 ]
 [2.37854122 1.88793593 9.69760483 4.68165062]
 [1.41868777 0.74525353 8.81692439 3.94855272]
 [1.85906075 5.85400982 9.70278997 4.85646553]
 [1.4989948  0.84190882 9.70171865 3.68138436]
 [0.92642815 7.11642623 9.79352536 4.65655509]
 [0.99720251 4.53464928 9.73035214 3.76849083]
 [0.88442727 1.48566532 9.37672356 4.13436815]
 [0.5004193  8.71401342 9.91531955 4.40428192]
 [0.44304989 4.40969682 8.86143004 1.46576045]]
