[[1.52610864e-02 2.65060857e+04]
 [4.48927166e-02 9.16056255e+03]
 [4.91232333e-02 8.96634650e+03]
 [3.93752889e-02 1.06532184e+04]
 [3.39946541e-02 1.19017793e+04]
 [5.26285058e-02 8.93022581e+03]
 [2.69897406e-02 1.55173060e+04]
 [3.70128177e-02 1.09776149e+04]
 [4.18541489e-02 9.65590185e+03]
 [1.07192317e-02 3.87363394e+04]
 [3.18475519e-02 1.27103137e+04]
 [5.58102404e-02 8.67738208e+03]
 [1.20622167e-02 3.74183468e+04]
 [3.13492445e-02 1.34289154e+04]
 [4.37664957e-02 9.35419140e+03]
 [9.94202140e-03 4.21205463e+04]
 [5.80348224e-03 8.04541568e+04]
 [5.30174139e-02 8.90322283e+03]
 [3.07168005e-02 1.42185288e+04]
 [2.57065886e-02 1.59723699e+04]
 [8.62407872e-03 4.80120660e+04]
 [2.84826754e-02 1.42657777e+04]
 [1.29877897e-02 3.30752248e+04]
 [7.73724338e-03 5.94455362e+04]
 [2.15610606e-02 1.97547574e+04]
 [1.39171895e-02 3.00418622e+04]
 [2.70623529e-02 1.54388110e+04]
 [5.41009635e-02 8.72187239e+03]
 [3.61468442e-02 1.13517348e+04]
 [2.05503774e-02 2.04361358e+04]
 [1.74017723e-02 2.40575569e+04]
 [3.92318129e-02 1.07018240e+04]
 [6.56570475e-03 6.57956547e+04]
 [1.79201157e-02 2.29198873e+04]
 [4.01716597e-02 1.04985556e+04]
 [9.61047759e-03 4.58442537e+04]
 [2.74058386e-02 1.46111035e+04]
 [3.98523868e-02 1.05953882e+04]
 [2.13463605e-02 1.97910998e+04]
 [6.97636487e-02 8.58306582e+03]
 [7.82240681e-03 5.57384725e+04]
 [5.61326010e-02 8.63053894e+03]
 [2.28087936e-02 1.77922959e+04]
 [3.50449543e-02 1.18610547e+04]
 [7.64754928e-02 8.51249095e+03]
 [4.16647493e-02 9.95025544e+03]
 [2.37273030e-02 1.73824461e+04]
 [4.26950211e-02 9.61742865e+03]
 [1.93571942e-02 2.25657433e+04]
 [8.95446233e-03 4.58570392e+04]
 [2.04962996e-02 2.08698974e+04]
 [4.07180748e-02 1.02601370e+04]
 [2.53997312e-02 1.68290762e+04]
 [3.55557125e-02 1.15853136e+04]
 [3.13803489e-02 1.32253316e+04]
 [2.52564579e-02 1.68845780e+04]
 [1.69516080e-02 2.55721310e+04]
 [3.98667166e-02 1.04999535e+04]
 [3.38359535e-02 1.26478834e+04]
 [4.72887191e-03 8.93886919e+04]
 [2.55601260e-02 1.67082588e+04]
 [1.09513040e-02 3.82693698e+04]
 [4.65522636e-02 9.01766872e+03]
 [5.40793908e-02 8.74636767e+03]
 [1.23159222e-02 3.60702687e+04]]
