[[0.62822678 4.53414591 9.09509548 1.55636897]
 [0.43379929 4.27441307 8.65190854 0.52291692]
 [1.02679196 8.45817405 9.82763891 4.57948067]
 [1.4989948  1.86709885 9.70171865 3.74195519]
 [3.65008032 0.60599795 9.20844951 4.64335094]
 [1.68005678 1.30700616 9.63388057 2.58191717]
 [0.68705545 2.16016436 7.48043347 2.09160731]
 [0.90872519 7.19075923 9.70912511 4.65655809]
 [0.55867567 3.33434245 9.48881637 0.91937637]
 [1.67840347 2.38951652 9.56459388 2.87747423]
 [1.04256965 1.81511829 9.40087105 1.9611576 ]
 [1.52433924 1.41875043 8.8188381  4.04857475]
 [1.19820376 8.10478509 9.73375619 4.82655876]
 [1.4989948  1.86709885 9.72639834 3.74195519]
 [1.5006402  1.39426315 9.37709581 4.06312724]
 [1.14408099 2.56987231 9.66000607 1.2892189 ]
 [1.67578017 6.10096608 9.77567885 4.79147354]
 [1.71279225 1.07430019 8.83693092 1.73505421]
 [0.30822128 4.65079532 9.23412308 0.34025463]
 [1.0777913  4.94352338 9.91474332 4.20477447]
 [0.62822678 4.53414591 9.96491035 1.55636897]
 [0.63754171 5.95130635 9.83001707 1.16107679]
 [0.42741697 3.97112949 9.33995201 0.52291692]
 [2.1475501  0.93245491 9.43125923 2.30302585]
 [2.35672303 3.81680485 9.75596534 4.91573841]
 [2.64020372 0.95456876 9.32136138 2.95127642]
 [1.97820292 1.66894974 9.20705727 4.54113593]
 [1.02076676 8.36522995 9.82763891 4.50985171]
 [0.86148828 5.27778446 9.93013639 4.34521932]
 [1.17414709 2.68323771 9.25303933 2.9302069 ]
 [2.35530106 0.44714873 8.74337467 2.77521193]
 [0.85111229 1.81511829 9.33793352 2.73883529]
 [3.63570402 0.60599795 9.55668448 4.64335094]]
