[[1.86260211e-03 3.45560727e-03 1.79353495e+00]
 [4.30247271e-03 9.73802078e-03 2.35560178e+00]
 [1.98569888e-03 4.26701009e-03 1.68669248e+00]
 [5.81577407e-03 9.89751708e-03 1.40781245e+00]
 [3.81016124e-03 7.49858311e-03 2.02228296e+00]
 [2.74119775e-03 5.60529991e-03 2.34345957e+00]
 [2.95482286e-03 7.31606471e-03 2.89061688e+00]
 [4.44117107e-03 8.28135361e-03 1.85269631e+00]
 [4.32981507e-03 9.09311989e-03 2.21095800e+00]
 [5.52767597e-03 8.89131089e-03 1.70990570e+00]
 [1.15103041e-03 2.27001165e-03 2.19196477e+00]
 [3.93884008e-03 6.88955048e-03 1.80800322e+00]
 [3.72748802e-03 7.10354578e-03 1.91128685e+00]
 [4.06288428e-03 7.43749196e-03 1.57597376e+00]
 [4.79737567e-03 9.46676679e-03 2.10686741e+00]
 [8.48018217e-04 2.02463036e-03 2.70847595e+00]
 [2.31462936e-03 4.26821349e-03 1.49622293e+00]
 [9.04097157e-04 1.28975984e-03 1.21052505e+00]
 [4.93963846e-04 1.50455028e-03 1.79070095e+00]
 [2.37214058e-03 5.39490891e-03 2.49856157e+00]
 [1.86155670e-03 4.71819063e-03 2.96364884e+00]
 [1.08067485e-03 1.91272052e-03 1.77409247e+00]
 [2.78504172e-03 6.14781891e-03 2.33033671e+00]
 [1.55528584e-03 3.17817550e-03 1.68796635e+00]
 [5.38861435e-03 9.82305668e-03 2.24867340e+00]
 [1.55528584e-03 3.25302005e-03 1.91163967e+00]
 [3.24037035e-03 7.48337305e-03 2.46762176e+00]
 [3.67710184e-03 8.31418582e-03 2.10719269e+00]
 [1.55175122e-03 4.07464529e-03 2.88853624e+00]
 [2.20900216e-03 5.02873051e-03 2.01827881e+00]
 [2.96531330e-03 7.06956245e-03 2.54764226e+00]
 [2.92726562e-03 4.71401438e-03 1.35746110e+00]
 [5.39778818e-03 9.92081090e-03 2.27320880e+00]
 [3.48540987e-03 7.69002099e-03 2.05079937e+00]
 [4.58818796e-03 9.84394604e-03 2.74980510e+00]
 [3.71572379e-03 8.34486514e-03 2.39879944e+00]
 [1.32906238e-03 2.88786960e-03 2.03588287e+00]
 [5.60774740e-03 9.99814771e-03 2.27320880e+00]
 [3.36721090e-03 5.86429421e-03 1.61262872e+00]
 [5.14881762e-03 9.45467497e-03 1.84873983e+00]
 [1.96584019e-03 3.24963918e-03 1.73939739e+00]
 [3.20778859e-03 6.61870875e-03 1.96852020e+00]
 [2.93361086e-03 6.05896361e-03 2.18969427e+00]
 [4.46743572e-03 9.69490159e-03 2.65746570e+00]
 [3.92972998e-03 8.07045641e-03 2.29015680e+00]
 [2.94310826e-03 5.61266317e-03 1.85618238e+00]
 [3.54407439e-03 7.91469033e-03 2.19394052e+00]
 [4.17611923e-03 8.31876835e-03 1.79522065e+00]
 [1.13862198e-03 1.99495546e-03 1.83054786e+00]
 [8.96306989e-04 1.95583397e-03 2.00564877e+00]
 [2.21818049e-03 4.95112363e-03 2.26842820e+00]
 [4.57404916e-03 9.18888271e-03 1.84183059e+00]
 [6.63706494e-04 1.22954772e-03 2.44260669e+00]
 [1.65038470e-03 3.88873403e-03 2.55944578e+00]
 [2.61664864e-03 4.42071225e-03 1.76763357e+00]
 [1.93938154e-03 4.57443919e-03 2.57300153e+00]
 [9.85808942e-04 2.25806922e-03 2.94264094e+00]
 [2.61644671e-03 5.09898378e-03 1.68757621e+00]
 [4.44711223e-03 9.35736267e-03 2.23343392e+00]
 [2.17684844e-03 4.46040763e-03 2.37396436e+00]
 [2.60512710e-03 6.05919110e-03 2.35205666e+00]
 [1.86260211e-03 3.45560727e-03 1.83920701e+00]]
