[[0.94325798 0.44926606]
 [0.78492906 0.54484695]
 [0.13029781 1.01105499]
 [0.24925893 0.95145743]
 [0.64378191 0.8212774 ]
 [0.62276511 0.89760484]
 [0.7756414  0.6733653 ]
 [0.74941133 0.7728462 ]
 [0.66132337 0.78736448]
 [0.67141292 0.77721757]
 [0.89205802 0.50982174]
 [1.00595887 0.12423371]
 [0.99910682 0.2642954 ]
 [0.63289006 0.87213505]
 [0.97035261 0.30508508]
 [0.05955655 1.03124696]
 [0.60502876 0.89968029]
 [0.79665056 0.53005934]
 [1.04115858 0.08672684]
 [0.47462366 0.92970738]]
