[[3.60699608e+01 1.65566552e+01]
 [7.76812641e+00 3.22621992e+01]
 [3.44753316e+01 1.71025222e+01]
 [3.38364045e+00 3.78835185e+01]
 [7.01718697e+00 3.32064912e+01]
 [3.22853364e+01 1.82240390e+01]
 [2.06701379e+01 2.30235463e+01]
 [8.35413583e+01 6.42080819e+00]
 [6.42545421e-02 4.82357273e+01]
 [4.34786818e+00 3.65027909e+01]
 [6.81555654e+01 8.66305532e+00]
 [8.89085385e-01 4.35860832e+01]
 [6.14466549e-01 4.47011988e+01]
 [1.45298019e+01 2.68269711e+01]
 [5.83176055e+01 1.06016468e+01]
 [7.04643053e+01 8.30666886e+00]
 [7.07409588e+00 3.29968040e+01]
 [6.16784942e+01 9.95395502e+00]
 [4.22734344e+01 1.46637253e+01]
 [5.10129214e+01 1.23026655e+01]
 [4.83307391e+01 1.30055861e+01]
 [9.65869014e+01 5.29510110e+00]
 [7.47103428e+00 3.27839613e+01]
 [1.93888691e-01 4.71300901e+01]
 [3.56757064e+01 1.67682477e+01]
 [1.17329489e+02 4.34324222e+00]
 [4.66951383e+00 3.58988353e+01]
 [5.69893656e+01 1.08917859e+01]
 [2.62542348e+00 3.94629533e+01]
 [6.83382844e+01 8.64617576e+00]
 [4.34026601e+01 1.43443386e+01]
 [5.00504672e+01 1.25116603e+01]
 [1.88251444e+01 2.41843976e+01]
 [5.13824242e-01 4.54694508e+01]
 [4.03239394e+00 3.69383522e+01]
 [2.38404433e+01 2.15314788e+01]
 [8.64919865e+01 6.15676129e+00]
 [4.42068296e+01 1.40381506e+01]
 [4.03710891e+01 1.51684598e+01]
 [4.65000670e+01 1.36408393e+01]
 [1.36265106e+01 2.73495553e+01]
 [2.37826853e+00 3.97004940e+01]
 [6.98627093e+01 8.36680612e+00]
 [2.14708132e+01 2.26617704e+01]
 [3.57068821e+00 3.75628440e+01]
 [6.22903613e+01 9.77599194e+00]
 [7.77531765e+00 3.22371876e+01]
 [9.97537218e+01 5.08810714e+00]
 [1.40570364e-02 4.91654527e+01]
 [6.05401934e+01 1.01554029e+01]
 [1.64356903e-01 4.72087560e+01]
 [2.57586318e+01 2.05873139e+01]
 [1.77554431e+01 2.46948776e+01]
 [2.49902138e+01 2.09385829e+01]
 [1.27946447e+01 2.79058045e+01]
 [9.26829028e-02 4.79334769e+01]
 [5.47887772e+01 1.13628921e+01]
 [2.23625720e+01 2.21524516e+01]
 [2.06947964e+00 4.05306520e+01]
 [4.95455068e+01 1.27050744e+01]
 [3.06559693e-01 4.63967612e+01]
 [7.69217157e+00 3.24446210e+01]
 [3.56994490e+00 3.76337852e+01]
 [1.01334654e+02 4.95442457e+00]
 [4.18014951e+01 1.47348113e+01]
 [8.42566037e+00 3.16246462e+01]
 [5.15152934e+01 1.21568412e+01]
 [7.82686606e+01 7.19414684e+00]
 [1.29629323e+02 4.11186081e+00]
 [4.05447179e+01 1.51489345e+01]
 [8.30714096e-01 4.38258348e+01]
 [2.00276331e+01 2.34540063e+01]
 [9.01018207e+00 3.10329104e+01]
 [6.12412679e+01 1.00601512e+01]
 [8.71241242e+01 6.04921462e+00]
 [6.94043026e+00 3.33086646e+01]
 [4.72268031e+01 1.32271039e+01]
 [1.85466403e+01 2.43939971e+01]
 [6.08408630e+01 1.00990950e+01]
 [7.39239451e+01 7.69204346e+00]
 [3.40218971e+01 1.73118173e+01]
 [6.25604016e+00 3.40424314e+01]
 [2.80507321e+00 3.90403278e+01]
 [2.63041769e+01 2.03660721e+01]
 [1.99677426e+00 4.07448939e+01]
 [3.78389253e+01 1.61178022e+01]
 [4.26863872e+01 1.46203077e+01]
 [3.66544148e+01 1.63533229e+01]
 [1.60934382e+01 2.57146117e+01]
 [2.48097170e+01 2.11393699e+01]
 [1.78446486e+01 2.46465292e+01]
 [2.03314807e+01 2.32080558e+01]
 [4.68336327e+01 1.33751238e+01]
 [1.40520888e+01 2.70365318e+01]
 [2.30137504e+01 2.18335142e+01]
 [1.46679679e+01 2.66898248e+01]
 [2.16801569e+01 2.25638089e+01]
 [1.92994896e+01 2.39569558e+01]
 [2.78977807e+01 1.98673518e+01]
 [9.92118073e+00 3.02149466e+01]
 [3.00215370e-02 4.88353515e+01]
 [1.41904056e+00 4.19700099e+01]
 [4.75910812e+01 1.31545969e+01]
 [6.37572395e+01 9.49810520e+00]
 [3.41198695e+01 1.72290097e+01]
 [3.26530117e+01 1.77634800e+01]
 [1.07723878e+01 2.95526053e+01]
 [3.00264975e+01 1.91535483e+01]
 [3.59643706e+01 1.66345201e+01]
 [4.77648857e+01 1.30750082e+01]
 [7.47596468e+01 7.61043512e+00]
 [3.97330493e+01 1.54543883e+01]
 [1.59596119e+01 2.58199020e+01]
 [6.34046377e+01 9.55907780e+00]
 [8.92109157e+01 5.84422417e+00]
 [1.29681690e+02 4.10297719e+00]
 [7.70385042e-02 4.80567937e+01]
 [2.74963500e+00 3.94132870e+01]
 [3.35780715e+01 1.74328598e+01]
 [5.57387629e-01 4.48631957e+01]
 [1.03663883e+01 2.99731321e+01]
 [1.50403175e+01 2.65277723e+01]
 [4.73419063e+01 1.31892660e+01]
 [6.10713016e+00 3.40543474e+01]
 [1.90511074e+01 2.40765784e+01]
 [6.04769761e+01 1.04012368e+01]
 [1.04157897e+01 2.98007793e+01]
 [2.36570754e-01 4.68057016e+01]
 [1.23172862e-02 4.92189399e+01]
 [2.70005439e+01 2.03051775e+01]
 [9.56637904e+00 3.05428957e+01]
 [6.86791515e-01 4.45238217e+01]
 [7.39681001e+01 7.68464059e+00]
 [9.44005793e+01 5.47473915e+00]
 [1.00890354e+02 4.98065664e+00]
 [9.26074316e+00 3.07977102e+01]
 [4.77777447e+00 3.58072627e+01]
 [5.56997385e+01 1.11538564e+01]
 [6.51059026e+00 3.39502673e+01]
 [3.60962172e+00 3.75319874e+01]
 [8.30326557e+01 6.48962662e+00]
 [7.53485957e-01 4.40768984e+01]
 [2.12276925e+01 2.29965006e+01]
 [4.37800995e+01 1.41873390e+01]
 [3.15355552e+01 1.83458947e+01]
 [1.84119419e+00 4.11457356e+01]
 [6.20028180e+01 9.88706232e+00]
 [7.94489825e+01 6.91500449e+00]
 [2.59392347e+01 2.05346094e+01]
 [4.90379918e+00 3.56412026e+01]
 [1.09976847e+02 4.53109615e+00]
 [7.28316426e+01 7.95033446e+00]
 [9.48398609e+01 5.42035833e+00]
 [3.42549115e+01 1.71899387e+01]
 [5.66670590e+01 1.09926110e+01]
 [6.12591934e+01 9.98309530e+00]
 [6.30444980e+01 9.67099151e+00]
 [3.23663758e+00 3.80940043e+01]
 [1.06090612e+00 4.30716375e+01]
 [5.56037022e+01 1.12886359e+01]
 [1.13387119e+01 2.90728908e+01]
 [6.59533802e+00 3.36983946e+01]
 [1.74630058e+01 2.48195503e+01]
 [1.33433283e+00 4.23268047e+01]
 [1.98582316e+01 2.39092122e+01]
 [1.20363108e+01 2.84832601e+01]
 [4.34117126e+01 1.43388358e+01]
 [8.08452978e+01 6.79101592e+00]
 [7.68655713e+01 7.26053732e+00]
 [1.06579434e+02 4.87474615e+00]
 [5.01019005e+01 1.24995917e+01]
 [7.48977871e+01 7.58587572e+00]
 [5.35237528e+01 1.17649256e+01]
 [8.09092442e+00 3.19221434e+01]
 [6.83254503e+01 8.65088788e+00]
 [1.29394531e+01 2.78110205e+01]
 [3.01263004e+01 1.87606732e+01]
 [6.64355861e+01 9.15308876e+00]
 [3.86193997e+00 3.71723545e+01]
 [3.04749547e+00 3.86159886e+01]
 [1.65490394e+01 2.53778608e+01]
 [2.25493660e+00 4.00160594e+01]
 [4.57169809e+01 1.37126855e+01]
 [4.88561273e+01 1.29028198e+01]
 [5.43092513e+01 1.14684433e+01]
 [1.58732555e+01 2.63224623e+01]
 [3.09781791e+01 1.84132956e+01]
 [4.92690833e+00 3.56204482e+01]
 [5.63253769e-01 4.48457998e+01]
 [1.52062516e+01 2.64923705e+01]
 [1.09497076e+01 2.94759668e+01]
 [7.26901563e+00 3.28362036e+01]
 [2.98708446e+00 3.86328862e+01]
 [2.81678200e+01 1.97136685e+01]
 [2.32226936e+00 4.00067943e+01]
 [3.05769684e+01 1.86298812e+01]
 [1.46972989e+01 2.66673907e+01]
 [3.39162790e-01 4.60103611e+01]
 [3.93824482e+01 1.56302943e+01]
 [3.80101597e+01 1.59524727e+01]
 [7.96212477e+01 6.89270526e+00]
 [5.37612378e+01 1.16451851e+01]
 [6.80833824e+01 8.67917081e+00]
 [9.79225120e+00 3.03209162e+01]
 [8.73500455e+01 6.01134891e+00]
 [2.18556869e+01 2.24589221e+01]
 [1.59285454e+00 4.14960742e+01]
 [5.07357126e+01 1.23871543e+01]
 [6.35140395e+01 9.53327412e+00]
 [1.35599241e+02 4.01616706e+00]
 [8.55780252e+01 6.20083383e+00]
 [6.96786832e+00 3.33020976e+01]
 [2.50728441e+01 2.09070156e+01]
 [5.26375242e+01 1.18807158e+01]
 [1.73610078e+01 2.48818489e+01]
 [1.08871197e-01 4.78008296e+01]
 [3.06314736e+00 3.85147623e+01]
 [5.41948009e+01 1.15116823e+01]
 [3.91181436e+01 1.57013916e+01]
 [4.01880084e+01 1.52820606e+01]
 [7.07533418e+01 8.24964372e+00]
 [1.18223569e+02 4.22910623e+00]
 [3.72926152e+00 3.72773669e+01]
 [7.22589968e+00 3.29303705e+01]
 [4.43190449e+01 1.40069336e+01]
 [1.15057864e+02 4.39061372e+00]
 [8.93350650e+01 5.82343865e+00]
 [7.60678441e-01 4.40440544e+01]
 [2.72266327e+01 1.99380083e+01]
 [8.67960213e+01 6.10473937e+00]
 [6.94502999e+01 8.43939075e+00]
 [2.55046417e+01 2.07074373e+01]
 [2.13177804e+01 2.26815850e+01]
 [7.49126032e+01 7.54750943e+00]
 [8.93154498e+00 3.14260385e+01]
 [5.27459405e+00 3.50879792e+01]
 [7.88246582e+01 7.00071896e+00]
 [1.31074677e+01 2.77747241e+01]
 [1.10898473e+02 4.50059802e+00]
 [1.14270261e+01 2.90227702e+01]
 [5.31627232e+01 1.18642019e+01]
 [1.43241790e+01 2.69483114e+01]
 [1.76437672e+01 2.47914351e+01]
 [9.75340312e-01 4.33243583e+01]
 [3.67864050e+01 1.63123029e+01]
 [1.59498421e+01 2.61362346e+01]
 [4.17814691e+01 1.49087423e+01]
 [5.22849384e+01 1.19592116e+01]
 [1.83695459e+00 4.13843423e+01]
 [2.83533588e+01 1.95073651e+01]
 [1.13269683e+02 4.45915557e+00]
 [3.35540157e-01 4.62848882e+01]
 [1.05226672e+01 2.97191347e+01]
 [5.75934762e+00 3.46043301e+01]
 [4.40057383e+00 3.63242766e+01]
 [1.15219530e-01 4.76445683e+01]
 [1.53983376e+01 2.63988058e+01]
 [6.71238278e+01 9.06597421e+00]
 [3.53839718e+01 1.68808984e+01]
 [9.94803895e+01 5.24444948e+00]
 [1.40641765e+01 2.70157289e+01]
 [1.09715863e+01 2.94719081e+01]
 [5.21593625e+01 1.21524358e+01]
 [1.96716091e+00 4.07648239e+01]
 [1.13732371e+01 2.90299908e+01]
 [1.23031093e+02 4.15233342e+00]
 [7.24620699e+01 8.08246518e+00]
 [5.51769754e+00 3.47752358e+01]
 [1.27533407e+01 2.81499453e+01]
 [1.16443564e+00 4.30221970e+01]
 [2.37746999e+01 2.17179103e+01]
 [5.79200695e+01 1.06702099e+01]
 [4.85772909e+01 1.29440494e+01]
 [9.94951089e+01 5.23116886e+00]
 [8.81690977e+01 5.97651250e+00]
 [8.03912187e+01 6.81164091e+00]
 [1.84536818e+00 4.08613017e+01]
 [2.81146195e+00 3.88559256e+01]
 [8.13501379e+01 6.70985011e+00]
 [1.17159454e+01 2.88382004e+01]
 [6.76109777e+00 3.33380388e+01]
 [3.64726884e+01 1.64493991e+01]
 [2.82921493e+01 1.96345910e+01]
 [1.99578767e+01 2.35150548e+01]
 [6.51239476e+01 9.28658987e+00]
 [5.02323032e-02 4.84402941e+01]
 [1.81168592e+01 2.44830062e+01]
 [2.98574408e+00 3.88128177e+01]
 [8.82700030e+01 5.95178998e+00]
 [1.07548544e+02 4.76969695e+00]
 [6.84722454e+01 8.62104509e+00]
 [2.11471232e+01 2.30209429e+01]
 [7.96133772e+00 3.20826582e+01]
 [1.19085685e+00 4.26902989e+01]
 [5.11389699e+01 1.22754891e+01]
 [2.28891187e+01 2.21109867e+01]
 [1.45363927e+01 2.67699911e+01]
 [5.60131064e+01 1.10841437e+01]
 [2.42283882e+00 3.96362161e+01]
 [3.63856506e+01 1.65038400e+01]
 [5.94095048e+00 3.42935483e+01]
 [3.11595661e+01 1.83799175e+01]
 [7.46423456e+01 7.66952140e+00]
 [1.53596330e+01 2.64637408e+01]
 [1.34210255e-02 4.91841858e+01]
 [3.25061627e+01 1.81734581e+01]
 [1.03732693e+02 4.89160202e+00]
 [4.29093095e+01 1.44081611e+01]
 [6.73258649e+01 8.81370051e+00]
 [1.30091651e+02 4.03398806e+00]
 [5.59279419e+01 1.11172400e+01]
 [1.65167054e+01 2.53985034e+01]]
