[[1.52610864e-02 2.65060857e+04]
 [4.48927166e-02 9.16056255e+03]
 [1.69870331e-02 2.59225653e+04]
 [4.91232333e-02 8.96634650e+03]
 [3.39946541e-02 1.19017793e+04]
 [2.69897406e-02 1.55173060e+04]
 [3.69601535e-02 1.15706902e+04]
 [3.70128177e-02 1.09776149e+04]
 [4.18541489e-02 9.65590185e+03]
 [1.31546121e-02 3.47853465e+04]
 [1.07192317e-02 3.87363394e+04]
 [6.65579178e-03 8.01334124e+04]
 [3.18475519e-02 1.27103137e+04]
 [1.20622167e-02 3.74183468e+04]
 [2.89231505e-02 1.45152970e+04]
 [4.37664957e-02 9.35419140e+03]
 [9.94202140e-03 4.21205463e+04]
 [5.80348224e-03 8.04541568e+04]
 [5.25064956e-03 9.90916651e+04]
 [5.30174139e-02 8.90322283e+03]
 [2.57065886e-02 1.59723699e+04]
 [1.42412880e-02 3.02360048e+04]
 [2.11989407e-02 2.09003634e+04]
 [1.96510836e-02 2.36005112e+04]
 [8.62407872e-03 4.80120660e+04]
 [3.08719551e-02 1.33971841e+04]
 [3.54539221e-02 1.16323145e+04]
 [3.13230654e-02 1.31607920e+04]
 [3.91059018e-02 1.04810248e+04]
 [4.36578686e-02 9.38370953e+03]
 [2.54207010e-02 1.68393672e+04]
 [2.98393015e-02 1.37583569e+04]
 [2.33994307e-02 1.74266788e+04]
 [2.76044877e-02 1.46498564e+04]
 [4.07789744e-02 1.00157127e+04]
 [6.49835979e-02 8.46809795e+03]
 [1.07947188e-02 3.87294449e+04]
 [3.37167497e-02 1.25813692e+04]
 [6.90395995e-03 6.62986426e+04]
 [1.91045890e-02 2.40392582e+04]
 [8.07192397e-03 5.39246022e+04]
 [4.49119281e-02 9.06413202e+03]
 [3.89916336e-02 1.07349712e+04]
 [2.15824410e-02 1.94188015e+04]
 [1.28492420e-02 3.63131267e+04]
 [5.56951623e-02 8.55630963e+03]
 [5.31434822e-02 8.68349312e+03]
 [2.07330784e-02 2.11138014e+04]
 [1.70664799e-02 2.43100200e+04]
 [7.56917997e-03 6.12299035e+04]
 [3.59211515e-02 1.15961162e+04]
 [4.96700572e-02 8.92168694e+03]
 [4.04185739e-02 1.02689659e+04]
 [4.28940929e-02 9.54755073e+03]]
