[[2.08511002 2.16097348]
 [0.93130106 1.03668218]
 [1.98383737 1.6164502 ]
 [2.09597257 2.0556585 ]
 [0.70193469 0.59430447]
 [1.05814058 0.79663998]
 [2.24956067 1.73516884]
 [1.63322451 1.58117431]
 [3.45448459 2.99196855]
 [0.09940067 0.07863296]
 [2.76410989 2.52609268]
 [2.92879636 2.90878724]
 [0.29958845 0.36403037]
 [0.97714741 1.74407678]
 [1.1992388  1.48130914]
 [3.09977859 2.4869427 ]
 [2.62335155 2.77442391]
 [3.08389179 2.84704896]
 [0.88098128 0.99619072]
 [2.9100709  2.63649595]
 [0.99284944 1.28010303]
 [2.63857323 2.40648325]
 [2.59505814 2.31265173]
 [2.07924359 1.8500552 ]
 [4.33304137 2.84941797]
 [3.91374707 2.97141535]
 [1.10716367 0.80121606]
 [0.09166321 0.20017499]
 [1.9742524  2.24081549]
 [0.72779116 0.47319021]
 [4.52904748 2.96986554]
 [0.73396187 0.79289245]
 [2.58633799 2.74921756]
 [0.43741105 0.68192921]
 [2.85357926 2.99026028]
 [2.46035901 2.19027363]
 [1.69354013 1.57168841]
 [2.52259585 2.02154702]
 [2.42214223 2.57795342]
 [1.37059888 1.68158997]
 [1.07056068 0.59684377]
 [0.13313942 0.33276111]
 [2.17652979 2.77036865]
 [0.79916825 0.60780638]
 [1.85077089 1.59209232]
 [2.63951989 2.22023263]
 [2.01610236 2.27624079]
 [3.58464501 2.96197852]
 [1.87437972 2.31096758]
 [2.00932962 2.09192406]
 [0.60383592 0.66085196]
 [0.69177345 0.87043339]
 [1.72849411 2.02491481]
 [1.10741028 1.40173747]
 [1.57382844 1.88056681]
 [2.86636136 2.82828773]
 [2.45772575 2.57010749]
 [2.09289013 2.0503947 ]
 [1.47644397 1.63236415]
 [2.43960746 2.56606924]
 [2.92674229 2.69461514]
 [2.57087522 2.62599818]
 [0.91976721 1.38851736]
 [0.80755385 1.02732192]
 [2.8968027  2.77411254]
 [0.26497271 0.59848664]
 [1.14602514 1.30165013]
 [3.154796   2.94277103]
 [2.51754755 2.8977992 ]
 [2.49966186 2.33129469]
 [1.99609303 2.39088676]
 [1.90540746 1.97803481]
 [0.354592   0.45781196]
 [0.08287941 0.34138907]
 [1.60513157 1.67373598]
 [3.49811591 2.75477577]
 [0.19864353 0.21100032]
 [2.69824555 2.6857811 ]
 [2.23317523 2.63110317]
 [1.26790875 0.82142911]
 [1.64180695 1.64269281]
 [1.93002006 1.71462628]
 [1.55851459 2.00638982]
 [0.19929963 0.40437935]
 [0.967082   1.0069914 ]
 [1.24145364 0.88523573]
 [3.01091827 2.89070126]
 [1.72839607 1.78687529]
 [1.5264415  1.11496373]
 [2.24368629 2.1129402 ]
 [0.88339447 1.17329737]
 [0.57517506 1.1202214 ]
 [1.17538818 1.38480624]
 [1.00363744 1.58863983]
 [1.64922281 2.0492231 ]
 [0.98916392 1.28799217]
 [0.61386065 0.56270968]
 [2.35248838 2.48140801]
 [2.29978366 2.29161815]
 [0.63356692 0.73279999]
 [2.73227295 2.44932719]
 [3.02153422 2.87640755]
 [1.96942004 2.06686514]
 [3.50266536 2.79167946]
 [1.95305249 2.08881025]
 [3.06556168 2.8072088 ]
 [2.98444262 2.93877052]
 [2.2050331  2.21883589]
 [1.38600052 1.6044967 ]
 [2.74526722 2.40298367]
 [4.48021746 2.91816106]
 [0.35271022 0.22039996]
 [3.02606448 2.97121859]
 [0.4449911  0.55471677]
 [0.18931294 0.17275052]
 [0.82659245 0.59158904]
 [2.58099231 2.58967945]
 [2.32566972 2.42024043]
 [1.28330495 1.17429109]
 [0.28987907 0.41644955]
 [0.72892716 0.73464192]
 [2.78634115 2.72132717]
 [2.60156818 2.48540444]
 [2.52889693 2.47457569]
 [2.03144214 2.23124759]
 [3.83094183 2.8230398 ]
 [1.55506534 1.64546727]
 [1.64573001 1.58400419]
 [1.15731468 1.28046405]
 [1.95132352 2.27947619]
 [0.45204858 0.38692795]
 [0.52631263 0.51818239]
 [3.02711004 2.92871479]
 [3.09559817 2.95633474]
 [2.66824538 2.21816336]
 [0.9949738  1.03764987]
 [3.83094183 2.9930211 ]
 [1.29907821 1.11498536]
 [2.94089455 2.67305686]
 [1.65138468 1.76344405]
 [2.14064757 2.2311278 ]
 [1.98383737 1.78218348]
 [1.63322451 1.58338806]
 [2.57087522 2.78784255]
 [1.17907319 0.9709723 ]
 [3.42976064 2.92279266]
 [1.90998183 1.68333849]
 [2.45772575 2.55286664]
 [2.68817675 2.70392152]
 [3.44064224 2.94635217]
 [1.68887228 1.67502999]
 [0.98509312 0.95985851]
 [3.76938094 2.98940592]
 [4.9644264  2.99044151]
 [2.98444262 2.91872342]
 [1.73819574 1.19946536]
 [0.37365723 0.48354618]
 [4.25595573 2.97896633]
 [0.86170254 0.96078289]
 [3.18588045 2.95633474]
 [1.25697285 1.0097738 ]
 [2.32566972 2.40357845]
 [4.35530016 2.81138681]
 [1.90953211 1.71462628]
 [2.79040977 2.86280364]
 [3.02153422 2.95843999]
 [2.06959923 1.85374794]
 [1.64755996 1.58117431]
 [0.85470083 0.78464866]
 [1.90319512 2.17528972]
 [1.91071905 2.03171301]
 [0.25516964 0.29269793]
 [2.23529649 2.01741795]
 [0.21140408 0.53265656]
 [1.55506534 1.8931936 ]
 [1.79065636 1.70376859]
 [0.52631263 0.58197648]
 [2.5173426  2.00611953]
 [2.16838174 2.62141976]
 [1.54320974 1.76917886]
 [2.92879636 2.86900794]
 [2.27403866 2.4266946 ]
 [1.65888251 2.0556585 ]
 [0.88458048 0.92521214]
 [4.46507193 2.94747283]
 [1.34032395 1.53160929]
 [0.58857674 1.12163756]
 [0.54819323 0.63219718]
 [3.04676104 2.89964003]
 [2.50723177 2.73843572]
 [3.53478123 2.78324297]
 [2.51754755 2.93484168]
 [2.69173502 2.69881165]
 [1.95305249 1.88459741]
 [2.65838983 2.14612484]
 [0.07766638 0.05152772]
 [1.0231273  1.3187602 ]
 [2.85357926 2.65946097]
 [1.37786269 1.75021894]
 [1.03536361 1.16529796]
 [4.52904748 2.99826926]
 [0.88296093 0.99619072]
 [0.35025444 0.59487858]
 [1.2474141  0.8346597 ]
 [2.87833208 2.90878724]
 [1.48789281 1.60974843]
 [0.36112228 0.10629297]
 [1.28100566 1.10311433]
 [0.48355542 0.60054635]
 [1.29609063 1.05454219]
 [2.08652401 1.76420154]
 [2.65085504 2.32067209]
 [1.29895847 1.84595965]
 [1.96063448 2.24810052]
 [1.90540746 1.90293301]
 [2.76410989 2.51608103]
 [1.10901964 1.69056588]
 [2.86636136 2.62180509]
 [2.24091631 2.48140801]
 [2.1383255  2.02119355]
 [1.42788141 1.75415455]]
