[[3.60699608e+01 1.65566552e+01]
 [7.76812641e+00 3.22621992e+01]
 [2.61940879e+01 2.05456462e+01]
 [3.44753316e+01 1.71025222e+01]
 [2.86511655e+01 1.95368564e+01]
 [3.38364045e+00 3.78835185e+01]
 [7.01718697e+00 3.32064912e+01]
 [2.06701379e+01 2.30235463e+01]
 [8.35413583e+01 6.42080819e+00]
 [6.42545421e-02 4.82357273e+01]
 [6.81555654e+01 8.66305532e+00]
 [8.89085385e-01 4.35860832e+01]
 [6.14466549e-01 4.47011988e+01]
 [1.45298019e+01 2.68269711e+01]
 [5.83176055e+01 1.06016468e+01]
 [7.04643053e+01 8.30666886e+00]
 [2.37133311e+01 2.18482271e+01]
 [7.07409588e+00 3.29968040e+01]
 [6.16784942e+01 9.95395502e+00]
 [1.04976551e+01 2.98948891e+01]
 [5.10129214e+01 1.23026655e+01]
 [3.09838326e+01 1.84529702e+01]
 [9.65869014e+01 5.29510110e+00]
 [3.17043014e+01 1.83835391e+01]
 [8.61160919e+00 3.19010647e+01]
 [7.47103428e+00 3.27839613e+01]
 [1.93888691e-01 4.71300901e+01]
 [1.17329489e+02 4.34324222e+00]
 [4.66951383e+00 3.58988353e+01]
 [5.69893656e+01 1.08917859e+01]
 [2.62542348e+00 3.94629533e+01]
 [6.83382844e+01 8.64617576e+00]
 [4.34026601e+01 1.43443386e+01]
 [2.13531304e+01 2.26859973e+01]
 [5.00504672e+01 1.25116603e+01]
 [1.88251444e+01 2.41843976e+01]
 [5.13824242e-01 4.54694508e+01]
 [4.03239394e+00 3.69383522e+01]
 [2.38404433e+01 2.15314788e+01]
 [8.64919865e+01 6.15676129e+00]
 [3.36542071e+01 1.74010150e+01]
 [3.20537255e+00 3.81544643e+01]
 [4.94481916e+00 3.56141364e+01]
 [2.83518875e+01 1.95538827e+01]
 [2.40538698e+01 2.14695150e+01]
 [6.48609556e+01 9.26874806e+00]
 [5.05834735e+01 1.23675360e+01]
 [3.43372301e+01 1.71514592e+01]
 [1.93779981e+01 2.37564183e+01]
 [5.01455835e+01 1.24796289e+01]
 [6.33070848e+01 9.61319687e+00]
 [5.40210633e+01 1.15365319e+01]
 [1.10958087e+01 2.96911065e+01]
 [6.83013424e+00 3.33587758e+01]
 [6.43486652e+01 9.37801384e+00]
 [1.20306667e+01 2.85309140e+01]
 [7.44505565e+01 7.63696884e+00]
 [4.67329773e+01 1.33736789e+01]
 [3.88029074e+01 1.58309290e+01]
 [3.01727971e+01 1.87087766e+01]
 [1.34130912e+00 4.22112876e+01]
 [4.93661976e-01 4.58807307e+01]
 [2.15113580e+01 2.25891640e+01]
 [3.35921562e-01 4.59875418e+01]
 [5.79757966e+01 1.06536827e+01]
 [9.12935351e+00 3.13889598e+01]
 [2.15758789e+01 2.25489721e+01]
 [2.66596827e+01 2.02184574e+01]
 [8.12972023e-01 4.41664531e+01]
 [7.79711709e+00 3.22085453e+01]
 [4.45625951e+01 1.40918550e+01]
 [9.29939777e+00 3.10579557e+01]
 [1.79399730e+01 2.52554634e+01]
 [6.96871304e+01 8.40558730e+00]
 [2.47211051e+01 2.10275627e+01]
 [3.79945778e+01 1.59323796e+01]
 [8.62804999e+00 3.15900942e+01]
 [1.31969028e+01 2.76972815e+01]
 [1.05494764e+01 2.98658082e+01]
 [2.77386830e+00 3.89277638e+01]
 [4.67663491e+01 1.33526234e+01]
 [2.37216027e+01 2.17945128e+01]
 [4.21620745e+01 1.46265005e+01]
 [3.75361146e+00 3.72747338e+01]
 [5.38580768e+01 1.16485177e+01]
 [6.96135576e+01 8.42397176e+00]
 [3.26021873e+01 1.77876950e+01]
 [8.02485554e+01 7.11869063e+00]
 [3.27101692e+01 1.77589149e+01]
 [6.91123586e+01 8.55038487e+00]
 [7.01730799e+01 8.31113849e+00]
 [3.91416147e+01 1.55467138e+01]
 [1.79816284e+01 2.45904349e+01]
 [6.91922583e-01 4.44418788e+01]
 [7.19408245e+01 8.01237546e+00]
 [2.02291111e+00 4.05086490e+01]
 [2.62728519e-01 4.64450476e+01]
 [4.13293070e+00 3.68514178e+01]
 [5.34718436e+01 1.16612434e+01]
 [2.24910830e+01 2.25071271e+01]
 [4.50652135e+01 1.38072019e+01]
 [1.21033246e+01 2.84498708e+01]
 [1.02984042e+00 4.31941739e+01]
 [4.28413418e+00 3.64353428e+01]
 [6.06772742e+01 1.00926354e+01]
 [5.17815690e+01 1.20756660e+01]
 [5.00753781e+01 1.24841183e+01]
 [3.64208919e+01 1.64783257e+01]
 [2.05031630e+01 2.31204647e+01]
 [5.52778958e+01 1.14322952e+01]
 [2.08699861e+01 2.29201545e+01]
 [1.19158618e+01 2.86011782e+01]
 [3.60147008e+01 1.66956781e+01]
 [1.41624463e+00 4.19642958e+01]
 [2.18207191e+00 4.01005677e+01]
 [7.09630621e+01 8.18251721e+00]
 [7.32905725e+01 7.80331402e+00]
 [6.39186693e+01 9.46243930e+00]
 [2.99171409e+01 1.88154538e+01]
 [5.50142592e-01 4.53919096e+01]
 [5.68011641e+00 3.48922452e+01]
 [5.79406439e+01 1.06615388e+01]
 [8.69985118e+00 3.15208134e+01]
 [6.17388396e+01 9.88386160e+00]
 [2.76710956e+01 1.97216465e+01]
 [3.78735500e+01 1.60826086e+01]
 [3.39703682e+01 1.72797952e+01]
 [4.17584919e+01 1.48478127e+01]
 [1.14221603e+01 2.90338290e+01]
 [7.29884071e+01 7.85652240e+00]
 [6.65957702e+00 3.35761655e+01]
 [6.60622646e+01 9.04404406e+00]
 [7.26387335e+00 3.28149341e+01]
 [1.89935255e+01 2.39542084e+01]
 [2.03279564e+01 2.34982790e+01]
 [8.98290597e+01 5.87262957e+00]
 [2.74869006e+01 2.01191825e+01]
 [1.59957415e+00 4.15930845e+01]
 [4.90219390e+01 1.27469474e+01]
 [4.65904102e+00 3.60155754e+01]
 [3.07163213e+01 1.85980647e+01]
 [4.64265309e+01 1.34264990e+01]
 [1.51849824e+01 2.62457580e+01]
 [1.42757879e+01 2.68825864e+01]
 [4.04805953e+01 1.54207605e+01]
 [3.72009529e+01 1.61897965e+01]
 [3.17354115e+01 1.81485282e+01]
 [2.43779936e+00 3.95935045e+01]
 [2.53824609e+01 2.07533950e+01]
 [6.46546376e+00 3.36832386e+01]
 [4.11061862e+01 1.50448109e+01]
 [3.33779996e+01 1.75078112e+01]
 [4.19709967e+01 1.47450310e+01]
 [1.09534960e+02 4.59473211e+00]
 [2.37849922e+01 2.16292328e+01]
 [2.59678748e+00 3.95813772e+01]
 [1.32630958e+01 2.76823726e+01]
 [4.35658888e+01 1.42760913e+01]
 [5.60486433e+01 1.10899317e+01]
 [1.13328036e+01 2.94368589e+01]
 [9.53029743e+00 3.07860384e+01]
 [3.78786223e+00 3.72149522e+01]
 [1.12264537e+02 4.59323129e+00]
 [7.55959481e+01 7.44074580e+00]
 [5.83785048e-02 4.83111236e+01]
 [6.25216958e+01 9.72176598e+00]
 [1.49765248e+01 2.65567589e+01]
 [5.22449049e+01 1.19843212e+01]
 [1.53118490e+01 2.61758521e+01]
 [6.65933206e+00 3.35764947e+01]
 [5.75596113e+01 1.07557861e+01]
 [6.05975815e+01 1.02173717e+01]
 [1.29264449e+01 2.78087427e+01]
 [1.13365366e+02 4.42353598e+00]
 [3.63184761e+01 1.64842742e+01]
 [1.54714379e+01 2.61115339e+01]
 [4.80383546e+01 1.30034621e+01]
 [3.70140729e+01 1.62574635e+01]
 [1.59441827e+01 2.58061100e+01]
 [2.15195508e+01 2.25779379e+01]
 [5.44244144e-02 4.83657104e+01]
 [2.98844725e+00 3.85241427e+01]
 [4.91985649e+00 3.57279820e+01]
 [2.79956128e+01 1.96107145e+01]
 [2.46529507e+01 2.10598848e+01]
 [6.22533469e+01 9.85650434e+00]
 [2.48337212e-01 4.66058186e+01]
 [1.51801423e+01 2.62488671e+01]
 [4.68382971e+01 1.33354577e+01]
 [6.42098836e+01 9.40256207e+00]
 [3.50946476e+01 1.69242531e+01]
 [5.08874794e+01 1.23307991e+01]
 [6.70465965e+00 3.33670898e+01]
 [1.87202488e+01 2.44755637e+01]
 [1.06362739e+02 4.73885259e+00]
 [5.04606633e+01 1.24096621e+01]
 [3.69607866e+01 1.63038347e+01]
 [1.67680992e+01 2.53373228e+01]
 [2.12634036e+01 2.28648265e+01]
 [4.38227175e+01 1.41941372e+01]
 [8.96995623e+01 5.90160705e+00]
 [7.04403508e+00 3.30247838e+01]
 [4.36306712e+00 3.63304672e+01]
 [6.05753391e+00 3.45903141e+01]
 [1.10179379e+00 4.29169239e+01]
 [3.36099545e+01 1.74537009e+01]
 [3.09879354e+01 1.83923594e+01]
 [8.26681912e+01 6.56956408e+00]
 [2.94661606e+01 1.91545442e+01]
 [4.06039371e+01 1.52012295e+01]
 [7.74816332e+01 7.23466969e+00]
 [7.55365396e+00 3.24689930e+01]
 [5.72515699e+00 3.47201167e+01]
 [1.65055612e-01 4.79213920e+01]
 [7.53042255e+00 3.27701334e+01]
 [4.73901952e+01 1.32211041e+01]
 [5.45990499e+01 1.14772234e+01]
 [2.91195579e+01 1.91891274e+01]
 [6.06267378e+00 3.44869045e+01]
 [6.51330309e+01 9.22151501e+00]
 [3.71208335e+00 3.76061758e+01]
 [5.04370009e+00 3.54257594e+01]
 [5.11989915e+01 1.22051693e+01]
 [5.59603472e-01 4.53034272e+01]
 [2.83127981e+01 1.96051773e+01]
 [4.86035033e+01 1.29677901e+01]
 [1.87900590e-01 4.72142547e+01]
 [8.99058788e+01 5.82947594e+00]
 [2.96252307e+01 1.89320131e+01]
 [1.84767254e+00 4.09310801e+01]
 [2.25390127e+01 2.20662452e+01]
 [1.00584182e+01 3.03332122e+01]
 [1.06448229e+02 4.68536291e+00]
 [1.39964491e+01 2.70715006e+01]
 [9.01822753e+01 5.76371555e+00]
 [6.77076976e+01 8.80476697e+00]
 [2.26572329e+01 2.20345704e+01]
 [2.85329848e+00 3.87700332e+01]
 [4.29633437e+01 1.44445466e+01]
 [1.00337364e+02 5.15460783e+00]
 [9.25829051e-01 4.35312484e+01]
 [9.58969331e+00 3.05804311e+01]
 [6.61294362e-01 4.46282724e+01]
 [5.72758824e+01 1.08347544e+01]
 [1.91494494e+01 2.38915606e+01]
 [5.89074635e+01 1.04715252e+01]
 [2.69047835e+00 3.93021816e+01]
 [1.96747967e+01 2.35958833e+01]
 [1.26494745e+01 2.80760577e+01]
 [1.29167782e+01 2.78224012e+01]
 [5.64059328e+01 1.09984515e+01]
 [2.43845305e-01 4.70158186e+01]
 [7.20112814e+01 8.00089949e+00]
 [1.80640277e+00 4.10448309e+01]
 [1.00796480e+02 5.15114538e+00]
 [2.76808332e+01 1.97190170e+01]
 [3.94422964e+01 1.54532216e+01]
 [8.22886298e+01 6.81274056e+00]
 [3.65542368e+01 1.64696161e+01]
 [6.00347703e+01 1.02216442e+01]
 [4.54477528e+01 1.36939804e+01]
 [5.28341651e+01 1.18134232e+01]
 [2.36287208e+00 3.97228299e+01]
 [4.92529507e+01 1.26884172e+01]
 [3.55506832e+01 1.67329709e+01]
 [1.30036934e+02 4.04147695e+00]
 [5.09554772e+01 1.23027635e+01]
 [3.31176609e+01 1.76034822e+01]
 [2.90017314e+01 1.93581104e+01]
 [3.05171261e+01 1.86468988e+01]]
