[[4.86621314e+00 6.48194950e-03]
 [5.84779630e+01 5.05021991e-04]
 [3.18032647e+01 6.57607673e-04]
 [3.23474214e+01 6.42435431e-04]
 [5.26519165e+01 5.15072990e-04]
 [1.38583616e+01 1.92456864e-03]
 [1.62072948e+01 1.34727829e-03]
 [1.26053579e+01 1.94096797e-03]
 [2.05235936e+01 1.11743859e-03]
 [2.23467706e+01 1.09980380e-03]
 [2.23660555e+01 9.50885037e-04]
 [3.29621614e+01 5.19860257e-04]
 [2.62642283e+01 7.59154883e-04]
 [1.87137080e+01 1.29984197e-03]
 [2.44217938e+01 8.31072735e-04]
 [8.36616397e+00 2.47946673e-03]
 [1.26831783e+01 1.93259736e-03]
 [5.22710239e+00 6.12305497e-03]
 [1.28491937e+01 1.93019883e-03]
 [3.06473912e+01 7.26438720e-04]
 [4.38924453e+00 2.56501018e-02]
 [1.04926653e+01 2.05630362e-03]
 [2.42182014e+01 8.66329705e-04]
 [8.49653692e+01 4.83553038e-04]
 [5.88897211e+01 4.92407062e-04]
 [2.94672390e+01 7.26782309e-04]
 [5.53983367e+00 5.54319493e-03]
 [1.45063978e+01 1.66419912e-03]]
