[[0.43379929 4.27441307 8.65190854 0.52291692]
 [1.02679196 8.45817405 9.82763891 4.57948067]
 [1.52433924 1.41875043 9.37709581 4.04857475]
 [1.4989948  1.86709885 9.70171865 3.74195519]
 [1.68005678 1.30700616 9.63388057 2.58191717]
 [0.55867567 3.33434245 9.48881637 0.91937637]
 [1.4942142  1.80098371 9.70171865 2.41113201]
 [1.52433924 1.41875043 9.37709581 3.94688313]
 [1.02679196 6.22483979 9.93928989 4.36816241]
 [1.25473071 1.03419476 9.66609041 1.34837359]
 [1.6207092  1.41875043 9.37709581 4.05404993]
 [0.39512402 4.16480386 9.09509548 0.78441206]
 [2.82538794 0.4849146  9.47239608 3.31917812]
 [4.13386696 7.20381631 9.9626736  4.97760811]
 [0.29738936 8.19178212 5.08273716 0.71062128]
 [1.49043586 0.90016649 9.82470476 1.57671752]
 [1.72870766 1.41875043 9.37709581 4.829197  ]
 [4.05790917 5.08689888 9.94591029 4.99923308]
 [2.65657573 3.2574651  9.9075724  4.73212113]
 [0.90872519 3.42523855 9.5800769  4.66283311]
 [0.44271731 5.74743657 9.98524712 1.02247114]
 [0.55867567 3.33434245 9.3435753  4.89621876]
 [0.61543597 2.00548772 9.09353812 2.91953861]
 [2.51499226 3.27079462 9.8849406  4.63311147]
 [0.40912416 4.16480386 9.73006089 0.81225556]
 [0.56249765 2.97789312 9.57135549 0.9591816 ]
 [0.47506415 3.75627308 9.31679967 0.59439629]
 [1.16591215 1.68088515 9.75232283 4.19946257]
 [1.4942142  1.80812746 9.70171865 2.42989949]
 [1.51675876 0.90016649 9.82470476 1.69564938]
 [0.55081542 5.86928608 9.70641979 4.60078906]
 [0.37388064 4.16480386 9.26539737 0.78441206]
 [0.29738936 8.28658027 5.13573774 0.71062128]
 [1.59927595 1.34327255 9.83675571 3.11292734]
 [1.52433924 1.41875043 9.37709581 3.95756669]
 [0.57841368 3.76028389 9.47131766 2.0842112 ]]
