[[4.48927166e-02 9.16056255e+03]
 [3.39946541e-02 1.19017793e+04]
 [2.69897406e-02 1.55173060e+04]
 [3.70128177e-02 1.09776149e+04]
 [4.18541489e-02 9.65590185e+03]
 [2.60861819e-02 1.75681418e+04]
 [4.10182472e-02 9.86132605e+03]
 [2.59379989e-02 1.76381869e+04]
 [2.81932960e-02 1.49554552e+04]
 [2.74671153e-02 1.54463320e+04]
 [2.64668798e-02 1.58964577e+04]
 [2.96336847e-02 1.36498341e+04]
 [3.28667218e-02 1.25784717e+04]
 [2.82486265e-02 1.44831452e+04]
 [1.87264846e-02 2.17958953e+04]
 [2.11765673e-02 2.01257042e+04]
 [3.76844649e-02 1.06965485e+04]
 [3.66218021e-02 1.13350880e+04]
 [1.97650652e-02 2.06093840e+04]
 [2.44666717e-02 1.77652185e+04]
 [1.68276615e-02 2.56804895e+04]
 [1.42847805e-02 2.93559453e+04]
 [2.77340048e-02 1.51164763e+04]
 [4.88505981e-02 8.93294359e+03]
 [1.62904488e-02 2.57819767e+04]
 [1.77639515e-02 2.38342254e+04]
 [1.28938403e-02 3.28500060e+04]
 [5.33274457e-02 8.66455763e+03]
 [2.66433092e-02 1.58898592e+04]
 [6.63210795e-03 6.68557563e+04]
 [9.32273839e-03 4.50788312e+04]
 [4.95004524e-02 8.75218707e+03]
 [1.44532168e-02 2.87429072e+04]
 [1.02735883e-02 3.97742390e+04]
 [3.95221383e-02 1.05128395e+04]
 [1.42087121e-02 3.05362411e+04]
 [5.43670670e-02 8.56234413e+03]
 [4.91824829e-02 8.83389875e+03]
 [8.83454260e-03 4.86221220e+04]
 [1.52334870e-02 2.65060857e+04]
 [4.05294644e-02 1.01771337e+04]
 [4.89564343e-02 8.90294303e+03]
 [5.92693665e-03 7.12664609e+04]
 [7.57137185e-03 5.35078128e+04]
 [3.16492407e-02 1.28301386e+04]
 [2.43644254e-02 1.78032812e+04]
 [1.74867698e-02 2.49589104e+04]
 [4.91207765e-03 9.76532463e+04]
 [1.75493945e-02 2.47715287e+04]
 [8.93739881e-03 4.57048387e+04]
 [1.06291931e-02 3.96983094e+04]
 [1.20931573e-02 3.41847331e+04]
 [5.13177403e-02 8.66903464e+03]
 [3.33127465e-02 1.21484946e+04]
 [7.09021717e-03 6.02336218e+04]
 [1.46459864e-02 2.84693532e+04]
 [1.23088617e-02 3.33610082e+04]
 [3.28596283e-02 1.25799365e+04]
 [2.12150335e-02 1.95928818e+04]
 [1.87564966e-02 2.17637280e+04]
 [2.17806567e-02 1.85950565e+04]
 [1.57365431e-02 2.59601849e+04]
 [4.74955719e-02 8.96698183e+03]
 [2.90394045e-02 1.39711884e+04]
 [1.13408912e-02 3.80770031e+04]
 [3.69069796e-02 1.09932224e+04]
 [1.86178253e-02 2.21251032e+04]
 [1.32079647e-02 3.15642079e+04]
 [4.81985924e-02 8.95268908e+03]
 [3.79289451e-02 1.05753640e+04]
 [3.24345439e-02 1.28230989e+04]
 [1.42998588e-02 2.88267064e+04]
 [1.27670705e-02 3.28859710e+04]
 [5.91297147e-03 7.12967463e+04]
 [1.97387654e-02 2.15699458e+04]
 [1.08368431e-02 3.87626492e+04]
 [1.76027284e-02 2.42811808e+04]
 [4.42147922e-02 9.18618763e+03]
 [3.16560725e-02 1.28249416e+04]
 [2.41042205e-02 1.84600804e+04]
 [1.20675850e-02 3.60155564e+04]
 [4.32219337e-02 9.40824474e+03]
 [3.46642782e-02 1.16307953e+04]
 [5.84323929e-03 9.36033009e+04]]
