[[4.60433993 1.27821662 2.45229329 1.36884981 4.39001041 3.4147408 ]
 [4.6074951  1.27821662 2.45229329 1.37082952 4.39001041 3.4147408 ]
 [2.14976481 0.32865256 2.09954732 1.08345632 1.01001448 2.7291755 ]
 [1.27573264 1.88636801 2.75864844 1.29905805 1.4355241  1.86887236]
 [2.14976481 1.00734226 2.1026057  1.09484763 1.26996813 1.57096507]
 [4.5317966  1.37740061 2.38838662 1.37082952 1.25700265 3.49667756]
 [4.6074951  1.27821662 2.45229329 1.37082952 4.97652193 3.4147408 ]
 [3.41431413 0.68209348 2.39493455 0.15129297 1.10357906 1.81612851]
 [4.88216296 1.09112393 1.43178917 1.05511661 1.48569509 9.22737436]
 [3.62987561 0.66380618 2.68634683 1.65626278 1.54824943 2.16544737]]
