[[1.33955335e+01 1.37394682e-03]
 [1.27593985e+01 1.49565819e-03]
 [1.03916808e+01 1.80595687e-03]
 [1.25835213e+01 1.49704323e-03]
 [5.99924892e+00 3.09583586e-03]
 [2.08896130e+01 8.37077179e-04]
 [2.57727428e+01 7.27037112e-04]
 [5.53953633e+00 4.92594907e-03]
 [8.30642030e+00 2.53689853e-03]
 [1.25788710e+01 1.49737404e-03]
 [3.66103942e+01 4.47817215e-04]
 [1.97798832e+01 8.97809101e-04]
 [1.03906148e+01 1.80655759e-03]
 [1.57597107e+01 1.19388927e-03]
 [2.17198695e+01 8.09342610e-04]
 [3.38259929e+01 5.31012662e-04]
 [5.69086784e+00 3.58442277e-03]
 [1.99801539e+01 8.71874991e-04]
 [2.90187954e+01 6.02776693e-04]
 [2.10651452e+01 8.11917284e-04]
 [2.64762056e+01 6.66413020e-04]
 [1.12993083e+01 1.72249121e-03]
 [1.50619096e+01 1.21510079e-03]
 [1.75352427e+01 1.04758689e-03]
 [7.54377467e+00 2.71891102e-03]
 [1.76069317e+01 1.01331513e-03]
 [6.11235539e+00 3.04761865e-03]
 [7.09023801e+00 2.82642656e-03]
 [1.58326583e+01 1.18922899e-03]
 [2.92769788e+01 5.97158298e-04]
 [1.14737360e+01 1.67433400e-03]
 [1.85990841e+01 9.65378552e-04]
 [2.16611788e+01 8.11622636e-04]
 [4.34385471e+00 4.98309348e-03]
 [3.20754252e+01 5.35917725e-04]
 [2.97458069e+01 5.57650275e-04]
 [8.36302412e+00 2.40167426e-03]
 [3.52992322e+01 4.79388915e-04]
 [3.42681547e+01 5.10363058e-04]
 [2.04716065e+01 8.49007270e-04]
 [1.33912810e+01 1.37745879e-03]
 [8.76630493e+00 2.18534146e-03]
 [2.25894926e+01 7.88381217e-04]
 [1.14599378e+01 1.68899404e-03]
 [3.38312163e+01 5.30759957e-04]
 [1.04079333e+01 1.79137118e-03]
 [9.70099666e+00 1.90346159e-03]
 [3.72273470e+01 4.39859565e-04]
 [9.28358934e+00 1.98330275e-03]
 [3.79901567e+01 4.39598310e-04]
 [1.05224711e+01 1.72380783e-03]
 [8.88337264e+00 2.15340324e-03]
 [1.27732968e+01 1.39541831e-03]
 [1.60412762e+01 1.09335919e-03]
 [2.35665870e+01 7.55268263e-04]
 [3.40623003e+01 5.20726965e-04]
 [2.30310337e+01 7.70868081e-04]
 [1.36453606e+01 1.32486796e-03]
 [5.99985103e+00 3.09372270e-03]
 [1.58718709e+01 1.17754401e-03]
 [2.66408569e+01 6.41540960e-04]
 [9.49688124e+00 1.91750664e-03]
 [2.67761255e+01 6.36268841e-04]
 [1.96128315e+01 9.13505322e-04]
 [7.62018126e+00 2.64460780e-03]
 [8.60234273e+00 2.27498492e-03]
 [2.98360324e+01 5.52367800e-04]
 [5.94578135e+00 3.48352838e-03]
 [6.31559758e+00 3.00300466e-03]
 [3.61659108e+01 4.73076629e-04]
 [1.42833609e+01 1.31375013e-03]
 [1.17041134e+01 1.50800039e-03]]
