[[3.59176234e+01 5.17460784e-04]
 [3.87809846e+00 8.90992205e-03]
 [3.84503515e+01 5.13393195e-04]
 [1.54938722e+01 1.63236161e-03]
 [2.46272195e+01 8.54835320e-04]
 [1.26409220e+01 1.84122368e-03]
 [8.29582224e+00 5.34354544e-03]
 [4.82386057e+00 6.48194950e-03]
 [2.86372622e+01 6.42435431e-04]
 [6.88519132e+00 6.19989482e-03]
 [2.82422809e+01 7.99039585e-04]
 [4.90089351e+00 6.31531773e-03]
 [1.66118717e+01 1.46993477e-03]
 [1.69772211e+01 1.16682943e-03]
 [3.97744116e+01 4.90781461e-04]
 [3.12457782e+01 6.26355588e-04]
 [2.77622837e+02 4.83793946e-04]
 [9.64074206e+00 3.00358974e-03]
 [2.10037273e+01 8.85148254e-04]
 [1.49795869e+01 1.82393445e-03]
 [2.60822194e+01 8.20681191e-04]
 [1.65709514e+01 1.57550233e-03]
 [3.55539840e+01 5.80314052e-04]]
