[[0.16575883 1.93208756 1.64919798 1.86682093 1.25518411 2.08381696]
 [1.93481678 0.68209348 2.48136955 0.3459772  1.1049858  0.68523917]
 [0.06696116 1.94126037 1.81588492 0.7740969  1.72468275 2.9782073 ]
 [4.30091736 1.63353382 1.78335749 0.83538983 1.31857259 1.97357376]
 [4.41337686 1.41629406 1.80290435 1.56070949 1.15613286 3.08625675]
 [1.93481678 0.70018729 1.78993662 1.74108809 1.10463133 0.68523917]
 [0.99869836 1.70633604 1.60191425 0.41191324 1.12241378 2.09243426]
 [4.24437491 1.04868334 4.03148069 0.07782448 4.7163879  9.34213638]
 [3.89281491 1.87496647 2.36252962 0.22414747 1.02502719 1.47604522]
 [0.44636866 1.97863265 1.55691712 0.06446084 1.1969991  2.65935201]
 [4.22527086 1.69897148 1.60191425 0.41790166 1.09680094 2.09243426]
 [0.11770817 1.91047394 1.5212449  1.56070949 1.04192674 2.76422827]
 [0.32276071 1.7503155  1.55691712 1.67244947 1.07754526 2.24764478]
 [4.25563005 1.04868334 4.03148069 0.15892711 4.72032143 9.51908174]
 [4.33059588 1.08055747 1.248129   0.47681342 4.9954476  8.92231557]]
