[[1.52610864e-02 2.65060857e+04]
 [4.48927166e-02 9.16056255e+03]
 [1.69870331e-02 2.59225653e+04]
 [4.91232333e-02 8.96634650e+03]
 [3.39946541e-02 1.19017793e+04]
 [2.69897406e-02 1.55173060e+04]
 [3.70128177e-02 1.09776149e+04]
 [4.18541489e-02 9.65590185e+03]
 [1.07192317e-02 3.87363394e+04]
 [3.15247391e-02 1.32695640e+04]
 [3.18475519e-02 1.27103137e+04]
 [4.37664957e-02 9.35419140e+03]
 [9.94202140e-03 4.21205463e+04]
 [1.75662574e-02 2.46631743e+04]
 [5.80348224e-03 8.04541568e+04]
 [2.57065886e-02 1.59723699e+04]
 [1.42412880e-02 3.02360048e+04]
 [8.62407872e-03 4.80120660e+04]
 [2.84826754e-02 1.42657777e+04]
 [7.73724338e-03 5.94455362e+04]
 [1.01205108e-02 4.19861493e+04]
 [2.30548166e-02 1.92492969e+04]
 [3.11135776e-02 1.39332483e+04]
 [2.35201449e-02 1.84067872e+04]
 [4.29596788e-02 9.59323240e+03]
 [1.76712157e-02 2.41189875e+04]
 [9.83269771e-03 4.61912424e+04]
 [4.49068597e-03 9.68996348e+04]
 [1.27145184e-02 3.22562525e+04]
 [3.40324466e-02 1.18937032e+04]
 [4.41307602e-02 9.34482072e+03]
 [3.73426434e-02 1.08497665e+04]
 [2.35915688e-02 1.77288465e+04]
 [3.94015653e-02 1.04344623e+04]
 [3.55861746e-02 1.12912951e+04]
 [2.05500231e-02 1.98478559e+04]
 [1.32606342e-02 3.05164436e+04]
 [2.53821871e-02 1.59772159e+04]
 [3.13147106e-02 1.33971841e+04]
 [1.80886673e-02 2.31569224e+04]
 [1.48988247e-02 2.87555376e+04]
 [2.52713168e-02 1.72159281e+04]
 [3.33252387e-02 1.23185276e+04]
 [4.48212206e-02 9.27984098e+03]
 [3.68399090e-02 1.10032727e+04]
 [2.34273202e-02 1.87026776e+04]
 [1.96696512e-02 2.08265310e+04]
 [3.73630298e-02 1.08490717e+04]
 [3.90235704e-02 1.05797907e+04]
 [8.66273864e-03 4.69963322e+04]
 [5.84614786e-03 7.87941044e+04]
 [4.09322982e-02 1.00648170e+04]
 [3.03130597e-02 1.42185288e+04]
 [3.16897771e-02 1.28563680e+04]
 [1.21325624e-02 3.41708120e+04]
 [1.87657159e-02 2.23385530e+04]
 [1.18930207e-02 3.50684464e+04]
 [6.33917295e-03 6.61406466e+04]
 [8.56311188e-03 4.81883353e+04]
 [5.49833456e-03 9.35426021e+04]
 [4.92116501e-02 8.96149652e+03]
 [5.08327342e-02 8.46854263e+03]
 [1.74981205e-02 2.58873955e+04]
 [8.29765700e-03 4.90516901e+04]
 [1.97681449e-02 2.07188351e+04]
 [4.73755376e-02 8.98393000e+03]
 [2.80991031e-02 1.51876630e+04]]
