[[2.08511002 2.16097348]
 [0.93130106 1.03668218]
 [1.98383737 1.6164502 ]
 [2.09597257 2.0556585 ]
 [0.70193469 0.59430447]
 [1.05814058 0.79663998]
 [1.63322451 1.58117431]
 [3.45448459 2.99196855]
 [0.09940067 0.07863296]
 [2.76410989 2.52609268]
 [2.92879636 2.90878724]
 [0.29958845 0.36403037]
 [0.22275939 0.32248239]
 [1.1992388  1.48130914]
 [2.62335155 2.77442391]
 [3.08389179 2.84704896]
 [1.95003857 1.457972  ]
 [0.88098128 0.99619072]
 [2.9100709  2.63649595]
 [0.99284944 1.28010303]
 [2.63857323 2.40648325]
 [2.59505814 2.31265173]
 [2.07924359 1.8500552 ]
 [3.91374707 2.97141535]
 [1.23866451 0.78651925]
 [1.10716367 0.80121606]
 [0.09166321 0.20017499]
 [1.9742524  2.24081549]
 [4.52904748 2.96986554]
 [0.73396187 0.79289245]
 [2.58633799 2.74921756]
 [0.43741105 0.68192921]
 [2.85357926 2.99026028]
 [2.46035901 2.19027363]
 [1.69354013 1.57168841]
 [2.42214223 2.57795342]
 [0.79916825 0.60780638]
 [2.63951989 2.22023263]
 [2.01610236 2.27624079]
 [3.58464501 2.96197852]
 [2.00932962 2.09192406]
 [0.60383592 0.66085196]
 [0.69177345 0.87043339]
 [1.72849411 2.02491481]
 [1.10741028 1.40173747]
 [1.57382844 1.88056681]
 [2.86636136 2.82828773]
 [2.45772575 2.57010749]
 [2.09289013 2.0503947 ]
 [1.47644397 1.63236415]
 [2.43960746 2.56606924]
 [2.92674229 2.69461514]
 [2.57087522 2.62599818]
 [0.80755385 1.02732192]
 [2.8968027  2.77411254]
 [1.14602514 1.30165013]
 [3.154796   2.94277103]
 [2.51754755 2.8977992 ]
 [2.49966186 2.33129469]
 [1.99609303 2.39088676]
 [1.90540746 1.97803481]
 [0.354592   0.45781196]
 [1.60513157 1.67373598]
 [0.19864353 0.21100032]
 [2.69824555 2.6857811 ]
 [2.23317523 2.63110317]
 [1.64180695 1.64269281]
 [1.93002006 1.71462628]
 [1.55851459 2.00638982]
 [0.19929963 0.40437935]
 [0.967082   1.0069914 ]
 [3.01091827 2.89070126]
 [1.72839607 1.78687529]
 [2.24368629 2.1129402 ]
 [0.88339447 1.17329737]
 [1.17538818 1.38480624]
 [1.97441131 1.38473913]
 [0.61386065 0.56270968]
 [2.35248838 2.48140801]
 [2.29978366 2.29161815]
 [0.63356692 0.73279999]
 [2.73227295 2.44932719]
 [3.02153422 2.87640755]
 [1.96942004 2.06686514]
 [3.50266536 2.79167946]
 [1.95305249 2.08881025]
 [3.06556168 2.8072088 ]
 [2.98444262 2.93877052]
 [2.2050331  2.21883589]
 [2.74526722 2.40298367]
 [0.35271022 0.22039996]
 [3.02606448 2.97121859]
 [0.4449911  0.55471677]
 [0.18931294 0.17275052]
 [0.82659245 0.59158904]
 [2.58099231 2.58967945]
 [2.32566972 2.42024043]
 [1.28330495 1.17429109]
 [0.28987907 0.41644955]
 [0.72892716 0.73464192]
 [2.78634115 2.72132717]
 [2.60156818 2.48540444]
 [2.52889693 2.47457569]
 [2.03144214 2.23124759]
 [1.55506534 1.64546727]
 [1.64573001 1.58400419]
 [1.15731468 1.28046405]
 [1.95132352 2.27947619]
 [0.45204858 0.38692795]
 [0.52631263 0.51818239]
 [3.02711004 2.92871479]
 [3.09559817 2.95633474]
 [2.75997514 2.89174767]
 [1.98231345 1.8840697 ]
 [2.68001287 2.70234934]
 [1.17760978 0.88780516]
 [2.82866073 2.7264241 ]
 [1.86249383 1.8571189 ]
 [2.33775027 2.00082763]
 [2.06835082 2.05292887]
 [1.09576903 1.28640208]
 [3.09696083 2.94209711]
 [2.85504381 2.8921084 ]
 [0.87666296 1.02344047]
 [1.48064962 1.59876768]
 [3.70982118 2.94864236]
 [0.36257764 0.51810326]
 [2.47747491 2.47337883]
 [1.69770434 2.11349159]
 [0.66453119 0.8503873 ]
 [2.09974127 1.80836029]
 [2.40722949 2.41078388]
 [1.40096318 1.35408558]
 [1.3981059  1.27053016]
 [2.21751921 2.09352497]
 [1.89054293 2.08798953]
 [0.51409184 0.5875027 ]
 [0.94569187 1.18075024]
 [1.37237056 1.58014758]
 [2.48782192 2.46353089]
 [2.2022028  2.26252508]
 [1.95386537 1.4017157 ]
 [0.7337369  0.85194968]
 [1.00798317 0.98257217]
 [2.28852644 2.26386668]
 [4.29305852 2.84262465]
 [1.37731013 1.52822574]
 [2.71308206 2.65216864]
 [0.95636026 1.1611387 ]
 [0.99116145 0.85714949]
 [2.2376419  2.55371299]
 [1.39179665 1.4624139 ]
 [1.25480769 1.27947884]
 [0.57913373 0.81165598]
 [2.52881674 2.35950229]
 [1.68360545 1.75928826]
 [0.811225   0.58378121]
 [0.07544654 0.09658321]
 [0.57646713 0.62429223]
 [0.21314841 0.29832077]
 [2.31237233 2.60884226]
 [1.1745111  1.12214015]
 [2.06139464 1.8346323 ]
 [1.82085149 1.69993667]
 [1.0081588  1.24938767]
 [1.15470854 0.85913139]
 [0.72586646 1.0040416 ]
 [1.1339466  1.22454421]
 [3.51773866 2.75178048]
 [0.7536983  0.73129193]
 [2.71270117 2.64745852]
 [2.31042096 2.26770329]
 [2.39569639 2.44222126]
 [2.60890605 2.3654374 ]
 [0.89675008 1.24068114]
 [1.54018494 1.76088662]
 [1.97731858 1.99183824]
 [1.25995231 1.01846218]
 [0.24242703 0.24722577]
 [4.43695035 2.9302287 ]
 [2.86093044 2.77141039]
 [2.32566972 2.37392297]
 [1.05234104 0.80532272]
 [2.7557421  2.99977523]
 [1.8896209  1.99620796]
 [1.68768163 1.8500552 ]
 [2.05218564 1.88509381]
 [2.91399302 2.80622387]
 [1.89054293 1.83577941]
 [2.78971575 2.90878724]
 [1.4804511  1.41067777]
 [2.21448672 2.26252508]
 [0.35370301 0.45781196]
 [2.86636136 2.70030174]
 [2.89054612 2.81494082]
 [0.988424   0.70231551]
 [2.60156818 2.84934043]
 [1.51553241 1.63242251]
 [2.51951018 2.5431014 ]
 [2.05919436 2.44318663]
 [2.82866073 2.64284469]
 [3.00020849 2.77578356]
 [1.87700136 1.61113092]
 [3.44513048 2.97893004]
 [3.68324868 2.99820463]
 [1.01889445 1.28640208]
 [2.57087522 2.59948918]
 [1.05339481 0.68460811]
 [2.46920528 2.66562631]
 [2.41006889 2.63410901]
 [0.1586267  0.17683167]
 [2.60391372 2.50903894]
 [2.20167442 2.28691302]
 [1.66740564 1.61770478]
 [2.28852644 2.24330175]
 [2.2216692  1.9779635 ]
 [2.31042096 2.34792575]
 [1.72061897 1.72659349]
 [2.60886527 2.62534068]
 [1.2571304  1.45539733]
 [2.24657888 2.62616622]
 [1.68061661 2.01830363]
 [2.6066295  2.37449998]
 [4.53007892 2.98536779]
 [2.01046953 1.75417564]
 [0.92087891 0.74727027]
 [0.13973436 0.14079253]
 [2.65370481 2.62714981]
 [1.65195873 1.40395319]
 [1.44856394 1.54402114]
 [2.43869896 2.36356965]
 [4.26795738 2.92108754]
 [3.38360065 2.98540241]
 [0.21487368 0.41711813]
 [2.15321883 2.15459107]
 [1.6995238  1.6271765 ]
 [0.51071797 0.21282997]
 [1.17047894 1.40173747]
 [3.70853002 2.98543105]
 [3.98909413 2.9616875 ]
 [1.66395827 1.36081914]
 [3.19594389 2.82329516]
 [1.93411737 2.02491481]
 [0.30268611 0.5520306 ]
 [2.25163373 1.93059437]
 [4.50161199 2.93338101]
 [2.07575434 1.85015423]
 [1.62785754 2.0492231 ]
 [3.00337156 2.97141535]
 [2.76524887 2.84894803]
 [1.0723389  1.30149848]
 [0.45071359 0.48161794]
 [0.27745223 0.29367618]
 [2.08506502 2.00687328]
 [0.25982844 0.44891705]
 [3.26395268 2.9395159 ]
 [2.85504381 2.96884951]
 [0.72892716 0.73500169]
 [1.38092524 1.53717858]
 [1.25276506 1.11465339]
 [3.50266536 2.79188037]
 [2.49056959 2.58144304]
 [1.95212719 1.78366962]
 [1.46550599 1.16696151]
 [0.22275939 0.32466259]
 [2.06139464 1.87953232]
 [3.76288901 2.98567398]
 [2.15993283 2.31096758]
 [3.04881511 2.84253502]
 [2.75473599 2.88934673]
 [2.31502386 1.96860464]
 [1.75675723 1.41236137]
 [2.85504381 2.97578472]
 [1.53314377 1.926857  ]
 [1.94652978 2.11185351]
 [2.99700204 2.98106582]
 [0.17605583 0.02114017]
 [3.55310086 2.93959648]
 [1.86249383 1.72850396]
 [2.21501697 2.21839557]
 [1.26143861 1.35408558]
 [1.14031165 0.93838782]
 [2.19038093 2.44711579]
 [0.65876261 0.45145893]
 [2.87961282 2.54316304]
 [2.04490079 1.90147936]
 [4.69496004 2.96240145]
 [1.35599184 1.37221475]
 [3.62954456 2.99977249]
 [2.57389881 2.30926172]
 [2.34054277 2.3502511 ]
 [2.98144815 2.78242683]
 [2.48901286 2.72842158]
 [0.99609561 1.3226166 ]
 [1.1339466  1.25602371]
 [0.89808807 1.04348164]
 [2.5460664  2.72880424]
 [2.43653688 2.57010749]
 [2.44111256 2.57187896]
 [0.90280949 0.90302383]
 [2.59505814 2.52835346]
 [4.37571167 2.93900408]
 [1.57139733 1.72465808]
 [0.80161616 0.73942365]
 [3.15464258 2.9596359 ]
 [3.02642579 2.56191682]]
