[[1.45988514e+01 1.87473437e-03]
 [4.86621314e+00 6.48194950e-03]
 [5.84779630e+01 5.05021991e-04]
 [8.42493582e+00 2.79476072e-03]
 [1.38583616e+01 1.92456864e-03]
 [1.26053579e+01 1.94096797e-03]
 [2.05235936e+01 1.11743859e-03]
 [2.21990142e+01 8.26558368e-04]
 [1.59726160e+01 1.56220623e-03]
 [3.23649121e+01 6.22149465e-04]
 [6.10964199e+01 4.66790677e-04]
 [2.49039902e+01 7.16620253e-04]
 [1.01976620e+01 1.95522813e-03]
 [1.63723298e+01 1.24400137e-03]
 [4.33130787e+00 9.99706110e-03]
 [1.56023317e+01 1.63547959e-03]
 [3.38486726e+01 5.30007317e-04]
 [1.61482994e+01 1.30265343e-03]
 [6.02784915e+00 5.25922501e-03]
 [2.79718839e+01 6.23216908e-04]
 [4.15794372e+00 1.18642502e-02]
 [9.70813977e+00 2.37573099e-03]
 [4.89706406e+01 5.13626727e-04]
 [4.49807390e+01 5.29935496e-04]]
