[[2.08511002 2.16097348]
 [0.93130106 1.03668218]
 [1.98383737 1.6164502 ]
 [2.09597257 2.0556585 ]
 [0.70193469 0.59430447]
 [1.05814058 0.79663998]
 [1.63322451 1.58117431]
 [3.45448459 2.99196855]
 [0.09940067 0.07863296]
 [2.76410989 2.52609268]
 [2.92879636 2.90878724]
 [0.29958845 0.36403037]
 [0.22275939 0.32248239]
 [1.1992388  1.48130914]
 [2.62335155 2.77442391]
 [3.08389179 2.84704896]
 [0.88098128 0.99619072]
 [2.9100709  2.63649595]
 [3.39534418 2.75580533]
 [0.99284944 1.28010303]
 [2.63857323 2.40648325]
 [2.59505814 2.31265173]
 [3.91374707 2.97141535]
 [1.10716367 0.80121606]
 [0.09166321 0.20017499]
 [1.9742524  2.24081549]
 [4.52904748 2.96986554]
 [0.73396187 0.79289245]
 [2.58633799 2.74921756]
 [0.43741105 0.68192921]
 [2.85357926 2.99026028]
 [2.46035901 2.19027363]
 [1.69354013 1.57168841]
 [2.42214223 2.57795342]
 [0.13313942 0.33276111]
 [2.01610236 2.27624079]
 [3.58464501 2.96197852]
 [2.00932962 2.09192406]
 [0.60383592 0.66085196]
 [0.69177345 0.87043339]
 [1.72849411 2.02491481]
 [1.57382844 1.88056681]
 [2.86636136 2.82828773]
 [2.45772575 2.57010749]
 [2.09289013 2.0503947 ]
 [1.47644397 1.63236415]
 [2.92674229 2.69461514]
 [2.57087522 2.62599818]
 [0.80755385 1.02732192]
 [2.8968027  2.77411254]
 [1.14602514 1.30165013]
 [3.154796   2.94277103]
 [2.49966186 2.33129469]
 [1.90540746 1.97803481]
 [0.354592   0.45781196]
 [1.60513157 1.67373598]
 [0.19864353 0.21100032]
 [2.69824555 2.6857811 ]
 [1.64180695 1.64269281]
 [1.55851459 2.00638982]
 [0.19929963 0.40437935]
 [0.967082   1.0069914 ]
 [2.16177797 2.5431014 ]
 [3.01091827 2.89070126]
 [1.72839607 1.78687529]
 [2.24368629 2.1129402 ]
 [0.88339447 1.17329737]
 [0.61386065 0.56270968]
 [2.35248838 2.48140801]
 [2.29978366 2.29161815]
 [0.63356692 0.73279999]
 [2.73227295 2.44932719]
 [3.02153422 2.87640755]
 [1.96942004 2.06686514]
 [3.50266536 2.79167946]
 [1.95305249 2.08881025]
 [3.06556168 2.8072088 ]
 [2.98444262 2.93877052]
 [2.2050331  2.21883589]
 [1.38600052 1.6044967 ]
 [0.35271022 0.22039996]
 [3.02606448 2.97121859]
 [0.4449911  0.55471677]
 [0.18931294 0.17275052]
 [2.58099231 2.58967945]
 [2.32566972 2.42024043]
 [0.28987907 0.41644955]
 [0.72892716 0.73464192]
 [2.78634115 2.72132717]
 [2.60156818 2.48540444]
 [2.52889693 2.47457569]
 [2.03144214 2.23124759]
 [1.55506534 1.64546727]
 [1.64573001 1.58400419]
 [1.15731468 1.28046405]
 [1.95132352 2.27947619]
 [0.45204858 0.38692795]
 [0.52631263 0.51818239]
 [3.02711004 2.92871479]
 [3.09559817 2.95633474]
 [2.75997514 2.89174767]
 [1.98231345 1.8840697 ]
 [2.68001287 2.70234934]
 [1.17760978 0.88780516]
 [2.82866073 2.7264241 ]
 [1.86249383 1.8571189 ]
 [2.33775027 2.00082763]
 [2.06835082 2.05292887]
 [1.09576903 1.28640208]
 [3.09696083 2.94209711]
 [1.02461073 0.78426214]
 [2.85504381 2.8921084 ]
 [0.87666296 1.02344047]
 [1.48064962 1.59876768]
 [0.3354473  0.59594479]
 [3.70982118 2.94864236]
 [2.08050386 1.5947504 ]
 [0.36257764 0.51810326]
 [2.47747491 2.47337883]
 [1.69770434 2.11349159]
 [2.09974127 1.80836029]
 [2.40722949 2.41078388]
 [1.40096318 1.35408558]
 [1.3981059  1.27053016]
 [2.21751921 2.09352497]
 [1.89054293 2.08798953]
 [0.51409184 0.5875027 ]
 [0.94569187 1.18075024]
 [1.37237056 1.58014758]
 [2.48782192 2.46353089]
 [2.2022028  2.26252508]
 [0.7337369  0.85194968]
 [1.5109075  1.10019594]
 [1.00798317 0.98257217]
 [2.28852644 2.26386668]
 [1.37731013 1.52822574]
 [1.77451255 1.9605931 ]
 [2.71308206 2.65216864]
 [0.95636026 1.1611387 ]
 [0.99116145 0.85714949]
 [2.2376419  2.55371299]
 [1.39179665 1.4624139 ]
 [1.25480769 1.27947884]
 [2.52881674 2.35950229]
 [1.68360545 1.75928826]
 [0.07544654 0.09658321]
 [0.57646713 0.62429223]
 [0.21314841 0.29832077]
 [2.31237233 2.60884226]
 [1.1745111  1.12214015]
 [2.06139464 1.8346323 ]
 [2.43212287 2.0974397 ]
 [1.82085149 1.69993667]
 [1.0081588  1.24938767]
 [0.72586646 1.0040416 ]
 [1.1339466  1.22454421]
 [0.7536983  0.73129193]
 [2.71270117 2.64745852]
 [2.31042096 2.26770329]
 [2.39569639 2.44222126]
 [2.60890605 2.3654374 ]
 [1.54018494 1.76088662]
 [1.97731858 1.99183824]
 [1.25995231 1.01846218]
 [1.75130253 2.25218488]
 [0.92374076 1.29292096]
 [3.52904901 2.93738247]
 [0.43339383 0.57900011]
 [0.99822785 1.24526966]
 [2.56506147 2.05199764]
 [0.92128534 0.7104256 ]
 [0.54683828 0.52062794]
 [1.45883904 1.34252442]
 [1.85693666 1.78910989]
 [3.86999903 2.89675946]
 [4.21667652 2.90998511]
 [1.69366779 2.11349159]
 [2.55848856 2.43288994]
 [0.43469944 0.57900011]
 [0.97015613 0.7224407 ]
 [3.34509056 2.81744752]
 [2.57696847 2.51802534]
 [1.24145364 1.09141233]
 [2.06835082 1.98725818]
 [2.00932962 2.16744253]
 [0.80246578 0.71147762]
 [3.51575993 2.95839166]
 [2.32903633 2.0556585 ]
 [2.30277725 2.52106974]
 [3.49811591 2.8086507 ]
 [2.59737263 2.39039166]
 [0.81691893 0.62107306]
 [2.42500481 2.41218966]
 [3.36093243 2.83886898]
 [3.11460329 2.86084903]
 [1.8451753  1.68459903]
 [2.61271349 2.50387702]
 [0.71711524 0.69381896]
 [3.60454795 2.98646339]
 [3.17176894 2.93227687]
 [1.87203154 1.61143679]
 [1.38899216 1.78278203]
 [0.93069602 1.29245128]
 [2.03144214 2.24534449]
 [3.30807856 2.87027446]
 [2.46958017 2.77442391]
 [2.2250615  2.0416569 ]
 [2.88131507 2.66053053]
 [2.33024602 2.08461517]
 [1.88065046 1.75180377]
 [1.22070423 1.31428896]
 [1.60302481 1.62368545]
 [3.11263386 2.90473621]
 [2.19188888 2.28800209]
 [4.23884497 2.9419793 ]
 [2.58633799 2.72652459]
 [1.53243402 1.68830032]
 [1.38281901 1.18802741]
 [2.74526722 2.6618936 ]
 [1.30075972 1.22385875]
 [0.92071812 1.18034677]
 [3.91374707 2.92457081]
 [0.06319537 0.20925028]
 [1.28205422 1.02466291]
 [2.73796507 2.41078388]
 [1.92462566 2.04197307]
 [2.46291852 2.83850214]
 [1.43528998 1.67921422]
 [0.14096096 0.30590178]
 [2.18089646 2.26252508]
 [2.79466966 2.48540444]
 [1.81515858 2.0188601 ]
 [4.1546067  2.91396141]
 [2.71758224 2.80418179]
 [4.37062968 2.97949315]
 [0.10947117 0.19274958]
 [2.59165968 2.36984339]
 [1.79448658 1.61030497]
 [1.13265498 0.88474574]
 [1.1025234  1.26647655]
 [0.10765877 0.09905066]
 [4.2822861  2.93879361]
 [2.60890605 2.65680222]
 [2.72087664 2.93725018]
 [0.72370923 0.68291032]
 [2.07924359 2.04222439]
 [1.60228859 1.69429673]
 [0.98101779 1.16442507]
 [2.2443231  2.12003974]
 [1.43117061 1.64090493]
 [2.94485869 2.81911957]
 [2.5969368  2.34514586]
 [2.2305861  2.27742963]
 [0.23768797 0.08341889]
 [2.68356431 2.82801801]
 [0.62411272 0.96888417]
 [0.40225824 0.52602073]
 [1.24967714 1.30939552]
 [1.52697422 1.54032201]
 [2.29606338 2.28881846]
 [2.55570739 2.21717903]
 [1.49866614 1.74407678]
 [1.65568959 1.68158997]
 [2.46035901 2.2111373 ]
 [1.62035695 1.71490601]
 [2.76884123 2.81568855]
 [3.05344706 2.73800883]
 [1.48703097 1.82731847]
 [1.63148906 1.42685124]
 [1.97071776 2.12481742]
 [2.69824555 2.7365046 ]
 [2.69732685 2.78738818]
 [1.85336654 1.76600058]
 [3.24221006 2.98556661]
 [1.70696402 1.79236653]
 [0.13315606 0.24811968]
 [0.6691114  0.98558339]
 [2.53843864 2.46620199]
 [1.23722024 0.83988789]
 [3.58838179 2.9495811 ]
 [0.75671396 0.66764433]
 [4.29815377 2.98871207]
 [1.92191303 1.62542788]
 [1.99845541 1.55771444]
 [1.92198641 1.8571189 ]
 [2.43061066 2.80675631]
 [1.26621749 1.19109359]
 [4.2240591  2.92797255]
 [2.96885293 2.94513066]
 [0.51074373 0.56850536]
 [1.2601654  0.92174029]
 [2.95918534 2.65216864]
 [2.29158991 2.56606924]
 [2.16449795 2.37706229]
 [1.57325359 1.19481448]
 [1.157873   1.2886026 ]
 [4.65086717 2.9639185 ]
 [3.88059946 2.96986554]
 [2.47614569 2.20103334]
 [1.97731858 1.9569837 ]
 [0.97715181 0.71587095]
 [1.18532694 1.45601236]
 [1.72197262 2.01741795]
 [0.83361614 1.20161509]
 [0.39280758 0.27681724]
 [0.01716609 0.09658321]
 [1.34114608 1.47302559]
 [1.51520469 1.63125659]
 [3.09696083 2.94131586]
 [3.58464501 2.96275978]]
