[[1.52610864e-02 2.65060857e+04]
 [4.48927166e-02 9.16056255e+03]
 [1.69870331e-02 2.59225653e+04]
 [3.93752889e-02 1.06532184e+04]
 [3.39946541e-02 1.19017793e+04]
 [2.69897406e-02 1.55173060e+04]
 [3.70128177e-02 1.09776149e+04]
 [4.18541489e-02 9.65590185e+03]
 [1.07192317e-02 3.87363394e+04]
 [3.15247391e-02 1.32695640e+04]
 [3.18475519e-02 1.27103137e+04]
 [5.58102404e-02 8.67738208e+03]
 [1.20622167e-02 3.74183468e+04]
 [2.37449270e-02 1.84067872e+04]
 [3.13492445e-02 1.34289154e+04]
 [4.37664957e-02 9.35419140e+03]
 [9.94202140e-03 4.21205463e+04]
 [1.75662574e-02 2.46631743e+04]
 [5.80348224e-03 8.04541568e+04]
 [2.57065886e-02 1.59723699e+04]
 [1.42412880e-02 3.02360048e+04]
 [2.11989407e-02 2.09003634e+04]
 [8.62407872e-03 4.80120660e+04]
 [2.84826754e-02 1.42657777e+04]
 [1.29877897e-02 3.30752248e+04]
 [2.10250921e-02 2.12776263e+04]
 [7.73724338e-03 5.94455362e+04]
 [2.15610606e-02 1.97547574e+04]
 [4.73555666e-02 9.12917325e+03]
 [2.90637842e-02 1.38857811e+04]
 [6.39436901e-03 7.40431534e+04]
 [1.70144863e-02 2.46728070e+04]
 [1.21628554e-02 3.63148152e+04]
 [6.89044709e-03 7.27596288e+04]
 [6.40608526e-03 7.33363058e+04]
 [2.34105948e-02 1.85410678e+04]
 [4.14152312e-02 1.02279558e+04]
 [1.81856990e-02 2.32342395e+04]
 [4.87729231e-02 8.86504185e+03]
 [1.94190639e-02 2.19066018e+04]
 [2.47890254e-02 1.73452973e+04]
 [5.20231563e-03 8.80343856e+04]
 [4.83407947e-02 8.98012750e+03]
 [7.44835983e-03 6.48811118e+04]
 [6.96388597e-03 7.13743006e+04]
 [2.14396740e-02 2.02866322e+04]
 [1.19938283e-02 3.81005725e+04]
 [3.95121582e-02 1.02961243e+04]
 [1.38326561e-02 3.02671879e+04]
 [1.93136014e-02 2.26508947e+04]
 [2.27512574e-02 1.86097414e+04]
 [2.48971071e-02 1.65434041e+04]
 [6.86215556e-02 8.54650429e+03]
 [5.94910272e-02 8.61166541e+03]
 [5.13224602e-02 8.83202609e+03]
 [2.92850076e-02 1.36799879e+04]
 [1.33070349e-02 3.29682344e+04]
 [3.77409091e-02 1.06966354e+04]
 [2.50719251e-02 1.65331756e+04]
 [4.31142993e-02 9.38447536e+03]
 [4.27352674e-02 9.55934483e+03]
 [4.79070443e-02 9.00980749e+03]
 [3.17153251e-02 1.32142203e+04]
 [3.68332979e-02 1.11995772e+04]
 [2.46159357e-02 1.74357591e+04]
 [2.53385211e-02 1.64703397e+04]
 [5.34850515e-02 8.74254714e+03]
 [2.13238391e-02 2.03325653e+04]
 [3.46076574e-02 1.18958456e+04]
 [3.63948929e-02 1.15780656e+04]
 [3.38852525e-02 1.25301960e+04]
 [5.70529937e-03 8.44941218e+04]
 [6.30271205e-02 8.60335736e+03]
 [1.47761803e-02 2.86142336e+04]
 [5.60773232e-02 8.66446317e+03]
 [1.00398716e-02 4.20640968e+04]
 [3.60641225e-02 1.18761855e+04]
 [2.38526409e-02 1.77047427e+04]
 [7.81582185e-03 5.67048745e+04]
 [8.77527653e-03 4.71715159e+04]
 [1.25393125e-02 3.42513777e+04]]
