[[ -81.04219209   12.76734714]
 [-165.27373772   27.64210005]
 [-112.94451178   24.62451659]
 [-170.47800867   28.40278252]
 [ -34.47736707    9.46371616]
 [-154.8279695    26.40345374]
 [-165.38684043   27.93348461]
 [-196.06009178   46.89324477]
 [ -18.71413095    7.99354434]
 [ -83.2841113    14.76093366]
 [-164.08321761   26.82905785]
 [-204.78942792   57.21357448]
 [-214.28245205   91.27846453]
 [-169.99076404   28.29155265]
 [-251.6036233   106.76583458]
 [-106.02666765   22.53669654]
 [-194.55752993   30.70887591]
 [-180.3853754    28.94137714]
 [ -32.12982274    8.49323714]
 [-207.07250825   61.89437309]]
