[[0.250772   1.90728415 1.59333886 1.95409039 1.02887176 1.28489402]
 [4.48876207 0.9370416  1.58983356 1.00894706 1.03375486 1.41452258]
 [4.0014173  1.92438354 1.63369444 0.48252758 1.1511059  0.82649199]
 [4.5371093  0.93795523 1.58983356 1.15782889 1.03375486 1.41452258]
 [1.07388785 1.0166465  1.58983356 0.57677517 1.04379978 1.82404841]
 [4.36983059 1.01256458 1.68525819 0.39991126 1.14247033 1.40623067]
 [4.48876207 0.9370416  1.67897448 1.00894706 1.03375486 1.41452258]
 [4.64228158 1.02406266 3.7453597  0.39331175 1.14539328 2.96638214]
 [1.45036856 0.6456809  1.59333886 1.00427386 1.03400834 0.92552883]
 [0.33944827 2.08484027 2.50077601 0.52327349 1.03400834 1.64386147]
 [4.44908388 1.02671259 1.50396255 0.41122055 1.22872735 1.42821395]
 [4.64971259 0.93375961 2.0346636  0.67141713 4.99726732 2.27123374]
 [4.6679014  1.03061617 4.05788929 0.39473398 4.61270954 5.52518069]
 [4.49603829 1.02958829 1.68528346 0.41890199 1.00327094 1.73058619]
 [4.92366112 1.0200454  3.97822039 0.38614487 4.87539782 6.46049951]
 [3.92581964 1.07278664 1.62302398 0.52738588 1.0142675  1.42572236]
 [4.68340974 0.90868555 1.70298536 0.4341886  1.37439016 1.72372055]
 [4.60638665 0.90205519 1.58983356 1.00281238 1.13255703 1.44671586]
 [1.15431976 1.00946548 1.58983356 0.41103726 1.20181778 1.41452258]
 [4.6260479  0.92406966 3.98446968 0.59310983 4.60523693 1.48464278]]
