[[0.43379929 4.27441307 8.65190854 0.52291692]
 [1.52433924 1.41875043 9.37709581 4.04857475]
 [0.31434191 4.94944504 8.63273415 0.52291692]
 [1.96738037 0.88309719 9.66621184 2.10360385]
 [1.54096381 1.41875043 9.37709581 4.05562004]
 [0.81168073 2.06163639 9.47902159 1.72797919]
 [1.96738037 0.78626385 9.70404355 2.0745766 ]
 [0.82320718 1.5157577  9.02295352 2.76510197]
 [0.43379929 4.27441307 9.06341779 0.90032433]
 [1.52433924 1.4342273  9.43518012 4.07752806]
 [1.06751826 2.68145898 9.74937687 2.46769214]
 [1.52433924 1.12242316 9.4989629  4.36517243]
 [0.61743825 2.09096922 9.68993467 3.64176007]
 [0.80050193 1.49600411 9.34283656 3.53412467]
 [0.88603594 1.88623334 9.65284152 1.72797919]
 [0.62822678 2.05297576 9.09509548 1.57494078]
 [1.54096381 1.54582631 9.98645723 4.05562004]
 [0.31434191 5.59996099 9.14105825 0.52291692]
 [0.97441427 1.11361985 9.79219544 4.90728801]
 [2.65520292 7.37069098 9.90924133 4.98793404]
 [0.43379929 4.27441307 9.51164399 0.90032433]
 [2.99399579 1.11777147 9.92605815 4.84864119]
 [0.81168073 2.06163639 9.45051401 1.69775436]
 [0.35179017 4.9518931  9.4592453  0.59303139]
 [2.67082467 0.37697684 9.1092062  3.2829489 ]
 [0.31434191 5.53249201 9.02714556 0.52291692]]
