[[1.86260211e-03 3.45560727e-03 1.79353495e+00]
 [4.30247271e-03 9.73802078e-03 2.35560178e+00]
 [5.41559379e-03 9.74740371e-03 2.27320880e+00]
 [3.66543097e-03 8.62346253e-03 2.38535544e+00]
 [3.81016124e-03 7.49858311e-03 2.02228296e+00]
 [4.28768775e-03 8.24009870e-03 2.25299232e+00]
 [2.74119775e-03 5.60529991e-03 2.34345957e+00]
 [4.44117107e-03 8.28135361e-03 1.85269631e+00]
 [4.32981507e-03 9.09311989e-03 2.21095800e+00]
 [1.15103041e-03 2.27001165e-03 2.19196477e+00]
 [3.93884008e-03 6.88955048e-03 1.80800322e+00]
 [3.72748802e-03 7.10354578e-03 1.91128685e+00]
 [1.01581476e-03 2.25806922e-03 2.94264094e+00]
 [2.69654701e-03 5.90546522e-03 1.76106815e+00]
 [4.79737567e-03 9.46676679e-03 2.10686741e+00]
 [8.48018217e-04 2.02463036e-03 2.70847595e+00]
 [2.31462936e-03 4.26821349e-03 1.49622293e+00]
 [9.04097157e-04 1.28975984e-03 1.21052505e+00]
 [2.37214058e-03 5.39490891e-03 2.49856157e+00]
 [1.86155670e-03 4.71819063e-03 2.96364884e+00]
 [1.32906238e-03 2.83462432e-03 2.60128235e+00]
 [2.92726562e-03 4.13690736e-03 1.42943139e+00]
 [1.08067485e-03 1.91272052e-03 1.77409247e+00]
 [2.78504172e-03 6.14781891e-03 2.33033671e+00]
 [1.55528584e-03 3.17817550e-03 1.68796635e+00]
 [6.56219990e-04 1.80729214e-03 2.38861388e+00]
 [1.84748152e-03 4.30973654e-03 2.74649084e+00]
 [5.33403497e-03 9.63241565e-03 2.51810802e+00]
 [3.31014434e-03 6.59709804e-03 1.93308698e+00]
 [9.85390106e-04 1.35597047e-03 1.31872041e+00]
 [2.15209660e-03 3.71923011e-03 1.77971078e+00]
 [1.48733563e-03 3.05945447e-03 1.59448289e+00]
 [2.62203260e-03 5.98276946e-03 2.38880032e+00]
 [1.48733563e-03 3.05945447e-03 2.45490435e+00]
 [5.42616412e-03 9.42338301e-03 1.55010810e+00]
 [7.45740713e-04 1.05172636e-03 1.24683772e+00]
 [1.17998398e-03 2.73314659e-03 2.80092806e+00]
 [3.81016124e-03 7.40311477e-03 2.33173036e+00]
 [2.15209660e-03 3.71923011e-03 1.70338727e+00]
 [5.70554297e-03 9.91008712e-03 2.74979249e+00]
 [2.97252440e-03 6.32712540e-03 1.94303988e+00]
 [3.58395245e-03 6.38278133e-03 1.55606484e+00]
 [1.13420564e-03 2.73331022e-03 2.92548886e+00]
 [1.69132490e-03 4.08181403e-03 2.26487033e+00]
 [4.84428446e-03 9.81320990e-03 2.77518499e+00]
 [9.12036720e-04 2.13038050e-03 1.72044061e+00]
 [4.09326839e-03 7.36016398e-03 1.56365194e+00]
 [4.63877474e-03 8.77959773e-03 1.76430276e+00]
 [1.49212812e-03 2.44005927e-03 1.47582993e+00]
 [3.03758434e-03 5.21659313e-03 1.81151233e+00]
 [4.09862593e-03 7.85462659e-03 2.07706199e+00]
 [1.08067485e-03 2.46502959e-03 1.72428688e+00]
 [2.00487505e-03 4.86738936e-03 2.89126857e+00]
 [3.10061589e-03 5.62466165e-03 1.82942196e+00]
 [1.59918789e-03 4.35241318e-03 2.46801120e+00]
 [1.19229747e-03 2.92308115e-03 2.40823277e+00]
 [3.25533873e-03 5.09898378e-03 1.64819246e+00]
 [3.34019287e-03 6.32712540e-03 1.94303988e+00]
 [4.26583586e-03 8.39110802e-03 2.28263009e+00]
 [6.05212895e-03 9.97857286e-03 2.56634064e+00]
 [1.15103041e-03 2.17667695e-03 2.19196477e+00]
 [3.62281973e-03 7.67788978e-03 2.10714799e+00]
 [6.96168216e-04 1.50382785e-03 2.74735019e+00]
 [4.73226472e-03 9.52316864e-03 2.35560178e+00]
 [2.75381095e-03 5.09898378e-03 1.68757621e+00]
 [3.99363931e-03 8.79097916e-03 2.40799900e+00]
 [4.79737567e-03 9.19586432e-03 2.10686741e+00]
 [1.98569888e-03 4.27972367e-03 2.25962637e+00]
 [8.96306989e-04 2.10770942e-03 1.93145673e+00]
 [9.97385031e-04 1.48499095e-03 1.32541966e+00]
 [5.33403497e-03 9.63241565e-03 2.47881462e+00]]
