[[1.52610864e-02 2.65060857e+04]
 [4.48927166e-02 9.16056255e+03]
 [3.39946541e-02 1.19017793e+04]
 [2.69897406e-02 1.55173060e+04]
 [3.70128177e-02 1.09776149e+04]
 [4.18541489e-02 9.65590185e+03]
 [1.07192317e-02 3.87363394e+04]
 [2.54769990e-02 1.74213262e+04]
 [2.36734457e-02 1.87026776e+04]
 [3.15247391e-02 1.32695640e+04]
 [3.18475519e-02 1.27103137e+04]
 [1.20622167e-02 3.74183468e+04]
 [2.37449270e-02 1.84067872e+04]
 [4.37664957e-02 9.35419140e+03]
 [9.94202140e-03 4.21205463e+04]
 [1.75662574e-02 2.46631743e+04]
 [5.80348224e-03 8.04541568e+04]
 [5.25064956e-03 9.90916651e+04]
 [2.40249579e-02 1.80470326e+04]
 [8.62407872e-03 4.80120660e+04]
 [2.84826754e-02 1.42657777e+04]
 [7.73724338e-03 5.94455362e+04]
 [3.89785600e-02 1.04923007e+04]
 [1.24513400e-02 3.30752248e+04]
 [2.50062780e-02 1.75572268e+04]
 [2.12808713e-02 1.97547574e+04]
 [3.00477808e-02 1.36238815e+04]
 [3.58653235e-02 1.17007997e+04]
 [1.21278979e-02 3.59815980e+04]
 [7.62493929e-03 6.45756949e+04]
 [7.62430177e-02 8.45702661e+03]
 [9.87484180e-03 4.72890268e+04]
 [6.22438674e-02 8.62364111e+03]
 [1.54873036e-02 2.64084385e+04]
 [8.27524285e-03 4.99648830e+04]
 [5.95733878e-03 7.72729048e+04]
 [4.02783926e-02 1.00614115e+04]
 [1.01152666e-02 4.21122660e+04]
 [3.35113076e-02 1.19797390e+04]
 [3.59772018e-02 1.15660084e+04]
 [1.88744945e-02 2.30377121e+04]
 [1.82793325e-02 2.31311817e+04]
 [1.50541952e-02 2.89067242e+04]
 [2.02732152e-02 2.02452868e+04]
 [1.65315441e-02 2.53339582e+04]
 [1.38179101e-02 3.25141307e+04]
 [3.08243808e-02 1.34427747e+04]
 [1.96433942e-02 2.06531001e+04]
 [1.40130324e-02 2.98181916e+04]
 [7.76289964e-03 5.92121866e+04]
 [5.08176838e-02 8.62826012e+03]
 [4.69055907e-02 8.86448014e+03]
 [3.13126132e-02 1.34145825e+04]
 [7.27447600e-03 6.64823473e+04]
 [2.45693524e-02 1.80056410e+04]
 [2.85034063e-02 1.42523622e+04]
 [4.27980604e-02 9.39848847e+03]
 [2.56446821e-02 1.59677445e+04]
 [3.97448533e-02 1.02430331e+04]
 [2.29240992e-02 1.92249014e+04]
 [3.79247396e-02 1.06018882e+04]
 [3.86193718e-02 1.04946565e+04]
 [6.41657446e-02 8.60489725e+03]
 [3.92708134e-02 1.04488146e+04]
 [2.78944054e-02 1.54924875e+04]
 [3.63063335e-02 1.15549460e+04]]
