[[2.08511002 2.16097348]
 [0.93130106 1.03668218]
 [1.98383737 1.6164502 ]
 [2.09597257 2.0556585 ]
 [2.08652401 1.67606949]
 [0.70193469 0.59430447]
 [1.63322451 1.58117431]
 [3.45448459 2.99196855]
 [0.09940067 0.07863296]
 [2.76410989 2.52609268]
 [2.92879636 2.90878724]
 [0.29958845 0.36403037]
 [0.22275939 0.32248239]
 [1.1992388  1.48130914]
 [2.62335155 2.77442391]
 [3.08389179 2.84704896]
 [1.95003857 1.457972  ]
 [0.88098128 0.99619072]
 [2.9100709  2.63649595]
 [0.99284944 1.28010303]
 [2.63857323 2.40648325]
 [2.59505814 2.31265173]
 [2.07924359 1.8500552 ]
 [3.91374707 2.97141535]
 [1.10716367 0.80121606]
 [0.09166321 0.20017499]
 [1.9742524  2.24081549]
 [4.52904748 2.96986554]
 [0.73396187 0.79289245]
 [2.58633799 2.74921756]
 [0.43741105 0.68192921]
 [2.85357926 2.99026028]
 [2.46035901 2.19027363]
 [1.69354013 1.57168841]
 [2.42214223 2.57795342]
 [1.37059888 1.68158997]
 [0.13313942 0.33276111]
 [0.79916825 0.60780638]
 [1.85077089 1.59209232]
 [2.63951989 2.22023263]
 [3.58464501 2.96197852]
 [2.00932962 2.09192406]
 [0.60383592 0.66085196]
 [0.69177345 0.87043339]
 [1.72849411 2.02491481]
 [1.10741028 1.40173747]
 [1.57382844 1.88056681]
 [2.86636136 2.82828773]
 [2.45772575 2.57010749]
 [2.09289013 2.0503947 ]
 [1.47644397 1.63236415]
 [2.43960746 2.56606924]
 [2.92674229 2.69461514]
 [2.57087522 2.62599818]
 [0.80755385 1.02732192]
 [2.8968027  2.77411254]
 [1.14602514 1.30165013]
 [3.154796   2.94277103]
 [2.51754755 2.8977992 ]
 [2.49966186 2.33129469]
 [1.90540746 1.97803481]
 [0.354592   0.45781196]
 [0.08287941 0.34138907]
 [1.60513157 1.67373598]
 [0.19864353 0.21100032]
 [2.69824555 2.6857811 ]
 [2.23317523 2.63110317]
 [1.26790875 0.82142911]
 [1.64180695 1.64269281]
 [1.93002006 1.71462628]
 [1.55851459 2.00638982]
 [0.19929963 0.40437935]
 [0.967082   1.0069914 ]
 [3.01091827 2.89070126]
 [1.72839607 1.78687529]
 [2.24368629 2.1129402 ]
 [0.88339447 1.17329737]
 [1.17538818 1.38480624]
 [0.61386065 0.56270968]
 [2.35248838 2.48140801]
 [1.93494617 1.47864262]
 [2.29978366 2.29161815]
 [0.63356692 0.73279999]
 [2.73227295 2.44932719]
 [3.02153422 2.87640755]
 [1.96942004 2.06686514]
 [1.95305249 2.08881025]
 [3.06556168 2.8072088 ]
 [2.98444262 2.93877052]
 [2.2050331  2.21883589]
 [1.38600052 1.6044967 ]
 [2.74526722 2.40298367]
 [3.02606448 2.97121859]
 [0.4449911  0.55471677]
 [0.18931294 0.17275052]
 [0.82659245 0.59158904]
 [2.58099231 2.58967945]
 [2.32566972 2.42024043]
 [1.28330495 1.17429109]
 [0.28987907 0.41644955]
 [0.72892716 0.73464192]
 [2.78634115 2.72132717]
 [2.60156818 2.48540444]
 [2.52889693 2.47457569]
 [2.03144214 2.23124759]
 [1.55506534 1.64546727]
 [2.39868784 2.84003004]
 [1.64573001 1.58400419]
 [1.15731468 1.28046405]
 [1.95132352 2.27947619]
 [0.45204858 0.38692795]
 [0.52631263 0.51818239]
 [3.02711004 2.92871479]
 [3.09559817 2.95633474]
 [2.75997514 2.89174767]
 [1.98231345 1.8840697 ]
 [0.34892989 0.12563271]
 [0.99099615 0.66178225]
 [2.68001287 2.70234934]
 [1.17760978 0.88780516]
 [2.82866073 2.7264241 ]
 [1.86249383 1.8571189 ]
 [2.33775027 2.00082763]
 [2.06835082 2.05292887]
 [2.12862206 1.80602352]
 [2.12701733 2.4321637 ]
 [1.09576903 1.28640208]
 [1.02461073 0.78426214]
 [2.85504381 2.8921084 ]
 [0.87666296 1.02344047]
 [1.48064962 1.59876768]
 [0.3354473  0.59594479]
 [1.36200425 1.79636675]
 [3.70982118 2.94864236]
 [0.36257764 0.51810326]
 [2.47747491 2.47337883]
 [1.69770434 2.11349159]
 [0.66453119 0.8503873 ]
 [1.39379204 0.94394282]
 [2.40722949 2.41078388]
 [1.40096318 1.35408558]
 [1.3981059  1.27053016]
 [2.21751921 2.09352497]
 [1.89054293 2.08798953]
 [0.51409184 0.5875027 ]
 [0.94569187 1.18075024]
 [1.37237056 1.58014758]
 [2.48782192 2.46353089]
 [2.2022028  2.26252508]
 [0.7337369  0.85194968]
 [1.5109075  1.10019594]
 [1.00798317 0.98257217]
 [2.18567021 2.00082763]
 [2.79282015 2.46935052]
 [1.24731103 1.25401617]
 [0.70644543 0.59889851]
 [2.58727301 2.77368457]
 [1.9899532  1.60177322]
 [1.44655356 1.35584429]
 [0.78740647 1.03668218]
 [2.45126761 2.7075238 ]
 [3.57148461 2.97855546]
 [0.94417435 0.73279999]
 [3.40679877 2.86154946]
 [1.83676179 2.09019789]
 [1.2764765  1.50176888]
 [0.94615287 0.90636771]
 [3.50300293 2.89916198]
 [1.42788141 1.8139635 ]
 [4.37701931 2.99061962]
 [1.32473944 1.69718211]
 [4.19759298 2.9311499 ]
 [1.51271817 1.45895209]
 [1.97481533 2.06190945]
 [2.66824538 2.2603296 ]
 [2.87484028 2.94017592]
 [0.27691204 0.62361447]
 [4.26881149 2.92596502]
 [1.82411225 1.63904045]
 [2.17978114 2.14376552]
 [1.39430792 1.40106173]
 [2.26883079 2.44412061]
 [2.43314698 2.46285648]
 [2.13239301 2.44075173]
 [0.85486691 0.83755104]
 [0.98416283 1.24376324]
 [2.29101765 2.18251209]
 [2.42603405 2.13927342]
 [2.46564096 2.32483614]
 [1.00798317 1.00449414]
 [1.94897806 1.99910907]
 [1.48064962 1.88683134]
 [4.52904748 2.97641012]
 [0.32375596 0.393998  ]
 [1.23763845 1.04920638]
 [3.92430651 2.98958046]
 [2.43135533 2.58264596]
 [1.25401517 1.07180928]
 [1.17760978 0.84916586]
 [1.25325662 1.48625191]
 [0.51664656 0.69013219]
 [3.76455984 2.99445634]
 [2.85504381 2.81387981]
 [0.33348902 0.19611515]
 [0.9475946  0.82316768]
 [3.73322182 2.8977992 ]
 [2.79859971 2.68210009]
 [3.154796   2.96261474]
 [2.58551525 2.84264682]
 [1.39296795 1.59386343]
 [2.60156818 2.35644483]
 [1.32496319 0.85484652]
 [3.74962328 2.9929753 ]
 [3.04286139 2.99494581]
 [2.24956067 2.15867876]
 [2.28737975 2.31515545]
 [1.38600052 1.51994953]
 [2.6142984  2.25580447]
 [2.67308208 2.9664486 ]
 [0.23948848 0.33760171]
 [2.99870172 2.45474613]
 [2.09289013 2.06477339]
 [1.91631728 1.98603692]
 [1.60973105 1.49416687]
 [3.34392504 2.99734553]
 [2.20806455 2.21013287]
 [1.48673935 1.34529124]
 [0.72779116 0.65836789]
 [1.98435186 1.74088919]
 [2.03144214 2.25974931]
 [1.59461697 1.38510797]
 [0.6170943  0.78133884]
 [0.58431385 0.52278622]
 [3.154796   2.9724984 ]
 [2.46432998 2.25772636]
 [1.70610338 1.43765605]
 [2.65329348 2.41158113]
 [1.61169825 1.77730711]
 [1.98383737 1.55082336]
 [4.52904748 2.98308   ]
 [1.40477768 1.51791602]
 [2.08652401 2.30207928]
 [0.62658773 0.70205228]
 [2.03974995 2.45928514]
 [2.2022028  2.22841105]
 [3.08572756 2.70016175]
 [2.48118069 2.02207288]
 [0.34904111 0.47845736]
 [1.3933266  1.36158842]
 [3.24871113 2.97892334]
 [1.6447176  1.98004567]
 [1.90540746 2.12158145]
 [2.02188301 2.08355705]
 [1.47750189 1.83597611]
 [2.99294844 2.96821821]
 [2.4175293  2.46617732]
 [2.53740267 2.77442391]
 [0.58003404 0.73387024]
 [2.20073651 1.88056681]
 [2.39202959 2.74921756]
 [1.70824281 1.41953658]
 [1.41463628 1.44172997]
 [1.18432454 1.21943522]
 [2.82036822 2.48557868]
 [2.51461307 2.29422934]
 [1.69770434 2.04658104]
 [1.72849411 1.95553561]
 [4.2118013  2.90978088]
 [0.45204858 0.76516054]
 [1.79968006 1.70173509]
 [4.23456425 2.99156881]
 [3.03515267 2.74214324]]
