[[2.08511002e+00 2.16097348e+00]
 [9.31301057e-01 1.03668218e+00]
 [1.98383737e+00 1.61645020e+00]
 [2.09597257e+00 2.05565850e+00]
 [2.08652401e+00 1.67606949e+00]
 [7.01934693e-01 5.94304467e-01]
 [1.05814058e+00 7.96639978e-01]
 [1.63322451e+00 1.58117431e+00]
 [3.45448459e+00 2.99196855e+00]
 [9.94006692e-02 7.86329606e-02]
 [2.76410989e+00 2.52609268e+00]
 [2.92879636e+00 2.90878724e+00]
 [2.99588448e-01 3.64030367e-01]
 [2.22759393e-01 3.22482387e-01]
 [1.19923880e+00 1.48130914e+00]
 [2.62335155e+00 2.77442391e+00]
 [3.08389179e+00 2.84704896e+00]
 [8.80981278e-01 9.96190723e-01]
 [2.91007090e+00 2.63649595e+00]
 [3.39534418e+00 2.75580533e+00]
 [9.92849442e-01 1.28010303e+00]
 [2.63857323e+00 2.40648325e+00]
 [8.04857184e-01 1.40064007e+00]
 [3.91374707e+00 2.97141535e+00]
 [1.23866451e+00 7.86519251e-01]
 [1.10716367e+00 8.01216059e-01]
 [9.16632146e-02 2.00174993e-01]
 [4.52904748e+00 2.96986554e+00]
 [7.33961867e-01 7.92892448e-01]
 [2.58633799e+00 2.74921756e+00]
 [4.37411048e-01 6.81929209e-01]
 [2.85357926e+00 2.99026028e+00]
 [2.46035901e+00 2.19027363e+00]
 [1.69354013e+00 1.57168841e+00]
 [2.42214223e+00 2.57795342e+00]
 [1.37059888e+00 1.68158997e+00]
 [1.33139423e-01 3.32761107e-01]
 [7.99168252e-01 6.07806376e-01]
 [1.85077089e+00 1.59209232e+00]
 [3.58464501e+00 2.96197852e+00]
 [2.00932962e+00 2.09192406e+00]
 [6.03835922e-01 6.60851963e-01]
 [6.91773449e-01 8.70433389e-01]
 [1.72849411e+00 2.02491481e+00]
 [1.10741028e+00 1.40173747e+00]
 [1.57382844e+00 1.88056681e+00]
 [2.86636136e+00 2.82828773e+00]
 [2.45772575e+00 2.57010749e+00]
 [2.09289013e+00 2.05039470e+00]
 [1.47644397e+00 1.63236415e+00]
 [2.43960746e+00 2.56606924e+00]
 [2.92674229e+00 2.69461514e+00]
 [2.57087522e+00 2.62599818e+00]
 [2.89680270e+00 2.77411254e+00]
 [1.14602514e+00 1.30165013e+00]
 [3.15479600e+00 2.94277103e+00]
 [2.51754755e+00 2.89779920e+00]
 [1.99609303e+00 2.39088676e+00]
 [1.90540746e+00 1.97803481e+00]
 [3.54592002e-01 4.57811961e-01]
 [8.28794145e-02 3.41389069e-01]
 [1.60513157e+00 1.67373598e+00]
 [3.49811591e+00 2.75477577e+00]
 [1.98643533e-01 2.11000325e-01]
 [2.69824555e+00 2.68578110e+00]
 [1.64180695e+00 1.64269281e+00]
 [1.55851459e+00 2.00638982e+00]
 [1.99299633e-01 4.04379354e-01]
 [9.67081995e-01 1.00699140e+00]
 [2.16177797e+00 2.54310140e+00]
 [3.01091827e+00 2.89070126e+00]
 [1.72839607e+00 1.78687529e+00]
 [2.24368629e+00 2.11294020e+00]
 [8.83394465e-01 1.17329737e+00]
 [5.75175060e-01 1.12022140e+00]
 [1.17538818e+00 1.38480624e+00]
 [1.00363744e+00 1.58863983e+00]
 [9.89163923e-01 1.28799217e+00]
 [2.35248838e+00 2.48140801e+00]
 [2.29978366e+00 2.29161815e+00]
 [6.33566919e-01 7.32799990e-01]
 [2.73227295e+00 2.44932719e+00]
 [3.02153422e+00 2.87640755e+00]
 [1.96942004e+00 2.06686514e+00]
 [3.50266536e+00 2.79167946e+00]
 [1.95305249e+00 2.08881025e+00]
 [3.06556168e+00 2.80720880e+00]
 [2.98444262e+00 2.93877052e+00]
 [2.20503310e+00 2.21883589e+00]
 [1.38600052e+00 1.60449670e+00]
 [2.74526722e+00 2.40298367e+00]
 [4.48021746e+00 2.91816106e+00]
 [3.52710224e-01 2.20399963e-01]
 [3.02606448e+00 2.97121859e+00]
 [4.44991104e-01 5.54716771e-01]
 [1.89312939e-01 1.72750517e-01]
 [8.26592452e-01 5.91589039e-01]
 [2.58099231e+00 2.58967945e+00]
 [2.32566972e+00 2.42024043e+00]
 [1.28330495e+00 1.17429109e+00]
 [7.28927156e-01 7.34641916e-01]
 [2.78634115e+00 2.72132717e+00]
 [2.60156818e+00 2.48540444e+00]
 [2.52889693e+00 2.47457569e+00]
 [2.03144214e+00 2.23124759e+00]
 [1.55506534e+00 1.64546727e+00]
 [1.64573001e+00 1.58400419e+00]
 [1.15731468e+00 1.28046405e+00]
 [1.95132352e+00 2.27947619e+00]
 [4.52048578e-01 3.86927952e-01]
 [5.26312633e-01 5.18182390e-01]
 [3.02711004e+00 2.92871479e+00]
 [3.09559817e+00 2.95633474e+00]
 [2.75997514e+00 2.89174767e+00]
 [1.98231345e+00 1.88406970e+00]
 [3.48929893e-01 1.25632711e-01]
 [9.90996147e-01 6.61782246e-01]
 [2.68001287e+00 2.70234934e+00]
 [1.17760978e+00 8.87805156e-01]
 [2.82866073e+00 2.72642410e+00]
 [1.86249383e+00 1.85711890e+00]
 [2.33775027e+00 2.00082763e+00]
 [2.06835082e+00 2.05292887e+00]
 [1.09576903e+00 1.28640208e+00]
 [3.09696083e+00 2.94209711e+00]
 [1.02461073e+00 7.84262143e-01]
 [2.85504381e+00 2.89210840e+00]
 [8.76662959e-01 1.02344047e+00]
 [1.48064962e+00 1.59876768e+00]
 [3.70982118e+00 2.94864236e+00]
 [2.08050386e+00 1.59475040e+00]
 [3.62577640e-01 5.18103264e-01]
 [2.47747491e+00 2.47337883e+00]
 [6.64531188e-01 8.50387297e-01]
 [1.39379204e+00 9.43942820e-01]
 [2.09974127e+00 1.80836029e+00]
 [2.40722949e+00 2.41078388e+00]
 [1.40096318e+00 1.35408558e+00]
 [1.39810590e+00 1.27053016e+00]
 [2.21751921e+00 2.09352497e+00]
 [1.89054293e+00 2.08798953e+00]
 [5.14091837e-01 5.87502701e-01]
 [9.45691875e-01 1.18075024e+00]
 [1.86786192e+00 1.62791115e+00]
 [1.98158615e+00 1.83694799e+00]
 [4.00069842e+00 2.95870058e+00]
 [1.97425240e+00 2.22363988e+00]
 [2.29094343e+00 2.18795676e+00]
 [3.91374707e+00 2.98349379e+00]
 [1.44169052e+00 1.07282762e+00]
 [3.00238737e+00 2.85927533e+00]
 [1.83028433e+00 1.91487122e+00]
 [4.18491084e+00 2.99387999e+00]
 [2.99228142e+00 2.77844769e+00]
 [2.63278355e+00 2.62424286e+00]
 [3.79273125e+00 2.98011519e+00]
 [2.03240180e+00 2.25931759e+00]
 [1.59857994e+00 1.32212831e+00]
 [2.42408691e+00 2.46493738e+00]
 [2.47604354e+00 2.61463714e+00]
 [1.01006996e+00 6.65296356e-01]
 [1.72410002e+00 1.68086973e+00]
 [4.48298002e+00 2.91816106e+00]
 [1.90064228e+00 1.74700472e+00]
 [1.47644397e+00 1.63186995e+00]
 [4.24326475e+00 2.97174090e+00]
 [2.47085975e+00 2.43109335e+00]
 [3.40679877e+00 2.77834035e+00]
 [9.94006692e-02 3.45718884e-03]
 [1.88530387e+00 2.07375345e+00]
 [2.22999245e+00 2.24726277e+00]
 [4.12002333e+00 2.93557199e+00]
 [2.22312536e+00 1.99184205e+00]
 [2.84941163e+00 2.98265236e+00]
 [3.93344003e+00 2.97836614e+00]
 [2.64202188e+00 2.40648325e+00]
 [2.06218271e+00 1.99365556e+00]
 [2.67414710e+00 2.68730062e+00]
 [1.27099856e+00 1.55523002e+00]
 [6.69084611e-01 9.98778878e-01]
 [9.92849442e-01 1.11245685e+00]
 [2.69973907e+00 2.73241842e+00]
 [7.35551510e-01 4.68835696e-01]
 [1.96631281e+00 2.16695741e+00]
 [6.26732686e-01 1.06060459e+00]
 [1.09576903e+00 1.21316352e+00]
 [1.56952292e+00 1.60717020e+00]
 [1.06468307e+00 1.33635611e+00]
 [5.76085033e-01 6.00546349e-01]
 [2.58099231e+00 2.54189590e+00]
 [2.40114824e+00 2.19489687e+00]
 [3.94173433e+00 2.91396141e+00]
 [1.22422613e+00 1.62787457e+00]
 [1.40477768e+00 1.08919670e+00]
 [1.10523943e+00 1.52844108e+00]
 [3.00615025e+00 2.99217457e+00]
 [3.72653321e+00 2.90861404e+00]
 [4.30460543e-01 3.78235441e-01]
 [1.36712051e+00 1.44112871e+00]
 [3.61167165e+00 2.75846472e+00]
 [3.00353223e+00 2.84827025e+00]
 [2.08283365e+00 1.59047039e+00]
 [2.92467798e+00 2.99352271e+00]
 [5.49762473e-01 5.98486638e-01]
 [1.79781975e+00 2.14716618e+00]
 [1.64341126e-01 2.34801021e-01]
 [2.69596582e+00 2.89210840e+00]
 [4.62225165e+00 2.97816297e+00]
 [2.60156818e+00 2.33762107e+00]
 [2.45772575e+00 2.53659432e+00]
 [2.06792888e+00 2.30212712e+00]
 [2.57742853e+00 2.74163148e+00]
 [2.60901043e+00 2.73437646e+00]
 [4.77997203e+00 2.99734188e+00]
 [2.29861136e+00 2.44207617e+00]
 [1.86545276e+00 2.31096758e+00]
 [6.55045408e-01 7.22418053e-01]
 [2.09974127e+00 1.80648009e+00]
 [3.34678799e-01 3.79328048e-01]
 [2.75703087e+00 2.81435538e+00]
 [1.96123660e+00 2.05292887e+00]
 [3.65435842e+00 2.73547482e+00]
 [2.34432754e+00 2.37901615e+00]
 [1.87682837e+00 1.97803481e+00]
 [1.53803916e+00 1.81602736e+00]
 [2.68263694e+00 2.97822240e+00]
 [2.22436553e-01 4.51365085e-01]
 [9.79136668e-01 8.57896699e-01]
 [8.79047836e-01 6.91521431e-01]
 [2.23551821e+00 2.42415295e+00]
 [1.47111661e+00 1.47900081e+00]
 [2.64226148e+00 2.34231885e+00]
 [5.06253137e-01 6.95106931e-01]
 [5.19444851e-01 4.42821874e-01]
 [2.50082113e+00 2.36478750e+00]
 [3.52501317e+00 2.98033846e+00]
 [1.98231345e+00 1.94767045e+00]
 [2.46375461e+00 2.54316304e+00]
 [2.68243643e+00 2.70301862e+00]
 [2.91007090e+00 2.62616955e+00]
 [2.62335155e+00 2.86212088e+00]
 [1.31604562e+00 8.37019070e-01]
 [2.28680091e+00 2.27522160e+00]
 [1.29849197e+00 9.89659319e-01]
 [1.50828775e+00 1.43064887e+00]
 [1.68691864e+00 1.40809889e+00]
 [2.97386358e+00 2.82971425e+00]
 [2.60853954e+00 2.78060813e+00]
 [2.66331100e+00 2.31265173e+00]
 [8.08883600e-01 1.01511361e+00]
 [9.94680151e-01 7.79760509e-01]
 [2.42214223e+00 2.40675141e+00]
 [2.20474593e+00 1.87558857e+00]
 [1.52568462e+00 1.79636675e+00]
 [2.53507079e+00 2.53172682e+00]
 [2.99132740e+00 2.82693256e+00]
 [2.97869413e+00 2.97121859e+00]]
