[[3.60699608e+01 1.65566552e+01]
 [7.76812641e+00 3.22621992e+01]
 [2.61940879e+01 2.05456462e+01]
 [3.44753316e+01 1.71025222e+01]
 [3.38364045e+00 3.78835185e+01]
 [7.01718697e+00 3.32064912e+01]
 [2.06701379e+01 2.30235463e+01]
 [8.35413583e+01 6.42080819e+00]
 [6.42545421e-02 4.82357273e+01]
 [5.60857909e+01 1.11194220e+01]
 [6.81555654e+01 8.66305532e+00]
 [8.89085385e-01 4.35860832e+01]
 [6.14466549e-01 4.47011988e+01]
 [1.45298019e+01 2.68269711e+01]
 [5.83176055e+01 1.06016468e+01]
 [7.04643053e+01 8.30666886e+00]
 [2.37133311e+01 2.18482271e+01]
 [7.07409588e+00 3.29968040e+01]
 [6.16784942e+01 9.95395502e+00]
 [7.64913006e+01 7.61132999e+00]
 [1.04976551e+01 2.98948891e+01]
 [5.10129214e+01 1.23026655e+01]
 [4.83307391e+01 1.30055861e+01]
 [1.04383508e+01 3.05546152e+01]
 [3.09838326e+01 1.84529702e+01]
 [9.65869014e+01 5.29510110e+00]
 [8.61160919e+00 3.19010647e+01]
 [7.47103428e+00 3.27839613e+01]
 [1.93888691e-01 4.71300901e+01]
 [3.56757064e+01 1.67682477e+01]
 [3.01435576e+00 3.87437753e+01]
 [1.17329489e+02 4.34324222e+00]
 [4.66951383e+00 3.58988353e+01]
 [5.69893656e+01 1.08917859e+01]
 [6.83382844e+01 8.64617576e+00]
 [4.34026601e+01 1.43443386e+01]
 [2.13531304e+01 2.26859973e+01]
 [5.00504672e+01 1.25116603e+01]
 [5.13824242e-01 4.54694508e+01]
 [4.03239394e+00 3.69383522e+01]
 [2.38404433e+01 2.15314788e+01]
 [4.75859928e+01 1.32989730e+01]
 [3.69837635e+01 1.63225093e+01]
 [8.64919865e+01 6.15676129e+00]
 [3.36542071e+01 1.74010150e+01]
 [3.20537255e+00 3.81544643e+01]
 [1.27649019e+01 2.80997480e+01]
 [2.40538698e+01 2.14695150e+01]
 [6.48609556e+01 9.26874806e+00]
 [5.05834735e+01 1.23675360e+01]
 [3.43372301e+01 1.71514592e+01]
 [1.93779981e+01 2.37564183e+01]
 [5.01455835e+01 1.24796289e+01]
 [5.40210633e+01 1.15365319e+01]
 [1.10958087e+01 2.96911065e+01]
 [6.83013424e+00 3.33587758e+01]
 [3.12500802e+01 1.84325539e+01]
 [6.43486652e+01 9.37801384e+00]
 [1.20306667e+01 2.85309140e+01]
 [7.44505565e+01 7.63696884e+00]
 [5.89411434e+01 1.05818184e+01]
 [4.67329773e+01 1.33736789e+01]
 [3.88029074e+01 1.58309290e+01]
 [3.01727971e+01 1.87087766e+01]
 [1.34130912e+00 4.22112876e+01]
 [2.15113580e+01 2.25891640e+01]
 [3.35921562e-01 4.59875418e+01]
 [5.79757966e+01 1.06536827e+01]
 [4.76391019e+01 1.32669915e+01]
 [2.15758789e+01 2.25489721e+01]
 [8.12972023e-01 4.41664531e+01]
 [7.79711709e+00 3.22085453e+01]
 [4.45625951e+01 1.40918550e+01]
 [6.96871304e+01 8.40558730e+00]
 [2.47211051e+01 2.10275627e+01]
 [3.79945778e+01 1.59323796e+01]
 [8.62804999e+00 3.15900942e+01]
 [1.31969028e+01 2.76972815e+01]
 [1.05494764e+01 2.98658082e+01]
 [2.77386830e+00 3.89277638e+01]
 [4.67663491e+01 1.33526234e+01]
 [2.37216027e+01 2.17945128e+01]
 [4.21620745e+01 1.46265005e+01]
 [3.75361146e+00 3.72747338e+01]
 [5.38580768e+01 1.16485177e+01]
 [6.96135576e+01 8.42397176e+00]
 [3.26021873e+01 1.77876950e+01]
 [3.27101692e+01 1.77589149e+01]
 [6.91123586e+01 8.55038487e+00]
 [7.01730799e+01 8.31113849e+00]
 [3.91416147e+01 1.55467138e+01]
 [1.79816284e+01 2.45904349e+01]
 [5.32432904e+01 1.18283137e+01]
 [1.14352050e+02 4.60422727e+00]
 [6.91922583e-01 4.44418788e+01]
 [7.19408245e+01 8.01237546e+00]
 [2.02291111e+00 4.05086490e+01]
 [9.54567866e+01 5.83514359e+00]
 [2.62728519e-01 4.64450476e+01]
 [4.13293070e+00 3.68514178e+01]
 [5.34718436e+01 1.16612434e+01]
 [4.50652135e+01 1.38072019e+01]
 [1.21033246e+01 2.84498708e+01]
 [1.02984042e+00 4.31941739e+01]
 [4.28413418e+00 3.64353428e+01]
 [6.06772742e+01 1.00926354e+01]
 [5.17815690e+01 1.20756660e+01]
 [5.00753781e+01 1.24841183e+01]
 [2.05031630e+01 2.31204647e+01]
 [5.52778958e+01 1.14322952e+01]
 [2.08699861e+01 2.29201545e+01]
 [1.19158618e+01 2.86011782e+01]
 [1.41624463e+00 4.19642958e+01]
 [2.18207191e+00 4.01005677e+01]
 [1.11394377e+02 4.68970831e+00]
 [7.09630621e+01 8.18251721e+00]
 [7.32905725e+01 7.80331402e+00]
 [4.81591284e+01 1.31756947e+01]
 [6.39186693e+01 9.46243930e+00]
 [2.99171409e+01 1.88154538e+01]
 [5.50142592e-01 4.53919096e+01]
 [5.68011641e+00 3.48922452e+01]
 [5.79406439e+01 1.06615388e+01]
 [8.69985118e+00 3.15208134e+01]
 [6.17388396e+01 9.88386160e+00]
 [2.76710956e+01 1.97216465e+01]
 [3.39703682e+01 1.72797952e+01]
 [3.11710112e+01 1.84462971e+01]
 [1.14221603e+01 2.90338290e+01]
 [7.29884071e+01 7.85652240e+00]
 [6.65957702e+00 3.35761655e+01]
 [6.60622646e+01 9.04404406e+00]
 [7.26387335e+00 3.28149341e+01]
 [1.89935255e+01 2.39542084e+01]
 [8.98290597e+01 5.87262957e+00]
 [1.59957415e+00 4.15930845e+01]
 [4.90219390e+01 1.27469474e+01]
 [2.93961870e+01 1.92370874e+01]
 [4.65904102e+00 3.60155754e+01]
 [1.13347372e+01 2.94563357e+01]
 [3.07163213e+01 1.85980647e+01]
 [4.64265309e+01 1.34264990e+01]
 [1.51849824e+01 2.62457580e+01]
 [1.42757879e+01 2.68825864e+01]
 [3.72009529e+01 1.61897965e+01]
 [3.17354115e+01 1.81485282e+01]
 [2.43779936e+00 3.95935045e+01]
 [9.15401703e+00 3.10240831e+01]
 [1.75210694e+01 2.48550859e+01]
 [4.90329696e+01 1.27447142e+01]
 [3.98748676e+01 1.53214381e+01]
 [5.05675235e+00 3.54073223e+01]
 [1.39730904e+01 2.73822381e+01]
 [7.92591256e+00 3.20759247e+01]
 [4.14497823e+01 1.48385144e+01]
 [4.82223931e+01 1.30942588e+01]
 [1.69298285e+01 2.51770984e+01]
 [2.79712804e+01 1.96417636e+01]
 [5.75792510e+01 1.07423058e+01]
 [9.05147208e+00 3.10878785e+01]
 [7.81015401e+01 7.50721621e+00]
 [5.05931111e+01 1.23580513e+01]
 [1.12563542e+02 4.61899045e+00]
 [3.58698109e+01 1.66942565e+01]
 [6.61619021e+01 9.02592107e+00]
 [3.33897905e+01 1.75347100e+01]
 [2.30434604e+01 2.18734693e+01]
 [4.12293989e+01 1.49039371e+01]
 [5.44347107e+01 1.14605044e+01]
 [1.28795764e+01 2.78991219e+01]
 [3.22178809e+01 1.79195645e+01]
 [4.91193270e+01 1.27227092e+01]
 [1.23207130e+01 2.83339418e+01]
 [1.37598590e+01 2.76887889e+01]
 [6.61417418e+01 9.03827594e+00]
 [1.79380408e+00 4.13790873e+01]
 [2.00815849e+01 2.34084469e+01]
 [4.39640374e-01 4.55664526e+01]
 [2.44833864e+01 2.11385864e+01]
 [5.18429185e+01 1.20486714e+01]
 [2.94408593e+01 1.90306909e+01]
 [3.16526455e+01 1.81961120e+01]
 [1.45844736e+00 4.19336739e+01]
 [1.27484502e+00 4.23426409e+01]
 [4.43745424e+00 3.62292753e+01]
 [4.67903225e+01 1.33335571e+01]
 [3.58871443e+01 1.66119742e+01]
 [5.64166434e+01 1.09935914e+01]
 [3.77851895e+01 1.59822847e+01]
 [1.17781117e+01 2.89667885e+01]
 [1.83121196e-01 4.75809303e+01]
 [3.39274790e+01 1.73066756e+01]
 [4.35200644e+01 1.42521590e+01]
 [1.78210098e+01 2.46159642e+01]
 [2.75020028e+01 1.99278034e+01]
 [1.09044881e+02 4.91569062e+00]
 [4.35073455e+00 3.63951523e+01]
 [8.51591886e+01 6.25235189e+00]
 [1.85063607e+01 2.42079513e+01]
 [6.74419276e+01 8.87204075e+00]
 [3.88487896e+01 1.57705961e+01]
 [1.66261574e+01 2.53559030e+01]
 [4.41120704e+00 3.63923879e+01]
 [1.87153846e+01 2.40887617e+01]
 [3.35630286e+01 1.74455284e+01]
 [5.15455784e+01 1.21702998e+01]
 [7.95212519e+01 6.99289618e+00]
 [3.00905144e+01 1.87644685e+01]
 [2.22891981e+01 2.23304529e+01]
 [2.38126354e+00 3.97141845e+01]
 [6.59381941e+01 9.06587229e+00]
 [5.82434022e+00 3.45389707e+01]
 [5.71524893e+01 1.08456381e+01]
 [4.07084372e-01 4.59639061e+01]
 [2.83335701e+01 1.94465841e+01]
 [2.53845025e+00 3.94605676e+01]
 [7.86276229e+01 7.02053565e+00]
 [1.52645382e+00 4.18363207e+01]
 [6.32719540e+01 9.60142966e+00]
 [4.37954621e+01 1.41936808e+01]
 [9.31997685e+00 3.07822541e+01]
 [1.97049491e+01 2.36946398e+01]
 [3.28953695e+01 1.77518317e+01]
 [4.17564675e+01 1.48371536e+01]
 [1.98528579e+01 2.34626558e+01]
 [4.05409816e+01 1.52150165e+01]
 [8.60680585e+01 6.18675308e+00]
 [1.07067738e+00 4.30333348e+01]
 [1.74116391e+01 2.48920913e+01]
 [1.15048948e+02 4.49264544e+00]
 [6.70981046e+01 8.87591156e+00]
 [7.40025142e+01 7.68229805e+00]
 [6.24507453e+01 9.81397463e+00]
 [3.37041306e+01 1.73792193e+01]
 [3.12572979e+00 3.83515200e+01]
 [5.63097930e+01 1.10239032e+01]
 [4.51496223e-02 4.85167793e+01]
 [2.75708986e+01 1.99141581e+01]
 [4.62239923e+01 1.36096719e+01]
 [3.18312411e+01 1.81153899e+01]
 [6.58431781e+01 9.08359315e+00]
 [1.80809918e+01 2.44832659e+01]
 [8.72023477e+01 6.03607025e+00]
 [5.46249989e+01 1.14393599e+01]
 [1.83807821e+00 4.10103230e+01]
 [1.26283914e+02 4.09808882e+00]
 [4.48051611e+01 1.38750957e+01]
 [3.51563371e+01 1.69223124e+01]
 [2.11381437e+01 2.28720745e+01]
 [1.21431973e+02 4.22177001e+00]
 [6.00581811e+01 1.04578138e+01]
 [2.74675561e+00 3.94239503e+01]
 [4.97852944e+01 1.25617617e+01]
 [3.60317470e+01 1.65863751e+01]
 [5.57076409e+01 1.13478720e+01]
 [1.01570893e+02 4.94435867e+00]
 [2.12847077e+01 2.28571014e+01]
 [4.90048609e+00 3.56017874e+01]
 [7.15766012e+01 8.07367771e+00]
 [4.71300423e+01 1.32994876e+01]
 [5.57900031e+01 1.12307888e+01]
 [6.02979314e+01 1.01685022e+01]
 [1.58706335e+01 2.58456976e+01]
 [2.70795637e+01 2.00547291e+01]
 [1.18809105e+01 2.86302525e+01]
 [2.57873680e+01 2.07982106e+01]
 [2.81213881e+00 3.88666399e+01]
 [3.26715847e-01 4.60436636e+01]
 [6.09299848e+01 1.00381455e+01]
 [2.66510067e+01 2.01628312e+01]
 [3.43787866e-02 4.88524718e+01]
 [3.63206457e+01 1.64652701e+01]
 [5.15754170e-01 4.54658833e+01]
 [3.53399625e+01 1.68202475e+01]
 [7.32075671e+01 7.81834542e+00]
 [6.46888960e+00 3.36362010e+01]]
