[[3.60699608e+01 1.65566552e+01]
 [7.76812641e+00 3.22621992e+01]
 [2.61940879e+01 2.05456462e+01]
 [3.44753316e+01 1.71025222e+01]
 [3.38364045e+00 3.78835185e+01]
 [7.01718697e+00 3.32064912e+01]
 [2.06701379e+01 2.30235463e+01]
 [8.35413583e+01 6.42080819e+00]
 [6.42545421e-02 4.82357273e+01]
 [5.60857909e+01 1.11194220e+01]
 [6.81555654e+01 8.66305532e+00]
 [8.89085385e-01 4.35860832e+01]
 [6.14466549e-01 4.47011988e+01]
 [1.45298019e+01 2.68269711e+01]
 [6.31740452e+01 9.92629840e+00]
 [5.83176055e+01 1.06016468e+01]
 [7.04643053e+01 8.30666886e+00]
 [2.37133311e+01 2.18482271e+01]
 [7.07409588e+00 3.29968040e+01]
 [6.16784942e+01 9.95395502e+00]
 [1.04976551e+01 2.98948891e+01]
 [5.10129214e+01 1.23026655e+01]
 [4.83307391e+01 1.30055861e+01]
 [3.09838326e+01 1.84529702e+01]
 [1.07577721e+02 5.06983686e+00]
 [9.12337203e+00 3.15838444e+01]
 [9.65869014e+01 5.29510110e+00]
 [3.17043014e+01 1.83835391e+01]
 [7.47103428e+00 3.27839613e+01]
 [1.93888691e-01 4.71300901e+01]
 [3.01435576e+00 3.87437753e+01]
 [1.17329489e+02 4.34324222e+00]
 [4.66951383e+00 3.58988353e+01]
 [5.69893656e+01 1.08917859e+01]
 [2.62542348e+00 3.94629533e+01]
 [6.83382844e+01 8.64617576e+00]
 [2.13531304e+01 2.26859973e+01]
 [4.18005687e+01 1.50087135e+01]
 [5.00504672e+01 1.25116603e+01]
 [1.88251444e+01 2.41843976e+01]
 [6.00929066e+00 3.48282781e+01]
 [5.13824242e-01 4.54694508e+01]
 [2.58119506e+00 3.96677531e+01]
 [4.96488974e+01 1.29432400e+01]
 [4.03239394e+00 3.69383522e+01]
 [2.38404433e+01 2.15314788e+01]
 [4.75859928e+01 1.32989730e+01]
 [3.69837635e+01 1.63225093e+01]
 [8.64919865e+01 6.15676129e+00]
 [3.54154819e+01 1.70003975e+01]
 [3.36542071e+01 1.74010150e+01]
 [3.20537255e+00 3.81544643e+01]
 [4.94481916e+00 3.56141364e+01]
 [2.83518875e+01 1.95538827e+01]
 [1.27649019e+01 2.80997480e+01]
 [6.48609556e+01 9.26874806e+00]
 [5.05834735e+01 1.23675360e+01]
 [3.43372301e+01 1.71514592e+01]
 [1.93779981e+01 2.37564183e+01]
 [5.01455835e+01 1.24796289e+01]
 [6.33070848e+01 9.61319687e+00]
 [5.40210633e+01 1.15365319e+01]
 [1.10958087e+01 2.96911065e+01]
 [6.83013424e+00 3.33587758e+01]
 [6.43486652e+01 9.37801384e+00]
 [1.20306667e+01 2.85309140e+01]
 [2.25733983e+01 2.24263055e+01]
 [7.44505565e+01 7.63696884e+00]
 [5.89411434e+01 1.05818184e+01]
 [4.67329773e+01 1.33736789e+01]
 [3.01727971e+01 1.87087766e+01]
 [1.34130912e+00 4.22112876e+01]
 [2.15113580e+01 2.25891640e+01]
 [3.35921562e-01 4.59875418e+01]
 [5.79757966e+01 1.06536827e+01]
 [4.76391019e+01 1.32669915e+01]
 [9.12935351e+00 3.13889598e+01]
 [2.15758789e+01 2.25489721e+01]
 [2.66596827e+01 2.02184574e+01]
 [2.58182713e+01 2.08055238e+01]
 [8.12972023e-01 4.41664531e+01]
 [7.79711709e+00 3.22085453e+01]
 [4.45625951e+01 1.40918550e+01]
 [9.29939777e+00 3.10579557e+01]
 [1.79399730e+01 2.52554634e+01]
 [6.96871304e+01 8.40558730e+00]
 [2.47211051e+01 2.10275627e+01]
 [1.42926711e+01 2.71591155e+01]
 [3.79945778e+01 1.59323796e+01]
 [8.62804999e+00 3.15900942e+01]
 [1.31969028e+01 2.76972815e+01]
 [1.41242585e+01 2.76082919e+01]
 [2.76770048e+01 1.99347921e+01]
 [1.05494764e+01 2.98658082e+01]
 [2.32632100e+01 2.22242980e+01]
 [2.77386830e+00 3.89277638e+01]
 [4.67663491e+01 1.33526234e+01]
 [2.37216027e+01 2.17945128e+01]
 [4.21620745e+01 1.46265005e+01]
 [3.75361146e+00 3.72747338e+01]
 [5.38580768e+01 1.16485177e+01]
 [6.96135576e+01 8.42397176e+00]
 [3.26021873e+01 1.77876950e+01]
 [3.27101692e+01 1.77589149e+01]
 [6.91123586e+01 8.55038487e+00]
 [7.01730799e+01 8.31113849e+00]
 [3.91416147e+01 1.55467138e+01]
 [1.79816284e+01 2.45904349e+01]
 [5.32432904e+01 1.18283137e+01]
 [7.34291820e+01 7.93473231e+00]
 [6.91922583e-01 4.44418788e+01]
 [7.19408245e+01 8.01237546e+00]
 [2.02291111e+00 4.05086490e+01]
 [2.62728519e-01 4.64450476e+01]
 [4.13293070e+00 3.68514178e+01]
 [5.34718436e+01 1.16612434e+01]
 [2.24910830e+01 2.25071271e+01]
 [4.50652135e+01 1.38072019e+01]
 [1.21033246e+01 2.84498708e+01]
 [1.02984042e+00 4.31941739e+01]
 [4.28413418e+00 3.64353428e+01]
 [6.06772742e+01 1.00926354e+01]
 [5.17815690e+01 1.20756660e+01]
 [5.00753781e+01 1.24841183e+01]
 [3.64208919e+01 1.64783257e+01]
 [2.05031630e+01 2.31204647e+01]
 [9.78344699e-01 4.33391620e+01]
 [3.79101874e+01 1.59751309e+01]
 [4.46868299e+01 1.39213823e+01]
 [6.34480049e-02 4.83518156e+01]
 [2.08075761e+01 2.29574739e+01]
 [4.61592341e+01 1.36574160e+01]
 [5.92227241e+01 1.04288361e+01]
 [1.00721923e+01 3.00780301e+01]
 [2.23832442e+00 4.01459751e+01]
 [2.97037617e+01 1.91686116e+01]
 [9.32541815e+01 5.83941876e+00]
 [3.39234606e+01 1.73045668e+01]
 [4.86319909e+01 1.29904326e+01]
 [6.91448444e+01 8.54404469e+00]
 [5.47043205e+01 1.13938158e+01]
 [9.75606261e+00 3.06521014e+01]
 [6.36976674e+01 9.57516595e+00]
 [8.87319038e+01 6.07742563e+00]
 [6.12771184e+01 9.96844807e+00]
 [5.26844066e+01 1.18674381e+01]
 [8.19457499e+00 3.18069006e+01]
 [7.61852609e+01 7.35780007e+00]
 [6.80602545e+01 8.68874018e+00]
 [5.67882594e+01 1.10218419e+01]
 [5.32913329e+01 1.17056751e+01]
 [7.58005925e+01 7.42649282e+00]
 [8.16522951e+00 3.19783986e+01]
 [3.10370656e+01 1.84276081e+01]
 [2.85054171e+01 1.93927887e+01]
 [1.31264751e+01 2.79049440e+01]
 [4.81114407e+01 1.30554018e+01]
 [3.28483224e+01 1.76857873e+01]
 [4.15062484e+01 1.51192414e+01]
 [7.09900471e+01 8.17014670e+00]
 [1.06941404e+02 5.19128188e+00]
 [5.31974903e+00 3.53681464e+01]
 [1.18079162e+02 4.24145365e+00]
 [1.08319188e+02 4.59124587e+00]
 [1.94424543e+01 2.37077886e+01]
 [2.37758927e+01 2.17736932e+01]
 [2.09997563e+01 2.28550094e+01]
 [4.14655519e+01 1.51670880e+01]
 [1.32346082e+01 2.76407868e+01]
 [4.76834213e+01 1.30975635e+01]
 [1.68452801e+00 4.13787867e+01]
 [1.32183841e+02 4.15023016e+00]
 [7.54020821e+00 3.26303859e+01]
 [2.72580864e+01 2.01829372e+01]
 [1.63508493e+01 2.56572509e+01]
 [2.41373607e+01 2.13418348e+01]
 [2.93621979e+01 1.92732328e+01]
 [5.41080765e-01 4.53530340e+01]
 [6.33215024e+01 9.61011396e+00]
 [8.45996811e+01 6.31393685e+00]
 [3.99106303e+01 1.53149438e+01]
 [6.03738504e+01 1.02396030e+01]
 [3.86569236e+01 1.57061659e+01]
 [1.18709768e+01 2.86590681e+01]
 [3.20851418e+01 1.80455133e+01]
 [3.00891497e+01 1.91157910e+01]
 [6.31806695e+00 3.38464908e+01]
 [8.01467612e+01 6.84533118e+00]
 [2.48118163e+00 3.98131311e+01]
 [1.75008477e+01 2.54894052e+01]
 [4.33148067e+01 1.43859853e+01]
 [4.75592986e-01 4.56793443e+01]
 [5.69803343e+01 1.09805340e+01]
 [2.80584782e+01 1.98576704e+01]
 [1.04384366e+02 5.23366579e+00]
 [4.33651098e+01 1.43281122e+01]
 [8.31008791e+01 6.80275755e+00]
 [8.06255260e+01 6.82261299e+00]
 [5.22442580e+01 1.19760272e+01]
 [5.49798219e+01 1.13195662e+01]
 [1.17071396e+01 2.96898610e+01]
 [1.04967262e+02 5.22157952e+00]
 [2.40077272e+01 2.13575080e+01]
 [3.54202031e+01 1.69039748e+01]
 [2.66483834e+01 2.03326787e+01]
 [4.74410767e+00 3.57955956e+01]
 [1.48525428e-01 4.73124087e+01]
 [6.91526911e+01 8.49150625e+00]
 [3.22321539e+01 1.79235891e+01]
 [9.57307202e-02 4.81591271e+01]
 [1.30859512e+01 2.80494309e+01]
 [1.17229984e+01 2.87414855e+01]
 [3.54355802e+01 1.67810076e+01]
 [1.51964284e+01 2.67102215e+01]
 [1.17539420e+02 4.33302554e+00]
 [2.51754441e+01 2.08955495e+01]
 [3.96117960e+01 1.54009409e+01]
 [1.15304896e+02 4.43710036e+00]
 [3.32604708e-02 4.89187878e+01]
 [4.51806517e+01 1.37718520e+01]
 [3.54504563e+01 1.67615698e+01]
 [2.52003171e+01 2.08083985e+01]
 [9.45230251e+01 5.44395393e+00]
 [1.93064031e+01 2.37612876e+01]
 [2.38646749e+01 2.14674360e+01]
 [2.59039164e+01 2.07143370e+01]
 [6.71210062e+01 8.88015777e+00]
 [6.70682600e+00 3.36534265e+01]
 [4.72751273e+01 1.33027556e+01]
 [3.76579372e+00 3.72570284e+01]
 [7.78598104e+01 7.12139195e+00]
 [6.96171697e+01 8.41330392e+00]
 [5.82165471e+01 1.06502031e+01]]
