[[0.14238603 0.96843764]
 [0.15086643 0.94784555]
 [0.13152061 0.98201446]
 [0.98293382 0.12234942]
 [0.77151919 0.69931278]
 [0.5467089  0.78133691]
 [0.08638148 1.00892116]
 [0.78903692 0.53370227]
 [0.77596985 0.69880556]
 [0.47861503 0.89585617]
 [0.98783538 0.10845609]
 [0.94135418 0.17340694]
 [0.06733202 1.02917634]
 [0.52600294 0.84090798]
 [0.73515478 0.76711768]
 [0.05621335 1.04058982]
 [0.84541229 0.49349308]
 [0.78093437 0.55092916]
 [0.16135288 0.94055824]
 [0.93957834 0.21125261]
 [0.9090167  0.46653726]
 [0.76537172 0.7245092 ]
 [0.17849758 0.93389105]
 [0.77933781 0.6072218 ]
 [0.7996922  0.53312041]
 [0.45335651 0.92192177]
 [0.75549374 0.73880524]
 [0.05702179 1.03515377]
 [0.12215505 0.99131087]
 [0.57940853 0.77902326]
 [0.95374447 0.15353195]
 [0.46955742 0.9212625 ]
 [0.81456446 0.52381866]
 [0.52887912 0.78901001]
 [1.04331311 0.06837345]]
