[[8.08023860e+00 2.35001702e-02]
 [3.09438862e+01 6.32318815e-04]
 [7.69797962e+00 2.50018848e-02]
 [1.05242319e+01 3.05958115e-03]
 [3.17540609e+01 5.86265437e-04]
 [3.38617780e+01 5.43930070e-04]
 [3.96120204e+01 4.48727077e-04]
 [2.82044388e+01 7.07147280e-04]
 [2.97609110e+01 6.61109304e-04]
 [1.05671807e+01 3.04016337e-03]
 [7.99103765e+00 2.49575826e-02]
 [1.81122738e+01 1.18664332e-03]
 [1.85645132e+01 1.05504603e-03]
 [1.40681129e+01 1.45398602e-03]
 [1.06551147e+01 2.92781572e-03]
 [2.67345400e+01 7.80872257e-04]
 [3.52076866e+01 4.94464298e-04]
 [3.98755980e+01 4.45422586e-04]
 [1.90990251e+01 9.47002448e-04]
 [7.53616533e+00 2.59702572e-02]
 [1.48389011e+01 1.33668570e-03]
 [1.86349257e+01 1.05008969e-03]
 [1.09112016e+01 2.80863082e-03]
 [8.42413447e+00 3.75947931e-03]
 [1.82733826e+01 1.17079619e-03]
 [2.51504757e+01 8.15542554e-04]
 [2.12056276e+01 8.47369830e-04]
 [8.08806468e+00 1.03033017e-02]
 [1.19761265e+01 2.45624318e-03]
 [3.40410126e+01 5.08951516e-04]
 [1.30892734e+01 1.99113090e-03]
 [1.85170145e+01 1.14249536e-03]
 [7.20483327e+00 3.26906935e-02]
 [1.59095963e+01 1.31384739e-03]
 [2.72768769e+01 7.29494143e-04]]
