[[0.62822678 4.53414591 9.09509548 1.55636897]
 [0.43379929 4.27441307 8.65190854 0.52291692]
 [1.02679196 8.45817405 9.82763891 4.57948067]
 [1.52433924 1.41875043 9.37709581 4.04857475]
 [1.68005678 1.30700616 9.63388057 2.58191717]
 [1.18582585 2.56987231 9.60000241 1.2892189 ]
 [1.04256965 1.81511829 9.40087105 1.9611576 ]
 [4.10829991 0.50374857 9.63819987 4.5607145 ]
 [3.54608634 0.39391118 9.20844951 4.64335094]
 [0.55839707 4.53414591 9.08988522 1.38005913]
 [3.39866835 0.49048371 9.77757406 3.77013062]
 [4.00836981 6.50419999 9.79344774 4.95354995]
 [1.36438273 0.93245491 8.47433508 2.3063396 ]
 [0.49657593 3.33434245 9.48881637 0.91937637]
 [1.43272792 3.2574651  9.63402015 4.78705507]
 [0.43379929 4.35943973 8.65605181 0.60855835]
 [0.41167172 5.98657849 9.31679967 0.61949325]
 [1.65016989 1.5157577  9.02295352 3.16497818]
 [1.52433924 1.67455634 9.37709581 4.65599863]
 [0.41348889 2.8490495  9.95279327 3.26994716]
 [0.5475283  5.98657849 9.54669242 0.94713361]
 [1.14022038 4.12639896 9.93051544 1.70528635]]
