[[1.80726435e+01 1.00756347e-03]
 [1.81251063e+01 9.98542666e-04]
 [2.23705433e+01 8.32326883e-04]
 [1.15056466e+01 1.67447375e-03]
 [3.45908492e+01 4.81096813e-04]
 [3.38576390e+01 5.16421502e-04]
 [1.15722117e+01 1.66443554e-03]
 [6.74897397e+00 3.23407407e-03]
 [1.30975993e+01 1.55480000e-03]
 [3.79124988e+01 4.56123711e-04]
 [1.66482787e+01 1.10653464e-03]
 [6.95141856e+00 2.81268833e-03]
 [9.60019054e+00 1.97382380e-03]
 [3.18489623e+01 6.04040011e-04]
 [2.73626837e+01 6.73340238e-04]
 [3.33855087e+01 5.86009911e-04]
 [3.75336567e+01 4.58089002e-04]
 [3.22269530e+01 6.01104743e-04]
 [2.84229957e+01 6.71626006e-04]
 [9.73560303e+00 1.92689498e-03]
 [3.35038361e+01 5.64104433e-04]
 [3.45983840e+01 4.80842403e-04]
 [3.14835294e+01 6.11667687e-04]
 [2.57959895e+01 7.05510958e-04]
 [1.10071708e+01 1.82997091e-03]
 [8.04012488e+00 2.62478389e-03]
 [1.34342612e+01 1.38372648e-03]
 [5.30832929e+00 4.38304252e-03]
 [1.60250859e+01 1.23807054e-03]
 [8.17940745e+00 2.31295674e-03]
 [2.31835704e+01 7.80316317e-04]
 [1.84377561e+01 9.39155883e-04]
 [2.72496805e+01 6.79400243e-04]
 [4.08419646e+00 5.70898724e-03]
 [2.34766848e+01 7.76610037e-04]
 [1.19838224e+01 1.63398242e-03]
 [1.64831842e+01 1.13927100e-03]
 [3.05377262e+01 6.22611356e-04]
 [7.39544624e+00 2.76556220e-03]
 [1.37140391e+01 1.37866572e-03]
 [1.29238795e+01 1.56780285e-03]
 [2.46543605e+01 7.46859675e-04]
 [8.89230364e+00 2.26039723e-03]
 [3.03765916e+01 6.35093016e-04]
 [2.96742929e+01 6.39349084e-04]
 [3.50783320e+01 4.74174003e-04]
 [2.00337631e+01 8.74296158e-04]
 [2.39109175e+01 7.51472273e-04]
 [2.95896355e+01 6.51421324e-04]
 [2.60359037e+01 6.86847177e-04]
 [3.86686339e+01 4.49904488e-04]
 [9.09175013e+00 2.14998274e-03]]
