[[1.28032157e+01 2.07749133e-03]
 [1.88568906e+01 1.23695565e-03]
 [4.40794852e+00 7.72590098e-03]
 [5.74383581e+00 4.84958805e-03]
 [2.70516374e+00 1.60076492e-02]
 [2.24770516e+01 9.62147232e-04]
 [1.93790565e+01 1.08145396e-03]
 [3.60356153e+00 8.28151198e-03]
 [3.41368810e+01 5.36158369e-04]
 [2.14025711e+01 1.00548968e-03]
 [3.62025402e+00 8.14964421e-03]
 [4.63968892e+00 5.08247261e-03]
 [2.37322869e+01 8.73024250e-04]
 [2.79150131e+01 8.02129355e-04]
 [5.27957879e+01 4.50731743e-04]
 [4.98387530e+01 4.70862529e-04]
 [1.88817708e+01 1.18922781e-03]
 [3.25483446e+01 5.48532128e-04]
 [1.28512583e+01 2.06812532e-03]
 [2.59183481e+01 8.18740589e-04]
 [6.61057134e+00 4.02963098e-03]
 [1.28522254e+01 2.06153557e-03]
 [2.14146005e+01 9.62628924e-04]
 [1.76301764e+01 1.24777269e-03]
 [4.56571741e+00 7.22698915e-03]
 [3.87944789e+01 4.81930181e-04]
 [2.78696407e+01 8.06305396e-04]
 [2.36314134e+01 9.42510676e-04]
 [5.75396664e+00 4.69823010e-03]
 [6.23647744e+00 4.36597242e-03]
 [1.29774825e+01 1.49419150e-03]
 [3.75697827e+01 5.34347141e-04]
 [2.49879816e+01 8.53097634e-04]
 [3.44245829e+00 1.01851635e-02]
 [2.58892007e+01 8.26886175e-04]
 [3.34767665e+00 1.34055647e-02]
 [3.02525389e+01 6.52477994e-04]
 [3.89495575e+01 4.75478490e-04]
 [7.89476028e+00 3.00856826e-03]
 [5.63449571e+00 5.00747062e-03]
 [1.14016027e+01 2.11313040e-03]
 [1.65905388e+01 1.28453870e-03]]
