[[1.86260211e-03 3.45560727e-03 1.79353495e+00]
 [4.30247271e-03 9.73802078e-03 2.35560178e+00]
 [1.98569888e-03 4.26701009e-03 1.68669248e+00]
 [5.41559379e-03 9.74740371e-03 2.27320880e+00]
 [3.81016124e-03 7.49858311e-03 2.02228296e+00]
 [2.74119775e-03 5.60529991e-03 2.34345957e+00]
 [4.44117107e-03 8.28135361e-03 1.85269631e+00]
 [4.32981507e-03 9.09311989e-03 2.21095800e+00]
 [1.15103041e-03 2.27001165e-03 2.19196477e+00]
 [3.93884008e-03 6.88955048e-03 1.80800322e+00]
 [3.72748802e-03 7.10354578e-03 1.91128685e+00]
 [4.79737567e-03 9.46676679e-03 2.10686741e+00]
 [8.48018217e-04 2.02463036e-03 2.70847595e+00]
 [2.31462936e-03 4.26821349e-03 1.49622293e+00]
 [9.04097157e-04 1.28975984e-03 1.21052505e+00]
 [2.37214058e-03 5.39490891e-03 2.49856157e+00]
 [1.32906238e-03 2.83462432e-03 2.60128235e+00]
 [1.08067485e-03 1.91272052e-03 1.77409247e+00]
 [2.78504172e-03 6.14781891e-03 2.33033671e+00]
 [6.56219990e-04 1.80729214e-03 2.38861388e+00]
 [8.48018217e-04 2.02463036e-03 2.78339840e+00]
 [2.73809704e-03 4.60512309e-03 2.09512854e+00]
 [2.76146128e-03 6.91056322e-03 2.43385800e+00]
 [2.69654701e-03 5.79447166e-03 1.76106815e+00]
 [4.60358241e-03 9.17611427e-03 2.17810376e+00]
 [1.98569888e-03 4.26701009e-03 1.83835492e+00]
 [1.26641592e-03 1.95440905e-03 1.91244158e+00]
 [6.52053233e-04 1.02212012e-03 1.37007012e+00]
 [1.39858061e-03 2.74634248e-03 2.10263915e+00]
 [3.80537250e-03 7.49858311e-03 2.02930113e+00]
 [4.03671511e-03 9.31304605e-03 2.50124864e+00]
 [4.33883376e-03 8.30171789e-03 1.93295864e+00]
 [2.75672784e-03 5.04700608e-03 1.99611125e+00]
 [3.85325258e-03 8.64640771e-03 2.29361777e+00]
 [4.20626454e-03 8.07698409e-03 1.85710520e+00]
 [2.62364507e-03 4.69134440e-03 1.67908174e+00]
 [1.55528584e-03 3.03266050e-03 1.85864569e+00]
 [2.79323803e-03 5.55900211e-03 2.07353664e+00]
 [3.93763109e-03 6.83464900e-03 1.79598128e+00]
 [2.39851588e-03 4.24292374e-03 1.54391222e+00]
 [2.01596634e-03 3.27524056e-03 1.60964887e+00]
 [3.08983936e-03 6.25981674e-03 1.62299862e+00]
 [4.33658012e-03 7.69572941e-03 1.61501630e+00]
 [4.41586341e-03 9.34291760e-03 2.39363632e+00]
 [4.44117107e-03 8.28135361e-03 1.83377389e+00]
 [2.53888621e-03 5.79720557e-03 1.85759032e+00]
 [2.52815798e-03 4.47809106e-03 1.66883879e+00]
 [4.00154798e-03 8.38761143e-03 2.07621000e+00]
 [5.16037153e-03 9.02723569e-03 1.57478940e+00]
 [1.01489195e-03 1.99495546e-03 1.84755662e+00]
 [9.04097157e-04 1.31693280e-03 1.21052505e+00]
 [4.69947915e-03 9.53456117e-03 1.86641349e+00]
 [2.64079646e-03 5.98788918e-03 2.74616699e+00]
 [3.18690173e-03 6.97148529e-03 2.23720149e+00]
 [1.13946537e-03 2.52325745e-03 2.48765171e+00]
 [2.06417461e-03 3.94739868e-03 2.15699501e+00]
 [1.39276347e-03 2.81574259e-03 1.79535367e+00]
 [7.38187448e-04 1.35079158e-03 2.01132433e+00]
 [7.75581242e-04 1.79538271e-03 2.53386236e+00]
 [4.93963846e-04 1.52703189e-03 1.92058384e+00]
 [5.41559379e-03 9.74740371e-03 2.28082842e+00]
 [4.06921994e-03 9.99003220e-03 2.90701303e+00]
 [1.56816581e-03 4.15671420e-03 2.26454212e+00]
 [9.88408537e-04 1.91272052e-03 1.81135909e+00]
 [1.88582610e-03 4.25089342e-03 2.38341256e+00]
 [4.34298271e-03 9.53699009e-03 2.60792178e+00]
 [2.44121883e-03 5.61104398e-03 2.72446719e+00]]
