[[2.08511002 2.16097348]
 [0.93130106 1.03668218]
 [1.98383737 1.6164502 ]
 [2.09597257 2.0556585 ]
 [0.70193469 0.59430447]
 [1.05814058 0.79663998]
 [1.63322451 1.58117431]
 [3.45448459 2.99196855]
 [0.09940067 0.07863296]
 [2.92879636 2.90878724]
 [0.29958845 0.36403037]
 [0.22275939 0.32248239]
 [0.97714741 1.74407678]
 [1.1992388  1.48130914]
 [2.62335155 2.77442391]
 [3.08389179 2.84704896]
 [0.88098128 0.99619072]
 [2.9100709  2.63649595]
 [0.99284944 1.28010303]
 [2.63857323 2.40648325]
 [2.59505814 2.31265173]
 [2.07924359 1.8500552 ]
 [4.33304137 2.84941797]
 [3.91374707 2.97141535]
 [1.23866451 0.78651925]
 [1.10716367 0.80121606]
 [0.09166321 0.20017499]
 [1.9742524  2.24081549]
 [0.72779116 0.47319021]
 [4.52904748 2.96986554]
 [0.73396187 0.79289245]
 [2.58633799 2.74921756]
 [0.43741105 0.68192921]
 [2.85357926 2.99026028]
 [2.46035901 2.19027363]
 [1.69354013 1.57168841]
 [2.52259585 2.02154702]
 [2.42214223 2.57795342]
 [1.37059888 1.68158997]
 [1.07056068 0.59684377]
 [0.13313942 0.33276111]
 [0.79916825 0.60780638]
 [1.85077089 1.59209232]
 [2.63951989 2.22023263]
 [2.01610236 2.27624079]
 [3.58464501 2.96197852]
 [2.00932962 2.09192406]
 [0.60383592 0.66085196]
 [0.69177345 0.87043339]
 [1.72849411 2.02491481]
 [1.10741028 1.40173747]
 [1.57382844 1.88056681]
 [2.86636136 2.82828773]
 [2.45772575 2.57010749]
 [2.09289013 2.0503947 ]
 [1.47644397 1.63236415]
 [2.43960746 2.56606924]
 [2.92674229 2.69461514]
 [2.57087522 2.62599818]
 [0.91976721 1.38851736]
 [0.80755385 1.02732192]
 [2.8968027  2.77411254]
 [1.14602514 1.30165013]
 [3.154796   2.94277103]
 [2.49966186 2.33129469]
 [1.90540746 1.97803481]
 [0.354592   0.45781196]
 [0.08287941 0.34138907]
 [1.60513157 1.67373598]
 [3.49811591 2.75477577]
 [0.19864353 0.21100032]
 [2.69824555 2.6857811 ]
 [2.23317523 2.63110317]
 [1.64180695 1.64269281]
 [1.93002006 1.71462628]
 [4.37062968 2.85340686]
 [1.55851459 2.00638982]
 [0.19929963 0.40437935]
 [0.967082   1.0069914 ]
 [1.24145364 0.88523573]
 [3.01091827 2.89070126]
 [1.72839607 1.78687529]
 [2.24368629 2.1129402 ]
 [0.88339447 1.17329737]
 [1.17538818 1.38480624]
 [1.00363744 1.58863983]
 [0.98916392 1.28799217]
 [0.61386065 0.56270968]
 [2.35248838 2.48140801]
 [2.29978366 2.29161815]
 [0.63356692 0.73279999]
 [2.73227295 2.44932719]
 [3.02153422 2.87640755]
 [1.96942004 2.06686514]
 [1.95305249 2.08881025]
 [2.98444262 2.93877052]
 [2.2050331  2.21883589]
 [1.38600052 1.6044967 ]
 [0.35271022 0.22039996]
 [1.73347441 1.06094336]
 [3.02606448 2.97121859]
 [0.4449911  0.55471677]
 [4.00329829 2.79960701]
 [0.18931294 0.17275052]
 [0.82659245 0.59158904]
 [2.58099231 2.58967945]
 [2.32566972 2.42024043]
 [1.28330495 1.17429109]
 [0.28987907 0.41644955]
 [0.72892716 0.73464192]
 [2.78634115 2.72132717]
 [2.60156818 2.48540444]
 [2.52889693 2.47457569]
 [2.03144214 2.23124759]
 [1.4399344  0.94325167]
 [3.83094183 2.8230398 ]
 [1.55506534 1.64546727]
 [2.39868784 2.84003004]
 [1.64573001 1.58400419]
 [1.15731468 1.28046405]
 [1.95132352 2.27947619]
 [0.45204858 0.38692795]
 [0.52631263 0.51818239]
 [3.02711004 2.92871479]
 [3.09559817 2.95633474]
 [1.78564038 1.6044967 ]
 [1.32989262 1.33438019]
 [2.55616901 2.66286973]
 [1.99236751 1.58400419]
 [0.98124925 1.11576637]
 [2.59522446 2.32106913]
 [0.5244798  0.55471677]
 [1.81336601 1.90359796]
 [3.36456076 2.97979902]
 [2.49987726 2.20403111]
 [2.39050581 2.57010749]
 [2.4472502  2.07868691]
 [1.22717336 1.01884266]
 [1.26790875 0.95792124]
 [3.99312024 2.94317445]
 [4.08371722 2.90405042]
 [2.56501305 2.78082066]
 [2.52996221 2.8977992 ]
 [2.67530704 2.61876713]
 [1.95305249 1.86134731]
 [0.71396641 0.56218118]
 [1.59413315 1.77662656]
 [2.42214223 2.58877878]
 [2.20476685 1.79780927]
 [0.63676211 0.25284915]
 [2.03400419 2.23142049]
 [2.25540506 2.12110432]
 [1.69661848 1.457972  ]
 [4.52904748 2.98180438]
 [2.62378026 2.47222945]
 [2.78174867 2.82828773]
 [1.52606147 1.50979039]
 [4.34513845 2.99382389]
 [1.09084328 0.80121606]
 [3.37872046 2.76872721]
 [0.66034178 0.6096611 ]
 [0.71335407 0.93750414]
 [0.66209783 0.43804109]
 [2.96529279 2.88576143]
 [2.5450952  2.34168081]
 [2.84811428 2.56606924]
 [0.56147045 0.81841927]
 [2.07231735 1.78954619]
 [1.74994351 1.79884759]
 [0.91070229 0.69696424]
 [2.08491885 2.09027537]
 [0.9583547  0.99431535]
 [0.93698824 1.44352097]
 [2.94605434 2.83758544]
 [2.76741264 2.55589615]
 [1.60818129 1.64135364]
 [4.30013974 2.99256682]
 [2.22891178 2.05500618]
 [0.48612503 0.71326287]
 [3.89403327 2.79116838]
 [2.71033168 2.56294769]
 [3.43980361 2.75937318]
 [1.45258519 1.49975172]
 [2.43599028 2.71144371]
 [4.00970446 2.80116272]
 [1.97441131 1.71002206]
 [2.02444344 2.27833063]
 [2.35850148 2.08729264]
 [2.03312236 2.30333158]
 [1.03833701 1.17891899]
 [0.83985766 0.93750414]
 [0.92794016 1.08073774]
 [0.36380852 0.27553828]
 [2.58298429 2.62599818]
 [3.34710623 2.96411777]
 [0.5397183  0.33598024]
 [0.082985   0.09823176]
 [0.30549899 0.62465137]
 [2.61666862 2.5129099 ]
 [2.10622589 2.04812249]
 [1.62648111 1.78687529]
 [0.63744415 0.80457637]
 [1.56926871 1.52123977]
 [0.75439939 0.7386332 ]
 [2.7412337  2.62117261]
 [2.7262825  2.8794346 ]
 [2.59202777 2.97810262]
 [1.67224428 1.66974281]
 [1.72088356 1.05196951]
 [2.76940244 2.96476244]
 [3.08389179 2.92455091]
 [3.32969353 2.96409252]
 [1.90540746 1.98343056]
 [2.48689896 2.62972596]
 [0.09940067 0.01703098]
 [1.98383737 1.77855511]
 [2.60553666 2.74313439]
 [2.62010799 2.69461514]
 [3.39534418 2.98623324]
 [3.17764498 2.85697403]
 [2.88766581 2.98654978]
 [1.67501854 2.10593914]
 [2.8968027  2.74637654]
 [1.97548434 1.59828994]
 [2.63463798 2.31265173]
 [1.29988081 1.17431706]
 [2.52259585 2.13926716]
 [2.10799342 2.5078876 ]
 [3.95931938 2.79303034]
 [2.52889693 2.50535255]
 [1.231139   1.64269281]
 [3.81272576 2.82248389]
 [1.99609303 1.94079701]
 [0.83983892 0.90353171]
 [2.22748194 2.62135533]
 [2.14221238 2.57476354]
 [0.63034345 0.98929271]
 [1.34542586 1.61503475]
 [0.1648815  0.21944899]
 [2.07924359 1.89014057]]
