[[2.08511002 2.16097348]
 [0.93130106 1.03668218]
 [1.98383737 1.6164502 ]
 [2.09597257 2.0556585 ]
 [2.08652401 1.67606949]
 [0.70193469 0.59430447]
 [1.63322451 1.58117431]
 [3.45448459 2.99196855]
 [0.09940067 0.07863296]
 [2.76410989 2.52609268]
 [2.92879636 2.90878724]
 [0.29958845 0.36403037]
 [0.22275939 0.32248239]
 [1.1992388  1.48130914]
 [2.62335155 2.77442391]
 [3.08389179 2.84704896]
 [1.95003857 1.457972  ]
 [0.88098128 0.99619072]
 [2.9100709  2.63649595]
 [0.99284944 1.28010303]
 [2.63857323 2.40648325]
 [2.07924359 1.8500552 ]
 [3.91374707 2.97141535]
 [1.23866451 0.78651925]
 [1.10716367 0.80121606]
 [0.09166321 0.20017499]
 [1.9742524  2.24081549]
 [4.52904748 2.96986554]
 [0.73396187 0.79289245]
 [2.58633799 2.74921756]
 [0.43741105 0.68192921]
 [2.85357926 2.99026028]
 [2.46035901 2.19027363]
 [1.69354013 1.57168841]
 [2.42214223 2.57795342]
 [1.37059888 1.68158997]
 [0.13313942 0.33276111]
 [0.79916825 0.60780638]
 [2.01610236 2.27624079]
 [3.58464501 2.96197852]
 [2.00932962 2.09192406]
 [0.60383592 0.66085196]
 [0.69177345 0.87043339]
 [1.72849411 2.02491481]
 [1.10741028 1.40173747]
 [1.57382844 1.88056681]
 [2.86636136 2.82828773]
 [2.45772575 2.57010749]
 [2.09289013 2.0503947 ]
 [1.47644397 1.63236415]
 [2.43960746 2.56606924]
 [2.92674229 2.69461514]
 [2.57087522 2.62599818]
 [0.80755385 1.02732192]
 [2.14018735 1.79780927]
 [2.8968027  2.77411254]
 [1.14602514 1.30165013]
 [1.91233729 1.40936712]
 [3.154796   2.94277103]
 [2.49966186 2.33129469]
 [1.99609303 2.39088676]
 [1.90540746 1.97803481]
 [0.354592   0.45781196]
 [0.08287941 0.34138907]
 [1.60513157 1.67373598]
 [0.19864353 0.21100032]
 [2.69824555 2.6857811 ]
 [1.64180695 1.64269281]
 [1.93002006 1.71462628]
 [0.19929963 0.40437935]
 [0.967082   1.0069914 ]
 [3.01091827 2.89070126]
 [1.72839607 1.78687529]
 [2.24368629 2.1129402 ]
 [0.88339447 1.17329737]
 [0.57517506 1.1202214 ]
 [1.17538818 1.38480624]
 [0.98916392 1.28799217]
 [1.97441131 1.38473913]
 [0.61386065 0.56270968]
 [2.35248838 2.48140801]
 [2.29978366 2.29161815]
 [3.02153422 2.87640755]
 [1.96942004 2.06686514]
 [1.95305249 2.08881025]
 [3.06556168 2.8072088 ]
 [2.98444262 2.93877052]
 [2.2050331  2.21883589]
 [2.74526722 2.40298367]
 [0.35271022 0.22039996]
 [3.02606448 2.97121859]
 [0.4449911  0.55471677]
 [0.18931294 0.17275052]
 [0.82659245 0.59158904]
 [2.58099231 2.58967945]
 [1.39164065 1.91992371]
 [1.28330495 1.17429109]
 [0.28987907 0.41644955]
 [0.72892716 0.73464192]
 [2.78634115 2.72132717]
 [2.60156818 2.48540444]
 [2.52889693 2.47457569]
 [2.03144214 2.23124759]
 [1.55506534 1.64546727]
 [2.39868784 2.84003004]
 [1.64573001 1.58400419]
 [1.15731468 1.28046405]
 [1.95132352 2.27947619]
 [0.45204858 0.38692795]
 [0.52631263 0.51818239]
 [3.02711004 2.92871479]
 [3.09559817 2.95633474]
 [2.75997514 2.89174767]
 [1.98231345 1.8840697 ]
 [2.68001287 2.70234934]
 [1.17760978 0.88780516]
 [2.82866073 2.7264241 ]
 [1.86249383 1.8571189 ]
 [2.33775027 2.00082763]
 [2.06835082 2.05292887]
 [2.12862206 1.80602352]
 [1.09576903 1.28640208]
 [3.09696083 2.94209711]
 [1.02461073 0.78426214]
 [2.85504381 2.8921084 ]
 [0.87666296 1.02344047]
 [1.48064962 1.59876768]
 [0.3354473  0.59594479]
 [3.70982118 2.94864236]
 [2.08050386 1.5947504 ]
 [0.36257764 0.51810326]
 [2.47747491 2.47337883]
 [1.69770434 2.11349159]
 [0.66453119 0.8503873 ]
 [2.40722949 2.41078388]
 [1.40096318 1.35408558]
 [1.3981059  1.27053016]
 [2.21751921 2.09352497]
 [1.89054293 2.08798953]
 [0.51409184 0.5875027 ]
 [0.94569187 1.18075024]
 [1.37237056 1.58014758]
 [2.48782192 2.46353089]
 [2.2022028  2.26252508]
 [1.95386537 1.4017157 ]
 [0.7337369  0.85194968]
 [1.5109075  1.10019594]
 [1.00798317 0.98257217]
 [2.28852644 2.26386668]
 [4.29305852 2.84262465]
 [1.77451255 1.9605931 ]
 [2.71308206 2.65216864]
 [0.95636026 1.1611387 ]
 [0.99116145 0.85714949]
 [2.2376419  2.55371299]
 [1.39179665 1.4624139 ]
 [1.25480769 1.27947884]
 [0.57913373 0.81165598]
 [2.52881674 2.35950229]
 [2.94454352 2.52755463]
 [1.68360545 1.75928826]
 [0.811225   0.58378121]
 [0.07544654 0.09658321]
 [0.57646713 0.62429223]
 [0.21314841 0.29832077]
 [2.31237233 2.60884226]
 [1.1745111  1.12214015]
 [2.41559966 2.49232094]
 [2.33767387 2.50456214]
 [1.37446445 1.46177993]
 [1.30093827 1.47656778]
 [2.04191234 1.81330145]
 [2.09532071 2.08881025]
 [1.64976521 2.00638982]
 [1.98689053 1.58285632]
 [3.48966331 2.77352203]
 [0.16168325 0.17371001]
 [3.08488728 2.83273023]
 [0.12784711 0.11716435]
 [2.2050331  1.99152891]
 [2.18115942 2.0754331 ]
 [1.76613426 2.01601805]
 [1.50997774 1.65666747]
 [1.41700893 1.93525692]
 [2.37145604 2.49206954]
 [3.16545446 2.99026028]
 [4.37701931 2.9978448 ]
 [2.28444148 2.42208159]
 [3.30361881 2.90878724]
 [2.84717171 2.88905597]
 [1.50229842 1.59386343]
 [4.27670791 2.88649477]
 [2.76566834 2.89174767]
 [2.80474378 2.70782908]
 [1.5109075  1.10538343]
 [0.53359485 0.55471677]
 [1.70306661 1.34252442]
 [0.80512427 0.70738277]
 [1.56384839 1.56733696]
 [3.0789337  2.64065993]
 [0.52845673 0.6404934 ]
 [3.40627645 2.83152153]
 [2.48545608 2.60584299]
 [2.86636136 2.90885009]
 [1.36728162 1.57730988]
 [2.36844442 2.30276089]
 [2.54278863 2.72132717]
 [4.33522721 2.96948109]
 [2.09560504 2.17493459]
 [2.63452673 2.79305379]
 [1.5369074  1.45498729]
 [1.68310555 1.37263531]
 [2.02299082 1.94851889]
 [2.07553901 2.42103129]
 [2.22836478 2.22815036]
 [1.37731013 1.46813565]
 [0.20174983 0.34535204]
 [0.07544654 0.11317383]
 [2.80146725 2.98391014]
 [2.38255295 2.62777963]
 [2.32758464 2.43538402]
 [2.10125956 2.53152129]
 [1.09576903 1.2716247 ]
 [1.49391312 1.09582338]
 [0.43768319 0.33692889]
 [2.59225395 2.8921084 ]
 [0.66704771 0.70120308]
 [1.96008778 1.44120085]
 [4.14181939 2.8891726 ]
 [0.98262241 1.12892799]
 [1.47869984 1.49577993]
 [2.86828667 2.93396067]
 [2.75244419 2.80568844]
 [0.90278689 1.1611387 ]
 [1.0764541  1.02951303]
 [2.79640574 2.7264241 ]
 [2.25154779 2.32048854]
 [1.54988544 1.61092482]
 [2.75592061 2.51350568]
 [2.57782507 2.87841182]
 [1.66189612 1.57168841]
 [0.7816139  0.86944968]
 [2.04773128 1.96241204]
 [2.61109928 2.68763418]
 [2.52220868 2.66007597]
 [4.52904748 2.98791014]
 [2.63857323 2.34566785]
 [1.71011581 1.83351119]
 [2.85615183 2.81189311]
 [1.43353001 1.54311962]
 [1.46498942 1.36092026]
 [3.02606448 2.79813449]
 [1.06173118 1.51081836]
 [3.2425675  2.95633474]
 [2.89152059 2.98692367]
 [4.23465409 2.95036315]
 [2.36428862 2.49308939]
 [1.15731468 1.09430656]
 [0.52631263 0.37496463]
 [2.66102169 2.44425542]
 [2.92052751 2.62265958]
 [0.97037808 0.88523573]
 [2.6019234  2.68049552]
 [2.21533888 2.20979486]
 [0.91369163 0.74755468]
 [3.62051105 2.97583504]
 [3.68677611 2.99196855]
 [2.34657852 2.39907582]
 [4.12587665 2.88445218]
 [3.71474265 2.97858281]
 [2.45772575 2.69846119]
 [3.35864892 2.94969153]
 [2.03714763 1.8749455 ]
 [1.07805252 1.39262379]
 [0.43741105 0.68214644]
 [2.79858491 2.61144946]
 [2.00505156 2.16600794]
 [0.87025008 1.28439978]
 [1.06942066 0.67655731]
 [3.53422186 2.96021658]
 [1.45478726 1.4497062 ]
 [2.00087321 2.03117155]
 [0.98482565 1.27613704]
 [2.76169947 2.99172937]
 [3.02683174 2.8734806 ]
 [2.99433114 2.64679373]]
