[[4.86621314e+00 6.48194950e-03]
 [5.84779630e+01 5.05021991e-04]
 [5.26519165e+01 5.15072990e-04]
 [8.42493582e+00 2.79476072e-03]
 [1.62072948e+01 1.34727829e-03]
 [3.04950242e+01 8.01750723e-04]
 [1.26053579e+01 1.94096797e-03]
 [4.68705222e+01 5.17868136e-04]
 [1.38360304e+01 1.60393668e-03]
 [2.27834975e+01 8.27861171e-04]
 [3.58344254e+01 5.53558458e-04]
 [1.00971753e+01 2.35563459e-03]
 [3.06727193e+01 5.87859066e-04]
 [1.19018453e+01 2.01583875e-03]
 [6.21381964e+01 4.69669054e-04]
 [7.92991471e+01 4.60322299e-04]
 [2.07220897e+01 9.33748240e-04]]
