[[2.08511002 2.16097348]
 [0.93130106 1.03668218]
 [2.09597257 2.0556585 ]
 [0.70193469 0.59430447]
 [1.05814058 0.79663998]
 [1.63322451 1.58117431]
 [3.45448459 2.99196855]
 [0.09940067 0.07863296]
 [0.62086658 0.83755104]
 [2.92879636 2.90878724]
 [0.29958845 0.36403037]
 [0.22275939 0.32248239]
 [1.1992388  1.48130914]
 [0.88098128 0.99619072]
 [2.16838174 2.42208159]
 [1.42788141 1.76050002]
 [2.63857323 2.40648325]
 [2.59505814 2.31265173]
 [2.07924359 1.8500552 ]
 [3.91374707 2.97141535]
 [2.2095214  1.74473222]
 [1.23866451 0.78651925]
 [0.09166321 0.20017499]
 [1.9742524  2.24081549]
 [0.72779116 0.47319021]
 [4.52904748 2.96986554]
 [0.73396187 0.79289245]
 [0.43741105 0.68192921]
 [0.284822   0.68644101]
 [2.85357926 2.99026028]
 [2.46035901 2.19027363]
 [1.69354013 1.57168841]
 [2.42214223 2.57795342]
 [0.13313942 0.33276111]
 [0.40264764 0.69510693]
 [1.85077089 1.59209232]
 [2.63951989 2.22023263]
 [2.01610236 2.27624079]
 [2.00932962 2.09192406]
 [0.60383592 0.66085196]
 [2.46035901 2.08306527]
 [1.03935306 0.74418979]
 [4.54001554 2.97830192]
 [2.29102208 1.93772757]
 [1.1102457  1.43186599]
 [0.81492297 1.08363528]
 [2.48435944 2.23600329]
 [0.13313942 0.05050218]
 [1.44309988 1.75515587]
 [2.63279852 2.41426369]
 [4.29414933 2.9868931 ]
 [2.80541449 2.29771669]
 [0.96481366 1.45442203]
 [2.73607968 2.42961319]
 [0.79495252 0.8684212 ]
 [1.77737887 1.58782597]
 [1.76271712 1.67145854]
 [4.52870296 2.96986554]
 [0.69526052 0.22693778]
 [2.87058803 2.94135457]
 [2.50207793 2.74764664]
 [3.39575416 2.92135062]
 [2.76366476 2.79708125]
 [2.63857323 2.59860304]
 [1.14902885 1.55805547]
 [0.04100642 0.07863296]
 [2.53215857 2.50387702]
 [2.47218703 2.23539211]
 [3.29014461 2.88206705]
 [0.74714592 0.93750414]
 [0.93130106 1.06549998]
 [2.58509118 2.48418932]
 [0.09417422 0.05050218]
 [3.53025902 2.97363325]
 [2.09808626 1.68605773]
 [3.06947698 2.86793983]
 [2.46327546 2.3090616 ]
 [2.09597257 2.20370456]
 [0.63618485 0.41140725]
 [3.58464501 2.9871371 ]
 [1.71420121 1.50867485]
 [0.83693694 0.72607036]
 [1.68190159 1.53869847]
 [4.00372284 2.9928725 ]
 [0.33591691 0.37937842]
 [2.61973385 2.51776744]
 [1.13773286 1.08691217]
 [1.85077089 1.75208128]
 [2.9450554  2.51676114]
 [2.95385026 2.71519909]
 [1.89370615 2.17235973]
 [4.64444214 2.97830192]
 [4.2857651  2.9868931 ]
 [2.8298846  2.96549477]
 [0.70193469 0.75222212]
 [0.85714337 0.47166407]
 [1.64991143 1.58879517]
 [1.70064198 1.63934092]
 [4.21200696 2.99279685]
 [2.5215465  2.65273048]
 [2.80751648 2.29103152]
 [0.85737111 1.05944022]
 [1.9958016  2.39746341]
 [0.51167214 0.85201089]
 [0.0330286  0.07863296]
 [0.74095201 0.83592835]
 [2.67663931 2.72207998]
 [1.7681214  1.96988404]
 [1.86701399 2.14929257]
 [2.50679164 2.24615273]
 [3.91451813 2.99576757]
 [2.44523853 2.21151953]
 [1.06568655 1.07708965]
 [1.11498087 1.60140902]
 [0.42522106 0.47242449]
 [2.70503522 2.81074355]
 [3.41598909 2.97141535]
 [3.75010882 2.92834036]
 [3.58464501 2.99156867]
 [1.88290157 2.10680265]
 [1.20663648 1.10476169]
 [2.77004737 2.96549477]
 [1.94644825 1.91562039]
 [1.9135834  1.59907586]
 [2.02234712 2.24557859]
 [3.50402373 2.97305756]
 [1.9958016  2.39702671]
 [4.29414933 2.99722488]
 [0.96481366 1.0074969 ]
 [4.69957944 2.99279685]
 [2.76410989 2.49785371]
 [1.48066691 1.60775754]
 [1.14902885 1.58059614]
 [1.90278363 1.60428905]
 [2.61060769 2.67737374]
 [1.52441527 1.88067018]
 [0.22948515 0.36860424]
 [0.89588724 1.05944022]
 [1.39551771 1.71293361]
 [1.10716367 0.77767384]
 [3.38066385 2.95863646]
 [3.28372523 2.94156925]
 [0.06116598 0.24204341]
 [3.91543385 2.99834311]
 [4.71474712 2.99184133]
 [2.7932595  2.74921756]
 [1.34687584 1.17301667]
 [2.46035901 2.52696116]
 [2.75034567 2.7330036 ]
 [1.53034461 1.88067018]
 [1.1639314  1.5943892 ]
 [2.09597257 2.05843408]
 [0.67531911 0.93750414]
 [4.47906365 2.97830192]
 [4.42818558 2.9865865 ]
 [1.2941351  1.27602862]
 [1.16006119 1.2356994 ]
 [4.21409821 2.97456595]
 [0.63912907 0.59658798]
 [2.3506192  2.01650778]
 [0.9421649  1.06978975]
 [2.79258275 2.42779406]
 [2.20015357 2.24081549]
 [2.11741888 1.91061095]
 [0.90085906 0.86155281]
 [2.68188539 2.63458519]
 [0.63389281 0.95259388]
 [1.13007894 1.72828883]
 [2.81139839 2.99026028]
 [2.08720123 2.04731897]
 [0.23868091 0.33276111]
 [2.54190192 2.69303252]
 [2.00816036 2.20370456]
 [2.53691511 2.15378294]
 [1.45020521 1.35339075]
 [2.70749926 2.56693958]
 [2.02036271 2.17800656]
 [0.97565747 1.1243023 ]
 [1.93912534 1.89312561]
 [3.62111588 2.9871371 ]
 [3.09258589 2.9491952 ]
 [0.73396187 0.76740327]
 [2.58144623 2.76907673]
 [0.51167214 0.84917025]
 [1.82200317 1.67145854]
 [2.05473431 1.82727468]
 [0.45805443 0.71438655]
 [2.58509118 2.26583328]
 [2.81945283 2.7084837 ]
 [1.51815327 1.63742953]
 [1.24168058 1.02987003]
 [2.73288821 2.99736444]
 [3.15407562 2.74560095]
 [3.75277381 2.96840757]
 [1.15681271 1.45442203]
 [2.46719754 2.1474612 ]
 [1.56942295 1.58031003]
 [2.76837875 2.75459679]
 [2.63951989 2.16305727]
 [3.84476068 2.96548888]
 [1.32976243 1.33905918]
 [3.35813611 2.99974604]
 [3.28811436 2.99082414]
 [2.67929264 2.70977522]
 [4.36390247 2.9816068 ]
 [4.72308468 2.99836315]
 [2.67663931 2.6643735 ]
 [1.79657339 1.95643699]
 [1.21433505 1.43186599]
 [2.01610236 1.6325208 ]
 [0.68565966 0.72856829]
 [0.72025453 0.7773808 ]
 [4.43202155 2.9866022 ]
 [3.92499338 2.99823144]
 [2.67663931 2.91838466]
 [1.07004881 1.1171678 ]
 [2.50271268 2.00911705]
 [1.55069922 1.49554735]
 [2.79808065 2.97830192]
 [2.51756447 2.6387937 ]
 [1.92918033 2.09553925]
 [3.5602464  2.97928224]
 [2.96132235 2.78749117]
 [2.60417351 2.73228773]
 [1.69199873 1.58782597]
 [4.21200696 2.99392782]
 [2.54780761 2.46756912]
 [1.05814058 0.78133901]
 [2.72572003 2.78336305]
 [4.08413945 2.97327034]
 [1.69294652 1.85666578]
 [1.97816254 1.59907586]
 [0.33560543 0.47712422]
 [2.29469679 2.62449728]
 [2.59505814 2.3548848 ]
 [0.3724827  0.23423633]
 [0.85466265 1.08262787]
 [0.0330286  0.19242179]
 [1.16006119 1.08940269]
 [2.06817667 1.91562039]
 [2.56327087 2.80249664]
 [0.16284441 0.19661803]
 [1.49315737 1.53540023]
 [1.05219016 1.43844362]
 [1.04980475 1.25460805]
 [0.69161863 0.38888284]
 [2.11136432 2.22587875]
 [1.3006076  1.17301667]
 [0.65410511 0.78764625]
 [0.10971302 0.36340193]
 [0.57439933 0.71438655]
 [1.69354013 1.43428282]
 [4.42344438 2.9865865 ]
 [4.15523619 2.99722488]
 [1.62898562 1.6698828 ]
 [1.33904981 1.5943892 ]
 [2.05202754 2.50333678]
 [2.44517925 2.61769144]
 [3.21889545 2.90410484]
 [2.21176455 2.52696116]
 [1.34687584 1.02188999]
 [2.04922169 2.33559369]
 [1.44299196 1.48563342]
 [3.45448459 2.99498736]
 [2.0651354  2.28577023]
 [0.7274502  0.90459053]
 [1.10808441 0.89649011]
 [3.92908145 2.9928568 ]
 [1.77604087 1.69274059]
 [2.09524554 2.38656299]
 [0.14637285 0.04123296]
 [2.51410642 2.4547066 ]
 [2.97736184 2.80429449]
 [1.8280175  2.17800656]
 [0.09114679 0.30693253]
 [1.69354013 1.36160374]
 [3.07270236 2.95374285]
 [3.50396607 2.97305756]
 [1.93507877 1.59907586]
 [2.64330004 2.79660537]
 [2.82910634 2.77437697]
 [2.120494   1.67606949]
 [3.00827254 2.91963981]
 [1.83848148 2.13513689]
 [0.44164777 0.71438655]
 [3.03256544 2.97910563]
 [4.36846565 2.99147331]
 [3.53025902 2.97457529]
 [0.42522106 0.47859712]
 [1.93693026 1.75773255]
 [3.84527459 2.97305756]
 [2.66199176 2.97357114]
 [2.60513608 2.69893964]
 [1.17664486 1.02010314]
 [3.22599102 2.84639891]]
