[[3.60699608e+01 1.65566552e+01]
 [7.76812641e+00 3.22621992e+01]
 [2.61940879e+01 2.05456462e+01]
 [3.44753316e+01 1.71025222e+01]
 [2.86511655e+01 1.95368564e+01]
 [3.38364045e+00 3.78835185e+01]
 [7.01718697e+00 3.32064912e+01]
 [2.06701379e+01 2.30235463e+01]
 [8.35413583e+01 6.42080819e+00]
 [6.42545421e-02 4.82357273e+01]
 [5.60857909e+01 1.11194220e+01]
 [6.81555654e+01 8.66305532e+00]
 [8.89085385e-01 4.35860832e+01]
 [6.14466549e-01 4.47011988e+01]
 [5.83176055e+01 1.06016468e+01]
 [7.04643053e+01 8.30666886e+00]
 [7.07409588e+00 3.29968040e+01]
 [6.16784942e+01 9.95395502e+00]
 [5.10129214e+01 1.23026655e+01]
 [4.83307391e+01 1.30055861e+01]
 [3.09838326e+01 1.84529702e+01]
 [9.65869014e+01 5.29510110e+00]
 [8.61160919e+00 3.19010647e+01]
 [7.47103428e+00 3.27839613e+01]
 [1.93888691e-01 4.71300901e+01]
 [3.56757064e+01 1.67682477e+01]
 [3.01435576e+00 3.87437753e+01]
 [4.66951383e+00 3.58988353e+01]
 [5.69893656e+01 1.08917859e+01]
 [2.62542348e+00 3.94629533e+01]
 [6.83382844e+01 8.64617576e+00]
 [4.34026601e+01 1.43443386e+01]
 [2.13531304e+01 2.26859973e+01]
 [4.18005687e+01 1.50087135e+01]
 [5.00504672e+01 1.25116603e+01]
 [1.88251444e+01 2.41843976e+01]
 [6.00929066e+00 3.48282781e+01]
 [5.13824242e-01 4.54694508e+01]
 [2.58119506e+00 3.96677531e+01]
 [4.96488974e+01 1.29432400e+01]
 [4.03239394e+00 3.69383522e+01]
 [2.38404433e+01 2.15314788e+01]
 [4.75859928e+01 1.32989730e+01]
 [3.69837635e+01 1.63225093e+01]
 [8.64919865e+01 6.15676129e+00]
 [3.54154819e+01 1.70003975e+01]
 [3.36542071e+01 1.74010150e+01]
 [3.20537255e+00 3.81544643e+01]
 [4.94481916e+00 3.56141364e+01]
 [2.83518875e+01 1.95538827e+01]
 [1.27649019e+01 2.80997480e+01]
 [2.40538698e+01 2.14695150e+01]
 [6.48609556e+01 9.26874806e+00]
 [5.05834735e+01 1.23675360e+01]
 [3.43372301e+01 1.71514592e+01]
 [1.93779981e+01 2.37564183e+01]
 [5.01455835e+01 1.24796289e+01]
 [6.33070848e+01 9.61319687e+00]
 [5.40210633e+01 1.15365319e+01]
 [1.10958087e+01 2.96911065e+01]
 [6.83013424e+00 3.33587758e+01]
 [3.12500802e+01 1.84325539e+01]
 [6.43486652e+01 9.37801384e+00]
 [1.71358718e+00 4.17938033e+01]
 [1.20306667e+01 2.85309140e+01]
 [7.44505565e+01 7.63696884e+00]
 [4.67329773e+01 1.33736789e+01]
 [3.88029074e+01 1.58309290e+01]
 [3.01727971e+01 1.87087766e+01]
 [1.34130912e+00 4.22112876e+01]
 [4.93661976e-01 4.58807307e+01]
 [2.15113580e+01 2.25891640e+01]
 [3.35921562e-01 4.59875418e+01]
 [5.79757966e+01 1.06536827e+01]
 [4.76391019e+01 1.32669915e+01]
 [9.12935351e+00 3.13889598e+01]
 [2.15758789e+01 2.25489721e+01]
 [2.66596827e+01 2.02184574e+01]
 [2.58182713e+01 2.08055238e+01]
 [8.12972023e-01 4.41664531e+01]
 [7.79711709e+00 3.22085453e+01]
 [9.29939777e+00 3.10579557e+01]
 [6.96871304e+01 8.40558730e+00]
 [2.47211051e+01 2.10275627e+01]
 [1.42926711e+01 2.71591155e+01]
 [3.79945778e+01 1.59323796e+01]
 [8.62804999e+00 3.15900942e+01]
 [6.34288930e+00 3.46317578e+01]
 [1.31969028e+01 2.76972815e+01]
 [2.77386830e+00 3.89277638e+01]
 [4.67663491e+01 1.33526234e+01]
 [4.21620745e+01 1.46265005e+01]
 [3.75361146e+00 3.72747338e+01]
 [5.38580768e+01 1.16485177e+01]
 [6.96135576e+01 8.42397176e+00]
 [3.26021873e+01 1.77876950e+01]
 [3.27101692e+01 1.77589149e+01]
 [7.01730799e+01 8.31113849e+00]
 [3.91416147e+01 1.55467138e+01]
 [1.79816284e+01 2.45904349e+01]
 [5.32432904e+01 1.18283137e+01]
 [1.14352050e+02 4.60422727e+00]
 [6.91922583e-01 4.44418788e+01]
 [7.19408245e+01 8.01237546e+00]
 [2.02291111e+00 4.05086490e+01]
 [2.62728519e-01 4.64450476e+01]
 [4.13293070e+00 3.68514178e+01]
 [5.34718436e+01 1.16612434e+01]
 [4.50652135e+01 1.38072019e+01]
 [1.21033246e+01 2.84498708e+01]
 [1.02984042e+00 4.31941739e+01]
 [4.28413418e+00 3.64353428e+01]
 [6.06772742e+01 1.00926354e+01]
 [5.17815690e+01 1.20756660e+01]
 [5.00753781e+01 1.24841183e+01]
 [3.64208919e+01 1.64783257e+01]
 [1.18525391e+01 2.91312741e+01]
 [2.05031630e+01 2.31204647e+01]
 [5.52778958e+01 1.14322952e+01]
 [2.08699861e+01 2.29201545e+01]
 [1.19158618e+01 2.86011782e+01]
 [3.60147008e+01 1.66956781e+01]
 [1.41624463e+00 4.19642958e+01]
 [2.18207191e+00 4.01005677e+01]
 [1.11394377e+02 4.68970831e+00]
 [7.09630621e+01 8.18251721e+00]
 [7.32905725e+01 7.80331402e+00]
 [6.39186693e+01 9.46243930e+00]
 [2.99171409e+01 1.88154538e+01]
 [5.50142592e-01 4.53919096e+01]
 [5.68011641e+00 3.48922452e+01]
 [5.79406439e+01 1.06615388e+01]
 [8.69985118e+00 3.15208134e+01]
 [6.17388396e+01 9.88386160e+00]
 [2.76710956e+01 1.97216465e+01]
 [3.78735500e+01 1.60826086e+01]
 [3.39703682e+01 1.72797952e+01]
 [7.71487421e+00 3.25365975e+01]
 [3.74544297e+01 1.61442584e+01]
 [3.01569616e+01 1.87715475e+01]
 [6.03803233e+01 1.01743614e+01]
 [2.87186038e+01 1.94661885e+01]
 [6.67110708e+01 9.06013245e+00]
 [6.73108073e+01 8.82428662e+00]
 [3.23321977e+01 1.80810364e+01]
 [1.73318145e+01 2.48951816e+01]
 [3.18244764e+01 1.80954895e+01]
 [4.62489241e+01 1.34744568e+01]
 [2.89461061e+01 1.93403834e+01]
 [1.41921313e+01 2.73783137e+01]
 [3.67330221e+01 1.63530969e+01]
 [9.54858471e+00 3.05370568e+01]
 [2.18615070e+01 2.24073927e+01]
 [1.91860047e+01 2.40866830e+01]
 [3.23578982e+01 1.78915652e+01]
 [5.89388715e+01 1.04608590e+01]
 [4.33980780e+00 3.63940186e+01]
 [2.10229930e+01 2.28435102e+01]
 [2.93990742e+01 1.92623189e+01]
 [4.80831659e+01 1.30449208e+01]
 [5.01551899e-01 4.54998537e+01]
 [2.05380524e+01 2.31189689e+01]
 [5.32908667e-02 4.84326114e+01]
 [5.74664856e+01 1.08045121e+01]
 [6.44904793e+01 9.34552974e+00]
 [3.59506419e-01 4.59461095e+01]
 [2.31282047e+01 2.17910195e+01]
 [6.94420609e+01 8.47060861e+00]
 [3.64007812e+01 1.64889141e+01]
 [2.44161250e+01 2.12287212e+01]
 [1.72150885e+01 2.51386534e+01]
 [6.89589968e+01 8.52067777e+00]
 [2.86827791e+01 1.95339334e+01]
 [9.44407244e+00 3.06514177e+01]
 [4.54555357e+00 3.61829685e+01]
 [6.56540782e+01 9.16002350e+00]
 [6.15093882e+01 1.00298843e+01]
 [1.43340419e+01 2.68253636e+01]
 [8.46979806e-01 4.37588179e+01]
 [7.78181959e+00 3.22237280e+01]
 [9.32682278e+01 5.75246490e+00]
 [7.17729527e+01 8.03917100e+00]
 [6.98802704e+01 8.37335465e+00]
 [1.55037202e+01 2.63428755e+01]
 [4.07796504e+01 1.51167067e+01]
 [1.10910123e+02 4.73685272e+00]
 [3.06258160e+01 1.85490949e+01]
 [3.47405786e+01 1.70092241e+01]
 [4.59624077e+01 1.35830770e+01]
 [6.68243170e+01 8.91546599e+00]
 [1.15566566e+02 4.57027291e+00]
 [4.99694076e+01 1.26338889e+01]
 [1.15576135e+02 4.34087801e+00]
 [6.35808975e+01 9.52274735e+00]
 [5.42093504e+01 1.14920501e+01]
 [1.35949692e+01 2.75109854e+01]
 [2.22187298e+01 2.22629553e+01]
 [3.16717053e+01 1.82201074e+01]
 [5.20147034e+01 1.20221734e+01]
 [6.04613693e+01 1.01586678e+01]
 [1.01121309e+01 3.01768410e+01]
 [3.99769030e+01 1.53269539e+01]
 [1.19409944e+01 2.85662987e+01]
 [6.95574106e+00 3.33364160e+01]
 [6.83560187e+01 8.62988556e+00]
 [7.07353750e+00 3.31730648e+01]
 [3.31791654e+01 1.76592887e+01]
 [7.87809046e+01 7.03137079e+00]
 [2.16482730e+01 2.25201440e+01]
 [7.37504119e+00 3.29239492e+01]
 [1.00694488e+02 4.96631840e+00]
 [8.68180527e+01 6.10299849e+00]
 [4.43824503e+01 1.39917598e+01]
 [2.16491005e+00 4.02863924e+01]
 [4.03479207e+01 1.51757393e+01]
 [1.40138843e-01 4.74864539e+01]
 [1.56208021e+01 2.59589616e+01]
 [1.67602497e+01 2.55019147e+01]
 [5.17062136e+01 1.22916962e+01]
 [6.22518428e+01 9.77238735e+00]
 [1.84523414e+01 2.43306738e+01]
 [4.53735607e+01 1.37678833e+01]
 [5.30425400e+01 1.18599457e+01]
 [7.61338351e+01 7.35791563e+00]
 [1.29823247e+02 4.12179158e+00]
 [4.35994964e+01 1.42127571e+01]
 [9.69859977e+01 5.22745699e+00]
 [1.03991435e+01 2.98614785e+01]
 [1.08243613e+01 2.96923634e+01]
 [5.08461803e+01 1.23443672e+01]
 [5.39433103e+01 1.15515856e+01]
 [6.75099250e+01 8.78305744e+00]
 [2.17754917e+00 4.01314332e+01]]
