[[1.62713356e+01 1.46668769e-03]
 [8.42493582e+00 2.79476072e-03]
 [4.01068492e+01 4.81810774e-04]
 [2.15986280e+01 9.50885037e-04]
 [1.46106701e+01 1.80732256e-03]
 [2.27039958e+01 9.28204079e-04]
 [1.02022386e+01 1.84084036e-03]
 [1.51287603e+01 1.62496223e-03]
 [8.52381970e+00 2.70330644e-03]
 [4.51492614e+00 5.29690979e-03]
 [2.53127535e+01 6.72873519e-04]
 [2.34036324e+01 7.22752072e-04]
 [4.38796948e+00 5.40928475e-03]
 [1.18295711e+02 4.64562409e-04]
 [4.11453251e+01 4.79010341e-04]
 [8.86939352e+00 2.58859372e-03]
 [1.54404525e+01 1.59341607e-03]
 [1.68184676e+01 1.39816585e-03]
 [1.80029450e+01 1.39269259e-03]
 [2.40419444e+01 7.08015499e-04]
 [3.39106927e+01 5.17219696e-04]
 [1.83422301e+01 9.78917652e-04]
 [3.36249846e+01 6.13710531e-04]
 [2.69610106e+01 6.31551973e-04]
 [7.98898452e+00 3.36398186e-03]]
