[[3.60699608e+01 1.65566552e+01]
 [7.76812641e+00 3.22621992e+01]
 [3.44753316e+01 1.71025222e+01]
 [2.86511655e+01 1.95368564e+01]
 [3.38364045e+00 3.78835185e+01]
 [7.01718697e+00 3.32064912e+01]
 [2.06701379e+01 2.30235463e+01]
 [8.35413583e+01 6.42080819e+00]
 [6.42545421e-02 4.82357273e+01]
 [5.60857909e+01 1.11194220e+01]
 [4.34786818e+00 3.65027909e+01]
 [6.81555654e+01 8.66305532e+00]
 [8.89085385e-01 4.35860832e+01]
 [6.14466549e-01 4.47011988e+01]
 [5.83176055e+01 1.06016468e+01]
 [7.04643053e+01 8.30666886e+00]
 [7.07409588e+00 3.29968040e+01]
 [6.16784942e+01 9.95395502e+00]
 [6.12996297e+01 1.02237281e+01]
 [2.05528226e+01 2.32543913e+01]
 [1.04976551e+01 2.98948891e+01]
 [5.10129214e+01 1.23026655e+01]
 [4.83307391e+01 1.30055861e+01]
 [3.09838326e+01 1.84529702e+01]
 [9.12337203e+00 3.15838444e+01]
 [9.65869014e+01 5.29510110e+00]
 [3.17043014e+01 1.83835391e+01]
 [6.08506073e+01 1.02258165e+01]
 [1.93888691e-01 4.71300901e+01]
 [3.56757064e+01 1.67682477e+01]
 [3.01435576e+00 3.87437753e+01]
 [1.17329489e+02 4.34324222e+00]
 [4.66951383e+00 3.58988353e+01]
 [6.83382844e+01 8.64617576e+00]
 [4.34026601e+01 1.43443386e+01]
 [2.13531304e+01 2.26859973e+01]
 [5.00504672e+01 1.25116603e+01]
 [5.13824242e-01 4.54694508e+01]
 [4.03239394e+00 3.69383522e+01]
 [2.38404433e+01 2.15314788e+01]
 [3.69837635e+01 1.63225093e+01]
 [8.64919865e+01 6.15676129e+00]
 [3.36542071e+01 1.74010150e+01]
 [3.20537255e+00 3.81544643e+01]
 [4.94481916e+00 3.56141364e+01]
 [2.83518875e+01 1.95538827e+01]
 [2.40538698e+01 2.14695150e+01]
 [6.48609556e+01 9.26874806e+00]
 [5.05834735e+01 1.23675360e+01]
 [3.43372301e+01 1.71514592e+01]
 [5.01455835e+01 1.24796289e+01]
 [5.40210633e+01 1.15365319e+01]
 [6.83013424e+00 3.33587758e+01]
 [6.43486652e+01 9.37801384e+00]
 [1.20306667e+01 2.85309140e+01]
 [7.44505565e+01 7.63696884e+00]
 [4.67329773e+01 1.33736789e+01]
 [3.01727971e+01 1.87087766e+01]
 [1.34130912e+00 4.22112876e+01]
 [4.93661976e-01 4.58807307e+01]
 [2.15113580e+01 2.25891640e+01]
 [3.35921562e-01 4.59875418e+01]
 [5.79757966e+01 1.06536827e+01]
 [9.12935351e+00 3.13889598e+01]
 [2.15758789e+01 2.25489721e+01]
 [2.66596827e+01 2.02184574e+01]
 [8.12972023e-01 4.41664531e+01]
 [7.79711709e+00 3.22085453e+01]
 [4.45625951e+01 1.40918550e+01]
 [9.29939777e+00 3.10579557e+01]
 [6.96871304e+01 8.40558730e+00]
 [2.47211051e+01 2.10275627e+01]
 [3.79945778e+01 1.59323796e+01]
 [8.62804999e+00 3.15900942e+01]
 [1.31969028e+01 2.76972815e+01]
 [4.52728522e+01 1.39555049e+01]
 [2.76770048e+01 1.99347921e+01]
 [1.05494764e+01 2.98658082e+01]
 [2.77386830e+00 3.89277638e+01]
 [4.67663491e+01 1.33526234e+01]
 [4.21620745e+01 1.46265005e+01]
 [3.75361146e+00 3.72747338e+01]
 [5.38580768e+01 1.16485177e+01]
 [6.96135576e+01 8.42397176e+00]
 [3.26021873e+01 1.77876950e+01]
 [3.27101692e+01 1.77589149e+01]
 [7.01730799e+01 8.31113849e+00]
 [3.91416147e+01 1.55467138e+01]
 [1.79816284e+01 2.45904349e+01]
 [5.32432904e+01 1.18283137e+01]
 [7.34291820e+01 7.93473231e+00]
 [7.19408245e+01 8.01237546e+00]
 [2.02291111e+00 4.05086490e+01]
 [9.54567866e+01 5.83514359e+00]
 [2.62728519e-01 4.64450476e+01]
 [4.13293070e+00 3.68514178e+01]
 [5.34718436e+01 1.16612434e+01]
 [5.58551574e+01 1.11382892e+01]
 [4.63196488e+01 1.35096721e+01]
 [6.40740917e+01 9.42196197e+00]
 [4.66104191e+01 1.33852884e+01]
 [2.68388092e+01 2.01993407e+01]
 [2.81480941e+00 3.88403685e+01]
 [5.05825196e+01 1.24069837e+01]
 [1.66383142e+01 2.55242625e+01]
 [1.76595429e+01 2.47122256e+01]
 [6.75774037e+00 3.34012280e+01]
 [1.14392934e+01 2.89488984e+01]
 [5.46312941e+01 1.14715376e+01]
 [4.26153251e+01 1.46015470e+01]
 [2.12270743e+01 2.29825395e+01]
 [3.73262906e+01 1.62552011e+01]
 [1.87968010e+01 2.41136532e+01]
 [4.58209170e+01 1.36440434e+01]
 [2.92655017e+01 1.92426451e+01]
 [6.56874117e+01 9.11242728e+00]
 [4.66875495e+00 3.58998420e+01]
 [6.33503036e+01 9.55725302e+00]
 [1.62829838e-01 4.75643497e+01]
 [2.35802647e+01 2.15583790e+01]
 [7.45020455e+00 3.27692118e+01]
 [4.61383899e+01 1.36416955e+01]
 [8.37677836e+00 3.16908005e+01]
 [7.14883550e+01 8.09022699e+00]
 [2.54081540e+01 2.07111152e+01]
 [3.85030340e+01 1.57992988e+01]
 [5.97112970e+01 1.03271336e+01]
 [2.16010836e-01 4.68124507e+01]
 [3.82046446e+01 1.58536124e+01]
 [6.22383432e+01 9.77584031e+00]
 [8.70783936e+01 6.05691560e+00]
 [2.71008149e+01 2.00373248e+01]
 [3.90648459e+01 1.56735288e+01]
 [6.90755547e+01 8.50014257e+00]
 [5.26112475e+01 1.18663104e+01]
 [8.17762677e+01 6.65647279e+00]
 [7.49323912e+01 7.55346556e+00]
 [1.63291222e+01 2.55716486e+01]
 [1.14073916e+02 4.37028363e+00]
 [2.79358626e+01 1.98045306e+01]
 [9.80196178e+01 5.12905095e+00]
 [1.23669152e+01 2.82822651e+01]
 [3.65143518e+01 1.64007209e+01]
 [4.17963151e+01 1.47975121e+01]
 [3.11113522e+01 1.84048292e+01]
 [5.71635718e+00 3.49166788e+01]
 [6.07656337e+00 3.43373106e+01]
 [6.14382212e+01 1.00273384e+01]
 [1.32238901e+00 4.23098802e+01]
 [1.00891533e+01 3.01980757e+01]
 [1.69439527e+01 2.54124991e+01]
 [8.56088276e+01 6.29185829e+00]
 [4.35236882e+01 1.42797339e+01]
 [2.79765623e+01 1.96930842e+01]
 [4.97364244e+01 1.27067623e+01]
 [6.65819315e+01 8.98873645e+00]
 [5.18083241e+01 1.21953080e+01]
 [5.21616143e+01 1.21644977e+01]
 [6.56589100e+01 9.13233698e+00]
 [1.38182098e+01 2.72680934e+01]
 [6.37330461e+01 9.53331877e+00]
 [1.08842049e+00 4.29906431e+01]
 [3.05967085e+01 1.85750716e+01]
 [7.06514516e+01 8.23751912e+00]
 [5.74235165e+00 3.46502331e+01]
 [5.31922342e+01 1.18574174e+01]
 [7.89786231e+01 6.97375824e+00]
 [4.11404813e+00 3.68867305e+01]
 [2.22834834e+01 2.23597920e+01]
 [8.67627785e-01 4.36481416e+01]
 [1.60415788e+01 2.57638809e+01]
 [6.96320863e+01 8.40672608e+00]
 [2.09898142e+00 4.03588193e+01]
 [8.16770508e+01 6.68983655e+00]
 [4.38042750e+01 1.42019593e+01]
 [1.97183196e+01 2.35469498e+01]
 [6.88534714e+01 8.60117858e+00]
 [1.74212470e+01 2.52281274e+01]
 [7.72138298e+01 7.21365560e+00]
 [5.59288598e+01 1.11228136e+01]
 [3.02489753e+01 1.86831257e+01]
 [6.57582521e+01 9.10289972e+00]
 [9.47987646e+01 5.86457029e+00]
 [2.34207907e+01 2.16348381e+01]
 [6.07450177e+00 3.44601285e+01]
 [6.78237338e+01 8.84266448e+00]
 [1.35070933e+01 2.74163557e+01]
 [3.68806498e+01 1.63575293e+01]
 [4.63488549e+00 3.59432338e+01]
 [6.30331187e+01 9.68546147e+00]
 [4.40021709e+00 3.63521048e+01]
 [6.84903868e-01 4.44322699e+01]
 [1.04208514e+02 5.07624532e+00]
 [4.85650406e+01 1.29784538e+01]
 [6.31721679e+00 3.41295063e+01]
 [3.38510790e+01 1.73541577e+01]
 [4.34836264e+00 3.63684578e+01]
 [6.94200238e+01 8.43980273e+00]
 [3.79903527e+00 3.71949357e+01]
 [3.31344417e+01 1.76126116e+01]
 [3.21214198e+01 1.79552706e+01]
 [7.65838964e+01 7.43688727e+00]
 [2.03131538e-02 4.89972897e+01]
 [9.73635611e+01 5.25530339e+00]
 [1.60562369e+00 4.14832958e+01]
 [9.61222556e+01 5.32762391e+00]
 [1.40408007e+00 4.19783396e+01]
 [1.45042391e+01 2.67447799e+01]
 [2.48038079e+00 3.99801548e+01]
 [7.59970686e-01 4.42893265e+01]
 [6.84952484e+01 8.61688579e+00]
 [1.56405886e+00 4.17338492e+01]
 [9.38162568e+01 5.98244853e+00]
 [4.94700746e+01 1.27555073e+01]
 [7.60291831e+00 3.25652540e+01]
 [1.21792698e+02 4.27064608e+00]
 [1.13525889e+00 4.27607515e+01]
 [2.06089418e+01 2.31903926e+01]
 [4.48541617e+00 3.63153949e+01]
 [1.28325512e+02 4.08611099e+00]
 [9.82933418e+00 3.02903129e+01]
 [1.84959499e+01 2.42516914e+01]
 [5.53129586e+01 1.12503906e+01]
 [3.07893626e+01 1.84835733e+01]
 [1.23929900e+00 4.24454577e+01]
 [7.51750424e+01 7.50201623e+00]
 [2.02825145e+01 2.34472699e+01]
 [1.17588212e+02 4.29922695e+00]
 [5.94085096e-01 4.47629039e+01]
 [4.85953876e+01 1.29291440e+01]
 [3.58830765e+01 1.66167484e+01]
 [5.88912359e+01 1.04927682e+01]
 [8.04482407e+01 6.88869679e+00]
 [2.44968846e+01 2.11685119e+01]
 [1.25935736e+01 2.80799849e+01]
 [7.78316071e+01 7.14511379e+00]
 [8.16437820e+01 6.85833887e+00]
 [1.12687677e+02 4.47181921e+00]
 [1.48468206e+01 2.64817831e+01]
 [4.02770426e+01 1.51941934e+01]
 [1.07391266e-01 4.77194426e+01]
 [4.73619710e+01 1.31938519e+01]
 [5.75674929e+01 1.07643736e+01]
 [1.12020580e+02 4.50575483e+00]
 [6.32722910e+01 9.58466989e+00]
 [3.71302286e+00 3.73214096e+01]
 [3.10659840e+00 3.83288828e+01]
 [5.56469192e+01 1.11804918e+01]
 [5.87400180e+01 1.04929944e+01]
 [5.34278572e+01 1.18116642e+01]
 [2.54234429e+00 3.94500215e+01]
 [1.93400424e+01 2.37384198e+01]
 [1.85141996e+00 4.10714331e+01]
 [2.58308256e+01 2.05448611e+01]
 [5.79257146e-02 4.83203192e+01]
 [7.67394556e-02 4.81214646e+01]
 [1.19067304e+01 2.86876789e+01]
 [4.16395514e+01 1.48007663e+01]
 [1.45510166e+01 2.67081928e+01]
 [2.24518935e+01 2.21150882e+01]
 [1.09304227e+01 2.94874175e+01]
 [9.47773016e+00 3.08542072e+01]
 [3.65052045e+00 3.74720158e+01]
 [3.23242645e+00 3.81356428e+01]
 [1.72022464e-01 4.74939739e+01]
 [7.98253656e+00 3.20507125e+01]
 [8.76594716e+01 5.98919575e+00]
 [3.86944575e+01 1.57327896e+01]
 [3.52629144e+01 1.68444560e+01]
 [5.62882587e-02 4.83395464e+01]
 [3.32502703e+00 3.79714885e+01]
 [1.92621029e+01 2.37900790e+01]
 [5.50643773e+00 3.51367975e+01]
 [1.07384736e+02 4.60194391e+00]
 [1.63101078e+01 2.57444441e+01]
 [1.83977788e+01 2.43510760e+01]
 [5.95657952e+01 1.03884031e+01]
 [2.03122208e+01 2.32555107e+01]
 [3.36264024e+01 1.74028196e+01]
 [5.62803257e+01 1.10231727e+01]
 [9.71909268e+00 3.04755526e+01]
 [6.46475460e+01 9.31226341e+00]
 [1.40078571e+01 2.70628703e+01]
 [3.00851508e+01 1.87423301e+01]
 [4.01089362e+01 1.52665439e+01]
 [5.69773428e+01 1.08709428e+01]
 [2.52808436e+01 2.07966140e+01]
 [8.47606065e+01 6.32727649e+00]
 [1.93894403e+01 2.37193409e+01]
 [6.04333748e+01 1.02610186e+01]
 [3.80563827e+00 3.71794269e+01]]
