[[0.62822678 4.53414591 9.09509548 1.55636897]
 [0.43379929 4.27441307 8.65190854 0.52291692]
 [1.02679196 8.45817405 9.82763891 4.57948067]
 [1.52433924 1.41875043 9.37709581 4.04857475]
 [1.4989948  1.86709885 9.70171865 3.74195519]
 [0.90872519 7.19075923 9.70912511 4.65655809]
 [0.55867567 3.33434245 9.48881637 0.91937637]
 [1.18582585 2.56987231 9.60000241 1.2892189 ]
 [1.04256965 1.81511829 9.40087105 1.9611576 ]
 [0.454131   4.41948928 9.29574171 1.40800301]
 [0.83033768 1.86709885 9.68753452 3.64204248]
 [1.40780274 0.80894177 9.40220038 3.86101812]
 [1.26767215 2.04486657 9.70171865 4.20736976]
 [0.46731669 3.03977615 9.20287219 1.39863675]
 [0.53070799 4.59355346 9.48881637 0.97304074]
 [1.96738037 0.88829817 9.6503479  4.62165599]
 [0.53682015 2.41397017 9.64582082 2.60705459]
 [1.43402452 1.81415467 9.97510143 2.96239613]
 [1.38778568 1.30822657 9.37709581 4.03467693]
 [0.5475283  5.98657849 8.27603152 0.77716925]
 [0.93390907 1.93464469 9.47902159 2.77703234]
 [1.18148307 2.36378192 9.60000241 1.84438456]
 [3.36839073 8.3837583  9.82763891 4.7973526 ]
 [1.25823323 1.75802158 9.63603167 2.93609384]]
