[[1.86260211e-03 3.45560727e-03 1.79353495e+00]
 [4.30247271e-03 9.73802078e-03 2.35560178e+00]
 [3.66543097e-03 8.62346253e-03 2.38535544e+00]
 [3.81016124e-03 7.49858311e-03 2.02228296e+00]
 [1.46792373e-03 2.64297483e-03 2.63817836e+00]
 [2.27309736e-03 3.14376616e-03 1.34953175e+00]
 [2.74119775e-03 5.60529991e-03 2.34345957e+00]
 [2.95482286e-03 7.31606471e-03 2.89061688e+00]
 [4.44117107e-03 8.28135361e-03 1.85269631e+00]
 [4.32981507e-03 9.09311989e-03 2.21095800e+00]
 [1.61510770e-03 3.42440641e-03 1.52376081e+00]
 [1.15103041e-03 2.27001165e-03 2.19196477e+00]
 [2.53888621e-03 5.91387182e-03 1.85759032e+00]
 [8.96306989e-04 2.10770942e-03 2.00564877e+00]
 [3.72748802e-03 7.10354578e-03 1.91128685e+00]
 [2.69654701e-03 5.90546522e-03 1.76106815e+00]
 [3.14417222e-03 6.05896361e-03 2.18969427e+00]
 [2.77807515e-03 4.68408739e-03 1.53531051e+00]
 [1.08007855e-03 2.39944407e-03 2.17544972e+00]
 [4.22166407e-03 7.66339993e-03 2.03329518e+00]
 [2.20234226e-03 3.91214352e-03 2.07968077e+00]
 [9.12203934e-03 9.91701126e-03 2.99978027e+00]
 [3.01560131e-03 4.72525839e-03 1.51739817e+00]
 [1.26329519e-03 2.82796763e-03 2.01132433e+00]
 [8.62106765e-04 2.14793458e-03 1.98322995e+00]
 [1.30463511e-03 3.22129514e-03 2.89230479e+00]
 [4.79197174e-03 9.87869765e-03 2.88187181e+00]
 [8.00609773e-04 2.30543953e-03 1.88914845e+00]
 [3.83636791e-03 7.96667396e-03 1.97511433e+00]
 [1.74182206e-03 4.08637225e-03 2.60549852e+00]
 [3.27814051e-03 6.23713593e-03 2.07201699e+00]
 [5.12061028e-03 9.55553029e-03 2.77301876e+00]
 [4.26366746e-03 8.34036944e-03 2.21095800e+00]
 [3.71027898e-03 7.18871806e-03 1.71222939e+00]
 [2.88159005e-03 5.76887802e-03 1.79353495e+00]
 [1.77980702e-03 3.69500117e-03 2.03137202e+00]
 [4.30263169e-03 8.76466907e-03 2.20862097e+00]
 [1.64904093e-03 3.42440641e-03 1.59031016e+00]
 [1.28537764e-03 3.24307024e-03 2.18860406e+00]
 [6.80362681e-04 1.60775289e-03 1.82807465e+00]
 [2.93729157e-03 4.86814263e-03 1.69404558e+00]
 [1.74052701e-03 3.63066706e-03 2.49106803e+00]
 [3.19556318e-03 6.60738853e-03 2.29599003e+00]
 [4.22166407e-03 9.95053400e-03 2.49679783e+00]
 [5.19486287e-03 9.90406197e-03 2.92630723e+00]
 [6.13024241e-04 1.74803648e-03 2.57372093e+00]
 [5.12061028e-03 9.93583445e-03 2.77301876e+00]
 [1.26329519e-03 2.45717214e-03 1.94148130e+00]
 [8.64692352e-04 1.76797563e-03 1.61888029e+00]
 [4.79712630e-03 9.88512424e-03 2.88222550e+00]
 [6.93998441e-04 1.72722749e-03 1.84550532e+00]
 [3.83422052e-03 6.41119647e-03 1.45444106e+00]
 [1.00783467e-03 2.11872951e-03 2.18215048e+00]
 [2.95482286e-03 7.32200394e-03 2.89061688e+00]
 [3.04452157e-03 5.76887802e-03 1.78434045e+00]
 [4.00346707e-03 6.65304762e-03 1.65193441e+00]
 [4.94706873e-03 8.95886218e-03 1.62115783e+00]
 [4.58433032e-03 9.64499096e-03 2.56070178e+00]
 [1.08007855e-03 2.39944407e-03 2.37234383e+00]
 [1.86260211e-03 3.45560727e-03 1.70932657e+00]
 [1.37346293e-03 2.22240811e-03 1.27608386e+00]
 [5.81082965e-03 9.91550055e-03 2.94578069e+00]
 [1.86260211e-03 3.45560727e-03 1.80271524e+00]
 [4.13856825e-03 9.13315810e-03 2.21095800e+00]
 [6.07412212e-04 1.15035012e-03 2.62397163e+00]
 [9.23027070e-04 1.10891301e-03 1.35151859e+00]
 [1.93847768e-03 3.93799881e-03 1.72578253e+00]]
