[[0.62822678 4.53414591 9.09509548 1.55636897]
 [0.43379929 4.27441307 8.65190854 0.52291692]
 [1.52433924 1.41875043 9.37709581 4.04857475]
 [1.36438273 0.93245491 8.65502654 2.30850721]
 [1.68005678 1.30700616 9.63388057 2.58191717]
 [0.68705545 2.16016436 7.48043347 2.09160731]
 [0.55867567 3.33434245 9.48881637 0.91937637]
 [1.18582585 2.56987231 9.60000241 1.2892189 ]
 [1.71760807 1.30700616 9.63388057 4.46029579]
 [1.37848457 1.99656977 9.80449885 4.75550115]
 [2.78801854 0.5972775  9.87677775 2.84879977]
 [1.53433538 2.00620809 9.70171865 4.95188598]
 [1.09929031 1.83383423 8.86964886 1.63270168]
 [0.43379929 8.95292195 8.65190854 0.53406963]
 [0.59416368 3.04598968 6.97178359 0.63729697]
 [0.51813905 3.49915304 8.22290743 0.91937637]
 [0.77492613 2.97243018 9.50495538 1.70596944]
 [1.68005678 1.2309838  9.64126109 3.96679701]
 [1.96738037 1.02740409 9.82988943 2.07389463]
 [0.62822678 4.53421108 9.09509548 1.144321  ]]
