[[4.86621314e+00 6.48194950e-03]
 [3.18032647e+01 6.57607673e-04]
 [9.99795110e+00 3.04705362e-03]
 [2.50022197e+01 1.06277703e-03]
 [4.93744016e+00 6.14584237e-03]
 [1.99770900e+01 1.07104745e-03]
 [9.52774442e+00 3.66121374e-03]
 [2.55785474e+01 1.01438038e-03]
 [1.95155437e+02 4.58867029e-04]
 [2.69719664e+01 7.09272642e-04]
 [4.27360690e+01 4.88009769e-04]
 [3.77890362e+01 5.27998527e-04]
 [5.48984881e+01 4.72515074e-04]
 [1.90075554e+01 1.11969484e-03]
 [2.61743078e+01 7.57718126e-04]
 [3.18856889e+01 5.29385275e-04]
 [1.32126841e+01 1.76028332e-03]
 [4.36251378e+00 1.01474048e-02]
 [1.82442622e+01 1.23126065e-03]
 [8.97750418e+01 4.71593266e-04]]
