[[0.64338173 0.77617205]
 [0.11751001 1.01809964]
 [0.78407189 0.53966376]
 [0.13028647 1.00976905]
 [0.86903547 0.5046063 ]
 [0.66784235 0.77207806]
 [0.87400269 0.47528355]
 [0.07216866 1.02902557]
 [0.50875277 0.82186404]
 [0.468239   0.90047075]
 [0.56695356 0.77913776]
 [0.16775914 0.95125245]
 [0.51315364 0.81594738]
 [0.75558371 0.72450117]
 [0.52929843 0.80228175]
 [0.77641644 0.59237334]
 [0.05934697 1.04678778]
 [0.82412982 0.52186679]
 [0.89948781 0.46820483]
 [0.0608094  1.03479566]
 [1.02086448 0.07471477]
 [0.77767283 0.56459617]
 [0.66569189 0.77418065]
 [0.94680444 0.16791343]
 [0.97641765 0.13404503]
 [0.07031658 1.02903981]
 [0.13748113 1.00848627]
 [0.45526855 0.94630103]
 [0.55392061 0.7842147 ]
 [0.7100867  0.76416035]
 [0.48214219 0.86855004]
 [0.94763836 0.16544786]
 [0.16403608 0.95883242]
 [1.0472507  0.05358911]
 [0.67019056 0.77188211]
 [0.90978797 0.46164982]
 [0.95706471 0.14430556]
 [0.1682821  0.94803888]
 [0.94675702 0.24050296]]
