[[4.86621314e+00 6.48194950e-03]
 [5.84779630e+01 5.05021991e-04]
 [3.23474214e+01 6.42435431e-04]
 [5.26519165e+01 5.15072990e-04]
 [8.42493582e+00 2.79476072e-03]
 [1.62072948e+01 1.34727829e-03]
 [1.05192484e+01 2.36960019e-03]
 [2.49039115e+01 8.55284913e-04]
 [1.93981710e+01 9.90480439e-04]
 [5.09427848e+00 5.48359285e-03]
 [5.91469323e+01 4.90363346e-04]
 [2.87492280e+01 6.57216859e-04]
 [4.83787897e+01 5.15193346e-04]
 [2.15561080e+01 8.86471963e-04]
 [8.63751157e+01 4.77679623e-04]
 [5.34066832e+01 5.11358102e-04]
 [2.09478079e+01 9.38223700e-04]
 [2.49592291e+01 8.15414338e-04]
 [1.05932573e+01 1.74899532e-03]
 [3.72150846e+01 5.38938520e-04]]
