[[2.08511002 2.16097348]
 [0.93130106 1.03668218]
 [1.98383737 1.6164502 ]
 [2.09597257 2.0556585 ]
 [2.08652401 1.67606949]
 [0.70193469 0.59430447]
 [1.05814058 0.79663998]
 [1.63322451 1.58117431]
 [3.45448459 2.99196855]
 [0.09940067 0.07863296]
 [2.92879636 2.90878724]
 [0.29958845 0.36403037]
 [0.22275939 0.32248239]
 [1.1992388  1.48130914]
 [2.62335155 2.77442391]
 [3.08389179 2.84704896]
 [0.88098128 0.99619072]
 [0.99284944 1.28010303]
 [2.63857323 2.40648325]
 [2.59505814 2.31265173]
 [2.07924359 1.8500552 ]
 [3.91374707 2.97141535]
 [1.23866451 0.78651925]
 [1.10716367 0.80121606]
 [0.09166321 0.20017499]
 [0.73396187 0.79289245]
 [2.58633799 2.74921756]
 [0.43741105 0.68192921]
 [2.85357926 2.99026028]
 [2.46035901 2.19027363]
 [1.69354013 1.57168841]
 [2.42214223 2.57795342]
 [1.37059888 1.68158997]
 [1.07056068 0.59684377]
 [0.13313942 0.33276111]
 [0.79916825 0.60780638]
 [2.63951989 2.22023263]
 [2.01610236 2.27624079]
 [3.58464501 2.96197852]
 [2.00932962 2.09192406]
 [0.60383592 0.66085196]
 [0.69177345 0.87043339]
 [1.72849411 2.02491481]
 [1.10741028 1.40173747]
 [1.57382844 1.88056681]
 [2.86636136 2.82828773]
 [2.45772575 2.57010749]
 [2.09289013 2.0503947 ]
 [1.47644397 1.63236415]
 [2.43960746 2.56606924]
 [2.92674229 2.69461514]
 [2.57087522 2.62599818]
 [0.80755385 1.02732192]
 [2.14018735 1.79780927]
 [1.14602514 1.30165013]
 [1.91233729 1.40936712]
 [3.154796   2.94277103]
 [2.51754755 2.8977992 ]
 [1.99609303 2.39088676]
 [1.90540746 1.97803481]
 [0.354592   0.45781196]
 [0.08287941 0.34138907]
 [1.60513157 1.67373598]
 [3.49811591 2.75477577]
 [0.19864353 0.21100032]
 [2.69824555 2.6857811 ]
 [2.23317523 2.63110317]
 [1.64180695 1.64269281]
 [1.93002006 1.71462628]
 [0.19929963 0.40437935]
 [0.967082   1.0069914 ]
 [2.16177797 2.5431014 ]
 [3.01091827 2.89070126]
 [1.72839607 1.78687529]
 [2.24368629 2.1129402 ]
 [0.88339447 1.17329737]
 [0.57517506 1.1202214 ]
 [0.98916392 1.28799217]
 [0.61386065 0.56270968]
 [2.35248838 2.48140801]
 [2.29978366 2.29161815]
 [0.63356692 0.73279999]
 [3.02153422 2.87640755]
 [1.96942004 2.06686514]
 [3.50266536 2.79167946]
 [1.95305249 2.08881025]
 [2.98444262 2.93877052]
 [2.2050331  2.21883589]
 [1.38600052 1.6044967 ]
 [2.74526722 2.40298367]
 [0.35271022 0.22039996]
 [3.02606448 2.97121859]
 [0.4449911  0.55471677]
 [0.18931294 0.17275052]
 [0.82659245 0.59158904]
 [2.58099231 2.58967945]
 [2.32566972 2.42024043]
 [1.28330495 1.17429109]
 [0.28987907 0.41644955]
 [0.72892716 0.73464192]
 [2.78634115 2.72132717]
 [2.60156818 2.48540444]
 [2.52889693 2.47457569]
 [2.03144214 2.23124759]
 [1.55506534 1.64546727]
 [2.39868784 2.84003004]
 [1.64573001 1.58400419]
 [1.15731468 1.28046405]
 [0.45204858 0.38692795]
 [0.52631263 0.51818239]
 [3.02711004 2.92871479]
 [3.09559817 2.95633474]
 [2.75997514 2.89174767]
 [1.98231345 1.8840697 ]
 [0.99099615 0.66178225]
 [2.68001287 2.70234934]
 [1.17760978 0.88780516]
 [2.82866073 2.7264241 ]
 [1.86249383 1.8571189 ]
 [2.33775027 2.00082763]
 [2.06835082 2.05292887]
 [2.12862206 1.80602352]
 [1.09576903 1.28640208]
 [3.09696083 2.94209711]
 [1.02461073 0.78426214]
 [2.85504381 2.8921084 ]
 [0.87666296 1.02344047]
 [1.48064962 1.59876768]
 [0.3354473  0.59594479]
 [3.70982118 2.94864236]
 [0.36257764 0.51810326]
 [2.47747491 2.47337883]
 [0.66453119 0.8503873 ]
 [2.09974127 1.80836029]
 [2.40722949 2.41078388]
 [1.40096318 1.35408558]
 [1.3981059  1.27053016]
 [2.21751921 2.09352497]
 [1.89054293 2.08798953]
 [0.51409184 0.5875027 ]
 [0.94569187 1.18075024]
 [1.37237056 1.58014758]
 [2.48782192 2.46353089]
 [2.2022028  2.26252508]
 [0.7337369  0.85194968]
 [1.5109075  1.10019594]
 [1.00798317 0.98257217]
 [2.28852644 2.26386668]
 [1.37731013 1.52822574]
 [2.71308206 2.65216864]
 [0.99116145 0.85714949]
 [2.2376419  2.55371299]
 [1.39179665 1.4624139 ]
 [1.25480769 1.27947884]
 [0.57913373 0.81165598]
 [2.52881674 2.35950229]
 [1.68360545 1.75928826]
 [0.811225   0.58378121]
 [0.07544654 0.09658321]
 [0.57646713 0.62429223]
 [0.21314841 0.29832077]
 [1.1745111  1.12214015]
 [2.06139464 1.8346323 ]
 [2.43212287 2.0974397 ]
 [1.82085149 1.69993667]
 [2.07417535 1.8537389 ]
 [2.39497048 2.00708551]
 [2.06625967 2.13104883]
 [4.4788148  2.99591944]
 [2.71423638 2.84636776]
 [2.47747491 2.21936774]
 [1.75714729 1.80739342]
 [1.90680127 2.05324462]
 [1.94923774 1.73068489]
 [1.70135055 1.76976938]
 [2.79180279 2.52996964]
 [1.44944544 1.43204186]
 [2.19908035 2.17137949]
 [2.76410989 2.61496114]
 [1.84288435 1.72293784]
 [3.80401228 2.99610218]
 [0.02720634 0.03425246]
 [2.76923818 2.80892711]
 [2.81857297 2.80902017]
 [2.57519386 2.78185276]
 [4.30093112 2.97633964]
 [1.50473698 1.9015996 ]
 [1.3694203  1.47246176]
 [3.45448459 2.99492529]
 [0.46672767 0.44250752]
 [2.6600445  2.40648325]
 [0.5390695  0.42933462]
 [2.34916401 2.48140801]
 [1.91334381 2.0948454 ]
 [3.35362527 2.82275145]
 [2.39036253 2.04477214]
 [2.59552456 2.75586639]
 [1.37731013 1.43808744]
 [3.09696083 2.88985536]
 [2.89286152 2.72132717]
 [1.96199428 2.12729584]
 [1.51903977 1.34979451]
 [1.97437806 2.35059361]
 [2.11903604 1.88492711]
 [0.39981244 0.38692795]
 [1.81833899 1.91992371]
 [1.39179665 1.48675285]
 [2.05038686 2.25439177]
 [3.73140148 2.89090233]
 [4.66505258 2.96986554]
 [1.15731468 1.21099152]
 [1.9980237  2.12957529]
 [0.28987907 0.35984948]
 [4.04716045 2.91299371]
 [3.47613297 2.9451355 ]
 [0.67565771 0.59430447]
 [0.61582798 0.86355255]
 [0.21314841 0.35012831]
 [2.26976325 1.91246827]
 [0.03661094 0.02114017]
 [2.32263761 2.18234337]
 [2.34024777 2.40285287]
 [2.93286597 2.54316304]
 [2.76410989 2.58003015]
 [2.82938125 2.71100928]
 [3.03981034 2.77035217]
 [2.86086626 2.80934887]
 [1.54626525 1.36296   ]
 [3.58464501 2.90262771]
 [1.96425604 1.86436709]
 [1.58198788 1.81401616]
 [4.02303235 2.96204913]
 [2.67828481 2.81570588]
 [2.51754755 2.89540084]
 [2.80573686 2.93951359]
 [1.55068998 1.64159842]
 [1.20938217 1.52741821]
 [2.40722949 2.41212822]
 [2.81303735 2.63318737]
 [1.41044781 1.65386118]
 [1.46181343 1.11038046]
 [1.86340061 2.05834786]
 [2.51463375 2.40951222]
 [0.81890221 0.59158904]
 [2.83740955 2.6234911 ]
 [2.28852644 2.28214345]
 [0.65307389 0.65179063]
 [1.45882778 1.38217399]
 [2.95273261 2.92486581]
 [0.0701262  0.09658321]
 [4.32239715 2.99481085]
 [3.82748573 2.99423934]
 [4.24619745 2.97141535]
 [1.76147738 1.7677302 ]
 [0.19640621 0.06909202]
 [1.42608479 1.88312659]
 [3.47200079 2.8608914 ]
 [0.73396661 0.50838619]
 [1.60945246 1.58863983]
 [2.12701733 2.09602744]
 [1.66420868 1.51006601]
 [0.38131784 0.45781196]
 [3.53215096 2.9833145 ]
 [0.45401742 0.29295212]
 [2.01391748 1.95466656]
 [2.80774011 2.88528538]
 [2.69106508 2.37132972]
 [2.64402628 2.53496441]
 [2.85504381 2.97209402]
 [1.07056068 0.59488389]
 [2.6828741  2.83846082]
 [0.98474019 0.99993259]
 [1.65154215 2.03660553]
 [2.29978366 2.35950923]
 [2.77460209 2.72132717]
 [1.55851459 1.80103777]
 [0.65967475 0.90857491]
 [2.14836779 1.90410892]
 [1.15930882 1.08567368]
 [2.36707875 2.46975848]
 [2.45093673 2.80882116]
 [2.99909738 2.89070126]
 [1.08929777 1.02967708]
 [0.74111938 0.72758377]
 [1.22751964 1.33616287]
 [3.17401757 2.79907632]
 [2.93273669 2.49161336]
 [0.90493536 1.0448196 ]
 [2.30526013 2.45480522]
 [2.66403618 2.62616622]
 [2.03974995 2.22028162]
 [2.3613796  2.74774737]
 [2.57645358 2.40435805]
 [1.52683477 1.58014758]
 [3.15611852 2.96526082]
 [2.22836478 2.12936426]
 [0.0919438  0.34251341]
 [2.33618264 2.27624079]
 [1.8149807  1.75966512]
 [2.34701214 2.27550789]
 [1.81674922 1.82359842]
 [2.27936404 1.99099678]
 [2.86636136 2.82090796]
 [4.05314552 2.97754623]
 [4.66533862 2.99923915]]
