[[4.86621314e+00 6.48194950e-03]
 [5.84779630e+01 5.05021991e-04]
 [2.23930593e+01 9.50885037e-04]
 [5.26519165e+01 5.15072990e-04]
 [8.42493582e+00 2.79476072e-03]
 [1.38583616e+01 1.92456864e-03]
 [1.62072948e+01 1.34727829e-03]
 [1.26053579e+01 1.94096797e-03]
 [2.49856601e+01 8.35621306e-04]
 [1.05192484e+01 2.36960019e-03]
 [2.23467706e+01 1.09980380e-03]
 [2.76286458e+01 8.05481986e-04]
 [2.83424570e+01 7.60178457e-04]
 [1.39282366e+01 1.68508305e-03]
 [4.07344771e+00 1.56078443e-02]
 [6.16982076e+01 4.87621294e-04]
 [1.64747876e+01 1.10171795e-03]
 [1.17638888e+01 2.20971946e-03]
 [2.85298928e+01 6.42435431e-04]
 [3.46173213e+01 5.23319736e-04]
 [4.51515832e+00 7.28605716e-03]
 [2.48815912e+01 8.39598256e-04]]
