[[3.42688908 0.68209348 2.51169672 0.47775647 4.93126845 1.81612851]
 [0.92430927 1.23495016 2.10574561 0.29426087 1.58058746 4.75029548]
 [4.70155583 1.28506557 2.33755381 1.61157754 3.14323873 4.19807935]
 [3.42282864 1.63336956 2.99082982 0.33738394 2.07868107 3.65147082]
 [4.92681959 1.01351733 1.39057259 0.70833083 2.98960989 5.49365386]
 [4.83688633 1.01351733 3.89142363 0.13217938 3.70370871 6.22024983]
 [3.16692442 0.81475339 2.19153812 1.50237172 1.00708173 1.34273573]
 [0.09566894 2.03376342 3.02884477 3.2424999  2.47539666 4.52969603]
 [0.43290161 1.77720677 4.17689925 0.47113749 4.53753647 2.21120576]
 [0.81691026 1.23495016 2.05865521 0.27331079 1.83804771 4.75029548]]
