[[2.08511002 2.16097348]
 [0.93130106 1.03668218]
 [2.09597257 2.0556585 ]
 [0.70193469 0.59430447]
 [1.05814058 0.79663998]
 [1.63322451 1.58117431]
 [3.45448459 2.99196855]
 [0.09940067 0.07863296]
 [2.76410989 2.52609268]
 [2.92879636 2.90878724]
 [0.29958845 0.36403037]
 [0.22275939 0.32248239]
 [2.62335155 2.77442391]
 [3.08389179 2.84704896]
 [1.95003857 1.457972  ]
 [0.88098128 0.99619072]
 [2.9100709  2.63649595]
 [3.39534418 2.75580533]
 [0.99284944 1.28010303]
 [2.63857323 2.40648325]
 [2.07924359 1.8500552 ]
 [3.91374707 2.97141535]
 [1.23866451 0.78651925]
 [1.10716367 0.80121606]
 [0.09166321 0.20017499]
 [1.9742524  2.24081549]
 [0.72779116 0.47319021]
 [4.52904748 2.96986554]
 [0.73396187 0.79289245]
 [2.58633799 2.74921756]
 [0.43741105 0.68192921]
 [2.85357926 2.99026028]
 [1.69354013 1.57168841]
 [2.42214223 2.57795342]
 [1.37059888 1.68158997]
 [0.79916825 0.60780638]
 [1.85077089 1.59209232]
 [2.63951989 2.22023263]
 [2.01610236 2.27624079]
 [3.58464501 2.96197852]
 [1.87437972 2.31096758]
 [2.00932962 2.09192406]
 [0.60383592 0.66085196]
 [0.69177345 0.87043339]
 [1.10741028 1.40173747]
 [1.57382844 1.88056681]
 [2.86636136 2.82828773]
 [2.45772575 2.57010749]
 [2.09289013 2.0503947 ]
 [1.47644397 1.63236415]
 [2.43960746 2.56606924]
 [2.92674229 2.69461514]
 [2.57087522 2.62599818]
 [0.80755385 1.02732192]
 [2.14018735 1.79780927]
 [2.8968027  2.77411254]
 [1.14602514 1.30165013]
 [3.154796   2.94277103]
 [2.49966186 2.33129469]
 [1.99609303 2.39088676]
 [1.90540746 1.97803481]
 [0.354592   0.45781196]
 [1.60513157 1.67373598]
 [0.19864353 0.21100032]
 [2.69824555 2.6857811 ]
 [2.23317523 2.63110317]
 [1.26790875 0.82142911]
 [1.64180695 1.64269281]
 [1.93002006 1.71462628]
 [0.967082   1.0069914 ]
 [2.16177797 2.5431014 ]
 [1.24145364 0.88523573]
 [3.01091827 2.89070126]
 [1.72839607 1.78687529]
 [2.24368629 2.1129402 ]
 [0.88339447 1.17329737]
 [1.17538818 1.38480624]
 [0.98916392 1.28799217]
 [1.97441131 1.38473913]
 [0.61386065 0.56270968]
 [2.35248838 2.48140801]
 [1.93494617 1.47864262]
 [2.29978366 2.29161815]
 [0.63356692 0.73279999]
 [2.73227295 2.44932719]
 [3.02153422 2.87640755]
 [1.96942004 2.06686514]
 [1.95305249 2.08881025]
 [3.06556168 2.8072088 ]
 [2.98444262 2.93877052]
 [2.2050331  2.21883589]
 [2.74526722 2.40298367]
 [4.48021746 2.91816106]
 [0.35271022 0.22039996]
 [3.02606448 2.97121859]
 [0.4449911  0.55471677]
 [0.18931294 0.17275052]
 [0.82659245 0.59158904]
 [2.58099231 2.58967945]
 [2.32566972 2.42024043]
 [1.28330495 1.17429109]
 [0.28987907 0.41644955]
 [0.72892716 0.73464192]
 [2.78634115 2.72132717]
 [2.60156818 2.48540444]
 [2.52889693 2.47457569]
 [2.03144214 2.23124759]
 [1.55506534 1.64546727]
 [2.39868784 2.84003004]
 [1.64573001 1.58400419]
 [1.15731468 1.28046405]
 [0.45204858 0.38692795]
 [0.52631263 0.51818239]
 [4.39533201 2.92055658]
 [3.02711004 2.92871479]
 [3.09559817 2.95633474]
 [2.66824538 2.21816336]
 [2.75997514 2.89174767]
 [1.98231345 1.8840697 ]
 [2.68001287 2.70234934]
 [1.17760978 0.88780516]
 [2.82866073 2.7264241 ]
 [1.86249383 1.8571189 ]
 [2.33775027 2.00082763]
 [2.06835082 2.05292887]
 [2.12862206 1.80602352]
 [2.12701733 2.4321637 ]
 [1.09576903 1.28640208]
 [3.09696083 2.94209711]
 [1.02461073 0.78426214]
 [2.85504381 2.8921084 ]
 [0.87666296 1.02344047]
 [1.48064962 1.59876768]
 [0.3354473  0.59594479]
 [1.36200425 1.79636675]
 [3.70982118 2.94864236]
 [2.08050386 1.5947504 ]
 [0.36257764 0.51810326]
 [2.47747491 2.47337883]
 [0.66453119 0.8503873 ]
 [2.09974127 1.80836029]
 [2.40722949 2.41078388]
 [1.40096318 1.35408558]
 [1.3981059  1.27053016]
 [2.48989316 1.98004567]
 [2.21751921 2.09352497]
 [1.90308441 1.8594024 ]
 [0.05189503 0.00513044]
 [1.2252064  0.89668301]
 [2.66515549 2.20933621]
 [2.00492887 1.89026732]
 [2.46434563 2.50983508]
 [2.1286529  1.94493827]
 [2.07939619 1.60431587]
 [0.36257764 0.38611269]
 [1.93807283 1.92402676]
 [1.99357772 1.81958125]
 [1.13152439 1.19800319]
 [1.42788141 1.43798533]
 [1.77424752 1.7658882 ]
 [2.06763858 1.71476304]
 [1.40221996 1.28604823]
 [2.95471546 2.96797449]
 [2.73205119 2.97362621]
 [1.95401134 2.06031131]
 [1.27116177 1.36110847]
 [0.3354473  0.48748527]
 [3.51261517 2.91520752]
 [2.04655546 1.61916569]
 [1.87437972 2.31593958]
 [0.84226699 0.46484398]
 [4.52904748 2.9543298 ]
 [3.43837184 2.86956758]
 [2.31173553 2.34523808]
 [2.48989316 2.71783109]
 [0.6537591  0.59289781]
 [1.2075218  1.19926496]
 [2.71534215 2.73389649]
 [1.11549073 0.87119539]
 [3.41226855 2.80246803]
 [2.04285037 2.30250581]
 [1.50681901 1.48463271]
 [4.12452245 2.95282899]
 [0.43073666 0.68001374]
 [2.17964294 1.88167472]
 [1.25455068 1.41043818]
 [2.91600097 2.83812177]
 [2.51392753 2.3997978 ]
 [0.52631263 0.5316523 ]
 [0.906691   0.76710795]
 [1.96063653 1.6753845 ]
 [0.81670089 0.87273203]
 [2.83908126 2.91796746]
 [2.05879088 1.89337975]
 [0.39136144 0.35353727]
 [2.45033042 2.15984611]
 [2.33617017 2.92123618]
 [4.8916385  2.97671596]
 [0.83517625 1.367593  ]
 [0.30607214 0.15096062]
 [2.11526309 2.24556096]
 [2.11892765 2.10801114]
 [2.89779758 2.98674814]
 [1.69754994 2.09074403]
 [0.25804915 0.24717784]
 [0.56597223 0.38558047]
 [2.13375832 2.11996695]
 [0.3491471  0.44273171]
 [3.06000726 2.96986554]
 [2.29950215 2.07413232]
 [2.7528978  2.67965942]
 [0.27825381 0.33872903]
 [3.73602892 2.99454784]
 [3.69050773 2.93513087]
 [1.66805114 1.90653083]
 [1.24731103 0.76558661]
 [1.41772257 0.73958183]
 [2.45584309 2.08282094]
 [3.95755847 2.8986282 ]
 [1.28559147 1.61234087]
 [2.14735242 1.8805506 ]
 [2.28476517 2.31265173]
 [1.64180695 1.56046732]
 [1.55578791 1.88056681]
 [1.6400109  1.1496444 ]
 [2.76410989 2.69089815]
 [1.70633048 1.48379208]
 [2.4954993  2.24081549]
 [2.01610236 2.30832668]
 [1.22500114 0.89939468]
 [2.91495488 2.55812946]
 [2.70636849 2.59020636]
 [1.91718169 2.08041413]
 [0.45204858 0.64457946]
 [1.61260918 1.2879371 ]
 [0.57545155 0.41280057]
 [1.57398438 1.75354716]
 [2.58099231 2.83943865]
 [2.96638321 2.86865944]
 [0.354592   0.2797381 ]
 [3.45448459 2.79996138]
 [0.77987869 1.0069914 ]
 [0.51103021 0.55286447]
 [3.50589104 2.95544019]
 [1.83160771 1.77743019]
 [0.37961611 0.53287751]
 [0.07971397 0.18391345]
 [3.09559817 2.97047152]
 [2.47512621 2.30872074]
 [3.50266536 2.78314305]
 [2.48878494 2.02154702]
 [0.63662565 0.59594479]
 [2.9017129  2.72752058]
 [2.46035901 2.17434594]
 [4.53053166 2.94547325]
 [2.72514517 2.98849181]
 [2.91835625 2.62599818]]
