[[2.08511002 2.16097348]
 [0.93130106 1.03668218]
 [2.09597257 2.0556585 ]
 [2.08652401 1.67606949]
 [0.70193469 0.59430447]
 [1.05814058 0.79663998]
 [1.63322451 1.58117431]
 [3.45448459 2.99196855]
 [0.09940067 0.07863296]
 [2.76410989 2.52609268]
 [0.62086658 0.83755104]
 [2.92879636 2.90878724]
 [0.29958845 0.36403037]
 [0.22275939 0.32248239]
 [2.62335155 2.77442391]
 [3.08389179 2.84704896]
 [0.88098128 0.99619072]
 [2.9100709  2.63649595]
 [3.0235805  2.48653742]
 [1.42788141 1.76050002]
 [0.99284944 1.28010303]
 [2.63857323 2.40648325]
 [2.59505814 2.31265173]
 [2.07924359 1.8500552 ]
 [1.29849197 0.7712079 ]
 [3.91374707 2.97141535]
 [2.2095214  1.74473222]
 [2.96716225 2.53152129]
 [0.09166321 0.20017499]
 [1.9742524  2.24081549]
 [0.72779116 0.47319021]
 [4.52904748 2.96986554]
 [0.73396187 0.79289245]
 [2.85357926 2.99026028]
 [2.46035901 2.19027363]
 [1.69354013 1.57168841]
 [2.42214223 2.57795342]
 [0.13313942 0.33276111]
 [0.79916825 0.60780638]
 [1.85077089 1.59209232]
 [2.01610236 2.27624079]
 [3.58464501 2.96197852]
 [2.00932962 2.09192406]
 [0.60383592 0.66085196]
 [0.69177345 0.87043339]
 [1.72849411 2.02491481]
 [1.57382844 1.88056681]
 [2.86636136 2.82828773]
 [2.45772575 2.57010749]
 [2.09289013 2.0503947 ]
 [2.43960746 2.56606924]
 [2.57087522 2.62599818]
 [0.80755385 1.02732192]
 [2.8968027  2.77411254]
 [1.14602514 1.30165013]
 [3.154796   2.94277103]
 [2.49966186 2.33129469]
 [1.90540746 1.97803481]
 [0.354592   0.45781196]
 [0.08287941 0.34138907]
 [1.60513157 1.67373598]
 [0.19864353 0.21100032]
 [2.69824555 2.6857811 ]
 [1.26790875 0.82142911]
 [1.64180695 1.64269281]
 [1.93002006 1.71462628]
 [0.19929963 0.40437935]
 [0.967082   1.0069914 ]
 [2.16177797 2.5431014 ]
 [1.24145364 0.88523573]
 [3.01091827 2.89070126]
 [1.72839607 1.78687529]
 [2.24368629 2.1129402 ]
 [0.88339447 1.17329737]
 [1.17538818 1.38480624]
 [2.14221238 2.59405843]
 [1.64922281 2.0492231 ]
 [0.98916392 1.28799217]
 [0.61386065 0.56270968]
 [2.35248838 2.48140801]
 [2.29978366 2.29161815]
 [0.63356692 0.73279999]
 [2.73227295 2.44932719]
 [3.02153422 2.87640755]
 [1.96942004 2.06686514]
 [1.95305249 2.08881025]
 [2.98444262 2.93877052]
 [2.2050331  2.21883589]
 [1.38600052 1.6044967 ]
 [2.74526722 2.40298367]
 [3.24791527 2.79434104]
 [3.02606448 2.97121859]
 [0.4449911  0.55471677]
 [4.00329829 2.79960701]
 [0.18931294 0.17275052]
 [0.82659245 0.59158904]
 [2.58099231 2.58967945]
 [2.71584715 2.56670287]
 [2.28911739 2.51790662]
 [2.86636136 2.79329474]
 [2.45772575 2.36900589]
 [1.97496668 1.67606949]
 [0.5910571  0.59527628]
 [2.39786644 2.62599818]
 [1.2590349  1.6044967 ]
 [1.44243856 1.52782746]
 [0.8218293  1.0069914 ]
 [1.21964684 1.17144566]
 [2.46651837 2.75211022]
 [2.46035901 2.14486942]
 [1.41312322 1.81929968]
 [1.9899532  2.31768396]
 [1.63373262 1.42482208]
 [2.27724157 2.50387702]
 [1.71884779 2.08852525]
 [2.86636136 2.86458121]
 [0.73396187 0.7927728 ]
 [2.82407053 2.80396176]
 [0.05294575 0.19469003]
 [1.71324723 1.72042149]
 [0.81364727 1.09568666]
 [2.57623138 2.21305882]
 [0.9404761  1.09986331]
 [3.02606448 2.9521217 ]
 [1.7638605  1.80023184]
 [2.08652401 2.29612196]
 [2.83407089 2.62599818]
 [0.18913692 0.13501828]
 [2.22836478 2.1413901 ]
 [2.804262   2.77411254]
 [3.58464501 2.98662327]
 [1.95274943 1.72103846]
 [2.35527968 2.05398858]
 [2.9439637  2.93291091]
 [2.53897071 2.58967945]
 [3.41274163 2.96601778]
 [3.154796   2.96316722]
 [1.33066358 1.52039962]
 [4.42459338 2.99022617]
 [1.6686908  2.04925271]
 [3.9377592  2.99982615]
 [1.15626701 1.32467935]
 [2.12555729 2.14722941]
 [2.40247634 2.16268033]
 [1.85317552 2.08412537]
 [0.64424965 1.0069914 ]
 [1.00583005 0.71235298]
 [2.92674229 2.6064794 ]
 [0.46788548 0.33418622]
 [0.99284944 1.23957182]
 [1.23866451 1.6436844 ]
 [3.57600099 2.93503387]
 [2.4362864  2.22383242]
 [1.72849411 2.00161153]
 [2.29920084 2.67353354]
 [2.77333655 2.99233809]
 [2.72602869 2.34964861]
 [2.32174287 2.76584773]
 [2.92879636 2.79944269]
 [1.42311941 1.1955265 ]
 [2.93935753 2.70063674]
 [0.30488409 0.42326211]
 [1.86638827 2.04102228]
 [3.02606448 2.9164699 ]
 [0.95512806 0.72340743]
 [2.75555418 2.38850993]
 [3.28640948 2.99068027]
 [0.82659245 0.5875857 ]
 [1.8278741  1.49323378]
 [0.30431819 0.35255835]
 [1.30969285 1.51495852]
 [2.98365965 2.9164699 ]
 [0.4449911  0.5716015 ]
 [3.42318201 2.9497606 ]
 [2.44625021 2.22866073]
 [1.62028108 1.51798193]
 [3.06556168 2.79565725]
 [1.21829681 1.69442162]
 [3.222261   2.98671918]
 [2.71923727 2.56670287]
 [1.89750874 1.99040308]
 [2.8344431  2.89922323]
 [3.97983471 2.80367738]
 [1.7069781  1.71505786]
 [0.6745098  1.03133989]
 [3.09297775 2.71834914]
 [1.23862008 1.35742168]
 [2.01248744 2.27377588]
 [0.78492037 0.73662839]
 [2.66675599 2.94052583]
 [0.81659407 0.65820087]
 [0.22972945 0.34416616]
 [4.20615575 2.89143257]
 [2.29028245 2.62599818]
 [1.04105289 0.7039269 ]
 [1.9742524  2.13660881]
 [0.69177345 0.78008984]
 [2.9459788  2.94554152]
 [0.64424965 0.73123266]
 [1.95305249 2.11404739]
 [2.01585823 1.99165021]
 [3.31558161 2.85532708]
 [0.05016631 0.05061255]
 [3.9425409  2.96601778]
 [0.40264764 0.48916337]
 [3.89887865 2.97141535]
 [0.40264764 0.43462041]
 [1.26330591 1.42482208]
 [0.69639522 0.36759882]
 [0.38420552 0.20586109]
 [2.8601161  2.99057653]
 [0.34263038 0.52308617]
 [3.96178551 2.78537606]
 [2.30630158 2.65489956]
 [1.09212628 0.84142128]
 [4.6553678  2.96238504]
 [0.39655319 0.35575313]
 [1.44903096 1.74715332]
 [0.62788819 0.85270772]
 [4.8121968  2.9873299 ]
 [1.09335895 1.12334311]
 [1.44243856 1.59479105]
 [2.57371718 2.68406772]
 [1.89457145 2.02680528]
 [0.37613907 0.41029763]
 [3.13659751 2.99257692]
 [1.39349197 1.7688439 ]
 [4.52904748 2.98073511]
 [0.22746638 0.31109536]
 [2.59505814 2.32691215]
 [2.14466167 2.09074041]
 [2.6157879  2.80721617]
 [3.41225758 2.91007876]
 [1.6620151  1.83355582]
 [1.30940202 1.19743883]
 [3.26309116 2.96818764]
 [3.50647411 2.84878656]
 [4.39683206 2.97317794]
 [1.3147956  1.40819661]
 [2.25793662 2.22957011]
 [0.12602913 0.10471139]
 [2.36902949 2.49563459]
 [2.60285851 2.75989145]
 [4.38007349 2.96986554]
 [2.87123007 2.75211022]
 [0.64481484 0.71586977]
 [0.59144399 0.65333269]
 [2.70294139 2.57018242]
 [2.73341991 2.6857811 ]
 [2.38703554 2.76749447]
 [0.48856117 0.62999528]
 [1.5516036  1.55805547]
 [0.57412005 0.36502214]
 [1.72839607 1.86288846]
 [0.09278589 0.07663033]
 [0.07061513 0.1191569 ]
 [1.09846723 1.33043315]
 [2.21364286 2.34726929]
 [1.42311941 1.26983673]
 [1.70976418 1.64002434]
 [1.28658121 1.03793761]
 [1.24145364 0.91006889]
 [0.60354877 0.74051265]
 [0.68436724 0.58287914]
 [0.19996987 0.0549333 ]
 [1.05484231 0.93964985]
 [3.59951344 2.99305378]
 [2.09796051 2.29612196]
 [2.03615378 2.16097348]
 [0.0888196  0.07863296]
 [0.68983154 0.59614529]
 [1.5875628  1.51498187]
 [0.98221394 0.64176726]
 [4.22459786 2.99982615]
 [1.23817581 1.59513248]
 [1.40145524 1.62338162]
 [2.58633799 2.86396658]
 [1.50544319 1.67681126]
 [2.05520523 2.04517287]
 [2.66256256 2.64212832]
 [1.19729559 0.99812646]
 [2.87775351 2.8072088 ]
 [1.26349172 1.38041768]
 [1.90540746 1.97248831]
 [2.16861863 2.30745039]
 [2.64942939 2.6879099 ]
 [1.70344323 1.84891645]
 [3.52080251 2.965485  ]
 [1.5924023  1.52039962]
 [2.55906548 2.92566703]
 [0.72779116 0.64940711]]
