[[1.86260211e-03 3.45560727e-03 1.79353495e+00]
 [4.30247271e-03 9.73802078e-03 2.35560178e+00]
 [1.98569888e-03 4.26701009e-03 1.68669248e+00]
 [5.41559379e-03 9.74740371e-03 2.27320880e+00]
 [4.44117107e-03 8.28135361e-03 1.85269631e+00]
 [4.32981507e-03 9.09311989e-03 2.21095800e+00]
 [1.15103041e-03 2.27001165e-03 2.19196477e+00]
 [3.93884008e-03 6.88955048e-03 1.80800322e+00]
 [3.72748802e-03 7.10354578e-03 1.91128685e+00]
 [4.06288428e-03 7.43749196e-03 1.57597376e+00]
 [4.79737567e-03 9.46676679e-03 2.10686741e+00]
 [8.48018217e-04 2.02463036e-03 2.70847595e+00]
 [2.31462936e-03 4.26821349e-03 1.49622293e+00]
 [9.04097157e-04 1.28975984e-03 1.21052505e+00]
 [2.37214058e-03 5.39490891e-03 2.49856157e+00]
 [1.32906238e-03 2.83462432e-03 2.60128235e+00]
 [2.78504172e-03 6.14781891e-03 2.33033671e+00]
 [1.55528584e-03 3.17817550e-03 1.68796635e+00]
 [6.56219990e-04 1.80729214e-03 2.38861388e+00]
 [1.84748152e-03 4.30973654e-03 2.74649084e+00]
 [3.31014434e-03 6.59709804e-03 1.93308698e+00]
 [2.15209660e-03 3.71923011e-03 1.77971078e+00]
 [4.41843803e-03 8.64550653e-03 2.08696437e+00]
 [4.75723627e-03 9.23611865e-03 1.83336897e+00]
 [4.85337454e-03 9.92981358e-03 2.63860794e+00]
 [2.48108503e-03 5.58676411e-03 2.50492203e+00]
 [3.70344159e-03 6.27222766e-03 1.55763351e+00]
 [8.20941588e-04 1.80729214e-03 2.38861388e+00]
 [3.19183477e-03 5.52392523e-03 1.55486979e+00]
 [1.29468286e-03 2.66943346e-03 1.98790221e+00]
 [4.75094617e-03 9.46676679e-03 2.10384907e+00]
 [4.37941925e-03 7.93804507e-03 1.92358388e+00]
 [3.70255480e-03 7.49858311e-03 2.06352588e+00]
 [8.48190027e-04 1.99495546e-03 1.84550532e+00]
 [8.03489848e-04 2.10770942e-03 2.45533747e+00]
 [1.55528584e-03 3.17817550e-03 1.70962539e+00]
 [4.20125824e-03 8.87447173e-03 1.78948525e+00]
 [2.67397000e-03 4.08637225e-03 1.48283750e+00]
 [4.28335214e-03 9.62932844e-03 2.41580362e+00]
 [3.77931789e-03 8.63120554e-03 2.02003413e+00]
 [2.72314857e-03 4.31843483e-03 1.42943139e+00]
 [4.07812963e-03 8.07799880e-03 2.12578061e+00]
 [2.99261582e-03 4.94646848e-03 1.63005418e+00]
 [2.70705946e-03 5.74641635e-03 2.29176677e+00]
 [1.49710208e-03 2.92575346e-03 2.51716475e+00]
 [3.37298205e-03 7.12431135e-03 2.07353664e+00]
 [3.36721090e-03 5.86429421e-03 1.48811954e+00]
 [3.31014434e-03 6.59709804e-03 1.88759561e+00]
 [1.15442426e-03 2.73618927e-03 2.63817836e+00]
 [4.95702859e-04 1.31156029e-03 1.79070095e+00]
 [2.33093464e-03 3.86432499e-03 1.77971078e+00]
 [1.73137881e-03 4.28401094e-03 2.50835005e+00]
 [1.83648640e-03 3.23376992e-03 1.53619553e+00]
 [2.98600956e-03 6.01292514e-03 2.18686221e+00]
 [2.19088611e-03 4.96370092e-03 2.40276059e+00]
 [2.83589926e-03 4.86724656e-03 1.51637733e+00]
 [6.56219990e-04 1.39067901e-03 2.20137496e+00]
 [1.71992983e-03 3.52669018e-03 1.67908174e+00]
 [9.20744535e-03 9.96641904e-03 2.96262596e+00]
 [4.19150570e-03 8.53481902e-03 2.05817442e+00]
 [2.78504172e-03 6.14781891e-03 2.28262405e+00]
 [1.45663632e-03 3.59780762e-03 2.07373211e+00]
 [7.76889438e-04 1.18031256e-03 1.45250318e+00]
 [2.15133981e-03 3.71923011e-03 2.22085414e+00]
 [7.81402721e-04 1.11535839e-03 1.36711542e+00]
 [4.34189895e-03 9.66210335e-03 2.19573965e+00]
 [5.88512488e-03 9.97111655e-03 2.63449872e+00]
 [3.31778895e-03 5.48729673e-03 1.68900826e+00]
 [8.46248287e-04 1.71917353e-03 1.69112588e+00]
 [2.43380330e-03 5.32723308e-03 1.66995499e+00]]
