[[1.86260211e-03 3.45560727e-03 1.79353495e+00]
 [4.30247271e-03 9.73802078e-03 2.35560178e+00]
 [5.41559379e-03 9.74740371e-03 2.27320880e+00]
 [3.66543097e-03 8.62346253e-03 2.38535544e+00]
 [3.81016124e-03 7.49858311e-03 2.02228296e+00]
 [2.74119775e-03 5.60529991e-03 2.34345957e+00]
 [4.44117107e-03 8.28135361e-03 1.85269631e+00]
 [4.32981507e-03 9.09311989e-03 2.21095800e+00]
 [1.15103041e-03 2.27001165e-03 2.19196477e+00]
 [2.00727488e-03 5.29546610e-03 2.78886484e+00]
 [2.53888621e-03 5.91387182e-03 1.85759032e+00]
 [8.96306989e-04 2.10770942e-03 2.00564877e+00]
 [3.72748802e-03 7.10354578e-03 1.91128685e+00]
 [6.05212895e-03 9.90406197e-03 2.54783250e+00]
 [2.69654701e-03 5.90546522e-03 1.76106815e+00]
 [3.14417222e-03 6.05896361e-03 2.18969427e+00]
 [4.79737567e-03 9.46676679e-03 2.10686741e+00]
 [8.48018217e-04 2.02463036e-03 2.70847595e+00]
 [9.04097157e-04 1.28975984e-03 1.21052505e+00]
 [2.37214058e-03 5.39490891e-03 2.49856157e+00]
 [3.01007943e-03 6.72420773e-03 2.03557345e+00]
 [1.86155670e-03 4.71819063e-03 2.96364884e+00]
 [1.32906238e-03 2.83462432e-03 2.60128235e+00]
 [5.31886185e-04 1.20994413e-03 2.68936549e+00]
 [4.30004330e-03 9.66552956e-03 2.88003604e+00]
 [1.15103041e-03 2.27001165e-03 2.17307909e+00]
 [2.67462973e-03 6.12075440e-03 1.86998649e+00]
 [9.04097157e-04 1.26339011e-03 1.21052505e+00]
 [3.23574292e-03 6.74971605e-03 2.26670323e+00]
 [2.46211068e-03 4.85650686e-03 1.90598139e+00]
 [3.89636415e-03 7.25356206e-03 1.70383568e+00]
 [4.44117107e-03 8.36091559e-03 1.85269631e+00]
 [2.31462936e-03 3.82949831e-03 1.48867656e+00]
 [2.18119339e-03 5.47128914e-03 2.59867998e+00]
 [3.29148714e-03 5.92351832e-03 1.73829744e+00]
 [3.72748802e-03 7.37240329e-03 1.91128685e+00]
 [5.70036207e-03 9.88092632e-03 2.08335380e+00]
 [2.28578306e-03 4.26701009e-03 1.68843647e+00]
 [5.14525946e-03 9.01270200e-03 1.86471119e+00]
 [5.41559379e-03 9.75708589e-03 2.15608086e+00]
 [2.17841158e-03 4.13591718e-03 1.70127243e+00]
 [3.37884460e-03 6.22755043e-03 1.76047299e+00]
 [1.83590376e-03 3.53718265e-03 1.92134984e+00]
 [6.41031335e-04 1.42440760e-03 2.75743185e+00]
 [1.28268977e-03 2.86701400e-03 2.24756481e+00]
 [1.34054224e-03 2.78119305e-03 2.01613773e+00]
 [4.44117107e-03 8.36091559e-03 1.67503157e+00]
 [3.37827623e-03 6.64573106e-03 1.99098996e+00]
 [1.15103041e-03 2.27001165e-03 2.13115021e+00]
 [2.92313762e-03 6.18233506e-03 2.04202060e+00]
 [3.30085627e-03 7.90292749e-03 2.75741996e+00]
 [9.94405629e-04 1.67944640e-03 1.74681426e+00]
 [4.97536012e-03 9.67977602e-03 2.12981778e+00]
 [2.07692947e-03 4.41785248e-03 2.19358322e+00]
 [2.19153806e-03 4.28800693e-03 2.11177108e+00]
 [2.31462936e-03 3.88720929e-03 1.46983863e+00]
 [9.67690112e-04 1.72816663e-03 1.78188396e+00]
 [8.77382355e-03 9.93821250e-03 2.60896813e+00]
 [9.22477248e-04 1.98101489e-03 2.60148914e+00]
 [1.84850539e-03 4.28239852e-03 2.46311423e+00]
 [7.12927120e-04 1.17536982e-03 1.24683772e+00]
 [1.94363731e-03 3.72428465e-03 1.95228481e+00]
 [1.05267073e-03 2.49369846e-03 2.47900482e+00]
 [1.16710910e-03 2.83462432e-03 2.60128235e+00]
 [3.26311607e-03 7.45637193e-03 2.66879567e+00]
 [4.16664141e-03 8.73386083e-03 2.15685711e+00]
 [5.95076822e-03 9.80923676e-03 2.76677975e+00]
 [9.28109079e-03 9.96882745e-03 2.95311669e+00]
 [1.35980417e-03 3.02918260e-03 2.52012166e+00]
 [4.50379642e-03 9.35420114e-03 2.10210923e+00]
 [1.86260211e-03 3.45560727e-03 1.85467750e+00]
 [4.67459892e-03 8.42897110e-03 1.99118698e+00]
 [5.31886185e-04 1.15223678e-03 2.68394163e+00]
 [4.82196169e-03 9.70182459e-03 2.58327185e+00]
 [2.46211068e-03 4.85650686e-03 1.83755715e+00]
 [6.89339245e-04 1.37587656e-03 1.49014832e+00]
 [8.55986713e-04 1.10352660e-03 1.28503668e+00]
 [2.48033558e-03 4.27582275e-03 1.79677908e+00]
 [1.46792373e-03 2.53617708e-03 1.67531607e+00]]
