[[1.01098315e-06 4.99943236e+01]
 [1.35920035e+02 4.00001133e+00]
 [6.62608779e+00 3.35071953e+01]
 [4.80843946e+01 1.29921456e+01]
 [5.50434771e+01 1.17361781e+01]
 [3.23860284e+01 1.80070854e+01]
 [1.14211600e+02 4.33428959e+00]
 [8.05712592e+01 6.80781992e+00]
 [1.10617244e+01 2.96459630e+01]
 [8.88613923e+01 5.98897185e+00]
 [6.66494089e-01 4.58852196e+01]
 [4.21940658e+01 1.46299683e+01]
 [1.05284866e+02 4.76931361e+00]
 [5.94978075e+01 1.04026323e+01]
 [2.99052146e+00 3.87871840e+01]
 [7.21830668e+01 8.18646468e+00]
 [4.84340736e+00 3.56999353e+01]
 [2.39402237e+00 3.97676025e+01]
 [2.78708778e+01 1.99631702e+01]
 [6.67254778e+01 8.93000420e+00]
 [7.62770825e+01 7.40447504e+00]
 [1.47585388e+01 2.69183011e+01]
 [1.12247504e+01 2.94300292e+01]
 [6.35267928e+01 9.53559206e+00]
 [1.84841850e+01 2.47483017e+01]
 [1.22599401e+02 4.12045812e+00]
 [9.33912440e+01 5.65058874e+00]
 [3.63175114e+01 1.64780391e+01]
 [1.31246879e+02 4.01447064e+00]
 [5.98840553e-02 4.87864415e+01]]
