[[1.52610864e-02 2.65060857e+04]
 [2.92718806e-02 1.46826065e+04]
 [3.39946541e-02 1.19017793e+04]
 [2.69897406e-02 1.55173060e+04]
 [3.70128177e-02 1.09776149e+04]
 [8.82691908e-03 5.10422681e+04]
 [4.38580996e-02 9.33816201e+03]
 [3.03185060e-02 1.33727403e+04]
 [2.44258233e-02 1.75394605e+04]
 [1.50928149e-02 2.71499063e+04]
 [3.86043431e-02 1.04688819e+04]
 [2.20692884e-02 1.95611740e+04]
 [1.52345549e-02 2.65308348e+04]
 [2.68609736e-02 1.56019627e+04]
 [3.01467340e-02 1.34657650e+04]
 [5.13410854e-02 8.72936491e+03]
 [2.23353081e-02 1.95357576e+04]
 [5.19472290e-02 8.68642487e+03]
 [1.80230543e-02 2.34087843e+04]
 [4.79715600e-02 8.87107419e+03]
 [4.17678255e-02 9.65590185e+03]
 [3.43495847e-02 1.16547604e+04]
 [4.04707895e-02 1.01926554e+04]
 [1.47212261e-02 2.74959439e+04]
 [1.23069088e-02 3.39292745e+04]
 [4.76059107e-02 9.05826631e+03]
 [4.33262615e-02 9.41371475e+03]
 [2.52059173e-02 1.61626414e+04]
 [1.70538532e-02 2.44409142e+04]
 [1.81204808e-02 2.32901708e+04]
 [4.14265291e-02 9.84672921e+03]
 [9.18260298e-03 4.77646499e+04]
 [4.47576515e-02 9.11602087e+03]
 [1.43746737e-02 3.05829029e+04]
 [1.66207134e-02 2.53125969e+04]
 [4.14437685e-02 9.83889025e+03]
 [2.41881686e-02 1.82477181e+04]
 [9.09717363e-03 4.78716618e+04]
 [3.65515735e-02 1.12211372e+04]
 [8.06416033e-03 5.58549180e+04]
 [5.08223078e-02 8.79993793e+03]
 [7.01870299e-03 5.72975087e+04]
 [4.95555558e-03 8.93220864e+04]
 [2.88241741e-02 1.47858736e+04]
 [4.25182714e-02 9.58791151e+03]
 [1.89472248e-02 2.18115738e+04]
 [1.98360811e-02 2.16467224e+04]
 [3.72994817e-02 1.08000432e+04]
 [1.99589832e-02 2.04814119e+04]
 [2.16720198e-02 2.04503467e+04]
 [1.26190673e-02 3.33084716e+04]
 [2.55650534e-02 1.57965169e+04]
 [2.26691758e-02 1.86780262e+04]
 [1.41492697e-02 3.07063297e+04]
 [5.82545510e-02 8.49271644e+03]
 [9.46958501e-03 4.66374084e+04]
 [3.06180602e-02 1.32764556e+04]
 [3.14489058e-02 1.29748625e+04]
 [5.50315975e-02 8.55869990e+03]
 [1.62154751e-02 2.53257544e+04]
 [6.57117309e-03 6.89659264e+04]
 [8.95749994e-03 5.00591988e+04]
 [1.98480830e-02 2.05060864e+04]
 [1.57062820e-02 2.57587860e+04]
 [3.92544237e-02 1.03857292e+04]
 [3.34296828e-02 1.21629966e+04]
 [1.17114886e-02 3.62988239e+04]
 [1.72187598e-02 2.41068512e+04]
 [2.44957999e-02 1.72699117e+04]
 [1.51145370e-02 2.67833367e+04]
 [6.76097905e-03 6.30637431e+04]
 [2.32885290e-02 1.86310105e+04]
 [8.91448835e-03 5.01542595e+04]
 [5.65254738e-02 8.55483049e+03]
 [5.19597956e-02 8.61462208e+03]
 [9.52842175e-03 4.26995794e+04]
 [1.88411400e-02 2.32264820e+04]
 [8.16662580e-03 5.23962036e+04]
 [4.75289718e-02 9.06476996e+03]
 [5.79271866e-03 7.06317701e+04]
 [3.86421335e-02 1.04668229e+04]
 [6.89030598e-02 8.49163028e+03]
 [1.33259051e-02 3.07545874e+04]
 [1.08870011e-02 3.81363475e+04]
 [1.08422764e-02 3.83883271e+04]
 [2.25342891e-02 1.92843870e+04]
 [1.95777875e-02 2.17958953e+04]
 [1.01071293e-02 4.12811403e+04]
 [3.19727729e-02 1.27829577e+04]]
