[[1.86260211e-03 3.45560727e-03 1.79353495e+00]
 [4.30247271e-03 9.73802078e-03 2.35560178e+00]
 [3.81016124e-03 7.49858311e-03 2.02228296e+00]
 [2.74119775e-03 5.60529991e-03 2.34345957e+00]
 [4.44117107e-03 8.28135361e-03 1.85269631e+00]
 [3.28959163e-03 7.21790451e-03 2.18502374e+00]
 [4.51613753e-03 8.59317806e-03 1.85720756e+00]
 [1.82061403e-03 3.77732767e-03 2.23095343e+00]
 [4.24679238e-03 8.28135361e-03 1.87222510e+00]
 [3.10648090e-03 5.05376656e-03 1.53327740e+00]
 [4.44117107e-03 8.66229928e-03 1.85269631e+00]
 [3.70154178e-03 7.78723103e-03 1.96885174e+00]
 [2.21794913e-03 4.20193680e-03 2.35813767e+00]
 [3.28959163e-03 7.21790451e-03 2.23300045e+00]
 [1.89855708e-03 3.47816266e-03 1.79326914e+00]
 [1.86260211e-03 3.46140992e-03 1.79353495e+00]
 [1.26329519e-03 2.65277925e-03 2.01132433e+00]
 [2.75787644e-03 6.10063625e-03 2.49878295e+00]
 [3.66739019e-03 8.01808186e-03 2.38235390e+00]
 [4.08052352e-03 8.64891124e-03 2.45074239e+00]
 [1.78308353e-03 4.20893441e-03 2.89927724e+00]
 [3.87392799e-03 8.69074569e-03 2.33774800e+00]
 [1.07902343e-03 2.28701960e-03 2.57153883e+00]
 [1.82061403e-03 3.76764134e-03 2.23585347e+00]
 [4.08052352e-03 8.63728993e-03 2.42748324e+00]
 [3.01515575e-03 6.09961457e-03 2.51410203e+00]
 [1.86260211e-03 3.20000512e-03 1.79353495e+00]
 [1.19292176e-03 2.55850980e-03 2.65208892e+00]
 [3.10648090e-03 5.05376656e-03 1.51804427e+00]
 [6.94664061e-04 1.84119096e-03 2.81799813e+00]
 [2.02825759e-03 4.26701009e-03 2.03193496e+00]
 [5.04449332e-03 9.55989844e-03 1.93725669e+00]
 [1.98569888e-03 4.26701009e-03 2.01295681e+00]
 [1.89855708e-03 3.71777148e-03 1.79338732e+00]
 [1.35504285e-03 2.42831703e-03 1.59791550e+00]
 [1.26329519e-03 2.32840763e-03 2.01132433e+00]
 [4.51613753e-03 8.53445597e-03 1.85790081e+00]
 [4.30296621e-03 9.73802078e-03 2.35560178e+00]
 [4.47183839e-03 8.66229928e-03 1.85269631e+00]
 [1.90521673e-03 3.01937253e-03 1.27661087e+00]
 [1.86788762e-03 3.20118753e-03 1.85390982e+00]
 [1.98569888e-03 4.03284326e-03 1.87435627e+00]
 [8.14739649e-04 1.90848133e-03 2.87568251e+00]
 [1.39368583e-03 2.40167634e-03 1.41526899e+00]
 [3.02096731e-03 5.04374102e-03 1.45924139e+00]
 [1.72690489e-03 3.90760832e-03 2.48257068e+00]
 [2.24616613e-03 5.04519170e-03 2.34769802e+00]
 [8.18208301e-04 1.47888902e-03 1.40276219e+00]
 [1.51050261e-03 3.45560727e-03 2.67511026e+00]
 [3.07977229e-03 5.51742424e-03 1.51131786e+00]
 [2.32591174e-03 5.04519170e-03 2.34769802e+00]
 [1.35504285e-03 2.97466055e-03 2.27051729e+00]
 [3.76367347e-03 7.62443480e-03 2.11335972e+00]
 [5.91981778e-03 9.99236236e-03 2.87478194e+00]
 [3.84529154e-03 8.41301162e-03 2.16468141e+00]
 [6.12993548e-04 1.48667351e-03 2.47976936e+00]
 [1.33376068e-03 2.89928644e-03 2.57546624e+00]
 [4.44117107e-03 8.66229928e-03 1.90133751e+00]
 [1.90087697e-03 3.79408328e-03 1.79326914e+00]
 [4.96474772e-03 9.29796129e-03 1.93725669e+00]
 [3.10648090e-03 5.84375892e-03 1.63150866e+00]
 [5.41559379e-03 9.98077297e-03 1.59645388e+00]
 [7.85968846e-04 1.77538711e-03 2.28527760e+00]
 [5.04449332e-03 9.58945523e-03 1.93725669e+00]
 [6.10638736e-04 1.28406957e-03 2.64995790e+00]
 [1.80946253e-03 4.54514005e-03 2.56439678e+00]
 [2.31842613e-03 4.27367566e-03 2.05083310e+00]
 [2.27309736e-03 5.08088930e-03 2.34634543e+00]
 [1.82061403e-03 4.00773684e-03 2.23095343e+00]
 [3.87392799e-03 8.69074569e-03 2.32565585e+00]
 [5.03919236e-04 1.30877034e-03 2.01132433e+00]
 [4.66443033e-03 9.99173055e-03 2.37688146e+00]
 [5.97040126e-03 9.95592065e-03 2.72976190e+00]
 [4.19741641e-03 9.29826613e-03 2.25470582e+00]
 [4.67993725e-03 9.99173055e-03 2.22562412e+00]
 [5.97040126e-03 9.96987421e-03 2.75206146e+00]
 [8.77837469e-04 2.19913036e-03 2.01592523e+00]
 [1.26329519e-03 2.32840763e-03 2.03550822e+00]
 [4.96474772e-03 9.29796129e-03 1.94472916e+00]
 [7.62778297e-04 1.38982513e-03 2.15357654e+00]
 [6.70941031e-04 1.65807258e-03 2.54309107e+00]
 [5.54683351e-04 1.30877034e-03 1.93644948e+00]
 [1.89855708e-03 3.47816266e-03 1.73289137e+00]
 [4.29054436e-03 8.66229928e-03 1.90133751e+00]
 [4.24679238e-03 8.28135361e-03 1.84538836e+00]
 [7.73758597e-04 1.65807258e-03 2.88072773e+00]
 [2.22894044e-03 3.66967737e-03 1.69309066e+00]
 [2.75787644e-03 6.10063625e-03 2.42424198e+00]
 [1.02055988e-03 2.28701960e-03 2.57085069e+00]
 [2.50723309e-03 5.46910821e-03 2.35564004e+00]
 [1.07277714e-03 1.56637005e-03 1.52642377e+00]
 [5.41559379e-03 9.98077297e-03 1.58747130e+00]
 [3.79956610e-03 6.95610217e-03 1.46496965e+00]
 [6.10867363e-03 9.97125966e-03 2.50636719e+00]
 [9.40061550e-04 2.09375491e-03 2.01047174e+00]
 [2.97247644e-03 5.87852488e-03 1.69873593e+00]
 [3.87392799e-03 8.35519466e-03 2.26220632e+00]
 [8.60272883e-04 1.47888902e-03 1.33636043e+00]
 [8.20388855e-04 1.67249529e-03 1.44011293e+00]
 [1.19945264e-03 2.65392369e-03 2.16355486e+00]
 [3.47396066e-03 6.82436057e-03 2.09003501e+00]
 [1.86232921e-03 3.01337982e-03 1.48995774e+00]
 [7.59673300e-04 1.77538711e-03 2.18150527e+00]
 [8.21517218e-04 1.96014951e-03 1.98208053e+00]]
