[[1.52610864e-02 2.65060857e+04]
 [4.48927166e-02 9.16056255e+03]
 [1.69870331e-02 2.59225653e+04]
 [4.91232333e-02 8.96634650e+03]
 [3.93752889e-02 1.06532184e+04]
 [3.70128177e-02 1.09776149e+04]
 [4.18541489e-02 9.65590185e+03]
 [1.07192317e-02 3.87363394e+04]
 [2.36734457e-02 1.87026776e+04]
 [3.18475519e-02 1.27103137e+04]
 [5.58102404e-02 8.67738208e+03]
 [2.37449270e-02 1.84067872e+04]
 [4.37664957e-02 9.35419140e+03]
 [9.94202140e-03 4.21205463e+04]
 [1.75662574e-02 2.46631743e+04]
 [5.80348224e-03 8.04541568e+04]
 [2.57065886e-02 1.59723699e+04]
 [2.40249579e-02 1.80470326e+04]
 [1.42412880e-02 3.02360048e+04]
 [8.62407872e-03 4.80120660e+04]
 [2.84826754e-02 1.42657777e+04]
 [2.15610606e-02 1.97547574e+04]
 [2.90637842e-02 1.38857811e+04]
 [1.70144863e-02 2.46728070e+04]
 [3.99419006e-02 1.02608016e+04]
 [2.32406639e-02 1.87204355e+04]
 [4.94068759e-02 8.77616590e+03]
 [1.76428640e-02 2.44131677e+04]
 [2.54460483e-02 1.64847804e+04]
 [3.65149822e-02 1.13700969e+04]
 [3.85070184e-02 1.06573192e+04]
 [6.80795050e-02 8.58052827e+03]
 [4.90262512e-02 8.98347188e+03]
 [1.83990628e-02 2.32925358e+04]
 [3.39818227e-02 1.19017793e+04]
 [4.07964831e-02 1.00713502e+04]
 [7.81843473e-02 8.55791871e+03]
 [2.54114319e-02 1.68703929e+04]
 [4.03039143e-02 1.02161998e+04]
 [2.26223569e-02 1.87370952e+04]
 [8.62391077e-03 4.80125868e+04]
 [1.05564410e-02 4.19146221e+04]
 [1.25238350e-02 3.34065144e+04]
 [3.66996371e-02 1.12242045e+04]
 [1.27141189e-02 3.18355688e+04]
 [1.24411111e-02 3.46009527e+04]
 [3.02606519e-02 1.35705431e+04]
 [4.69047137e-02 9.10261719e+03]
 [6.55100234e-02 8.58558379e+03]
 [7.55199188e-03 5.64352317e+04]
 [6.27818713e-03 6.74236098e+04]
 [1.90640760e-02 2.23680496e+04]
 [2.84257057e-02 1.49284016e+04]
 [5.75792906e-03 8.11622829e+04]
 [2.04707433e-02 2.04767552e+04]
 [3.11901129e-02 1.31213608e+04]
 [2.83946288e-02 1.51819524e+04]
 [1.61846056e-02 2.64524397e+04]
 [4.51615567e-03 9.79367509e+04]
 [2.12981298e-02 2.00052130e+04]
 [4.74283903e-02 9.07902669e+03]
 [3.22727384e-02 1.24644625e+04]
 [2.62605025e-02 1.53196728e+04]
 [1.18375807e-02 3.52411997e+04]
 [4.15712529e-02 9.88648936e+03]
 [1.93102186e-02 2.09003634e+04]
 [1.48620684e-02 2.73529824e+04]]
