[[1.52610864e-02 2.65060857e+04]
 [4.48927166e-02 9.16056255e+03]
 [1.69870331e-02 2.59225653e+04]
 [4.17531679e-02 1.03584766e+04]
 [3.39946541e-02 1.19017793e+04]
 [2.69897406e-02 1.55173060e+04]
 [3.69601535e-02 1.15706902e+04]
 [3.70128177e-02 1.09776149e+04]
 [4.18541489e-02 9.65590185e+03]
 [4.16585795e-02 1.04232755e+04]
 [1.07192317e-02 3.87363394e+04]
 [3.15247391e-02 1.32695640e+04]
 [3.18475519e-02 1.27103137e+04]
 [3.13492445e-02 1.34289154e+04]
 [4.37664957e-02 9.35419140e+03]
 [9.94202140e-03 4.21205463e+04]
 [1.75662574e-02 2.46631743e+04]
 [5.80348224e-03 8.04541568e+04]
 [5.25064956e-03 9.90916651e+04]
 [2.57065886e-02 1.59723699e+04]
 [2.40249579e-02 1.80470326e+04]
 [8.62407872e-03 4.80120660e+04]
 [2.84826754e-02 1.42657777e+04]
 [1.29877897e-02 3.30752248e+04]
 [4.89015132e-02 8.91310381e+03]
 [1.39131458e-02 2.98224464e+04]
 [3.51542834e-02 1.17556414e+04]
 [3.60168232e-02 1.16697971e+04]
 [2.01113476e-02 2.20152110e+04]
 [2.12239543e-02 2.00985024e+04]
 [3.34112443e-02 1.25551047e+04]
 [2.03129263e-02 2.12603674e+04]
 [4.94719595e-02 8.80962252e+03]
 [3.32128952e-02 1.25773965e+04]
 [5.10744229e-02 8.64752759e+03]
 [3.90180725e-02 1.04656108e+04]
 [1.25155498e-02 3.31751984e+04]
 [5.06300039e-02 8.74147909e+03]
 [2.56498339e-02 1.60518672e+04]
 [4.25610695e-02 9.61994360e+03]
 [1.50946123e-02 2.83965856e+04]
 [2.89146129e-02 1.41201313e+04]
 [2.79629638e-02 1.45152970e+04]
 [4.89815714e-02 8.81665099e+03]
 [3.82807266e-02 1.08164954e+04]
 [2.48120330e-02 1.61903568e+04]
 [3.52517256e-02 1.17347427e+04]
 [3.54043559e-02 1.16962809e+04]
 [9.17000239e-03 4.56946672e+04]
 [8.39393570e-03 4.97827473e+04]
 [2.24743584e-02 1.82776263e+04]
 [3.94005966e-02 1.04542912e+04]
 [6.35591991e-03 7.03060987e+04]
 [1.85230046e-02 2.24843062e+04]
 [2.04210190e-02 2.07918269e+04]
 [2.18515819e-02 1.90623407e+04]
 [1.19132139e-02 3.74183468e+04]
 [2.13613070e-02 1.96646557e+04]
 [4.32717809e-02 9.36725942e+03]
 [2.16153862e-02 1.94618820e+04]
 [2.75746594e-02 1.51459739e+04]
 [1.54345133e-02 2.63514790e+04]]
