[[2.08511002 2.16097348]
 [0.93130106 1.03668218]
 [1.98383737 1.6164502 ]
 [2.09597257 2.0556585 ]
 [2.08652401 1.67606949]
 [0.70193469 0.59430447]
 [1.05814058 0.79663998]
 [1.63322451 1.58117431]
 [3.45448459 2.99196855]
 [0.09940067 0.07863296]
 [2.76410989 2.52609268]
 [0.62086658 0.83755104]
 [2.92879636 2.90878724]
 [0.29958845 0.36403037]
 [0.22275939 0.32248239]
 [1.1992388  1.48130914]
 [2.62335155 2.77442391]
 [3.08389179 2.84704896]
 [0.88098128 0.99619072]
 [2.9100709  2.63649595]
 [3.39534418 2.75580533]
 [1.42788141 1.76050002]
 [0.99284944 1.28010303]
 [2.63857323 2.40648325]
 [2.59505814 2.31265173]
 [0.80485718 1.40064007]
 [2.07924359 1.8500552 ]
 [1.29849197 0.7712079 ]
 [3.91374707 2.97141535]
 [1.23866451 0.78651925]
 [2.96716225 2.53152129]
 [1.10716367 0.80121606]
 [0.09166321 0.20017499]
 [1.9742524  2.24081549]
 [0.72779116 0.47319021]
 [4.52904748 2.96986554]
 [0.73396187 0.79289245]
 [2.58633799 2.74921756]
 [0.43741105 0.68192921]
 [2.85357926 2.99026028]
 [2.46035901 2.19027363]
 [1.69354013 1.57168841]
 [2.52259585 2.02154702]
 [2.42214223 2.57795342]
 [1.37059888 1.68158997]
 [1.07056068 0.59684377]
 [0.13313942 0.33276111]
 [0.40264764 0.69510693]
 [0.79916825 0.60780638]
 [1.85077089 1.59209232]
 [2.63951989 2.22023263]
 [2.01610236 2.27624079]
 [3.58464501 2.96197852]
 [1.87437972 2.31096758]
 [2.00932962 2.09192406]
 [0.60383592 0.66085196]
 [0.69177345 0.87043339]
 [1.72849411 2.02491481]
 [1.57382844 1.88056681]
 [2.86636136 2.82828773]
 [2.45772575 2.57010749]
 [2.09289013 2.0503947 ]
 [1.47644397 1.63236415]
 [2.43960746 2.56606924]
 [2.57087522 2.62599818]
 [0.80755385 1.02732192]
 [2.8968027  2.77411254]
 [1.14602514 1.30165013]
 [3.154796   2.94277103]
 [2.09858342 2.70131195]
 [2.63951989 2.34052823]
 [0.6330693  0.73998194]
 [2.09597257 2.00826692]
 [1.8768787  1.83969842]
 [2.25009847 1.953913  ]
 [1.76380972 1.6122366 ]
 [1.14602514 1.2867209 ]
 [1.41303162 1.44662844]
 [0.13824454 0.07576611]
 [2.17652979 2.65061739]
 [1.74005677 1.73549874]
 [0.85473996 0.71738634]
 [2.08380004 2.24678513]
 [2.60761465 2.77442391]
 [2.68332904 2.09996832]
 [1.51048366 1.79782096]
 [2.09289013 2.69269307]
 [0.00674919 0.07863296]
 [2.14673013 2.27395482]
 [2.31689303 2.28624219]
 [2.67914452 2.40648325]
 [0.70193469 0.61910037]
 [1.99566103 2.07803315]
 [0.17818614 0.1771757 ]
 [2.50729561 2.19942758]
 [0.17910047 0.26034819]
 [1.79284049 1.88492711]
 [3.06812714 2.92070061]
 [4.29576904 2.96048818]
 [3.154796   2.92494328]
 [0.67765066 0.48536731]
 [2.11795156 1.73516884]
 [2.08652401 1.676864  ]
 [2.72799467 2.746152  ]
 [0.7983028  0.99619072]
 [0.65538031 0.65331704]
 [2.8987261  2.96786784]
 [2.65079715 2.78699202]
 [2.09597257 2.05803007]
 [1.54491921 1.62195144]
 [2.55146568 2.97278356]
 [4.09555472 2.97816997]
 [2.70861641 2.89075528]
 [3.96700587 2.96422986]
 [2.2194366  2.24678513]
 [2.73277624 2.65730192]
 [4.52904748 2.97865167]
 [1.1786528  1.2867209 ]
 [1.4396961  1.47376802]
 [0.76302668 1.0413461 ]
 [2.70543301 2.91667681]
 [2.848922   2.81833028]
 [0.92993124 1.04544615]
 [2.23458221 2.44501256]
 [3.33148276 2.97017988]
 [0.74173167 0.77057849]
 [1.25763466 0.88874422]
 [1.31003931 1.16932449]
 [0.57627053 0.69633929]
 [4.27810978 2.99377089]
 [1.65782964 1.91842305]
 [1.29492424 1.33267275]
 [2.19581912 2.16330162]
 [3.47657008 2.92491956]
 [2.14673013 2.25004815]
 [0.65582937 0.34618269]
 [0.67539579 1.05089224]
 [1.62001556 2.18316769]
 [0.28464719 0.50070522]
 [1.5896031  1.58937142]
 [2.57087522 2.42783865]
 [2.88354971 2.90389821]
 [1.10596763 1.46744473]
 [1.85077089 1.71218426]
 [2.36394604 2.04709374]
 [1.34461383 1.46096593]
 [3.62765093 2.87351365]
 [0.95816371 1.21784705]
 [0.27260002 0.4483404 ]
 [0.29958845 0.28687538]
 [2.32789423 2.39487199]
 [0.7983028  0.99462137]
 [1.744086   1.33742906]
 [1.98850435 1.96411099]
 [3.69946326 2.99196855]
 [2.90488132 2.80824333]
 [1.45936199 1.68826154]
 [2.21385799 2.48870324]
 [0.99721887 0.75834206]
 [4.3897475  2.97926722]
 [2.59376633 2.36546086]
 [1.957065   1.55270274]
 [0.47756908 0.58052669]
 [0.00534849 0.0439449 ]
 [1.62615447 1.65396182]
 [0.66093144 0.41268345]
 [3.40264132 2.96786784]
 [2.1471123  2.41944904]
 [2.07924359 1.92174907]
 [1.19802671 1.31576314]
 [1.70812483 2.0626359 ]
 [1.97949079 2.51383473]
 [0.22275939 0.45199334]
 [2.14673013 2.30900932]
 [3.56735615 2.96197852]
 [0.77806051 0.56216063]
 [0.7551812  1.24859538]
 [3.91374707 2.97746914]
 [0.41826065 0.32448161]
 [3.43961867 2.7588285 ]
 [1.03439086 0.79694365]
 [4.74480142 2.98965829]
 [1.15285053 1.30786445]
 [2.58633799 2.75917949]
 [2.41250201 2.82828773]
 [2.06439584 2.06998221]
 [0.51350065 0.34690022]
 [2.4127444  2.62081694]
 [2.02119969 1.60177999]
 [2.4613267  2.25088616]
 [3.72058985 2.92494328]
 [1.61810267 1.68090384]
 [2.69359681 2.75580533]
 [0.62022267 0.47319021]
 [1.15109059 1.50809186]
 [4.09555472 2.99549214]
 [2.67001191 2.50302283]
 [0.42068342 0.40984778]
 [2.8179926  2.9929554 ]
 [0.21262578 0.0439449 ]
 [2.52259585 2.98524084]
 [2.21690311 2.37591168]
 [2.85107002 2.29249356]
 [2.47858517 2.40648325]
 [0.00672326 0.07352006]
 [1.63483977 1.70650469]
 [2.11467736 2.64316572]
 [1.35661307 1.42201178]
 [2.72372932 2.85288021]
 [1.1102457  1.44702985]
 [3.33795025 2.79661073]
 [2.63512737 2.79906039]
 [3.09572755 2.9686506 ]
 [4.52800225 2.97865167]
 [3.97043137 2.98084463]
 [0.62411272 0.95719061]
 [2.05877325 1.92174907]
 [0.43564134 0.2351607 ]
 [1.52461267 1.1867949 ]
 [2.87139473 2.7537891 ]
 [2.0484767  1.83647713]
 [4.3897475  2.98544245]
 [1.18337662 1.54544542]
 [2.01792665 2.02751392]
 [1.53144369 1.18561402]
 [1.72313392 1.40936712]
 [0.76451236 1.31736646]
 [0.29958845 0.28771234]
 [3.79788264 2.99377089]
 [1.69354013 1.52971077]
 [1.18246312 1.45090806]
 [2.37463834 2.34753676]
 [1.73865878 1.54910927]
 [0.62411272 0.91683487]
 [2.07924359 1.76679642]
 [0.36050832 0.52800501]
 [0.15963824 0.1541531 ]
 [0.66951759 0.29382477]
 [4.73229263 2.97926722]
 [1.70785082 1.23243405]
 [1.78303261 1.62576032]
 [2.9489444  2.9866491 ]
 [1.31552436 1.20834617]
 [2.59614143 2.33875268]
 [3.84243867 2.93076008]
 [4.27024924 2.96125941]
 [3.7019276  2.96197852]
 [2.07929702 2.16330162]
 [0.81607327 0.52821837]
 [3.26751709 2.97389795]
 [2.71537936 2.93287472]
 [0.65525853 0.57156544]
 [3.11535338 2.64646359]
 [4.87202655 2.97865167]
 [0.42574027 0.32448161]
 [2.85909997 2.56702338]
 [3.15478635 2.86021914]
 [1.54686619 1.46973766]
 [2.88354971 2.83049359]
 [4.52904748 2.99397716]
 [1.54491921 1.77209019]
 [3.37282012 2.79221003]
 [0.72088631 0.76415603]
 [0.20985301 0.471802  ]
 [0.53510493 0.87933048]
 [1.14304059 0.7788375 ]
 [1.09543349 1.40173747]
 [2.26872108 2.15944158]
 [0.67539579 0.82209631]
 [3.40264132 2.95453002]
 [3.74057641 2.97613923]
 [2.54145698 2.76202041]
 [2.83832939 2.71525098]
 [2.08142775 2.15988602]
 [2.92879636 2.77177598]
 [0.81235752 0.80507071]
 [2.05884275 2.07089663]
 [2.53389158 2.40648325]
 [3.13038577 2.89245278]
 [1.22230164 1.11791586]
 [0.83843948 0.55115698]
 [3.08260371 2.66894916]
 [1.63654429 1.77369248]
 [0.21463978 0.10927857]
 [1.5191762  1.68826154]
 [2.51168674 2.77068016]
 [4.3897475  2.97489478]
 [1.48088724 1.58804133]
 [0.83141804 0.8217924 ]
 [0.29636977 0.29317229]
 [1.4396961  1.4049018 ]]
