[[0.78492906 0.54484695]
 [0.77248253 0.72401363]
 [0.79270471 0.53181901]
 [0.96410835 0.15101625]
 [0.49934507 0.83423943]
 [0.47270256 0.89396319]
 [0.73867357 0.75135224]
 [0.54872951 0.79252416]
 [0.7790106  0.6227483 ]
 [0.90330861 0.47106888]
 [0.49504791 0.88592782]
 [0.14287562 0.97204775]
 [0.99112088 0.12768937]
 [0.52615941 0.79300296]
 [0.93781711 0.20060437]
 [0.45174111 0.94862062]
 [0.11429005 1.00841707]
 [0.06261884 1.03771416]
 [0.77419004 0.68330468]
 [0.07371054 1.01944006]
 [0.66020649 0.78851677]
 [0.17402059 0.95275704]]
