[[3.60699608e+01 1.65566552e+01]
 [7.76812641e+00 3.22621992e+01]
 [3.44753316e+01 1.71025222e+01]
 [3.38364045e+00 3.78835185e+01]
 [7.01718697e+00 3.32064912e+01]
 [2.06701379e+01 2.30235463e+01]
 [8.35413583e+01 6.42080819e+00]
 [6.42545421e-02 4.82357273e+01]
 [5.60857909e+01 1.11194220e+01]
 [6.81555654e+01 8.66305532e+00]
 [8.89085385e-01 4.35860832e+01]
 [6.14466549e-01 4.47011988e+01]
 [1.45298019e+01 2.68269711e+01]
 [5.83176055e+01 1.06016468e+01]
 [7.04643053e+01 8.30666886e+00]
 [2.37133311e+01 2.18482271e+01]
 [6.16784942e+01 9.95395502e+00]
 [1.04976551e+01 2.98948891e+01]
 [5.10129214e+01 1.23026655e+01]
 [4.83307391e+01 1.30055861e+01]
 [1.04383508e+01 3.05546152e+01]
 [3.09838326e+01 1.84529702e+01]
 [9.65869014e+01 5.29510110e+00]
 [3.17043014e+01 1.83835391e+01]
 [7.47103428e+00 3.27839613e+01]
 [1.93888691e-01 4.71300901e+01]
 [3.56757064e+01 1.67682477e+01]
 [3.01435576e+00 3.87437753e+01]
 [4.66951383e+00 3.58988353e+01]
 [5.69893656e+01 1.08917859e+01]
 [2.62542348e+00 3.94629533e+01]
 [6.83382844e+01 8.64617576e+00]
 [4.34026601e+01 1.43443386e+01]
 [2.13531304e+01 2.26859973e+01]
 [5.00504672e+01 1.25116603e+01]
 [1.88251444e+01 2.41843976e+01]
 [5.13824242e-01 4.54694508e+01]
 [2.58119506e+00 3.96677531e+01]
 [4.03239394e+00 3.69383522e+01]
 [2.38404433e+01 2.15314788e+01]
 [4.75859928e+01 1.32989730e+01]
 [3.69837635e+01 1.63225093e+01]
 [8.64919865e+01 6.15676129e+00]
 [3.54154819e+01 1.70003975e+01]
 [3.36542071e+01 1.74010150e+01]
 [3.20537255e+00 3.81544643e+01]
 [4.94481916e+00 3.56141364e+01]
 [2.40538698e+01 2.14695150e+01]
 [6.48609556e+01 9.26874806e+00]
 [5.05834735e+01 1.23675360e+01]
 [3.43372301e+01 1.71514592e+01]
 [1.93779981e+01 2.37564183e+01]
 [5.01455835e+01 1.24796289e+01]
 [6.33070848e+01 9.61319687e+00]
 [5.40210633e+01 1.15365319e+01]
 [3.12500802e+01 1.84325539e+01]
 [6.43486652e+01 9.37801384e+00]
 [1.71358718e+00 4.17938033e+01]
 [1.20306667e+01 2.85309140e+01]
 [2.25733983e+01 2.24263055e+01]
 [7.44505565e+01 7.63696884e+00]
 [4.67329773e+01 1.33736789e+01]
 [3.01727971e+01 1.87087766e+01]
 [1.34130912e+00 4.22112876e+01]
 [4.93661976e-01 4.58807307e+01]
 [2.15113580e+01 2.25891640e+01]
 [7.93024178e+01 7.29668767e+00]
 [3.35921562e-01 4.59875418e+01]
 [5.79757966e+01 1.06536827e+01]
 [4.76391019e+01 1.32669915e+01]
 [9.12935351e+00 3.13889598e+01]
 [2.15758789e+01 2.25489721e+01]
 [2.66596827e+01 2.02184574e+01]
 [2.58182713e+01 2.08055238e+01]
 [8.12972023e-01 4.41664531e+01]
 [7.79711709e+00 3.22085453e+01]
 [4.45625951e+01 1.40918550e+01]
 [9.29939777e+00 3.10579557e+01]
 [6.96871304e+01 8.40558730e+00]
 [2.47211051e+01 2.10275627e+01]
 [3.79945778e+01 1.59323796e+01]
 [6.34288930e+00 3.46317578e+01]
 [1.31969028e+01 2.76972815e+01]
 [1.05494764e+01 2.98658082e+01]
 [2.32632100e+01 2.22242980e+01]
 [2.77386830e+00 3.89277638e+01]
 [4.67663491e+01 1.33526234e+01]
 [2.37216027e+01 2.17945128e+01]
 [4.21620745e+01 1.46265005e+01]
 [3.75361146e+00 3.72747338e+01]
 [6.96135576e+01 8.42397176e+00]
 [3.26021873e+01 1.77876950e+01]
 [3.27101692e+01 1.77589149e+01]
 [6.91123586e+01 8.55038487e+00]
 [7.01730799e+01 8.31113849e+00]
 [3.91416147e+01 1.55467138e+01]
 [1.79816284e+01 2.45904349e+01]
 [5.32432904e+01 1.18283137e+01]
 [6.91922583e-01 4.44418788e+01]
 [7.19408245e+01 8.01237546e+00]
 [2.02291111e+00 4.05086490e+01]
 [2.62728519e-01 4.64450476e+01]
 [4.13293070e+00 3.68514178e+01]
 [5.34718436e+01 1.16612434e+01]
 [2.24910830e+01 2.25071271e+01]
 [4.50652135e+01 1.38072019e+01]
 [1.21033246e+01 2.84498708e+01]
 [1.02984042e+00 4.31941739e+01]
 [4.28413418e+00 3.64353428e+01]
 [6.06772742e+01 1.00926354e+01]
 [5.17815690e+01 1.20756660e+01]
 [5.00753781e+01 1.24841183e+01]
 [3.64208919e+01 1.64783257e+01]
 [2.05031630e+01 2.31204647e+01]
 [2.08699861e+01 2.29201545e+01]
 [3.60147008e+01 1.66956781e+01]
 [1.41624463e+00 4.19642958e+01]
 [2.18207191e+00 4.01005677e+01]
 [1.11394377e+02 4.68970831e+00]
 [7.09630621e+01 8.18251721e+00]
 [7.32905725e+01 7.80331402e+00]
 [4.81591284e+01 1.31756947e+01]
 [6.39186693e+01 9.46243930e+00]
 [5.50142592e-01 4.53919096e+01]
 [5.68011641e+00 3.48922452e+01]
 [5.79406439e+01 1.06615388e+01]
 [6.17388396e+01 9.88386160e+00]
 [2.76710956e+01 1.97216465e+01]
 [3.78735500e+01 1.60826086e+01]
 [3.39703682e+01 1.72797952e+01]
 [3.11710112e+01 1.84462971e+01]
 [4.17584919e+01 1.48478127e+01]
 [1.14221603e+01 2.90338290e+01]
 [7.29884071e+01 7.85652240e+00]
 [6.65957702e+00 3.35761655e+01]
 [6.60622646e+01 9.04404406e+00]
 [7.26387335e+00 3.28149341e+01]
 [1.89935255e+01 2.39542084e+01]
 [2.03279564e+01 2.34982790e+01]
 [2.42706850e+01 2.12648640e+01]
 [2.69783731e+01 2.00176353e+01]
 [5.70944752e+00 3.46598733e+01]
 [7.31665530e+01 7.84250467e+00]
 [1.26347698e+01 2.80904158e+01]
 [1.15343754e+01 2.89030784e+01]
 [2.16235192e+01 2.25334925e+01]
 [1.11611421e+02 4.61470331e+00]
 [9.87774893e-01 4.32195571e+01]
 [5.87926595e+01 1.05054879e+01]
 [3.47031887e+01 1.70212841e+01]
 [2.76280488e+01 1.97541312e+01]
 [2.60424626e+01 2.04585224e+01]
 [8.86870593e+01 5.88028122e+00]
 [1.58918408e+01 2.60551637e+01]
 [2.16762298e+01 2.25190846e+01]
 [9.65197570e+00 3.07067405e+01]
 [4.14499529e+01 1.48763348e+01]
 [7.05934214e+00 3.29918200e+01]
 [5.45033223e+01 1.14942147e+01]
 [1.33513051e-01 4.77112706e+01]
 [9.16237602e+01 5.67051068e+00]
 [1.00203468e+02 5.06071842e+00]
 [4.17331729e+00 3.67797130e+01]
 [5.60139466e+01 1.12175628e+01]
 [6.77799696e+00 3.33000417e+01]
 [3.85135248e+01 1.57480123e+01]
 [9.43360634e+00 3.10538681e+01]
 [2.46433289e+01 2.10626097e+01]
 [1.80116260e+01 2.44934133e+01]
 [1.71264125e+00 4.18245360e+01]
 [5.67622531e+01 1.09450072e+01]
 [5.24453217e+00 3.51845467e+01]
 [6.36314114e+01 9.52103276e+00]
 [1.69797427e+01 2.51161691e+01]
 [1.29824276e+02 4.25899250e+00]
 [3.99744991e+01 1.54876027e+01]
 [2.78275969e+01 1.97003644e+01]
 [1.60764847e+01 2.57039810e+01]
 [1.20125336e+02 4.27846344e+00]
 [5.15107895e+01 1.21638104e+01]
 [2.93997022e+01 1.94507353e+01]
 [4.61913626e+01 1.35593188e+01]
 [2.97288188e+01 1.90035079e+01]
 [7.63165022e+01 7.53756923e+00]
 [5.93642760e+01 1.04627349e+01]
 [2.47034863e+01 2.10354560e+01]
 [7.53151724e+01 7.53961997e+00]
 [6.53665924e+01 9.21128265e+00]
 [3.69062332e+01 1.63851346e+01]
 [3.66792465e+00 3.74247351e+01]
 [4.98572116e+01 1.25361072e+01]
 [2.82279913e+01 1.94915627e+01]
 [5.03223898e-02 4.87087250e+01]
 [2.66125001e+00 3.94324052e+01]
 [5.96066383e+01 1.04496659e+01]
 [4.03171945e+01 1.51845285e+01]
 [1.05676044e+01 2.96636237e+01]
 [1.25438476e+01 2.82628217e+01]
 [6.05914394e+01 1.01513158e+01]
 [8.01932832e+01 6.81730840e+00]
 [4.52795598e+01 1.37602284e+01]
 [1.85014659e+00 4.08486926e+01]
 [3.36467140e+00 3.78882899e+01]
 [1.90788095e+00 4.07454576e+01]
 [3.20481888e+01 1.80487095e+01]
 [3.66095126e+01 1.64341888e+01]
 [3.73649914e+01 1.61192979e+01]
 [1.11631657e+02 4.48916202e+00]
 [1.19136057e+01 2.85901693e+01]
 [6.05734159e+01 1.03504471e+01]
 [3.29832570e+00 3.80426079e+01]
 [5.12982693e+01 1.21799025e+01]
 [8.14895590e+01 6.75768334e+00]
 [3.30362339e+01 1.76664954e+01]
 [6.29441825e+01 9.68547154e+00]
 [8.47138107e+01 6.39432356e+00]
 [1.25433682e+01 2.83481108e+01]
 [6.05770110e+01 1.02060901e+01]
 [6.75321291e+01 8.96539696e+00]
 [5.46831223e+01 1.14798971e+01]
 [3.41021558e+01 1.72705385e+01]
 [1.42388167e+01 2.73388143e+01]
 [3.07982092e+01 1.86569835e+01]
 [1.36871905e+01 2.74804903e+01]
 [1.45327245e+00 4.18735143e+01]
 [5.78828165e+01 1.08483133e+01]
 [4.91691401e+01 1.28373276e+01]
 [3.91207583e+01 1.55533260e+01]
 [6.42176418e+00 3.37453649e+01]
 [1.83471154e+01 2.43680191e+01]
 [7.94592603e+01 7.20418525e+00]
 [1.66316378e+01 2.53247220e+01]
 [7.23078662e+01 7.96229717e+00]
 [2.99167411e+01 1.88137080e+01]
 [1.50016308e+01 2.65448732e+01]
 [1.42756487e+01 2.68928829e+01]
 [4.92703414e+01 1.27678522e+01]
 [5.37358480e+01 1.16268814e+01]
 [1.15844884e+02 4.33694552e+00]
 [2.56179762e-01 4.65139116e+01]
 [1.02854957e+02 4.84325170e+00]
 [6.60439676e+01 9.07852642e+00]
 [2.62419333e+01 2.03605010e+01]
 [5.24993115e+01 1.19116574e+01]
 [6.12303471e+01 1.00132912e+01]
 [8.57568511e+00 3.14771768e+01]
 [9.57320488e-01 4.33274289e+01]
 [5.50815491e+01 1.13033182e+01]
 [5.17171609e+01 1.21329711e+01]
 [4.57596625e+01 1.36102336e+01]
 [1.32348298e+01 2.76005584e+01]
 [7.79422091e+01 7.44611046e+00]
 [1.88973066e+01 2.41367828e+01]]
