[[1.86260211e-03 3.45560727e-03 1.79353495e+00]
 [2.85576282e-03 5.86833341e-03 2.50004353e+00]
 [4.30247271e-03 9.73802078e-03 2.35560178e+00]
 [1.98569888e-03 4.26701009e-03 1.68669248e+00]
 [5.41559379e-03 9.74740371e-03 2.27320880e+00]
 [3.81016124e-03 7.49858311e-03 2.02228296e+00]
 [2.74119775e-03 5.60529991e-03 2.34345957e+00]
 [4.44117107e-03 8.28135361e-03 1.85269631e+00]
 [4.32981507e-03 9.09311989e-03 2.21095800e+00]
 [1.61510770e-03 3.42440641e-03 1.52376081e+00]
 [1.15103041e-03 2.27001165e-03 2.19196477e+00]
 [9.94405629e-04 1.15035012e-03 1.74681426e+00]
 [2.00727488e-03 5.29546610e-03 2.78886484e+00]
 [3.93884008e-03 6.88955048e-03 1.80800322e+00]
 [8.96306989e-04 2.10770942e-03 2.00564877e+00]
 [3.72748802e-03 7.10354578e-03 1.91128685e+00]
 [4.30251582e-03 8.51692436e-03 2.25299232e+00]
 [4.51428008e-03 8.09219438e-03 1.74406456e+00]
 [3.40368870e-03 6.56201548e-03 2.07109615e+00]
 [4.80465693e-03 9.97322850e-03 2.59089137e+00]
 [3.93884008e-03 6.86789284e-03 1.80800322e+00]
 [3.93884008e-03 6.93346401e-03 1.80800322e+00]
 [9.54369262e-04 2.25806922e-03 2.94264094e+00]
 [5.41559379e-03 9.79820894e-03 2.27320880e+00]
 [1.93069029e-03 3.23856107e-03 1.34437978e+00]
 [3.94418766e-03 8.71823904e-03 2.38535544e+00]
 [3.30276937e-03 6.97498355e-03 2.01999816e+00]
 [3.52905954e-03 7.33426482e-03 2.02939281e+00]
 [3.27851304e-03 6.56604428e-03 2.16207131e+00]
 [1.86260211e-03 3.59516866e-03 1.79353495e+00]
 [3.90827276e-03 7.71269680e-03 2.07353664e+00]
 [3.03489690e-03 5.51731704e-03 2.03239692e+00]
 [1.08265558e-03 2.41856566e-03 2.24383874e+00]
 [3.77031654e-03 7.49858311e-03 1.92549888e+00]
 [3.90827276e-03 7.71269680e-03 2.03370279e+00]
 [1.01581476e-03 1.93324590e-03 2.04771703e+00]
 [1.04298254e-03 2.27001165e-03 2.14357795e+00]
 [3.37635757e-03 7.34362850e-03 2.26357611e+00]
 [2.33238928e-03 4.82010360e-03 2.50568794e+00]
 [8.90578551e-04 1.68284487e-03 1.96312866e+00]
 [3.38453624e-03 6.61012611e-03 2.07109615e+00]
 [4.80465693e-03 9.97322850e-03 2.66618723e+00]
 [2.08214840e-03 3.42440641e-03 1.52809427e+00]
 [4.68009563e-03 9.60171692e-03 2.24094533e+00]
 [4.88243520e-03 8.95346633e-03 1.69719070e+00]
 [1.73430171e-03 4.15589563e-03 2.62522118e+00]
 [1.93069029e-03 3.23856107e-03 1.15821857e+00]
 [5.81577407e-03 9.89751708e-03 2.85170166e+00]
 [2.27548656e-03 4.82195682e-03 2.17601777e+00]
 [2.98354677e-03 4.26701009e-03 1.24232648e+00]
 [3.90547832e-04 1.36427603e-03 2.63249784e+00]
 [4.28930970e-03 9.73802078e-03 2.35560178e+00]
 [5.29945427e-04 1.96090737e-03 1.87676063e+00]
 [2.89378461e-03 6.56201548e-03 2.07109615e+00]
 [1.67441858e-03 3.04109425e-03 1.81712402e+00]
 [9.54369262e-04 2.09971213e-03 2.33070713e+00]
 [5.42086267e-04 1.43005828e-03 2.82227020e+00]
 [3.90093162e-03 7.10183097e-03 1.65675991e+00]
 [2.62997257e-03 4.81951556e-03 1.38958164e+00]
 [9.78892809e-04 2.35112420e-03 2.00564877e+00]
 [3.90827276e-03 7.59633100e-03 2.05652408e+00]
 [5.82751151e-03 9.97759415e-03 1.86787708e+00]
 [1.11631562e-03 2.16812678e-03 2.00205928e+00]
 [4.36029244e-03 9.29130459e-03 2.27704359e+00]
 [2.35077637e-03 4.39048209e-03 1.42230365e+00]]
