[[2.08511002 2.16097348]
 [0.93130106 1.03668218]
 [1.98383737 1.6164502 ]
 [2.09597257 2.0556585 ]
 [0.70193469 0.59430447]
 [1.05814058 0.79663998]
 [2.24956067 1.73516884]
 [1.63322451 1.58117431]
 [3.45448459 2.99196855]
 [0.09940067 0.07863296]
 [2.76410989 2.52609268]
 [0.62086658 0.83755104]
 [2.92879636 2.90878724]
 [0.29958845 0.36403037]
 [0.22275939 0.32248239]
 [1.1992388  1.48130914]
 [2.62335155 2.77442391]
 [3.08389179 2.84704896]
 [0.88098128 0.99619072]
 [2.9100709  2.63649595]
 [2.16838174 2.42208159]
 [0.99284944 1.28010303]
 [2.63857323 2.40648325]
 [2.59505814 2.31265173]
 [0.80485718 1.40064007]
 [2.07924359 1.8500552 ]
 [4.33304137 2.84941797]
 [1.29849197 0.7712079 ]
 [3.91374707 2.97141535]
 [2.2095214  1.74473222]
 [1.23866451 0.78651925]
 [2.96716225 2.53152129]
 [1.10716367 0.80121606]
 [0.09166321 0.20017499]
 [1.9742524  2.24081549]
 [0.72779116 0.47319021]
 [4.52904748 2.96986554]
 [0.73396187 0.79289245]
 [2.58633799 2.74921756]
 [0.43741105 0.68192921]
 [0.284822   0.68644101]
 [2.85357926 2.99026028]
 [1.69354013 1.57168841]
 [2.42214223 2.57795342]
 [0.13313942 0.33276111]
 [0.40264764 0.69510693]
 [0.79916825 0.60780638]
 [1.85077089 1.59209232]
 [2.63951989 2.22023263]
 [2.01610236 2.27624079]
 [3.58464501 2.96197852]
 [1.87437972 2.31096758]
 [2.00932962 2.09192406]
 [0.60383592 0.66085196]
 [0.69177345 0.87043339]
 [1.72849411 2.02491481]
 [1.10741028 1.40173747]
 [1.57382844 1.88056681]
 [2.86636136 2.82828773]
 [2.45772575 2.57010749]
 [2.09289013 2.0503947 ]
 [1.47644397 1.63236415]
 [2.43960746 2.56606924]
 [2.92674229 2.69461514]
 [2.57087522 2.62599818]
 [0.80755385 1.02732192]
 [2.14018735 1.79780927]
 [2.8968027  2.77411254]
 [0.26497271 0.59848664]
 [1.14602514 1.30165013]
 [1.91233729 1.40936712]
 [3.154796   2.94277103]
 [2.51754755 2.8977992 ]
 [2.49966186 2.33129469]
 [1.99609303 2.39088676]
 [1.90540746 1.97803481]
 [0.354592   0.45781196]
 [0.08287941 0.34138907]
 [1.60513157 1.67373598]
 [3.49811591 2.75477577]
 [0.19864353 0.21100032]
 [2.69824555 2.6857811 ]
 [2.23317523 2.63110317]
 [1.26790875 0.82142911]
 [1.64180695 1.64269281]
 [0.71396641 0.28230082]
 [1.93002006 1.71462628]
 [4.37062968 2.85340686]
 [1.55851459 2.00638982]
 [0.19929963 0.40437935]
 [0.967082   1.0069914 ]
 [2.16177797 2.5431014 ]
 [1.86720046 2.17538346]
 [2.55395689 2.39932961]
 [2.10207288 2.00118516]
 [2.08652401 1.81020443]
 [2.38287931 2.04732224]
 [3.15823313 2.71996158]
 [2.14231363 1.97803481]
 [1.01261094 0.63052203]
 [1.83627962 1.52725683]
 [4.37451276 2.90269072]
 [2.26202413 1.74102752]
 [2.71583215 2.26098414]
 [2.0842038  2.19105954]
 [0.60514647 0.33801085]
 [3.79058246 2.96197852]
 [2.67071829 2.98233382]
 [2.819838   2.89524403]
 [2.60458602 2.34333241]
 [4.50032086 2.96986554]
 [1.31648385 1.08595313]
 [0.06469243 0.08281804]
 [3.50472624 2.75477577]
 [2.22059912 2.44481297]
 [0.48650068 0.36408449]
 [2.77333655 2.91550703]
 [1.14797697 1.16358193]
 [0.94372533 1.18864175]
 [0.7366781  0.86850735]
 [1.29715088 1.02071935]
 [2.5222019  2.58761631]
 [2.76017902 2.68655025]
 [0.58067851 0.59649518]
 [4.52927634 2.97177812]
 [3.87335195 2.97141535]
 [0.50599756 0.66085196]
 [2.7405326  2.78996372]
 [2.82916618 2.84738318]
 [1.52363072 1.67103956]
 [1.72418176 1.5495211 ]
 [2.00688615 2.46849689]
 [1.45297106 1.49461247]
 [0.8991343  1.25693229]
 [1.62904983 1.91611539]
 [1.2601654  1.19993481]
 [2.01431311 2.31145711]
 [4.99926093 2.98163035]
 [1.90508062 2.18206451]
 [2.08511002 2.36390536]
 [1.93775577 1.91583572]
 [1.10815667 1.30165013]
 [2.49951761 2.32088487]
 [1.201481   1.48950888]
 [3.51973613 2.77144333]
 [2.45126761 2.0747344 ]
 [1.02212892 1.29990492]
 [1.11957024 0.66224154]
 [2.87900623 2.92012101]
 [2.70625973 2.92779612]
 [1.62601856 1.4930491 ]
 [2.4981025  2.5200949 ]
 [1.63890594 1.79772631]
 [2.9678184  2.786931  ]
 [3.15823313 2.98614047]
 [1.8252965  1.88027325]
 [2.49951761 2.22195943]
 [0.27572449 0.23278525]
 [0.42522106 0.30971019]
 [2.03022613 2.51398703]
 [1.5065945  1.0805416 ]
 [2.52393489 2.82931423]
 [1.60570061 1.20701274]
 [2.79795748 2.66575993]
 [2.37337894 2.19628739]
 [0.59259124 0.49438312]
 [2.77115412 2.66809678]
 [2.75999156 2.47547683]
 [3.06208469 2.96818301]
 [2.48238617 2.31145711]
 [1.47069616 1.48130914]
 [0.77951666 1.20701274]
 [1.58358279 1.2524798 ]
 [0.23214724 0.43941322]
 [2.5550035  2.50857258]
 [0.36671817 0.46545741]
 [0.09940067 0.08914151]
 [0.80206694 1.24352523]
 [0.32226224 0.60780638]
 [1.03738061 0.80667607]
 [2.93480159 2.74591372]
 [2.6012629  2.36007761]
 [0.62086658 0.57581679]
 [0.86395252 1.07768069]
 [0.79035341 1.05830857]
 [2.57087522 2.69227943]
 [2.26371428 2.0556585 ]
 [1.85218374 1.88237694]
 [3.0711909  2.94747283]
 [2.11782585 1.94553838]
 [2.45330028 2.19735314]
 [3.07784848 2.88596879]
 [0.14507268 0.2725448 ]
 [3.11962094 2.82862505]
 [0.98548968 1.28010303]
 [3.41912842 2.96197852]
 [3.70102589 2.90421423]
 [1.82074679 1.59865863]
 [0.14091723 0.07721623]
 [1.52363072 1.66911915]
 [3.79976277 2.98544613]
 [0.79888301 0.90599392]
 [1.95561615 1.66814984]
 [1.42515964 1.46018556]
 [2.13137878 2.21906006]
 [0.77401043 1.12310498]
 [2.85357926 2.61988417]
 [4.71640371 2.97177812]
 [1.61656884 1.43518013]
 [3.85498865 2.97149321]
 [2.09825698 1.71050704]
 [0.24961224 0.43204894]
 [1.09271848 0.80121606]
 [0.71803499 0.56034352]
 [3.43250464 2.77958544]
 [3.13944098 2.85968997]
 [1.56706523 1.35484791]
 [0.22527118 0.47217092]
 [3.56627301 2.77720588]
 [4.40916522 2.96783072]
 [2.46035901 2.21454736]
 [0.33307243 0.56458278]
 [2.09836814 2.41651797]
 [0.13313942 0.20161534]
 [3.98873637 2.95895515]
 [2.21831496 2.66049485]
 [4.87994534 2.97940696]
 [2.82472551 2.88602031]
 [1.82793918 1.86508716]
 [1.77282619 1.98828923]
 [2.62333693 2.54294681]
 [2.18333026 1.97626177]
 [0.08598429 0.0481146 ]
 [2.63779038 2.96224607]
 [2.7186471  2.71338545]
 [0.28876782 0.68644101]
 [2.14132798 1.92783493]
 [1.66194654 1.85285986]]
