[[1.86260211e-03 3.45560727e-03 1.79353495e+00]
 [4.30247271e-03 9.73802078e-03 2.35560178e+00]
 [1.98569888e-03 4.26701009e-03 1.68669248e+00]
 [5.41559379e-03 9.74740371e-03 2.27320880e+00]
 [3.81016124e-03 7.49858311e-03 2.02228296e+00]
 [2.74119775e-03 5.60529991e-03 2.34345957e+00]
 [4.44117107e-03 8.28135361e-03 1.85269631e+00]
 [4.32981507e-03 9.09311989e-03 2.21095800e+00]
 [2.00727488e-03 5.29546610e-03 2.78886484e+00]
 [2.53888621e-03 5.91387182e-03 1.85759032e+00]
 [3.93884008e-03 6.88955048e-03 1.80800322e+00]
 [8.96306989e-04 2.10770942e-03 2.00564877e+00]
 [3.72748802e-03 7.10354578e-03 1.91128685e+00]
 [2.69654701e-03 5.90546522e-03 1.76106815e+00]
 [3.14417222e-03 6.05896361e-03 2.18969427e+00]
 [4.79737567e-03 9.46676679e-03 2.10686741e+00]
 [8.48018217e-04 2.02463036e-03 2.70847595e+00]
 [2.31462936e-03 4.26821349e-03 1.49622293e+00]
 [5.30414360e-03 8.78910144e-03 1.54848656e+00]
 [2.73941527e-03 5.38089650e-03 2.32377674e+00]
 [2.84812602e-03 5.86833341e-03 2.18333065e+00]
 [1.15103041e-03 2.51644428e-03 2.15009055e+00]
 [1.14735036e-03 2.47947145e-03 2.33505106e+00]
 [1.19367082e-03 2.50298368e-03 1.92141788e+00]
 [1.11373089e-03 1.73507106e-03 1.28950501e+00]
 [2.47985388e-03 5.36050370e-03 2.58534020e+00]
 [4.79737567e-03 9.38362964e-03 2.10686741e+00]
 [2.37762967e-03 5.91619765e-03 2.19797058e+00]
 [4.25713146e-03 9.09311989e-03 2.21095800e+00]
 [3.23479197e-03 6.03101861e-03 2.27258193e+00]
 [3.36400328e-03 7.20723326e-03 1.91865077e+00]
 [1.43604836e-03 3.06164892e-03 2.11632710e+00]
 [9.01978859e-04 1.29048975e-03 1.00044507e+00]
 [1.10689452e-03 2.15337474e-03 1.84550532e+00]
 [8.48018217e-04 2.01091364e-03 1.51933475e+00]
 [4.34780408e-03 8.71965371e-03 2.04138123e+00]
 [2.31462936e-03 4.94373201e-03 1.63888646e+00]
 [1.61869859e-03 3.64971855e-03 2.62923778e+00]
 [4.86300869e-03 8.63627486e-03 1.82162270e+00]
 [9.09750988e-04 1.35079158e-03 2.13952284e+00]
 [3.81016124e-03 7.47095062e-03 1.99738959e+00]
 [3.90101040e-03 6.89110060e-03 1.75789494e+00]
 [1.23601487e-03 2.64297483e-03 2.69459514e+00]
 [9.76573716e-04 1.38354690e-03 1.49020131e+00]
 [5.31213196e-04 1.24731882e-03 1.77500761e+00]
 [5.25982110e-03 9.53513906e-03 1.68108064e+00]
 [2.55799498e-03 6.07441894e-03 2.26008973e+00]
 [3.22904164e-03 7.31662418e-03 2.49398091e+00]
 [1.19325556e-03 2.50298368e-03 1.90686808e+00]
 [5.37391708e-03 9.58480934e-03 1.58722830e+00]
 [3.39204185e-03 6.41073881e-03 2.07353664e+00]
 [3.81016124e-03 7.49858311e-03 2.02231045e+00]
 [8.23640010e-04 1.15035012e-03 1.53514842e+00]
 [6.59273863e-04 1.35079158e-03 1.78579468e+00]
 [4.78471327e-03 8.49672830e-03 1.85618238e+00]
 [9.65627033e-04 1.69830420e-03 1.89235400e+00]
 [4.95816387e-04 9.42303765e-04 1.90819444e+00]
 [4.05289971e-03 7.89278459e-03 2.07264198e+00]
 [2.69654701e-03 5.90546522e-03 1.78237135e+00]
 [5.57005189e-03 9.95537732e-03 1.94030978e+00]
 [3.93884008e-03 6.88955048e-03 1.82184049e+00]
 [2.84812602e-03 4.53888702e-03 1.77940951e+00]
 [4.83726951e-03 9.91067781e-03 2.57452690e+00]
 [4.50762759e-03 9.10939789e-03 2.24924785e+00]
 [2.50456620e-03 4.12319227e-03 1.87041231e+00]
 [1.67736685e-03 3.61580826e-03 2.55919281e+00]
 [2.73982454e-03 5.40369834e-03 2.18969427e+00]
 [2.78328131e-03 5.54800899e-03 1.58938408e+00]
 [1.15103041e-03 2.27001165e-03 1.91205096e+00]
 [5.21280649e-03 8.66608274e-03 1.58073915e+00]
 [1.26938614e-03 2.45943821e-03 2.64952787e+00]
 [6.42636602e-03 9.84410263e-03 2.75584216e+00]
 [3.72001248e-03 7.41092035e-03 1.98823253e+00]
 [4.64750767e-03 9.80923676e-03 2.59254377e+00]
 [2.11960165e-03 3.20846858e-03 1.57468144e+00]
 [4.44117107e-03 8.12873648e-03 1.85269631e+00]
 [3.97312233e-03 7.08208355e-03 1.53232368e+00]
 [8.00249660e-04 1.96279246e-03 2.56209164e+00]
 [1.14735036e-03 2.47947145e-03 2.12982107e+00]
 [1.13653340e-03 1.73507106e-03 1.28950501e+00]]
