[[3.60699608e+01 1.65566552e+01]
 [7.76812641e+00 3.22621992e+01]
 [2.61940879e+01 2.05456462e+01]
 [3.44753316e+01 1.71025222e+01]
 [2.86511655e+01 1.95368564e+01]
 [3.38364045e+00 3.78835185e+01]
 [7.01718697e+00 3.32064912e+01]
 [2.06701379e+01 2.30235463e+01]
 [8.35413583e+01 6.42080819e+00]
 [6.42545421e-02 4.82357273e+01]
 [5.60857909e+01 1.11194220e+01]
 [6.81555654e+01 8.66305532e+00]
 [8.89085385e-01 4.35860832e+01]
 [6.14466549e-01 4.47011988e+01]
 [1.45298019e+01 2.68269711e+01]
 [6.31740452e+01 9.92629840e+00]
 [5.83176055e+01 1.06016468e+01]
 [7.04643053e+01 8.30666886e+00]
 [2.37133311e+01 2.18482271e+01]
 [7.07409588e+00 3.29968040e+01]
 [6.16784942e+01 9.95395502e+00]
 [1.04976551e+01 2.98948891e+01]
 [5.10129214e+01 1.23026655e+01]
 [4.83307391e+01 1.30055861e+01]
 [1.04383508e+01 3.05546152e+01]
 [3.09838326e+01 1.84529702e+01]
 [9.65869014e+01 5.29510110e+00]
 [3.17043014e+01 1.83835391e+01]
 [7.47103428e+00 3.27839613e+01]
 [1.93888691e-01 4.71300901e+01]
 [3.56757064e+01 1.67682477e+01]
 [3.01435576e+00 3.87437753e+01]
 [1.17329489e+02 4.34324222e+00]
 [4.66951383e+00 3.58988353e+01]
 [5.69893656e+01 1.08917859e+01]
 [2.62542348e+00 3.94629533e+01]
 [6.83382844e+01 8.64617576e+00]
 [4.34026601e+01 1.43443386e+01]
 [2.13531304e+01 2.26859973e+01]
 [5.00504672e+01 1.25116603e+01]
 [1.88251444e+01 2.41843976e+01]
 [5.13824242e-01 4.54694508e+01]
 [2.58119506e+00 3.96677531e+01]
 [4.03239394e+00 3.69383522e+01]
 [2.38404433e+01 2.15314788e+01]
 [3.69837635e+01 1.63225093e+01]
 [8.64919865e+01 6.15676129e+00]
 [3.36542071e+01 1.74010150e+01]
 [3.20537255e+00 3.81544643e+01]
 [4.94481916e+00 3.56141364e+01]
 [2.83518875e+01 1.95538827e+01]
 [1.27649019e+01 2.80997480e+01]
 [2.40538698e+01 2.14695150e+01]
 [6.48609556e+01 9.26874806e+00]
 [5.05834735e+01 1.23675360e+01]
 [3.43372301e+01 1.71514592e+01]
 [1.93779981e+01 2.37564183e+01]
 [5.01455835e+01 1.24796289e+01]
 [6.33070848e+01 9.61319687e+00]
 [5.40210633e+01 1.15365319e+01]
 [6.83013424e+00 3.33587758e+01]
 [3.12500802e+01 1.84325539e+01]
 [6.43486652e+01 9.37801384e+00]
 [1.20306667e+01 2.85309140e+01]
 [7.44505565e+01 7.63696884e+00]
 [5.89411434e+01 1.05818184e+01]
 [4.67329773e+01 1.33736789e+01]
 [3.88029074e+01 1.58309290e+01]
 [3.01727971e+01 1.87087766e+01]
 [1.34130912e+00 4.22112876e+01]
 [4.93661976e-01 4.58807307e+01]
 [2.15113580e+01 2.25891640e+01]
 [3.35921562e-01 4.59875418e+01]
 [5.79757966e+01 1.06536827e+01]
 [2.15758789e+01 2.25489721e+01]
 [2.66596827e+01 2.02184574e+01]
 [8.12972023e-01 4.41664531e+01]
 [7.79711709e+00 3.22085453e+01]
 [4.45625951e+01 1.40918550e+01]
 [1.79399730e+01 2.52554634e+01]
 [6.96871304e+01 8.40558730e+00]
 [2.47211051e+01 2.10275627e+01]
 [1.42926711e+01 2.71591155e+01]
 [3.79945778e+01 1.59323796e+01]
 [8.62804999e+00 3.15900942e+01]
 [1.31969028e+01 2.76972815e+01]
 [2.76770048e+01 1.99347921e+01]
 [2.32632100e+01 2.22242980e+01]
 [2.77386830e+00 3.89277638e+01]
 [4.67663491e+01 1.33526234e+01]
 [2.37216027e+01 2.17945128e+01]
 [4.21620745e+01 1.46265005e+01]
 [3.75361146e+00 3.72747338e+01]
 [6.96135576e+01 8.42397176e+00]
 [3.26021873e+01 1.77876950e+01]
 [3.27101692e+01 1.77589149e+01]
 [6.91123586e+01 8.55038487e+00]
 [7.01730799e+01 8.31113849e+00]
 [3.91416147e+01 1.55467138e+01]
 [1.79816284e+01 2.45904349e+01]
 [5.32432904e+01 1.18283137e+01]
 [6.91922583e-01 4.44418788e+01]
 [7.19408245e+01 8.01237546e+00]
 [2.02291111e+00 4.05086490e+01]
 [2.62728519e-01 4.64450476e+01]
 [4.13293070e+00 3.68514178e+01]
 [5.34718436e+01 1.16612434e+01]
 [4.50652135e+01 1.38072019e+01]
 [1.21033246e+01 2.84498708e+01]
 [4.28413418e+00 3.64353428e+01]
 [6.06772742e+01 1.00926354e+01]
 [5.17815690e+01 1.20756660e+01]
 [5.00753781e+01 1.24841183e+01]
 [3.64208919e+01 1.64783257e+01]
 [1.18525391e+01 2.91312741e+01]
 [2.05031630e+01 2.31204647e+01]
 [5.52778958e+01 1.14322952e+01]
 [7.86663475e+01 7.52203294e+00]
 [2.08699861e+01 2.29201545e+01]
 [1.19158618e+01 2.86011782e+01]
 [3.60147008e+01 1.66956781e+01]
 [1.41624463e+00 4.19642958e+01]
 [2.18207191e+00 4.01005677e+01]
 [1.11394377e+02 4.68970831e+00]
 [7.09630621e+01 8.18251721e+00]
 [7.32905725e+01 7.80331402e+00]
 [6.39186693e+01 9.46243930e+00]
 [2.99171409e+01 1.88154538e+01]
 [5.50142592e-01 4.53919096e+01]
 [5.68011641e+00 3.48922452e+01]
 [6.74192505e+00 3.37945946e+01]
 [6.30598334e+00 3.39566545e+01]
 [9.05389242e+01 5.81954588e+00]
 [3.70296582e+01 1.63072753e+01]
 [4.17018610e+01 1.48085340e+01]
 [6.69673519e+01 8.88117787e+00]
 [9.45958647e+01 5.43547109e+00]
 [4.00457035e+01 1.52691251e+01]
 [1.89872839e+01 2.39443833e+01]
 [4.92173386e+01 1.29990070e+01]
 [1.37164525e+01 2.74063896e+01]
 [8.89450049e+01 6.02789462e+00]
 [5.75903062e+00 3.45048395e+01]
 [3.80510363e+01 1.59106283e+01]
 [2.53368433e+01 2.07417802e+01]
 [9.12347372e+00 3.09686048e+01]
 [6.75849600e+01 8.76935111e+00]
 [8.25843447e+00 3.18857339e+01]
 [8.90027399e+00 3.11858710e+01]
 [3.30256077e+01 1.77008899e+01]
 [2.45598007e+01 2.12866969e+01]
 [1.53087026e+00 4.16526002e+01]
 [2.71581432e+01 1.99400559e+01]
 [1.13689344e+02 4.44026513e+00]
 [1.04493292e+01 3.01930168e+01]
 [3.66764030e+01 1.63976058e+01]
 [2.01980385e+01 2.32852398e+01]
 [6.04207530e+01 1.01465904e+01]
 [3.51656907e+01 1.68878272e+01]
 [7.46702085e+01 7.60239628e+00]
 [4.73749778e+01 1.31752584e+01]
 [2.22222695e+01 2.22549443e+01]
 [1.24113287e+02 4.09962473e+00]
 [2.06150074e+01 2.30485410e+01]
 [4.96775388e+01 1.27029358e+01]
 [7.04848838e+01 8.30277991e+00]
 [1.09405162e+01 2.93481438e+01]
 [8.29232331e+00 3.17889514e+01]
 [1.17150133e+02 4.36709385e+00]
 [1.54021452e+01 2.61444493e+01]
 [1.17729760e+02 4.32767845e+00]
 [1.40181142e+01 2.73284409e+01]
 [7.89049352e+01 6.98844818e+00]
 [3.21723198e-01 4.63787465e+01]
 [6.07298908e+01 1.00896212e+01]
 [7.22443370e+00 3.28201807e+01]
 [7.29504680e+01 7.92789132e+00]
 [9.24329329e+00 3.09115093e+01]
 [5.98351355e+01 1.02630920e+01]
 [1.02969536e+00 4.30901701e+01]
 [3.97330482e+01 1.53686614e+01]
 [1.21504923e+00 4.27688950e+01]
 [3.18710508e+01 1.80787262e+01]
 [5.97085988e+01 1.03085171e+01]
 [4.04997043e+01 1.51302090e+01]
 [1.05465125e+01 2.98129661e+01]
 [4.95943705e+01 1.27043638e+01]
 [3.69730469e+00 3.74362761e+01]
 [7.49547637e+00 3.26362419e+01]
 [4.74591553e+01 1.31684218e+01]
 [5.64305907e+01 1.10129924e+01]
 [1.59518978e+01 2.57758345e+01]
 [1.22163828e+01 2.84471842e+01]
 [6.09607878e+00 3.42708592e+01]
 [8.69801824e+01 6.11997298e+00]
 [1.98675087e+01 2.35601088e+01]
 [1.06786893e+02 4.71560835e+00]
 [2.44392476e-01 4.68285530e+01]
 [1.12706459e+02 4.46145447e+00]
 [1.50731271e+01 2.64250014e+01]
 [1.00902285e+02 4.95073776e+00]
 [6.09380320e+01 1.00837390e+01]
 [1.73869919e+01 2.52765303e+01]
 [4.06355994e+01 1.50855264e+01]
 [4.08296737e+01 1.50372962e+01]
 [5.37887650e+01 1.15998040e+01]
 [4.99446388e+01 1.25428455e+01]
 [3.07432656e+00 3.83709278e+01]
 [2.45491175e+01 2.13223790e+01]
 [9.09433405e+00 3.09945557e+01]
 [6.60278449e+01 9.06698196e+00]
 [5.02286387e+00 3.55297910e+01]
 [5.41566846e+01 1.15069947e+01]
 [1.52516496e+00 4.16709296e+01]
 [5.41444459e+01 1.15314942e+01]
 [3.33707711e+01 1.76572518e+01]
 [4.13890699e+01 1.50219472e+01]
 [5.21169373e+01 1.20508197e+01]
 [2.47091416e+01 2.11747384e+01]
 [3.75516662e+01 1.61090655e+01]
 [2.89007778e+01 1.92165359e+01]
 [3.90905611e+01 1.55814946e+01]
 [2.58129094e+01 2.06670254e+01]
 [1.89611317e+01 2.40335322e+01]
 [2.47520274e-02 4.91978031e+01]
 [3.98885198e+01 1.53475922e+01]
 [1.13467942e+01 2.93064065e+01]
 [1.67232048e+01 2.52794424e+01]
 [3.90112072e+01 1.55878363e+01]
 [4.20863608e+01 1.47189027e+01]
 [8.22649087e+01 6.76310360e+00]
 [4.70653850e+01 1.32862905e+01]
 [4.57646206e+01 1.36234818e+01]]
