[[1.86260211e-03 3.45560727e-03 1.79353495e+00]
 [4.30247271e-03 9.73802078e-03 2.35560178e+00]
 [3.66543097e-03 8.62346253e-03 2.38535544e+00]
 [3.81016124e-03 7.49858311e-03 2.02228296e+00]
 [4.28768775e-03 8.24009870e-03 2.25299232e+00]
 [2.74119775e-03 5.60529991e-03 2.34345957e+00]
 [4.32981507e-03 9.09311989e-03 2.21095800e+00]
 [1.15103041e-03 2.27001165e-03 2.19196477e+00]
 [2.53888621e-03 5.91387182e-03 1.85759032e+00]
 [3.93884008e-03 6.88955048e-03 1.80800322e+00]
 [3.72748802e-03 7.10354578e-03 1.91128685e+00]
 [2.69654701e-03 5.90546522e-03 1.76106815e+00]
 [4.06288428e-03 7.43749196e-03 1.57597376e+00]
 [4.79737567e-03 9.46676679e-03 2.10686741e+00]
 [8.48018217e-04 2.02463036e-03 2.70847595e+00]
 [2.31462936e-03 4.26821349e-03 1.49622293e+00]
 [9.04097157e-04 1.28975984e-03 1.21052505e+00]
 [4.93963846e-04 1.50455028e-03 1.79070095e+00]
 [2.37214058e-03 5.39490891e-03 2.49856157e+00]
 [1.86155670e-03 4.71819063e-03 2.96364884e+00]
 [1.32906238e-03 2.83462432e-03 2.60128235e+00]
 [1.93864860e-03 4.95112363e-03 2.27024992e+00]
 [1.08067485e-03 1.91272052e-03 1.77409247e+00]
 [2.78504172e-03 6.14781891e-03 2.33033671e+00]
 [1.55528584e-03 3.17817550e-03 1.68796635e+00]
 [2.26789321e-03 4.08181403e-03 2.36612810e+00]
 [6.56219990e-04 1.80729214e-03 2.38861388e+00]
 [1.84748152e-03 4.30973654e-03 2.74649084e+00]
 [3.31014434e-03 6.59709804e-03 1.93308698e+00]
 [3.60526305e-03 5.63706255e-03 1.47717119e+00]
 [9.85390106e-04 1.35597047e-03 1.31872041e+00]
 [2.15209660e-03 3.71923011e-03 1.77971078e+00]
 [3.45172051e-03 6.47280300e-03 2.11773008e+00]
 [1.78143237e-03 3.52136890e-03 2.48765171e+00]
 [9.68712629e-04 1.62178979e-03 1.38899990e+00]
 [2.33884749e-03 5.11629099e-03 1.57515213e+00]
 [5.19591214e-03 8.72692723e-03 1.58789564e+00]
 [4.61579711e-03 9.64822100e-03 2.59012962e+00]
 [4.52696349e-03 9.59434321e-03 1.98556073e+00]
 [9.04097157e-04 1.07561389e-03 1.42083725e+00]
 [2.68590655e-03 6.03824273e-03 2.17606518e+00]
 [2.27590153e-03 3.84326152e-03 2.19488643e+00]
 [4.32002463e-03 8.57905743e-03 2.23669174e+00]
 [4.41469693e-03 8.28135361e-03 1.85269631e+00]
 [2.55481175e-03 5.81686513e-03 2.51900185e+00]
 [2.50961538e-03 4.15783212e-03 1.41562576e+00]
 [5.14175044e-03 9.72981661e-03 1.60243561e+00]
 [4.44757738e-03 8.28135361e-03 1.89840846e+00]
 [3.70511011e-03 6.85172997e-03 1.96937138e+00]
 [5.57737297e-03 9.90406197e-03 2.55253659e+00]
 [1.08067485e-03 1.65888308e-03 1.38087222e+00]
 [1.46792373e-03 2.73083366e-03 1.75584835e+00]
 [3.65306402e-03 8.59920638e-03 2.51625922e+00]
 [9.04097157e-04 1.28975984e-03 1.20751649e+00]
 [1.93591828e-03 4.82791167e-03 2.58963043e+00]
 [2.83037167e-03 5.54107291e-03 2.19267602e+00]
 [3.46810026e-03 5.70701419e-03 1.39224605e+00]
 [1.30535730e-03 2.86942384e-03 2.23730978e+00]
 [3.58709898e-03 6.77514123e-03 1.76047299e+00]
 [3.72748802e-03 7.70480733e-03 1.91128685e+00]
 [1.15103041e-03 2.41905881e-03 2.19196477e+00]
 [4.48005013e-03 9.33418039e-03 2.00159103e+00]
 [1.90087050e-03 4.15730165e-03 1.74533795e+00]
 [5.29863664e-03 9.83156089e-03 2.81871646e+00]
 [2.73154729e-03 5.90546522e-03 1.75745341e+00]
 [2.13693238e-03 3.94663477e-03 1.61728390e+00]
 [2.37214058e-03 5.39490891e-03 2.49854981e+00]
 [2.78504172e-03 6.17326699e-03 2.31946608e+00]
 [1.04513580e-03 1.98101489e-03 1.59491913e+00]
 [4.70304426e-03 9.77706288e-03 2.25973464e+00]
 [4.50379642e-03 8.33999211e-03 1.70535865e+00]
 [3.54337395e-03 6.28960530e-03 1.61110674e+00]
 [3.76580315e-03 7.50400277e-03 2.14338486e+00]]
