[[2.08511002e+00 2.16097348e+00]
 [9.31301057e-01 1.03668218e+00]
 [1.98383737e+00 1.61645020e+00]
 [2.09597257e+00 2.05565850e+00]
 [7.01934693e-01 5.94304467e-01]
 [1.05814058e+00 7.96639978e-01]
 [1.63322451e+00 1.58117431e+00]
 [3.45448459e+00 2.99196855e+00]
 [9.94006692e-02 7.86329606e-02]
 [2.76410989e+00 2.52609268e+00]
 [6.20866576e-01 8.37551037e-01]
 [2.92879636e+00 2.90878724e+00]
 [2.99588448e-01 3.64030367e-01]
 [2.22759393e-01 3.22482387e-01]
 [1.19923880e+00 1.48130914e+00]
 [2.62335155e+00 2.77442391e+00]
 [3.08389179e+00 2.84704896e+00]
 [1.95003857e+00 1.45797200e+00]
 [8.80981278e-01 9.96190723e-01]
 [2.91007090e+00 2.63649595e+00]
 [2.16838174e+00 2.42208159e+00]
 [9.92849442e-01 1.28010303e+00]
 [2.63857323e+00 2.40648325e+00]
 [2.59505814e+00 2.31265173e+00]
 [2.07924359e+00 1.85005520e+00]
 [1.29849197e+00 7.71207896e-01]
 [3.91374707e+00 2.97141535e+00]
 [1.10716367e+00 8.01216059e-01]
 [9.16632146e-02 2.00174993e-01]
 [1.97425240e+00 2.24081549e+00]
 [7.27791156e-01 4.73190210e-01]
 [4.52904748e+00 2.96986554e+00]
 [7.33961867e-01 7.92892448e-01]
 [2.58633799e+00 2.74921756e+00]
 [4.37411048e-01 6.81929209e-01]
 [2.85357926e+00 2.99026028e+00]
 [1.69354013e+00 1.57168841e+00]
 [2.42214223e+00 2.57795342e+00]
 [1.37059888e+00 1.68158997e+00]
 [7.99168252e-01 6.07806376e-01]
 [1.85077089e+00 1.59209232e+00]
 [2.63951989e+00 2.22023263e+00]
 [2.01610236e+00 2.27624079e+00]
 [2.00932962e+00 2.09192406e+00]
 [6.03835922e-01 6.60851963e-01]
 [6.91773449e-01 8.70433389e-01]
 [2.86636136e+00 2.82828773e+00]
 [2.45772575e+00 2.57010749e+00]
 [2.09289013e+00 2.05039470e+00]
 [1.47644397e+00 1.63236415e+00]
 [2.43960746e+00 2.56606924e+00]
 [2.92674229e+00 2.69461514e+00]
 [2.57087522e+00 2.62599818e+00]
 [8.07553852e-01 1.02732192e+00]
 [2.14018735e+00 1.79780927e+00]
 [2.89680270e+00 2.77411254e+00]
 [1.14602514e+00 1.30165013e+00]
 [3.15479600e+00 2.94277103e+00]
 [2.49966186e+00 2.33129469e+00]
 [1.99609303e+00 2.39088676e+00]
 [1.90540746e+00 1.97803481e+00]
 [3.54592002e-01 4.57811961e-01]
 [1.60513157e+00 1.67373598e+00]
 [1.98643533e-01 2.11000325e-01]
 [2.69824555e+00 2.68578110e+00]
 [2.23317523e+00 2.63110317e+00]
 [1.26790875e+00 8.21429112e-01]
 [1.64180695e+00 1.64269281e+00]
 [1.93002006e+00 1.71462628e+00]
 [1.99299633e-01 4.04379354e-01]
 [9.67081995e-01 1.00699140e+00]
 [2.16177797e+00 2.54310140e+00]
 [1.24145364e+00 8.85235726e-01]
 [3.01091827e+00 2.89070126e+00]
 [1.72839607e+00 1.78687529e+00]
 [1.52644150e+00 1.11496373e+00]
 [2.24368629e+00 2.11294020e+00]
 [8.83394465e-01 1.17329737e+00]
 [2.14221238e+00 2.59405843e+00]
 [1.42466404e+00 1.28085608e+00]
 [2.49914449e+00 2.22023263e+00]
 [4.65525994e-01 4.86660060e-01]
 [2.31917017e+00 2.63110317e+00]
 [1.67065093e+00 1.78400035e+00]
 [1.18311499e+00 1.49286335e+00]
 [1.97274735e+00 2.17406922e+00]
 [2.15896567e+00 2.54310140e+00]
 [1.67035533e+00 1.29518601e+00]
 [4.19852006e+00 2.96248877e+00]
 [5.50095585e-01 3.40904241e-01]
 [9.70805826e-01 1.28585649e+00]
 [1.75511612e+00 1.55516982e+00]
 [2.69824555e+00 2.47980071e+00]
 [2.40501006e-01 3.61706024e-01]
 [2.43754968e+00 2.49958376e+00]
 [4.62679641e-01 6.86441013e-01]
 [2.14221238e+00 2.59537071e+00]
 [2.16177797e+00 2.36833645e+00]
 [2.85974804e+00 2.79973067e+00]
 [2.89992215e+00 2.65769606e+00]
 [1.43294505e+00 1.63958520e+00]
 [2.98972177e+00 2.74374416e+00]
 [8.07553852e-01 9.74850599e-01]
 [3.31697783e+00 2.89187663e+00]
 [1.90540746e+00 2.10208247e+00]
 [3.08597061e+00 2.79445800e+00]
 [2.08652401e+00 1.72685820e+00]
 [3.44137727e+00 2.95120262e+00]
 [2.63857323e+00 2.60069460e+00]
 [1.69818508e+00 1.23073782e+00]
 [1.85207068e+00 1.59209232e+00]
 [2.21954005e+00 2.37752906e+00]
 [2.18079698e+00 2.42208159e+00]
 [2.94281493e+00 2.75620031e+00]
 [1.09394477e+00 1.27129405e+00]
 [6.20866576e-01 9.82375355e-01]
 [1.67208978e+00 1.71214574e+00]
 [1.56712089e+00 2.12447873e+00]
 [2.87067940e+00 2.72297690e+00]
 [3.75594031e+00 2.95914778e+00]
 [2.80515110e+00 2.83297988e+00]
 [1.33340772e+00 1.25725385e+00]
 [1.91402022e+00 1.95569364e+00]
 [1.21819340e+00 1.28630632e+00]
 [1.98414264e+00 2.24957493e+00]
 [1.26215940e+00 1.04996740e+00]
 [3.07975580e+00 2.84704896e+00]
 [1.34891617e+00 1.44986709e+00]
 [1.95263199e+00 1.59342937e+00]
 [2.46169667e+00 2.31004745e+00]
 [3.45448459e+00 2.99912248e+00]
 [4.10078599e+00 2.94339511e+00]
 [6.62801596e-01 9.56826853e-01]
 [1.89659959e+00 2.07696785e+00]
 [2.02680485e+00 1.64962353e+00]
 [2.10035961e+00 2.39961178e+00]
 [9.18427143e-01 1.09159257e+00]
 [1.78814702e+00 1.97803481e+00]
 [8.12269842e-01 1.13124780e+00]
 [1.64753881e+00 1.59209232e+00]
 [1.18484283e+00 1.55805547e+00]
 [1.50379258e+00 1.25420542e+00]
 [1.96920686e+00 2.23953828e+00]
 [1.63322451e+00 1.56594831e+00]
 [1.33328380e-01 8.18784265e-02]
 [3.64429515e+00 2.94277103e+00]
 [2.48490018e+00 2.51238004e+00]
 [2.87369839e+00 2.67734320e+00]
 [3.84960128e+00 2.98134342e+00]
 [7.65395119e-01 1.16254110e+00]
 [2.50523251e+00 2.67987886e+00]
 [2.69012472e+00 2.62043777e+00]
 [1.21147341e+00 1.30165013e+00]
 [1.90540746e+00 2.01946540e+00]
 [7.39898965e-01 7.35033095e-01]
 [2.87181710e+00 2.72335232e+00]
 [3.38049320e+00 2.88482112e+00]
 [2.93632075e+00 2.74374416e+00]
 [3.63025292e+00 2.96775095e+00]
 [4.33116387e+00 2.97166564e+00]
 [1.29198180e+00 1.04943875e+00]
 [9.67125446e-01 1.20099575e+00]
 [1.68747750e+00 1.77560705e+00]
 [1.26964413e+00 1.19414283e+00]
 [2.38689940e+00 2.60332888e+00]
 [2.67632257e+00 2.73924082e+00]
 [1.47192893e+00 1.54730863e+00]
 [4.98446240e+00 2.93329169e+00]
 [2.10039216e+00 1.73853709e+00]
 [2.71208710e-01 2.11000325e-01]
 [1.26719521e+00 9.80333362e-01]
 [1.26257680e+00 1.57503526e+00]
 [2.33331331e+00 2.72793597e+00]
 [6.20866576e-01 8.58319992e-01]
 [1.18673825e+00 1.66744964e+00]
 [2.38551524e-03 8.18784265e-02]
 [4.05066232e+00 2.96248877e+00]
 [2.87900367e+00 2.70027064e+00]
 [1.48474073e+00 1.87603300e+00]
 [2.32153458e+00 2.44349416e+00]
 [9.65810797e-01 8.06793331e-01]
 [6.13788643e-01 6.86441013e-01]
 [2.14934192e+00 2.02443261e+00]
 [9.94006692e-02 6.88953692e-02]
 [3.50715874e+00 2.96197852e+00]
 [9.40854212e-01 7.18019383e-01]
 [1.31502162e+00 1.83139271e+00]
 [5.29996626e-01 4.48340397e-01]
 [2.95620067e+00 2.87657504e+00]
 [1.57214772e+00 1.33235132e+00]
 [2.58864342e+00 2.72697657e+00]
 [4.75652992e-01 5.46525836e-01]
 [9.64813660e-01 1.41993476e+00]
 [2.53839035e+00 2.61971760e+00]
 [2.49966186e+00 2.66815355e+00]
 [3.37534346e+00 2.87691798e+00]
 [2.57044180e+00 2.74382014e+00]
 [1.43866146e+00 1.90869909e+00]
 [2.57856601e+00 2.38220162e+00]
 [3.32981184e+00 2.99681398e+00]
 [2.54122507e+00 2.57054105e+00]
 [1.50816611e+00 1.72064029e+00]
 [1.02638526e+00 1.27411835e+00]
 [1.36769683e+00 1.25080067e+00]
 [2.46413593e+00 2.11993943e+00]
 [2.31983998e+00 2.16378726e+00]
 [3.31527181e+00 2.88421615e+00]
 [1.13887447e+00 1.51593455e+00]
 [3.77439428e-01 1.95872632e-01]
 [1.61807362e+00 1.33476621e+00]
 [2.51358022e+00 2.76792969e+00]
 [1.06466789e+00 9.51342040e-01]
 [1.19854744e+00 1.36188030e+00]
 [2.16177797e+00 2.44780027e+00]
 [4.12795972e+00 2.96248877e+00]
 [2.80287439e+00 2.93476045e+00]
 [2.31917017e+00 2.33642421e+00]
 [2.52507170e+00 2.50424699e+00]
 [1.84483716e+00 1.90415592e+00]
 [3.74985743e+00 2.99560713e+00]
 [9.28282238e-01 1.11282527e+00]
 [1.71610740e+00 1.78063210e+00]
 [1.68424200e+00 1.40173747e+00]
 [2.89992215e+00 2.71658902e+00]
 [3.76938094e+00 2.92928318e+00]
 [1.85274705e+00 1.53986149e+00]
 [1.26215940e+00 1.10579063e+00]
 [3.16247623e+00 2.90438243e+00]
 [1.99609303e+00 2.09331072e+00]
 [1.64586108e+00 2.07696785e+00]
 [2.24892350e-01 2.06702333e-01]
 [2.63864379e+00 2.77411254e+00]
 [1.98444752e+00 1.76832485e+00]
 [6.01521909e-01 4.96967267e-01]
 [2.74962166e+00 2.74558622e+00]
 [3.24361067e+00 2.88638323e+00]
 [2.91461572e+00 2.89489950e+00]
 [8.24098563e-01 9.40008030e-01]
 [4.14422506e+00 2.95833627e+00]
 [2.82971115e+00 2.61886925e+00]
 [2.09367530e+00 2.32904050e+00]
 [2.78150913e+00 2.85177702e+00]
 [5.11265826e-01 2.08179985e-01]
 [1.55397678e+00 1.73992887e+00]
 [8.94101927e-01 1.21807281e+00]
 [2.53496681e+00 2.02593100e+00]
 [1.24048117e+00 1.27990773e+00]
 [3.75594031e+00 2.93656353e+00]
 [3.56183439e+00 2.98303477e+00]
 [8.74448375e-01 9.31345146e-01]
 [4.52904748e+00 2.93488647e+00]
 [2.22153314e+00 2.25053828e+00]
 [2.08490378e+00 1.61977129e+00]
 [2.10035961e+00 2.42001017e+00]
 [4.33304137e+00 2.94309322e+00]
 [1.71276068e+00 1.86748771e+00]
 [1.46256938e+00 1.65885837e+00]]
