[[0.62822678 4.53414591 9.09509548 1.55636897]
 [1.32819511 0.91050643 9.96762161 2.96239613]
 [0.63037229 3.19654635 9.06992869 1.53775869]
 [0.44701418 5.85545338 9.70319789 1.71785681]
 [0.43379929 4.7004377  8.91946143 0.52291692]
 [1.08725119 1.99686557 9.70171865 3.74195519]
 [0.70118907 2.17067846 9.1110277  4.88687348]
 [1.00222129 1.66181746 9.45488769 4.19989857]
 [1.13503216 1.40201088 9.37518047 4.04857475]
 [0.35760828 4.44947115 8.65190854 0.52291692]
 [0.82589912 3.19654635 9.14714934 2.49054438]
 [0.80948796 2.97243018 9.71014196 0.97376481]
 [1.02679196 8.45817405 9.97129094 4.86954508]
 [1.64895859 5.59319409 9.78621392 4.80935438]
 [0.44701418 5.85545338 9.71130736 4.82113974]
 [0.44821255 4.42215368 9.82763891 4.57948067]
 [1.57692479 1.24512619 8.63790111 2.61436379]
 [1.52433924 1.41875043 9.37709581 4.93731857]
 [1.4989948  2.53742056 9.97206394 3.74195519]
 [0.62822678 4.53414591 9.09509548 1.67519375]
 [0.44701418 6.21461751 9.23740085 1.71104723]
 [0.65519943 3.11944036 8.86685512 1.51727381]
 [0.43379929 4.7004377  8.10946846 0.75798326]
 [0.73351041 3.15761754 8.57566634 1.02904968]
 [0.70891954 1.88761213 9.70171865 2.73107199]]
