[[2.51915460e-02 4.91381796e+01]
 [1.19655106e+02 4.19982725e+00]
 [1.06219053e+02 4.67810337e+00]
 [1.11552105e+02 4.64155462e+00]
 [1.14315290e+02 4.35549243e+00]
 [2.83526865e+01 1.94604537e+01]
 [9.19823277e+01 5.60069366e+00]
 [1.17329489e+02 4.34324222e+00]
 [9.48548859e+00 3.08421348e+01]
 [8.98186487e+01 5.88903187e+00]
 [9.96396107e+01 5.14283254e+00]
 [1.36154561e+00 4.20935112e+01]
 [1.80385119e+01 2.44961790e+01]
 [9.52922692e+01 5.34873765e+00]
 [3.92019306e-01 4.66915265e+01]
 [1.09333204e+01 2.93990886e+01]
 [1.13264884e+02 4.39028224e+00]
 [2.35240209e+00 3.99539813e+01]
 [3.93056393e-01 4.56998826e+01]
 [9.12337203e+00 3.15838444e+01]
 [6.03680051e+00 3.49007268e+01]
 [3.88674340e+01 1.56406802e+01]
 [5.01168078e+01 1.24795641e+01]
 [9.84135612e+00 3.03885789e+01]
 [4.00489722e+01 1.53276049e+01]
 [7.87798440e+01 7.02792885e+00]
 [2.20929934e+00 4.08396947e+01]
 [6.10065777e+00 3.41222385e+01]
 [4.87978783e+01 1.29601159e+01]
 [7.27850071e+01 7.90855198e+00]
 [2.94412252e+01 1.89932919e+01]
 [8.91076972e+01 5.92682292e+00]
 [8.70348041e+01 6.05208993e+00]
 [1.05254155e+02 4.72359488e+00]
 [1.02084776e+02 4.91695176e+00]
 [1.58838118e+01 2.59337841e+01]
 [1.00652974e+02 4.97848877e+00]
 [2.98336716e+01 1.88370968e+01]
 [1.52887806e+01 2.63569187e+01]
 [9.77541211e+01 5.15878180e+00]
 [9.38028327e+01 5.45468930e+00]
 [4.19648677e+01 1.47516590e+01]
 [1.11897176e+02 4.61285173e+00]
 [7.76812641e+00 3.22621992e+01]
 [1.60432531e+01 2.57025583e+01]
 [4.92095607e-02 4.84437166e+01]
 [7.19870352e+01 8.04942768e+00]
 [2.75410788e+01 1.97874830e+01]
 [1.88472659e+01 2.40224645e+01]
 [2.93053176e+00 3.87402809e+01]
 [2.84853398e+00 3.93046392e+01]
 [1.03907780e+02 4.87564063e+00]
 [8.41322847e+01 6.35213851e+00]
 [1.63638359e+00 4.13789888e+01]
 [4.61453549e+01 1.35990720e+01]
 [6.27690438e+01 9.67100045e+00]
 [8.17612627e+01 6.65052961e+00]
 [4.70629722e+01 1.33094903e+01]
 [3.47331363e+01 1.70119372e+01]
 [1.93888691e-01 4.71300901e+01]
 [3.08487105e+01 1.85024966e+01]
 [6.38245604e+01 9.46519622e+00]
 [3.69697264e+01 1.63337486e+01]
 [1.15188588e+01 2.90984354e+01]
 [7.92843846e+01 6.93195147e+00]
 [3.84088360e+01 1.57834611e+01]
 [5.75911927e+01 1.07448808e+01]
 [1.67120888e+01 2.53590588e+01]
 [7.74110366e+01 7.25082798e+00]
 [4.08405904e+01 1.50215110e+01]
 [1.22164097e+01 2.83472297e+01]
 [8.27069891e+01 6.52029129e+00]
 [3.56757064e+01 1.67682477e+01]
 [7.41214869e+01 7.87154888e+00]
 [3.27791899e+00 3.80417823e+01]
 [1.01897383e+01 3.00527681e+01]
 [4.54639930e+01 1.37021191e+01]
 [2.12687831e+01 2.27262269e+01]
 [5.15245112e+01 1.21246005e+01]
 [4.46812797e+01 1.39207066e+01]
 [2.19972007e+01 2.23444472e+01]
 [1.04976551e+01 2.98948891e+01]
 [1.18798263e+02 4.24677936e+00]
 [1.17787384e+01 2.86840188e+01]
 [8.52926274e+01 6.23528444e+00]
 [8.24181599e+00 3.21030318e+01]
 [8.03689971e+01 6.86384593e+00]
 [1.14275157e+00 4.28109384e+01]
 [2.68936846e+01 2.02845267e+01]
 [1.13452218e+00 4.32228288e+01]
 [2.54782728e+01 2.06863768e+01]
 [1.03966190e+02 4.78986553e+00]
 [3.77503916e+01 1.60739339e+01]
 [2.62542348e+00 3.94629533e+01]
 [1.17961200e+02 4.24987933e+00]
 [4.28753192e+01 1.44699623e+01]
 [3.14951164e+01 1.82868338e+01]
 [8.61160919e+00 3.19010647e+01]
 [2.44251405e+01 2.11599418e+01]
 [4.56612535e+00 3.61241254e+01]
 [5.36192214e+01 1.17412617e+01]
 [1.80080510e+00 4.09612667e+01]
 [6.01000696e+01 1.02554825e+01]
 [5.95093964e+01 1.03913874e+01]
 [1.01594343e+02 4.95087877e+00]
 [8.63022024e+01 6.19537572e+00]
 [9.27987767e+01 5.51788513e+00]
 [2.57711644e+00 3.98512376e+01]
 [6.11361274e+01 1.00522732e+01]
 [7.50250805e+01 7.56882848e+00]
 [3.09321744e+00 3.84922137e+01]
 [7.65226077e+01 7.30826666e+00]
 [9.65869014e+01 5.29510110e+00]
 [6.57557861e+00 3.37830269e+01]
 [6.98764098e+01 8.37265225e+00]
 [7.35584200e+00 3.26611852e+01]
 [2.60117586e+01 2.04491473e+01]
 [3.73641878e+00 3.76882150e+01]
 [4.93339327e-01 4.53593531e+01]
 [5.27411775e+01 1.18330552e+01]
 [3.36157968e+01 1.75091383e+01]
 [2.39525897e+01 2.13822378e+01]
 [6.93161758e+01 8.49773300e+00]
 [3.76388633e+00 3.72227098e+01]
 [5.26440610e-01 4.50663012e+01]
 [9.67043695e-02 4.80334951e+01]
 [1.29576460e+00 4.25180708e+01]
 [3.78159361e+01 1.60003590e+01]
 [4.01662606e+00 3.68522826e+01]
 [1.76412474e+01 2.47816147e+01]
 [5.04095454e+00 3.54262771e+01]
 [5.42249173e+01 1.15015808e+01]
 [1.34736533e-01 4.75888570e+01]
 [1.25592046e+01 2.82493732e+01]
 [7.55718666e+01 7.44511358e+00]
 [6.24367679e+00 3.39701548e+01]
 [6.88656452e+01 8.53863293e+00]
 [2.35828096e-01 4.68449259e+01]
 [6.71366676e+01 8.88380553e+00]
 [7.12315147e+01 8.18291017e+00]
 [9.00767651e+00 3.17590102e+01]
 [6.16784942e+01 9.95395502e+00]
 [1.46834898e+01 2.65755229e+01]
 [7.75320784e-01 4.40773579e+01]
 [1.26929619e+01 2.80044849e+01]
 [2.34416344e+01 2.16345771e+01]
 [6.48230853e+01 9.27480884e+00]
 [2.62291067e+01 2.04078665e+01]
 [5.64285923e+01 1.10040393e+01]
 [1.63657835e+00 4.13665350e+01]
 [3.17956407e+01 1.81225109e+01]
 [3.31391019e+01 1.76697474e+01]
 [1.39897622e+01 2.70627787e+01]
 [4.43895319e+01 1.39986563e+01]
 [6.44822698e-01 4.44830799e+01]
 [2.08560656e+01 2.29438245e+01]
 [4.66951383e+00 3.58988353e+01]
 [2.20380370e+01 2.23187739e+01]
 [6.66580088e+01 9.01364468e+00]
 [4.31638994e+00 3.63883917e+01]
 [2.25484394e+01 2.20809574e+01]
 [1.34767226e+01 2.74407319e+01]
 [3.81272282e+00 3.71728082e+01]
 [5.18157970e+00 3.52513062e+01]
 [8.35609328e+01 6.41752500e+00]
 [7.44583085e+01 7.61873509e+00]
 [1.29360258e-01 4.76307995e+01]
 [1.97724630e+01 2.35868360e+01]
 [3.29608267e+01 1.77408629e+01]
 [7.49436212e-01 4.42782260e+01]
 [3.66889869e+01 1.64424137e+01]
 [2.00057634e+01 2.33789169e+01]
 [8.11115878e+01 6.70881494e+00]
 [4.33316468e+01 1.43093763e+01]
 [5.90453770e+01 1.04615604e+01]
 [1.48630246e+01 2.64656563e+01]
 [4.39676593e+01 1.41266976e+01]
 [9.32677780e+01 5.48996358e+00]
 [1.28732657e+01 2.78668843e+01]
 [5.21061056e+01 1.20087027e+01]
 [6.58782119e+00 3.35271267e+01]
 [7.14590712e+00 3.28858746e+01]
 [8.23938689e-01 4.38010729e+01]
 [5.09409812e+01 1.22754024e+01]
 [8.31867773e+01 6.46046090e+00]
 [6.54224888e+01 9.19871909e+00]
 [4.23566029e+01 1.45866369e+01]
 [8.55497361e+01 6.20014000e+00]
 [1.43170672e+01 2.68239245e+01]
 [7.01718697e+00 3.32064912e+01]
 [5.82314362e+01 1.06067090e+01]
 [5.86420052e+01 1.05119948e+01]
 [1.74868676e+01 2.48193402e+01]
 [6.74756357e+01 8.80791397e+00]
 [4.83556544e+00 3.57268907e+01]
 [5.69893656e+01 1.08917859e+01]
 [9.95565123e-01 4.34191652e+01]
 [6.78267445e+01 8.73556906e+00]
 [5.42590700e+00 3.49565457e+01]
 [5.82910322e-01 4.48494239e+01]
 [6.25290524e+01 9.77549139e+00]
 [3.09838326e+01 1.84529702e+01]
 [7.73915866e+01 7.25429666e+00]
 [6.83382844e+01 8.64617576e+00]
 [6.14466549e-01 4.47011988e+01]
 [2.31412416e+01 2.19653176e+01]
 [2.70009328e+01 2.00266898e+01]
 [1.43799945e+01 2.67907654e+01]
 [5.52673431e+01 1.12497268e+01]
 [9.73477655e+01 5.18655209e+00]
 [7.41967839e+01 7.71864773e+00]
 [4.78527232e+01 1.31206265e+01]
 [4.03978754e+01 1.51774469e+01]
 [4.37262906e-01 4.55918648e+01]
 [2.12292400e+01 2.27619141e+01]
 [1.36758575e+01 2.73046928e+01]
 [7.07409588e+00 3.29968040e+01]
 [6.44765321e+01 9.34038326e+00]
 [2.02941569e+01 2.33343865e+01]
 [9.68973928e+01 5.22042899e+00]
 [8.68212243e+01 6.07979691e+00]
 [7.10644661e+01 8.21439666e+00]
 [3.57553392e+01 1.66727040e+01]
 [4.59037950e+01 1.36736166e+01]
 [3.24517221e+01 1.78663453e+01]
 [2.32899623e+01 2.18645183e+01]
 [1.32164439e+01 2.75979081e+01]
 [1.23047334e+00 4.25825868e+01]
 [1.71571640e+01 2.50108611e+01]
 [3.62175643e+01 1.65050882e+01]
 [6.62928381e+01 9.03736996e+00]
 [6.05827707e+01 1.01343111e+01]
 [3.60699608e+01 1.65566552e+01]
 [2.25704673e+01 2.20529196e+01]
 [3.44753316e+01 1.71025222e+01]
 [4.74349666e+01 1.32156235e+01]
 [3.41075388e+01 1.72344416e+01]
 [1.95117970e+01 2.36511291e+01]
 [5.47412377e+01 1.13786023e+01]
 [1.15427847e+01 2.88646399e+01]
 [5.47449561e+01 1.13675391e+01]
 [1.69088780e+01 2.51684029e+01]
 [5.69817341e+01 1.09194106e+01]
 [2.06701379e+01 2.30235463e+01]
 [7.04720606e+01 8.25815130e+00]
 [5.60839412e+01 1.10669656e+01]
 [4.22734344e+01 1.46637253e+01]
 [2.49336641e+01 2.09250267e+01]
 [4.30454658e+00 3.64960451e+01]
 [5.03038911e+01 1.24547223e+01]
 [3.07573945e+00 3.85511936e+01]
 [5.25266447e+01 1.18850093e+01]
 [4.38759968e+01 1.42509655e+01]
 [6.76604737e+00 3.32987003e+01]
 [8.92353287e+01 5.90475999e+00]
 [2.53549533e+01 2.08623226e+01]
 [7.61697129e+01 7.36875438e+00]
 [2.95704977e+01 1.89411842e+01]
 [7.35061434e+00 3.26667208e+01]
 [6.04547549e+01 1.01408769e+01]]
