[[1.45988514e+01 1.87473437e-03]
 [3.18032647e+01 6.57607673e-04]
 [3.23474214e+01 6.42435431e-04]
 [2.23930593e+01 9.50885037e-04]
 [8.42493582e+00 2.79476072e-03]
 [1.41793769e+01 1.89368849e-03]
 [2.04790585e+01 1.26972599e-03]
 [6.82361478e+01 4.62168665e-04]
 [4.75101373e+01 4.73210381e-04]
 [3.38868076e+01 6.19474269e-04]
 [5.28096269e+00 6.48101749e-03]
 [1.60142515e+01 1.68570353e-03]
 [1.20341595e+01 1.94211816e-03]
 [3.23524891e+01 6.42083122e-04]
 [9.81058678e+00 2.70639304e-03]
 [2.44764699e+01 9.18722011e-04]
 [2.14434653e+01 1.08072894e-03]
 [1.55457243e+01 1.86406942e-03]
 [1.62112471e+01 1.46369332e-03]
 [3.74848124e+01 5.86921008e-04]
 [2.87657209e+01 7.31779828e-04]
 [1.61980162e+01 1.46668769e-03]
 [4.67979037e+00 6.48194950e-03]
 [2.15667411e+01 1.05957768e-03]
 [2.27463803e+02 4.50485390e-04]
 [4.34967567e+01 5.28332218e-04]
 [2.68455005e+01 7.91280193e-04]
 [3.68549536e+01 5.90153056e-04]
 [2.10515659e+01 1.17241354e-03]
 [1.81010033e+01 1.35930190e-03]
 [1.85167328e+01 1.31085597e-03]
 [2.48889438e+01 8.11816799e-04]
 [3.42489050e+01 6.01328142e-04]
 [3.16547239e+01 6.87608046e-04]]
