[[1.86260211e-03 3.45560727e-03 1.79353495e+00]
 [3.66543097e-03 8.62346253e-03 2.38535544e+00]
 [3.81016124e-03 7.49858311e-03 2.02228296e+00]
 [4.28768775e-03 8.24009870e-03 2.25299232e+00]
 [4.44117107e-03 8.28135361e-03 1.85269631e+00]
 [4.32981507e-03 9.09311989e-03 2.21095800e+00]
 [1.15103041e-03 2.27001165e-03 2.19196477e+00]
 [3.93884008e-03 6.88955048e-03 1.80800322e+00]
 [3.72748802e-03 7.10354578e-03 1.91128685e+00]
 [6.05212895e-03 9.90406197e-03 2.54783250e+00]
 [1.01581476e-03 2.25806922e-03 2.94264094e+00]
 [2.69654701e-03 5.90546522e-03 1.76106815e+00]
 [4.06288428e-03 7.43749196e-03 1.57597376e+00]
 [4.79737567e-03 9.46676679e-03 2.10686741e+00]
 [8.48018217e-04 2.02463036e-03 2.70847595e+00]
 [2.31462936e-03 4.26821349e-03 1.49622293e+00]
 [9.04097157e-04 1.28975984e-03 1.21052505e+00]
 [4.93963846e-04 1.50455028e-03 1.79070095e+00]
 [2.72400850e-03 5.98788918e-03 2.74616699e+00]
 [2.37214058e-03 5.39490891e-03 2.49856157e+00]
 [1.86155670e-03 4.71819063e-03 2.96364884e+00]
 [1.32906238e-03 2.83462432e-03 2.60128235e+00]
 [1.08067485e-03 1.91272052e-03 1.77409247e+00]
 [2.78504172e-03 6.14781891e-03 2.33033671e+00]
 [1.50739659e-03 2.43763977e-03 2.09336914e+00]
 [1.84748152e-03 4.30973654e-03 2.74649084e+00]
 [4.93043748e-03 9.56717098e-03 1.76047299e+00]
 [1.85190168e-03 3.54874355e-03 1.84550532e+00]
 [4.60051615e-03 9.88131701e-03 2.19859652e+00]
 [3.70154178e-03 7.40653786e-03 1.98823253e+00]
 [3.66943133e-03 8.62099300e-03 2.35669369e+00]
 [4.50711259e-03 8.45583215e-03 1.68459717e+00]
 [4.67307936e-03 9.87328785e-03 2.25853603e+00]
 [8.96306989e-04 2.10770942e-03 2.74070272e+00]
 [1.73010370e-03 4.44348157e-03 2.30526791e+00]
 [3.81016124e-03 7.61316964e-03 2.02240183e+00]
 [4.39015837e-03 9.71277847e-03 2.99704101e+00]
 [9.43970625e-04 1.26966030e-03 1.57331418e+00]
 [4.79737567e-03 9.58609030e-03 2.10686741e+00]
 [1.67651103e-03 3.42440641e-03 1.70366846e+00]
 [1.22356100e-03 2.43823034e-03 2.58367554e+00]
 [6.98550042e-04 1.42202951e-03 2.35777886e+00]
 [9.04097157e-04 1.28975984e-03 1.17073057e+00]
 [2.09546842e-03 4.28800693e-03 2.16600955e+00]
 [8.02083793e-04 1.50689992e-03 2.12403167e+00]
 [1.50451629e-03 2.59698393e-03 1.47746084e+00]
 [1.41850450e-03 3.15749648e-03 2.24356226e+00]
 [2.22040729e-03 4.99973124e-03 2.13132423e+00]
 [2.68977624e-03 6.07342551e-03 2.18969427e+00]
 [1.32161142e-03 2.64692172e-03 2.36204453e+00]
 [3.03450823e-03 4.99808594e-03 1.40325230e+00]
 [2.74119775e-03 5.63400506e-03 1.70841085e+00]
 [3.74875944e-03 7.70322525e-03 2.34162340e+00]
 [2.41234121e-03 5.39490891e-03 2.41561079e+00]
 [3.80538040e-03 7.90636994e-03 2.44208016e+00]
 [3.93884008e-03 7.25042609e-03 1.74068854e+00]
 [4.32981507e-03 9.09311989e-03 2.20343074e+00]
 [2.72400850e-03 5.98788918e-03 2.74893677e+00]
 [6.45957242e-03 9.98671908e-03 2.72217169e+00]
 [2.87764514e-03 4.18725683e-03 1.26029380e+00]
 [1.41506749e-03 3.04561792e-03 2.39079507e+00]
 [5.10814879e-04 1.44597721e-03 2.40876724e+00]
 [2.58953469e-03 4.61602081e-03 1.39718301e+00]]
