[[0.89551968 0.50184304]
 [0.69609146 0.77651183]
 [0.48739889 0.87033419]
 [0.47744782 0.89234556]
 [0.76432618 0.72271411]
 [0.90719702 0.46545207]
 [1.01873535 0.0733478 ]
 [0.58515371 0.83015257]
 [0.88242418 0.52528086]
 [0.06079156 1.02906561]
 [0.82407851 0.56443188]
 [0.77700898 0.60670022]
 [0.22959851 0.9627221 ]
 [0.11640672 0.99525684]
 [0.7650941  0.70454299]
 [0.89638218 0.49891729]
 [0.53435224 0.83423943]
 [0.1682217  0.98498806]
 [0.90407289 0.49330994]
 [0.17296722 0.97096163]
 [1.03565807 0.07245931]
 [0.78483914 0.57277479]
 [1.04429465 0.05256775]
 [0.77457235 0.62211623]
 [0.58928348 0.782243  ]
 [0.86170605 0.54305455]
 [0.95594831 0.22033483]
 [0.98299201 0.17694655]
 [0.99273564 0.11411804]
 [0.9568525  0.20596808]
 [0.1032869  1.0036471 ]
 [0.63172225 0.77795964]
 [0.49329053 0.85772121]
 [0.68373888 0.7777264 ]
 [0.77847679 0.59278395]]
