[[1.86260211e-03 3.45560727e-03 1.79353495e+00]
 [1.98569888e-03 4.26701009e-03 1.68669248e+00]
 [3.66543097e-03 8.62346253e-03 2.38535544e+00]
 [3.81016124e-03 7.49858311e-03 2.02228296e+00]
 [2.74119775e-03 5.60529991e-03 2.34345957e+00]
 [1.32161142e-03 2.06454059e-03 1.15237762e+00]
 [4.44117107e-03 8.28135361e-03 1.85269631e+00]
 [4.32981507e-03 9.09311989e-03 2.21095800e+00]
 [1.15103041e-03 2.27001165e-03 2.19196477e+00]
 [2.53888621e-03 5.91387182e-03 1.85759032e+00]
 [8.96306989e-04 2.10770942e-03 2.00564877e+00]
 [3.72748802e-03 7.10354578e-03 1.91128685e+00]
 [2.69654701e-03 5.90546522e-03 1.76106815e+00]
 [3.14417222e-03 6.05896361e-03 2.18969427e+00]
 [3.23479197e-03 6.07441894e-03 2.30166251e+00]
 [8.48018217e-04 2.02463036e-03 2.70847595e+00]
 [2.31462936e-03 4.26821349e-03 1.49622293e+00]
 [9.04097157e-04 1.28975984e-03 1.21052505e+00]
 [1.84010202e-03 4.14016832e-03 2.22406235e+00]
 [2.56584712e-03 5.90546522e-03 2.49372017e+00]
 [2.62928537e-03 4.63857784e-03 2.03199302e+00]
 [3.93252778e-03 8.83067124e-03 2.41019151e+00]
 [4.53075505e-03 9.35736267e-03 2.19377705e+00]
 [4.46635046e-03 8.77034389e-03 2.10094628e+00]
 [4.15285687e-03 9.72720353e-03 2.94151874e+00]
 [2.39323959e-03 4.61602081e-03 1.84996950e+00]
 [3.81016124e-03 7.49858311e-03 2.13563902e+00]
 [1.32161142e-03 2.06454059e-03 1.28313884e+00]
 [5.98393767e-04 1.39622009e-03 1.48565673e+00]
 [2.71420871e-03 5.55574211e-03 2.50716783e+00]
 [4.71435732e-03 8.60072718e-03 1.62467733e+00]
 [5.12628666e-03 9.80023968e-03 1.93137272e+00]
 [6.60190519e-04 1.50455028e-03 1.78921889e+00]
 [3.69399926e-03 7.98344541e-03 2.45378751e+00]
 [5.10325550e-03 9.86738119e-03 1.86599331e+00]
 [4.52786632e-03 8.08728825e-03 1.69328795e+00]
 [6.92892056e-04 2.02463036e-03 1.79065051e+00]
 [1.98834867e-03 4.00845378e-03 2.20354732e+00]
 [7.90027641e-04 1.07494129e-03 1.42854660e+00]
 [2.32944340e-03 5.31417562e-03 2.71340499e+00]
 [2.39323959e-03 4.61642738e-03 1.81089886e+00]
 [1.43843685e-03 2.72962121e-03 1.94581283e+00]
 [4.47650080e-03 8.73555617e-03 1.79694466e+00]
 [2.89187470e-03 6.04614434e-03 2.57189347e+00]
 [2.14860597e-03 4.85948691e-03 2.68555151e+00]
 [4.08575293e-03 8.46055501e-03 2.24269494e+00]
 [3.19691875e-03 5.74015376e-03 1.68528753e+00]
 [1.50452585e-03 3.82260018e-03 2.63817836e+00]
 [4.20005408e-03 8.69688356e-03 2.24383874e+00]
 [1.85289239e-03 4.14165170e-03 2.29573253e+00]
 [4.30247271e-03 9.72689695e-03 2.35560178e+00]
 [4.75828520e-03 9.59260211e-03 2.20544132e+00]
 [4.98407138e-03 9.73783538e-03 2.19316638e+00]
 [4.71612511e-03 8.60072718e-03 1.62467733e+00]
 [5.10325550e-03 9.50280217e-03 1.80264075e+00]
 [1.00599891e-03 2.16890186e-03 1.95143769e+00]
 [1.41159129e-03 2.27001165e-03 1.39526158e+00]
 [1.67441858e-03 3.18306032e-03 1.70413638e+00]
 [3.56615010e-03 6.31349080e-03 1.75622853e+00]
 [1.44989723e-03 2.72575947e-03 2.25778533e+00]
 [6.60190519e-04 1.50455028e-03 1.77126639e+00]
 [6.89047180e-04 1.49071829e-03 2.60768556e+00]
 [6.13112335e-03 9.86856084e-03 2.96352885e+00]
 [5.40260940e-03 9.48836288e-03 1.60606795e+00]
 [5.96751626e-03 9.90406197e-03 2.55380336e+00]
 [1.15103041e-03 2.52503744e-03 2.24149076e+00]
 [3.32254511e-03 6.98126765e-03 2.03628917e+00]
 [5.37459110e-03 9.99651909e-03 2.05165561e+00]
 [9.94405629e-04 1.47751448e-03 1.72062677e+00]
 [4.84428446e-03 9.60319221e-03 2.66079914e+00]
 [5.14594232e-03 9.80023968e-03 2.17571049e+00]]
