[[1.86260211e-03 3.45560727e-03 1.79353495e+00]
 [4.30247271e-03 9.73802078e-03 2.35560178e+00]
 [5.41559379e-03 9.74740371e-03 2.27320880e+00]
 [3.66543097e-03 8.62346253e-03 2.38535544e+00]
 [5.81577407e-03 9.89751708e-03 1.40781245e+00]
 [3.81016124e-03 7.49858311e-03 2.02228296e+00]
 [2.74119775e-03 5.60529991e-03 2.34345957e+00]
 [4.44117107e-03 8.28135361e-03 1.85269631e+00]
 [4.32981507e-03 9.09311989e-03 2.21095800e+00]
 [5.52767597e-03 8.89131089e-03 1.70990570e+00]
 [1.15103041e-03 2.27001165e-03 2.19196477e+00]
 [3.93884008e-03 6.88955048e-03 1.80800322e+00]
 [3.72748802e-03 7.10354578e-03 1.91128685e+00]
 [2.69654701e-03 5.90546522e-03 1.76106815e+00]
 [4.06288428e-03 7.43749196e-03 1.57597376e+00]
 [8.48018217e-04 2.02463036e-03 2.70847595e+00]
 [2.31462936e-03 4.26821349e-03 1.49622293e+00]
 [9.04097157e-04 1.28975984e-03 1.21052505e+00]
 [4.93963846e-04 1.50455028e-03 1.79070095e+00]
 [2.37214058e-03 5.39490891e-03 2.49856157e+00]
 [1.32906238e-03 2.83462432e-03 2.60128235e+00]
 [1.93864860e-03 4.95112363e-03 2.27024992e+00]
 [1.08067485e-03 1.91272052e-03 1.77409247e+00]
 [2.78504172e-03 6.14781891e-03 2.33033671e+00]
 [1.55528584e-03 3.17817550e-03 1.68796635e+00]
 [2.26789321e-03 4.08181403e-03 2.36612810e+00]
 [6.56219990e-04 1.80729214e-03 2.38861388e+00]
 [1.84748152e-03 4.30973654e-03 2.74649084e+00]
 [5.33403497e-03 9.63241565e-03 2.51810802e+00]
 [4.28335214e-03 9.35427012e-03 2.67768967e+00]
 [3.31014434e-03 6.59709804e-03 1.93308698e+00]
 [9.85390106e-04 1.35597047e-03 1.31872041e+00]
 [2.15209660e-03 3.71923011e-03 1.77971078e+00]
 [4.43903428e-03 8.32243548e-03 2.24317267e+00]
 [9.69035484e-04 1.45006140e-03 2.01327924e+00]
 [9.34369613e-04 2.10770942e-03 2.03196616e+00]
 [4.33350403e-03 8.14321857e-03 1.68609739e+00]
 [4.59007909e-03 8.07698409e-03 1.70706973e+00]
 [1.27945245e-03 3.28335424e-03 2.48827184e+00]
 [6.51304332e-03 9.95295083e-03 2.22048163e+00]
 [3.01007943e-03 6.02124357e-03 2.03557345e+00]
 [2.64313413e-03 5.52558443e-03 2.08862580e+00]
 [6.56219990e-04 1.80729214e-03 2.56040773e+00]
 [2.35534574e-03 5.45744195e-03 2.60045303e+00]
 [2.87933400e-03 5.56318244e-03 1.76787209e+00]
 [6.56219990e-04 1.80729214e-03 2.46127266e+00]
 [3.93884008e-03 6.74603553e-03 1.80800322e+00]
 [2.78328131e-03 5.83477496e-03 2.00899483e+00]
 [9.85390106e-04 1.68355825e-03 1.31872041e+00]
 [1.01581476e-03 2.29165916e-03 2.67225795e+00]
 [4.23853266e-03 8.43494126e-03 1.94800557e+00]
 [8.48018217e-04 2.02463036e-03 2.10949952e+00]
 [3.38264442e-03 8.04713573e-03 2.72682421e+00]
 [1.62734462e-03 3.36952340e-03 2.46660184e+00]
 [3.39563598e-03 5.21543958e-03 1.44569371e+00]
 [1.29883986e-03 3.18136136e-03 2.22041012e+00]
 [3.81016124e-03 7.49858311e-03 2.02101773e+00]
 [2.24419876e-03 4.25045041e-03 1.84788902e+00]
 [5.11534173e-03 9.95984762e-03 2.83759791e+00]
 [3.73863067e-03 8.11290892e-03 2.22471788e+00]
 [4.04117761e-03 7.43749196e-03 1.88394841e+00]
 [4.79737567e-03 9.34379982e-03 2.10686741e+00]
 [1.06090912e-03 2.44848359e-03 2.62400224e+00]
 [2.49759754e-03 4.91282892e-03 1.61517718e+00]
 [4.45511894e-03 9.43124331e-03 2.23476463e+00]
 [4.53722919e-03 9.35420114e-03 1.81432386e+00]
 [5.41978382e-03 9.77521030e-03 2.49673719e+00]
 [1.70364111e-03 3.73277878e-03 2.60929290e+00]
 [1.08067485e-03 1.91272052e-03 1.76548681e+00]
 [1.21323700e-03 2.03892728e-03 1.83640129e+00]
 [1.02334429e-03 2.34777193e-03 2.37931480e+00]
 [2.02121637e-03 4.45612936e-03 2.67171069e+00]
 [3.94987060e-03 7.77075421e-03 2.16693063e+00]
 [4.33836800e-03 9.73783538e-03 2.20943220e+00]]
