[[1.86260211e-03 3.45560727e-03 1.79353495e+00]
 [3.81016124e-03 7.49858311e-03 2.02228296e+00]
 [4.44117107e-03 8.28135361e-03 1.85269631e+00]
 [4.32981507e-03 9.09311989e-03 2.21095800e+00]
 [3.66042635e-03 7.89576143e-03 2.22406528e+00]
 [3.04953820e-03 5.71496183e-03 1.55309770e+00]
 [4.32981507e-03 9.09311989e-03 2.12623477e+00]
 [4.30247271e-03 9.21356544e-03 2.35560178e+00]
 [3.44073696e-03 7.49858311e-03 2.02228296e+00]
 [3.11067971e-03 7.08946826e-03 2.34913614e+00]
 [3.81016124e-03 7.49858311e-03 2.03794350e+00]
 [4.32843927e-03 9.85162595e-03 2.35560178e+00]
 [4.40209606e-03 8.67739424e-03 1.84655117e+00]
 [3.71654577e-03 7.82512309e-03 2.15287947e+00]
 [3.36609073e-03 7.55168385e-03 1.99573372e+00]
 [1.15103041e-03 2.29540161e-03 2.08861149e+00]
 [5.14176771e-03 9.99725458e-03 2.85152433e+00]
 [3.03582712e-03 5.60218520e-03 1.74877993e+00]
 [4.65019700e-03 8.77461528e-03 1.79634141e+00]
 [3.54244249e-03 7.48609825e-03 1.98580605e+00]
 [2.86974499e-03 5.76161791e-03 2.19258207e+00]
 [4.86716510e-03 9.88861089e-03 2.55669473e+00]
 [1.46792373e-03 2.49088295e-03 1.37151880e+00]
 [4.16728196e-03 9.21356544e-03 2.35560178e+00]
 [1.15103041e-03 2.27001165e-03 2.62006334e+00]
 [5.35677619e-03 9.98260895e-03 2.75232301e+00]
 [1.61510770e-03 2.74551719e-03 1.57926999e+00]
 [8.16239827e-04 1.25107442e-03 1.25108622e+00]
 [4.30247271e-03 9.55757877e-03 2.35560178e+00]
 [1.72604620e-03 4.02817878e-03 2.16765811e+00]
 [8.44384560e-04 1.30958367e-03 1.01487783e+00]
 [4.32981507e-03 9.09311989e-03 2.17717411e+00]
 [1.65354197e-03 2.83933369e-03 1.61062698e+00]
 [4.65019700e-03 9.21490212e-03 1.80845965e+00]
 [1.61510770e-03 3.42440641e-03 2.46740873e+00]
 [1.39702214e-03 2.37977630e-03 1.79983502e+00]
 [4.10410010e-03 7.84063325e-03 1.85002553e+00]
 [1.15918258e-03 2.80501574e-03 2.77859731e+00]
 [2.54222748e-03 4.61711902e-03 2.00858479e+00]
 [3.22987077e-03 6.01195341e-03 1.71465449e+00]
 [2.97574715e-03 6.00751566e-03 1.92484262e+00]
 [4.58576858e-03 9.73783538e-03 2.15598668e+00]
 [2.98017304e-03 5.72612678e-03 1.52295672e+00]
 [4.41335424e-03 9.73802078e-03 2.35123885e+00]
 [7.24037604e-04 1.75486483e-03 2.75628501e+00]
 [4.99295637e-03 9.88861089e-03 2.77984038e+00]
 [6.65364814e-04 1.34717100e-03 2.41250133e+00]
 [4.26315400e-03 9.66990447e-03 2.61678441e+00]
 [1.57369562e-03 3.95647873e-03 2.52345266e+00]
 [3.02332573e-03 4.95668418e-03 1.51189619e+00]
 [1.84078950e-03 3.45555739e-03 1.82310610e+00]
 [1.63361202e-03 3.59003243e-03 2.63222222e+00]
 [1.61510770e-03 2.74551719e-03 1.58450818e+00]
 [3.73649789e-03 7.82512309e-03 2.15094647e+00]
 [1.15103041e-03 2.25893515e-03 2.62519618e+00]
 [2.34833115e-03 4.35465115e-03 1.58979366e+00]
 [1.12203309e-03 1.95501062e-03 1.48145640e+00]
 [1.74957332e-03 4.08637225e-03 2.40592858e+00]
 [4.65192980e-03 9.05018055e-03 1.88921321e+00]
 [3.44073696e-03 6.47839167e-03 1.81503560e+00]
 [5.36191627e-03 9.98800726e-03 2.24038094e+00]
 [3.03582712e-03 5.60218520e-03 1.65553895e+00]
 [1.34905151e-03 2.49088295e-03 1.37151880e+00]
 [1.98569888e-03 4.26701009e-03 2.24388854e+00]
 [4.26270080e-03 8.67739424e-03 1.84655117e+00]
 [1.46959933e-03 3.20906279e-03 2.20885398e+00]
 [5.36830293e-03 9.99413369e-03 2.75232301e+00]
 [3.37428372e-03 7.60111096e-03 1.95715005e+00]
 [5.60111148e-04 1.17719894e-03 2.28100844e+00]]
