[[4.82922107 0.96489798 2.25340358 1.41309428 3.44639254 7.3897273 ]
 [3.87891841 1.39426252 1.78599383 1.52861946 4.68974836 1.3649401 ]
 [4.60964068 1.22954772 3.94124473 1.94459465 1.22625073 5.89823648]
 [2.13903435 2.06497246 1.8109848  0.97065888 1.18720032 1.14410389]
 [3.88497674 0.88242387 1.76973703 1.50285592 1.11448859 4.26396466]
 [0.365819   1.68933221 3.92943492 0.1661907  4.49329254 2.23458091]
 [2.8313035  1.14974054 3.24173445 2.07954627 1.12178562 2.01195563]
 [4.80092405 1.1576489  1.40514582 1.42328435 1.18541821 8.09670371]
 [4.31526182 0.84283051 2.90632229 2.42584178 2.26934056 3.71063945]
 [1.65691649 2.5057222  3.50048427 0.09046338 1.41471868 2.11340496]
 [1.07813901 1.22039136 2.99013237 2.42584178 1.3490101  3.48520882]
 [0.87983076 1.3193596  4.13782968 1.11607955 1.49708272 3.53455005]
 [2.07388164 0.94925551 3.16385932 0.93683422 1.66541611 2.48456757]]
