[[4.77163638e-03 9.99483429e-03 2.94135890e+00]
 [7.03558760e-04 1.12844041e-03 1.38592546e+00]
 [7.43172007e-04 1.70494575e-03 2.27796005e+00]
 [9.25285435e-04 1.85372596e-03 1.95048383e+00]
 [8.64602575e-04 1.47340738e-03 1.45735516e+00]
 [7.79551757e-04 1.42975149e-03 1.77237742e+00]
 [7.49766426e-04 1.49205174e-03 2.40931896e+00]
 [4.60907393e-03 9.99014189e-03 2.78173521e+00]
 [1.06743673e-03 1.98739505e-03 1.76868158e+00]
 [4.29855527e-03 9.99483429e-03 2.65602040e+00]
 [7.49766426e-04 1.42060718e-03 2.25410446e+00]
 [7.89635963e-04 1.28722996e-03 1.78970749e+00]
 [8.29524433e-04 1.29073037e-03 1.38323594e+00]
 [4.36693211e-03 9.96361481e-03 2.80120078e+00]
 [7.24762221e-04 1.35952632e-03 1.64119833e+00]
 [7.27673053e-04 1.45212863e-03 2.27796005e+00]
 [1.56059642e-03 3.48483035e-03 2.42312954e+00]
 [1.76887820e-03 3.14486165e-03 1.62076486e+00]
 [1.20423010e-03 2.71475202e-03 2.42535851e+00]
 [2.61389209e-03 5.86516296e-03 2.36034452e+00]
 [4.11155926e-03 9.01269816e-03 1.92815770e+00]
 [4.29855527e-03 9.99483429e-03 2.52856230e+00]
 [7.93378377e-04 1.22368992e-03 1.38592546e+00]
 [2.74719383e-03 6.30772060e-03 2.59276084e+00]
 [1.67491709e-03 3.19269912e-03 1.98065527e+00]
 [1.40386939e-03 2.52750338e-03 1.65819666e+00]
 [3.05218243e-03 5.92346630e-03 1.85613510e+00]
 [7.19702069e-04 1.12410820e-03 1.52066611e+00]
 [2.74719383e-03 6.30772060e-03 2.80387678e+00]
 [1.34156216e-03 2.59344167e-03 1.62598085e+00]
 [5.64163383e-03 9.03085184e-03 1.36346413e+00]
 [5.24311384e-03 9.69882205e-03 1.81812732e+00]
 [7.93378377e-04 1.25140125e-03 1.38592546e+00]
 [3.34998888e-03 7.95102785e-03 2.37894150e+00]
 [1.06743673e-03 1.98739505e-03 1.98877462e+00]
 [4.24499356e-03 8.62346253e-03 2.24308547e+00]
 [2.45217218e-03 4.92063602e-03 1.88219194e+00]
 [2.97487093e-03 5.81064574e-03 1.81639771e+00]
 [4.29779907e-03 9.51236723e-03 2.35560178e+00]
 [2.45217218e-03 4.72210912e-03 1.65755594e+00]
 [1.43767618e-03 3.50696218e-03 2.76019266e+00]
 [1.86260211e-03 3.45560727e-03 1.79353495e+00]
 [7.94827508e-04 1.19913413e-03 1.38592546e+00]
 [1.87292185e-03 3.62257661e-03 1.79320313e+00]
 [1.17503777e-03 2.21551922e-03 1.77519558e+00]
 [3.02428533e-03 5.11010467e-03 1.52872294e+00]
 [7.24762221e-04 1.16566626e-03 1.35537631e+00]
 [4.32826242e-03 9.95279681e-03 2.38556509e+00]
 [3.01965661e-03 5.30069810e-03 1.73713789e+00]
 [4.97702977e-03 8.83030638e-03 1.76998240e+00]
 [1.14997992e-03 2.49746915e-03 1.84332400e+00]
 [1.29758414e-03 2.59344167e-03 1.62598085e+00]
 [7.24762221e-04 1.12406042e-03 1.64128736e+00]
 [3.34805789e-03 7.58486599e-03 2.37894150e+00]
 [2.47701959e-03 5.39680952e-03 2.01961374e+00]
 [2.17738705e-03 4.03340537e-03 2.06954439e+00]
 [2.56846461e-03 4.44225922e-03 1.76998240e+00]
 [2.17738705e-03 4.03340537e-03 1.83414573e+00]
 [6.85403077e-04 1.42975149e-03 1.77237742e+00]
 [2.61412417e-03 5.46947216e-03 2.06838957e+00]
 [2.67579939e-03 5.92346630e-03 2.08835043e+00]
 [2.01618874e-03 4.03340537e-03 1.86865386e+00]
 [1.69545721e-03 3.45560727e-03 1.79722283e+00]
 [1.93308348e-03 3.14486165e-03 1.64006713e+00]
 [4.30247271e-03 9.56037260e-03 2.40011248e+00]
 [1.40386939e-03 2.52750338e-03 2.05956520e+00]
 [2.17738705e-03 4.03340537e-03 1.88601872e+00]
 [4.04514802e-03 7.57860751e-03 1.75077728e+00]
 [3.00530672e-03 6.11164551e-03 2.19895100e+00]
 [4.38452673e-03 8.83030638e-03 1.75855753e+00]
 [2.03493837e-03 4.03340537e-03 2.23140033e+00]
 [4.28400715e-03 7.57858787e-03 1.73381781e+00]
 [4.11155926e-03 8.98840922e-03 1.84332400e+00]
 [1.52313563e-03 2.72258862e-03 1.91322737e+00]
 [2.56846461e-03 4.53985940e-03 1.76998240e+00]
 [2.74719383e-03 6.37107395e-03 2.80387678e+00]
 [7.93378377e-04 1.26806976e-03 1.38592546e+00]
 [1.30754313e-03 2.52276253e-03 1.67506109e+00]
 [3.34805789e-03 7.42479818e-03 2.36596967e+00]
 [2.67579939e-03 5.62559905e-03 1.95822687e+00]
 [8.29524433e-04 1.28939969e-03 1.33940951e+00]
 [2.66227107e-03 6.12963001e-03 2.59276084e+00]
 [1.05817725e-03 2.52750338e-03 2.64423547e+00]
 [4.01818148e-03 7.57383544e-03 1.73381781e+00]
 [3.66543097e-03 8.62346253e-03 2.38535544e+00]
 [1.67491709e-03 2.98309421e-03 1.98065527e+00]
 [4.30247271e-03 9.87902082e-03 2.49602950e+00]
 [2.45217218e-03 4.70161366e-03 1.88219194e+00]
 [1.40386939e-03 2.52750338e-03 1.69736602e+00]
 [5.13384913e-03 9.65448418e-03 1.81812732e+00]
 [2.81788534e-03 6.15374241e-03 2.39741618e+00]
 [1.06743673e-03 2.09741155e-03 1.97407332e+00]
 [1.40386939e-03 2.52750338e-03 1.78385054e+00]
 [1.48311114e-03 2.60921636e-03 1.73726821e+00]
 [1.16248799e-03 2.08569757e-03 1.73241612e+00]
 [4.47893526e-03 8.76568985e-03 2.16659302e+00]
 [2.03493837e-03 4.03340537e-03 1.83414573e+00]
 [1.18099937e-03 2.71475202e-03 2.42535851e+00]
 [1.34156216e-03 2.60315099e-03 2.15762251e+00]
 [3.06767334e-03 5.16977640e-03 1.52473426e+00]
 [7.19702069e-04 1.12410820e-03 1.66279044e+00]
 [2.74697542e-03 5.86516296e-03 2.36034452e+00]
 [5.06720703e-03 9.58597468e-03 1.76998240e+00]
 [4.30247271e-03 9.58440831e-03 2.37623988e+00]
 [1.06743673e-03 2.09741155e-03 1.95167315e+00]
 [4.58109111e-03 9.71306379e-03 2.38573034e+00]
 [2.61412417e-03 5.46947216e-03 1.83299091e+00]
 [5.13284104e-03 9.56927756e-03 1.76998240e+00]
 [2.81788534e-03 6.16448084e-03 2.39741618e+00]
 [4.01463946e-03 7.54950986e-03 1.93504782e+00]
 [2.45217218e-03 4.70904550e-03 1.83712559e+00]
 [9.68280978e-04 2.00439221e-03 2.23041592e+00]
 [1.38856759e-03 2.66413727e-03 1.75077728e+00]
 [2.66227107e-03 6.30772060e-03 2.59276084e+00]
 [1.38267689e-03 2.71475202e-03 1.77180761e+00]
 [2.96558479e-03 6.42001013e-03 2.06838957e+00]
 [2.99453472e-03 6.42001013e-03 2.06838957e+00]
 [4.30634094e-03 9.22643466e-03 2.13737774e+00]
 [2.64328774e-03 6.28833113e-03 2.59189162e+00]
 [1.87292185e-03 3.52085329e-03 1.77998665e+00]
 [4.32313121e-03 9.22643466e-03 2.21488495e+00]
 [5.13284104e-03 9.65778567e-03 1.79392535e+00]
 [2.60826308e-03 5.47166053e-03 1.83299091e+00]
 [4.30247271e-03 9.73250412e-03 2.51392688e+00]
 [9.72807737e-04 2.00439221e-03 2.20078030e+00]
 [2.74697542e-03 5.86516296e-03 2.36242447e+00]
 [2.45217218e-03 4.70904550e-03 1.83724083e+00]
 [4.01463946e-03 7.57860751e-03 1.75077728e+00]
 [1.86929073e-03 3.60138609e-03 1.79320313e+00]
 [1.34156216e-03 2.60315099e-03 2.15509275e+00]]
