[[1.86260211e-03 3.45560727e-03 1.79353495e+00]
 [4.30247271e-03 9.73802078e-03 2.35560178e+00]
 [3.81016124e-03 7.49858311e-03 2.02228296e+00]
 [4.44117107e-03 8.28135361e-03 1.85269631e+00]
 [4.32981507e-03 9.09311989e-03 2.21095800e+00]
 [1.15103041e-03 2.27001165e-03 2.19196477e+00]
 [3.93884008e-03 6.88955048e-03 1.80800322e+00]
 [3.72748802e-03 7.10354578e-03 1.91128685e+00]
 [6.05212895e-03 9.90406197e-03 2.54783250e+00]
 [4.79737567e-03 9.46676679e-03 2.10686741e+00]
 [8.48018217e-04 2.02463036e-03 2.70847595e+00]
 [2.31462936e-03 4.26821349e-03 1.49622293e+00]
 [9.04097157e-04 1.28975984e-03 1.21052505e+00]
 [4.93963846e-04 1.50455028e-03 1.79070095e+00]
 [2.37214058e-03 5.39490891e-03 2.49856157e+00]
 [1.32906238e-03 2.83462432e-03 2.60128235e+00]
 [1.93864860e-03 4.95112363e-03 2.27024992e+00]
 [1.08067485e-03 1.91272052e-03 1.77409247e+00]
 [2.78504172e-03 6.14781891e-03 2.33033671e+00]
 [1.55528584e-03 3.17817550e-03 1.68796635e+00]
 [2.26789321e-03 4.08181403e-03 2.36612810e+00]
 [1.84748152e-03 4.30973654e-03 2.74649084e+00]
 [3.31014434e-03 6.59709804e-03 1.93308698e+00]
 [9.85390106e-04 1.35597047e-03 1.31872041e+00]
 [2.15209660e-03 3.71923011e-03 1.77971078e+00]
 [4.11216717e-03 9.90490843e-03 2.66166368e+00]
 [1.15748743e-03 1.74322800e-03 1.07947137e+00]
 [4.06960823e-03 9.80699036e-03 2.57562019e+00]
 [3.90633060e-03 8.61716833e-03 2.26290258e+00]
 [5.49547922e-03 9.97976983e-03 2.83746687e+00]
 [2.01328094e-03 3.71017361e-03 1.68757621e+00]
 [3.44575810e-03 6.74411159e-03 1.98474439e+00]
 [8.74727622e-04 1.26249574e-03 1.59253272e+00]
 [9.85390106e-04 1.69514961e-03 1.69390938e+00]
 [4.01643832e-03 7.43749196e-03 1.63752427e+00]
 [1.32906238e-03 2.90497322e-03 2.60128235e+00]
 [1.33199293e-03 2.52214031e-03 2.09336914e+00]
 [2.78580729e-03 5.31375348e-03 1.85618238e+00]
 [2.14847843e-03 4.89402104e-03 2.39510208e+00]
 [1.89177590e-03 4.09666068e-03 2.00935260e+00]
 [4.44117107e-03 8.28135361e-03 1.92401436e+00]
 [4.46270989e-03 8.17849778e-03 1.81361886e+00]
 [4.33883376e-03 8.45372532e-03 1.93957808e+00]
 [2.92137599e-03 6.05896361e-03 2.01274492e+00]
 [2.28588712e-03 4.68615187e-03 1.72268705e+00]
 [3.38448739e-03 6.07529776e-03 1.89085613e+00]
 [1.16892422e-03 2.55745194e-03 2.21898867e+00]
 [4.53326168e-03 8.75216166e-03 1.95854283e+00]
 [3.66556644e-03 6.72690515e-03 2.02458538e+00]
 [2.40432127e-03 4.53694906e-03 1.54571399e+00]
 [4.38253033e-03 8.01573452e-03 1.79217538e+00]
 [2.96129923e-03 5.32123439e-03 2.01750195e+00]
 [9.85390106e-04 1.49884676e-03 1.31740811e+00]
 [1.83930950e-03 3.45560727e-03 1.57584842e+00]
 [3.69271036e-03 7.10354578e-03 2.04540145e+00]
 [1.89418022e-03 4.67570289e-03 2.44587525e+00]
 [4.19147916e-03 8.59650954e-03 2.34319676e+00]
 [4.05401675e-03 9.14350041e-03 2.48173632e+00]
 [7.61156321e-04 1.52195578e-03 1.38582097e+00]
 [3.72748802e-03 7.12253471e-03 1.91128685e+00]
 [1.16740573e-03 1.91272052e-03 1.58868055e+00]
 [6.10853463e-03 9.90651045e-03 2.48353983e+00]]
