[[3.60699608e+01 1.65566552e+01]
 [7.76812641e+00 3.22621992e+01]
 [3.44753316e+01 1.71025222e+01]
 [3.38364045e+00 3.78835185e+01]
 [7.01718697e+00 3.32064912e+01]
 [2.06701379e+01 2.30235463e+01]
 [8.35413583e+01 6.42080819e+00]
 [6.42545421e-02 4.82357273e+01]
 [5.60857909e+01 1.11194220e+01]
 [6.81555654e+01 8.66305532e+00]
 [8.89085385e-01 4.35860832e+01]
 [6.14466549e-01 4.47011988e+01]
 [1.45298019e+01 2.68269711e+01]
 [5.83176055e+01 1.06016468e+01]
 [7.04643053e+01 8.30666886e+00]
 [2.37133311e+01 2.18482271e+01]
 [7.07409588e+00 3.29968040e+01]
 [6.16784942e+01 9.95395502e+00]
 [1.04976551e+01 2.98948891e+01]
 [5.10129214e+01 1.23026655e+01]
 [4.83307391e+01 1.30055861e+01]
 [9.65869014e+01 5.29510110e+00]
 [8.61160919e+00 3.19010647e+01]
 [1.93888691e-01 4.71300901e+01]
 [1.17329489e+02 4.34324222e+00]
 [4.66951383e+00 3.58988353e+01]
 [5.69893656e+01 1.08917859e+01]
 [2.62542348e+00 3.94629533e+01]
 [6.83382844e+01 8.64617576e+00]
 [4.34026601e+01 1.43443386e+01]
 [2.13531304e+01 2.26859973e+01]
 [5.00504672e+01 1.25116603e+01]
 [1.88251444e+01 2.41843976e+01]
 [4.03239394e+00 3.69383522e+01]
 [3.69837635e+01 1.63225093e+01]
 [8.64919865e+01 6.15676129e+00]
 [3.54154819e+01 1.70003975e+01]
 [3.36542071e+01 1.74010150e+01]
 [3.20537255e+00 3.81544643e+01]
 [4.94481916e+00 3.56141364e+01]
 [2.83518875e+01 1.95538827e+01]
 [1.27649019e+01 2.80997480e+01]
 [2.40538698e+01 2.14695150e+01]
 [6.48609556e+01 9.26874806e+00]
 [5.05834735e+01 1.23675360e+01]
 [3.43372301e+01 1.71514592e+01]
 [1.93779981e+01 2.37564183e+01]
 [5.01455835e+01 1.24796289e+01]
 [6.33070848e+01 9.61319687e+00]
 [5.40210633e+01 1.15365319e+01]
 [6.43486652e+01 9.37801384e+00]
 [1.20306667e+01 2.85309140e+01]
 [2.25733983e+01 2.24263055e+01]
 [7.44505565e+01 7.63696884e+00]
 [5.89411434e+01 1.05818184e+01]
 [4.67329773e+01 1.33736789e+01]
 [3.88029074e+01 1.58309290e+01]
 [3.01727971e+01 1.87087766e+01]
 [1.34130912e+00 4.22112876e+01]
 [2.15113580e+01 2.25891640e+01]
 [3.35921562e-01 4.59875418e+01]
 [5.79757966e+01 1.06536827e+01]
 [2.15758789e+01 2.25489721e+01]
 [8.12972023e-01 4.41664531e+01]
 [7.79711709e+00 3.22085453e+01]
 [4.45625951e+01 1.40918550e+01]
 [6.96871304e+01 8.40558730e+00]
 [2.47211051e+01 2.10275627e+01]
 [3.79945778e+01 1.59323796e+01]
 [8.62804999e+00 3.15900942e+01]
 [1.31969028e+01 2.76972815e+01]
 [2.77386830e+00 3.89277638e+01]
 [4.67663491e+01 1.33526234e+01]
 [4.21620745e+01 1.46265005e+01]
 [3.75361146e+00 3.72747338e+01]
 [5.38580768e+01 1.16485177e+01]
 [6.96135576e+01 8.42397176e+00]
 [3.26021873e+01 1.77876950e+01]
 [3.27101692e+01 1.77589149e+01]
 [7.01730799e+01 8.31113849e+00]
 [3.91416147e+01 1.55467138e+01]
 [6.91922583e-01 4.44418788e+01]
 [7.19408245e+01 8.01237546e+00]
 [2.02291111e+00 4.05086490e+01]
 [9.54567866e+01 5.83514359e+00]
 [2.62728519e-01 4.64450476e+01]
 [4.13293070e+00 3.68514178e+01]
 [5.34718436e+01 1.16612434e+01]
 [4.50652135e+01 1.38072019e+01]
 [1.21033246e+01 2.84498708e+01]
 [1.02984042e+00 4.31941739e+01]
 [4.28413418e+00 3.64353428e+01]
 [6.06772742e+01 1.00926354e+01]
 [5.17815690e+01 1.20756660e+01]
 [5.00753781e+01 1.24841183e+01]
 [3.64208919e+01 1.64783257e+01]
 [2.05031630e+01 2.31204647e+01]
 [2.08699861e+01 2.29201545e+01]
 [1.19158618e+01 2.86011782e+01]
 [1.41624463e+00 4.19642958e+01]
 [2.18207191e+00 4.01005677e+01]
 [1.11394377e+02 4.68970831e+00]
 [7.09630621e+01 8.18251721e+00]
 [7.32905725e+01 7.80331402e+00]
 [6.39186693e+01 9.46243930e+00]
 [2.99171409e+01 1.88154538e+01]
 [5.79406439e+01 1.06615388e+01]
 [8.69985118e+00 3.15208134e+01]
 [6.17388396e+01 9.88386160e+00]
 [2.76710956e+01 1.97216465e+01]
 [3.78735500e+01 1.60826086e+01]
 [3.39703682e+01 1.72797952e+01]
 [1.14221603e+01 2.90338290e+01]
 [7.29884071e+01 7.85652240e+00]
 [6.65957702e+00 3.35761655e+01]
 [6.60622646e+01 9.04404406e+00]
 [7.26387335e+00 3.28149341e+01]
 [1.89935255e+01 2.39542084e+01]
 [2.03279564e+01 2.34982790e+01]
 [8.98290597e+01 5.87262957e+00]
 [1.59957415e+00 4.15930845e+01]
 [4.90219390e+01 1.27469474e+01]
 [2.93961870e+01 1.92370874e+01]
 [4.65904102e+00 3.60155754e+01]
 [3.07163213e+01 1.85980647e+01]
 [4.64265309e+01 1.34264990e+01]
 [1.51849824e+01 2.62457580e+01]
 [1.42757879e+01 2.68825864e+01]
 [3.72009529e+01 1.61897965e+01]
 [3.17354115e+01 1.81485282e+01]
 [2.43779936e+00 3.95935045e+01]
 [9.15401703e+00 3.10240831e+01]
 [1.75210694e+01 2.48550859e+01]
 [4.90329696e+01 1.27447142e+01]
 [3.98748676e+01 1.53214381e+01]
 [5.05675235e+00 3.54073223e+01]
 [1.39730904e+01 2.73822381e+01]
 [7.92591256e+00 3.20759247e+01]
 [4.14497823e+01 1.48385144e+01]
 [2.79712804e+01 1.96417636e+01]
 [5.75792510e+01 1.07423058e+01]
 [9.05147208e+00 3.10878785e+01]
 [6.86842505e+00 3.32339969e+01]
 [1.63030094e+01 2.55336468e+01]
 [1.28464337e+01 2.78687432e+01]
 [3.97672525e+00 3.70862842e+01]
 [4.78486607e+01 1.30789748e+01]
 [6.02354757e+01 1.03378875e+01]
 [2.37184900e+01 2.15006854e+01]
 [3.99554597e+00 3.70488245e+01]
 [6.00819875e-02 4.82947230e+01]
 [2.88822055e+00 3.87144616e+01]
 [5.37710108e-01 4.50197357e+01]
 [4.86124948e+01 1.29409779e+01]
 [1.05546994e+01 2.96721623e+01]
 [3.04608941e+01 1.86549541e+01]
 [4.12578997e+01 1.50188493e+01]
 [2.48211394e+01 2.09974032e+01]
 [1.03094148e+01 3.00018891e+01]
 [8.28583428e+00 3.19330592e+01]
 [6.13992663e+00 3.42359010e+01]
 [1.11413737e+01 2.92004353e+01]
 [4.41139604e+00 3.62529467e+01]
 [5.74711369e+01 1.07661874e+01]
 [4.19220930e+01 1.46992807e+01]
 [4.68152236e+01 1.33246294e+01]
 [2.18915653e+01 2.24621758e+01]
 [3.15088335e+01 1.81856401e+01]
 [1.23065755e+02 4.33604217e+00]
 [1.04989802e+01 2.98406001e+01]
 [3.25575891e+01 1.81045232e+01]
 [1.00997664e+01 3.03583244e+01]
 [8.43296107e+01 6.41808789e+00]
 [2.09228537e+00 4.03991319e+01]
 [1.01886215e+01 3.01121802e+01]
 [5.41388482e+00 3.50363618e+01]
 [2.28034222e+00 3.98954234e+01]
 [4.95447481e+01 1.26144906e+01]
 [2.88233422e+01 1.92431730e+01]
 [2.66741846e+01 2.01538858e+01]
 [5.29748565e+01 1.18171756e+01]
 [1.12810275e+00 4.28304969e+01]
 [7.96519526e+01 7.06528336e+00]
 [5.67951946e+01 1.09519203e+01]
 [9.35518133e+00 3.07284261e+01]
 [9.54844244e+01 5.35462040e+00]
 [3.08603913e+01 1.84339653e+01]
 [8.91734772e+00 3.11564180e+01]
 [3.38195080e+01 1.73601297e+01]
 [9.91953236e+01 5.05258766e+00]
 [6.50879758e+01 9.23027171e+00]
 [4.99506253e+01 1.25333206e+01]
 [7.27551471e+00 3.27498909e+01]
 [3.41405554e+00 3.78415564e+01]
 [3.90970283e+01 1.55619808e+01]
 [5.60716519e+00 3.46686299e+01]
 [1.73998238e-01 4.74561276e+01]
 [4.73732184e+01 1.32230752e+01]
 [7.10672795e+01 8.16050927e+00]
 [1.19746678e+01 2.85586009e+01]
 [7.22676611e+01 7.99830978e+00]
 [5.95159423e+01 1.03436911e+01]
 [5.14759758e+01 1.22312191e+01]
 [1.16679694e+01 2.87672512e+01]
 [2.57794359e+01 2.05771761e+01]
 [4.60447777e+01 1.35395422e+01]
 [1.78915645e+01 2.45647241e+01]
 [1.02324359e+02 4.91750187e+00]
 [8.93354887e+00 3.10986435e+01]
 [1.92513519e+01 2.38778242e+01]
 [2.66114224e+01 2.01815409e+01]
 [7.54856056e+01 7.47275028e+00]
 [1.23978653e+02 4.17850238e+00]
 [4.88964766e-01 4.52046724e+01]
 [6.72151381e+00 3.35270448e+01]
 [1.17153971e+02 4.34783098e+00]
 [6.77725813e+01 8.85707462e+00]
 [1.73600621e+01 2.51069932e+01]
 [2.14459678e+01 2.26156726e+01]
 [1.28309977e+01 2.80860633e+01]
 [7.75951856e+01 7.23248810e+00]
 [2.18730384e+01 2.24708752e+01]
 [3.19541358e+00 3.82129718e+01]
 [1.10730251e+02 4.72093529e+00]
 [2.12746403e+01 2.28104677e+01]
 [1.51324819e+01 2.64304533e+01]
 [6.27788382e+01 9.66851714e+00]
 [5.90187040e+01 1.04805222e+01]
 [4.61849149e+01 1.34986488e+01]
 [9.79327507e+01 5.16938380e+00]
 [2.77279462e+01 1.96976314e+01]
 [2.53164069e+01 2.07692017e+01]
 [2.07077953e+01 2.30032186e+01]
 [2.75957452e+01 2.00770118e+01]
 [2.48362099e-02 4.90532171e+01]
 [3.10972508e+01 1.83972196e+01]
 [4.11794207e+00 3.69117067e+01]
 [8.10687083e+01 6.76783308e+00]
 [5.38100470e+00 3.51031898e+01]
 [4.69725835e+01 1.32834085e+01]
 [4.15344942e+01 1.48150492e+01]
 [5.16216199e+01 1.21503296e+01]
 [2.13873259e+01 2.26480191e+01]
 [7.63213638e+01 7.38490610e+00]
 [4.25925911e+01 1.45190361e+01]
 [2.14177791e+01 2.26300456e+01]
 [9.20502260e+00 3.09276324e+01]
 [4.68156821e+01 1.33222957e+01]
 [5.32891902e+01 1.17167783e+01]
 [2.60106155e+01 2.04424305e+01]
 [4.35173465e+01 1.42363516e+01]
 [2.26838432e+01 2.19956174e+01]
 [5.47712601e+00 3.48208348e+01]
 [2.45776243e+01 2.12506331e+01]
 [2.96854479e+01 1.89041731e+01]
 [7.05531067e+01 8.24480702e+00]
 [3.97393622e-01 4.56615029e+01]
 [2.68083063e+01 2.00942355e+01]
 [1.32421875e+00 4.22397147e+01]
 [1.66134243e+01 2.53341970e+01]
 [1.14179113e+02 4.40389450e+00]
 [8.63002971e+01 6.18984554e+00]
 [4.42834960e+00 3.62313021e+01]
 [1.68813205e+01 2.51679129e+01]
 [5.09847932e+01 1.23335158e+01]
 [5.70410845e-01 4.49264148e+01]
 [2.41152725e+01 2.14581902e+01]
 [1.50561318e+00 4.17030041e+01]
 [1.68242148e+01 2.52664089e+01]
 [5.25812422e+01 1.19571622e+01]
 [6.88914756e+01 8.54650799e+00]
 [1.47730450e+01 2.65715791e+01]
 [4.89214454e+01 1.28323399e+01]
 [3.47909720e+01 1.70029127e+01]
 [4.70319000e+00 3.58509718e+01]
 [3.59235619e+01 1.66518980e+01]
 [6.36145594e+01 9.56172356e+00]
 [6.78167176e+00 3.33447812e+01]
 [6.19451050e+01 9.85199142e+00]
 [2.96506822e+01 1.90381329e+01]
 [5.31708734e+00 3.52143819e+01]
 [2.85760346e+01 1.94369074e+01]
 [3.30022968e+01 1.76296945e+01]
 [5.17414983e+01 1.20838678e+01]
 [1.78578455e+01 2.47587492e+01]
 [1.78814289e+01 2.47101794e+01]
 [1.46309853e+01 2.67818434e+01]
 [3.55888411e+01 1.67152997e+01]
 [5.54713295e+01 1.13591931e+01]
 [6.05543155e+01 1.01975785e+01]
 [1.67201378e-01 4.77150175e+01]
 [9.91629003e+00 3.03852442e+01]
 [3.35347870e+01 1.74577165e+01]
 [3.92364426e+01 1.55173911e+01]
 [6.87468862e+01 8.55882577e+00]
 [1.81925003e+00 4.09449356e+01]
 [3.47338422e+01 1.70142958e+01]
 [1.01100889e+02 4.95052739e+00]
 [6.59017406e+01 9.07405503e+00]
 [8.89903177e+01 6.01098702e+00]
 [6.27658228e+01 9.76573555e+00]
 [3.60166711e+01 1.65686016e+01]
 [2.29000302e+01 2.19215233e+01]
 [5.14207715e+00 3.53553554e+01]
 [3.28937878e+01 1.76718457e+01]
 [6.03087785e+01 1.02047048e+01]
 [3.35916930e+01 1.74207931e+01]
 [5.46648168e+01 1.14120458e+01]
 [1.15037410e+02 4.35655665e+00]
 [4.76572051e+01 1.31722872e+01]
 [7.38823524e+01 7.70545816e+00]
 [8.26752119e+01 6.75025142e+00]
 [1.69532131e+00 4.12170678e+01]
 [1.26983598e+00 4.24051401e+01]]
