[[1.52610864e-02 2.65060857e+04]
 [4.91232333e-02 8.96634650e+03]
 [3.93752889e-02 1.06532184e+04]
 [3.39946541e-02 1.19017793e+04]
 [3.99955887e-02 1.06219886e+04]
 [2.69897406e-02 1.55173060e+04]
 [3.70128177e-02 1.09776149e+04]
 [4.18541489e-02 9.65590185e+03]
 [1.07192317e-02 3.87363394e+04]
 [3.15247391e-02 1.32695640e+04]
 [3.18475519e-02 1.27103137e+04]
 [1.20622167e-02 3.74183468e+04]
 [4.37664957e-02 9.35419140e+03]
 [9.94202140e-03 4.21205463e+04]
 [5.80348224e-03 8.04541568e+04]
 [2.57065886e-02 1.59723699e+04]
 [1.42412880e-02 3.02360048e+04]
 [2.11989407e-02 2.09003634e+04]
 [8.62407872e-03 4.80120660e+04]
 [2.84826754e-02 1.42657777e+04]
 [2.10250921e-02 2.12776263e+04]
 [7.73724338e-03 5.94455362e+04]
 [1.24606059e-02 3.63709236e+04]
 [2.15610606e-02 1.97547574e+04]
 [5.13100196e-02 8.93622558e+03]
 [4.73555666e-02 9.12917325e+03]
 [2.90637842e-02 1.38857811e+04]
 [7.15610581e-03 7.46022837e+04]
 [5.06699726e-02 8.95727912e+03]
 [3.10104013e-02 1.32749834e+04]
 [1.73236683e-02 2.39188542e+04]
 [2.43840859e-02 1.71759925e+04]
 [4.03144244e-02 1.05799887e+04]
 [4.44730633e-02 9.14145671e+03]
 [1.26603064e-02 3.17388251e+04]
 [5.84805350e-03 7.87215557e+04]
 [2.38147193e-02 1.80374714e+04]
 [2.74796467e-02 1.50963720e+04]
 [5.95100294e-02 8.61362436e+03]
 [9.21612242e-03 4.51159638e+04]
 [1.84925804e-02 2.22048957e+04]
 [2.67191313e-02 1.55582513e+04]
 [2.37563048e-02 1.82047768e+04]
 [3.50791365e-02 1.16021931e+04]
 [3.90010704e-02 1.07349480e+04]
 [8.61222571e-03 4.80490027e+04]
 [4.07444144e-02 1.00713502e+04]
 [3.18205016e-02 1.27327915e+04]
 [4.07090199e-02 1.04609155e+04]
 [4.99716781e-03 8.24697086e+04]
 [2.42291670e-02 1.77206301e+04]
 [2.56857277e-02 1.63246735e+04]
 [1.60211388e-02 2.63071351e+04]
 [1.39439813e-02 3.10469426e+04]
 [1.67111883e-02 2.51101279e+04]
 [1.24061807e-02 3.73550750e+04]
 [2.09977711e-02 2.18723443e+04]
 [1.07160045e-02 3.87400950e+04]
 [5.13381371e-02 8.63634566e+03]
 [2.20694611e-02 1.86509290e+04]
 [3.63264348e-02 1.11878213e+04]
 [2.34694843e-02 1.82557037e+04]
 [3.74479370e-02 1.07681554e+04]
 [2.29388240e-02 1.84960249e+04]
 [1.45136025e-02 3.00542967e+04]]
