[[0.43379929 4.27441307 8.65190854 0.52291692]
 [1.02679196 8.45817405 9.82763891 4.57948067]
 [1.52433924 1.41875043 9.37709581 4.04857475]
 [1.4989948  1.86709885 9.70171865 3.74195519]
 [1.68005678 1.30700616 9.63388057 2.58191717]
 [0.55867567 3.33434245 9.48881637 0.91937637]
 [1.18582585 2.56987231 9.60000241 1.2892189 ]
 [0.67314605 2.97243018 9.84662267 1.70517533]
 [2.19962239 1.2184009  9.65526457 4.28941012]
 [0.67251576 4.53414591 8.83320428 1.35867195]
 [0.60243017 4.08029059 9.93498097 3.40114866]
 [0.62822678 4.42554515 9.09509548 1.55636897]
 [1.52433924 1.41875043 9.3802983  4.04857475]
 [0.46776301 4.24475665 8.6715852  0.52291692]
 [1.68005678 1.30700616 9.46843616 2.58191717]
 [2.59834594 0.42383054 9.65994498 3.00203789]
 [3.43783499 0.44722883 8.98482044 3.75829788]
 [0.44866804 5.78923586 9.31679967 0.77716925]
 [0.75809062 3.49016235 9.68450597 4.24206885]
 [0.65936834 2.47536093 9.70912511 4.65655809]]
