[[0.43379929 4.27441307 8.65190854 0.52291692]
 [0.68705545 2.16016436 7.48043347 2.09160731]
 [0.3797324  4.53414591 9.09509548 1.55636897]
 [0.90418905 1.85181229 9.01362121 2.09548429]
 [0.22993343 9.48490509 8.78974281 0.96042381]
 [0.45713403 5.8552261  8.66985571 0.83431147]
 [0.63664913 4.04751847 9.56785436 1.7786204 ]
 [0.3797324  4.64085071 7.93131383 1.55636897]
 [1.5752371  1.27080571 9.58438074 2.4592059 ]
 [0.96798881 2.08539941 9.64279584 3.68233345]
 [0.22993343 9.48490509 8.72526774 0.96042381]
 [1.58871066 1.5157577  9.29189763 3.09598726]
 [1.80365358 1.61272965 9.67373974 4.23121309]
 [4.43821973 0.28273293 9.96526254 4.57948067]
 [1.49503242 1.6049847  9.83151156 3.75716945]
 [0.92115295 1.62132972 8.5143123  4.39106386]
 [1.24417764 1.00172808 9.49866021 2.85863127]]
