[[3.60699608e+01 1.65566552e+01]
 [7.76812641e+00 3.22621992e+01]
 [2.61940879e+01 2.05456462e+01]
 [3.44753316e+01 1.71025222e+01]
 [3.38364045e+00 3.78835185e+01]
 [7.01718697e+00 3.32064912e+01]
 [2.06701379e+01 2.30235463e+01]
 [8.35413583e+01 6.42080819e+00]
 [6.42545421e-02 4.82357273e+01]
 [5.60857909e+01 1.11194220e+01]
 [4.34786818e+00 3.65027909e+01]
 [6.81555654e+01 8.66305532e+00]
 [8.89085385e-01 4.35860832e+01]
 [6.14466549e-01 4.47011988e+01]
 [5.83176055e+01 1.06016468e+01]
 [7.04643053e+01 8.30666886e+00]
 [7.07409588e+00 3.29968040e+01]
 [6.16784942e+01 9.95395502e+00]
 [4.22734344e+01 1.46637253e+01]
 [1.04976551e+01 2.98948891e+01]
 [3.09838326e+01 1.84529702e+01]
 [9.65869014e+01 5.29510110e+00]
 [3.17043014e+01 1.83835391e+01]
 [8.61160919e+00 3.19010647e+01]
 [1.93888691e-01 4.71300901e+01]
 [3.56757064e+01 1.67682477e+01]
 [3.01435576e+00 3.87437753e+01]
 [1.17329489e+02 4.34324222e+00]
 [4.66951383e+00 3.58988353e+01]
 [5.69893656e+01 1.08917859e+01]
 [2.62542348e+00 3.94629533e+01]
 [6.83382844e+01 8.64617576e+00]
 [4.34026601e+01 1.43443386e+01]
 [2.13531304e+01 2.26859973e+01]
 [5.00504672e+01 1.25116603e+01]
 [5.13824242e-01 4.54694508e+01]
 [2.58119506e+00 3.96677531e+01]
 [4.03239394e+00 3.69383522e+01]
 [3.69837635e+01 1.63225093e+01]
 [3.36542071e+01 1.74010150e+01]
 [3.20537255e+00 3.81544643e+01]
 [4.94481916e+00 3.56141364e+01]
 [2.83518875e+01 1.95538827e+01]
 [1.27649019e+01 2.80997480e+01]
 [6.48609556e+01 9.26874806e+00]
 [5.05834735e+01 1.23675360e+01]
 [3.43372301e+01 1.71514592e+01]
 [1.93779981e+01 2.37564183e+01]
 [5.01455835e+01 1.24796289e+01]
 [2.13985242e+00 4.02988165e+01]
 [5.53632709e+01 1.12276806e+01]
 [1.69587782e+01 2.51263741e+01]
 [5.08904974e+01 1.22793930e+01]
 [5.36779700e+01 1.17445962e+01]
 [1.90041491e+01 2.39580176e+01]
 [4.06337079e+01 1.51344650e+01]
 [4.90008279e+01 1.29048070e+01]
 [2.54013788e+01 2.07257827e+01]
 [1.99897410e+01 2.33832848e+01]
 [1.16370215e+02 4.36785334e+00]
 [5.63162106e+01 1.11130624e+01]
 [2.80891407e+01 1.97358108e+01]
 [1.38992797e+01 2.73517630e+01]
 [2.39630019e+01 2.14837682e+01]
 [4.86089869e+00 3.58977148e+01]
 [1.42944320e+01 2.68395487e+01]
 [5.19947611e+01 1.22094018e+01]
 [6.25006441e+01 9.73567318e+00]
 [5.08047714e+01 1.23494221e+01]
 [4.04483734e+00 3.68853333e+01]
 [4.53019881e+01 1.39544546e+01]
 [4.85120017e+01 1.29057826e+01]
 [6.79820426e+01 8.82141793e+00]
 [2.02884755e+01 2.32475592e+01]
 [3.05745497e+01 1.86292820e+01]
 [6.69131360e+00 3.37155832e+01]
 [6.19244871e+01 9.89908136e+00]
 [1.04929888e+01 2.98982799e+01]
 [1.64770780e+00 4.13436945e+01]
 [8.06212933e+01 6.78003324e+00]
 [3.48711046e+01 1.69856899e+01]
 [2.90928585e+01 1.93042590e+01]
 [3.93614567e+01 1.54951107e+01]
 [2.51920883e+01 2.08109052e+01]
 [8.56371437e+01 6.19288936e+00]
 [2.09957956e+01 2.28560413e+01]
 [1.87460697e+01 2.41122983e+01]
 [2.72923434e+00 3.92317805e+01]
 [5.29328812e+01 1.20906964e+01]
 [2.62423698e+00 3.94660487e+01]
 [1.85657264e+01 2.41764457e+01]
 [2.37785006e+01 2.15211458e+01]
 [3.42553908e+01 1.72158195e+01]
 [1.14023691e-01 4.77003242e+01]
 [3.69791306e+01 1.64008280e+01]
 [5.69627902e+00 3.45515622e+01]
 [6.33670201e+01 9.57003039e+00]
 [1.58155803e+01 2.63750912e+01]
 [7.57768758e+01 7.41500156e+00]
 [1.98371850e-01 4.69543680e+01]
 [5.66855801e+00 3.50224960e+01]
 [1.02202493e+00 4.31917375e+01]
 [8.37269879e+01 6.38976256e+00]
 [3.07297763e+01 1.85420761e+01]
 [2.84133199e+01 1.94808759e+01]
 [2.46905801e+01 2.11317682e+01]
 [1.53571539e+01 2.64530337e+01]
 [3.12765984e+00 3.82837017e+01]
 [9.53052838e-02 4.79092204e+01]
 [9.38037544e+01 5.70447762e+00]
 [4.92383610e+01 1.27001520e+01]
 [4.31678830e+01 1.44200452e+01]
 [6.72346602e+00 3.36006137e+01]
 [6.44721643e+00 3.43711856e+01]
 [4.13547700e+01 1.48774504e+01]
 [4.05671947e+01 1.51448023e+01]
 [9.86581931e+01 5.14495338e+00]
 [4.66347110e+01 1.36033484e+01]
 [4.53894360e+01 1.37109390e+01]
 [8.70132566e+01 6.06790579e+00]
 [1.20001843e+01 2.88083009e+01]
 [2.75212112e+00 3.91057205e+01]
 [1.89500988e+00 4.07721044e+01]
 [3.19120404e+01 1.80849494e+01]
 [1.23995127e+01 2.82025520e+01]
 [1.03818692e+02 4.77985742e+00]
 [3.80182339e+01 1.59493375e+01]
 [3.74184779e+01 1.61634394e+01]
 [7.09083637e+01 8.18374590e+00]
 [5.38640576e-01 4.52601105e+01]
 [8.12603998e-01 4.39922202e+01]
 [4.18348631e+00 3.67983171e+01]
 [4.37533210e+00 3.64687683e+01]
 [1.18682485e+02 4.30846164e+00]
 [6.64627347e+01 8.96906819e+00]
 [1.08052392e+00 4.29467219e+01]
 [2.71677715e-01 4.64876363e+01]
 [4.07215888e+01 1.50903460e+01]
 [3.31756435e+01 1.75840158e+01]
 [3.25067594e+01 1.78307775e+01]
 [8.66366718e+00 3.13765407e+01]
 [9.41933686e+01 5.46879673e+00]
 [2.47713703e+01 2.10386647e+01]
 [1.00667200e+02 4.95999761e+00]
 [6.04206676e+01 1.01832941e+01]
 [1.43641016e+01 2.68215627e+01]
 [6.56477648e+01 9.16714168e+00]
 [1.17941316e+01 2.90986231e+01]
 [8.28073693e+00 3.21568728e+01]
 [7.60631602e+01 7.41144583e+00]
 [1.41600902e+01 2.69350036e+01]
 [3.45477935e+00 3.78227209e+01]
 [4.70714765e+01 1.32904856e+01]
 [5.91073516e+01 1.04231789e+01]
 [5.53332973e+01 1.12492186e+01]
 [5.41057041e+01 1.16310576e+01]
 [6.44139831e+01 9.38111807e+00]
 [5.25532361e+00 3.52853912e+01]
 [3.15651160e+00 3.82629517e+01]
 [3.79818739e+00 3.71712463e+01]
 [1.00579406e+02 5.00961363e+00]
 [3.95987230e+01 1.54059888e+01]
 [1.34531533e+00 4.21371413e+01]
 [5.67934517e+01 1.09776772e+01]
 [1.06337020e+01 2.96015076e+01]
 [1.59677333e+01 2.57386169e+01]
 [1.44289639e+00 4.19098965e+01]
 [4.37999696e+01 1.41657158e+01]
 [1.91068391e+00 4.07271778e+01]
 [8.50509777e+01 6.25854603e+00]
 [1.84378442e+01 2.43035604e+01]
 [3.68540040e+01 1.64369192e+01]
 [6.92873123e+01 8.46444802e+00]
 [7.98120654e+01 6.88013397e+00]
 [4.77083659e+01 1.30869501e+01]
 [1.11441050e+02 4.45979898e+00]
 [8.29414076e+01 6.50774883e+00]
 [2.20957673e+01 2.24364036e+01]
 [8.94686208e-02 4.80317537e+01]
 [6.89810129e+01 8.61302158e+00]
 [8.15135180e+01 6.66502797e+00]
 [1.74605608e+01 2.48190586e+01]
 [1.44803218e+01 2.67139912e+01]
 [7.34744740e+00 3.26798101e+01]
 [2.30640774e+01 2.18184083e+01]
 [2.91221097e+01 1.91238361e+01]
 [5.64493440e+01 1.09908602e+01]
 [7.57378980e+01 7.51726436e+00]
 [3.63753279e-01 4.60928923e+01]
 [7.18890471e+01 8.07974430e+00]
 [7.21691440e+01 7.97513971e+00]
 [9.26167109e+00 3.07989478e+01]
 [8.60230579e+01 6.14339774e+00]
 [9.64220000e+01 5.46768914e+00]
 [6.78610103e+01 8.92913396e+00]
 [1.03588651e+01 3.04135903e+01]
 [1.21501233e+02 4.24336489e+00]
 [5.36423072e+00 3.51181206e+01]
 [3.23205723e+01 1.79463542e+01]
 [2.22261927e+01 2.23153306e+01]
 [4.18522917e+01 1.48484272e+01]
 [8.46875694e+01 6.36477976e+00]
 [2.34935468e+01 2.16024947e+01]
 [1.76907576e+01 2.48096456e+01]
 [4.81432794e+01 1.29958219e+01]
 [5.33337252e+01 1.20396080e+01]
 [7.48529659e+01 7.59942645e+00]
 [1.53443728e-02 4.91320850e+01]
 [3.01536099e+01 1.89740576e+01]
 [6.20330358e+01 9.82448334e+00]
 [2.30093485e+01 2.18478720e+01]
 [3.82897292e+01 1.58708041e+01]
 [1.14527972e+00 4.29219003e+01]
 [9.85263260e+01 5.16600119e+00]
 [2.03573444e+00 4.05559552e+01]
 [3.48094782e+01 1.70380267e+01]
 [3.45949182e+00 3.77356218e+01]
 [1.61635874e+01 2.56504209e+01]
 [4.08249370e-01 4.57700383e+01]
 [7.17389207e+01 8.10871288e+00]
 [7.00797150e+01 8.32591846e+00]
 [6.84249313e+00 3.35992643e+01]
 [1.15849999e+02 4.45754434e+00]
 [3.01915078e+01 1.87135192e+01]
 [3.91376891e-01 4.59280167e+01]
 [3.28822116e+00 3.80316937e+01]
 [4.80087845e+01 1.30109875e+01]
 [8.35206137e+01 6.42605114e+00]
 [4.05389132e+01 1.53264218e+01]
 [1.86532126e+00 4.08481576e+01]
 [1.39406780e+01 2.71702317e+01]
 [1.02429204e+01 3.04827948e+01]
 [2.67147502e+01 2.02067656e+01]
 [5.08513840e+00 3.53829368e+01]
 [4.42151617e+01 1.40459069e+01]
 [7.74469773e+01 7.39411282e+00]
 [8.11496295e+01 6.70918529e+00]
 [3.52803928e+01 1.68486482e+01]
 [2.46042365e+01 2.11600618e+01]
 [1.32134532e+01 2.76832076e+01]
 [1.03407945e+02 4.88271665e+00]
 [3.34650823e-02 4.87264766e+01]
 [2.40101130e+01 2.13646393e+01]
 [2.76020937e+01 2.01991679e+01]
 [2.61851331e+01 2.06890445e+01]]
