[[1.86260211e-03 3.45560727e-03 1.79353495e+00]
 [3.81016124e-03 7.49858311e-03 2.02228296e+00]
 [2.88578121e-03 5.83490065e-03 1.96262108e+00]
 [1.98569888e-03 3.30446819e-03 1.66464599e+00]
 [3.62984077e-03 7.51038833e-03 2.02228296e+00]
 [3.59944625e-03 7.49858311e-03 2.04787817e+00]
 [4.20436534e-03 8.07698409e-03 1.95741559e+00]
 [2.71075738e-03 5.81319067e-03 2.35417146e+00]
 [1.98569888e-03 3.76865369e-03 1.68669248e+00]
 [4.72563170e-03 9.96952044e-03 2.37235676e+00]
 [1.98899180e-03 3.76865369e-03 1.73990230e+00]
 [4.30247271e-03 9.60191668e-03 2.35560178e+00]
 [2.88578121e-03 6.61320474e-03 2.17550231e+00]
 [4.20436534e-03 8.08497082e-03 1.96141668e+00]
 [4.31083877e-03 8.07596980e-03 1.90307741e+00]
 [1.04582890e-03 2.10359644e-03 2.63172454e+00]
 [8.32352365e-04 1.69830420e-03 2.75859989e+00]
 [3.72000676e-03 8.62346253e-03 2.38535544e+00]
 [3.29565596e-03 6.65656531e-03 2.07056568e+00]
 [2.10022994e-03 5.37890908e-03 2.04934062e+00]
 [2.78255584e-03 6.00164643e-03 2.17281229e+00]
 [9.98202461e-04 2.32414579e-03 2.03705985e+00]
 [2.71075738e-03 6.13622260e-03 2.35600622e+00]
 [1.63139208e-03 2.78379532e-03 1.61713585e+00]
 [8.26109017e-04 2.10997320e-03 2.43411638e+00]
 [1.50431129e-03 3.10248418e-03 1.90634010e+00]
 [2.93840985e-03 5.85356300e-03 1.96262108e+00]
 [3.81016124e-03 7.79619378e-03 2.02228296e+00]
 [8.16187340e-04 1.35079158e-03 2.01132433e+00]
 [4.02338786e-03 8.79033162e-03 2.30619109e+00]
 [4.22466344e-03 9.60191668e-03 2.35560178e+00]
 [4.72563170e-03 9.90903890e-03 2.37902552e+00]
 [4.03648672e-03 7.34893456e-03 1.62537112e+00]
 [1.66937375e-03 2.64297483e-03 1.49086765e+00]
 [4.30575151e-03 9.65375447e-03 2.53203606e+00]
 [6.48711287e-04 1.27527591e-03 1.74336025e+00]
 [6.70873880e-04 1.39197394e-03 1.68770470e+00]
 [4.30247271e-03 9.59020953e-03 2.39532924e+00]
 [1.02173491e-03 2.57592684e-03 2.51882370e+00]
 [3.88359046e-03 8.20175363e-03 2.02477385e+00]
 [1.91666496e-03 4.12318508e-03 2.27706294e+00]
 [6.46867765e-04 1.34112315e-03 2.07868494e+00]
 [4.24760233e-03 9.12660712e-03 2.02780346e+00]
 [3.56707619e-03 7.51890029e-03 2.02508057e+00]
 [1.66656238e-03 3.90638511e-03 2.27320880e+00]
 [1.92562995e-03 3.60177910e-03 1.90599480e+00]
 [4.29806099e-03 9.27063829e-03 2.01231330e+00]
 [3.47059048e-03 6.23503278e-03 1.75857768e+00]
 [2.38832427e-03 5.37890908e-03 2.01516421e+00]
 [1.98490252e-03 3.30712203e-03 1.65087875e+00]
 [4.51594285e-03 8.43190568e-03 1.91424462e+00]
 [3.75849169e-03 6.59856699e-03 1.66468984e+00]
 [8.29951561e-04 1.69830420e-03 2.78386731e+00]
 [7.47603329e-04 1.67021047e-03 2.24130730e+00]
 [2.77766924e-03 6.11869813e-03 2.26968536e+00]
 [2.96449014e-03 4.40841908e-03 1.68295608e+00]
 [3.32247229e-03 7.34387974e-03 2.29959675e+00]
 [9.94909541e-04 2.09012455e-03 1.70773094e+00]
 [1.91666496e-03 4.12318508e-03 2.27715416e+00]
 [6.63108555e-04 1.61339691e-03 2.07260336e+00]
 [1.66474407e-03 3.45560727e-03 1.79353495e+00]
 [1.91909490e-03 4.12318508e-03 2.32208014e+00]
 [4.66294676e-03 9.91346805e-03 2.18856489e+00]
 [1.86260211e-03 3.54275891e-03 1.79353495e+00]
 [1.31030034e-03 2.83768832e-03 2.39480630e+00]
 [8.65421046e-04 1.60613228e-03 1.80683598e+00]
 [2.48443267e-03 5.56536983e-03 1.74005913e+00]
 [4.30575151e-03 9.91392929e-03 2.56242662e+00]
 [1.02173491e-03 2.57592684e-03 2.51865355e+00]
 [8.16187340e-04 2.03835838e-03 2.02906450e+00]
 [6.28860964e-04 1.27527591e-03 1.74336025e+00]
 [4.32604984e-03 9.28075107e-03 2.29640545e+00]
 [3.20200073e-03 6.67021539e-03 2.46050233e+00]
 [2.32641722e-03 5.37890908e-03 2.01516421e+00]
 [4.65309601e-03 9.02724877e-03 1.91288184e+00]
 [1.44992551e-03 2.63852714e-03 1.50448965e+00]
 [6.46867765e-04 1.34112315e-03 2.08257383e+00]
 [4.20436534e-03 8.12088939e-03 2.02812820e+00]
 [4.68624166e-03 9.96952044e-03 2.46117603e+00]
 [3.17291149e-03 6.70391990e-03 2.01685827e+00]
 [3.02402518e-03 5.68481900e-03 1.74336025e+00]
 [4.30990010e-03 9.29142742e-03 2.31833558e+00]
 [3.28050983e-03 7.55565132e-03 2.56417457e+00]
 [4.42163160e-03 9.24090910e-03 2.12740898e+00]
 [4.70815316e-03 9.37537569e-03 2.07260336e+00]
 [8.08737540e-04 1.34328648e-03 2.02906450e+00]
 [8.64804513e-04 1.62881614e-03 1.92870912e+00]
 [9.69437145e-04 2.40340569e-03 2.60148914e+00]
 [2.84854859e-03 5.85356300e-03 1.96262108e+00]
 [2.38832427e-03 5.37890908e-03 1.92266260e+00]
 [3.70473376e-03 8.43483284e-03 2.27284670e+00]
 [4.00899904e-03 7.34893456e-03 1.67002845e+00]
 [1.66937375e-03 2.64297483e-03 1.48927830e+00]
 [9.64069660e-04 2.08354099e-03 2.34769802e+00]
 [4.27738478e-03 9.91338895e-03 2.48643827e+00]
 [2.02346068e-03 3.76670179e-03 1.76370777e+00]
 [4.46648056e-03 9.96898877e-03 2.62998673e+00]
 [3.15844912e-03 6.03236107e-03 1.98815102e+00]
 [1.35979655e-03 2.88029127e-03 2.01850746e+00]
 [1.94774151e-03 3.95004483e-03 2.03188413e+00]
 [6.08706888e-04 1.40123085e-03 2.26170122e+00]
 [2.44877355e-03 5.26817314e-03 2.47350286e+00]
 [6.46867765e-04 1.19939928e-03 2.07756481e+00]
 [1.91909490e-03 4.12318508e-03 2.31213293e+00]
 [8.49209732e-04 2.10997320e-03 2.43411638e+00]
 [7.18753947e-04 1.27527591e-03 1.75888915e+00]
 [3.02111068e-03 5.81929835e-03 2.01595323e+00]
 [4.66294676e-03 8.77270038e-03 1.78196034e+00]
 [1.98569888e-03 3.76865369e-03 1.74085181e+00]
 [8.65421046e-04 1.60613228e-03 1.80842533e+00]
 [1.54240819e-03 2.78379532e-03 1.61375409e+00]
 [2.56575998e-03 5.37890908e-03 2.09653117e+00]
 [8.20889536e-04 1.69830420e-03 2.75509193e+00]]
