[[1.52610864e-02 2.65060857e+04]
 [4.48927166e-02 9.16056255e+03]
 [1.69870331e-02 2.59225653e+04]
 [4.91232333e-02 8.96634650e+03]
 [3.39946541e-02 1.19017793e+04]
 [5.26285058e-02 8.93022581e+03]
 [2.69897406e-02 1.55173060e+04]
 [3.70128177e-02 1.09776149e+04]
 [4.18541489e-02 9.65590185e+03]
 [1.07192317e-02 3.87363394e+04]
 [6.65579178e-03 8.01334124e+04]
 [2.54769990e-02 1.74213262e+04]
 [3.18475519e-02 1.27103137e+04]
 [3.13492445e-02 1.34289154e+04]
 [4.37664957e-02 9.35419140e+03]
 [9.94202140e-03 4.21205463e+04]
 [1.75662574e-02 2.46631743e+04]
 [5.80348224e-03 8.04541568e+04]
 [5.25064956e-03 9.90916651e+04]
 [5.30174139e-02 8.90322283e+03]
 [3.07168005e-02 1.42185288e+04]
 [2.57065886e-02 1.59723699e+04]
 [2.40249579e-02 1.80470326e+04]
 [1.42412880e-02 3.02360048e+04]
 [2.11989407e-02 2.09003634e+04]
 [8.62407872e-03 4.80120660e+04]
 [2.84826754e-02 1.42657777e+04]
 [2.28060361e-02 1.98800597e+04]
 [4.87385541e-02 8.99765869e+03]
 [2.84402640e-02 1.51351255e+04]
 [3.05588981e-02 1.42369819e+04]
 [5.50741007e-02 8.59952647e+03]
 [5.56379458e-03 9.39724742e+04]
 [1.24215123e-02 3.47778067e+04]
 [2.62423647e-02 1.57294619e+04]
 [2.38724375e-02 1.82225227e+04]
 [3.58283322e-02 1.16195091e+04]
 [1.48347795e-02 2.87791031e+04]
 [3.82543624e-02 1.06370701e+04]
 [1.86090995e-02 2.18129882e+04]
 [2.30936922e-02 1.83714991e+04]
 [3.91379592e-02 1.05671603e+04]
 [2.06584349e-02 2.17357237e+04]
 [3.89071113e-02 1.06219886e+04]
 [4.00840235e-02 1.04261165e+04]
 [3.66786282e-02 1.10313154e+04]
 [2.23056807e-02 1.99247849e+04]
 [1.26802305e-02 3.22669643e+04]
 [3.09014539e-02 1.37597835e+04]
 [6.91505561e-03 6.61578480e+04]
 [1.64441303e-02 2.64565027e+04]
 [8.83096494e-03 4.74218469e+04]
 [1.18915169e-02 3.66452070e+04]
 [2.72866831e-02 1.55162808e+04]
 [2.48355603e-02 1.78804822e+04]
 [3.41673434e-02 1.18882360e+04]
 [3.13930756e-02 1.27750829e+04]
 [8.44917153e-03 5.98936901e+04]
 [4.03051419e-02 1.03136639e+04]
 [4.45958736e-02 9.23856846e+03]]
