[[4.49032855 0.84609954 4.62320749 0.49990537 4.7303356  5.21995154]
 [4.52276116 0.84609954 4.71837649 0.85743532 4.7303356  5.31588515]
 [4.06256871 0.84125361 2.23329608 0.13333607 1.57326476 2.00616491]
 [4.03979404 0.84125361 2.23329608 0.13333607 1.57326476 1.9993567 ]
 [3.99159258 1.92838936 1.74082672 0.18694731 1.09459833 1.02035296]
 [4.48670664 0.84609954 4.62320749 0.49990537 4.83555119 5.21995154]
 [4.52276116 0.96120325 4.71406883 0.85743532 4.92754483 5.31588515]
 [0.29082598 1.77342349 1.55941701 1.64514155 1.12775867 1.54847694]
 [4.49318246 0.84569744 2.15384922 0.22350154 1.87133462 4.83388826]
 [4.48650831 1.51150724 2.54186046 0.23072958 4.81560988 2.47588988]
 [4.33646508 0.82258523 4.49874606 0.13719004 1.16820711 2.01965126]
 [4.05823222 1.92838936 1.74082672 0.18568729 1.09459833 1.55773766]
 [0.26830035 2.0066453  2.69095983 2.32284819 1.04273443 1.18579751]
 [3.90019674 0.91065324 2.15384922 0.31301368 1.0350725  0.91468086]
 [0.32793949 1.77342349 1.55941701 1.63649582 1.12775867 1.10819893]
 [4.54701056 0.85173883 2.70420398 0.85834612 1.19298749 4.69730056]
 [4.33646508 0.82258523 2.12516415 0.13704202 1.16875093 2.01965126]
 [4.48798209 0.96381658 4.75532653 0.23072958 4.81560988 5.40721437]
 [4.49318246 0.84058907 2.15384922 0.22350154 4.96789281 4.92660285]]
