[[3.60699608e+01 1.65566552e+01]
 [7.76812641e+00 3.22621992e+01]
 [2.61940879e+01 2.05456462e+01]
 [3.44753316e+01 1.71025222e+01]
 [2.86511655e+01 1.95368564e+01]
 [3.38364045e+00 3.78835185e+01]
 [7.01718697e+00 3.32064912e+01]
 [2.06701379e+01 2.30235463e+01]
 [8.35413583e+01 6.42080819e+00]
 [6.42545421e-02 4.82357273e+01]
 [5.60857909e+01 1.11194220e+01]
 [4.34786818e+00 3.65027909e+01]
 [6.81555654e+01 8.66305532e+00]
 [8.89085385e-01 4.35860832e+01]
 [6.14466549e-01 4.47011988e+01]
 [1.45298019e+01 2.68269711e+01]
 [5.83176055e+01 1.06016468e+01]
 [7.04643053e+01 8.30666886e+00]
 [7.07409588e+00 3.29968040e+01]
 [6.16784942e+01 9.95395502e+00]
 [4.22734344e+01 1.46637253e+01]
 [2.05528226e+01 2.32543913e+01]
 [1.04976551e+01 2.98948891e+01]
 [5.10129214e+01 1.23026655e+01]
 [4.83307391e+01 1.30055861e+01]
 [1.04383508e+01 3.05546152e+01]
 [3.09838326e+01 1.84529702e+01]
 [9.65869014e+01 5.29510110e+00]
 [8.61160919e+00 3.19010647e+01]
 [5.39452017e+01 1.18097581e+01]
 [7.47103428e+00 3.27839613e+01]
 [1.93888691e-01 4.71300901e+01]
 [3.56757064e+01 1.67682477e+01]
 [3.01435576e+00 3.87437753e+01]
 [1.17329489e+02 4.34324222e+00]
 [4.66951383e+00 3.58988353e+01]
 [5.69893656e+01 1.08917859e+01]
 [2.62542348e+00 3.94629533e+01]
 [6.83382844e+01 8.64617576e+00]
 [2.13531304e+01 2.26859973e+01]
 [5.00504672e+01 1.25116603e+01]
 [1.88251444e+01 2.41843976e+01]
 [5.13824242e-01 4.54694508e+01]
 [4.03239394e+00 3.69383522e+01]
 [2.38404433e+01 2.15314788e+01]
 [3.69837635e+01 1.63225093e+01]
 [8.64919865e+01 6.15676129e+00]
 [3.54154819e+01 1.70003975e+01]
 [3.36542071e+01 1.74010150e+01]
 [3.20537255e+00 3.81544643e+01]
 [4.94481916e+00 3.56141364e+01]
 [2.83518875e+01 1.95538827e+01]
 [6.48609556e+01 9.26874806e+00]
 [5.05834735e+01 1.23675360e+01]
 [3.43372301e+01 1.71514592e+01]
 [1.93779981e+01 2.37564183e+01]
 [5.01455835e+01 1.24796289e+01]
 [5.40210633e+01 1.15365319e+01]
 [6.83013424e+00 3.33587758e+01]
 [6.43486652e+01 9.37801384e+00]
 [1.20306667e+01 2.85309140e+01]
 [7.44505565e+01 7.63696884e+00]
 [4.67329773e+01 1.33736789e+01]
 [3.88029074e+01 1.58309290e+01]
 [3.01727971e+01 1.87087766e+01]
 [1.34130912e+00 4.22112876e+01]
 [4.93661976e-01 4.58807307e+01]
 [2.15113580e+01 2.25891640e+01]
 [3.35921562e-01 4.59875418e+01]
 [5.79757966e+01 1.06536827e+01]
 [4.76391019e+01 1.32669915e+01]
 [2.15758789e+01 2.25489721e+01]
 [2.66596827e+01 2.02184574e+01]
 [8.12972023e-01 4.41664531e+01]
 [7.79711709e+00 3.22085453e+01]
 [4.45625951e+01 1.40918550e+01]
 [9.29939777e+00 3.10579557e+01]
 [6.96871304e+01 8.40558730e+00]
 [2.47211051e+01 2.10275627e+01]
 [3.79945778e+01 1.59323796e+01]
 [8.62804999e+00 3.15900942e+01]
 [1.31969028e+01 2.76972815e+01]
 [4.52728522e+01 1.39555049e+01]
 [1.05494764e+01 2.98658082e+01]
 [2.77386830e+00 3.89277638e+01]
 [4.67663491e+01 1.33526234e+01]
 [2.37216027e+01 2.17945128e+01]
 [1.39344228e+01 2.71738528e+01]
 [1.23806690e+02 4.13836751e+00]
 [1.09912903e+01 2.94753495e+01]
 [6.36240455e+01 9.54301662e+00]
 [2.03189024e+00 4.06840706e+01]
 [1.66002358e+00 4.13048109e+01]
 [6.59468556e+01 9.09839932e+00]
 [7.05260904e+01 8.29500124e+00]
 [5.28605409e+01 1.18473950e+01]
 [3.99427196e+01 1.54746739e+01]
 [4.63306034e+00 3.59686125e+01]
 [2.26293634e+01 2.20540999e+01]
 [4.70854576e+01 1.32855785e+01]
 [4.25357432e+01 1.46305674e+01]
 [7.08884012e+01 8.18830447e+00]
 [5.65695405e+00 3.47310032e+01]
 [5.19218260e+01 1.20372237e+01]
 [2.90426635e+01 1.91539928e+01]
 [3.62912664e+01 1.65229234e+01]
 [1.31511128e+00 4.22221701e+01]
 [2.23288929e+00 4.04976143e+01]
 [4.51684052e+01 1.40469847e+01]
 [5.86629764e+01 1.05570151e+01]
 [9.54586034e+01 5.39729931e+00]
 [5.44432250e+01 1.14919710e+01]
 [8.17654649e+01 6.81661918e+00]
 [4.61451540e+01 1.35297467e+01]
 [6.17781638e+01 9.86792596e+00]
 [2.17851711e+01 2.24427998e+01]
 [4.33353195e+01 1.43125451e+01]
 [1.42534833e+01 2.68842740e+01]
 [1.11923749e+02 4.52045757e+00]
 [7.92669941e+00 3.20866417e+01]
 [6.89607245e+01 8.54588923e+00]
 [6.24655656e+01 9.79605724e+00]
 [3.91327632e+01 1.56080922e+01]
 [6.65225862e+01 9.08418854e+00]
 [3.10538680e+01 1.84121108e+01]
 [4.01241266e+00 3.70132248e+01]
 [4.46485797e+00 3.61753144e+01]
 [8.57487865e+01 6.26096245e+00]
 [4.96069119e+01 1.26278519e+01]
 [3.90611390e+01 1.56704137e+01]
 [7.20068706e+01 8.06287076e+00]
 [1.06202376e+01 2.96160372e+01]
 [7.01306836e+01 8.32009739e+00]
 [1.04423866e+02 4.78660253e+00]
 [3.14744932e+01 1.82072540e+01]
 [5.58505198e+01 1.11298493e+01]
 [2.72368393e-02 4.89702662e+01]
 [6.29155328e+00 3.40543750e+01]
 [2.24016733e+01 2.21514790e+01]
 [1.48812424e+01 2.64578059e+01]
 [5.64120610e+00 3.47349371e+01]
 [5.06389386e+01 1.23510956e+01]
 [6.09343411e+01 1.01083599e+01]
 [3.08560762e+00 3.84856361e+01]
 [2.21029469e+01 2.22838671e+01]
 [5.93778701e+01 1.03569343e+01]
 [5.26894264e+00 3.51323846e+01]
 [2.87664228e+00 3.88473025e+01]
 [1.91970199e+01 2.38283827e+01]
 [2.57379919e+01 2.05741167e+01]
 [1.13840893e+02 4.38830096e+00]
 [3.08824341e+01 1.85113784e+01]
 [1.48056617e+01 2.65507090e+01]
 [2.88062820e+01 1.94510845e+01]
 [1.34225227e+01 2.75590683e+01]
 [1.62890939e+01 2.56785173e+01]
 [7.12628849e+00 3.29445757e+01]
 [1.52678280e+01 2.64012642e+01]
 [6.52533627e+00 3.37690191e+01]
 [1.16851640e+01 2.91643222e+01]
 [3.08997716e+00 3.84432147e+01]
 [5.09591240e+01 1.23171764e+01]
 [5.57952838e+01 1.12479249e+01]
 [3.44120032e+01 1.71379180e+01]
 [2.66901403e+00 3.91231157e+01]
 [7.63951917e+01 7.46866038e+00]
 [2.30818174e+01 2.18126382e+01]
 [1.40130471e+01 2.70365508e+01]
 [1.78739760e+01 2.46443319e+01]
 [7.99171057e+00 3.20182361e+01]
 [1.11119284e+02 4.56905974e+00]
 [5.62371398e+01 1.10346744e+01]
 [1.52997647e+01 2.61669254e+01]
 [9.44616732e+01 5.61024220e+00]
 [2.63965236e+01 2.02731618e+01]
 [6.77223913e+01 8.81385573e+00]
 [3.27813439e+01 1.77220053e+01]
 [1.24091548e+02 4.13375737e+00]
 [3.79530811e+01 1.59394996e+01]
 [1.07453845e+02 4.71410393e+00]
 [2.75595358e-01 4.64419156e+01]
 [3.01486578e+01 1.87165766e+01]
 [1.29824538e+01 2.79439883e+01]
 [3.99638271e+00 3.72036981e+01]
 [6.05517795e+01 1.01813520e+01]
 [3.82626201e+01 1.58369669e+01]
 [4.85343987e+01 1.28718597e+01]
 [1.33677947e+02 4.00534533e+00]
 [1.14087950e+02 4.34685551e+00]
 [3.22004069e+01 1.81705490e+01]
 [2.22507861e+01 2.22083626e+01]
 [6.11979245e+01 9.99585280e+00]
 [5.92044103e+01 1.04020645e+01]
 [3.58840978e+01 1.66133385e+01]
 [3.55079140e+01 1.67721709e+01]
 [5.15760569e+01 1.21121325e+01]
 [9.14721128e-01 4.35122537e+01]
 [6.95329044e+01 8.42016706e+00]
 [5.15195499e+01 1.21729232e+01]
 [4.95619049e+01 1.26925829e+01]
 [9.03388290e+01 6.01994323e+00]
 [1.23068560e+02 4.26477150e+00]
 [6.01232955e+00 3.41831127e+01]
 [1.42008137e+01 2.69118829e+01]
 [6.55618922e+01 9.14657502e+00]
 [1.64842542e+00 4.16476865e+01]
 [3.57379287e+00 3.77490877e+01]
 [4.43170870e+01 1.42126591e+01]
 [2.49776415e+00 3.95008924e+01]
 [4.06650442e+01 1.50749097e+01]
 [3.58386629e+01 1.67640742e+01]
 [4.16420346e+01 1.48376991e+01]
 [1.78190511e+01 2.46501003e+01]
 [9.57527234e+00 3.09022114e+01]
 [6.75352639e+01 9.05493501e+00]
 [6.18868986e+01 9.86382269e+00]
 [4.07064919e+01 1.50646924e+01]
 [3.77223434e+00 3.72949626e+01]
 [9.80375228e-01 4.33078825e+01]
 [5.05593089e+01 1.24446099e+01]
 [3.72515761e+01 1.62322234e+01]
 [5.84813943e+00 3.44372593e+01]
 [3.25751976e+01 1.80149626e+01]
 [5.99127295e+01 1.02538139e+01]
 [1.25607111e+01 2.80885916e+01]
 [7.98260292e+01 7.08668388e+00]
 [3.38322334e+01 1.73350753e+01]
 [3.01336664e+01 1.87908147e+01]
 [3.61379344e+01 1.65281235e+01]
 [5.01749590e+01 1.24567375e+01]
 [4.14905570e+01 1.50463681e+01]
 [7.34798957e+01 7.79406016e+00]
 [6.43488611e-01 4.46854952e+01]
 [2.39599513e+01 2.13851369e+01]
 [5.22887583e+01 1.19461808e+01]
 [1.73009439e+01 2.49290895e+01]
 [1.93832446e+00 4.07483927e+01]
 [1.54373834e+01 2.61110512e+01]
 [6.59523727e+00 3.35119202e+01]
 [5.47161014e+01 1.13773443e+01]
 [6.23157968e-02 4.82666911e+01]
 [3.65660121e+01 1.64931378e+01]
 [1.08152729e+02 4.60951949e+00]
 [8.18321456e+01 6.79857838e+00]
 [5.01260239e+00 3.54225730e+01]
 [2.37425434e+01 2.17042158e+01]
 [9.01700806e+00 3.12700126e+01]
 [7.98515962e+01 6.94659324e+00]
 [1.43015564e+00 4.19026795e+01]
 [5.13931980e+01 1.22490892e+01]
 [1.58528575e+01 2.58093033e+01]
 [4.70209680e+01 1.33085026e+01]
 [7.50711540e+01 7.59668041e+00]
 [6.31659590e+01 9.59395991e+00]
 [1.73954329e+00 4.12531680e+01]
 [4.95278298e+01 1.28646174e+01]
 [2.74304697e+01 1.98947099e+01]
 [7.25731669e+01 8.00955485e+00]
 [7.05835014e+01 8.24046285e+00]
 [7.91846563e+01 7.26473496e+00]
 [3.87359185e+00 3.72751859e+01]
 [5.73941909e+00 3.46323653e+01]
 [3.07071454e+01 1.85327763e+01]
 [9.73606642e+00 3.05706207e+01]
 [7.77342361e+01 7.31936926e+00]
 [4.06404279e+01 1.52701969e+01]
 [2.53591707e+01 2.10134044e+01]
 [1.39205522e+01 2.75255018e+01]
 [1.22996638e+02 4.27654599e+00]
 [4.52344554e+01 1.39700331e+01]
 [1.97025552e+01 2.37141683e+01]
 [3.67529034e+01 1.63995109e+01]
 [3.54358472e+01 1.68331159e+01]
 [6.48453140e+01 9.27165965e+00]
 [7.29937078e-01 4.43626155e+01]
 [6.83431747e+01 8.63162113e+00]
 [8.67928222e+01 6.08150180e+00]
 [9.22616664e+01 5.91087756e+00]
 [4.19444758e+01 1.47024309e+01]
 [2.02348772e+01 2.34021206e+01]
 [1.17347480e+01 2.87455229e+01]]
