[[4.86621314e+00 6.48194950e-03]
 [3.23474214e+01 6.42435431e-04]
 [8.42493582e+00 2.79476072e-03]
 [1.38583616e+01 1.92456864e-03]
 [1.62072948e+01 1.34727829e-03]
 [1.26053579e+01 1.94096797e-03]
 [2.49856601e+01 8.35621306e-04]
 [2.05235936e+01 1.11743859e-03]
 [2.91230719e+01 8.07504146e-04]
 [7.26432609e+01 4.66790677e-04]
 [3.78799954e+01 5.15658846e-04]
 [3.76472132e+01 5.18827313e-04]
 [3.91618513e+00 1.16170101e-02]
 [1.44674941e+01 1.75760656e-03]
 [3.45034028e+01 6.05456647e-04]
 [1.44515420e+01 1.87473437e-03]
 [7.94188227e+00 3.05153978e-03]
 [8.54830098e+01 4.59510428e-04]
 [3.90223888e+01 4.72503679e-04]
 [3.42894174e+01 6.38960671e-04]
 [2.13314303e+01 1.02631793e-03]
 [3.43815910e+01 6.25382951e-04]
 [2.23052185e+01 9.10858898e-04]
 [5.65065828e+00 5.83097313e-03]
 [2.78970439e+01 8.17835259e-04]
 [9.15681934e+00 2.35484133e-03]
 [2.95451722e+01 6.44537821e-04]]
