[[3.41383727 0.70051096 2.50989155 0.06173508 1.22281168 1.37899471]
 [3.24833241 0.66766694 1.96018628 0.55597223 1.04461952 1.80293176]
 [2.77620218 0.71307377 1.87039101 0.37974584 1.21623699 1.35548726]
 [2.99298296 0.71249809 2.51374771 0.08900027 1.32460628 1.34413984]
 [4.76237056 1.19816271 3.88325062 0.40936817 1.11498309 1.93747426]
 [3.9159087  1.14466536 1.32375138 0.18700426 1.08275713 1.67036761]
 [2.77620218 0.71307377 2.51748812 0.23923355 1.05640596 0.42276669]
 [2.77620218 0.71190596 1.78893645 0.37974584 1.04797897 1.35548726]
 [1.598941   0.71307377 2.20097283 0.32103003 1.13627813 1.34359658]
 [1.5995016  0.67037904 1.35555788 0.60992862 1.1357468  1.68547782]
 [1.5995016  0.70437854 1.35341826 0.60992862 1.13757274 0.68607844]
 [3.96289866 1.22438702 1.60309949 0.19475337 1.30498487 1.67353352]
 [3.42688908 0.71307377 1.43476347 0.70349096 1.04120992 1.91220174]
 [4.77143231 1.19816271 2.63118045 0.56652309 1.07262279 1.32521895]
 [1.5995016  0.75018158 2.21412716 0.35531303 1.01919285 0.68607844]
 [3.55087828 0.68394928 2.28075091 0.29944453 1.06103942 1.66958802]
 [3.21716788 0.68181193 1.96617385 0.32997805 1.11989782 1.83613099]
 [2.68629617 0.42949266 1.32375138 0.490177   1.08275713 1.67038127]
 [4.64295926 1.21345756 1.65841136 0.41421547 1.11081376 1.49008502]
 [4.57643142 1.33361351 1.35242964 0.42018292 1.03399453 0.31241575]
 [4.61086938 1.02251444 1.35709938 0.46225068 1.09515529 1.58276002]
 [4.24746357 1.14141004 1.32436307 0.44680344 1.08430928 1.67036761]
 [4.76009607 1.15766783 1.32375138 0.39523696 1.02416211 2.04723375]
 [4.78339487 1.19875666 2.62630163 0.54347041 1.08282431 1.67036761]
 [4.76237056 1.19816271 3.88508751 0.41050777 1.11498309 4.82220159]
 [3.52812436 0.68394928 2.2812267  0.29944453 1.06053155 1.64941708]
 [4.69677049 1.15667111 1.35337676 0.16169534 1.03975619 1.94032784]
 [4.59853429 1.17582561 1.39453184 0.70362774 1.11138917 0.90758005]
 [3.01867857 0.69936155 1.82935807 0.08702871 1.01764716 1.66774012]
 [3.9159087  1.20478568 1.38094879 0.05322002 1.06781383 1.67955988]
 [4.37854504 1.23740726 1.33347442 0.21005703 1.07255561 1.32521895]
 [4.76237056 1.19816271 3.57751972 0.40936817 1.11266613 1.93747426]
 [3.43960193 0.68400419 1.96617385 0.32997805 1.11989782 1.78442554]
 [4.67953158 1.29007345 1.47474776 0.51770766 1.08485344 1.67038127]
 [4.74725815 1.04342389 4.0032748  0.30926633 1.06159639 1.67632329]
 [4.76113642 1.15766783 1.50730355 0.39518969 1.02459147 1.94050208]
 [4.65331197 1.12524013 2.10903348 0.41139181 1.10960532 0.99404322]]
