[[3.60699608e+01 1.65566552e+01]
 [7.76812641e+00 3.22621992e+01]
 [3.44753316e+01 1.71025222e+01]
 [2.86511655e+01 1.95368564e+01]
 [3.38364045e+00 3.78835185e+01]
 [7.01718697e+00 3.32064912e+01]
 [2.06701379e+01 2.30235463e+01]
 [8.35413583e+01 6.42080819e+00]
 [6.42545421e-02 4.82357273e+01]
 [5.60857909e+01 1.11194220e+01]
 [4.34786818e+00 3.65027909e+01]
 [6.81555654e+01 8.66305532e+00]
 [8.89085385e-01 4.35860832e+01]
 [6.14466549e-01 4.47011988e+01]
 [1.45298019e+01 2.68269711e+01]
 [5.83176055e+01 1.06016468e+01]
 [7.07409588e+00 3.29968040e+01]
 [6.16784942e+01 9.95395502e+00]
 [4.22734344e+01 1.46637253e+01]
 [2.05528226e+01 2.32543913e+01]
 [1.04976551e+01 2.98948891e+01]
 [5.10129214e+01 1.23026655e+01]
 [4.83307391e+01 1.30055861e+01]
 [3.09838326e+01 1.84529702e+01]
 [9.65869014e+01 5.29510110e+00]
 [3.17043014e+01 1.83835391e+01]
 [8.61160919e+00 3.19010647e+01]
 [7.47103428e+00 3.27839613e+01]
 [1.93888691e-01 4.71300901e+01]
 [3.56757064e+01 1.67682477e+01]
 [3.01435576e+00 3.87437753e+01]
 [1.17329489e+02 4.34324222e+00]
 [4.66951383e+00 3.58988353e+01]
 [5.69893656e+01 1.08917859e+01]
 [6.83382844e+01 8.64617576e+00]
 [4.34026601e+01 1.43443386e+01]
 [2.13531304e+01 2.26859973e+01]
 [5.00504672e+01 1.25116603e+01]
 [1.88251444e+01 2.41843976e+01]
 [6.00929066e+00 3.48282781e+01]
 [4.03239394e+00 3.69383522e+01]
 [2.38404433e+01 2.15314788e+01]
 [3.69837635e+01 1.63225093e+01]
 [8.64919865e+01 6.15676129e+00]
 [3.36542071e+01 1.74010150e+01]
 [3.20537255e+00 3.81544643e+01]
 [4.94481916e+00 3.56141364e+01]
 [2.83518875e+01 1.95538827e+01]
 [1.27649019e+01 2.80997480e+01]
 [2.40538698e+01 2.14695150e+01]
 [6.48609556e+01 9.26874806e+00]
 [5.05834735e+01 1.23675360e+01]
 [3.43372301e+01 1.71514592e+01]
 [1.93779981e+01 2.37564183e+01]
 [5.01455835e+01 1.24796289e+01]
 [6.33070848e+01 9.61319687e+00]
 [5.40210633e+01 1.15365319e+01]
 [6.83013424e+00 3.33587758e+01]
 [3.12500802e+01 1.84325539e+01]
 [6.43486652e+01 9.37801384e+00]
 [1.20306667e+01 2.85309140e+01]
 [7.44505565e+01 7.63696884e+00]
 [5.89411434e+01 1.05818184e+01]
 [4.67329773e+01 1.33736789e+01]
 [3.01727971e+01 1.87087766e+01]
 [1.34130912e+00 4.22112876e+01]
 [2.15113580e+01 2.25891640e+01]
 [3.35921562e-01 4.59875418e+01]
 [5.79757966e+01 1.06536827e+01]
 [9.12935351e+00 3.13889598e+01]
 [2.15758789e+01 2.25489721e+01]
 [2.66596827e+01 2.02184574e+01]
 [8.12972023e-01 4.41664531e+01]
 [7.79711709e+00 3.22085453e+01]
 [4.45625951e+01 1.40918550e+01]
 [9.29939777e+00 3.10579557e+01]
 [6.96871304e+01 8.40558730e+00]
 [2.47211051e+01 2.10275627e+01]
 [1.42926711e+01 2.71591155e+01]
 [3.79945778e+01 1.59323796e+01]
 [8.62804999e+00 3.15900942e+01]
 [6.34288930e+00 3.46317578e+01]
 [1.31969028e+01 2.76972815e+01]
 [2.76770048e+01 1.99347921e+01]
 [1.05494764e+01 2.98658082e+01]
 [2.77386830e+00 3.89277638e+01]
 [6.44973706e+01 9.35015895e+00]
 [4.24097042e+01 1.45741538e+01]
 [5.05574808e+01 1.24265493e+01]
 [2.77578373e+01 1.97818452e+01]
 [1.82119570e+01 2.43768940e+01]
 [1.01711788e+02 4.92025062e+00]
 [2.30207162e+01 2.19178168e+01]
 [2.58496189e+01 2.05207025e+01]
 [1.33698358e+01 2.74927315e+01]
 [4.82679001e+00 3.56939675e+01]
 [3.97558995e+00 3.73514697e+01]
 [6.80387907e+01 8.68452476e+00]
 [2.69415211e+01 2.01418048e+01]
 [6.62797653e+01 9.01125517e+00]
 [1.36368370e+01 2.74156931e+01]
 [8.66521071e+00 3.14798253e+01]
 [2.57735741e+00 3.93055412e+01]
 [1.29715295e+02 4.06819765e+00]
 [1.80910808e+01 2.45677037e+01]
 [5.30725348e+01 1.17775416e+01]
 [9.51277508e+00 3.08982814e+01]
 [3.42590547e+01 1.73615524e+01]
 [3.97797582e+00 3.70804656e+01]
 [8.36870985e+01 6.39641698e+00]
 [4.16184619e-01 4.55847498e+01]
 [4.16566335e+01 1.48149944e+01]
 [2.23651302e+01 2.21928880e+01]
 [6.67757081e+00 3.34083118e+01]
 [4.57927826e+01 1.37842219e+01]
 [6.05964217e+01 1.01520057e+01]
 [4.91504096e+01 1.27304128e+01]
 [1.28534482e+01 2.78705290e+01]
 [7.16833945e+01 8.05291973e+00]
 [3.04339200e+00 3.87060762e+01]
 [5.62805383e+01 1.10719241e+01]
 [5.93633693e+01 1.03678524e+01]
 [7.97139673e+01 7.04249782e+00]
 [1.72327366e+01 2.52058297e+01]
 [9.13330243e+00 3.12475230e+01]
 [2.47768176e+01 2.09984590e+01]
 [4.23985991e+01 1.45744108e+01]
 [5.96454278e-02 4.85530256e+01]
 [4.15374773e+01 1.49343527e+01]
 [4.47021055e+01 1.39471069e+01]
 [3.20962267e+01 1.79646583e+01]
 [1.15338752e+02 4.40006187e+00]
 [9.69310706e+01 5.27137416e+00]
 [7.33513200e+00 3.27941264e+01]
 [1.32942426e+02 4.04221092e+00]
 [9.04468979e+01 5.79192889e+00]
 [6.57621069e+00 3.40219156e+01]
 [5.95895185e+01 1.03426764e+01]
 [4.61172272e-01 4.53708612e+01]
 [6.50550281e+01 9.23773966e+00]
 [2.49482597e+01 2.09980971e+01]
 [2.88258470e+01 1.93462700e+01]
 [2.92214072e+01 1.93448736e+01]
 [4.26653102e+01 1.45301253e+01]
 [5.22873473e+01 1.19879381e+01]
 [2.17121613e+00 4.06952134e+01]
 [5.14923500e+01 1.21328686e+01]
 [5.46886583e+01 1.13905398e+01]
 [3.73017880e+01 1.61404714e+01]
 [2.45337482e+00 3.95378565e+01]
 [6.37609743e+01 9.48634775e+00]
 [9.56590661e+00 3.08068735e+01]
 [2.20535599e+01 2.23284746e+01]
 [1.31453642e+02 4.04906074e+00]
 [3.52123795e+01 1.68529198e+01]
 [1.00934093e+02 4.94862898e+00]
 [9.54756698e+01 5.44223243e+00]
 [9.26589926e+01 5.60743834e+00]
 [1.72930111e+01 2.49229448e+01]
 [5.36967764e+00 3.49611132e+01]
 [1.00363291e+01 3.04574937e+01]
 [2.24904187e+00 4.03579736e+01]
 [2.79351762e+01 1.96300277e+01]
 [1.17390494e+02 4.34165946e+00]
 [6.35840635e+01 9.55543731e+00]
 [1.46145797e-01 4.74098646e+01]
 [6.39573350e+01 9.44422305e+00]
 [5.65613516e+01 1.10191223e+01]
 [4.07530983e+00 3.69262286e+01]
 [2.27770018e+01 2.19585894e+01]
 [4.72522521e+01 1.32115392e+01]
 [6.02695367e+01 1.01799916e+01]
 [1.22710134e+02 4.23661252e+00]
 [8.13959134e+01 6.66969785e+00]
 [3.99248963e+01 1.54239041e+01]
 [4.29580353e+01 1.44077097e+01]
 [5.13168306e+01 1.21752436e+01]
 [1.28282631e+01 2.79016505e+01]
 [1.90647994e+01 2.39457065e+01]
 [7.03775699e+01 8.29344448e+00]
 [1.90955684e+01 2.39031704e+01]
 [3.26770301e+01 1.77960638e+01]
 [8.83216241e+01 5.95190691e+00]
 [2.62378064e+01 2.03754945e+01]
 [6.07429037e+01 1.00817009e+01]
 [2.65126258e+01 2.02698294e+01]
 [4.38403080e+00 3.63657136e+01]
 [1.67435221e+00 4.12879036e+01]
 [9.10302437e+01 5.67249969e+00]
 [2.12748618e+01 2.27483009e+01]
 [6.76774509e+01 8.76390381e+00]
 [6.35152546e+00 3.46151788e+01]
 [7.89550474e+01 7.13104597e+00]
 [6.72169834e+01 8.85455836e+00]
 [3.48545633e-02 4.86886542e+01]
 [7.29118111e+01 7.86823308e+00]
 [8.50673574e+01 6.30087670e+00]
 [3.19193362e+01 1.82133250e+01]
 [4.22214186e-01 4.55250765e+01]
 [1.46722814e+00 4.18036798e+01]
 [5.04111239e+00 3.54597362e+01]
 [1.19846127e+00 4.33350468e+01]
 [2.70146326e+01 2.00837329e+01]
 [4.30543449e+01 1.43709851e+01]
 [4.38640183e+01 1.43186302e+01]
 [4.89541588e+01 1.28014232e+01]
 [1.62538901e+01 2.56298247e+01]
 [1.53461150e+01 2.67369244e+01]
 [3.35033160e+01 1.75715792e+01]
 [4.08588159e+01 1.54197439e+01]
 [1.29328994e+02 4.07134362e+00]
 [2.57540394e+01 2.06598863e+01]
 [7.96678545e+01 7.04781351e+00]
 [1.16540550e+01 2.91530767e+01]
 [1.07569918e+01 2.95203531e+01]
 [1.53001530e+00 4.16388802e+01]
 [2.78786064e+00 3.89113176e+01]
 [5.14163405e-01 4.51010989e+01]
 [7.47430577e+01 7.56875089e+00]
 [2.99421455e+01 1.88253184e+01]
 [5.28178685e-01 4.50636038e+01]
 [6.66452261e+01 8.95047094e+00]
 [6.00829078e+01 1.02753969e+01]
 [3.22997129e+01 1.79019205e+01]
 [2.61885196e+01 2.04541687e+01]
 [6.29346915e+01 9.68953951e+00]
 [4.59081581e+01 1.36873229e+01]
 [6.54823761e+01 9.15694872e+00]
 [1.59221686e+01 2.57660567e+01]
 [2.17899658e+01 2.24417070e+01]
 [3.04956149e+00 3.86977181e+01]
 [2.10587905e+01 2.28859119e+01]
 [6.29048174e+01 9.80258225e+00]
 [1.29054439e+02 4.14645746e+00]
 [4.94982167e+01 1.26311236e+01]
 [6.43131942e-01 4.44997578e+01]
 [2.67060217e+01 2.01667904e+01]
 [3.85845607e+01 1.57491253e+01]
 [1.08811175e+02 4.62408468e+00]
 [3.42889799e+01 1.72330061e+01]
 [1.06456097e+01 2.96142400e+01]
 [1.17190673e+01 2.89502279e+01]
 [2.35397165e+01 2.18268447e+01]
 [5.13385231e+00 3.53505761e+01]
 [2.66499370e+01 2.02581910e+01]
 [5.30710044e-01 4.49814277e+01]
 [2.02461543e+01 2.33092253e+01]
 [1.53642212e+01 2.62528549e+01]
 [5.61883177e+01 1.10906976e+01]
 [1.88553242e+01 2.40848213e+01]
 [1.77385561e+00 4.11663066e+01]
 [1.99593773e+01 2.33992006e+01]
 [5.13828525e+01 1.21590273e+01]]
