[[2.08511002 2.16097348]
 [0.93130106 1.03668218]
 [1.98383737 1.6164502 ]
 [2.09597257 2.0556585 ]
 [2.08652401 1.67606949]
 [0.70193469 0.59430447]
 [1.05814058 0.79663998]
 [1.63322451 1.58117431]
 [3.45448459 2.99196855]
 [0.09940067 0.07863296]
 [2.76410989 2.52609268]
 [2.92879636 2.90878724]
 [0.29958845 0.36403037]
 [0.22275939 0.32248239]
 [2.62335155 2.77442391]
 [3.08389179 2.84704896]
 [0.88098128 0.99619072]
 [2.9100709  2.63649595]
 [2.63857323 2.40648325]
 [2.59505814 2.31265173]
 [2.07924359 1.8500552 ]
 [3.91374707 2.97141535]
 [1.23866451 0.78651925]
 [1.10716367 0.80121606]
 [0.09166321 0.20017499]
 [1.9742524  2.24081549]
 [0.72779116 0.47319021]
 [0.73396187 0.79289245]
 [2.58633799 2.74921756]
 [0.43741105 0.68192921]
 [2.85357926 2.99026028]
 [2.46035901 2.19027363]
 [1.69354013 1.57168841]
 [2.52259585 2.02154702]
 [2.42214223 2.57795342]
 [1.37059888 1.68158997]
 [1.07056068 0.59684377]
 [0.13313942 0.33276111]
 [0.40264764 0.69510693]
 [2.17652979 2.77036865]
 [0.79916825 0.60780638]
 [1.85077089 1.59209232]
 [2.63951989 2.22023263]
 [2.01610236 2.27624079]
 [3.58464501 2.96197852]
 [1.87437972 2.31096758]
 [2.00932962 2.09192406]
 [0.60383592 0.66085196]
 [0.69177345 0.87043339]
 [1.72849411 2.02491481]
 [1.10741028 1.40173747]
 [1.57382844 1.88056681]
 [2.86636136 2.82828773]
 [2.45772575 2.57010749]
 [2.09289013 2.0503947 ]
 [1.47644397 1.63236415]
 [2.43960746 2.56606924]
 [2.92674229 2.69461514]
 [2.57087522 2.62599818]
 [0.91976721 1.38851736]
 [0.80755385 1.02732192]
 [2.14018735 1.79780927]
 [2.8968027  2.77411254]
 [0.26497271 0.59848664]
 [1.14602514 1.30165013]
 [3.154796   2.94277103]
 [2.49966186 2.33129469]
 [1.99609303 2.39088676]
 [1.90540746 1.97803481]
 [0.354592   0.45781196]
 [0.08287941 0.34138907]
 [1.60513157 1.67373598]
 [0.19864353 0.21100032]
 [2.69824555 2.6857811 ]
 [2.23317523 2.63110317]
 [1.26790875 0.82142911]
 [1.64180695 1.64269281]
 [1.93002006 1.71462628]
 [1.55851459 2.00638982]
 [0.19929963 0.40437935]
 [0.967082   1.0069914 ]
 [1.24145364 0.88523573]
 [3.01091827 2.89070126]
 [1.72839607 1.78687529]
 [1.5264415  1.11496373]
 [2.24368629 2.1129402 ]
 [0.88339447 1.17329737]
 [0.57517506 1.1202214 ]
 [1.17538818 1.38480624]
 [0.61386065 0.56270968]
 [2.35248838 2.48140801]
 [2.29978366 2.29161815]
 [0.63356692 0.73279999]
 [2.73227295 2.44932719]
 [3.02153422 2.87640755]
 [1.96942004 2.06686514]
 [1.95305249 2.08881025]
 [2.98444262 2.93877052]
 [2.2050331  2.21883589]
 [1.38600052 1.6044967 ]
 [2.74526722 2.40298367]
 [4.48021746 2.91816106]
 [0.35271022 0.22039996]
 [3.02606448 2.97121859]
 [0.4449911  0.55471677]
 [0.18931294 0.17275052]
 [0.82659245 0.59158904]
 [2.58099231 2.58967945]
 [2.32566972 2.42024043]
 [1.28330495 1.17429109]
 [0.28987907 0.41644955]
 [0.72892716 0.73464192]
 [2.78634115 2.72132717]
 [2.60156818 2.48540444]
 [2.52889693 2.47457569]
 [2.03144214 2.23124759]
 [1.4399344  0.94325167]
 [1.55506534 1.64546727]
 [2.39868784 2.84003004]
 [1.64573001 1.58400419]
 [1.15731468 1.28046405]
 [1.95132352 2.27947619]
 [0.45204858 0.38692795]
 [0.52631263 0.51818239]
 [4.39533201 2.92055658]
 [3.02711004 2.92871479]
 [3.09559817 2.95633474]
 [2.75997514 2.89174767]
 [1.98231345 1.8840697 ]
 [0.34892989 0.12563271]
 [0.99099615 0.66178225]
 [2.68001287 2.70234934]
 [1.17760978 0.88780516]
 [2.82866073 2.7264241 ]
 [1.86249383 1.8571189 ]
 [2.33775027 2.00082763]
 [2.06835082 2.05292887]
 [0.81396743 1.12524468]
 [2.05131623 2.27061867]
 [1.8275462  2.0492231 ]
 [2.82866073 2.66341121]
 [1.70111321 2.07023303]
 [3.07938647 2.68237705]
 [2.95365417 2.84668735]
 [2.20288649 1.79731482]
 [1.47644397 1.46733323]
 [1.91631728 2.06974568]
 [2.39887176 2.40990567]
 [1.72756752 2.06204679]
 [1.5572447  1.05972722]
 [2.21615071 2.06686514]
 [1.08984465 1.09516429]
 [1.62814826 1.67765014]
 [1.33419941 1.73678241]
 [1.93877945 2.08101148]
 [2.65686395 2.77052194]
 [0.78855749 0.68053585]
 [1.65922781 1.581996  ]
 [2.12403067 1.6847143 ]
 [2.56629238 2.33129469]
 [0.32721976 0.13533367]
 [1.53172014 1.66983428]
 [0.09940067 0.05867047]
 [2.57293029 2.78328064]
 [2.79179053 2.88591848]
 [0.25203573 0.16234098]
 [1.649054   1.75004916]
 [3.04551444 2.84347622]
 [2.02666785 2.23446027]
 [1.6374758  1.8500552 ]
 [1.29895847 1.61755341]
 [2.92879636 2.94311079]
 [1.67199797 2.09167816]
 [1.03812831 1.13283173]
 [0.84349521 0.65184678]
 [2.75380447 2.97154513]
 [2.94149793 2.59324835]
 [1.37984983 1.29596486]
 [0.28055351 0.36473919]
 [0.967082   1.0050907 ]
 [3.87430745 2.88215176]
 [3.01459221 2.97581451]
 [3.01792363 2.89174767]
 [1.16978973 1.58351572]
 [2.3856095  2.12221109]
 [4.38754993 2.91151787]
 [2.02438357 1.88635234]
 [2.10293845 2.0646536 ]
 [2.30892629 2.4818262 ]
 [2.94996388 2.82909744]
 [4.51397579 2.91816106]
 [2.67043406 2.31541224]
 [4.470345   2.98497057]
 [2.76410989 2.87313781]
 [2.58099231 2.62503644]
 [1.13969052 1.44908517]
 [1.74516852 1.58400419]
 [2.12335068 1.84643121]
 [2.6127458  2.48540444]
 [2.66368516 2.83198229]
 [0.99477141 1.24034776]
 [2.13744728 2.32927991]
 [1.26466836 1.17722663]
 [0.76901064 1.07124129]
 [2.95177989 2.89413202]
 [0.78931168 1.07022028]
 [1.89290297 2.1706473 ]
 [3.308453   2.95793253]
 [1.68116694 1.60802548]
 [0.78172852 1.11025259]
 [4.02431781 2.99641255]
 [3.58562404 2.97452743]
 [2.38475461 2.32563067]
 [0.42493717 0.60054635]
 [2.2148833  2.27624079]
 [0.09166321 0.16319487]
 [1.38637615 1.40824774]
 [1.240741   1.62807377]
 [2.76316195 2.30032376]
 [2.78634115 2.79271618]
 [1.39587701 1.63236415]
 [2.49333082 2.26421986]
 [2.41116235 2.72890657]
 [3.16772852 2.99982579]
 [4.8586984  2.97470362]
 [2.30752661 2.36118509]
 [3.91374707 2.98815717]
 [1.05137957 1.22245117]
 [1.32088064 0.98049205]
 [2.63515364 2.40156415]
 [2.59645811 2.59696609]
 [2.94126472 2.86817766]
 [0.48718706 0.55410834]]
