[[0.43379929 4.27441307 8.65190854 0.52291692]
 [1.68005678 1.30700616 9.63388057 2.58191717]
 [1.04256965 1.81511829 9.40087105 1.9611576 ]
 [0.454131   4.41948928 9.29574171 1.40800301]
 [1.25823323 1.90660622 9.63603167 2.93609384]
 [0.57152466 2.80940531 8.87781336 1.32397866]
 [1.43013754 1.81326152 9.28514043 2.26064701]
 [1.53394473 1.30542245 9.63388057 1.98582433]
 [1.01361591 1.48840387 9.88270674 4.43243337]
 [1.04256965 1.81511829 9.40986357 1.96035914]
 [0.43379929 3.19743038 8.65190854 0.6964567 ]
 [1.5181918  1.87338165 9.76842977 2.53198593]
 [0.74877171 1.50319589 9.29208869 1.72808211]
 [0.55867567 2.61920227 9.50437203 0.91937637]
 [0.55881271 2.44147124 9.44244279 3.79408385]
 [0.48751123 2.31089304 9.50330625 2.66182745]
 [2.42807103 0.38121768 9.33436269 4.35725139]
 [1.36202069 0.93245491 9.07479387 2.33786889]
 [1.05512123 5.33077488 9.95738593 4.57948067]
 [3.07004581 9.67988211 9.93201335 4.69692922]
 [1.5276828  0.60357706 9.01444423 4.37592995]
 [1.25823323 1.77423251 9.35740707 2.87486731]]
