[[1.52610864e-02 2.65060857e+04]
 [4.48927166e-02 9.16056255e+03]
 [4.91232333e-02 8.96634650e+03]
 [3.93752889e-02 1.06532184e+04]
 [3.39946541e-02 1.19017793e+04]
 [2.69897406e-02 1.55173060e+04]
 [3.69601535e-02 1.15706902e+04]
 [8.65147059e-03 5.46644892e+04]
 [3.70128177e-02 1.09776149e+04]
 [4.18541489e-02 9.65590185e+03]
 [1.31546121e-02 3.47853465e+04]
 [1.07192317e-02 3.87363394e+04]
 [2.54769990e-02 1.74213262e+04]
 [3.15247391e-02 1.32695640e+04]
 [8.73430708e-03 4.97827473e+04]
 [3.18475519e-02 1.27103137e+04]
 [5.58102404e-02 8.67738208e+03]
 [1.20622167e-02 3.74183468e+04]
 [2.37449270e-02 1.84067872e+04]
 [3.13492445e-02 1.34289154e+04]
 [4.37664957e-02 9.35419140e+03]
 [9.94202140e-03 4.21205463e+04]
 [1.75662574e-02 2.46631743e+04]
 [5.80348224e-03 8.04541568e+04]
 [5.25064956e-03 9.90916651e+04]
 [2.57065886e-02 1.59723699e+04]
 [2.40249579e-02 1.80470326e+04]
 [1.42412880e-02 3.02360048e+04]
 [2.11989407e-02 2.09003634e+04]
 [7.92635988e-03 6.79057266e+04]
 [3.01189828e-02 1.40019888e+04]
 [1.99404745e-02 2.32151828e+04]
 [2.13973988e-02 1.90026603e+04]
 [5.33460436e-02 8.72405872e+03]
 [6.36829802e-03 7.63712707e+04]
 [3.99773736e-02 1.03965465e+04]
 [3.85406487e-02 1.06573483e+04]
 [1.49964877e-02 2.73289500e+04]
 [1.01711712e-02 4.03712086e+04]
 [3.56100523e-02 1.16242545e+04]
 [8.51431822e-03 5.60427887e+04]
 [1.60142512e-02 2.54861304e+04]
 [1.75133236e-02 2.48405804e+04]
 [2.52572611e-02 1.75564500e+04]
 [7.87719635e-02 8.52731649e+03]
 [9.91361416e-03 4.71298943e+04]
 [8.06898037e-03 6.58229125e+04]
 [4.76571903e-02 9.06824180e+03]
 [2.01073629e-02 2.19789448e+04]
 [2.79055992e-02 1.45091574e+04]
 [4.98946649e-02 8.79395694e+03]
 [4.86371270e-02 8.99394831e+03]
 [2.35398027e-02 1.85584453e+04]
 [5.36279173e-03 8.36247164e+04]
 [2.28053864e-02 1.88295130e+04]
 [2.46533822e-02 1.77226605e+04]
 [1.01071010e-02 4.08332278e+04]
 [4.49463955e-02 9.11499862e+03]
 [4.05318934e-02 1.00365936e+04]
 [5.95845988e-02 8.65527706e+03]
 [3.02096958e-02 1.34370823e+04]
 [3.96868964e-02 1.04767458e+04]]
