[[-195.6685916    92.12685668]
 [-198.05702277   94.80423477]
 [-124.49817737   28.71742172]
 [-122.16242784   28.50562259]
 [-114.26329665   24.95618943]
 [-196.01398161   93.10082311]
 [-199.28282345   96.8762534 ]
 [ -78.95786106   12.03750321]
 [-173.08391645   52.46128122]
 [-185.95032694   58.24783098]
 [-165.05385014   45.18281205]
 [-121.01987955   26.87758383]
 [ -80.64364573   19.22890983]
 [-106.38183426   22.68588416]
 [ -75.86141751   10.86241966]
 [-176.31161823   52.93809299]
 [-154.07994729   29.46164893]
 [-198.69380346   96.165358  ]
 [-188.0806851    74.53567264]]
