[[1.45988514e+01 1.87473437e-03]
 [3.77864216e+01 4.63390900e-04]
 [2.39256388e+01 7.52601760e-04]
 [2.34373915e+01 8.77712687e-04]
 [1.55646146e+01 1.48768329e-03]
 [1.06744949e+01 2.90088631e-03]
 [2.50460151e+01 7.39283433e-04]
 [1.48207398e+01 1.87109090e-03]
 [2.39260481e+01 7.40293392e-04]
 [3.55678168e+01 5.69073409e-04]
 [1.54262010e+01 1.62091527e-03]
 [1.24648136e+01 2.01240709e-03]
 [4.75071122e+00 6.25508893e-03]
 [9.20102920e+00 3.46080865e-03]
 [6.15948014e+00 5.02886785e-03]
 [2.00976233e+01 1.21515866e-03]
 [1.45972416e+01 1.97290035e-03]
 [3.57555772e+01 5.22584846e-04]
 [1.49089720e+01 1.62689834e-03]
 [2.22859017e+01 9.00272902e-04]
 [4.24613935e+00 1.66321866e-02]
 [4.96900412e+00 6.21948157e-03]
 [3.59638239e+01 4.79850767e-04]
 [3.33395537e+01 6.28252297e-04]
 [4.78432407e+01 4.51508307e-04]
 [2.52204976e+01 7.01541398e-04]
 [1.73657062e+01 1.21902844e-03]
 [2.08993065e+01 1.14677493e-03]
 [2.20014366e+01 1.11956973e-03]
 [3.07788160e+01 6.98203674e-04]
 [1.09266947e+01 2.69460924e-03]
 [2.21957850e+01 1.07110809e-03]]
