[[1.52610864e-02 2.65060857e+04]
 [1.69870331e-02 2.59225653e+04]
 [3.93752889e-02 1.06532184e+04]
 [3.39946541e-02 1.19017793e+04]
 [3.70128177e-02 1.09776149e+04]
 [4.18541489e-02 9.65590185e+03]
 [1.07192317e-02 3.87363394e+04]
 [3.15247391e-02 1.32695640e+04]
 [8.73430708e-03 4.97827473e+04]
 [3.18475519e-02 1.27103137e+04]
 [3.13492445e-02 1.34289154e+04]
 [2.89231505e-02 1.45152970e+04]
 [3.01721906e-02 1.43592869e+04]
 [4.37664957e-02 9.35419140e+03]
 [9.94202140e-03 4.21205463e+04]
 [5.25064956e-03 9.90916651e+04]
 [3.07168005e-02 1.42185288e+04]
 [2.57065886e-02 1.59723699e+04]
 [2.87598217e-02 1.46498564e+04]
 [2.40249579e-02 1.80470326e+04]
 [1.42412880e-02 3.02360048e+04]
 [6.75980998e-03 7.00447319e+04]
 [1.70784289e-02 2.42580534e+04]
 [2.10724447e-02 2.01569214e+04]
 [2.67020365e-02 1.54429463e+04]
 [1.20171104e-02 3.44227186e+04]
 [4.91829980e-02 8.62012411e+03]
 [1.54483674e-02 2.63707747e+04]
 [1.34421772e-02 3.27750145e+04]
 [1.41305917e-02 3.02861452e+04]
 [1.36354199e-02 3.25897011e+04]
 [1.01823164e-02 4.05715442e+04]
 [2.42577061e-02 1.78490195e+04]
 [1.55200583e-02 2.60233345e+04]
 [8.62184381e-03 5.07885744e+04]
 [1.65041246e-02 2.59575106e+04]
 [1.46881686e-02 2.95371920e+04]
 [1.47229678e-02 2.91955766e+04]
 [5.63129745e-03 8.55181906e+04]
 [6.18829394e-03 7.22251227e+04]
 [2.55101584e-02 1.62102128e+04]
 [1.39850222e-02 3.07673384e+04]
 [4.34866401e-02 9.53538623e+03]
 [2.47017200e-02 1.73527234e+04]
 [5.55763792e-02 8.47264338e+03]
 [2.71358986e-02 1.51415775e+04]
 [3.76622167e-02 1.08309274e+04]
 [5.79763241e-03 7.31264398e+04]
 [3.24700844e-02 1.24452174e+04]
 [4.89618894e-02 8.86399198e+03]
 [2.11754232e-02 1.93890771e+04]
 [1.00690594e-02 4.20228638e+04]
 [2.25777175e-02 1.87026776e+04]
 [1.96186962e-02 2.14088271e+04]
 [7.99575326e-03 5.88829845e+04]
 [5.41339955e-03 9.16518444e+04]
 [1.82752566e-02 2.22154540e+04]
 [2.44216735e-02 1.74299697e+04]
 [2.28254510e-02 1.83104801e+04]
 [8.87069711e-03 4.73722326e+04]
 [2.97418703e-02 1.45073180e+04]
 [2.77063977e-02 1.47429077e+04]
 [3.99337598e-02 1.02951318e+04]
 [3.95534463e-02 1.04659341e+04]
 [1.30225475e-02 3.32251637e+04]
 [7.52017588e-03 6.61820008e+04]
 [4.32591485e-02 9.64831088e+03]
 [3.56125879e-02 1.14910237e+04]
 [3.40530306e-02 1.17774767e+04]
 [1.38644516e-02 3.12186546e+04]
 [3.65521955e-02 1.10229612e+04]
 [1.49292706e-02 2.72256542e+04]
 [4.70736925e-02 8.98376390e+03]
 [4.44094060e-02 9.08950372e+03]
 [4.15026401e-02 9.78140514e+03]]
