[[3.91089637e-08 4.99987786e+01]
 [1.35975400e+02 4.00000068e+00]
 [1.32121720e+00 4.23788761e+01]
 [7.23330115e+01 7.98053385e+00]
 [5.26409646e+01 1.20370109e+01]
 [1.03565489e+02 4.85271522e+00]
 [2.00260008e+01 2.36208579e+01]
 [5.62943065e+00 3.70795041e+01]
 [6.45301913e-04 4.98726472e+01]
 [1.37900245e+01 2.71906540e+01]
 [1.26929144e+01 2.86346021e+01]
 [7.60994518e+00 3.24072362e+01]
 [8.73409004e+01 6.01000811e+00]
 [1.31604850e+02 4.01234657e+00]
 [3.49721520e+01 1.69268443e+01]
 [7.61115548e+01 7.46875721e+00]
 [1.17426655e+02 4.23894890e+00]
 [9.34312339e+01 5.46650646e+00]
 [1.17485470e+02 4.23736142e+00]
 [5.07635706e+01 1.25924059e+01]]
