[[1.52610864e-02 2.65060857e+04]
 [1.69870331e-02 2.59225653e+04]
 [3.39946541e-02 1.19017793e+04]
 [4.45896166e-02 9.16056255e+03]
 [1.51862427e-02 2.65766899e+04]
 [2.45929532e-02 1.65290003e+04]
 [1.49634784e-02 2.75959451e+04]
 [4.67480914e-03 9.67145148e+04]
 [2.77728395e-02 1.50350921e+04]
 [2.21536099e-02 1.90002935e+04]
 [4.48023712e-02 9.03995945e+03]
 [1.87815302e-02 2.27051825e+04]
 [1.72735891e-02 2.57351711e+04]
 [3.15622167e-02 1.30138657e+04]
 [1.77153113e-02 2.28007841e+04]
 [4.72924638e-03 8.98673852e+04]
 [4.28830241e-02 9.46178436e+03]
 [4.39913951e-02 9.38170215e+03]
 [4.44571372e-02 9.17890429e+03]
 [3.10572571e-02 1.38516311e+04]
 [2.57912047e-02 1.56425132e+04]
 [3.88682048e-02 1.04459783e+04]
 [2.89905759e-02 1.40948093e+04]
 [2.51794652e-02 1.65205122e+04]
 [2.76158901e-02 1.50582544e+04]
 [1.35998995e-02 3.28335027e+04]
 [3.91365150e-02 1.04181377e+04]
 [1.18304951e-02 3.53719473e+04]
 [3.54830124e-02 1.15541620e+04]
 [3.23151602e-02 1.28577336e+04]
 [5.40539154e-02 8.53349303e+03]
 [1.98625119e-02 2.21280529e+04]
 [3.45548152e-02 1.18940859e+04]
 [3.24232572e-02 1.27678220e+04]
 [2.45397968e-02 1.65967194e+04]
 [4.20881357e-02 9.70621633e+03]
 [2.28412632e-02 1.87879722e+04]
 [4.67464315e-03 9.67184207e+04]
 [2.86800840e-02 1.44554682e+04]
 [6.81548217e-03 6.18958738e+04]
 [4.81720948e-02 8.75696839e+03]
 [3.55892978e-02 1.14992830e+04]
 [4.60691142e-02 8.88703696e+03]
 [1.06572482e-02 3.79364292e+04]
 [3.75685748e-02 1.06976852e+04]
 [4.91393918e-03 8.91554102e+04]
 [2.43155197e-02 1.71165328e+04]
 [8.92057705e-03 4.54479720e+04]
 [4.69694339e-03 9.00070105e+04]
 [2.53522993e-02 1.61041969e+04]
 [4.16537598e-02 9.84109978e+03]
 [1.47001105e-02 2.77491235e+04]
 [4.09405099e-02 9.84878413e+03]
 [2.21091363e-02 1.90248778e+04]
 [4.53861692e-02 9.03248863e+03]
 [4.67357465e-03 9.67435774e+04]
 [5.01986017e-03 8.15493307e+04]
 [1.16928878e-02 3.55599117e+04]
 [3.47503090e-02 1.18909530e+04]
 [2.06851204e-02 2.02369393e+04]
 [3.62504022e-02 1.14815409e+04]
 [6.76235738e-03 6.38387763e+04]
 [3.52075951e-02 1.17012882e+04]
 [3.34081486e-02 1.19823252e+04]
 [8.69851627e-03 4.65318257e+04]
 [2.89568528e-02 1.43601592e+04]
 [1.02771014e-02 4.04992247e+04]
 [2.20995814e-02 1.90422205e+04]
 [7.56287861e-03 6.05684498e+04]
 [5.66802575e-03 7.20081117e+04]
 [1.01055367e-02 4.16775559e+04]
 [2.63832406e-02 1.55876155e+04]
 [4.49018248e-03 9.69488258e+04]
 [4.83893107e-02 8.61292243e+03]
 [1.01671838e-02 4.14065825e+04]
 [3.73847176e-02 1.13546031e+04]
 [7.87741596e-03 5.35965862e+04]
 [8.66231981e-03 4.98620952e+04]
 [2.16392259e-02 1.96490873e+04]
 [1.30111932e-02 3.29196363e+04]
 [1.24392004e-02 3.39433078e+04]
 [3.32561377e-02 1.20939355e+04]
 [4.62993274e-02 8.83059297e+03]
 [5.99283553e-02 8.45169015e+03]
 [1.54568711e-02 2.62530127e+04]
 [2.00820978e-02 2.05246152e+04]
 [5.19279501e-02 8.57339974e+03]
 [3.53050756e-02 1.16105351e+04]
 [9.91193719e-03 4.18055451e+04]
 [4.17701884e-02 9.74887814e+03]
 [1.69379604e-02 2.60709832e+04]
 [3.96190649e-02 1.02381666e+04]
 [9.56869625e-03 4.23868820e+04]
 [6.47436363e-03 6.77236267e+04]
 [9.13825741e-03 4.44476331e+04]
 [1.37575677e-02 2.94415623e+04]
 [1.25748004e-02 3.31773900e+04]
 [2.30132524e-02 1.85037332e+04]
 [1.99929189e-02 2.05302134e+04]
 [2.86366632e-02 1.48190495e+04]
 [1.74094474e-02 2.33703190e+04]
 [2.53017161e-02 1.61591907e+04]
 [5.15317592e-02 8.60402776e+03]
 [3.72347277e-02 1.14625587e+04]
 [8.74800823e-03 4.60395388e+04]
 [2.40878441e-02 1.74653556e+04]
 [7.35251780e-03 6.08474375e+04]
 [6.08550970e-03 6.89812527e+04]]
