[[1.86260211e-03 3.45560727e-03 1.79353495e+00]
 [4.30247271e-03 9.73802078e-03 2.35560178e+00]
 [1.98569888e-03 4.26701009e-03 1.68669248e+00]
 [5.41559379e-03 9.74740371e-03 2.27320880e+00]
 [3.81016124e-03 7.49858311e-03 2.02228296e+00]
 [2.74119775e-03 5.60529991e-03 2.34345957e+00]
 [2.95482286e-03 7.31606471e-03 2.89061688e+00]
 [4.44117107e-03 8.28135361e-03 1.85269631e+00]
 [4.32981507e-03 9.09311989e-03 2.21095800e+00]
 [1.61510770e-03 3.42440641e-03 1.52376081e+00]
 [1.15103041e-03 2.27001165e-03 2.19196477e+00]
 [9.94405629e-04 1.15035012e-03 1.74681426e+00]
 [3.72748802e-03 7.10354578e-03 1.91128685e+00]
 [1.01581476e-03 2.25806922e-03 2.94264094e+00]
 [3.14417222e-03 6.05896361e-03 2.18969427e+00]
 [4.79737567e-03 9.46676679e-03 2.10686741e+00]
 [8.48018217e-04 2.02463036e-03 2.70847595e+00]
 [9.04097157e-04 1.28975984e-03 1.21052505e+00]
 [4.93963846e-04 1.50455028e-03 1.79070095e+00]
 [6.19392166e-03 9.80699036e-03 2.28692504e+00]
 [2.37214058e-03 5.39490891e-03 2.49856157e+00]
 [1.32906238e-03 2.83462432e-03 2.60128235e+00]
 [1.93864860e-03 4.95112363e-03 2.27024992e+00]
 [2.92726562e-03 4.13690736e-03 1.42943139e+00]
 [1.08067485e-03 1.91272052e-03 1.77409247e+00]
 [3.83665359e-03 6.83464900e-03 1.79598128e+00]
 [4.43967589e-03 8.28135361e-03 1.68018573e+00]
 [3.72748802e-03 6.86039987e-03 1.91128685e+00]
 [3.85203678e-03 8.57952930e-03 2.28106120e+00]
 [4.28957892e-03 9.55841930e-03 2.29017128e+00]
 [2.96338561e-03 5.28145850e-03 2.05895371e+00]
 [3.44002966e-03 6.51007609e-03 1.98613449e+00]
 [2.26673650e-03 4.97978633e-03 2.37884019e+00]
 [3.01007943e-03 6.21478808e-03 2.03557345e+00]
 [4.87965898e-03 9.43936786e-03 1.79397642e+00]
 [6.75246463e-03 9.96551716e-03 2.97832487e+00]
 [1.16627441e-03 2.27001165e-03 2.19423272e+00]
 [4.65133944e-03 7.62145962e-03 1.51332198e+00]
 [7.55026486e-04 1.79592768e-03 1.74336778e+00]
 [2.01596634e-03 3.58711930e-03 2.48559436e+00]
 [8.62013646e-04 1.61519689e-03 2.32278637e+00]
 [4.56115882e-03 9.91750796e-03 2.21095800e+00]
 [4.69721124e-03 8.40743044e-03 1.91472036e+00]
 [2.32863352e-03 4.52405703e-03 2.20365382e+00]
 [2.00385789e-03 2.97079220e-03 1.14344757e+00]
 [5.72553819e-03 9.99685608e-03 2.64263862e+00]
 [5.48223911e-03 9.89444367e-03 2.55295454e+00]
 [1.93864860e-03 4.82864934e-03 2.24005428e+00]
 [2.10687070e-03 3.75331625e-03 1.82321757e+00]
 [1.03856750e-03 1.50455028e-03 1.75128366e+00]
 [3.52601980e-03 7.47124379e-03 2.40549458e+00]
 [4.92854938e-03 9.63628866e-03 2.54105773e+00]
 [5.13016919e-03 9.48836288e-03 1.64144654e+00]
 [4.01318436e-03 9.04325936e-03 2.46327135e+00]]
