[[0.51609383 3.65498525 9.99999927 4.99999798]
 [0.32172631 3.55774053 9.71264043 0.32643426]
 [0.41271001 2.59617771 9.99990844 1.38560031]
 [0.33052945 3.35372483 9.99772367 0.45597908]
 [0.42453748 2.4505842  9.99994053 0.53848333]
 [0.55679646 2.07198043 9.99947692 1.00033617]
 [0.32646163 3.46364594 9.99711642 0.36116918]
 [0.60422123 2.25511172 9.81567928 3.57307977]
 [0.42999423 2.44482359 9.99944646 0.71192777]
 [0.60489369 2.26744389 9.99999273 2.89304618]
 [0.4288168  2.44482359 9.99944646 0.80846297]
 [0.32575623 3.62593833 9.88707392 0.42426092]
 [0.51313971 2.61541796 9.99999961 1.61313694]
 [0.32634887 3.65015684 9.99719095 0.39042322]
 [0.42718555 3.66311329 9.99985069 1.84318698]
 [0.60489369 2.26744389 9.99993403 3.87535365]
 [0.43888325 3.60837606 9.99999927 4.8537229 ]
 [0.46036649 2.57095486 9.92034162 0.63946636]
 [0.32543017 3.65502853 9.99748249 0.33022747]
 [0.41329055 2.58780191 9.74492034 0.6376623 ]
 [0.32022222 3.65503122 9.9275273  0.33022747]
 [0.76328776 2.07604122 9.99839379 4.81519282]
 [0.55679646 2.07198043 9.99960333 0.89684516]
 [0.41139745 2.58919826 9.93460694 2.34728576]
 [0.51378968 2.25409291 9.99931474 4.33216241]
 [0.40387601 2.66867218 9.95268433 4.19330749]
 [0.51744157 2.47538629 9.91677745 4.65353621]
 [0.41271001 2.60340724 9.99701833 1.52431088]
 [0.41139745 2.84236124 9.93542208 2.06240238]
 [0.34333811 3.57098849 9.9976454  2.32442238]]
