[[0.39308128 4.7509115  9.79688521 2.09125881]
 [1.48066461 0.64065596 9.34563582 4.30724838]
 [0.91997175 1.27108578 9.96809104 4.27690039]
 [0.39308128 4.7509115  9.83472406 2.09125881]
 [0.97459922 1.27108578 9.96671158 0.99614344]
 [0.35641342 4.65550183 8.71904831 0.66220054]
 [1.33330908 1.44483334 9.55780954 1.76532854]
 [0.994954   1.25004865 9.735974   3.00094713]
 [0.43233245 4.45222455 9.08715034 0.58313452]
 [0.75651532 1.57952331 9.16597945 2.99912358]
 [1.23186303 1.5157577  9.58421371 2.76211681]
 [0.54471464 2.81100449 9.25215072 2.04328231]
 [4.18962763 1.27108578 9.9881978  4.98938322]
 [1.48066461 0.64065596 9.34563582 4.21395009]
 [0.3406024  4.44427053 9.76098115 4.91771018]
 [0.40725412 6.37482516 9.57340828 0.52291692]
 [0.63919492 1.69403813 9.82506457 1.62385909]
 [0.35436493 3.79503794 9.09073078 0.88802664]
 [0.43233245 4.53414591 9.0843728  0.71303521]
 [0.39485918 3.30796113 8.65190854 0.87809597]
 [0.35436493 3.79503794 9.09073078 0.99990427]
 [0.33112825 4.64082071 7.88418241 0.44966622]
 [1.52580503 1.46183851 9.86483743 4.49558479]
 [0.74237041 1.54914465 9.76876556 3.52564765]
 [4.18962763 0.60464201 9.94113558 4.98998595]
 [0.91997175 1.27108578 9.75013677 4.27690039]
 [0.25151151 5.98428898 9.98760574 4.73092614]
 [4.06502812 5.82040691 9.98760574 4.99214907]
 [0.89224836 1.27108578 9.96427225 0.99614344]
 [0.29649322 4.45222455 8.96108899 0.58313452]
 [0.62157721 1.74269122 9.4072756  2.62688757]
 [0.31881762 4.08205057 9.0940253  0.54086867]
 [0.75651532 1.57952331 9.55298496 2.99912358]
 [0.76409635 1.77585335 9.98483231 1.34954142]
 [1.51984653 0.64065596 9.70543024 4.30724838]
 [0.34777752 4.27441307 9.17452374 0.47523343]
 [0.91299099 2.10576104 9.80889814 2.07432851]
 [0.56048392 3.03532044 9.92260617 1.93002717]]
