[[0.43379929 4.27441307 8.65190854 0.52291692]
 [1.52433924 1.41875043 9.37709581 4.04857475]
 [1.4989948  1.86709885 9.70171865 3.74195519]
 [1.68005678 1.30700616 9.63388057 2.58191717]
 [0.55867567 3.33434245 9.48881637 0.91937637]
 [1.04256965 1.81511829 9.40087105 1.9611576 ]
 [0.454131   4.41948928 9.29574171 1.40800301]
 [1.25823323 1.90660622 9.63603167 2.93609384]
 [0.57152466 2.80940531 8.87781336 1.32397866]
 [2.73608437 1.00560008 9.7119661  2.96761707]
 [0.28601646 7.90294615 7.13085972 0.5102795 ]
 [2.38949899 4.70154493 9.92108219 4.81587025]
 [1.4989948  1.86709885 9.72824363 3.74195519]
 [1.04256965 1.81511829 9.39116531 1.9611576 ]
 [1.62077315 1.42142847 9.62793017 4.047283  ]
 [0.49478405 3.11915985 8.82356635 0.73963259]
 [1.20240321 2.50032205 9.89769381 2.11600828]
 [1.25442542 8.45817405 9.82763891 4.93091228]
 [0.62822678 2.41258883 9.09509548 1.4283902 ]
 [1.035918   3.10049869 9.59059862 1.86039082]
 [1.68005678 1.31163887 9.95302118 2.58601027]
 [1.33061268 1.77797242 9.36957016 4.41803077]
 [1.25823323 1.90660622 9.63603167 2.25437499]
 [1.53808889 1.48172861 9.96129431 4.22528313]
 [1.41868777 1.72095656 8.81692439 3.99469277]
 [3.10666836 1.36407133 9.8049594  4.9345423 ]
 [0.52797523 5.26156423 9.81340468 1.97118005]
 [1.68797863 0.69789068 8.65502654 2.19958746]
 [1.97058039 1.57846006 9.86838049 4.51118394]
 [0.5427768  4.26179131 9.98915893 1.33697671]
 [1.51630771 1.8735881  9.65598628 2.38417813]]
