[[2.08511002 2.16097348]
 [0.93130106 1.03668218]
 [1.98383737 1.6164502 ]
 [2.09597257 2.0556585 ]
 [2.08652401 1.67606949]
 [0.70193469 0.59430447]
 [1.05814058 0.79663998]
 [1.63322451 1.58117431]
 [3.45448459 2.99196855]
 [0.09940067 0.07863296]
 [2.76410989 2.52609268]
 [2.92879636 2.90878724]
 [0.29958845 0.36403037]
 [0.22275939 0.32248239]
 [1.1992388  1.48130914]
 [2.62335155 2.77442391]
 [3.08389179 2.84704896]
 [0.88098128 0.99619072]
 [2.9100709  2.63649595]
 [2.63857323 2.40648325]
 [2.59505814 2.31265173]
 [2.07924359 1.8500552 ]
 [3.91374707 2.97141535]
 [1.23866451 0.78651925]
 [1.10716367 0.80121606]
 [0.09166321 0.20017499]
 [1.9742524  2.24081549]
 [4.52904748 2.96986554]
 [0.73396187 0.79289245]
 [2.58633799 2.74921756]
 [0.43741105 0.68192921]
 [2.85357926 2.99026028]
 [2.46035901 2.19027363]
 [1.69354013 1.57168841]
 [2.42214223 2.57795342]
 [0.13313942 0.33276111]
 [0.79916825 0.60780638]
 [2.63951989 2.22023263]
 [2.01610236 2.27624079]
 [3.58464501 2.96197852]
 [2.00932962 2.09192406]
 [0.60383592 0.66085196]
 [0.69177345 0.87043339]
 [1.72849411 2.02491481]
 [1.10741028 1.40173747]
 [2.86636136 2.82828773]
 [2.45772575 2.57010749]
 [2.09289013 2.0503947 ]
 [1.47644397 1.63236415]
 [2.43960746 2.56606924]
 [2.92674229 2.69461514]
 [2.57087522 2.62599818]
 [0.80755385 1.02732192]
 [2.14018735 1.79780927]
 [2.8968027  2.77411254]
 [1.91233729 1.40936712]
 [3.154796   2.94277103]
 [2.51754755 2.8977992 ]
 [2.49966186 2.33129469]
 [1.90540746 1.97803481]
 [0.354592   0.45781196]
 [1.60513157 1.67373598]
 [0.19864353 0.21100032]
 [2.69824555 2.6857811 ]
 [2.23317523 2.63110317]
 [1.64180695 1.64269281]
 [1.93002006 1.71462628]
 [0.19929963 0.40437935]
 [0.967082   1.0069914 ]
 [2.16177797 2.5431014 ]
 [3.01091827 2.89070126]
 [1.72839607 1.78687529]
 [2.24368629 2.1129402 ]
 [0.88339447 1.17329737]
 [1.17538818 1.38480624]
 [0.61386065 0.56270968]
 [2.35248838 2.48140801]
 [2.29978366 2.29161815]
 [0.63356692 0.73279999]
 [2.73227295 2.44932719]
 [3.02153422 2.87640755]
 [1.96942004 2.06686514]
 [1.95305249 2.08881025]
 [3.06556168 2.8072088 ]
 [2.98444262 2.93877052]
 [2.2050331  2.21883589]
 [1.38600052 1.6044967 ]
 [2.74526722 2.40298367]
 [0.35271022 0.22039996]
 [3.02606448 2.97121859]
 [0.4449911  0.55471677]
 [0.18931294 0.17275052]
 [0.82659245 0.59158904]
 [2.58099231 2.58967945]
 [1.39164065 1.91992371]
 [2.32566972 2.42024043]
 [1.28330495 1.17429109]
 [0.28987907 0.41644955]
 [0.72892716 0.73464192]
 [2.78634115 2.72132717]
 [2.60156818 2.48540444]
 [2.52889693 2.47457569]
 [2.03144214 2.23124759]
 [1.55506534 1.64546727]
 [1.64573001 1.58400419]
 [1.15731468 1.28046405]
 [0.45204858 0.38692795]
 [0.52631263 0.51818239]
 [4.39533201 2.92055658]
 [3.02711004 2.92871479]
 [3.09559817 2.95633474]
 [2.75997514 2.89174767]
 [1.98231345 1.8840697 ]
 [0.34892989 0.12563271]
 [0.99099615 0.66178225]
 [2.68001287 2.70234934]
 [1.17760978 0.88780516]
 [2.82866073 2.7264241 ]
 [1.86249383 1.8571189 ]
 [2.33775027 2.00082763]
 [2.06835082 2.05292887]
 [2.12862206 1.80602352]
 [1.09576903 1.28640208]
 [3.09696083 2.94209711]
 [1.02461073 0.78426214]
 [2.85504381 2.8921084 ]
 [0.87666296 1.02344047]
 [1.48064962 1.59876768]
 [0.3354473  0.59594479]
 [1.36200425 1.79636675]
 [3.70982118 2.94864236]
 [2.08050386 1.5947504 ]
 [0.36257764 0.51810326]
 [2.47747491 2.47337883]
 [1.69770434 2.11349159]
 [0.66453119 0.8503873 ]
 [2.09974127 1.80836029]
 [2.40722949 2.41078388]
 [1.40096318 1.35408558]
 [1.3981059  1.27053016]
 [2.21751921 2.09352497]
 [1.89054293 2.08798953]
 [0.51409184 0.5875027 ]
 [0.94569187 1.18075024]
 [1.37237056 1.58014758]
 [2.48782192 2.46353089]
 [2.2022028  2.26252508]
 [1.95386537 1.4017157 ]
 [0.7337369  0.85194968]
 [1.5109075  1.10019594]
 [1.00798317 0.98257217]
 [2.28852644 2.26386668]
 [1.37731013 1.52822574]
 [1.77451255 1.9605931 ]
 [2.71308206 2.65216864]
 [3.48439163 2.71742525]
 [0.99116145 0.85714949]
 [2.2376419  2.55371299]
 [1.39179665 1.4624139 ]
 [0.16454358 0.340233  ]
 [1.25480769 1.27947884]
 [0.57913373 0.81165598]
 [2.52881674 2.35950229]
 [2.94454352 2.52755463]
 [1.68360545 1.75928826]
 [0.811225   0.58378121]
 [0.07544654 0.09658321]
 [0.57646713 0.62429223]
 [1.95305249 1.41288886]
 [4.1711648  2.99162876]
 [3.15823313 2.94744693]
 [0.18791926 0.36959609]
 [2.05951567 2.01741795]
 [2.2022028  2.18913655]
 [3.72565634 2.94864236]
 [3.28368447 2.95939427]
 [1.38600052 1.76636099]
 [1.69967343 1.80779522]
 [1.1387259  0.86880824]
 [4.03682632 2.9607107 ]
 [2.83343078 2.95732114]
 [1.23242988 1.174543  ]
 [0.66979478 0.83562175]
 [2.56579368 2.32821154]
 [2.57443518 2.86974353]
 [2.35909531 2.78151794]
 [1.97824136 2.35427426]
 [1.93398497 1.65196797]
 [2.85419308 2.87837042]
 [2.80112331 2.72132717]
 [1.67917372 1.5426136 ]
 [1.2533403  1.32921366]
 [2.63857323 2.22186743]
 [1.57177059 1.4243231 ]
 [2.58633799 2.7542977 ]
 [1.98307176 1.85876022]
 [2.31846526 2.27733018]
 [2.51066065 2.01239662]
 [0.35493633 0.15819214]
 [0.7227277  0.82454836]
 [2.80474378 2.97016628]
 [1.37193836 1.34054394]
 [2.27546073 1.91442514]
 [0.18791926 0.4063707 ]
 [1.64513802 1.61454607]
 [2.36555976 2.20332791]
 [1.66699351 1.88906321]
 [0.03537922 0.07642871]
 [1.71393448 1.4679779 ]
 [1.28559147 1.46380952]
 [2.33383434 2.43417352]
 [4.14211953 2.92947075]
 [1.02901255 1.24738399]
 [2.10393444 1.57713477]
 [1.42384807 1.63236415]
 [1.4376297  1.21377837]
 [1.94887218 2.0492231 ]
 [1.90662434 2.10017592]
 [0.171817   0.25617042]
 [0.82552384 0.48532853]
 [0.8862045  1.30709906]
 [1.4399344  1.6565763 ]
 [4.40647947 2.94661517]
 [0.0914555  0.03209701]
 [3.66919036 2.84537521]
 [1.14920079 1.6378493 ]
 [0.52631263 0.50172818]
 [2.87649881 2.55786341]
 [0.34608983 0.47266438]
 [2.76410989 2.51951091]
 [3.6491037  2.97782931]
 [0.51409184 0.3742496 ]
 [0.72779116 0.63336277]
 [2.18668336 2.05292887]
 [0.7322749  0.95173825]
 [1.43887669 1.28268806]
 [2.47383622 2.68910175]
 [3.91127647 2.96197852]
 [2.90352528 2.94193535]
 [2.86210081 2.71950922]
 [0.88339447 1.29845153]
 [1.36026324 1.54111676]
 [1.08643587 1.29702841]
 [3.6538855  2.93920076]
 [3.17593607 2.88747669]
 [0.79608686 0.8377641 ]
 [3.58464501 2.95668004]
 [1.15375613 1.64269281]
 [1.29609063 1.4051638 ]
 [2.73227295 2.51329659]
 [3.72959177 2.9727469 ]
 [3.02153422 2.85953122]
 [1.42826806 1.48127795]
 [3.42039414 2.91396141]
 [4.94088634 2.96929797]
 [2.9555182  2.95608339]
 [2.12835737 1.9784325 ]
 [2.91699392 2.56916728]
 [2.67632498 2.669842  ]
 [0.35533677 0.48531798]
 [1.54320974 1.87735993]
 [1.27781791 1.18389956]
 [0.56362131 0.34326109]
 [3.29284021 2.97449745]
 [2.50535543 2.77036865]
 [2.5396085  2.25665685]
 [0.83529097 0.64685577]
 [1.72839607 1.79185035]
 [0.60163845 0.33243955]
 [0.57066626 0.50588067]
 [0.72252688 0.40833946]
 [0.9280376  0.90365306]
 [2.96372993 2.7187376 ]
 [1.39179665 1.33804541]
 [3.04359183 2.89840484]
 [0.8800017  0.7386332 ]
 [1.27620109 1.17429109]
 [2.60829657 2.07277729]
 [1.39252086 1.95121622]
 [1.7877859  1.66359541]
 [0.94372533 0.95180299]
 [3.18085578 2.89599282]
 [1.62047332 1.99464646]
 [0.45565297 0.2795609 ]
 [2.91495453 2.72132717]
 [1.6665137  1.44646177]
 [2.45772575 2.56458029]
 [1.95428121 2.00638982]
 [1.62538077 1.434283  ]
 [2.44181708 2.18485249]
 [1.13904412 0.9790189 ]
 [3.31068366 2.94366055]
 [1.1233138  1.2026212 ]
 [2.85357926 2.98630516]
 [0.00578871 0.21100032]
 [1.2052616  1.05196951]
 [2.08652401 1.97551203]
 [2.51502598 2.46094463]
 [2.95928199 2.92871479]]
