[[2.08511002 2.16097348]
 [0.93130106 1.03668218]
 [1.98383737 1.6164502 ]
 [2.09597257 2.0556585 ]
 [0.70193469 0.59430447]
 [1.05814058 0.79663998]
 [1.63322451 1.58117431]
 [3.45448459 2.99196855]
 [0.09940067 0.07863296]
 [2.76410989 2.52609268]
 [0.62086658 0.83755104]
 [2.92879636 2.90878724]
 [0.29958845 0.36403037]
 [0.22275939 0.32248239]
 [1.1992388  1.48130914]
 [2.62335155 2.77442391]
 [3.08389179 2.84704896]
 [0.88098128 0.99619072]
 [2.9100709  2.63649595]
 [2.16838174 2.42208159]
 [1.42788141 1.76050002]
 [0.99284944 1.28010303]
 [2.63857323 2.40648325]
 [2.59505814 2.31265173]
 [2.07924359 1.8500552 ]
 [3.91374707 2.97141535]
 [1.10716367 0.80121606]
 [0.09166321 0.20017499]
 [1.9742524  2.24081549]
 [4.52904748 2.96986554]
 [0.73396187 0.79289245]
 [2.58633799 2.74921756]
 [2.85357926 2.99026028]
 [2.46035901 2.19027363]
 [1.69354013 1.57168841]
 [0.62411272 0.93750414]
 [2.42214223 2.57795342]
 [1.37059888 1.68158997]
 [0.40264764 0.69510693]
 [0.79916825 0.60780638]
 [2.60583328 2.71276966]
 [2.03054802 2.0496793 ]
 [1.72368326 1.99064145]
 [2.58923494 2.57795342]
 [1.88290157 2.07462135]
 [0.35639813 0.33950609]
 [2.86596586 2.99398674]
 [2.88738509 2.93824219]
 [2.92879636 2.8434715 ]
 [1.91051376 1.54944624]
 [3.91374707 2.98652565]
 [2.62530861 2.4830946 ]
 [2.98372172 2.90878724]
 [2.07924359 1.93660491]
 [2.36319687 2.65089644]
 [3.45882421 2.99196855]
 [2.58633799 2.67673734]
 [2.85357926 2.934393  ]
 [4.66297732 2.99355416]
 [1.32132071 1.28630632]
 [1.93114533 1.68955061]
 [1.09404948 0.93433264]
 [3.45448459 2.99955928]
 [2.7462243  2.31265173]
 [1.77852585 1.91109526]
 [1.71038792 1.8587767 ]
 [1.47161842 1.47289386]
 [0.29958845 0.17535222]
 [2.57238811 2.74986293]
 [1.35260906 1.59740154]
 [3.91374707 2.9960529 ]
 [3.09570509 2.78692011]
 [0.38922594 0.43257929]
 [2.49575559 2.7160134 ]
 [0.41095709 0.26256242]
 [1.78214088 1.62285541]
 [2.54083213 2.70219653]
 [0.4206492  0.30562541]
 [0.96481366 1.22755515]
 [2.29887342 1.88917556]
 [1.11162181 1.28630632]
 [2.92900796 2.97108793]
 [1.35260906 1.16348476]
 [3.1995315  2.99203003]
 [2.62530861 2.72248554]
 [0.16187374 0.12639101]
 [2.11911373 2.27461987]
 [2.27512684 2.35421377]
 [4.04291775 2.94822429]
 [1.05814058 0.7916606 ]
 [2.06270322 1.85101354]
 [0.39549068 0.4659325 ]
 [1.37059888 1.53398869]
 [0.13065477 0.08455107]
 [3.45832264 2.98301792]
 [2.42902505 2.16235391]
 [0.82212827 1.00753963]
 [1.77852585 1.95134153]
 [3.55644066 2.99342335]
 [2.06967738 2.4130709 ]
 [3.43250464 2.89665027]
 [1.38597554 1.68158997]
 [1.12248922 1.40164015]
 [1.0443788  1.41986898]
 [2.00186614 2.36783799]
 [1.2109922  1.20436205]
 [3.0664868  2.66460891]
 [0.14469517 0.17535222]
 [4.52904748 2.99266718]
 [1.63322451 1.6115822 ]
 [0.62086658 0.596587  ]
 [2.79527926 2.63951492]
 [2.056858   1.9350596 ]
 [1.60766074 1.71735108]
 [0.53390477 0.60780638]
 [3.16016608 2.87761361]
 [0.57772757 0.73672259]
 [2.08412437 2.16097348]
 [3.62147434 2.99202341]
 [2.88231831 2.61358787]
 [3.84248826 2.97895413]
 [2.62779253 2.30464606]
 [0.27407977 0.17535222]
 [0.91650751 1.33555496]
 [1.52239327 1.9414425 ]
 [2.9688913  2.9736037 ]
 [3.84191589 2.99956466]
 [2.63054374 2.22839522]
 [2.93669946 2.74945559]
 [1.26529178 1.60384661]
 [1.65539505 1.59777372]
 [1.23858383 1.15192926]
 [2.70149944 2.4830946 ]
 [0.76675533 0.94084611]
 [1.71038792 1.92910689]
 [0.16889016 0.2351607 ]
 [3.84791806 2.97895413]
 [2.29063432 2.25027899]
 [0.93130106 0.83362998]
 [1.35855793 1.27254415]
 [3.24194703 2.82839806]
 [2.46035901 2.20732445]
 [3.79402221 2.9206913 ]
 [2.09834568 1.95186014]
 [0.43941879 0.45554947]
 [1.17324391 1.64984925]
 [3.0779369  2.66460891]
 [4.2718978  2.99238701]
 [0.70193469 0.58540098]
 [2.62530861 2.48169652]
 [3.47429489 2.90732966]
 [1.31969784 1.67434559]
 [3.79747191 2.90478473]
 [4.45457688 2.97895413]
 [1.98936989 1.67867691]
 [0.82854718 0.59136214]
 [1.66118859 1.78959962]
 [1.9095018  1.68180095]
 [0.62411272 0.96741738]
 [0.93815836 1.03207906]
 [3.4375528  2.86521484]
 [2.14127125 2.25638537]
 [0.31548822 0.3730162 ]
 [0.57772757 0.85336359]
 [2.24623377 2.54732789]
 [0.72571751 0.80567298]
 [2.70826497 2.43324694]
 [0.40264764 0.45316552]
 [1.88630464 2.15008907]
 [1.98632973 2.47328597]
 [1.9938482  1.72270532]
 [1.90208018 2.10991251]
 [2.80401153 2.61358787]
 [2.53059282 2.71829548]
 [2.79227254 2.81958449]
 [1.62490429 1.34821908]
 [1.68154415 1.45465109]
 [4.38578938 2.99355416]
 [1.42703835 1.22403022]
 [2.78899402 2.88603349]
 [1.14743218 0.86071682]
 [0.51540692 0.52097596]
 [0.5861966  0.58196358]
 [2.03054802 2.04796883]
 [1.1102457  1.42834218]
 [0.87872725 0.89770747]
 [1.29849197 1.05238035]
 [2.48378777 2.02154702]
 [1.98632973 2.47480117]
 [1.41267571 1.68158997]
 [1.52239327 1.41010115]
 [0.0878431  0.08671067]
 [1.25357722 1.17642781]
 [1.88913619 1.84968429]
 [2.95041968 2.99471527]
 [1.14743218 1.2742485 ]
 [1.32225145 1.28630632]
 [0.26242945 0.36403037]
 [2.80401153 2.58042925]
 [2.63566861 2.83195811]
 [1.88113007 1.80312285]
 [4.83653836 2.99342001]
 [2.62628211 2.63785123]
 [2.51757531 2.64043329]
 [2.02361101 1.88221286]
 [1.1992388  1.35484539]
 [0.63477965 0.52097596]
 [1.39661604 1.09602229]
 [3.59816581 2.99342335]
 [0.15623863 0.15938758]
 [3.16881956 2.96129675]
 [1.64661409 1.69862748]
 [2.04622336 2.06589881]
 [4.18765006 2.99992927]
 [1.78632608 1.48524471]
 [3.13252806 2.94953674]
 [1.45480225 1.47660508]
 [0.07230659 0.13395139]
 [2.37851525 2.64678101]
 [0.19341388 0.22939661]
 [2.42544624 2.34197551]
 [0.34709428 0.39752834]
 [1.19368372 1.22145117]
 [2.76976383 2.53930236]
 [2.38677425 2.34090729]
 [0.62086658 0.72763026]
 [1.14200679 0.94084611]
 [2.85099525 2.9933687 ]
 [2.78899402 2.90807638]
 [2.70889911 2.81958449]
 [0.76038356 0.88492523]
 [0.90699693 1.223661  ]
 [1.6132954  1.71735108]
 [3.16016608 2.89028313]
 [0.01017305 0.08671067]
 [0.24296384 0.09587964]
 [0.29955725 0.27697692]
 [1.77906763 1.9837196 ]
 [1.86366842 1.62285541]
 [2.63291323 2.90466596]
 [3.61905297 2.96716344]
 [0.51540692 0.4548901 ]
 [2.62658394 2.25638537]
 [4.32985781 2.99212344]
 [1.97717825 1.8587767 ]
 [1.63229376 1.66837139]
 [1.08000609 0.97239812]
 [1.66070692 1.51838805]
 [2.23155591 1.93246701]
 [1.23695851 1.05238035]
 [0.29621179 0.45730843]
 [3.79402221 2.99301772]
 [3.06264413 2.93159472]
 [0.72434246 0.60781822]
 [4.90944239 2.99843541]
 [1.38745512 1.09818811]
 [4.36368555 2.99955928]
 [0.24296384 0.38448914]
 [4.90852132 2.9903429 ]
 [0.64947463 0.7206042 ]
 [1.26072056 1.457972  ]
 [2.61633958 2.53647652]
 [3.55130074 2.97895413]
 [1.7719206  1.78890211]
 [4.52904748 2.99697913]
 [2.81582034 2.6540748 ]
 [2.70249898 2.95124234]
 [0.76675533 0.93255552]
 [2.49742988 1.9414425 ]
 [2.58022175 2.70358592]
 [3.11245026 2.76152678]
 [3.25534232 2.99639058]
 [1.52063004 1.20367714]
 [1.2560751  1.08758832]
 [2.13638716 1.74269394]
 [1.9203801  2.12244885]
 [4.79215165 2.99696819]
 [2.29699356 2.05654508]
 [1.98197003 2.25027899]
 [2.62530861 2.762607  ]
 [1.44919024 1.74804956]
 [0.73212963 0.49963495]
 [3.05651495 2.68939547]
 [1.98632973 2.47248544]
 [3.47429489 2.89815894]
 [2.78600181 2.64222965]
 [2.24559984 2.36490743]
 [1.2398097  1.39303815]
 [1.32849337 1.38015239]
 [3.32105465 2.90118719]
 [0.74055225 0.49169888]
 [0.24546175 0.25907278]
 [2.74441715 2.83064234]
 [2.2031939  2.60425026]
 [1.76049631 1.88835551]
 [2.46775367 2.04768863]
 [1.74197679 1.26750558]
 [4.03265139 2.97455995]
 [4.15642772 2.99841598]
 [3.48100147 2.97994996]
 [0.76995827 0.47326496]
 [1.16416848 1.62598506]
 [1.26529178 1.76166079]
 [2.93226079 2.87830454]
 [1.38597554 1.35738449]]
