[[0.12712477 2.12172199 4.16454381 0.44438441 1.09017758 0.58190898]
 [0.13117506 2.09959854 3.84902307 0.33033322 1.04720667 1.59495674]
 [0.17348508 1.85827891 2.38518667 0.54091625 1.01191617 0.90587414]
 [4.95794542 0.99214488 2.69394632 0.33354737 1.28088532 1.52474497]
 [4.97461513 1.02384396 3.36518962 0.35626169 1.02498295 4.85388151]
 [4.9678355  1.02777825 3.1518818  0.7561578  1.066796   0.61164977]
 [4.97461513 1.02383987 3.6677724  0.73304211 1.05469742 2.49346873]
 [4.27878894 1.2692714  2.21905061 0.39098429 1.25367587 1.52474497]
 [0.12712477 2.1177835  4.18780309 0.43625391 1.06346423 1.55493483]
 [0.12710193 1.97123887 2.38518667 0.38560967 1.08735502 1.34564792]
 [0.17348508 1.85827891 2.11099932 0.54091625 1.00912532 0.79256688]
 [4.44746609 0.98284251 2.0196125  0.32538123 1.1300714  1.79940739]
 [4.937407   1.02384396 1.59609406 0.47624126 1.02498714 0.97112771]
 [4.97461513 1.02045823 3.05294483 0.40341479 1.0118618  2.64649019]]
