[[1.86260211e-03 3.45560727e-03 1.79353495e+00]
 [4.30247271e-03 9.73802078e-03 2.35560178e+00]
 [5.41559379e-03 9.74740371e-03 2.27320880e+00]
 [3.66543097e-03 8.62346253e-03 2.38535544e+00]
 [3.81016124e-03 7.49858311e-03 2.02228296e+00]
 [2.74119775e-03 5.60529991e-03 2.34345957e+00]
 [2.95482286e-03 7.31606471e-03 2.89061688e+00]
 [1.32161142e-03 2.06454059e-03 1.15237762e+00]
 [4.44117107e-03 8.28135361e-03 1.85269631e+00]
 [4.32981507e-03 9.09311989e-03 2.21095800e+00]
 [1.61510770e-03 3.42440641e-03 1.52376081e+00]
 [1.15103041e-03 2.27001165e-03 2.19196477e+00]
 [2.00727488e-03 5.29546610e-03 2.78886484e+00]
 [3.93884008e-03 6.88955048e-03 1.80800322e+00]
 [8.96306989e-04 2.10770942e-03 2.00564877e+00]
 [3.72748802e-03 7.10354578e-03 1.91128685e+00]
 [6.05212895e-03 9.90406197e-03 2.54783250e+00]
 [1.01581476e-03 2.25806922e-03 2.94264094e+00]
 [2.69654701e-03 5.90546522e-03 1.76106815e+00]
 [4.06288428e-03 7.43749196e-03 1.57597376e+00]
 [4.79737567e-03 9.46676679e-03 2.10686741e+00]
 [8.48018217e-04 2.02463036e-03 2.70847595e+00]
 [2.31462936e-03 4.26821349e-03 1.49622293e+00]
 [9.04097157e-04 1.28975984e-03 1.21052505e+00]
 [4.93963846e-04 1.50455028e-03 1.79070095e+00]
 [2.37214058e-03 5.39490891e-03 2.49856157e+00]
 [1.86155670e-03 4.71819063e-03 2.96364884e+00]
 [1.32906238e-03 2.83462432e-03 2.60128235e+00]
 [1.93864860e-03 4.95112363e-03 2.27024992e+00]
 [1.07387320e-03 2.28046994e-03 1.14080571e+00]
 [3.13897385e-03 6.22942393e-03 2.30166251e+00]
 [2.71469126e-03 3.95488421e-03 1.77572129e+00]
 [2.15126182e-03 4.69387729e-03 2.24383874e+00]
 [5.78354062e-03 9.90406197e-03 2.45073239e+00]
 [9.04097157e-04 1.64948076e-03 1.21052505e+00]
 [3.71911017e-03 8.63658043e-03 2.41753417e+00]
 [4.00745114e-03 8.70257949e-03 2.11996463e+00]
 [1.66630306e-03 3.24921732e-03 2.07597544e+00]
 [1.03087380e-03 2.27001165e-03 2.19196477e+00]
 [4.70973121e-03 8.25928828e-03 1.56976051e+00]
 [6.54558184e-04 1.93431163e-03 2.60148914e+00]
 [1.61510770e-03 3.42440641e-03 2.29330635e+00]
 [2.31462936e-03 4.26821349e-03 1.48406029e+00]
 [2.51761568e-03 4.89916430e-03 2.53228903e+00]
 [9.51268364e-03 9.89058446e-03 2.99547769e+00]
 [1.38337430e-03 2.51282494e-03 1.28918008e+00]
 [1.15070223e-03 2.22311085e-03 1.09507519e+00]
 [5.41559379e-03 9.73012459e-03 2.14929793e+00]
 [2.03758259e-03 3.92337335e-03 2.48561110e+00]
 [2.91967783e-03 6.06152745e-03 2.18969427e+00]
 [5.31991578e-03 9.88879010e-03 2.34653663e+00]
 [5.41559379e-03 9.74740371e-03 2.23117869e+00]
 [2.04485866e-03 5.20296140e-03 2.48050774e+00]
 [6.35480463e-04 1.37276960e-03 1.62486925e+00]
 [1.99377125e-03 4.52492555e-03 2.72892079e+00]
 [3.42939539e-03 5.90309322e-03 1.39389608e+00]
 [9.43414796e-04 2.16617208e-03 2.42983122e+00]
 [5.46613529e-03 9.99501095e-03 1.83531045e+00]
 [4.74866706e-03 9.32575436e-03 1.84923891e+00]
 [6.19379971e-03 9.80923676e-03 2.81388145e+00]
 [3.43426170e-03 6.66008431e-03 1.99450019e+00]
 [5.27618772e-03 9.23220166e-03 1.55242455e+00]]
