[[0.62822678 4.53414591 9.09509548 1.55636897]
 [0.43379929 4.27441307 8.65190854 0.52291692]
 [0.55867567 3.33434245 9.48881637 0.91937637]
 [1.18582585 2.56987231 9.60000241 1.2892189 ]
 [1.04256965 1.81511829 9.40087105 1.9611576 ]
 [0.454131   4.41948928 9.29574171 1.40800301]
 [0.52797523 5.26156423 9.81340468 2.07869755]
 [0.28601646 7.90294615 7.13085972 0.5102795 ]
 [1.39573472 1.30700616 9.64475412 2.58191717]
 [3.31866843 1.97691526 9.91630794 4.75550115]
 [0.43779697 5.23427746 9.99893753 1.5102167 ]
 [2.65657573 0.45242687 9.63402015 4.69902612]
 [0.55867567 3.33434245 9.48833142 0.88732814]
 [0.25664192 7.04049684 9.74936882 4.85758008]
 [1.05289187 3.12528254 9.96417596 3.13767148]
 [2.95974306 4.70154493 9.92108219 4.84285437]
 [1.27101933 2.34684229 9.36589822 2.13323887]
 [2.38949899 4.10233199 9.92108219 4.81587025]
 [1.25823323 1.90660622 9.63603167 2.71394411]
 [0.59602861 3.03065724 9.39331982 4.25718021]
 [3.62983    0.22351222 9.36316395 4.24526021]
 [1.52433924 1.41875043 9.1993424  3.64707801]
 [0.82769788 2.35640218 9.7912942  1.0674493 ]
 [1.25329157 2.07462943 9.63603167 3.07874747]
 [1.25823323 1.65088637 9.63603167 2.93609384]
 [0.6365336  2.50402169 7.09492206 1.17222023]]
