[[2.08511002 2.16097348]
 [0.73377945 0.27701578]
 [0.93130106 1.03668218]
 [1.98383737 1.6164502 ]
 [2.09597257 2.0556585 ]
 [0.70193469 0.59430447]
 [1.63322451 1.58117431]
 [3.45448459 2.99196855]
 [0.09940067 0.07863296]
 [0.62086658 0.83755104]
 [2.92879636 2.90878724]
 [0.29958845 0.36403037]
 [0.22275939 0.32248239]
 [2.62335155 2.77442391]
 [3.08389179 2.84704896]
 [1.95003857 1.457972  ]
 [0.88098128 0.99619072]
 [2.9100709  2.63649595]
 [0.99284944 1.28010303]
 [2.63857323 2.40648325]
 [2.59505814 2.31265173]
 [0.80485718 1.40064007]
 [2.07924359 1.8500552 ]
 [3.91374707 2.97141535]
 [1.23866451 0.78651925]
 [1.10716367 0.80121606]
 [0.09166321 0.20017499]
 [1.9742524  2.24081549]
 [0.73396187 0.79289245]
 [2.58633799 2.74921756]
 [2.85357926 2.99026028]
 [2.46035901 2.19027363]
 [1.69354013 1.57168841]
 [2.52259585 2.02154702]
 [2.42214223 2.57795342]
 [1.37059888 1.68158997]
 [1.07056068 0.59684377]
 [0.13313942 0.33276111]
 [0.79916825 0.60780638]
 [1.85077089 1.59209232]
 [2.01610236 2.27624079]
 [3.58464501 2.96197852]
 [2.00932962 2.09192406]
 [0.60383592 0.66085196]
 [0.69177345 0.87043339]
 [1.72849411 2.02491481]
 [1.10741028 1.40173747]
 [1.57382844 1.88056681]
 [2.86636136 2.82828773]
 [2.45772575 2.57010749]
 [2.09289013 2.0503947 ]
 [1.47644397 1.63236415]
 [2.43960746 2.56606924]
 [2.92674229 2.69461514]
 [2.57087522 2.62599818]
 [0.80755385 1.02732192]
 [2.14018735 1.79780927]
 [2.8968027  2.77411254]
 [1.14602514 1.30165013]
 [3.154796   2.94277103]
 [2.51754755 2.8977992 ]
 [2.49966186 2.33129469]
 [1.90540746 1.97803481]
 [0.354592   0.45781196]
 [0.08287941 0.34138907]
 [1.60513157 1.67373598]
 [0.19864353 0.21100032]
 [2.69824555 2.6857811 ]
 [2.23317523 2.63110317]
 [1.64180695 1.64269281]
 [0.71396641 0.28230082]
 [1.93002006 1.71462628]
 [0.967082   1.0069914 ]
 [2.16177797 2.5431014 ]
 [3.01091827 2.89070126]
 [1.72839607 1.78687529]
 [2.24368629 2.1129402 ]
 [0.88339447 1.17329737]
 [1.17538818 1.38480624]
 [2.14221238 2.59405843]
 [0.98916392 1.28799217]
 [0.61386065 0.56270968]
 [2.35248838 2.48140801]
 [1.93494617 1.47864262]
 [2.29978366 2.29161815]
 [0.63356692 0.73279999]
 [2.73227295 2.44932719]
 [3.02153422 2.87640755]
 [1.96942004 2.06686514]
 [3.50266536 2.79167946]
 [1.95305249 2.08881025]
 [3.06556168 2.8072088 ]
 [2.98444262 2.93877052]
 [2.2050331  2.21883589]
 [1.38600052 1.6044967 ]
 [3.24791527 2.79434104]
 [0.35271022 0.22039996]
 [0.46083406 0.33733458]
 [1.1102457  1.54288351]
 [0.30423018 0.62000192]
 [2.25125736 2.54978302]
 [1.72823582 1.96753625]
 [0.64727034 0.48035585]
 [3.02153422 2.81065536]
 [2.28044605 2.59405843]
 [2.63951989 2.6050521 ]
 [3.76938094 2.90178871]
 [2.02000805 1.75189792]
 [0.63840055 0.58395302]
 [1.60159663 1.88419601]
 [2.68019876 2.92321041]
 [2.18199487 2.24375531]
 [1.31135544 1.50847315]
 [2.1383255  1.76223487]
 [1.51672836 1.59684713]
 [2.794336   2.90478473]
 [2.43250614 2.4970452 ]
 [0.34922167 0.37692414]
 [1.64350545 1.70350175]
 [1.38600052 1.67869468]
 [2.08652401 1.86710297]
 [0.63655595 0.95988183]
 [0.2737704  0.36886431]
 [2.15148472 2.34034531]
 [2.06829475 2.06686514]
 [1.2725919  0.88125002]
 [2.66331329 2.48818141]
 [0.24362178 0.34421019]
 [0.66100736 0.44243661]
 [1.27590066 1.32295881]
 [1.66507477 2.00638982]
 [3.45448459 2.95113244]
 [1.43193755 1.52554872]
 [1.96204517 2.09192406]
 [2.51754755 2.60397046]
 [2.90817402 2.97950846]
 [1.81848762 1.72105306]
 [2.09289013 2.05224587]
 [4.18011277 2.96986554]
 [2.94333865 2.8816068 ]
 [2.10158206 2.16097348]
 [2.93316395 2.79434104]
 [1.40388418 1.28497022]
 [0.86494978 0.99313351]
 [2.22450491 2.49480345]
 [4.31196046 2.92944648]
 [1.53486719 1.5865645 ]
 [2.28211005 2.56245427]
 [3.15548627 2.95632337]
 [1.05106213 0.94620801]
 [2.28511066 2.63070799]
 [2.25812019 2.11199735]
 [0.29958845 0.52401982]
 [2.4872752  2.5648992 ]
 [2.91595719 2.56635937]
 [1.84781173 1.7195745 ]
 [4.66365205 2.96053397]
 [1.8896209  1.72981012]
 [2.1383255  2.11672177]
 [1.95750113 2.24655271]
 [2.57087522 2.760685  ]
 [1.63245278 1.54929866]
 [2.0775686  1.93008771]
 [3.91374707 2.99180133]
 [2.42706842 2.57182457]
 [1.58681205 1.77438646]
 [2.56030514 2.25349946]
 [0.85686469 0.90857491]
 [3.79750223 2.90478473]
 [4.7265422  2.96808827]
 [0.49786693 0.32366521]
 [2.0344294  1.78712092]
 [0.9427021  1.02693415]
 [2.74387999 2.51761415]
 [0.354592   0.39782933]
 [0.0799352  0.07280204]
 [1.64183859 1.66887903]
 [1.43706098 1.57625703]
 [3.55524757 2.96986554]
 [2.88350496 2.79434104]
 [1.52007061 1.62114949]
 [2.37003145 2.2482162 ]
 [1.68652258 1.354089  ]
 [4.70671893 2.96830649]
 [2.25749304 2.60210741]
 [2.5297361  2.77036865]
 [2.52259585 2.0188987 ]
 [1.04413625 1.0868218 ]
 [3.70654274 2.88290716]
 [3.07822174 2.9991771 ]
 [1.74206688 1.51051904]
 [0.71803499 0.33281782]
 [4.04313973 2.95410415]
 [2.00620344 2.45951943]
 [0.81267954 0.59608459]
 [0.73438484 0.9945435 ]
 [3.40073031 2.93303307]
 [1.82683488 2.02154702]
 [1.85632908 1.60903491]
 [2.19133009 2.22730556]
 [0.45500806 0.69510693]
 [2.09289013 2.01624433]
 [0.6333933  0.80121606]
 [3.45448459 2.97742615]
 [2.4132834  2.56004789]
 [1.5144417  1.12653183]
 [2.54139289 2.74893745]
 [0.08325148 0.34138907]
 [0.37376162 0.6000747 ]
 [3.77772505 2.97551853]
 [3.09172935 2.88099378]
 [2.18717625 2.42208159]
 [3.05902409 2.94277103]
 [2.56901434 2.85635936]
 [1.43128073 1.50734664]
 [1.70862409 2.03667941]
 [3.07774303 2.67305686]
 [1.05814058 0.8231367 ]
 [1.14602514 1.35123357]
 [1.55851459 1.60070902]
 [0.0873844  0.09839604]
 [1.3559757  0.96531238]
 [2.46035901 2.06897206]
 [1.98364385 1.82824531]
 [2.18429428 2.20377702]
 [2.62091245 2.8977992 ]
 [2.79537289 2.86038885]
 [0.76012794 1.03135243]
 [2.85357926 2.9189016 ]
 [3.45448459 2.86181971]
 [2.18722911 2.50114028]
 [0.33441175 0.35903597]
 [1.39141317 1.6861893 ]
 [0.15395014 0.10695917]
 [2.59997366 2.8977992 ]
 [2.23481086 1.94704514]
 [2.41051917 2.02968357]
 [4.79847346 2.98732845]
 [4.34236033 2.99052026]
 [4.0941929  2.97141535]
 [2.98444262 2.96865285]
 [0.30957308 0.32159917]
 [2.07614159 2.1997352 ]
 [1.72226957 1.51622899]
 [3.03478358 2.84704896]
 [3.80700055 2.96186093]
 [0.43211025 0.47319021]
 [2.53761612 2.54850639]
 [1.23819006 0.94620801]
 [1.53416331 1.70105003]
 [2.83325257 2.88311511]
 [1.36495043 1.37345475]
 [2.26131045 2.35812324]
 [0.93130106 0.81402881]
 [3.44818836 2.95113244]
 [4.50880344 2.98107029]
 [3.35719689 2.86946922]
 [1.30437276 1.28497022]
 [2.09218762 2.39088676]
 [1.56648331 1.66578921]
 [3.48112169 2.98611873]
 [2.07730094 2.24375531]
 [3.87808349 2.96272055]
 [2.13344604 1.95538277]
 [1.68573192 1.84618912]]
