[[4.48927166e-02 9.16056255e+03]
 [3.39946541e-02 1.19017793e+04]
 [2.69897406e-02 1.55173060e+04]
 [3.70128177e-02 1.09776149e+04]
 [4.18541489e-02 9.65590185e+03]
 [1.07192317e-02 3.87363394e+04]
 [3.15247391e-02 1.32695640e+04]
 [3.18475519e-02 1.27103137e+04]
 [2.37449270e-02 1.84067872e+04]
 [3.13492445e-02 1.34289154e+04]
 [4.37664957e-02 9.35419140e+03]
 [9.94202140e-03 4.21205463e+04]
 [1.75662574e-02 2.46631743e+04]
 [5.80348224e-03 8.04541568e+04]
 [5.25064956e-03 9.90916651e+04]
 [2.57065886e-02 1.59723699e+04]
 [2.40249579e-02 1.80470326e+04]
 [1.42412880e-02 3.02360048e+04]
 [2.11989407e-02 2.09003634e+04]
 [8.62407872e-03 4.80120660e+04]
 [2.84826754e-02 1.42657777e+04]
 [4.73555666e-02 9.12917325e+03]
 [2.90637842e-02 1.38857811e+04]
 [2.29386051e-02 1.91868348e+04]
 [6.39436901e-03 7.40431534e+04]
 [1.70144863e-02 2.46728070e+04]
 [3.99419006e-02 1.02608016e+04]
 [3.09034801e-02 1.35448326e+04]
 [3.76398323e-02 1.06628511e+04]
 [2.13756107e-02 1.95944062e+04]
 [2.38622888e-02 1.82438324e+04]
 [6.66764842e-03 6.07780270e+04]
 [3.07777336e-02 1.38538829e+04]
 [1.68076018e-02 2.59225653e+04]
 [3.26619948e-02 1.26096745e+04]
 [2.51461874e-02 1.69703060e+04]
 [3.98796493e-02 1.04878621e+04]
 [2.50575226e-02 1.74523876e+04]
 [2.03267847e-02 2.11495392e+04]
 [4.24882183e-02 9.54428207e+03]
 [2.45562971e-02 1.79771531e+04]
 [3.95597438e-02 1.05126431e+04]
 [2.74907054e-02 1.53925117e+04]
 [1.88701243e-02 2.34431725e+04]
 [3.21815457e-02 1.26650192e+04]
 [4.85464381e-02 8.66409229e+03]
 [1.26327902e-02 3.28390023e+04]
 [2.83604767e-02 1.46176357e+04]
 [3.54544104e-02 1.17577818e+04]
 [3.62562775e-02 1.13111422e+04]
 [8.37650186e-03 4.81657357e+04]
 [1.20178657e-02 3.49286838e+04]
 [1.30435662e-02 3.26745078e+04]
 [9.10121412e-03 4.74983126e+04]
 [7.62638278e-02 8.46496062e+03]
 [4.08779715e-02 9.87718715e+03]
 [1.52431312e-02 2.65052522e+04]
 [2.33551303e-02 1.86542321e+04]
 [2.09395226e-02 2.10142556e+04]
 [7.67839265e-03 5.80905245e+04]
 [1.33073546e-02 3.05654350e+04]
 [1.36570831e-02 3.04476801e+04]
 [3.92638435e-02 1.05310366e+04]
 [1.83322596e-02 2.43277177e+04]
 [7.58010122e-02 8.59127847e+03]
 [2.25553591e-02 1.94118183e+04]]
