[[0.43379929 4.27441307 8.65190854 0.52291692]
 [1.68005678 1.30700616 9.63388057 2.58191717]
 [0.55867567 3.33434245 9.48881637 0.91937637]
 [1.04256965 1.81511829 9.40087105 1.9611576 ]
 [0.57152466 2.80940531 8.87781336 1.32397866]
 [0.62853119 2.28506944 9.33528738 2.14412394]
 [1.96738037 0.88829817 9.82988943 4.83549811]
 [1.68878359 1.18876213 9.52417378 4.25718021]
 [1.22545196 1.93003553 9.63603167 2.93609384]
 [0.720222   1.90466081 9.73572888 3.42668811]
 [1.04256965 1.81511829 9.28410056 1.9611576 ]
 [0.55867567 3.33434245 9.72529294 0.91937637]
 [1.25389519 1.18876213 9.417045   4.25718021]
 [0.44667108 5.3498014  9.67677851 1.40800301]
 [0.49767261 3.46351287 9.39553946 2.71215001]
 [1.08030274 1.51461674 9.4496159  1.43153696]
 [0.26515044 5.70302725 9.9879004  1.15381988]
 [0.56535844 2.54598247 8.87781336 2.94326741]]
