[[4.30247271e-03 9.73802078e-03 2.35560178e+00]
 [3.81016124e-03 7.49858311e-03 2.02228296e+00]
 [2.74119775e-03 5.60529991e-03 2.34345957e+00]
 [4.44117107e-03 8.28135361e-03 1.85269631e+00]
 [4.32981507e-03 9.09311989e-03 2.21095800e+00]
 [1.15103041e-03 2.27001165e-03 2.19196477e+00]
 [3.93884008e-03 6.88955048e-03 1.80800322e+00]
 [3.72748802e-03 7.10354578e-03 1.91128685e+00]
 [2.69654701e-03 5.90546522e-03 1.76106815e+00]
 [4.06288428e-03 7.43749196e-03 1.57597376e+00]
 [4.79737567e-03 9.46676679e-03 2.10686741e+00]
 [8.48018217e-04 2.02463036e-03 2.70847595e+00]
 [2.31462936e-03 4.26821349e-03 1.49622293e+00]
 [9.04097157e-04 1.28975984e-03 1.21052505e+00]
 [4.93963846e-04 1.50455028e-03 1.79070095e+00]
 [2.37214058e-03 5.39490891e-03 2.49856157e+00]
 [1.86155670e-03 4.71819063e-03 2.96364884e+00]
 [1.32906238e-03 2.83462432e-03 2.60128235e+00]
 [1.93864860e-03 4.95112363e-03 2.27024992e+00]
 [1.08067485e-03 1.91272052e-03 1.77409247e+00]
 [2.78504172e-03 6.14781891e-03 2.33033671e+00]
 [4.28335214e-03 9.35427012e-03 2.67768967e+00]
 [3.31014434e-03 6.59709804e-03 1.93308698e+00]
 [3.20354290e-03 5.51737971e-03 1.37643883e+00]
 [9.85390106e-04 1.35597047e-03 1.31872041e+00]
 [2.15209660e-03 3.71923011e-03 1.77971078e+00]
 [4.41843803e-03 8.64550653e-03 2.08696437e+00]
 [3.72748802e-03 6.66588495e-03 1.91128685e+00]
 [4.09275109e-03 8.32718089e-03 2.07674637e+00]
 [2.92726562e-03 4.95418086e-03 1.48814514e+00]
 [2.69654701e-03 5.90546522e-03 1.77989618e+00]
 [8.11493085e-04 1.50455028e-03 1.80612605e+00]
 [4.18578026e-03 6.83464900e-03 1.57943710e+00]
 [1.98569888e-03 4.17550317e-03 1.68669248e+00]
 [3.16564536e-03 7.14801527e-03 2.31575169e+00]
 [2.35164290e-03 5.05763349e-03 2.57300153e+00]
 [5.36439384e-03 9.29530932e-03 1.52131326e+00]
 [2.69042387e-03 6.17336017e-03 1.88315684e+00]
 [1.71298528e-03 4.27764512e-03 2.64829600e+00]
 [4.76561443e-03 9.67034362e-03 1.95832257e+00]
 [2.63327457e-03 4.83697186e-03 2.34769802e+00]
 [4.84058906e-03 8.64550653e-03 1.85472155e+00]
 [2.88018088e-03 5.66817989e-03 2.29781613e+00]
 [2.09097107e-03 3.72870760e-03 2.27094433e+00]
 [3.05556389e-03 6.83464900e-03 2.42002387e+00]
 [4.08718387e-03 9.85955176e-03 2.73755774e+00]
 [1.27644699e-03 2.85383532e-03 2.17165677e+00]
 [3.11472580e-03 6.59709804e-03 1.95589420e+00]
 [3.43028110e-03 7.88222742e-03 2.28412035e+00]
 [3.55553751e-03 7.67785684e-03 2.36720428e+00]
 [1.01372669e-03 1.91258272e-03 1.79602343e+00]
 [1.60922259e-03 2.70355502e-03 1.59448289e+00]
 [1.45171691e-03 3.14414194e-03 1.85996363e+00]
 [1.32161142e-03 2.09581639e-03 1.35036668e+00]
 [8.96043492e-03 9.96292097e-03 2.99704101e+00]
 [4.32981507e-03 9.09311989e-03 2.11630996e+00]
 [1.86260211e-03 3.45865770e-03 1.78712857e+00]
 [3.42431299e-03 5.36939407e-03 1.32737154e+00]
 [2.04788560e-03 4.08800225e-03 2.55564122e+00]
 [7.05485167e-04 1.46673462e-03 2.72858579e+00]
 [1.41743308e-03 2.88434156e-03 2.15949079e+00]
 [1.27821871e-03 2.96443013e-03 2.39616285e+00]
 [3.72079621e-03 8.19936857e-03 2.46188652e+00]
 [2.35077637e-03 4.61602081e-03 1.49315476e+00]
 [8.96043492e-03 9.81643581e-03 2.99704101e+00]
 [2.38821550e-03 4.47644706e-03 2.35813767e+00]]
