[[1.4989948  1.86709885 9.70171865 3.74195519]
 [1.36438273 0.93245491 8.65502654 2.30850721]
 [1.96255783 0.88829817 9.82988943 4.37224415]
 [1.52433924 1.41875043 9.44979504 4.04857475]
 [1.14920762 0.87824753 9.73882787 1.27737248]
 [0.43379929 4.17694745 8.69822716 0.52291692]
 [0.92978227 1.09411427 9.84016499 0.98861354]
 [0.43379929 4.27441307 8.65190854 0.82296083]
 [0.41348889 5.42084128 9.48285874 2.7315604 ]
 [0.33560529 5.89818392 9.48780836 2.73241149]
 [1.34524618 0.93245491 9.02974388 2.30850721]
 [2.00896518 0.88829817 9.98407953 4.37629799]
 [1.5042822  1.01046559 8.68564803 4.61626528]
 [1.95539574 1.33601123 9.50416469 3.99874012]
 [1.49005433 1.41875043 9.37709581 4.05158437]
 [1.02679196 7.32316211 9.90439666 4.99934204]
 [0.92594127 3.5165883  8.76038816 3.52426959]
 [0.62822678 4.53414591 9.77073073 4.93491083]
 [1.02218081 7.32316211 9.9089658  4.85562109]
 [0.39537878 4.27441307 8.64765978 0.62236152]
 [1.58038496 0.63682727 9.82988943 2.44838552]]
