[[4.30247271e-03 9.73802078e-03 2.35560178e+00]
 [3.81016124e-03 7.49858311e-03 2.02228296e+00]
 [2.74119775e-03 5.60529991e-03 2.34345957e+00]
 [4.44117107e-03 8.28135361e-03 1.85269631e+00]
 [4.32981507e-03 9.09311989e-03 2.21095800e+00]
 [3.35485394e-03 6.73289699e-03 1.44296411e+00]
 [4.29397844e-03 9.10350389e-03 2.14342331e+00]
 [2.13941786e-03 5.88509299e-03 2.50004353e+00]
 [2.85576282e-03 5.80710018e-03 2.36675519e+00]
 [2.74119775e-03 5.60529991e-03 2.41612956e+00]
 [3.37494983e-03 5.78794960e-03 1.76028235e+00]
 [2.96001363e-03 6.39460881e-03 2.29158435e+00]
 [4.08303653e-03 7.27950524e-03 1.79598128e+00]
 [2.97539458e-03 6.37860428e-03 2.09584084e+00]
 [2.38639492e-03 4.26701009e-03 1.68669248e+00]
 [2.05590117e-03 4.85990667e-03 2.20862097e+00]
 [4.44883449e-03 8.58432750e-03 1.85269631e+00]
 [4.49615068e-03 8.03216468e-03 1.84054222e+00]
 [1.91328805e-03 4.21107625e-03 2.37764531e+00]
 [2.22410063e-03 5.54555062e-03 2.34769802e+00]
 [2.00441697e-03 4.14429382e-03 1.68669248e+00]
 [1.70153752e-03 3.40535588e-03 1.74781397e+00]
 [3.61554710e-03 6.15745296e-03 1.68143729e+00]
 [4.03679430e-03 9.47832918e-03 2.88505408e+00]
 [1.81035511e-03 3.42610004e-03 2.13620092e+00]
 [2.17870564e-03 4.27578314e-03 1.66938875e+00]
 [1.31196492e-03 3.00160232e-03 2.09553195e+00]
 [4.89690041e-03 9.79456474e-03 2.82460752e+00]
 [2.74119775e-03 5.47463656e-03 2.34135465e+00]
 [6.64561291e-04 1.62395894e-03 2.01644918e+00]
 [1.22351550e-03 2.06995931e-03 1.66558002e+00]
 [4.04735916e-03 9.67408157e-03 2.88505670e+00]
 [1.27985455e-03 2.98013856e-03 2.61311433e+00]
 [1.32113381e-03 2.36672834e-03 1.64635652e+00]
 [3.77135030e-03 8.67511274e-03 2.33689253e+00]
 [1.33117019e-03 2.80512083e-03 2.61311433e+00]
 [5.20748834e-03 9.94187965e-03 2.74980510e+00]
 [5.40260940e-03 9.91113056e-03 2.24867340e+00]
 [8.81828411e-04 2.07625662e-03 2.10936978e+00]
 [1.85630618e-03 3.45560727e-03 1.79353495e+00]
 [5.18768739e-03 9.12084111e-03 1.69932268e+00]
 [5.15722142e-03 9.75977812e-03 2.35906905e+00]
 [5.01515113e-04 1.19457050e-03 2.74786643e+00]
 [8.81828411e-04 1.73250854e-03 1.87194212e+00]
 [3.85484932e-03 7.27950524e-03 1.76857949e+00]
 [2.22410063e-03 5.52187009e-03 2.34095713e+00]
 [1.61510770e-03 3.42440641e-03 2.65924981e+00]
 [7.60491519e-04 1.02456661e-03 1.33140163e+00]
 [1.92856460e-03 3.53435476e-03 2.24907068e+00]
 [8.59882317e-04 1.92479991e-03 2.36467966e+00]
 [1.41818238e-03 2.36814350e-03 1.62017587e+00]
 [1.33117019e-03 2.80512083e-03 1.95718486e+00]
 [4.98582359e-03 9.88779370e-03 2.59894900e+00]
 [4.08232718e-03 7.63221380e-03 1.76279129e+00]
 [8.81828411e-04 1.50579500e-03 1.87194212e+00]
 [1.85630618e-03 3.45560727e-03 1.63541612e+00]
 [1.26700802e-03 2.62173084e-03 2.26285166e+00]
 [4.08303653e-03 7.27950524e-03 1.79509810e+00]
 [2.12201749e-03 4.78184316e-03 2.19478929e+00]
 [2.38308395e-03 4.26701009e-03 1.69633868e+00]
 [2.48909608e-03 4.82208611e-03 1.97536022e+00]
 [1.80991314e-03 3.45231735e-03 1.98014605e+00]
 [4.73592001e-03 9.64874210e-03 2.42789387e+00]
 [2.96001363e-03 6.39460881e-03 2.21012317e+00]
 [1.36340271e-03 2.34996068e-03 1.99590398e+00]
 [4.44117107e-03 8.28135361e-03 1.84112188e+00]
 [1.91328805e-03 4.19888121e-03 2.14424629e+00]
 [1.18194233e-03 2.71529384e-03 2.60166321e+00]
 [4.03679430e-03 9.47832918e-03 2.82731163e+00]
 [4.44883449e-03 8.58432750e-03 1.87857699e+00]
 [4.18309752e-03 7.24230314e-03 1.69614591e+00]
 [1.41112846e-03 3.16512139e-03 2.25848639e+00]
 [1.70153752e-03 2.86305989e-03 1.61129588e+00]
 [5.01515113e-04 1.19457050e-03 2.73793339e+00]
 [2.38639492e-03 4.78325612e-03 1.68669248e+00]
 [1.30714901e-03 2.58834192e-03 1.71842344e+00]
 [2.45518680e-03 3.96723518e-03 1.49089162e+00]
 [4.30120412e-03 9.50918360e-03 2.34769527e+00]
 [3.85641141e-03 7.27950524e-03 1.76857949e+00]
 [2.90553050e-03 4.81727393e-03 2.06006501e+00]
 [1.76323795e-03 2.77390285e-03 1.33691434e+00]
 [4.17059208e-03 9.22329825e-03 2.37995248e+00]
 [3.81122522e-03 7.79328575e-03 2.02228296e+00]
 [3.91024617e-04 1.42250935e-03 2.60980172e+00]]
