[[1.52610864e-02 2.65060857e+04]
 [4.48927166e-02 9.16056255e+03]
 [1.69870331e-02 2.59225653e+04]
 [4.91232333e-02 8.96634650e+03]
 [3.93752889e-02 1.06532184e+04]
 [3.39946541e-02 1.19017793e+04]
 [2.69897406e-02 1.55173060e+04]
 [3.70128177e-02 1.09776149e+04]
 [4.18541489e-02 9.65590185e+03]
 [1.07192317e-02 3.87363394e+04]
 [3.15247391e-02 1.32695640e+04]
 [5.58102404e-02 8.67738208e+03]
 [3.13492445e-02 1.34289154e+04]
 [4.37664957e-02 9.35419140e+03]
 [9.94202140e-03 4.21205463e+04]
 [5.80348224e-03 8.04541568e+04]
 [2.57065886e-02 1.59723699e+04]
 [1.42412880e-02 3.02360048e+04]
 [2.11989407e-02 2.09003634e+04]
 [8.62407872e-03 4.80120660e+04]
 [2.84826754e-02 1.42657777e+04]
 [1.29877897e-02 3.30752248e+04]
 [2.10250921e-02 2.12776263e+04]
 [7.73724338e-03 5.94455362e+04]
 [2.15610606e-02 1.97547574e+04]
 [4.73555666e-02 9.12917325e+03]
 [2.90637842e-02 1.38857811e+04]
 [6.39436901e-03 7.40431534e+04]
 [5.83118377e-03 7.98760568e+04]
 [9.93854114e-03 4.21232827e+04]
 [1.75633414e-02 2.46631743e+04]
 [2.82859246e-02 1.46272095e+04]
 [8.49378340e-03 5.86206934e+04]
 [1.18878399e-02 3.46136708e+04]
 [3.11109623e-02 1.35910148e+04]
 [9.53746510e-03 4.25605908e+04]
 [3.67557056e-02 1.10160698e+04]
 [3.16766937e-02 1.27103137e+04]
 [3.53657481e-02 1.17456166e+04]
 [3.12191065e-02 1.35377267e+04]
 [3.09835405e-02 1.36227622e+04]
 [5.10210081e-02 8.92846777e+03]
 [2.37169890e-02 1.70307114e+04]
 [2.18493027e-02 1.87766396e+04]
 [3.96094403e-02 1.02244940e+04]
 [1.73367552e-02 2.54600773e+04]
 [2.77461293e-02 1.47436258e+04]
 [1.89279041e-02 2.32881659e+04]
 [6.97659953e-02 8.66716447e+03]
 [2.79354781e-02 1.46600283e+04]
 [9.99553368e-03 4.19039563e+04]
 [1.27811355e-02 3.35985298e+04]
 [3.89301980e-02 1.06919945e+04]
 [5.12720787e-02 8.69638608e+03]
 [5.59484480e-03 9.00399722e+04]
 [4.13644024e-02 9.89084903e+03]
 [4.21054466e-03 9.55580379e+04]
 [2.36293198e-02 1.71222620e+04]
 [3.46711637e-02 1.18724597e+04]
 [7.54563460e-02 8.65143928e+03]
 [6.71651812e-03 6.73176107e+04]
 [3.32238943e-02 1.24156704e+04]
 [2.54074148e-02 1.61652703e+04]
 [1.68000841e-02 2.60349062e+04]
 [3.94417680e-02 1.03755949e+04]
 [1.96362922e-02 2.15192104e+04]
 [9.31408512e-03 4.39779129e+04]
 [1.36468776e-02 3.16720628e+04]
 [2.83256112e-02 1.43452980e+04]]
