[[4.86621314e+00 6.48194950e-03]
 [1.68068049e+01 1.12852202e-03]
 [4.05117420e+00 1.45565301e-02]
 [3.52859994e+01 4.82404229e-04]
 [1.21229652e+01 3.43171138e-03]
 [1.42159164e+01 1.29144968e-03]
 [1.35036630e+01 1.87473437e-03]
 [1.66931803e+01 1.20395856e-03]
 [5.67959846e+01 4.62353820e-04]
 [2.99183277e+01 5.78429594e-04]
 [2.29946356e+01 8.50726012e-04]
 [2.24528796e+02 4.45930614e-04]
 [9.54552737e+00 5.46139961e-03]
 [4.26353515e+00 9.15820093e-03]
 [2.56770058e+01 8.06810132e-04]
 [1.23710510e+01 1.96154605e-03]
 [2.65692237e+01 6.79731578e-04]
 [2.96713295e+01 6.25523791e-04]
 [3.16097060e+01 5.19664003e-04]
 [4.73258697e+00 7.28514663e-03]
 [1.10733347e+01 4.81856940e-03]
 [4.09830326e+00 1.39163566e-02]
 [2.03358909e+01 8.59386897e-04]
 [5.04532294e+01 4.78953897e-04]]
