[[2.08511002e+00 2.16097348e+00]
 [9.31301057e-01 1.03668218e+00]
 [1.98383737e+00 1.61645020e+00]
 [2.09597257e+00 2.05565850e+00]
 [2.08652401e+00 1.67606949e+00]
 [7.01934693e-01 5.94304467e-01]
 [1.05814058e+00 7.96639978e-01]
 [1.63322451e+00 1.58117431e+00]
 [3.45448459e+00 2.99196855e+00]
 [9.94006692e-02 7.86329606e-02]
 [2.76410989e+00 2.52609268e+00]
 [2.92879636e+00 2.90878724e+00]
 [2.99588448e-01 3.64030367e-01]
 [2.22759393e-01 3.22482387e-01]
 [1.19923880e+00 1.48130914e+00]
 [2.62335155e+00 2.77442391e+00]
 [3.08389179e+00 2.84704896e+00]
 [1.95003857e+00 1.45797200e+00]
 [8.80981278e-01 9.96190723e-01]
 [2.91007090e+00 2.63649595e+00]
 [9.92849442e-01 1.28010303e+00]
 [2.59505814e+00 2.31265173e+00]
 [2.07924359e+00 1.85005520e+00]
 [3.91374707e+00 2.97141535e+00]
 [2.20952140e+00 1.74473222e+00]
 [1.23866451e+00 7.86519251e-01]
 [1.10716367e+00 8.01216059e-01]
 [9.16632146e-02 2.00174993e-01]
 [1.97425240e+00 2.24081549e+00]
 [7.27791156e-01 4.73190210e-01]
 [4.52904748e+00 2.96986554e+00]
 [7.33961867e-01 7.92892448e-01]
 [2.58633799e+00 2.74921756e+00]
 [2.85357926e+00 2.99026028e+00]
 [2.46035901e+00 2.19027363e+00]
 [1.69354013e+00 1.57168841e+00]
 [2.42214223e+00 2.57795342e+00]
 [1.37059888e+00 1.68158997e+00]
 [1.07056068e+00 5.96843770e-01]
 [1.33139423e-01 3.32761107e-01]
 [7.99168252e-01 6.07806376e-01]
 [1.85077089e+00 1.59209232e+00]
 [2.01610236e+00 2.27624079e+00]
 [3.58464501e+00 2.96197852e+00]
 [1.87437972e+00 2.31096758e+00]
 [2.00932962e+00 2.09192406e+00]
 [6.03835922e-01 6.60851963e-01]
 [6.91773449e-01 8.70433389e-01]
 [1.72849411e+00 2.02491481e+00]
 [1.10741028e+00 1.40173747e+00]
 [1.57382844e+00 1.88056681e+00]
 [2.86636136e+00 2.82828773e+00]
 [2.45772575e+00 2.57010749e+00]
 [2.09289013e+00 2.05039470e+00]
 [1.47644397e+00 1.63236415e+00]
 [2.43960746e+00 2.56606924e+00]
 [2.92674229e+00 2.69461514e+00]
 [2.57087522e+00 2.62599818e+00]
 [8.07553852e-01 1.02732192e+00]
 [2.14018735e+00 1.79780927e+00]
 [2.89680270e+00 2.77411254e+00]
 [1.14602514e+00 1.30165013e+00]
 [1.91233729e+00 1.40936712e+00]
 [3.15479600e+00 2.94277103e+00]
 [2.51754755e+00 2.89779920e+00]
 [2.49966186e+00 2.33129469e+00]
 [1.99609303e+00 2.39088676e+00]
 [1.90540746e+00 1.97803481e+00]
 [3.54592002e-01 4.57811961e-01]
 [8.28794145e-02 3.41389069e-01]
 [1.60513157e+00 1.67373598e+00]
 [3.49811591e+00 2.75477577e+00]
 [1.98643533e-01 2.11000325e-01]
 [2.69824555e+00 2.68578110e+00]
 [1.26790875e+00 8.21429112e-01]
 [1.64180695e+00 1.64269281e+00]
 [1.93002006e+00 1.71462628e+00]
 [1.55851459e+00 2.00638982e+00]
 [1.99299633e-01 4.04379354e-01]
 [9.67081995e-01 1.00699140e+00]
 [1.24145364e+00 8.85235726e-01]
 [3.01091827e+00 2.89070126e+00]
 [1.72839607e+00 1.78687529e+00]
 [2.24368629e+00 2.11294020e+00]
 [8.83394465e-01 1.17329737e+00]
 [1.17538818e+00 1.38480624e+00]
 [9.89163923e-01 1.28799217e+00]
 [1.97441131e+00 1.38473913e+00]
 [6.13860647e-01 5.62709678e-01]
 [2.35248838e+00 2.48140801e+00]
 [1.93494617e+00 1.47864262e+00]
 [2.29978366e+00 2.29161815e+00]
 [6.33566919e-01 7.32799990e-01]
 [3.02153422e+00 2.87640755e+00]
 [1.96942004e+00 2.06686514e+00]
 [3.50266536e+00 2.79167946e+00]
 [1.95305249e+00 2.08881025e+00]
 [3.06556168e+00 2.80720880e+00]
 [2.98444262e+00 2.93877052e+00]
 [2.20503310e+00 2.21883589e+00]
 [1.38600052e+00 1.60449670e+00]
 [2.74526722e+00 2.40298367e+00]
 [4.48021746e+00 2.91816106e+00]
 [3.52710224e-01 2.20399963e-01]
 [3.02606448e+00 2.97121859e+00]
 [4.44991104e-01 5.54716771e-01]
 [1.89312939e-01 1.72750517e-01]
 [8.26592452e-01 5.91589039e-01]
 [2.58099231e+00 2.58967945e+00]
 [1.39164065e+00 1.91992371e+00]
 [2.32566972e+00 2.42024043e+00]
 [1.28330495e+00 1.17429109e+00]
 [2.89879067e-01 4.16449554e-01]
 [7.28927156e-01 7.34641916e-01]
 [2.78634115e+00 2.72132717e+00]
 [2.60156818e+00 2.48540444e+00]
 [2.52889693e+00 2.47457569e+00]
 [2.03144214e+00 2.23124759e+00]
 [1.55506534e+00 1.64546727e+00]
 [2.39868784e+00 2.84003004e+00]
 [1.64573001e+00 1.58400419e+00]
 [1.15731468e+00 1.28046405e+00]
 [4.52048578e-01 3.86927952e-01]
 [5.26312633e-01 5.18182390e-01]
 [4.39533201e+00 2.92055658e+00]
 [3.02711004e+00 2.92871479e+00]
 [3.09559817e+00 2.95633474e+00]
 [2.66824538e+00 2.21816336e+00]
 [2.75997514e+00 2.89174767e+00]
 [1.98231345e+00 1.88406970e+00]
 [3.48929893e-01 1.25632711e-01]
 [9.90996147e-01 6.61782246e-01]
 [2.68001287e+00 2.70234934e+00]
 [1.17760978e+00 8.87805156e-01]
 [2.82866073e+00 2.72642410e+00]
 [1.86249383e+00 1.85711890e+00]
 [2.33775027e+00 2.00082763e+00]
 [2.06835082e+00 2.05292887e+00]
 [2.12862206e+00 1.80602352e+00]
 [2.12701733e+00 2.43216370e+00]
 [1.09576903e+00 1.28640208e+00]
 [3.09696083e+00 2.94209711e+00]
 [1.02461073e+00 7.84262143e-01]
 [2.85504381e+00 2.89210840e+00]
 [8.76662959e-01 1.02344047e+00]
 [2.58350347e+00 2.72280019e+00]
 [1.54359656e+00 1.31120762e+00]
 [1.04193804e+00 7.33902197e-01]
 [2.28522962e+00 1.88404788e+00]
 [2.77951690e+00 2.73528952e+00]
 [5.22188804e-01 5.81625361e-01]
 [4.76118429e+00 2.98326575e+00]
 [1.64922281e+00 1.46330140e+00]
 [2.00932962e+00 2.51773991e+00]
 [2.00371513e+00 2.27624079e+00]
 [1.68644546e-01 4.07205025e-01]
 [1.33547168e+00 1.30112551e+00]
 [1.99959534e+00 2.20850708e+00]
 [2.14430843e+00 1.99193320e+00]
 [3.87890189e+00 2.95413628e+00]
 [1.75754114e+00 2.03281407e+00]
 [2.58633799e+00 2.75450442e+00]
 [6.33903716e-01 4.85625037e-01]
 [2.53719061e+00 2.24399177e+00]
 [4.27915822e+00 2.86935793e+00]
 [2.76622751e+00 2.36293841e+00]
 [2.43159915e+00 2.63245484e+00]
 [7.33779454e-01 6.67441651e-01]
 [2.52266646e+00 1.99856427e+00]
 [1.97603592e+00 1.88406970e+00]
 [4.34737418e+00 2.93252429e+00]
 [2.06610387e+00 1.93650437e+00]
 [2.03144214e+00 2.25600867e+00]
 [2.18640670e+00 2.21883589e+00]
 [1.37198345e+00 1.55311934e+00]
 [1.06398042e+00 1.13948193e+00]
 [3.00329261e+00 2.43837702e+00]
 [2.81137183e+00 2.89475190e+00]
 [1.84600266e+00 1.67406370e+00]
 [1.75062683e+00 1.88832568e+00]
 [6.81844693e-01 5.43586146e-01]
 [3.22019485e+00 2.91376025e+00]
 [2.45298911e+00 2.77051511e+00]
 [2.49728700e+00 2.04057971e+00]
 [8.90931229e-01 5.91589039e-01]
 [2.62900985e+00 2.55138040e+00]
 [2.36547489e+00 2.44139045e+00]
 [2.44290175e+00 2.23600329e+00]
 [4.94486419e-01 6.60851963e-01]
 [2.90492036e+00 2.69580334e+00]
 [1.29899323e+00 1.02344047e+00]
 [1.44791618e+00 1.66640430e+00]
 [3.27155619e+00 2.88939352e+00]
 [2.57485917e+00 2.28480945e+00]
 [1.15355441e+00 1.36920600e+00]
 [2.42401212e+00 2.05565850e+00]
 [4.63090713e+00 2.95742730e+00]
 [1.41885090e+00 1.75364180e+00]
 [4.46590686e+00 2.91816106e+00]
 [2.14221238e+00 2.30464590e+00]
 [2.16796164e+00 2.07368401e+00]
 [1.79685910e+00 1.82877288e+00]
 [2.24488084e+00 2.63442751e+00]
 [2.12701733e+00 2.23614236e+00]
 [3.67292507e+00 2.93229462e+00]
 [2.95750414e+00 2.92883179e+00]
 [4.48489658e+00 2.92860374e+00]
 [2.35648026e+00 2.48919266e+00]
 [1.22193295e+00 9.98715677e-01]
 [4.30761332e+00 2.89911719e+00]
 [2.06778700e+00 1.75195396e+00]
 [2.69474877e+00 2.89174767e+00]
 [7.51404680e-01 6.96249006e-01]
 [3.48054631e+00 2.82371777e+00]
 [1.29895847e+00 1.64467713e+00]
 [8.90565454e-01 8.59067063e-01]
 [3.13065372e+00 2.85340686e+00]
 [2.52889693e+00 2.65879201e+00]
 [2.76741356e-01 5.89599556e-01]
 [2.82605244e+00 2.92321041e+00]
 [3.68904687e+00 2.94232210e+00]
 [2.51754755e+00 2.84191649e+00]
 [2.29978366e+00 2.02894065e+00]
 [2.12324558e+00 2.01183720e+00]
 [2.59828443e-01 4.87955666e-01]
 [2.41191331e+00 2.57350328e+00]
 [2.57087522e+00 2.47727477e+00]
 [2.54835470e+00 2.38178277e+00]
 [1.86057230e-01 1.53949496e-03]
 [2.31510867e+00 2.37682115e+00]
 [7.12591689e-01 5.55720836e-01]
 [2.63041174e+00 2.26416821e+00]
 [7.21765640e-01 6.47720245e-01]
 [2.48638914e+00 2.24890149e+00]
 [4.75759537e+00 2.97141535e+00]
 [1.24128269e+00 1.05227564e+00]
 [2.99583619e+00 2.80160705e+00]
 [4.22957978e-01 6.45628760e-01]
 [1.26790875e+00 8.40120347e-01]
 [6.65553355e-01 6.81929209e-01]
 [4.75146979e+00 2.96811594e+00]
 [1.36908296e+00 1.34306700e+00]
 [2.20137797e+00 2.39796414e+00]
 [2.80860524e+00 2.94932783e+00]]
