[[1.14345640e-01 1.63535747e-03]
 [4.95736759e+00 2.99719591e+00]
 [4.67844932e+00 2.99968574e+00]
 [4.51349088e+00 2.99530468e+00]
 [4.38759712e+00 2.99817787e+00]
 [3.79473921e+00 2.92097955e+00]
 [4.71170905e+00 2.99806598e+00]
 [4.84241104e+00 2.99186263e+00]
 [3.59419965e+00 2.99519326e+00]
 [4.18223630e+00 2.99520314e+00]
 [4.50936709e+00 2.99531290e+00]
 [4.84241104e+00 2.99747339e+00]
 [4.03626001e+00 2.99910266e+00]
 [3.54212931e+00 2.97967393e+00]
 [2.38257659e+00 2.39314350e+00]
 [2.39452902e+00 2.46167034e+00]
 [8.93100894e-01 7.51845310e-01]
 [2.74285274e+00 2.99448598e+00]
 [2.75474110e+00 2.92194236e+00]
 [1.95149318e+00 2.16218427e+00]
 [4.88108060e-01 5.81287533e-01]
 [6.85699503e-01 3.04418568e-01]
 [7.09693095e-01 8.46106319e-01]
 [1.95003857e+00 1.45797200e+00]
 [4.26251276e+00 2.97933210e+00]
 [2.00216858e+00 2.05565850e+00]
 [9.94006692e-02 1.34051132e-01]
 [4.11809816e+00 2.99360481e+00]
 [1.20280086e+00 1.24204390e+00]
 [7.54991871e-01 4.73190210e-01]
 [4.10903026e+00 2.99044629e+00]
 [6.90942961e-01 7.48781918e-01]
 [1.46826117e+00 1.08203897e+00]
 [5.18617563e-01 3.86495454e-01]
 [3.46709023e+00 2.99319536e+00]
 [1.74849334e+00 1.72721281e+00]
 [1.01412923e+00 1.26291221e+00]
 [9.92849442e-01 1.15616625e+00]
 [9.58619530e-01 1.26160271e+00]
 [2.09597257e+00 2.05565850e+00]
 [3.57363248e-01 3.85990549e-01]
 [3.79216236e+00 2.99360481e+00]
 [3.95430278e+00 2.98308360e+00]
 [4.33670488e+00 2.99698543e+00]
 [2.00804661e+00 1.53687808e+00]
 [4.09595070e-01 7.35569288e-01]
 [3.79036191e+00 2.96988063e+00]
 [1.23866451e+00 7.86519251e-01]
 [4.32226545e+00 2.99817787e+00]
 [1.42245687e+00 1.56543355e+00]
 [2.10850644e-01 3.22482387e-01]
 [1.17335919e+00 1.16652672e+00]
 [1.71721274e+00 2.16335193e+00]
 [2.44236854e+00 2.20076739e+00]
 [2.09597257e+00 2.63884141e+00]
 [1.43449330e+00 1.17012098e+00]
 [2.92817644e-01 3.09135240e-01]
 [1.51185879e+00 1.59422916e+00]
 [3.21018040e+00 2.99641450e+00]
 [2.58034888e+00 2.56899566e+00]
 [3.57577091e+00 2.99580703e+00]
 [2.45993679e+00 2.63442751e+00]
 [2.46776467e+00 2.22980797e+00]
 [9.30073388e-01 7.61096963e-01]
 [3.40738125e+00 2.98740175e+00]
 [7.01934693e-01 5.94304467e-01]
 [9.31301057e-01 1.03668218e+00]
 [8.23446675e-01 5.55900022e-01]
 [2.26323362e+00 1.58193799e+00]
 [2.12175536e+00 2.16065477e+00]
 [1.85170557e+00 1.81568907e+00]
 [9.35480332e-01 1.15616625e+00]
 [2.17212096e+00 2.16065477e+00]
 [3.57026764e-01 1.08263839e-01]
 [9.98956321e-01 7.92892448e-01]
 [1.73833765e+00 1.72721281e+00]
 [5.33372061e-01 3.27411041e-01]
 [1.84420665e+00 2.13310805e+00]
 [4.02133677e+00 2.96742969e+00]
 [9.37964274e-01 1.14336003e+00]
 [4.26994309e+00 2.99958042e+00]
 [2.43241324e+00 2.77382119e+00]
 [9.98956321e-01 8.18407889e-01]
 [1.22071294e-01 1.72094594e-01]
 [3.35482778e+00 2.99767797e+00]
 [1.13989847e+00 1.16746224e+00]
 [6.14892365e-01 3.36612107e-01]
 [1.12654091e+00 1.26285813e+00]
 [2.55601358e+00 2.49127420e+00]
 [3.94864956e+00 2.95323912e+00]
 [2.09473423e+00 2.09924442e+00]
 [3.86253622e+00 2.99520314e+00]
 [2.49492186e-01 1.08263839e-01]
 [1.00736356e+00 9.96190723e-01]
 [1.83092307e+00 1.81568907e+00]
 [2.81891957e+00 2.99784788e+00]
 [2.48330556e+00 2.62710165e+00]
 [1.45310162e+00 1.29731802e+00]
 [2.98450822e+00 2.97802605e+00]
 [1.05814058e+00 7.96639978e-01]
 [3.33206753e-01 3.22482387e-01]
 [7.50080728e-01 9.89702100e-01]
 [3.27021375e+00 2.98439706e+00]
 [6.20189836e-02 9.94878079e-02]
 [6.84705673e-01 7.88452792e-01]
 [1.41887883e+00 1.53064501e+00]
 [3.84646553e+00 2.98295772e+00]
 [2.43796199e+00 2.45165732e+00]
 [3.35482778e+00 2.98536765e+00]
 [1.45835354e+00 1.38637304e+00]
 [2.83315016e+00 2.81417394e+00]
 [3.25125302e+00 2.99641450e+00]
 [1.85892901e-01 1.46545528e-01]
 [1.84701760e+00 1.52510466e+00]
 [3.91374707e+00 2.97141535e+00]
 [1.33883777e+00 1.72366550e+00]
 [2.78936163e+00 2.99414306e+00]
 [3.31866955e+00 2.97967393e+00]
 [1.49251341e+00 2.07374014e+00]
 [2.58633799e+00 2.65933534e+00]
 [7.21482841e-01 4.73190210e-01]
 [2.95938801e-01 3.99557895e-01]
 [1.71750414e+00 1.59639510e+00]
 [1.59530579e+00 1.65364547e+00]
 [9.94006692e-02 9.59918493e-02]
 [2.71239297e+00 2.74921756e+00]
 [1.01177120e+00 7.37489637e-01]
 [1.87206233e+00 1.83910722e+00]
 [2.81227451e+00 2.95582781e+00]
 [1.43966134e+00 1.84464568e+00]
 [2.93159177e+00 2.99655445e+00]
 [3.99552653e+00 2.97450181e+00]
 [2.96716225e+00 2.53152129e+00]
 [1.94394213e+00 2.07708597e+00]
 [1.20280086e+00 1.59432725e+00]
 [2.08544530e+00 1.71578567e+00]
 [1.30173886e+00 1.47641975e+00]
 [1.85170557e+00 1.91071939e+00]
 [2.07924359e+00 1.84245991e+00]
 [1.74308466e+00 1.38878537e+00]
 [3.48906027e-01 2.30246808e-01]
 [1.10558715e+00 7.93645722e-01]
 [4.02807487e-01 4.34045968e-01]
 [3.31866955e+00 2.98358433e+00]
 [3.06386380e+00 2.98025361e+00]
 [2.80729589e+00 2.73468368e+00]
 [1.63322451e+00 1.52008647e+00]
 [2.10654609e+00 2.42941002e+00]
 [1.72499188e+00 1.61252105e+00]
 [1.96072460e+00 1.64815878e+00]
 [1.48199715e+00 1.34571312e+00]
 [2.53612435e+00 2.46490247e+00]
 [6.93234707e-01 4.20349533e-01]
 [8.77896816e-01 7.92892448e-01]
 [1.63322451e+00 1.58117431e+00]
 [2.57925983e+00 2.92654995e+00]
 [2.78091954e+00 2.52609268e+00]
 [2.43845625e+00 2.19070389e+00]
 [1.43255309e+00 1.45092999e+00]
 [8.80981278e-01 9.96190723e-01]
 [2.08544530e+00 1.73152603e+00]
 [3.36110378e-01 4.44160074e-01]
 [1.13890141e+00 1.24262660e+00]
 [1.43449330e+00 1.18928193e+00]
 [2.28552269e+00 2.42208159e+00]
 [9.86744950e-01 1.20607052e+00]
 [1.25347608e+00 1.26285813e+00]
 [3.13612600e+00 2.88407011e+00]
 [2.92879636e+00 2.90878724e+00]
 [3.20174236e+00 2.95582781e+00]
 [3.06426054e+00 2.99894861e+00]
 [1.31425832e+00 1.16673420e+00]
 [3.42200403e+00 2.99010710e+00]
 [2.00804661e+00 1.73083602e+00]
 [7.28664403e-01 6.05548195e-01]
 [1.10729369e+00 8.26269077e-01]
 [2.20598061e+00 2.39594893e+00]
 [1.42245687e+00 1.29745676e+00]
 [2.63245254e+00 2.39314350e+00]
 [1.98383737e+00 1.61645020e+00]
 [1.57998663e+00 1.44291536e+00]
 [1.29241886e+00 1.35667237e+00]
 [2.11954449e+00 2.27958974e+00]
 [1.87612383e-01 2.09011685e-01]
 [3.45177569e+00 2.97967393e+00]
 [2.09597257e+00 2.15052730e+00]
 [1.74421021e+00 1.52008647e+00]
 [2.37664826e+00 2.18916664e+00]
 [2.09597257e+00 1.92989249e+00]
 [7.33961867e-01 7.64756143e-01]
 [1.70560915e+00 1.34571312e+00]
 [2.10260446e+00 2.16657206e+00]
 [6.25189960e-01 3.43280083e-01]
 [2.86018268e+00 2.49195730e+00]
 [2.16838174e+00 2.29457671e+00]
 [1.51974968e+00 1.83794946e+00]
 [1.60818191e+00 1.32257971e+00]
 [2.05069090e+00 2.32736715e+00]
 [2.90320577e+00 2.52132696e+00]
 [2.58205523e+00 2.98619507e+00]
 [3.26831931e-01 9.95742927e-02]
 [2.06330733e+00 2.30119349e+00]
 [9.97215849e-02 2.00174993e-01]
 [3.02748707e+00 2.88938611e+00]
 [2.53987412e+00 2.63442751e+00]
 [2.16467431e+00 2.18066651e+00]
 [2.96766011e+00 2.92885409e+00]
 [2.92879636e+00 2.92681842e+00]
 [7.97949501e-01 5.61991536e-01]
 [2.59505814e+00 2.77288130e+00]
 [1.59718442e+00 1.58221991e+00]
 [2.59079875e+00 2.99502899e+00]
 [7.33961867e-01 7.92892448e-01]
 [2.32680244e+00 2.16472701e+00]
 [3.00531192e+00 2.86302765e+00]
 [2.59505814e+00 2.68139463e+00]
 [2.56457889e+00 2.69156274e+00]
 [9.31301057e-01 9.94850801e-01]
 [7.01934693e-01 6.15736982e-01]
 [3.22084997e+00 2.96385007e+00]
 [9.13422989e-02 3.57670717e-01]
 [2.75474110e+00 2.84663133e+00]
 [2.12532959e+00 2.38742129e+00]
 [7.14820304e-01 4.85986194e-01]
 [3.45448459e+00 2.99196855e+00]
 [3.83748516e+00 2.99731711e+00]
 [2.83858118e+00 2.78788550e+00]
 [2.15247097e+00 2.07994623e+00]
 [3.13846415e+00 2.97167588e+00]
 [2.32198735e-01 3.18564243e-01]
 [2.43241324e+00 2.53407166e+00]
 [3.22056797e+00 2.86328378e+00]
 [9.94006692e-02 7.86329606e-02]
 [2.70392514e+00 2.70185914e+00]
 [2.10280681e+00 2.34290188e+00]
 [3.15007444e+00 2.96385007e+00]
 [2.96766011e+00 2.91839475e+00]
 [2.16838174e+00 2.42208159e+00]
 [2.53270700e+00 2.90423991e+00]
 [1.59201828e+00 1.43491917e+00]
 [2.29272621e+00 2.18916664e+00]
 [3.21261461e+00 2.96385007e+00]
 [1.87703356e+00 1.83911729e+00]
 [4.25985876e+00 2.99607011e+00]
 [4.25221057e-01 3.85990549e-01]
 [1.23517488e+00 1.27486595e+00]
 [1.29071233e+00 1.19606403e+00]
 [3.13612600e+00 2.84385868e+00]
 [5.11672144e-01 5.83670161e-01]
 [1.23866451e+00 1.42477496e+00]]
