[[1.86260211e-03 3.45560727e-03 1.79353495e+00]
 [4.30247271e-03 9.73802078e-03 2.35560178e+00]
 [3.81016124e-03 7.49858311e-03 2.02228296e+00]
 [4.44117107e-03 8.28135361e-03 1.85269631e+00]
 [4.32981507e-03 9.09311989e-03 2.21095800e+00]
 [1.15103041e-03 2.27001165e-03 2.19196477e+00]
 [3.93884008e-03 6.88955048e-03 1.80800322e+00]
 [3.72748802e-03 7.10354578e-03 1.91128685e+00]
 [1.01581476e-03 2.25806922e-03 2.94264094e+00]
 [4.06288428e-03 7.43749196e-03 1.57597376e+00]
 [3.14417222e-03 6.05896361e-03 2.18969427e+00]
 [3.23479197e-03 6.07441894e-03 2.30166251e+00]
 [8.48018217e-04 2.02463036e-03 2.70847595e+00]
 [1.15103041e-03 2.32741122e-03 2.15512104e+00]
 [1.87185152e-03 4.01278405e-03 2.45172971e+00]
 [8.96306989e-04 2.10770942e-03 2.08496518e+00]
 [3.23479197e-03 6.07441894e-03 1.74005706e+00]
 [5.21120849e-03 8.89131089e-03 1.81002061e+00]
 [9.03991166e-04 1.28975984e-03 1.21052505e+00]
 [1.62902634e-03 3.45560727e-03 1.78356780e+00]
 [2.72416233e-03 5.78055338e-03 2.25291451e+00]
 [2.69510750e-03 4.32938509e-03 1.77212989e+00]
 [4.46033883e-03 8.80459613e-03 1.89834718e+00]
 [3.12501378e-03 5.23756077e-03 1.49880998e+00]
 [3.14417222e-03 6.04952822e-03 2.18969427e+00]
 [1.98569888e-03 3.90239398e-03 1.68669248e+00]
 [8.42854837e-04 1.11036632e-03 2.10691425e+00]
 [3.02565741e-03 6.64102555e-03 1.99450019e+00]
 [7.63034671e-04 1.69114993e-03 1.85866145e+00]
 [4.11273531e-03 6.75856060e-03 1.60126458e+00]
 [6.30959200e-03 9.97393486e-03 2.75222090e+00]
 [4.00790150e-03 7.67788978e-03 2.06668367e+00]
 [4.54603707e-03 8.58024918e-03 1.84234499e+00]
 [1.74896509e-03 3.67255027e-03 2.61552204e+00]
 [9.27577084e-03 9.96641977e-03 2.86771517e+00]
 [4.49156793e-03 9.73802078e-03 2.33011924e+00]
 [1.64584318e-03 4.26821349e-03 2.91607685e+00]
 [7.32048960e-04 1.15035012e-03 1.39580856e+00]
 [3.17459222e-03 6.07441894e-03 2.21757488e+00]
 [4.65258286e-03 9.46676679e-03 2.10686741e+00]
 [4.29075907e-03 9.81551812e-03 2.99854593e+00]
 [1.27082830e-03 2.86326455e-03 2.36463314e+00]
 [4.54603707e-03 8.58024918e-03 1.80406925e+00]
 [1.79655245e-03 3.72501186e-03 2.12869943e+00]
 [3.89825665e-03 6.87691880e-03 1.81320491e+00]
 [1.88297917e-03 3.36275011e-03 1.75923559e+00]
 [5.00049349e-03 8.89131089e-03 1.69963510e+00]
 [3.94610010e-03 8.28785278e-03 2.19802075e+00]
 [5.04849294e-03 9.95706122e-03 2.10686741e+00]
 [1.74896509e-03 3.22144158e-03 1.91100930e+00]
 [4.41619263e-03 9.39666987e-03 2.36843610e+00]
 [4.27544989e-03 8.42626985e-03 1.87363775e+00]
 [4.32964197e-03 9.87432946e-03 2.27340131e+00]
 [9.64194450e-04 1.28975984e-03 1.21277302e+00]
 [3.00956196e-03 5.60227416e-03 1.65193441e+00]
 [2.73809704e-03 5.36773280e-03 2.10242252e+00]
 [3.81016124e-03 7.48394438e-03 2.01716522e+00]
 [1.95429481e-03 4.63249813e-03 2.48483158e+00]
 [1.51737260e-03 2.64336749e-03 2.11565061e+00]
 [4.11273531e-03 6.75364010e-03 1.64936501e+00]
 [7.63034671e-04 1.72545496e-03 2.59513185e+00]]
