[[2.08511002 2.16097348]
 [0.93130106 1.03668218]
 [1.98383737 1.6164502 ]
 [2.09597257 2.0556585 ]
 [2.08652401 1.67606949]
 [0.70193469 0.59430447]
 [1.05814058 0.79663998]
 [2.24956067 1.73516884]
 [1.63322451 1.58117431]
 [3.45448459 2.99196855]
 [0.09940067 0.07863296]
 [2.76410989 2.52609268]
 [2.92879636 2.90878724]
 [0.29958845 0.36403037]
 [0.22275939 0.32248239]
 [0.97714741 1.74407678]
 [1.1992388  1.48130914]
 [2.62335155 2.77442391]
 [3.08389179 2.84704896]
 [0.88098128 0.99619072]
 [0.99284944 1.28010303]
 [2.63857323 2.40648325]
 [2.59505814 2.31265173]
 [2.07924359 1.8500552 ]
 [3.91374707 2.97141535]
 [1.10716367 0.80121606]
 [0.09166321 0.20017499]
 [0.72779116 0.47319021]
 [4.52904748 2.96986554]
 [0.73396187 0.79289245]
 [2.58633799 2.74921756]
 [0.43741105 0.68192921]
 [2.85357926 2.99026028]
 [2.46035901 2.19027363]
 [1.69354013 1.57168841]
 [2.42214223 2.57795342]
 [1.37059888 1.68158997]
 [0.13313942 0.33276111]
 [0.40264764 0.69510693]
 [0.79916825 0.60780638]
 [1.85077089 1.59209232]
 [2.01610236 2.27624079]
 [3.58464501 2.96197852]
 [2.00932962 2.09192406]
 [0.60383592 0.66085196]
 [0.69177345 0.87043339]
 [1.72849411 2.02491481]
 [1.10741028 1.40173747]
 [1.57382844 1.88056681]
 [2.86636136 2.82828773]
 [2.45772575 2.57010749]
 [2.09289013 2.0503947 ]
 [1.47644397 1.63236415]
 [2.43960746 2.56606924]
 [2.92674229 2.69461514]
 [2.57087522 2.62599818]
 [0.80755385 1.02732192]
 [2.14018735 1.79780927]
 [2.8968027  2.77411254]
 [0.26497271 0.59848664]
 [1.14602514 1.30165013]
 [1.91233729 1.40936712]
 [3.154796   2.94277103]
 [2.49966186 2.33129469]
 [1.99609303 2.39088676]
 [1.90540746 1.97803481]
 [0.354592   0.45781196]
 [0.08287941 0.34138907]
 [1.60513157 1.67373598]
 [3.49811591 2.75477577]
 [0.19864353 0.21100032]
 [2.69824555 2.6857811 ]
 [1.64180695 1.64269281]
 [1.93002006 1.71462628]
 [0.19929963 0.40437935]
 [0.967082   1.0069914 ]
 [2.16177797 2.5431014 ]
 [1.24145364 0.88523573]
 [1.13500583 1.78794716]
 [3.01091827 2.89070126]
 [1.72839607 1.78687529]
 [1.5264415  1.11496373]
 [2.24368629 2.1129402 ]
 [0.88339447 1.17329737]
 [1.17538818 1.38480624]
 [1.00363744 1.58863983]
 [0.98916392 1.28799217]
 [0.61386065 0.56270968]
 [2.35248838 2.48140801]
 [1.93494617 1.47864262]
 [2.29978366 2.29161815]
 [0.63356692 0.73279999]
 [3.02153422 2.87640755]
 [1.96942004 2.06686514]
 [3.50266536 2.79167946]
 [1.95305249 2.08881025]
 [3.06556168 2.8072088 ]
 [2.98444262 2.93877052]
 [2.2050331  2.21883589]
 [1.38600052 1.6044967 ]
 [3.02606448 2.97121859]
 [0.4449911  0.55471677]
 [4.00329829 2.79960701]
 [0.18931294 0.17275052]
 [0.82659245 0.59158904]
 [2.58099231 2.58967945]
 [1.39164065 1.91992371]
 [2.32566972 2.42024043]
 [1.28330495 1.17429109]
 [0.28987907 0.41644955]
 [0.72892716 0.73464192]
 [2.78634115 2.72132717]
 [2.60156818 2.48540444]
 [2.52889693 2.47457569]
 [2.03144214 2.23124759]
 [1.55506534 1.64546727]
 [2.39868784 2.84003004]
 [3.52963683 2.68481856]
 [1.64573001 1.58400419]
 [1.15731468 1.28046405]
 [1.95132352 2.27947619]
 [0.45204858 0.38692795]
 [0.52631263 0.51818239]
 [4.39533201 2.92055658]
 [3.02711004 2.92871479]
 [3.09559817 2.95633474]
 [2.66824538 2.21816336]
 [2.75997514 2.89174767]
 [1.98231345 1.8840697 ]
 [0.34892989 0.12563271]
 [2.68001287 2.70234934]
 [1.17760978 0.88780516]
 [2.82866073 2.7264241 ]
 [1.86249383 1.8571189 ]
 [2.06835082 2.05292887]
 [2.12862206 1.80602352]
 [2.12701733 2.4321637 ]
 [1.59948399 1.52737838]
 [0.5390695  0.3865839 ]
 [1.11377423 1.32811138]
 [1.69996889 1.93416121]
 [1.61878358 1.77416155]
 [0.15831229 0.15408871]
 [2.71893746 2.73173356]
 [4.31867099 2.93788546]
 [2.76832188 2.92082846]
 [1.12854669 1.39464139]
 [2.29978366 2.27451254]
 [1.97227263 2.33695484]
 [3.09559817 2.95997196]
 [2.5494331  2.30242461]
 [0.28574768 0.29611814]
 [1.61846076 1.27012024]
 [1.63074747 1.44375806]
 [2.29788266 2.52609268]
 [1.06352444 1.1959102 ]
 [4.85363338 2.95935131]
 [2.59804562 2.68447279]
 [0.02706329 0.04107799]
 [2.56218483 2.76744215]
 [2.07067544 2.01741795]
 [3.5560338  2.77442391]
 [3.99759791 2.81004917]
 [0.19252127 0.15224262]
 [2.57087522 2.61209402]
 [1.67570176 1.5013202 ]
 [3.76938094 2.91790112]
 [0.22036396 0.31359426]
 [0.3643082  0.41956627]
 [1.69747013 1.79016195]
 [1.73882307 1.73727972]
 [0.49371701 0.65433752]
 [2.69887996 2.84297803]
 [0.35011072 0.25088195]
 [3.53024421 2.98293796]
 [2.71893746 2.64887662]
 [2.75410984 2.73176256]
 [0.8019759  0.87421725]
 [2.0570172  2.27624079]
 [1.98079905 1.74704246]
 [1.55997004 1.64269281]
 [2.80248272 2.7173794 ]
 [0.02367264 0.19326874]
 [0.26229534 0.40527103]
 [2.77365492 2.62636657]
 [2.47582068 2.20776321]
 [2.14811475 1.8021588 ]
 [2.13277367 2.08120778]
 [3.10070081 2.70986662]
 [1.54623192 1.64316267]
 [4.49445659 2.96730468]
 [2.09894167 2.41912319]
 [1.70613259 1.06060459]
 [1.23866451 1.10114375]
 [0.93130106 0.8211436 ]
 [2.57056946 2.29753868]
 [1.95459356 1.60880284]
 [2.08113584 2.06686514]
 [0.73100952 0.734371  ]
 [0.70479885 0.86600276]
 [1.93935748 2.13292818]
 [3.45949926 2.99416532]
 [2.1611961  1.85238304]
 [1.16652786 1.21401472]
 [2.66973821 2.63735753]
 [1.28330495 1.20196239]
 [4.87780053 2.99877974]
 [1.09589177 0.99237227]
 [2.81188608 2.44056886]
 [2.27435689 2.27292381]
 [0.64150003 0.89272415]
 [2.77518607 2.63649595]
 [1.18530791 1.50192633]
 [1.6957708  1.32137733]
 [2.24035268 2.08554889]
 [0.92734438 1.09962929]
 [2.25479215 2.47868261]
 [1.46606597 1.39926481]
 [2.72322009 2.94138404]
 [2.32026769 2.41768885]
 [1.34239673 0.80110142]
 [2.51451784 2.62599818]
 [1.57763388 2.03342272]
 [2.84815203 2.90981027]
 [1.6464073  1.17987563]
 [1.77796803 1.13752703]
 [1.16018883 1.0725335 ]
 [4.00275083 2.97047797]
 [1.75436764 1.92217244]
 [0.20463725 0.16468457]
 [2.86908738 2.6804601 ]
 [3.11313681 2.99717063]
 [1.26790875 1.18631344]
 [1.9899532  1.58857528]
 [2.1439758  2.64096055]
 [0.76321757 0.71098415]
 [4.37612854 2.99414077]
 [1.11234782 0.80930669]
 [3.06538505 2.97121859]
 [0.90124328 0.68142627]
 [2.56982814 2.60789059]
 [2.09592888 2.07894816]
 [2.53965413 2.4321637 ]
 [0.09940067 0.05926693]
 [0.90624919 0.62953046]
 [1.44688174 1.63847213]
 [2.96716225 2.63041724]
 [1.83505861 1.61029325]
 [4.02667722 2.99706771]
 [3.60017586 2.96785004]
 [3.90430407 2.97118817]
 [2.21097469 2.19382025]]
