[[3.60699608e+01 1.65566552e+01]
 [7.76812641e+00 3.22621992e+01]
 [3.44753316e+01 1.71025222e+01]
 [2.86511655e+01 1.95368564e+01]
 [3.38364045e+00 3.78835185e+01]
 [7.01718697e+00 3.32064912e+01]
 [2.06701379e+01 2.30235463e+01]
 [8.35413583e+01 6.42080819e+00]
 [6.42545421e-02 4.82357273e+01]
 [5.60857909e+01 1.11194220e+01]
 [6.81555654e+01 8.66305532e+00]
 [8.89085385e-01 4.35860832e+01]
 [6.14466549e-01 4.47011988e+01]
 [1.45298019e+01 2.68269711e+01]
 [5.83176055e+01 1.06016468e+01]
 [7.04643053e+01 8.30666886e+00]
 [2.37133311e+01 2.18482271e+01]
 [7.07409588e+00 3.29968040e+01]
 [6.16784942e+01 9.95395502e+00]
 [7.64913006e+01 7.61132999e+00]
 [1.04976551e+01 2.98948891e+01]
 [5.10129214e+01 1.23026655e+01]
 [4.83307391e+01 1.30055861e+01]
 [3.09838326e+01 1.84529702e+01]
 [9.65869014e+01 5.29510110e+00]
 [7.47103428e+00 3.27839613e+01]
 [3.56757064e+01 1.67682477e+01]
 [1.17329489e+02 4.34324222e+00]
 [4.66951383e+00 3.58988353e+01]
 [5.69893656e+01 1.08917859e+01]
 [2.62542348e+00 3.94629533e+01]
 [6.83382844e+01 8.64617576e+00]
 [2.13531304e+01 2.26859973e+01]
 [4.18005687e+01 1.50087135e+01]
 [5.00504672e+01 1.25116603e+01]
 [1.88251444e+01 2.41843976e+01]
 [6.00929066e+00 3.48282781e+01]
 [5.13824242e-01 4.54694508e+01]
 [2.58119506e+00 3.96677531e+01]
 [4.03239394e+00 3.69383522e+01]
 [2.38404433e+01 2.15314788e+01]
 [3.69837635e+01 1.63225093e+01]
 [8.64919865e+01 6.15676129e+00]
 [3.36542071e+01 1.74010150e+01]
 [3.20537255e+00 3.81544643e+01]
 [4.94481916e+00 3.56141364e+01]
 [2.83518875e+01 1.95538827e+01]
 [1.27649019e+01 2.80997480e+01]
 [6.48609556e+01 9.26874806e+00]
 [5.05834735e+01 1.23675360e+01]
 [3.43372301e+01 1.71514592e+01]
 [1.93779981e+01 2.37564183e+01]
 [5.01455835e+01 1.24796289e+01]
 [6.33070848e+01 9.61319687e+00]
 [5.40210633e+01 1.15365319e+01]
 [1.10958087e+01 2.96911065e+01]
 [6.83013424e+00 3.33587758e+01]
 [6.43486652e+01 9.37801384e+00]
 [1.71358718e+00 4.17938033e+01]
 [1.20306667e+01 2.85309140e+01]
 [7.44505565e+01 7.63696884e+00]
 [4.67329773e+01 1.33736789e+01]
 [3.88029074e+01 1.58309290e+01]
 [3.01727971e+01 1.87087766e+01]
 [1.34130912e+00 4.22112876e+01]
 [4.93661976e-01 4.58807307e+01]
 [2.15113580e+01 2.25891640e+01]
 [3.35921562e-01 4.59875418e+01]
 [5.79757966e+01 1.06536827e+01]
 [4.76391019e+01 1.32669915e+01]
 [9.12935351e+00 3.13889598e+01]
 [2.15758789e+01 2.25489721e+01]
 [2.66596827e+01 2.02184574e+01]
 [2.58182713e+01 2.08055238e+01]
 [8.12972023e-01 4.41664531e+01]
 [7.79711709e+00 3.22085453e+01]
 [9.29939777e+00 3.10579557e+01]
 [6.96871304e+01 8.40558730e+00]
 [2.47211051e+01 2.10275627e+01]
 [1.42926711e+01 2.71591155e+01]
 [3.79945778e+01 1.59323796e+01]
 [2.76770048e+01 1.99347921e+01]
 [1.05494764e+01 2.98658082e+01]
 [2.77386830e+00 3.89277638e+01]
 [4.67663491e+01 1.33526234e+01]
 [2.37216027e+01 2.17945128e+01]
 [4.21620745e+01 1.46265005e+01]
 [3.75361146e+00 3.72747338e+01]
 [6.96135576e+01 8.42397176e+00]
 [3.26021873e+01 1.77876950e+01]
 [3.27101692e+01 1.77589149e+01]
 [6.91123586e+01 8.55038487e+00]
 [7.01730799e+01 8.31113849e+00]
 [3.91416147e+01 1.55467138e+01]
 [1.79816284e+01 2.45904349e+01]
 [5.32432904e+01 1.18283137e+01]
 [1.14352050e+02 4.60422727e+00]
 [7.19408245e+01 8.01237546e+00]
 [2.02291111e+00 4.05086490e+01]
 [2.62728519e-01 4.64450476e+01]
 [4.13293070e+00 3.68514178e+01]
 [5.34718436e+01 1.16612434e+01]
 [4.50652135e+01 1.38072019e+01]
 [1.21033246e+01 2.84498708e+01]
 [1.02984042e+00 4.31941739e+01]
 [4.28413418e+00 3.64353428e+01]
 [6.06772742e+01 1.00926354e+01]
 [5.17815690e+01 1.20756660e+01]
 [5.00753781e+01 1.24841183e+01]
 [3.64208919e+01 1.64783257e+01]
 [2.05031630e+01 2.31204647e+01]
 [5.52778958e+01 1.14322952e+01]
 [2.08699861e+01 2.29201545e+01]
 [1.19158618e+01 2.86011782e+01]
 [3.60147008e+01 1.66956781e+01]
 [1.41624463e+00 4.19642958e+01]
 [2.18207191e+00 4.01005677e+01]
 [1.11394377e+02 4.68970831e+00]
 [7.09630621e+01 8.18251721e+00]
 [7.32905725e+01 7.80331402e+00]
 [6.39186693e+01 9.46243930e+00]
 [2.99171409e+01 1.88154538e+01]
 [5.50142592e-01 4.53919096e+01]
 [5.68011641e+00 3.48922452e+01]
 [5.79406439e+01 1.06615388e+01]
 [1.78923348e+01 2.46011238e+01]
 [6.83454493e+00 3.32904364e+01]
 [3.51432768e+01 1.69258175e+01]
 [2.92345085e+01 1.92886542e+01]
 [3.32375215e+01 1.76019052e+01]
 [1.50000080e+01 2.66063033e+01]
 [4.84285846e+01 1.29557367e+01]
 [6.77824882e-01 4.43903877e+01]
 [1.67771277e+01 2.54218946e+01]
 [4.78881946e+01 1.30467724e+01]
 [5.05921260e+01 1.23654912e+01]
 [5.36391320e+01 1.16372762e+01]
 [1.61693989e+01 2.59350728e+01]
 [5.44136433e+01 1.14451906e+01]
 [5.19856794e+01 1.20268578e+01]
 [5.35447131e+01 1.16558594e+01]
 [1.16384578e+01 2.89583692e+01]
 [9.49411167e+01 5.95760032e+00]
 [5.23576936e+01 1.20052580e+01]
 [7.72369146e+01 7.29746490e+00]
 [6.36410176e+01 9.50833682e+00]
 [2.17589037e+01 2.24946696e+01]
 [2.57579757e+01 2.10103702e+01]
 [9.57068217e+01 5.43678539e+00]
 [6.15821910e+01 9.98621574e+00]
 [5.66735750e+01 1.10845433e+01]
 [1.74933798e+01 2.53368135e+01]
 [6.53721685e+01 9.17647572e+00]
 [4.32435144e+01 1.45318613e+01]
 [8.85263202e+01 5.96283686e+00]
 [5.82917748e-01 4.48180115e+01]
 [4.91773732e+01 1.28835308e+01]
 [1.88814601e+01 2.40009696e+01]
 [5.71317867e+01 1.08359083e+01]
 [6.47085528e+01 9.30690632e+00]
 [1.12385012e+01 2.92196345e+01]
 [5.68389485e+01 1.09153951e+01]
 [7.00005396e+01 8.37602528e+00]
 [4.08464086e+01 1.50848793e+01]
 [6.24889465e+01 9.74900054e+00]
 [6.01765272e+01 1.02927688e+01]
 [6.10090454e+00 3.40681015e+01]
 [1.19468974e+02 4.18786169e+00]
 [3.25775333e+01 1.78108313e+01]
 [5.68299902e+01 1.09901173e+01]
 [7.70361130e+01 7.46764953e+00]
 [6.09077422e+01 1.00470516e+01]
 [4.86326533e+00 3.56532049e+01]
 [9.50254019e+01 5.71831194e+00]
 [2.59808684e+01 2.04608495e+01]
 [1.39576449e+01 2.71768614e+01]
 [5.88582676e+01 1.04879904e+01]
 [1.06310387e+02 4.77093225e+00]
 [3.19774452e+01 1.80506153e+01]
 [1.20711361e-02 4.92410647e+01]
 [7.15867979e+00 3.29483516e+01]
 [2.28996494e+01 2.18892187e+01]
 [4.61896165e+01 1.35122440e+01]
 [4.32932285e+01 1.43410952e+01]
 [1.53036017e+01 2.64667033e+01]
 [7.38898918e+01 7.69582253e+00]
 [6.61260880e+01 9.03130916e+00]
 [8.26394804e+01 6.92457625e+00]
 [1.45979064e+01 2.67779850e+01]
 [1.86828278e-01 4.70590354e+01]
 [6.23249430e+01 9.76343858e+00]
 [1.41180040e-01 4.74470952e+01]
 [7.07744134e+01 8.21066401e+00]
 [6.20371380e+01 9.84464382e+00]
 [1.02288855e+01 3.00928929e+01]
 [6.04549314e+01 1.01407759e+01]
 [6.57171349e+01 9.11998457e+00]
 [1.85275554e+01 2.42729996e+01]
 [2.91029561e+01 1.94141505e+01]
 [5.47883456e+00 3.55909786e+01]
 [4.86376698e+01 1.29087184e+01]
 [6.94821516e+01 8.51113980e+00]
 [2.36449341e+00 3.97926079e+01]
 [7.89728689e+01 6.96889343e+00]
 [3.90954688e+01 1.56216308e+01]
 [3.28500257e+01 1.76929736e+01]
 [1.76373119e+01 2.52967200e+01]
 [8.33816959e+00 3.21922596e+01]
 [5.87105732e+01 1.05587934e+01]
 [2.40359652e+01 2.13492450e+01]
 [3.61183762e+01 1.65346519e+01]
 [1.31043862e+01 2.76948619e+01]
 [7.21864927e+01 7.96906991e+00]
 [1.01094095e+02 5.16203684e+00]
 [8.55133889e+00 3.15035818e+01]
 [3.96458322e+01 1.54679937e+01]
 [1.17885240e+02 4.24918149e+00]
 [1.56739315e+01 2.64261314e+01]
 [6.52609800e+01 9.21548820e+00]
 [1.40832188e-01 4.79518512e+01]
 [9.63276684e-01 4.33823657e+01]
 [3.54457037e+01 1.68394195e+01]
 [5.97474015e+01 1.03416198e+01]
 [6.78113029e+01 8.72433761e+00]
 [2.21170741e+01 2.23222041e+01]
 [2.90461772e+00 3.87110323e+01]
 [3.34026097e+01 1.74995779e+01]
 [4.41314807e+01 1.40823579e+01]
 [5.92145251e+01 1.04328039e+01]
 [2.41289838e-01 4.66354667e+01]
 [3.27878873e+01 1.77155336e+01]
 [3.11569131e+01 1.83372871e+01]
 [4.71136867e+01 1.32959562e+01]
 [1.11464612e+02 4.68729728e+00]
 [7.78130410e+00 3.22214129e+01]
 [6.41272201e+01 9.40742795e+00]]
