[[4.86621314e+00 6.48194950e-03]
 [5.84779630e+01 5.05021991e-04]
 [3.18032647e+01 6.57607673e-04]
 [3.23474214e+01 6.42435431e-04]
 [2.23930593e+01 9.50885037e-04]
 [8.42493582e+00 2.79476072e-03]
 [1.62072948e+01 1.34727829e-03]
 [2.49856601e+01 8.35621306e-04]
 [1.05192484e+01 2.36960019e-03]
 [2.61127630e+01 8.23206366e-04]
 [2.00368113e+01 1.08728937e-03]
 [4.47096878e+01 5.36028380e-04]
 [2.92439663e+01 7.98749316e-04]
 [3.48076932e+01 5.90052078e-04]
 [8.23013765e+01 4.51281614e-04]
 [1.25567709e+01 1.59656767e-03]
 [4.26392383e+01 5.87985133e-04]
 [5.93972500e+01 4.92775600e-04]
 [1.84470954e+01 1.22786196e-03]
 [4.68041539e+01 5.08001366e-04]
 [3.29475929e+01 5.98690460e-04]
 [7.90897619e+00 3.14078755e-03]
 [2.98046981e+01 6.81682905e-04]
 [5.59237268e+00 4.72816216e-03]
 [2.19544927e+01 1.08391177e-03]]
