[[1.86260211e-03 3.45560727e-03 1.79353495e+00]
 [4.30247271e-03 9.73802078e-03 2.35560178e+00]
 [3.66543097e-03 8.62346253e-03 2.38535544e+00]
 [3.81016124e-03 7.49858311e-03 2.02228296e+00]
 [4.44117107e-03 8.28135361e-03 1.85269631e+00]
 [4.32981507e-03 9.09311989e-03 2.21095800e+00]
 [1.15103041e-03 2.27001165e-03 2.19196477e+00]
 [2.53888621e-03 5.91387182e-03 1.85759032e+00]
 [3.93884008e-03 6.88955048e-03 1.80800322e+00]
 [8.96306989e-04 2.10770942e-03 2.00564877e+00]
 [3.72748802e-03 7.10354578e-03 1.91128685e+00]
 [2.69654701e-03 5.90546522e-03 1.76106815e+00]
 [4.06288428e-03 7.43749196e-03 1.57597376e+00]
 [3.14417222e-03 6.05896361e-03 2.18969427e+00]
 [4.79737567e-03 9.46676679e-03 2.10686741e+00]
 [8.48018217e-04 2.02463036e-03 2.70847595e+00]
 [2.31462936e-03 4.26821349e-03 1.49622293e+00]
 [9.04097157e-04 1.28975984e-03 1.21052505e+00]
 [2.53888621e-03 5.91387182e-03 2.07047171e+00]
 [4.45518785e-04 1.02957733e-03 2.80367754e+00]
 [4.59022551e-03 9.63108246e-03 2.62406166e+00]
 [2.22364608e-03 4.90623473e-03 1.98823253e+00]
 [1.95499331e-03 3.55155419e-03 2.20562583e+00]
 [3.14417222e-03 6.05896361e-03 2.19035096e+00]
 [3.81016124e-03 7.49858311e-03 2.11397505e+00]
 [4.50805081e-03 9.16095151e-03 2.25299232e+00]
 [3.93884008e-03 8.07250775e-03 1.80800322e+00]
 [9.03180066e-04 1.28975984e-03 2.05105831e+00]
 [4.23183534e-03 8.61959679e-03 2.15571443e+00]
 [8.48018217e-04 2.02463036e-03 2.63981107e+00]
 [3.81016124e-03 7.49858311e-03 2.17274470e+00]
 [3.29844563e-03 6.83074366e-03 1.94382568e+00]
 [5.58637863e-03 9.75222342e-03 1.64063865e+00]
 [4.90220389e-03 9.95342963e-03 2.47288295e+00]
 [4.65133944e-03 8.27388586e-03 1.62412941e+00]
 [3.99218605e-03 7.96962252e-03 2.10817586e+00]
 [3.55996751e-03 7.48493634e-03 1.81296574e+00]
 [1.03690265e-03 2.32565342e-03 1.84550532e+00]
 [2.86226006e-03 5.86751083e-03 2.04934062e+00]
 [1.62328718e-03 3.42440641e-03 1.51961882e+00]
 [4.15443066e-03 8.69467370e-03 2.02463520e+00]
 [8.00609773e-04 1.50731608e-03 1.41633350e+00]
 [8.48018217e-04 2.02463036e-03 2.70343066e+00]
 [9.57406841e-04 2.56817564e-03 2.60950913e+00]
 [2.48855266e-03 5.51181613e-03 2.32071779e+00]
 [4.15136807e-03 9.92076826e-03 2.49431284e+00]
 [3.71040676e-03 7.30091211e-03 1.93725669e+00]
 [5.10942502e-03 9.74740371e-03 2.27320880e+00]
 [1.24616735e-03 2.90778882e-03 2.08394609e+00]
 [2.88052496e-03 6.22011562e-03 2.55660178e+00]
 [4.74006290e-03 9.96977868e-03 2.88640452e+00]
 [1.51387979e-03 3.13514914e-03 2.18711802e+00]
 [7.30686976e-04 1.69838298e-03 2.80261687e+00]
 [2.74032493e-03 6.36803364e-03 2.35291952e+00]
 [9.68214707e-04 2.42949590e-03 2.85385087e+00]
 [2.61024789e-03 4.72794057e-03 1.96973851e+00]
 [5.47726963e-04 1.15035012e-03 1.74681426e+00]
 [1.55794961e-03 3.48987597e-03 2.35453959e+00]
 [1.04202039e-03 1.35079158e-03 2.01132433e+00]
 [3.82605624e-03 7.96619769e-03 2.05278707e+00]
 [8.48018217e-04 2.02463036e-03 2.62704579e+00]
 [4.79737567e-03 9.55615364e-03 2.36380908e+00]
 [9.80982534e-04 2.25806922e-03 2.94264094e+00]
 [4.21917512e-03 8.28135361e-03 1.85269631e+00]
 [3.14417222e-03 6.05896361e-03 2.04717501e+00]
 [2.79960471e-03 5.20755643e-03 1.57992413e+00]
 [8.84913417e-04 2.13164516e-03 2.60509043e+00]
 [2.36049035e-03 4.27314929e-03 1.53452679e+00]
 [2.86226006e-03 5.70628489e-03 2.04934062e+00]
 [1.69325032e-03 4.03966081e-03 2.56910707e+00]
 [1.67736685e-03 3.49496895e-03 2.55889823e+00]
 [4.37770293e-03 8.10588737e-03 1.68407995e+00]
 [7.45740713e-04 1.15128415e-03 1.24746460e+00]
 [3.29844563e-03 6.15519821e-03 1.94382568e+00]
 [1.73988926e-03 3.46742857e-03 1.50364961e+00]]
