[[1.52610864e-02 2.65060857e+04]
 [4.48927166e-02 9.16056255e+03]
 [3.39946541e-02 1.19017793e+04]
 [3.70128177e-02 1.09776149e+04]
 [4.18541489e-02 9.65590185e+03]
 [1.07192317e-02 3.87363394e+04]
 [3.15247391e-02 1.32695640e+04]
 [3.18475519e-02 1.27103137e+04]
 [1.20622167e-02 3.74183468e+04]
 [3.13492445e-02 1.34289154e+04]
 [2.89231505e-02 1.45152970e+04]
 [3.01721906e-02 1.43592869e+04]
 [9.94202140e-03 4.21205463e+04]
 [1.07593758e-02 3.78930647e+04]
 [1.94071032e-02 2.15308378e+04]
 [8.91685338e-03 4.82753521e+04]
 [2.63014222e-02 1.54993834e+04]
 [4.12658884e-02 1.02794147e+04]
 [5.80303929e-03 8.04541568e+04]
 [1.42004715e-02 3.01473526e+04]
 [2.67544967e-02 1.51415835e+04]
 [2.06005079e-02 2.12173771e+04]
 [3.86400297e-02 1.04581718e+04]
 [2.27857210e-02 1.83618928e+04]
 [2.89004373e-02 1.45379363e+04]
 [1.62720757e-02 2.59225653e+04]
 [6.40009364e-03 7.97516866e+04]
 [2.83408428e-02 1.48133234e+04]
 [6.93488415e-03 6.22009239e+04]
 [3.04794132e-02 1.39554699e+04]
 [5.98417671e-02 8.53395094e+03]
 [3.56726950e-02 1.15751889e+04]
 [3.80065289e-02 1.06086659e+04]
 [1.86424585e-02 2.33210634e+04]
 [7.59218909e-02 8.50099007e+03]
 [4.54844354e-02 8.93980915e+03]
 [2.13050343e-02 2.06279787e+04]
 [5.07657125e-03 8.55497143e+04]
 [2.92960039e-02 1.44471161e+04]
 [4.31118963e-02 9.35419140e+03]
 [5.24759065e-02 8.59164981e+03]
 [1.32562285e-02 3.09257793e+04]
 [3.76464177e-02 1.07006907e+04]
 [1.69012548e-02 2.37281564e+04]
 [3.13601692e-02 1.32850138e+04]
 [1.50330122e-02 2.73648809e+04]
 [3.92663548e-02 1.04393640e+04]
 [3.80240883e-02 1.06047073e+04]
 [4.60452183e-02 8.89358281e+03]
 [1.47013869e-02 2.80281705e+04]
 [4.46869472e-02 9.24141144e+03]
 [3.67806627e-02 1.10280050e+04]
 [4.44443367e-02 9.34857561e+03]
 [6.05750287e-03 8.03937011e+04]
 [2.38426211e-02 1.74096442e+04]
 [2.48698725e-02 1.65038767e+04]
 [3.39185157e-02 1.19310099e+04]
 [2.16108820e-02 1.93940620e+04]
 [1.30518633e-02 3.34749027e+04]
 [3.08212643e-02 1.38525716e+04]
 [8.43694253e-03 4.96877042e+04]]
