[[0.62822678 4.53414591 9.09509548 1.55636897]
 [0.43379929 4.27441307 8.65190854 0.52291692]
 [1.68005678 1.30700616 9.63388057 2.58191717]
 [0.55867567 3.33434245 9.48881637 0.91937637]
 [1.18582585 2.56987231 9.60000241 1.2892189 ]
 [1.04256965 1.81511829 9.40087105 1.9611576 ]
 [0.454131   4.41948928 9.29574171 1.40800301]
 [1.25823323 1.90660622 9.63603167 2.93609384]
 [0.57152466 2.80940531 8.87781336 1.32397866]
 [1.4989948  0.5983931  9.70171865 3.74195519]
 [0.42115984 3.55028077 9.69171301 2.35528751]
 [0.46033753 2.64819403 8.80406575 0.94790093]
 [0.69507926 4.60473317 9.11030471 1.55636897]
 [0.22167783 8.10478509 9.73292348 0.43107316]
 [0.52797523 5.26156423 9.54280191 2.03782797]
 [0.7681061  3.27429924 9.94945318 3.5005205 ]
 [0.78457873 9.3975456  9.98716179 4.69692922]
 [3.42426678 0.23284127 9.82653337 4.62419167]]
