[[1.86260211e-03 3.45560727e-03 1.79353495e+00]
 [4.30247271e-03 9.73802078e-03 2.35560178e+00]
 [1.98569888e-03 4.26701009e-03 1.68669248e+00]
 [3.66543097e-03 8.62346253e-03 2.38535544e+00]
 [3.81016124e-03 7.49858311e-03 2.02228296e+00]
 [2.74119775e-03 5.60529991e-03 2.34345957e+00]
 [4.44117107e-03 8.28135361e-03 1.85269631e+00]
 [4.32981507e-03 9.09311989e-03 2.21095800e+00]
 [1.15103041e-03 2.27001165e-03 2.19196477e+00]
 [3.93884008e-03 6.88955048e-03 1.80800322e+00]
 [3.72748802e-03 7.10354578e-03 1.91128685e+00]
 [6.05212895e-03 9.90406197e-03 2.54783250e+00]
 [1.01581476e-03 2.25806922e-03 2.94264094e+00]
 [2.69654701e-03 5.90546522e-03 1.76106815e+00]
 [4.06288428e-03 7.43749196e-03 1.57597376e+00]
 [4.79737567e-03 9.46676679e-03 2.10686741e+00]
 [8.48018217e-04 2.02463036e-03 2.70847595e+00]
 [2.31462936e-03 4.26821349e-03 1.49622293e+00]
 [9.04097157e-04 1.28975984e-03 1.21052505e+00]
 [2.37214058e-03 5.39490891e-03 2.49856157e+00]
 [1.32906238e-03 2.83462432e-03 2.60128235e+00]
 [1.93864860e-03 4.95112363e-03 2.27024992e+00]
 [1.08067485e-03 1.91272052e-03 1.77409247e+00]
 [2.78504172e-03 6.14781891e-03 2.33033671e+00]
 [1.55528584e-03 3.17817550e-03 1.68796635e+00]
 [2.26789321e-03 4.08181403e-03 2.36612810e+00]
 [6.56219990e-04 1.80729214e-03 2.38861388e+00]
 [1.84748152e-03 4.30973654e-03 2.74649084e+00]
 [4.28335214e-03 9.35427012e-03 2.67768967e+00]
 [3.31014434e-03 6.59709804e-03 1.93308698e+00]
 [9.85390106e-04 1.35597047e-03 1.31872041e+00]
 [2.15209660e-03 3.71923011e-03 1.77971078e+00]
 [1.48733563e-03 3.05945447e-03 1.59448289e+00]
 [9.94405629e-04 1.26693171e-03 1.74681426e+00]
 [4.80635920e-04 1.38853779e-03 2.75628501e+00]
 [3.31511912e-03 5.51737971e-03 1.37643883e+00]
 [4.76691440e-03 8.68890876e-03 2.06708211e+00]
 [1.84482172e-03 4.21491010e-03 2.11020886e+00]
 [5.32311843e-03 9.87331089e-03 2.25282341e+00]
 [1.67821164e-03 3.88979139e-03 2.72622828e+00]
 [2.18775370e-03 4.91545150e-03 2.71340499e+00]
 [5.29945427e-04 1.33125317e-03 1.89802661e+00]
 [5.25360282e-03 9.73244524e-03 2.27320880e+00]
 [9.57826824e-04 2.01550909e-03 1.35965089e+00]
 [5.46546149e-04 1.70596094e-03 2.38861388e+00]
 [2.23238431e-03 5.20177885e-03 1.96888936e+00]
 [1.35523007e-03 3.12646012e-03 1.68051744e+00]
 [4.92720830e-03 8.95561700e-03 1.74477043e+00]
 [1.27320507e-03 2.83826579e-03 2.55564122e+00]
 [2.66407938e-03 4.64953080e-03 1.40515927e+00]
 [2.90821787e-03 5.44564212e-03 1.59076776e+00]
 [2.37362479e-03 5.39490891e-03 2.36735839e+00]
 [8.06096955e-03 9.94883558e-03 2.77730739e+00]
 [6.29742507e-03 9.88493989e-03 2.74980510e+00]
 [5.50236757e-03 9.80452608e-03 2.41374647e+00]
 [3.35994009e-03 6.59709804e-03 1.93308698e+00]
 [1.09763049e-03 2.56645041e-03 2.90366564e+00]
 [4.50873936e-03 8.61946096e-03 1.82290865e+00]
 [2.86794570e-03 5.87909126e-03 1.86081701e+00]
 [5.31047355e-03 9.87352954e-03 1.75258837e+00]
 [4.05968748e-03 9.13083628e-03 2.40547693e+00]
 [3.88369587e-03 9.39545110e-03 2.89084467e+00]
 [3.70589283e-03 7.54861481e-03 1.78970096e+00]
 [4.61889411e-03 8.60456667e-03 1.67690277e+00]
 [3.31575238e-03 5.38287280e-03 1.63005418e+00]
 [3.39012345e-03 5.74585400e-03 1.58237427e+00]
 [5.41195042e-03 9.78842593e-03 2.63292787e+00]
 [2.22303337e-03 4.27029535e-03 2.37068048e+00]
 [4.28327648e-03 8.07698409e-03 1.70706973e+00]
 [4.46594101e-03 7.82749415e-03 1.87869180e+00]
 [4.09131574e-03 7.18051289e-03 1.94303988e+00]
 [9.04097157e-04 1.22908815e-03 1.20811016e+00]
 [7.00189335e-03 9.89140296e-03 2.75716788e+00]
 [1.50739659e-03 3.43575122e-03 2.09336914e+00]
 [6.03244868e-03 9.90406197e-03 2.57671176e+00]
 [8.48018217e-04 2.05852155e-03 2.70847595e+00]
 [2.98507477e-03 7.14456797e-03 2.82920712e+00]
 [3.16919172e-03 5.63706255e-03 1.52601158e+00]
 [8.31251245e-04 1.53051663e-03 2.37763329e+00]
 [1.08067485e-03 1.93391697e-03 1.82472253e+00]
 [1.42640031e-03 3.05945447e-03 1.79473012e+00]]
