[[0.46628814 2.49144512 9.94601183 2.21439334]
 [0.46628814 2.49144512 9.97587275 2.21439334]
 [0.67485163 2.26474652 9.85927421 2.7519804 ]
 [0.34255887 3.43220575 9.97011345 1.32280385]
 [0.76408335 1.34223568 9.9932271  4.57219078]
 [0.79472998 1.30866022 9.74831125 4.58861496]
 [0.34255887 3.43220575 9.97017709 1.3307562 ]
 [0.69923104 1.71233743 9.38610595 0.82085751]
 [0.55678456 2.76116192 9.67934405 1.55690381]
 [0.94639253 1.6058262  9.97383531 4.85070503]
 [0.54163523 2.51066509 9.97587275 1.99828016]
 [0.7645112  1.62937961 9.97383531 0.78662166]
 [0.49197353 2.61653554 9.99451448 1.11398824]
 [0.382697   3.59608585 9.91940931 3.72349653]
 [0.46628814 2.91690009 9.97587275 3.28387656]
 [0.59136045 3.31115488 9.85757195 3.9107429 ]
 [0.94639253 1.56566571 9.98632715 4.81179216]
 [0.63306078 3.28873853 9.935529   3.72349653]
 [0.46628814 3.48779136 9.98435288 3.28387656]
 [0.46628814 2.49144512 9.94601183 1.15789488]
 [0.35363285 3.30471853 9.90123426 4.00909709]
 [0.76478385 1.34223568 9.99498924 4.57219078]
 [0.6124968  3.16669171 9.91161395 3.68574615]
 [0.46628814 2.49144512 9.89812426 3.20857079]
 [0.61749824 2.53604271 9.79893765 1.27494933]
 [0.31383539 4.52805148 9.93854483 0.85194614]
 [0.50076287 2.48453623 9.93530338 1.61763466]
 [0.41216485 4.01612308 9.76272214 0.53825197]
 [0.71008355 2.85286237 9.97919398 1.78419496]
 [0.64759179 1.84230806 9.93688004 0.96728943]
 [0.4624581  2.39487127 9.90486693 2.89505934]
 [0.65078336 1.6058262  9.96113879 2.36488179]
 [0.76149828 2.48453623 9.99351078 3.23738343]
 [0.44141985 2.77282807 9.43260445 0.45816315]
 [0.47362709 2.55494551 9.92739723 2.88911544]
 [0.6387364  2.48453623 9.90316228 1.38326385]
 [0.53789588 2.45510532 9.85741309 2.01167668]
 [0.50735247 3.16669171 9.91221196 3.6203063 ]
 [0.3527393  3.6893009  9.90287045 0.81734869]
 [0.58908607 2.48453623 9.94744525 1.61763466]
 [0.64030029 2.59895326 9.75640867 1.50769222]
 [0.68790443 2.33210439 9.92708505 3.00448372]
 [0.29182567 3.93675815 9.91665502 0.99584951]
 [0.38827975 3.27806352 9.81414147 3.65661987]
 [1.11599067 1.14627545 9.43641728 4.0861531 ]
 [0.76478385 1.34223568 9.99417396 4.63762513]
 [0.76557542 1.62937961 9.97383531 2.53063171]
 [0.76179441 1.59544174 9.78571048 3.11733909]
 [0.6778158  2.59732331 9.7559422  3.62914623]
 [0.46628814 2.50269304 9.98821986 3.20737468]
 [0.9916432  1.63439362 9.97383531 4.91775841]
 [0.67939225 1.68183324 9.67220781 1.12839788]]
