[[4.85688156e+00 2.99705167e+00]
 [4.54130424e-03 7.61000771e-03]
 [4.71259932e+00 2.99423966e+00]
 [4.84829828e+00 2.99346927e+00]
 [4.54035334e+00 2.99808663e+00]
 [6.57740002e-01 6.61550493e-01]
 [9.92852123e-01 1.11550768e+00]
 [4.58733900e+00 2.99705167e+00]
 [9.27302584e-01 6.61550493e-01]
 [1.71055806e+00 1.67950538e+00]
 [5.23643178e-01 2.28119869e-01]
 [2.09597257e+00 2.05565850e+00]
 [7.98098108e-01 6.37718945e-01]
 [3.76374861e+00 2.99664460e+00]
 [1.20851044e+00 1.38685419e+00]
 [8.63567121e-01 8.09831789e-01]
 [1.64560348e+00 1.68956181e+00]
 [1.16369317e+00 1.25157504e+00]
 [4.45591474e+00 2.99733989e+00]
 [3.96793626e+00 2.99132561e+00]
 [2.57123317e+00 2.53685397e+00]
 [2.07924359e+00 1.99515806e+00]
 [2.52776728e+00 2.61613198e+00]
 [2.52776728e+00 2.67460363e+00]
 [4.07980922e+00 2.99508727e+00]
 [1.58529469e+00 1.60915702e+00]
 [4.12980576e-01 4.77610844e-01]
 [3.03925145e+00 2.78919377e+00]
 [3.91374707e+00 2.97732138e+00]
 [3.71483799e+00 2.98004748e+00]
 [2.11919741e-01 8.33104118e-02]
 [6.39559999e-01 3.13932515e-01]
 [1.13948488e+00 1.22927870e+00]
 [1.17755476e+00 1.00667510e+00]
 [5.31522168e-01 6.73859514e-01]
 [1.37897551e+00 1.75554488e+00]
 [2.11192517e+00 2.50722448e+00]
 [4.18737394e+00 2.99934966e+00]
 [2.92310775e+00 2.74950149e+00]
 [1.90765340e+00 2.09746904e+00]
 [2.53099452e+00 2.73668191e+00]
 [1.59300124e+00 1.86003697e+00]
 [1.48833328e+00 1.38514110e+00]
 [1.92604502e+00 1.85005520e+00]
 [1.42562970e+00 1.56788953e+00]
 [2.11919741e-01 1.53336805e-01]
 [3.40099828e+00 2.98948193e+00]
 [2.54060277e+00 2.78141457e+00]
 [9.31301057e-01 1.03668218e+00]
 [4.65613698e+00 2.98630417e+00]
 [4.87088836e-01 3.10756710e-01]
 [4.67491111e-01 3.78988558e-01]
 [7.95826416e-01 9.80886002e-01]
 [1.09075105e+00 1.38687814e+00]
 [2.95866009e+00 2.92699533e+00]
 [3.16499065e-01 3.52293853e-01]
 [3.34607453e+00 2.96643843e+00]
 [2.62335155e+00 2.82453389e+00]
 [4.15392236e+00 2.97141535e+00]
 [6.70915411e-01 3.90005990e-01]
 [1.25561605e+00 1.39130977e+00]
 [2.91007090e+00 2.67135041e+00]
 [1.97016521e+00 1.85005520e+00]
 [3.20483460e+00 2.78088892e+00]
 [5.58262029e-01 5.94304467e-01]
 [1.00939183e+00 1.03668218e+00]
 [2.94464299e+00 2.98378548e+00]
 [3.80801913e+00 2.98400882e+00]
 [3.19009418e+00 2.98016404e+00]
 [1.90481385e+00 1.64211160e+00]
 [1.90495770e+00 1.82827199e+00]
 [4.33304137e+00 2.99032866e+00]
 [1.70367544e+00 1.99578052e+00]
 [1.38669464e+00 1.53286180e+00]
 [1.03421850e+00 7.81800256e-01]
 [2.72174480e+00 2.77442391e+00]
 [2.49788570e+00 2.54765314e+00]
 [4.95975321e-02 6.86210811e-02]
 [1.21102399e+00 1.32271175e+00]
 [4.28533074e+00 2.98783166e+00]
 [1.19600519e-01 1.37108055e-01]
 [1.35696518e+00 1.59270577e+00]
 [1.72358342e+00 1.55875579e+00]
 [2.10273473e+00 1.85005520e+00]
 [3.44994578e+00 2.98361602e+00]
 [3.45448459e+00 2.99914064e+00]
 [3.15660409e+00 2.97094816e+00]
 [2.63459429e+00 2.60376092e+00]
 [4.15392236e+00 2.98838856e+00]
 [2.91007090e+00 2.62855459e+00]
 [2.44451758e+00 2.39367044e+00]
 [2.06320634e+00 2.30383282e+00]
 [2.49737295e+00 2.49129457e+00]
 [2.11216079e+00 2.55501562e+00]
 [3.90466097e-01 6.04803833e-01]
 [1.51359407e+00 1.72314656e+00]
 [1.01955710e+00 7.07686513e-01]
 [4.01516306e+00 2.99960638e+00]
 [2.23201927e-01 3.03258218e-01]
 [4.37910850e+00 2.99406086e+00]
 [4.56431406e-02 1.67506544e-01]
 [2.10622686e+00 2.16097348e+00]
 [8.70342334e-01 1.03580819e+00]
 [3.91374707e+00 2.96020327e+00]
 [1.84065542e+00 1.76140618e+00]
 [2.88312951e+00 2.73264034e+00]
 [4.42696227e+00 2.98584352e+00]
 [1.13948488e+00 1.09673539e+00]
 [3.50128339e+00 2.99508727e+00]
 [2.13971751e+00 2.38074537e+00]
 [1.23973573e+00 1.48130914e+00]
 [2.07768995e+00 2.31790043e+00]
 [2.14926926e+00 2.16097348e+00]
 [4.66157309e+00 2.99834679e+00]
 [4.00190333e+00 2.97946575e+00]
 [4.23334244e+00 2.99705167e+00]
 [2.26293721e-01 1.91292092e-01]
 [1.22510657e+00 1.54489015e+00]
 [1.30436260e+00 1.01154136e+00]
 [3.16994258e+00 2.93625656e+00]
 [4.21730517e-01 6.07788934e-01]
 [3.65923864e+00 2.97079031e+00]
 [6.14847819e-01 6.54878448e-01]
 [2.39905265e+00 2.54765314e+00]
 [2.15974912e+00 2.42208159e+00]
 [2.32728902e+00 2.60303864e+00]
 [1.95289574e+00 2.37353893e+00]
 [2.29940133e+00 2.44486995e+00]
 [4.30155121e+00 2.99021626e+00]
 [2.54964504e+00 2.24001385e+00]
 [6.58222000e-01 5.95707790e-01]
 [3.62930876e+00 2.96648466e+00]
 [4.54130424e-03 7.96344199e-02]
 [1.21631927e+00 1.60915702e+00]
 [7.82375332e-01 7.63454261e-01]
 [2.09597257e+00 2.09892809e+00]
 [8.75557855e-01 9.81757081e-01]
 [3.32202050e-01 1.37167222e-01]
 [3.83580267e+00 2.99956478e+00]
 [2.79362760e-01 2.94132171e-01]
 [9.94006692e-02 6.86210811e-02]
 [7.82375332e-01 7.09724786e-01]
 [9.34118782e-01 1.06153606e+00]
 [2.84050231e+00 2.89214160e+00]
 [1.42942530e+00 1.38514110e+00]
 [3.28150064e+00 2.99508727e+00]
 [3.26874179e+00 2.94870002e+00]
 [5.59945343e-01 5.56364847e-01]
 [2.49737295e+00 2.39279164e+00]
 [1.93246777e+00 1.67949744e+00]
 [3.51211424e+00 2.99914064e+00]
 [3.30261604e+00 2.89214160e+00]
 [2.19881756e+00 2.04469047e+00]
 [2.39558039e+00 2.61613198e+00]
 [7.52138253e-01 9.52356597e-01]
 [1.94419951e+00 1.53286180e+00]
 [3.69522092e+00 2.98004748e+00]
 [4.22334105e+00 2.99664460e+00]
 [3.67683210e+00 2.97222147e+00]
 [1.42562970e+00 1.61306143e+00]
 [1.59585915e+00 1.50522274e+00]
 [2.60621971e+00 2.81423292e+00]
 [7.78718977e-01 7.50334587e-01]
 [4.12980576e-01 2.07737490e-01]
 [3.40040725e+00 2.94727192e+00]
 [1.19031380e+00 1.01561096e+00]
 [3.85082568e+00 2.97484665e+00]
 [2.11951066e+00 2.31790043e+00]
 [1.20402423e+00 1.54501811e+00]
 [9.32420746e-01 1.09426332e+00]
 [2.15161474e+00 1.88988371e+00]
 [2.84220323e+00 2.67491260e+00]
 [3.32202050e-01 1.30188610e-01]
 [2.14306850e+00 2.54181944e+00]
 [3.40040725e+00 2.95586503e+00]
 [2.11919741e-01 1.81440889e-01]
 [1.87825089e+00 1.62690674e+00]
 [2.09087920e+00 2.38933518e+00]
 [1.90765340e+00 1.75036009e+00]
 [1.97769507e+00 1.87525471e+00]
 [1.90765340e+00 1.74735358e+00]
 [2.09492219e+00 2.38074537e+00]
 [1.57295882e+00 1.68956181e+00]
 [3.59848200e+00 2.94276095e+00]
 [7.82375332e-01 6.86314015e-01]
 [2.10037933e+00 2.08805535e+00]
 [2.30412771e+00 2.23990003e+00]
 [2.38192758e+00 2.49437723e+00]
 [1.20851044e+00 1.47494157e+00]
 [2.56660452e+00 2.78141457e+00]]
