[[2.08511002 2.16097348]
 [0.93130106 1.03668218]
 [2.09597257 2.0556585 ]
 [0.70193469 0.59430447]
 [1.05814058 0.79663998]
 [1.63322451 1.58117431]
 [3.45448459 2.99196855]
 [0.09940067 0.07863296]
 [2.76410989 2.52609268]
 [2.92879636 2.90878724]
 [0.29958845 0.36403037]
 [0.22275939 0.32248239]
 [1.1992388  1.48130914]
 [2.62335155 2.77442391]
 [3.08389179 2.84704896]
 [0.88098128 0.99619072]
 [0.99284944 1.28010303]
 [2.63857323 2.40648325]
 [2.59505814 2.31265173]
 [2.07924359 1.8500552 ]
 [3.91374707 2.97141535]
 [0.09166321 0.20017499]
 [1.9742524  2.24081549]
 [4.52904748 2.96986554]
 [0.73396187 0.79289245]
 [2.58633799 2.74921756]
 [2.85357926 2.99026028]
 [1.69354013 1.57168841]
 [2.42214223 2.57795342]
 [0.13313942 0.33276111]
 [0.79916825 0.60780638]
 [3.58464501 2.96197852]
 [2.00932962 2.09192406]
 [0.60383592 0.66085196]
 [0.69177345 0.87043339]
 [1.72849411 2.02491481]
 [1.57382844 1.88056681]
 [2.86636136 2.82828773]
 [2.45772575 2.57010749]
 [2.09289013 2.0503947 ]
 [1.47644397 1.63236415]
 [2.43960746 2.56606924]
 [2.92674229 2.69461514]
 [2.57087522 2.62599818]
 [0.80755385 1.02732192]
 [2.14018735 1.79780927]
 [2.8968027  2.77411254]
 [1.14602514 1.30165013]
 [3.154796   2.94277103]
 [2.49966186 2.33129469]
 [1.90540746 1.97803481]
 [0.354592   0.45781196]
 [1.60513157 1.67373598]
 [3.49811591 2.75477577]
 [0.19864353 0.21100032]
 [2.69824555 2.6857811 ]
 [1.64180695 1.64269281]
 [1.93002006 1.71462628]
 [0.967082   1.0069914 ]
 [2.16177797 2.5431014 ]
 [3.01091827 2.89070126]
 [1.72839607 1.78687529]
 [2.24368629 2.1129402 ]
 [0.88339447 1.17329737]
 [0.61386065 0.56270968]
 [2.35248838 2.48140801]
 [2.29978366 2.29161815]
 [0.63356692 0.73279999]
 [2.73227295 2.44932719]
 [3.02153422 2.87640755]
 [1.96942004 2.06686514]
 [3.50266536 2.79167946]
 [1.95305249 2.08881025]
 [3.06556168 2.8072088 ]
 [2.98444262 2.93877052]
 [2.2050331  2.21883589]
 [1.38600052 1.6044967 ]
 [0.35271022 0.22039996]
 [3.02606448 2.97121859]
 [0.4449911  0.55471677]
 [0.18931294 0.17275052]
 [0.82659245 0.59158904]
 [2.58099231 2.58967945]
 [2.32566972 2.42024043]
 [1.28330495 1.17429109]
 [0.28987907 0.41644955]
 [0.72892716 0.73464192]
 [2.78634115 2.72132717]
 [2.60156818 2.48540444]
 [2.52889693 2.47457569]
 [2.03144214 2.23124759]
 [1.55506534 1.64546727]
 [2.39868784 2.84003004]
 [1.64573001 1.58400419]
 [1.15731468 1.28046405]
 [1.95132352 2.27947619]
 [0.45204858 0.38692795]
 [0.52631263 0.51818239]
 [3.02711004 2.92871479]
 [3.09559817 2.95633474]
 [2.75997514 2.89174767]
 [1.98231345 1.8840697 ]
 [0.99099615 0.66178225]
 [2.68001287 2.70234934]
 [1.17760978 0.88780516]
 [2.82866073 2.7264241 ]
 [1.86249383 1.8571189 ]
 [2.33775027 2.00082763]
 [2.06835082 2.05292887]
 [2.12862206 1.80602352]
 [1.09576903 1.28640208]
 [3.09696083 2.94209711]
 [1.02461073 0.78426214]
 [2.85504381 2.8921084 ]
 [0.87666296 1.02344047]
 [1.48064962 1.59876768]
 [3.70982118 2.94864236]
 [0.36257764 0.51810326]
 [2.47747491 2.47337883]
 [0.66453119 0.8503873 ]
 [2.40722949 2.41078388]
 [1.40096318 1.35408558]
 [1.3981059  1.27053016]
 [2.21751921 2.09352497]
 [1.89054293 2.08798953]
 [0.51409184 0.5875027 ]
 [0.94569187 1.18075024]
 [1.37237056 1.58014758]
 [2.48782192 2.46353089]
 [2.2022028  2.26252508]
 [0.7337369  0.85194968]
 [1.5109075  1.10019594]
 [1.00798317 0.98257217]
 [2.28852644 2.26386668]
 [1.37731013 1.52822574]
 [1.77451255 1.9605931 ]
 [2.71308206 2.65216864]
 [0.95636026 1.1611387 ]
 [0.99116145 0.85714949]
 [1.39179665 1.4624139 ]
 [1.25480769 1.27947884]
 [0.57913373 0.81165598]
 [2.52881674 2.35950229]
 [1.68360545 1.75928826]
 [0.811225   0.58378121]
 [0.07544654 0.09658321]
 [0.57646713 0.62429223]
 [0.21314841 0.29832077]
 [2.31237233 2.60884226]
 [1.1745111  1.12214015]
 [2.43212287 2.0974397 ]
 [1.82085149 1.69993667]
 [1.0081588  1.24938767]
 [1.15470854 0.85913139]
 [0.72586646 1.0040416 ]
 [1.1339466  1.22454421]
 [3.51773866 2.75178048]
 [0.7536983  0.73129193]
 [2.31042096 2.26770329]
 [2.39569639 2.44222126]
 [2.60890605 2.3654374 ]
 [0.89675008 1.24068114]
 [1.54018494 1.76088662]
 [1.97731858 1.99183824]
 [1.25995231 1.01846218]
 [3.09696083 2.95895042]
 [1.40221996 1.75813542]
 [0.63356692 0.73278775]
 [2.54793948 2.71481525]
 [2.20540256 1.79791528]
 [1.45121939 1.73247204]
 [1.74011705 1.59209232]
 [1.70098426 2.06542273]
 [0.53138713 0.51344281]
 [2.50288405 2.36263414]
 [1.84574569 1.83988268]
 [1.61565588 1.83061518]
 [2.28495245 2.26252508]
 [1.38600052 1.10907916]
 [2.80724877 2.73568143]
 [2.18691283 2.10330793]
 [2.1767655  1.87761354]
 [0.66453119 0.60924851]
 [0.92081177 0.78267165]
 [0.57611226 0.76417499]
 [1.64020156 1.6952507 ]
 [1.21321003 1.25612603]
 [2.85504381 2.9995426 ]
 [0.13029966 0.08125702]
 [2.37577446 2.27450491]
 [2.42552287 2.1949792 ]
 [1.94068354 2.10414088]
 [1.39179665 1.53886269]
 [2.79529479 2.68726262]
 [0.75372337 0.63061206]
 [1.53944455 1.25847207]
 [0.36196891 0.26385931]
 [2.2615902  2.31120803]
 [0.36958374 0.53576408]
 [2.70527202 2.56202567]
 [3.48038636 2.90886523]
 [2.78114298 2.86929085]
 [2.82994457 2.87579524]
 [2.52393795 2.24558593]
 [2.74526722 2.31527113]
 [2.09501186 2.422071  ]
 [0.92063778 1.00655538]
 [0.59190296 0.52977567]
 [2.86636136 2.58884403]
 [0.44387736 0.51818239]
 [3.9225147  2.9684413 ]
 [1.34777132 1.21354314]
 [0.85746628 1.17429109]
 [2.2642675  2.34570824]
 [1.52868515 1.88110572]
 [2.38946543 2.41078388]
 [3.59469744 2.93884266]
 [0.66211831 0.58218879]
 [4.84906489 2.94848981]
 [2.58633799 2.75850752]
 [0.75525976 0.96561486]
 [1.79812357 1.77801155]
 [1.72971405 1.66106659]
 [1.6865507  1.70023017]
 [2.91077067 2.87520892]
 [2.96704288 2.56020181]
 [2.53452061 2.47457569]
 [1.02406594 0.90857491]
 [0.03542562 0.18797638]
 [3.45448459 2.99493235]
 [2.62335155 2.78814541]
 [1.52759356 1.10019594]
 [4.22437358 2.902172  ]
 [0.44041854 0.45811779]
 [2.76410989 2.72941475]
 [1.97731858 1.93080114]
 [0.73986977 0.75363261]
 [3.02126577 2.94508186]
 [2.18196168 1.97553833]
 [2.13372924 2.04743424]
 [1.20814155 1.22454421]
 [2.72477776 2.70234934]
 [2.79338206 2.54800689]
 [3.28310129 2.90939783]
 [0.79015917 0.91579847]
 [3.58439332 2.98048547]
 [1.97493848 1.94698718]
 [0.98720636 0.95596287]
 [1.12949604 1.3835585 ]
 [2.92674229 2.90690606]
 [2.46035901 2.8474942 ]
 [2.59762921 2.54336413]
 [3.47690525 2.94868436]
 [1.6903308  1.27852786]
 [2.38935577 2.68692541]
 [1.1334003  1.29292096]
 [1.4696964  1.18350718]
 [1.46056205 1.41655119]
 [2.84350121 2.93879361]
 [0.30582251 0.15659346]
 [1.76370907 2.04951253]
 [2.96344516 2.98816827]
 [2.47773861 2.45615588]
 [2.36186721 2.56444848]
 [0.85763918 1.1505947 ]
 [1.5757317  1.73247204]
 [1.70515488 1.81976001]
 [2.38321253 2.55445634]
 [2.82719396 2.63845057]
 [1.4462714  1.61206969]
 [4.3111595  2.9964011 ]
 [3.24742124 2.92055658]
 [2.05446069 2.27624079]
 [3.87065736 2.89817457]
 [0.62162235 0.39651384]
 [1.47929749 1.41949297]
 [1.24326382 0.98049205]
 [1.37281776 1.15174273]
 [4.6359024  2.96807042]
 [2.32768347 2.12601118]
 [1.87729605 2.01841828]
 [2.09289013 2.02605   ]
 [2.85357926 2.99824911]
 [0.65170987 0.60054635]
 [0.79708623 0.73623639]
 [2.21542158 2.26252508]
 [1.28581071 1.46146514]
 [2.70111399 2.65895069]
 [1.72368326 2.0473619 ]
 [0.20062329 0.09658321]
 [0.9953248  0.99713435]
 [2.29869658 2.43678756]
 [1.64408134 1.5945791 ]
 [2.9354834  2.77411254]
 [1.69770434 2.00441413]
 [0.59846012 0.52986204]
 [2.86916419 2.74096483]
 [3.08287581 2.8921084 ]
 [1.71921274 1.8840697 ]
 [2.06675575 1.91049257]
 [1.96534222 1.87992299]
 [1.52483735 1.31589826]
 [2.30430058 2.08916964]
 [4.13493614 2.88877108]
 [3.46971126 2.94649414]
 [2.69293003 2.88253468]]
