[[1.52610864e-02 2.65060857e+04]
 [3.93752889e-02 1.06532184e+04]
 [4.17531679e-02 1.03584766e+04]
 [3.39946541e-02 1.19017793e+04]
 [3.99955887e-02 1.06219886e+04]
 [3.70128177e-02 1.09776149e+04]
 [4.18541489e-02 9.65590185e+03]
 [4.16585795e-02 1.04232755e+04]
 [1.07192317e-02 3.87363394e+04]
 [3.18475519e-02 1.27103137e+04]
 [5.58102404e-02 8.67738208e+03]
 [4.37664957e-02 9.35419140e+03]
 [9.94202140e-03 4.21205463e+04]
 [1.75662574e-02 2.46631743e+04]
 [5.80348224e-03 8.04541568e+04]
 [2.57065886e-02 1.59723699e+04]
 [1.42412880e-02 3.02360048e+04]
 [2.11989407e-02 2.09003634e+04]
 [8.62407872e-03 4.80120660e+04]
 [1.29877897e-02 3.30752248e+04]
 [2.10250921e-02 2.12776263e+04]
 [7.73724338e-03 5.94455362e+04]
 [2.15610606e-02 1.97547574e+04]
 [2.90637842e-02 1.38857811e+04]
 [2.54285229e-02 1.71379457e+04]
 [1.70144863e-02 2.46728070e+04]
 [3.93562859e-02 1.06919543e+04]
 [2.63023662e-02 1.57425569e+04]
 [9.71266540e-03 4.30804621e+04]
 [4.34358265e-02 9.65462336e+03]
 [2.37229887e-02 1.76160944e+04]
 [7.67223180e-03 6.03242092e+04]
 [2.14096470e-02 2.02000102e+04]
 [1.34762402e-02 3.27672639e+04]
 [3.33900362e-02 1.25208013e+04]
 [2.83471080e-02 1.53461025e+04]
 [4.18566103e-02 9.65482488e+03]
 [4.02869827e-02 1.04482662e+04]
 [4.40606269e-02 9.16017947e+03]
 [4.66637438e-02 8.83520332e+03]
 [3.60532767e-02 1.14472592e+04]
 [3.57750379e-02 1.18882168e+04]
 [2.20894629e-02 1.90822828e+04]
 [2.56586353e-02 1.64613249e+04]
 [3.88395190e-02 1.07503928e+04]
 [2.84710411e-02 1.42552541e+04]
 [8.00795497e-03 5.71313495e+04]
 [3.10480459e-02 1.29407729e+04]
 [1.90549732e-02 2.31853158e+04]
 [5.58321546e-02 8.64267816e+03]
 [6.89147149e-03 6.11673961e+04]
 [6.11689710e-03 7.30359159e+04]
 [1.68410184e-02 2.59052691e+04]
 [3.39436627e-02 1.23355432e+04]
 [1.51070388e-02 2.70698668e+04]
 [1.78396345e-02 2.41560900e+04]
 [1.44620081e-02 2.90901055e+04]
 [2.67892502e-02 1.54972050e+04]
 [3.01479141e-02 1.36963236e+04]
 [2.26731309e-02 1.86728534e+04]
 [2.38542831e-02 1.73083020e+04]
 [1.18764296e-02 3.54687855e+04]
 [5.23924981e-03 9.90916651e+04]
 [6.18054274e-03 7.15548684e+04]
 [5.32005202e-02 8.74358821e+03]
 [1.70261317e-02 2.46634211e+04]]
