[[3.08826678e+01 6.84838192e-04]
 [1.46483777e+01 1.43428620e-03]
 [2.47494220e+01 8.33303632e-04]
 [3.75421306e+01 5.01962538e-04]
 [1.48935256e+01 1.36116418e-03]
 [2.72883583e+01 7.51462320e-04]
 [4.04532662e+01 4.76327764e-04]
 [4.74634606e+00 6.38650414e-03]
 [1.40064322e+01 1.44171003e-03]
 [4.42482420e+00 7.47356042e-03]
 [6.85537756e+00 3.63570216e-03]
 [1.20435127e+01 1.97790360e-03]
 [5.96986320e+00 3.78367048e-03]
 [4.39476786e+00 7.47765673e-03]
 [3.23859306e+01 5.80139329e-04]
 [1.90500575e+01 1.10359341e-03]
 [3.53004229e+01 5.03450628e-04]
 [3.23897338e+01 5.80068690e-04]
 [3.21873012e+01 5.87201363e-04]
 [4.34935781e+00 1.49654017e-02]
 [2.49668873e+01 8.29318366e-04]
 [4.21131067e+01 4.42335438e-04]
 [8.20909228e+00 2.94026415e-03]
 [4.10032019e+01 4.57476983e-04]
 [1.25640141e+01 1.80567672e-03]
 [3.90640150e+01 4.86129837e-04]
 [1.69113818e+01 1.15235732e-03]
 [2.22304280e+01 9.33785922e-04]
 [1.92979454e+01 1.05309221e-03]
 [5.31444729e+00 4.63050451e-03]
 [8.29738245e+00 2.66954882e-03]
 [3.16572401e+01 5.90608722e-04]
 [7.44958030e+00 3.00740923e-03]
 [2.25872582e+01 9.29430767e-04]
 [2.17660996e+01 1.03976595e-03]
 [4.13794182e+01 4.52043951e-04]
 [1.58288035e+01 1.27692107e-03]
 [8.36282646e+00 2.27678135e-03]
 [2.92931444e+01 7.03602343e-04]
 [1.67800434e+01 1.23772413e-03]]
