[[0.57140835 6.08497531 9.81061093 1.11904285]
 [1.58219368 1.75619738 9.80248817 1.88413052]
 [0.25485863 6.0325227  8.29993122 0.49693716]
 [0.35597619 4.29479425 8.80185025 0.66381539]
 [0.27286348 6.0325227  7.73503665 0.29631894]
 [1.31628226 1.7139406  9.47905577 2.6787817 ]
 [0.85472666 2.72055091 9.74812623 2.19130397]
 [0.24681009 7.31213296 9.34605572 0.32469781]
 [4.48960337 0.18364704 9.64267051 4.56655847]
 [0.42019885 3.71909573 9.48727403 2.55665508]
 [0.24681009 7.31213296 9.39619514 0.32469781]
 [0.31617745 4.02437314 9.44861524 0.51202899]
 [1.12648024 2.53188712 9.95427905 2.54928478]
 [0.59192614 4.33795032 9.59311272 3.09992396]
 [0.66434424 6.77179598 9.91644585 4.99445168]
 [0.69515189 6.1668244  9.85784664 4.86669121]
 [0.30922248 4.8457309  9.54498267 2.12267548]
 [0.85532405 1.76588054 9.87608247 4.15449175]
 [0.57140835 6.08497531 9.81061093 1.12411071]
 [0.43379929 4.08316928 9.64596963 2.98737747]
 [0.33429916 7.0253505  9.79524636 0.57964585]
 [0.57005617 6.08497531 9.82105311 1.12411071]
 [0.4051354  4.53414591 9.93704846 2.32403661]
 [0.91236501 2.75633554 9.69286911 1.93188635]
 [0.36036567 6.0332901  8.89490153 0.43161175]
 [1.70207972 1.35534921 9.88223459 4.71980972]
 [0.59192614 4.33795032 9.5765224  3.09992396]
 [0.41348889 4.32599611 9.48727403 2.72749197]
 [0.43379929 5.76183224 9.87419465 0.48532734]
 [0.34781596 7.42054265 9.93953767 0.51202899]
 [0.85532405 1.73961231 9.80511521 1.55851049]
 [0.93470253 2.94000181 9.81823275 4.34060868]
 [1.08070067 1.53151744 9.14081755 3.36914913]
 [0.24681009 7.53938931 8.72319489 0.32469781]
 [0.30302866 4.33795032 9.59335673 3.00688336]
 [0.36852311 4.3537615  7.32549604 0.41656029]
 [0.80918089 3.15342663 9.96297251 3.40205577]
 [2.37961456 0.92389832 9.99670596 4.62138835]
 [0.33709902 4.30117126 9.34605572 0.8937769 ]
 [0.26774551 7.53659415 9.4955555  0.51202899]
 [0.27540396 6.8454168  9.8089415  1.10073142]
 [0.66407412 3.34036146 9.76107817 1.83752615]]
