[[1.52610864e-02 2.65060857e+04]
 [4.48927166e-02 9.16056255e+03]
 [3.93752889e-02 1.06532184e+04]
 [3.39946541e-02 1.19017793e+04]
 [2.69897406e-02 1.55173060e+04]
 [3.69601535e-02 1.15706902e+04]
 [3.70128177e-02 1.09776149e+04]
 [4.18541489e-02 9.65590185e+03]
 [1.07192317e-02 3.87363394e+04]
 [2.36734457e-02 1.87026776e+04]
 [3.15247391e-02 1.32695640e+04]
 [3.18475519e-02 1.27103137e+04]
 [5.58102404e-02 8.67738208e+03]
 [1.20622167e-02 3.74183468e+04]
 [2.37449270e-02 1.84067872e+04]
 [3.13492445e-02 1.34289154e+04]
 [4.37664957e-02 9.35419140e+03]
 [9.94202140e-03 4.21205463e+04]
 [5.25064956e-03 9.90916651e+04]
 [2.57065886e-02 1.59723699e+04]
 [1.42412880e-02 3.02360048e+04]
 [2.11989407e-02 2.09003634e+04]
 [8.62407872e-03 4.80120660e+04]
 [2.84826754e-02 1.42657777e+04]
 [2.28060361e-02 1.98800597e+04]
 [1.29877897e-02 3.30752248e+04]
 [2.10250921e-02 2.12776263e+04]
 [7.73724338e-03 5.94455362e+04]
 [7.68543922e-03 5.94705156e+04]
 [2.38957739e-02 1.78957239e+04]
 [2.32992879e-02 1.96908383e+04]
 [2.85463428e-02 1.41891779e+04]
 [1.24349497e-02 3.59089585e+04]
 [8.58368443e-03 5.45476135e+04]
 [2.17667415e-02 2.07083486e+04]
 [3.92396259e-02 1.06892261e+04]
 [5.06364142e-02 8.81316703e+03]
 [5.62802720e-03 7.30184637e+04]
 [1.80114521e-02 2.32893791e+04]
 [3.96197067e-02 1.03838764e+04]
 [7.07969735e-02 8.56914450e+03]
 [2.43761137e-02 1.77348860e+04]
 [4.82798575e-02 8.89307522e+03]
 [8.71481504e-03 4.77410197e+04]
 [9.17064711e-03 4.38703667e+04]
 [3.21784134e-02 1.26742884e+04]
 [4.06881143e-02 9.97502883e+03]
 [1.42216599e-02 3.05042910e+04]
 [3.50164468e-02 1.17702037e+04]
 [5.50507536e-02 8.70142854e+03]
 [1.66887520e-02 2.45730477e+04]
 [1.43830124e-02 2.91314625e+04]
 [1.96589489e-02 2.27560942e+04]
 [1.50595126e-02 2.84761086e+04]
 [3.40827042e-02 1.18842140e+04]
 [5.50700654e-03 9.00845527e+04]
 [4.02986891e-02 1.00116207e+04]
 [2.28010736e-02 1.99034802e+04]
 [1.32562509e-02 3.23576193e+04]
 [2.75194220e-02 1.48638356e+04]
 [1.36868168e-02 3.15526705e+04]
 [3.74037145e-02 1.09745258e+04]
 [2.09492148e-02 2.12988851e+04]
 [2.52460436e-02 1.67644774e+04]]
