[[0.62822678 4.53414591 9.09509548 1.55636897]
 [0.43379929 4.27441307 8.65190854 0.52291692]
 [1.4989948  1.86709885 9.70171865 3.74195519]
 [1.68005678 1.30700616 9.63388057 2.58191717]
 [0.55867567 3.33434245 9.48881637 0.91937637]
 [1.18582585 2.56987231 9.60000241 1.2892189 ]
 [1.04256965 1.81511829 9.40087105 1.9611576 ]
 [0.454131   4.41948928 9.29574171 1.40800301]
 [1.25823323 1.90660622 9.63603167 2.93609384]
 [0.57152466 2.80940531 8.87781336 1.32397866]
 [0.28601646 7.90294615 7.13085972 0.5102795 ]
 [2.38949899 4.70154493 9.92108219 4.81587025]
 [1.52433924 1.32037008 9.44449548 4.04857475]
 [3.65008032 0.2782888  9.23891402 4.64335094]
 [2.69825313 3.46022557 9.74466467 4.95896756]
 [2.38949899 4.70154493 9.94054335 4.90516689]
 [0.82380899 4.95011492 9.83346732 0.97532812]
 [0.71758474 1.41875043 9.37709581 4.0509643 ]
 [0.34101932 4.26963397 9.64582082 2.57790145]
 [1.6404247  3.21820077 9.8314032  4.81587025]
 [1.02679196 1.97349903 9.82763891 4.22794863]
 [1.76939085 2.07616922 9.63603167 4.54991204]
 [0.9055284  1.49934854 9.0635507  2.78105625]
 [0.84735762 2.57978221 8.57110412 1.53907631]
 [0.45713403 5.55744082 7.40773316 0.83431147]
 [1.68005678 1.30700616 9.97716242 2.58191717]
 [0.52797523 4.27189062 9.81340468 2.07869755]]
