[[0.22993343 9.36649173 7.80920393 0.60213789]
 [1.62443388 1.48487516 9.09147768 3.58289649]
 [1.06988114 1.86031089 9.02295352 2.717589  ]
 [1.58871066 1.27304955 9.10813759 2.86541014]
 [0.60785064 4.18897401 9.49572952 2.1464721 ]
 [0.79947911 2.89661463 9.99017391 3.43003181]
 [1.39838474 1.57202436 9.97515584 2.70508375]
 [0.79947911 1.65707614 7.44715434 1.01323157]
 [0.56493995 3.18464671 6.77563273 0.68463967]
 [0.56493995 3.23680516 9.63254682 1.35119963]
 [0.59643344 2.93962379 9.15773174 0.98567654]
 [1.27818433 1.63094132 9.84461692 3.77462182]
 [2.00591714 1.0857843  9.38103084 2.47141963]
 [0.79947911 1.65707614 9.95858072 1.18446578]
 [0.22993343 8.94975616 7.84384921 0.51281865]
 [2.22664735 1.21183812 9.90562054 4.9034402 ]
 [1.39894736 1.50013544 9.84877067 2.67716331]
 [0.90488284 2.39880614 9.47960835 2.12664806]
 [0.2887587  4.5458966  9.79883914 1.57353906]
 [0.5292066  2.3940303  8.62012417 1.20908048]
 [1.19110528 2.31615921 9.98362521 4.92356104]
 [0.72956746 2.97054837 9.56761532 1.91669729]
 [0.65887463 1.7095757  9.97949345 4.28656181]
 [0.89238027 1.57315977 8.99367588 2.73847919]
 [2.06820607 0.57795124 9.79029508 4.79869993]
 [0.79051433 1.66098427 7.22645506 1.01323157]
 [0.40008812 4.3189545  9.36232386 1.53212758]]
