[[4.61324750e-03 9.04097178e+04]
 [6.16312924e-02 8.47162099e+03]
 [5.11752094e-02 8.47896590e+03]
 [6.16238034e-02 8.47370871e+03]
 [5.63057041e-03 7.67884224e+04]
 [5.60338243e-03 8.23969238e+04]
 [6.03290817e-03 7.17808044e+04]
 [5.25152397e-03 8.33666620e+04]
 [7.44827061e-03 5.55564771e+04]
 [6.32484993e-03 6.47239783e+04]
 [5.00639904e-03 8.77451481e+04]
 [8.81208386e-03 4.93817885e+04]
 [3.75054036e-02 1.12441081e+04]
 [4.26374538e-02 9.54366702e+03]
 [3.03802679e-02 1.32084185e+04]
 [8.82201741e-03 4.54928417e+04]
 [3.64626276e-02 1.14012399e+04]
 [1.20722862e-02 3.52102817e+04]
 [3.29837175e-02 1.31229461e+04]
 [3.45522770e-02 1.16813544e+04]
 [1.95442940e-02 2.09868301e+04]
 [6.97706221e-03 5.76402780e+04]
 [1.07006350e-02 3.86970031e+04]
 [2.68675814e-02 1.50669337e+04]
 [3.95716974e-02 1.05167545e+04]
 [1.22872465e-02 3.32169759e+04]
 [6.11268174e-03 6.82786002e+04]
 [2.11867600e-02 2.06577329e+04]
 [6.80028155e-03 6.06736816e+04]
 [7.74078871e-03 5.28639990e+04]
 [2.87383051e-02 1.43178748e+04]
 [6.09431550e-03 6.86096851e+04]
 [4.10671474e-02 9.94055280e+03]
 [1.29078399e-02 3.23921497e+04]
 [4.97797618e-02 8.51843863e+03]
 [3.00211607e-02 1.37669777e+04]
 [2.79799428e-02 1.44873323e+04]
 [2.62647177e-02 1.61519072e+04]
 [1.73249734e-02 2.35893937e+04]
 [5.78076703e-03 7.43837174e+04]
 [6.88507260e-03 5.89403544e+04]
 [1.38463273e-02 2.96380635e+04]
 [1.12244629e-02 3.63225583e+04]
 [1.09448451e-02 3.68051440e+04]
 [1.92038267e-02 2.21621693e+04]
 [2.19731452e-02 1.82740799e+04]
 [1.03899993e-02 4.01441696e+04]
 [3.38756266e-02 1.21265031e+04]
 [7.98731809e-03 5.09747590e+04]
 [6.64198607e-03 6.31665706e+04]
 [1.60096830e-02 2.58677377e+04]
 [4.41599899e-02 9.43223470e+03]
 [8.42750081e-03 5.03583044e+04]
 [6.71892759e-03 6.23918734e+04]
 [1.82039619e-02 2.30388858e+04]
 [1.40760632e-02 2.89170833e+04]
 [2.39852861e-02 1.67214266e+04]
 [4.77567020e-02 8.64440610e+03]
 [1.46181544e-02 2.81325439e+04]
 [9.68817978e-03 4.21192434e+04]
 [1.54993841e-02 2.64805756e+04]
 [9.24498090e-03 4.52074735e+04]
 [1.68749403e-02 2.44395002e+04]
 [4.94269403e-03 8.85686300e+04]
 [9.31994237e-03 4.37308686e+04]
 [4.44310147e-02 9.32874050e+03]
 [2.15343102e-02 1.96633097e+04]
 [4.86790034e-03 9.00109457e+04]
 [1.84731953e-02 2.25242720e+04]
 [3.30706244e-02 1.25541662e+04]
 [5.69338307e-03 7.48743217e+04]
 [1.33220373e-02 3.11015489e+04]
 [7.85641191e-03 5.24733363e+04]
 [2.45970394e-02 1.65857466e+04]
 [4.56251531e-02 9.10826648e+03]
 [9.52111285e-03 4.31723395e+04]
 [4.04811429e-02 1.00057384e+04]
 [1.50421978e-02 2.69800859e+04]
 [1.32923129e-02 3.11158957e+04]
 [9.85232424e-03 4.11367898e+04]
 [2.27785354e-02 1.76554712e+04]
 [2.24753109e-02 1.79826990e+04]
 [1.00332830e-02 4.07671834e+04]
 [1.49162108e-02 2.75551700e+04]
 [4.66433661e-02 9.02554934e+03]
 [1.66745447e-02 2.53587915e+04]
 [4.88035642e-02 8.59663831e+03]
 [2.33967877e-02 1.74690419e+04]
 [2.53736430e-02 1.63153087e+04]
 [4.86831680e-02 8.61916790e+03]]
