[[1.52610864e-02 2.65060857e+04]
 [4.48927166e-02 9.16056255e+03]
 [1.69870331e-02 2.59225653e+04]
 [3.39946541e-02 1.19017793e+04]
 [2.69897406e-02 1.55173060e+04]
 [3.70128177e-02 1.09776149e+04]
 [4.18541489e-02 9.65590185e+03]
 [1.31546121e-02 3.47853465e+04]
 [1.07192317e-02 3.87363394e+04]
 [3.18475519e-02 1.27103137e+04]
 [5.58102404e-02 8.67738208e+03]
 [1.20622167e-02 3.74183468e+04]
 [2.37449270e-02 1.84067872e+04]
 [4.37664957e-02 9.35419140e+03]
 [9.94202140e-03 4.21205463e+04]
 [5.80348224e-03 8.04541568e+04]
 [5.25064956e-03 9.90916651e+04]
 [2.57065886e-02 1.59723699e+04]
 [2.40249579e-02 1.80470326e+04]
 [1.42412880e-02 3.02360048e+04]
 [2.11989407e-02 2.09003634e+04]
 [8.62407872e-03 4.80120660e+04]
 [2.84826754e-02 1.42657777e+04]
 [2.28060361e-02 1.98800597e+04]
 [1.47306037e-02 2.80902045e+04]
 [9.59533974e-03 4.66465753e+04]
 [1.37430451e-02 3.12517858e+04]
 [2.29660559e-02 1.90207465e+04]
 [3.51129390e-02 1.18665738e+04]
 [2.51441411e-02 1.63413366e+04]
 [2.58174495e-02 1.59616639e+04]
 [1.79463309e-02 2.45235836e+04]
 [2.82560396e-02 1.52401665e+04]
 [1.85361396e-02 2.25419215e+04]
 [5.69872853e-02 8.67430229e+03]
 [6.50937924e-03 7.50801180e+04]
 [3.98840551e-02 1.04868419e+04]
 [4.03425287e-02 1.00857881e+04]
 [2.90236916e-02 1.38370286e+04]
 [4.96339066e-02 8.78110028e+03]
 [1.72408364e-02 2.46332302e+04]
 [2.49245450e-02 1.66746862e+04]
 [3.66023523e-02 1.15924509e+04]
 [3.30808484e-02 1.24327216e+04]
 [4.40398586e-02 9.23978649e+03]
 [3.76449693e-02 1.07539930e+04]
 [2.45490752e-02 1.76464384e+04]
 [4.20023675e-02 9.63852072e+03]
 [3.86482451e-02 1.06229135e+04]
 [2.32406510e-02 1.85333882e+04]
 [3.96982990e-02 1.05797711e+04]
 [1.13840787e-02 3.80338448e+04]
 [3.51500179e-02 1.17204482e+04]
 [2.11036386e-02 2.14603982e+04]
 [4.25981070e-02 9.50916413e+03]
 [3.05601116e-02 1.31501376e+04]
 [8.36724055e-03 4.92719049e+04]
 [3.68784467e-02 1.10608877e+04]
 [4.55418960e-02 8.99749654e+03]
 [2.26860052e-02 2.01034509e+04]
 [4.58417224e-02 8.90147225e+03]
 [6.13245283e-02 8.52005071e+03]]
