[[3.42688908 0.68209348 2.51169672 0.47775647 4.93126845 1.81612851]
 [3.3317137  0.68209348 2.51169672 0.47775647 4.75657206 1.81612851]
 [4.62377435 1.34609903 1.86958168 0.38431824 3.20287054 5.59299524]
 [3.75361544 1.53363256 2.72360916 0.62779758 4.41703127 3.97697575]
 [4.62377435 1.34609903 1.86958168 0.38431824 3.29803596 5.59299524]
 [3.44811937 0.62248321 2.50746875 0.49621467 4.65368962 2.29991702]
 [4.00852914 0.807145   3.88754325 2.64208252 1.22812228 5.03068269]
 [3.32795503 0.51930725 2.65985975 0.45992689 1.12362723 1.8356329 ]
 [4.58913113 1.15194231 1.60491171 0.31494578 4.89662437 8.54096421]
 [3.30484962 0.68209348 2.51169672 0.47775647 4.75657206 1.81612851]
 [4.58913113 1.29215496 1.60771469 0.31494578 3.20198543 5.7010839 ]]
