[[0.62822678 4.53414591 9.09509548 1.55636897]
 [1.4989948  1.86709885 9.70171865 3.74195519]
 [1.36438273 0.93245491 8.65502654 2.30850721]
 [0.89941368 2.85905693 9.39989743 1.18394628]
 [1.4989948  0.71896242 9.70294254 3.05364346]
 [3.92469269 0.37960194 9.3312389  4.63223895]
 [0.93928356 1.40843785 7.63750984 1.251076  ]
 [1.36438273 0.93272693 8.98196815 2.83507238]
 [1.68005678 1.30700616 9.63388057 2.33714561]
 [1.48053976 1.02461344 9.72382065 2.78491132]
 [0.50364797 3.08306206 9.37935109 3.42927935]
 [3.89726406 0.37960194 9.3312389  4.60257085]
 [0.89941368 2.85905693 8.87483418 1.18394628]
 [1.98200371 1.70041276 9.63388057 4.31989328]
 [1.58871066 0.8423713  9.28288557 2.76510197]
 [3.92469269 0.37960194 9.3312389  4.62450259]
 [0.62822678 4.53414591 9.09509548 1.61948311]
 [0.43379929 3.26908202 8.7207578  0.52291692]
 [0.93928356 1.40843785 7.63750984 1.66297103]
 [0.93092764 1.94799732 8.76275168 2.46367505]
 [1.38369099 0.93245491 8.51329157 2.30850721]
 [1.0256686  8.45810794 9.82763891 4.9539348 ]
 [0.60980805 1.86709885 9.67148549 3.74195519]
 [1.47373815 1.99898813 9.74984904 4.74622718]
 [1.52433924 1.41875043 9.37709581 4.24271078]]
