[[1.52610864e-02 2.65060857e+04]
 [4.48927166e-02 9.16056255e+03]
 [4.91232333e-02 8.96634650e+03]
 [3.93752889e-02 1.06532184e+04]
 [4.17531679e-02 1.03584766e+04]
 [3.39946541e-02 1.19017793e+04]
 [2.69897406e-02 1.55173060e+04]
 [3.70128177e-02 1.09776149e+04]
 [4.18541489e-02 9.65590185e+03]
 [4.16585795e-02 1.04232755e+04]
 [1.07192317e-02 3.87363394e+04]
 [3.15247391e-02 1.32695640e+04]
 [3.18475519e-02 1.27103137e+04]
 [2.37449270e-02 1.84067872e+04]
 [3.13492445e-02 1.34289154e+04]
 [9.94202140e-03 4.21205463e+04]
 [1.75662574e-02 2.46631743e+04]
 [5.80348224e-03 8.04541568e+04]
 [5.25064956e-03 9.90916651e+04]
 [2.57065886e-02 1.59723699e+04]
 [1.42412880e-02 3.02360048e+04]
 [2.11989407e-02 2.09003634e+04]
 [8.62407872e-03 4.80120660e+04]
 [2.84826754e-02 1.42657777e+04]
 [1.29877897e-02 3.30752248e+04]
 [2.10250921e-02 2.12776263e+04]
 [7.73724338e-03 5.94455362e+04]
 [2.15610606e-02 1.97547574e+04]
 [5.13100196e-02 8.93622558e+03]
 [4.73555666e-02 9.12917325e+03]
 [2.90637842e-02 1.38857811e+04]
 [6.39436901e-03 7.40431534e+04]
 [1.70144863e-02 2.46728070e+04]
 [4.07973293e-02 1.05244925e+04]
 [7.59909854e-03 6.16008681e+04]
 [8.96540954e-03 4.72611945e+04]
 [3.47745233e-02 1.18818014e+04]
 [3.59419520e-02 1.14790181e+04]
 [1.48321856e-02 2.95938398e+04]
 [5.40352316e-02 8.81531864e+03]
 [2.71655401e-02 1.48029710e+04]
 [2.47225215e-02 1.63479833e+04]
 [8.08438872e-03 5.65326635e+04]
 [2.64423153e-02 1.57053864e+04]
 [2.38914520e-02 1.71827255e+04]
 [7.88335742e-03 5.81570717e+04]
 [3.12282191e-02 1.35518603e+04]
 [2.55523451e-02 1.60103283e+04]
 [6.93652663e-03 6.48237162e+04]
 [1.14252296e-02 3.72734388e+04]
 [3.73276421e-02 1.07770280e+04]
 [8.56142146e-03 5.05582362e+04]
 [3.97476266e-02 1.05888487e+04]
 [1.66158324e-02 2.56191995e+04]
 [2.36103978e-02 1.86510869e+04]
 [1.36894006e-02 3.17269334e+04]
 [3.39839756e-02 1.19032436e+04]
 [1.88191077e-02 2.14007721e+04]
 [5.50527421e-02 8.51643421e+03]
 [3.69003562e-02 1.10059609e+04]
 [3.37313089e-02 1.21776904e+04]
 [4.34797192e-02 9.47729513e+03]
 [1.19508188e-02 3.49655299e+04]
 [2.01069350e-02 2.13868351e+04]
 [4.35036001e-02 9.29295606e+03]
 [3.93073141e-02 1.06711326e+04]
 [5.18466496e-02 8.81599209e+03]
 [1.85669770e-02 2.29517704e+04]
 [8.60598512e-03 4.80685980e+04]
 [9.60338811e-03 4.46764954e+04]
 [1.08222081e-02 3.82293543e+04]
 [2.24345680e-02 1.91691399e+04]
 [3.65141514e-02 1.13383825e+04]
 [4.34409605e-02 9.53464915e+03]]
