[[2.08511002 2.16097348]
 [0.93130106 1.03668218]
 [1.98383737 1.6164502 ]
 [2.09597257 2.0556585 ]
 [0.70193469 0.59430447]
 [1.05814058 0.79663998]
 [1.63322451 1.58117431]
 [3.45448459 2.99196855]
 [0.09940067 0.07863296]
 [2.76410989 2.52609268]
 [2.92879636 2.90878724]
 [0.29958845 0.36403037]
 [0.22275939 0.32248239]
 [1.1992388  1.48130914]
 [2.62335155 2.77442391]
 [3.08389179 2.84704896]
 [0.88098128 0.99619072]
 [2.9100709  2.63649595]
 [3.39534418 2.75580533]
 [0.99284944 1.28010303]
 [2.63857323 2.40648325]
 [2.59505814 2.31265173]
 [2.07924359 1.8500552 ]
 [3.91374707 2.97141535]
 [2.2095214  1.74473222]
 [1.10716367 0.80121606]
 [0.09166321 0.20017499]
 [1.9742524  2.24081549]
 [0.72779116 0.47319021]
 [0.73396187 0.79289245]
 [2.58633799 2.74921756]
 [0.43741105 0.68192921]
 [2.85357926 2.99026028]
 [2.46035901 2.19027363]
 [1.69354013 1.57168841]
 [2.42214223 2.57795342]
 [1.07056068 0.59684377]
 [0.13313942 0.33276111]
 [0.40264764 0.69510693]
 [0.79916825 0.60780638]
 [1.85077089 1.59209232]
 [2.63951989 2.22023263]
 [2.01610236 2.27624079]
 [3.58464501 2.96197852]
 [1.87437972 2.31096758]
 [2.00932962 2.09192406]
 [0.60383592 0.66085196]
 [0.69177345 0.87043339]
 [1.57382844 1.88056681]
 [2.86636136 2.82828773]
 [2.45772575 2.57010749]
 [2.09289013 2.0503947 ]
 [1.47644397 1.63236415]
 [2.43960746 2.56606924]
 [2.92674229 2.69461514]
 [2.57087522 2.62599818]
 [0.91976721 1.38851736]
 [0.80755385 1.02732192]
 [2.14018735 1.79780927]
 [2.8968027  2.77411254]
 [1.14602514 1.30165013]
 [1.91233729 1.40936712]
 [3.154796   2.94277103]
 [2.51754755 2.8977992 ]
 [2.49966186 2.33129469]
 [1.99609303 2.39088676]
 [1.90540746 1.97803481]
 [0.354592   0.45781196]
 [0.08287941 0.34138907]
 [1.60513157 1.67373598]
 [3.49811591 2.75477577]
 [0.19864353 0.21100032]
 [2.69824555 2.6857811 ]
 [2.23317523 2.63110317]
 [1.26790875 0.82142911]
 [1.64180695 1.64269281]
 [1.93002006 1.71462628]
 [0.19929963 0.40437935]
 [0.967082   1.0069914 ]
 [2.16177797 2.5431014 ]
 [1.24145364 0.88523573]
 [3.01091827 2.89070126]
 [1.72839607 1.78687529]
 [1.5264415  1.11496373]
 [2.24368629 2.1129402 ]
 [0.88339447 1.17329737]
 [0.57517506 1.1202214 ]
 [1.17538818 1.38480624]
 [0.98916392 1.28799217]
 [0.61386065 0.56270968]
 [2.35248838 2.48140801]
 [2.29978366 2.29161815]
 [0.63356692 0.73279999]
 [3.02153422 2.87640755]
 [1.96942004 2.06686514]
 [3.50266536 2.79167946]
 [1.95305249 2.08881025]
 [3.06556168 2.8072088 ]
 [2.98444262 2.93877052]
 [2.2050331  2.21883589]
 [1.38600052 1.6044967 ]
 [2.74526722 2.40298367]
 [4.48021746 2.91816106]
 [0.35271022 0.22039996]
 [3.02606448 2.97121859]
 [0.4449911  0.55471677]
 [0.18931294 0.17275052]
 [0.82659245 0.59158904]
 [2.58099231 2.58967945]
 [1.39164065 1.91992371]
 [2.32566972 2.42024043]
 [1.28330495 1.17429109]
 [0.28987907 0.41644955]
 [0.72892716 0.73464192]
 [2.78634115 2.72132717]
 [2.60156818 2.48540444]
 [2.52889693 2.47457569]
 [2.03144214 2.23124759]
 [1.4399344  0.94325167]
 [1.55506534 1.64546727]
 [2.39868784 2.84003004]
 [3.52963683 2.68481856]
 [1.64573001 1.58400419]
 [1.15731468 1.28046405]
 [1.95132352 2.27947619]
 [0.45204858 0.38692795]
 [0.52631263 0.51818239]
 [3.02711004 2.92871479]
 [3.09559817 2.95633474]
 [2.75997514 2.89174767]
 [1.98231345 1.8840697 ]
 [0.99099615 0.66178225]
 [2.68001287 2.70234934]
 [1.17760978 0.88780516]
 [2.82866073 2.7264241 ]
 [1.86249383 1.8571189 ]
 [1.29609063 1.22245701]
 [1.92876479 1.91992371]
 [3.02984362 2.95048015]
 [0.4144897  0.26343876]
 [2.54586717 2.7774222 ]
 [2.20059039 2.55957102]
 [1.65138468 1.47615383]
 [1.05548438 1.67671143]
 [2.92928954 2.8136525 ]
 [3.62571666 2.93814495]
 [0.10874979 0.04232619]
 [3.05616194 2.774334  ]
 [3.48019095 2.97620915]
 [1.61900503 1.87186675]
 [2.23317523 2.32919272]
 [0.09940067 0.0767446 ]
 [1.42770239 1.65324496]
 [1.8777152  1.99912839]
 [3.39517901 2.92164572]
 [2.57840124 2.88807975]
 [2.02618923 1.72178234]
 [4.64130677 2.98133577]
 [2.60156818 2.58254787]
 [1.92947281 1.91440586]
 [2.32931942 2.33952224]
 [2.51695812 2.59405843]
 [1.34118727 1.01197536]
 [4.17719536 2.92297847]
 [1.34944561 1.26872428]
 [2.30944738 2.06574008]
 [3.76938094 2.99168794]
 [1.94532109 1.9574367 ]
 [1.69878446 1.97317401]
 [0.78395697 1.0021548 ]
 [1.60927686 1.9261092 ]
 [2.34740896 2.1951858 ]
 [1.12823792 1.35231169]
 [2.41863476 2.32720549]
 [0.87204959 1.15070374]
 [1.72627184 1.85569045]
 [2.20021881 2.5685476 ]
 [1.41591075 0.94631365]
 [3.21473356 2.89174767]
 [2.55642013 2.32802936]
 [2.99870172 2.57727418]
 [2.33830629 2.59405843]
 [1.91605062 1.89819348]
 [1.37877074 0.7712079 ]
 [1.96399687 1.79646267]
 [2.72603357 2.71859997]
 [2.72569172 2.90308574]
 [0.70193469 0.5895358 ]
 [0.35549044 0.51142941]
 [2.43960746 2.50055638]
 [2.67721734 2.92165028]
 [1.41312191 1.4675108 ]
 [1.58804049 1.52896519]
 [3.11340241 2.96607594]
 [2.87447379 2.96456801]
 [2.03179248 1.96310083]
 [1.09320318 1.16787745]
 [2.49966186 2.81520534]
 [2.12070304 2.24180021]
 [2.18267616 2.5834093 ]
 [1.74438469 1.6615589 ]
 [0.25884192 0.25676973]
 [2.08511002 2.24007993]
 [3.0350773  2.67942392]
 [1.50685464 1.40173747]
 [4.23755811 2.91679711]
 [0.38654641 0.41068435]
 [2.82333306 2.84421625]
 [2.60489354 2.53152129]
 [1.4399344  0.94000154]
 [1.48665691 1.5764775 ]
 [1.97441131 1.72483435]
 [2.97824929 2.96740301]
 [2.63425938 2.43819572]
 [2.8892719  2.90878724]
 [2.06480872 2.27363199]
 [0.09166321 0.20025986]
 [2.44299787 2.51904132]
 [2.78634115 2.70483716]
 [2.58363808 2.8977992 ]
 [4.230273   2.99539052]
 [2.5914079  2.60622374]
 [0.39871564 0.24386303]
 [3.76938094 2.89248176]
 [2.97803967 2.66622648]
 [2.94174398 2.71966362]
 [4.48925359 2.99135853]
 [1.19836839 1.59949585]]
