[[1.52610864e-02 2.65060857e+04]
 [4.48927166e-02 9.16056255e+03]
 [1.69870331e-02 2.59225653e+04]
 [3.39946541e-02 1.19017793e+04]
 [3.99955887e-02 1.06219886e+04]
 [2.69897406e-02 1.55173060e+04]
 [3.70128177e-02 1.09776149e+04]
 [4.18541489e-02 9.65590185e+03]
 [6.52197554e-03 9.00845527e+04]
 [6.65579178e-03 8.01334124e+04]
 [2.54769990e-02 1.74213262e+04]
 [3.18475519e-02 1.27103137e+04]
 [3.13492445e-02 1.34289154e+04]
 [2.89231505e-02 1.45152970e+04]
 [3.01721906e-02 1.43592869e+04]
 [4.37664957e-02 9.35419140e+03]
 [9.94202140e-03 4.21205463e+04]
 [2.25882799e-02 1.78161786e+04]
 [5.92639187e-02 8.62922715e+03]
 [1.26678961e-02 3.56402346e+04]
 [1.32380265e-02 3.43706384e+04]
 [4.89041638e-03 9.89646412e+04]
 [3.15048804e-02 1.30870477e+04]
 [3.09101136e-02 1.40164686e+04]
 [2.57558081e-02 1.59061549e+04]
 [4.22403748e-02 9.48908638e+03]
 [1.88878006e-02 2.37585939e+04]
 [1.16670226e-02 3.59880526e+04]
 [1.96901304e-02 2.30239960e+04]
 [2.79651943e-02 1.48908016e+04]
 [2.04683363e-02 2.23685030e+04]
 [1.95289947e-02 2.33360118e+04]
 [2.75858157e-02 1.53029970e+04]
 [3.52039123e-02 1.15293507e+04]
 [1.35071839e-02 3.29152201e+04]
 [4.03356259e-02 1.00858290e+04]
 [1.04400080e-02 4.15420293e+04]
 [3.37198545e-02 1.25137562e+04]
 [7.80700626e-03 5.36307549e+04]
 [6.78332592e-02 8.58297313e+03]
 [5.36787907e-02 8.67738208e+03]
 [4.18339142e-02 1.00083808e+04]
 [8.65343829e-03 4.97827473e+04]
 [1.75958491e-02 2.42809725e+04]
 [1.04577103e-02 4.06816428e+04]
 [3.06832528e-02 1.41320321e+04]
 [4.00327629e-02 1.01220383e+04]
 [4.20729055e-02 9.57320128e+03]
 [8.82758835e-03 4.92825103e+04]
 [7.27317503e-03 7.37328907e+04]
 [1.82336931e-02 2.39674572e+04]
 [1.27131438e-02 3.44540259e+04]
 [1.14143157e-02 3.76924778e+04]
 [2.38791464e-02 1.76487729e+04]
 [3.30481151e-02 1.26889422e+04]
 [9.04451796e-03 4.61065971e+04]
 [1.48700939e-02 2.88537327e+04]
 [1.35928068e-02 3.13702510e+04]
 [3.80421351e-02 1.06276495e+04]
 [2.05697000e-02 2.11439887e+04]
 [6.01234693e-02 8.61147445e+03]
 [5.21707224e-02 8.69065832e+03]
 [4.29785941e-02 9.47022595e+03]
 [2.22000840e-02 1.87864693e+04]
 [4.71730456e-02 8.77763504e+03]
 [7.71913820e-03 5.69467021e+04]
 [1.06168863e-02 3.84626878e+04]
 [6.80292605e-02 8.55331804e+03]
 [1.72022490e-02 2.52374623e+04]
 [2.56701365e-02 1.64394380e+04]
 [4.93917241e-03 9.16114678e+04]
 [9.54955202e-03 4.49373202e+04]]
