[[4.05041324e+01 4.39220499e-04]
 [4.28111414e+00 4.61123273e-03]
 [5.60170646e+00 3.38507997e-03]
 [6.04594605e+00 3.14227675e-03]
 [1.10044650e+01 1.65298341e-03]
 [3.64889783e+01 4.39850128e-04]
 [5.46722113e+00 3.69054273e-03]
 [4.46215452e+00 4.40205433e-03]
 [4.95596129e+00 3.95369077e-03]
 [2.77863126e+01 6.01624260e-04]
 [2.94852405e+01 5.53215690e-04]
 [7.33676110e+00 2.61268260e-03]
 [1.37622288e+01 1.30052817e-03]
 [9.65301134e+00 1.84531325e-03]
 [1.76580215e+01 9.57381911e-04]
 [1.01695393e+01 1.74276100e-03]
 [3.35109935e+01 4.94963970e-04]
 [1.25249882e+01 1.39814290e-03]
 [2.36434709e+01 6.99863151e-04]
 [1.19807753e+01 1.46906489e-03]
 [3.04044172e+01 5.32319016e-04]
 [9.30615561e+00 1.99545166e-03]
 [4.63944093e+00 4.16959955e-03]
 [7.91299863e+00 2.27771110e-03]
 [2.70407580e+01 6.49545785e-04]
 [1.41752098e+01 1.23055539e-03]
 [2.29207862e+01 7.50579662e-04]
 [2.17746898e+01 7.91822564e-04]
 [3.45658854e+01 4.69437488e-04]
 [6.69355691e+00 2.77089948e-03]
 [2.51068410e+01 6.68174517e-04]
 [4.61901444e+00 4.24057269e-03]
 [1.90698070e+01 9.10444787e-04]
 [7.51567219e+00 2.43753721e-03]
 [6.54076196e+00 2.98643734e-03]
 [2.54907746e+01 6.57794362e-04]
 [8.27095487e+00 2.19959901e-03]
 [3.56604823e+01 4.50828772e-04]
 [1.69517320e+01 1.01504172e-03]
 [6.73893569e+00 2.74710796e-03]
 [4.28120156e+00 4.61110661e-03]
 [1.52585410e+01 1.16064322e-03]
 [2.07953060e+01 8.00938448e-04]
 [6.50784363e+00 2.99143501e-03]
 [8.77081429e+00 2.06970369e-03]
 [3.19287071e+01 5.07988194e-04]
 [7.38562736e+00 2.46117278e-03]
 [3.19482187e+01 5.07321774e-04]
 [1.65217812e+01 1.06028458e-03]
 [8.48378700e+00 2.10399232e-03]]
