[[2.58235901e+01 6.87482782e-04]
 [4.45215538e+01 4.48410081e-04]
 [2.60170411e+01 6.85962930e-04]
 [9.00215007e+00 2.76426441e-03]
 [5.99913005e+00 1.06746195e-02]
 [1.91088552e+01 1.07309814e-03]
 [3.59280869e+01 4.73712347e-04]
 [3.09023280e+01 6.67203825e-04]
 [1.15453557e+01 1.87492208e-03]
 [1.65802699e+01 1.17042688e-03]
 [2.35065037e+01 7.69216658e-04]
 [1.92083546e+01 9.62909266e-04]
 [7.66897436e+00 3.28943999e-03]
 [2.56998207e+01 6.95517152e-04]
 [1.47024016e+01 1.51861898e-03]
 [6.13452409e+00 6.93526590e-03]
 [4.68456353e+01 4.47751214e-04]
 [6.80359048e+00 3.68960655e-03]
 [1.07237178e+01 2.00001381e-03]
 [3.32964495e+01 5.13909612e-04]
 [3.54314179e+01 5.09320516e-04]
 [1.32123078e+01 1.55903054e-03]
 [2.22171468e+01 7.70549858e-04]
 [3.11287891e+01 5.49362935e-04]
 [4.77369921e+01 4.46262811e-04]
 [3.61465792e+01 4.71348647e-04]
 [1.24670554e+01 1.71267198e-03]
 [1.59095152e+01 1.22344001e-03]
 [2.07353271e+01 9.00165162e-04]
 [1.87154425e+01 1.13277650e-03]
 [3.09400651e+01 5.83773682e-04]
 [1.28570289e+01 1.56043153e-03]
 [9.53122985e+00 2.23605567e-03]
 [4.80137184e+01 4.43772512e-04]
 [9.93236879e+00 2.08531223e-03]
 [9.27430505e+00 2.44606383e-03]
 [1.58144454e+01 1.26266121e-03]
 [2.99681300e+01 6.73122347e-04]
 [8.65769795e+00 2.90117009e-03]
 [3.93990144e+01 4.63152086e-04]
 [8.22587742e+00 2.90777503e-03]
 [7.86245095e+00 3.08055913e-03]
 [7.19931225e+00 3.45672407e-03]
 [1.24672184e+01 1.58428061e-03]
 [3.97994068e+01 4.51254426e-04]]
