[[4.86621314e+00 6.48194950e-03]
 [2.23930593e+01 9.50885037e-04]
 [8.42493582e+00 2.79476072e-03]
 [2.91371864e+01 8.71892713e-04]
 [1.38583616e+01 1.92456864e-03]
 [1.62072948e+01 1.34727829e-03]
 [4.60330578e+00 7.95792461e-03]
 [1.37212359e+01 1.92490132e-03]
 [1.17347106e+01 2.38010181e-03]
 [8.25030988e+00 3.00606816e-03]
 [3.30554462e+01 5.41659891e-04]
 [4.75664030e+00 6.76700485e-03]
 [3.15872300e+01 5.59918507e-04]
 [1.51902493e+01 1.85497078e-03]
 [2.48001839e+01 8.91564554e-04]
 [2.07776524e+01 1.08072894e-03]
 [1.63126488e+01 1.33723512e-03]
 [3.57393577e+01 4.72621704e-04]
 [1.96277313e+01 1.32346331e-03]
 [1.44389231e+01 1.87473437e-03]]
