[[1.30430299e+02 4.09200792e+00]
 [1.49377875e-02 4.91430388e+01]
 [1.24266058e+02 4.09451038e+00]
 [1.13743491e+02 4.37427589e+00]
 [1.03873733e+02 4.84824624e+00]
 [1.17847699e+02 4.25547819e+00]
 [9.96985015e+01 5.04460825e+00]
 [1.51581931e+00 4.17103653e+01]
 [1.09663208e+02 4.51465831e+00]
 [2.10135250e+00 4.04440033e+01]
 [9.32483265e+01 5.48521563e+00]
 [1.06589528e+02 4.76933904e+00]
 [1.17329489e+02 4.34324222e+00]
 [9.65869014e+01 5.29510110e+00]
 [8.86979566e+01 5.87857271e+00]
 [7.95026836e+01 6.89882007e+00]
 [1.09325018e+01 2.93539010e+01]
 [3.36074595e+01 1.74144366e+01]
 [3.22771383e+01 1.79267335e+01]
 [1.15755116e+01 2.88421425e+01]
 [2.58730146e+01 2.05053478e+01]
 [6.56040979e+00 3.37100194e+01]
 [4.90325596e+01 1.27489601e+01]
 [9.12224424e+01 5.68998064e+00]
 [8.09425600e+01 6.82518895e+00]
 [2.69100262e+01 2.00993739e+01]
 [6.66718859e+01 9.00914514e+00]
 [9.29314161e+01 5.51833816e+00]
 [7.01718697e+00 3.32064912e+01]
 [1.41252087e+01 2.70105291e+01]
 [8.70861261e+01 6.04849190e+00]
 [5.20765125e+01 1.19935398e+01]
 [4.61934867e-01 4.54445423e+01]
 [6.53389309e+01 9.18406868e+00]
 [9.00848102e+01 5.75719664e+00]
 [5.28440549e+01 1.18251233e+01]
 [1.45401059e+00 4.18466538e+01]
 [5.39452017e+01 1.18097581e+01]
 [5.97115242e+00 3.42287984e+01]
 [4.78729728e+01 1.31840776e+01]
 [7.48667618e+01 7.77590475e+00]
 [3.69946553e+01 1.62564383e+01]
 [8.54682869e+00 3.17904961e+01]
 [1.26012800e+01 2.80543467e+01]
 [2.90860234e+01 1.93130405e+01]
 [6.90219041e-01 4.42998740e+01]
 [3.05445133e-01 4.64966638e+01]
 [3.60699608e+01 1.65566552e+01]
 [1.04995083e+00 4.30476486e+01]
 [1.93888691e-01 4.71300901e+01]
 [5.32256659e-01 4.50072851e+01]
 [7.83508706e+01 7.05018205e+00]
 [9.84829270e+01 5.13553129e+00]
 [6.18396444e+00 3.39641126e+01]
 [3.94172893e+01 1.54636657e+01]
 [3.08313348e+00 3.83890585e+01]
 [1.19530590e-01 4.77707750e+01]
 [2.24813882e+00 3.99965644e+01]
 [3.38364045e+00 3.78835185e+01]
 [1.49424208e+01 2.66349068e+01]
 [2.93627211e+01 1.90244608e+01]
 [7.21101336e+01 7.98167945e+00]
 [2.20267552e+01 2.25523498e+01]
 [8.89085385e-01 4.35860832e+01]
 [1.36462814e+01 2.73330528e+01]
 [1.06475952e+01 2.96134246e+01]
 [5.13563716e+01 1.21786302e+01]
 [1.07515072e+02 4.70756080e+00]
 [7.70885052e+01 7.24262487e+00]
 [1.64960503e+01 2.54134465e+01]
 [9.28401418e+00 3.13371758e+01]
 [1.30950093e+00 4.24632785e+01]
 [1.78004585e+01 2.46286680e+01]
 [1.73208635e+01 2.50131919e+01]
 [3.06624636e+01 1.89140719e+01]
 [2.53427924e+00 3.96388159e+01]
 [5.10702633e+00 3.54286869e+01]
 [2.37133311e+01 2.18482271e+01]
 [8.47040527e+01 6.34647097e+00]
 [9.29364502e+00 3.09344165e+01]
 [5.77907273e+01 1.06933222e+01]
 [7.80955114e+01 7.14595502e+00]
 [2.45714695e+01 2.11201373e+01]
 [6.26969137e+01 9.76995110e+00]
 [4.67127902e+01 1.33586894e+01]
 [1.19777773e+01 2.86453458e+01]
 [5.65536851e+00 3.46044133e+01]
 [5.69893656e+01 1.08917859e+01]
 [4.09887904e+01 1.49994425e+01]
 [4.83307391e+01 1.30055861e+01]
 [7.53116983e+01 7.64314040e+00]
 [1.52998171e+01 2.61687856e+01]
 [7.29106658e+01 7.85061819e+00]
 [8.35413583e+01 6.42080819e+00]
 [3.52403117e+01 1.68346226e+01]
 [2.77132105e+01 1.97786901e+01]
 [8.23268900e+01 6.57356620e+00]
 [1.31077279e+01 2.76872360e+01]
 [7.07929963e+01 8.20439085e+00]
 [5.60857909e+01 1.11194220e+01]
 [4.32854248e+01 1.43006060e+01]
 [8.33203144e+01 6.46074305e+00]
 [3.08002817e+01 1.85317775e+01]
 [5.44114362e+01 1.15434155e+01]
 [3.09838326e+01 1.84529702e+01]
 [6.70770632e+01 8.85752912e+00]
 [1.70106385e+01 2.50907440e+01]
 [7.33795660e+01 7.77601558e+00]
 [1.21380769e+01 2.84206400e+01]
 [1.50341250e-01 4.74791900e+01]
 [6.07856877e+01 1.00669934e+01]
 [4.87380594e+00 3.56078713e+01]
 [6.93451066e+01 8.45345237e+00]
 [3.02605314e+01 1.90165778e+01]
 [3.14793656e+01 1.81967254e+01]
 [7.56325577e+01 7.43755609e+00]
 [2.83497021e+01 1.94497904e+01]
 [6.50320746e+01 9.30068087e+00]
 [2.82458786e+01 1.95776299e+01]
 [1.83535720e+01 2.43941300e+01]
 [4.21239630e+00 3.65666298e+01]
 [2.40105133e+01 2.14216645e+01]
 [7.34180009e+00 3.26927983e+01]
 [4.04518739e+01 1.51397170e+01]
 [3.96831222e+00 3.69161042e+01]
 [1.44619765e+01 2.67373701e+01]
 [5.67107708e+01 1.09310737e+01]
 [9.72377332e+01 5.19574650e+00]
 [6.21030196e+01 9.88369010e+00]
 [3.59966988e-01 4.64250519e+01]
 [3.46572736e+01 1.70854808e+01]
 [2.56757378e+01 2.08582987e+01]
 [8.50087367e+01 6.27836569e+00]
 [1.24530612e+01 2.82469139e+01]
 [5.02930687e+01 1.26931389e+01]
 [6.40299393e+01 9.45880446e+00]
 [2.62542348e+00 3.94629533e+01]
 [5.07247210e+01 1.25799699e+01]
 [6.42545421e-02 4.82357273e+01]
 [3.65645785e-02 4.86789364e+01]
 [5.53062331e+01 1.13386251e+01]
 [4.11711490e-01 4.58318362e+01]
 [2.49837170e+01 2.10170762e+01]
 [1.97533838e+01 2.36622189e+01]
 [8.15642927e+01 6.66932835e+00]
 [7.60228232e+00 3.25042081e+01]
 [6.43035704e+01 9.37789197e+00]
 [3.87785455e-01 4.59908082e+01]
 [3.41366315e+01 1.72830039e+01]
 [8.67610594e+01 6.07784263e+00]
 [1.04976551e+01 2.98948891e+01]
 [5.91247772e+01 1.04125927e+01]
 [5.60361628e+01 1.12824692e+01]
 [6.14466549e-01 4.47011988e+01]
 [2.13531304e+01 2.26859973e+01]
 [6.88862141e-02 4.81700655e+01]
 [9.92103212e+00 3.03206707e+01]
 [3.75935508e+01 1.60912025e+01]
 [2.38315725e+01 2.16336109e+01]
 [1.08087630e+02 4.60131154e+00]
 [2.21577263e+01 2.22672469e+01]
 [6.85429283e+01 8.59979614e+00]
 [4.01000890e+01 1.52517301e+01]
 [9.35123334e+00 3.07183548e+01]
 [9.06927408e+01 5.73403754e+00]
 [1.92564703e+01 2.38028961e+01]
 [7.67781743e+01 7.37587011e+00]
 [7.63161136e+01 7.43440873e+00]
 [1.60761797e+01 2.56808855e+01]
 [4.63052658e+01 1.36695967e+01]
 [8.16891886e+00 3.20454446e+01]
 [4.42880776e+01 1.40145774e+01]
 [5.51152141e+00 3.51309790e+01]
 [4.22734344e+01 1.46637253e+01]
 [5.55954638e+00 3.47327020e+01]
 [5.48465965e+00 3.51584900e+01]
 [9.12337203e+00 3.15838444e+01]
 [3.90067214e+01 1.55935979e+01]
 [2.05528226e+01 2.32543913e+01]
 [1.01391627e+01 3.00805812e+01]
 [2.28424098e+01 2.19498908e+01]
 [2.14269652e+00 4.02172939e+01]
 [8.60141460e+01 6.17406800e+00]
 [4.27829360e+01 1.45063029e+01]
 [5.84694719e+01 1.05626694e+01]
 [6.13146960e+01 9.96059843e+00]
 [2.56943196e+01 2.07339092e+01]
 [2.11902443e+01 2.27498468e+01]
 [4.55929928e+00 3.60934213e+01]
 [4.14007380e+01 1.48570473e+01]
 [6.33435997e+01 9.56994370e+00]
 [7.04643053e+01 8.30666886e+00]
 [1.63532683e+01 2.55450943e+01]
 [1.09498447e+02 4.54229241e+00]
 [9.73849657e+00 3.06234327e+01]
 [2.70506985e-02 4.89796983e+01]
 [2.06701379e+01 2.30235463e+01]
 [7.00033539e+01 8.34671235e+00]
 [7.14474971e+00 3.28891647e+01]
 [3.80442087e+01 1.59636505e+01]
 [2.81763606e+00 3.88578762e+01]
 [7.15149154e+01 8.08153209e+00]
 [2.25827688e+01 2.20876349e+01]
 [4.37465974e+01 1.41709460e+01]
 [8.58976192e+01 6.23051116e+00]
 [4.28272984e+01 1.44319739e+01]
 [3.02792952e+00 3.84798193e+01]
 [3.44753316e+01 1.71025222e+01]
 [3.74313117e+00 3.72600819e+01]
 [6.03636824e+01 1.01940468e+01]
 [4.46126056e+01 1.39240423e+01]
 [2.72893570e+00 3.91833930e+01]
 [1.08587436e+02 4.57279941e+00]
 [3.72262183e+01 1.61637099e+01]
 [5.49055870e+01 1.14066663e+01]
 [7.74642266e-01 4.39899644e+01]
 [5.07797632e+01 1.23068676e+01]
 [9.89915166e+01 5.07593348e+00]
 [4.70446337e+00 3.58514449e+01]
 [7.07409588e+00 3.29968040e+01]
 [3.49011488e+00 3.76682674e+01]
 [6.31132869e+01 9.60700838e+00]
 [7.99029411e+00 3.20532325e+01]
 [1.86222621e+01 2.41414654e+01]
 [1.98172645e+01 2.34871686e+01]
 [6.16784942e+01 9.95395502e+00]
 [6.00128617e+01 1.02627047e+01]
 [4.51621965e+01 1.37711532e+01]
 [4.39693928e+01 1.41554411e+01]
 [4.49118148e+01 1.38543567e+01]
 [4.81888795e+01 1.30627207e+01]
 [1.14292046e+00 4.27480906e+01]
 [5.84333927e-01 4.47498467e+01]
 [6.96076722e+01 8.40817722e+00]
 [3.81169331e+01 1.58779602e+01]
 [1.10733119e+00 4.29160611e+01]
 [1.27825302e+00 4.26390434e+01]
 [5.09560142e+01 1.22926917e+01]
 [2.23867541e+01 2.22038112e+01]
 [2.08732579e+01 2.29402929e+01]
 [4.57455000e+01 1.36830308e+01]
 [2.74341442e+01 1.98889299e+01]
 [3.91813087e+00 3.71021365e+01]
 [3.37682489e+01 1.73552621e+01]
 [8.28556858e-01 4.37707063e+01]
 [4.17575427e+01 1.48491611e+01]
 [1.89343716e+01 2.39845150e+01]
 [3.84417693e+01 1.57689465e+01]
 [5.46561738e+01 1.14855366e+01]
 [7.15460740e+01 8.07623950e+00]
 [3.27330736e-02 4.87414481e+01]
 [7.76812641e+00 3.22621992e+01]
 [9.14466455e+00 3.15607682e+01]
 [4.64325160e+01 1.34639709e+01]
 [1.80293523e+01 2.44829033e+01]
 [1.72317753e-01 4.72270150e+01]
 [2.80171889e+00 3.90660437e+01]
 [1.90868181e+01 2.38919728e+01]
 [4.66951383e+00 3.58988353e+01]
 [6.75996726e+01 8.76368033e+00]
 [4.56250616e+01 1.37559753e+01]
 [1.34303658e+01 2.74662757e+01]
 [3.56405891e+01 1.68329174e+01]
 [3.22650589e+01 1.80270472e+01]
 [5.94858732e+01 1.03395442e+01]
 [9.71420508e+01 5.21179740e+00]
 [3.87664069e+01 1.56725043e+01]
 [1.33371295e+01 2.75147261e+01]
 [7.70841183e+00 3.23145415e+01]
 [2.71278892e+01 1.99973941e+01]
 [9.93107496e+01 5.05540367e+00]
 [6.78744330e+01 8.73412993e+00]
 [3.01435576e+00 3.87437753e+01]
 [2.39544162e+01 2.14509602e+01]
 [2.02014724e+01 2.32950708e+01]
 [1.46690999e+01 2.66584011e+01]
 [1.58921395e+01 2.58431122e+01]
 [1.17530141e+02 4.30907179e+00]
 [5.03532369e+01 1.26808653e+01]
 [1.87840982e+01 2.40963873e+01]]
