[[0.05469496 0.02381883]
 [4.86974744 2.98877523]
 [4.62815131 2.99992338]
 [4.79887067 2.98614215]
 [4.482961   2.99495717]
 [1.88795529 1.72391421]
 [0.05668109 0.20370637]
 [3.00284844 2.66900771]
 [2.6080527  2.52484042]
 [4.04772744 2.98369654]
 [2.86028158 2.92620522]
 [0.18300098 0.18818639]
 [4.28321764 2.95798992]
 [0.20389112 0.37055509]
 [0.32194424 0.37365485]
 [2.98397517 2.64634936]
 [3.95364049 2.98799597]
 [4.40343035 2.99922187]
 [1.3097814  1.21442119]
 [1.13432402 1.48166042]
 [3.67459416 2.99950227]
 [2.50070304 2.56364969]
 [3.31360716 2.96032455]
 [2.25114049 2.9599679 ]
 [4.36924254 2.99495717]
 [3.61759856 2.992882  ]
 [2.9100709  2.63649595]
 [2.08039987 2.2552634 ]
 [3.7271967  2.99902274]
 [1.20269449 1.66620472]
 [0.88597887 0.99619072]
 [1.55246396 1.61347561]
 [3.57066371 2.99889966]
 [0.93130106 1.03668218]
 [2.06682283 2.35358527]
 [2.18729744 1.95506901]
 [3.34565556 2.97955194]
 [1.84657429 2.08058816]
 [0.83238328 0.53399205]
 [2.09082344 1.99872087]
 [1.78799292 1.44463359]
 [3.38657116 2.98629446]
 [1.59275512 1.52750241]
 [1.8266803  1.69761601]
 [4.14778905 2.97825886]
 [1.30836755 1.64048969]
 [1.79242864 1.9014463 ]
 [2.27915565 2.50668538]
 [1.03311556 1.27443847]
 [0.24921955 0.18818639]
 [2.03936577 1.99872087]
 [0.86076403 0.71236146]
 [2.28895171 2.1743757 ]
 [0.83783786 1.34368058]
 [2.27915565 2.44473039]
 [0.62590896 0.63577033]
 [2.88168198 2.98923427]
 [2.9375497  2.97669985]
 [0.94965466 0.80352774]
 [3.07558278 2.88146703]
 [3.2528938  2.8987054 ]
 [0.09940067 0.02381883]
 [2.76363591 2.24634581]
 [3.51102325 2.99902274]
 [0.98796108 0.71236146]
 [4.30282298 2.99922187]
 [3.0235805  2.97669985]
 [0.95118931 1.18474466]
 [3.77877101 2.99720364]
 [3.88221808 2.98799597]
 [1.11226568 1.25638169]
 [1.8266803  2.02268952]
 [2.40764346 2.12916195]
 [0.68306856 0.50709582]
 [4.17652369 2.99646146]
 [1.27923896 1.48130914]
 [2.03052658 2.16639096]
 [0.88248433 0.76049578]
 [3.2528938  2.95893252]
 [3.12458484 2.99281287]
 [3.87547652 2.95425645]
 [0.59953565 0.81708223]
 [2.63438095 2.71945087]
 [0.23498487 0.24657981]
 [1.40164152 1.65557976]
 [2.40940351 2.54342538]
 [3.45448459 2.9662661 ]
 [1.35077624 1.48166042]
 [3.08577457 2.99434316]
 [0.57152068 0.442377  ]
 [0.3853028  0.43586204]
 [0.39219366 0.37454329]
 [0.9265514  0.59430447]
 [1.17658733 1.06183247]
 [2.39770504 2.50668538]
 [0.45004139 0.49661183]
 [1.7117151  1.5886984 ]
 [1.03311556 1.06196369]
 [1.72333492 1.62457466]
 [1.33137552 1.32887827]
 [1.63472633 1.1560266 ]
 [0.09940067 0.08454478]
 [0.7056447  0.59550481]
 [1.22798867 1.48130914]
 [2.61636785 2.69353581]
 [0.46015254 0.41327462]
 [4.30282298 2.98629446]
 [2.11415883 2.4600991 ]
 [0.99284944 1.06768793]
 [0.93130106 0.86950387]
 [1.20257095 1.06083454]
 [0.62086658 0.83755104]
 [1.7024778  1.57136556]
 [3.20501227 2.99700413]
 [2.72392166 2.6591939 ]
 [2.85271587 2.66900771]
 [2.33824314 2.50668538]
 [2.62327706 2.35358527]
 [3.80958513 2.99161452]
 [2.39669297 2.27008966]
 [2.81540167 2.59835636]
 [2.40462661 2.47802462]
 [2.2767057  2.54342538]
 [2.69608325 2.59366523]
 [2.40940351 2.20030415]
 [2.18692982 1.80387354]
 [2.34098706 2.35358527]
 [4.08658634 2.9956389 ]
 [2.12143495 2.51025985]
 [1.74832443 1.67128218]
 [1.94759589 1.76505717]
 [2.87656887 2.56364969]
 [0.20113127 0.32248239]
 [0.94842346 1.07567293]
 [2.84050231 2.64634936]
 [0.46155483 0.50709582]
 [0.64034147 0.40958324]
 [0.94709799 0.71236146]
 [2.03388752 2.2369348 ]
 [0.85065114 0.99619072]
 [0.09490576 0.08806048]
 [2.03811226 1.76505717]
 [0.93232326 1.06768793]
 [4.17652369 2.99495717]
 [2.04815857 1.71140077]
 [4.0866673  2.99646146]
 [2.89336293 2.9329912 ]
 [1.81778746 2.13713738]
 [3.08397731 2.95375654]
 [1.74866427 1.62457466]]
