[[0.43379929 4.27441307 8.65190854 0.52291692]
 [1.02679196 8.45817405 9.82763891 4.57948067]
 [1.52433924 1.41875043 9.37709581 4.04857475]
 [1.4989948  1.86709885 9.70171865 3.74195519]
 [1.68005678 1.30700616 9.63388057 2.58191717]
 [0.55867567 3.33434245 9.48881637 0.91937637]
 [1.04256965 1.81511829 9.40087105 1.9611576 ]
 [1.25823323 1.90660622 9.63603167 2.93609384]
 [0.57152466 2.80940531 8.87781336 1.32397866]
 [1.25823323 1.99798815 9.52580663 3.08503496]
 [0.52110353 4.52104094 9.81340468 2.13633732]
 [1.29860606 3.46626287 9.48489895 4.79941368]
 [2.00240119 1.55508345 9.59159042 3.11452427]
 [1.4989948  1.86709885 9.70171865 4.07415664]
 [2.99383271 4.0038208  9.93839862 4.9553829 ]
 [0.91479062 1.0847956  9.2932204  1.71312105]
 [0.86148828 5.27778446 9.50674874 4.34521932]
 [1.05353092 8.45817405 9.90838537 4.57948067]
 [0.5790361  4.65904946 9.79688521 1.90134309]
 [1.02679196 4.97660241 9.80838854 4.57948067]
 [1.52112107 1.41875043 9.63136206 4.10401207]
 [0.54576604 4.11472493 9.63971175 0.78026727]
 [0.45218998 3.47244057 9.65804455 3.57457223]
 [0.50777046 3.71328677 9.34077077 0.56968343]
 [1.41421311 1.5157577  9.01411311 2.76510197]]
