[[1.86260211e-03 3.45560727e-03 1.79353495e+00]
 [2.85576282e-03 5.86833341e-03 2.50004353e+00]
 [4.03221534e-04 1.12837190e-03 2.75628501e+00]
 [2.85576282e-03 5.86833341e-03 2.46727166e+00]
 [4.30013963e-03 9.82937468e-03 2.49633131e+00]
 [1.35427903e-03 2.29817771e-03 1.58633578e+00]
 [5.18043984e-03 9.08595503e-03 1.58722830e+00]
 [3.77256798e-03 7.30647839e-03 2.06509311e+00]
 [1.81889985e-03 4.13147955e-03 2.60477084e+00]
 [4.30133773e-03 9.79753074e-03 2.19787516e+00]
 [5.09748682e-03 9.82195525e-03 1.97412265e+00]
 [4.24827108e-03 7.81229182e-03 1.79264990e+00]
 [5.18043984e-03 9.02859370e-03 1.58722830e+00]
 [1.89024142e-03 3.72079528e-03 1.97682855e+00]
 [1.35427903e-03 2.46082024e-03 1.58633578e+00]
 [1.86260211e-03 3.49020141e-03 1.80619090e+00]
 [1.45392349e-03 3.28578657e-03 2.18118880e+00]
 [2.12257083e-03 3.93303619e-03 1.81741189e+00]
 [2.79183679e-03 5.44446463e-03 2.20912343e+00]
 [1.86260211e-03 3.45560727e-03 1.77395551e+00]
 [1.32443375e-03 2.18153758e-03 1.69187903e+00]
 [3.77256798e-03 7.39879238e-03 2.04640013e+00]
 [1.26705514e-03 2.48128294e-03 2.16352089e+00]
 [1.35427903e-03 2.46082024e-03 1.58635523e+00]
 [2.17812032e-03 4.08140784e-03 1.75622028e+00]
 [3.77256798e-03 7.30647839e-03 2.01295243e+00]
 [1.42361827e-03 3.28510994e-03 1.98520193e+00]
 [6.76561694e-04 1.58532391e-03 2.22230340e+00]
 [3.33783999e-03 6.56113037e-03 1.64088701e+00]
 [3.75560480e-03 8.92882043e-03 2.49633131e+00]
 [7.94910266e-04 1.62151177e-03 1.80400985e+00]
 [9.06636639e-04 1.91393637e-03 2.46801540e+00]
 [2.13089322e-03 3.45717440e-03 1.45230843e+00]
 [1.09225247e-03 2.66464936e-03 2.63973799e+00]
 [1.25950406e-03 2.60315099e-03 2.53816918e+00]
 [1.89024142e-03 3.72079528e-03 1.99455795e+00]
 [4.07279816e-03 9.99797443e-03 2.84052121e+00]
 [1.37183480e-03 2.57252485e-03 2.15816831e+00]
 [3.71730784e-03 7.48921659e-03 2.06736795e+00]
 [5.46346816e-03 9.47824938e-03 1.51939145e+00]
 [5.87319737e-03 9.99777900e-03 2.92248243e+00]
 [4.93869667e-03 8.82823402e-03 1.58722830e+00]
 [3.75325525e-04 9.32878356e-04 2.75628501e+00]
 [2.69139377e-03 4.44959341e-03 1.82424463e+00]
 [2.79183679e-03 5.44446463e-03 2.20538920e+00]
 [1.86260211e-03 3.48061673e-03 1.80830430e+00]
 [2.82690331e-03 5.86520529e-03 1.79867861e+00]
 [4.30013963e-03 9.95735675e-03 2.50404150e+00]
 [5.37237086e-03 9.30354685e-03 1.62942542e+00]
 [4.05040530e-03 9.99700908e-03 2.84052121e+00]
 [1.81889985e-03 3.93184607e-03 2.52832174e+00]
 [4.36733405e-03 7.80862063e-03 1.55119071e+00]
 [1.35427903e-03 2.37552018e-03 1.70249829e+00]
 [1.86260211e-03 3.45560727e-03 1.77768975e+00]
 [1.42300674e-03 2.44865496e-03 1.59024438e+00]
 [6.68110582e-04 1.55969730e-03 2.49844360e+00]
 [6.76561694e-04 1.34221743e-03 2.27633916e+00]
 [2.73089589e-03 5.03762865e-03 1.64375840e+00]
 [4.15778907e-03 9.67135102e-03 2.25299232e+00]
 [2.82690331e-03 5.86520529e-03 1.85743594e+00]
 [2.17424889e-03 3.88572675e-03 1.55817545e+00]
 [6.47920907e-04 1.84155826e-03 2.85071112e+00]
 [2.85576282e-03 5.86833341e-03 2.46632685e+00]
 [1.25656157e-03 2.56921846e-03 2.15587682e+00]
 [1.80370115e-03 2.88291482e-03 1.61730184e+00]
 [3.71730784e-03 7.49605944e-03 2.06736795e+00]
 [4.30536206e-03 9.85121451e-03 2.49633131e+00]
 [1.37183480e-03 2.57252485e-03 2.16821618e+00]
 [2.07527511e-03 4.38142567e-03 2.04934062e+00]
 [1.26705514e-03 2.48128294e-03 2.02784745e+00]
 [3.75325525e-04 9.25171877e-04 2.84149032e+00]
 [1.09225247e-03 2.66464936e-03 2.63721531e+00]
 [4.67846188e-03 8.39713707e-03 1.58795373e+00]
 [4.12040098e-04 1.12837190e-03 2.65651063e+00]
 [2.85968754e-03 5.84255685e-03 2.45454450e+00]
 [5.37237086e-03 9.23264621e-03 1.62649048e+00]
 [3.56054448e-03 6.70842679e-03 1.64088701e+00]
 [3.33783999e-03 6.67765880e-03 2.14220331e+00]
 [4.03221534e-04 1.15179834e-03 2.93040705e+00]
 [1.35427903e-03 2.20494276e-03 1.58635523e+00]
 [3.26887282e-03 6.81223455e-03 2.20912343e+00]
 [4.51831175e-03 9.99933656e-03 2.84052121e+00]
 [1.45392349e-03 2.45768487e-03 1.59915295e+00]
 [5.19220508e-03 9.11109340e-03 1.58559011e+00]
 [4.38249250e-03 7.80862063e-03 1.55119071e+00]
 [3.33783999e-03 6.52380139e-03 1.63101804e+00]
 [1.37170188e-03 2.78163817e-03 2.60622931e+00]
 [6.49455586e-04 1.32531000e-03 2.49805210e+00]
 [7.60080512e-04 1.62240596e-03 2.27633916e+00]
 [3.17007845e-03 5.28311812e-03 1.54381145e+00]
 [6.19205903e-03 9.99819291e-03 2.93233436e+00]
 [3.38198005e-03 6.81654926e-03 1.69291479e+00]
 [6.09155230e-04 1.45031704e-03 2.77575943e+00]
 [2.73089589e-03 5.08789479e-03 1.75584689e+00]
 [2.99104481e-03 6.67765880e-03 2.14220331e+00]
 [4.07767303e-03 9.95602153e-03 2.84372862e+00]
 [4.92693144e-03 8.80309565e-03 1.57806165e+00]
 [1.40846106e-03 3.28510994e-03 2.00038420e+00]
 [4.99624100e-03 9.26181427e-03 2.02244891e+00]
 [4.38377860e-04 1.06852753e-03 2.42344956e+00]
 [4.73796632e-03 9.91418797e-03 2.03139552e+00]
 [4.11296769e-03 9.95735675e-03 2.80635537e+00]
 [1.03036427e-03 1.62374957e-03 2.48178370e+00]
 [1.27524290e-03 2.19111858e-03 1.47662694e+00]
 [4.93869667e-03 8.82823402e-03 1.49615749e+00]
 [1.78154954e-03 3.46537639e-03 1.99455795e+00]
 [5.58556346e-04 1.02680066e-03 2.43772199e+00]
 [3.22655607e-03 5.53358750e-03 1.64375840e+00]
 [4.95519327e-03 9.99777900e-03 2.85840351e+00]
 [4.57267521e-03 9.88861089e-03 2.25449215e+00]
 [4.68836249e-03 9.91418797e-03 2.03139552e+00]
 [1.26705514e-03 2.48128294e-03 1.75198759e+00]
 [6.76561694e-04 1.34221743e-03 2.22832213e+00]
 [1.41315914e-03 3.28510994e-03 2.27371310e+00]
 [4.24827108e-03 7.79855229e-03 1.79411697e+00]
 [6.08490647e-04 1.32531000e-03 2.67577936e+00]
 [1.44174339e-03 3.28578657e-03 2.18118880e+00]
 [3.33783999e-03 6.66463953e-03 2.14220331e+00]
 [4.38024880e-03 9.99808085e-03 2.39545123e+00]
 [1.35395581e-03 1.86534755e-03 1.58676726e+00]
 [9.19198986e-04 2.17844319e-03 2.45217023e+00]
 [1.26515236e-03 2.20494276e-03 1.57852215e+00]
 [9.73826966e-04 1.62374957e-03 2.34216985e+00]
 [3.66543097e-03 8.30352953e-03 2.38535544e+00]
 [5.98423396e-04 1.33097045e-03 2.15433935e+00]
 [2.68139600e-03 4.44959341e-03 1.81756120e+00]
 [2.54834612e-03 5.03762865e-03 1.80766560e+00]
 [1.81889985e-03 3.90563982e-03 2.52832174e+00]
 [7.94910266e-04 1.62601617e-03 1.79796404e+00]
 [4.03221534e-04 1.15179834e-03 2.93050216e+00]
 [1.81889985e-03 4.13147955e-03 2.62907892e+00]]
