[[1.52610864e-02 2.65060857e+04]
 [4.48927166e-02 9.16056255e+03]
 [1.69870331e-02 2.59225653e+04]
 [4.91232333e-02 8.96634650e+03]
 [3.39946541e-02 1.19017793e+04]
 [5.26285058e-02 8.93022581e+03]
 [2.69897406e-02 1.55173060e+04]
 [4.18541489e-02 9.65590185e+03]
 [1.07192317e-02 3.87363394e+04]
 [2.54769990e-02 1.74213262e+04]
 [2.36734457e-02 1.87026776e+04]
 [3.18475519e-02 1.27103137e+04]
 [1.20622167e-02 3.74183468e+04]
 [2.37449270e-02 1.84067872e+04]
 [4.37664957e-02 9.35419140e+03]
 [9.94202140e-03 4.21205463e+04]
 [1.75662574e-02 2.46631743e+04]
 [5.80348224e-03 8.04541568e+04]
 [5.30174139e-02 8.90322283e+03]
 [2.57065886e-02 1.59723699e+04]
 [2.40249579e-02 1.80470326e+04]
 [1.42412880e-02 3.02360048e+04]
 [8.62407872e-03 4.80120660e+04]
 [2.84826754e-02 1.42657777e+04]
 [1.29877897e-02 3.30752248e+04]
 [1.24606059e-02 3.63709236e+04]
 [2.15610606e-02 1.97547574e+04]
 [5.13100196e-02 8.93622558e+03]
 [4.73555666e-02 9.12917325e+03]
 [1.77856021e-02 2.45020697e+04]
 [6.23294843e-03 6.80977639e+04]
 [7.07809866e-02 8.57476411e+03]
 [6.96932149e-02 8.59126024e+03]
 [2.67461598e-02 1.58179299e+04]
 [3.70096405e-02 1.09276855e+04]
 [5.49976445e-02 8.67455986e+03]
 [3.90005319e-02 1.07557730e+04]
 [9.28271375e-03 4.56473697e+04]
 [3.12284770e-02 1.28894586e+04]
 [3.96438653e-02 1.01513509e+04]
 [2.19168169e-02 1.94449806e+04]
 [2.92348646e-02 1.41794860e+04]
 [1.81568665e-02 2.42843341e+04]
 [3.65710131e-02 1.11616207e+04]
 [2.69914435e-02 1.55170406e+04]
 [1.82541657e-02 2.39114029e+04]
 [1.82571738e-02 2.22489542e+04]
 [4.16988589e-02 9.80734945e+03]
 [2.09472627e-02 2.03353981e+04]
 [7.52044655e-03 5.61691169e+04]
 [3.36177553e-02 1.27102176e+04]
 [1.05048616e-02 3.94176073e+04]
 [2.97909852e-02 1.41602713e+04]
 [4.23812476e-02 9.49475839e+03]
 [2.56302397e-02 1.60568052e+04]
 [4.94304448e-03 9.31749018e+04]
 [1.57111160e-02 2.59251448e+04]
 [6.77886698e-03 6.70589868e+04]
 [2.82941135e-02 1.53001474e+04]
 [4.37358178e-02 9.42766351e+03]
 [1.90928765e-02 2.14924822e+04]
 [2.23478379e-02 1.88426957e+04]
 [3.08100903e-02 1.34869497e+04]
 [5.94617853e-02 8.67431082e+03]
 [3.93739474e-02 1.06049034e+04]
 [7.99929349e-03 5.49044827e+04]]
