[[1.36438273 0.93245491 8.65502654 2.30850721]
 [0.55867567 3.33434245 9.48881637 0.91937637]
 [0.93433536 2.94553429 9.98358599 4.57865477]
 [1.62120206 1.18167127 9.63388057 2.58191717]
 [1.70250628 0.93245491 8.66378216 1.86773756]
 [0.90574413 1.55508345 9.11661803 3.12125567]
 [1.20967918 0.80894177 9.77342542 1.27737248]
 [0.66243315 2.71496268 8.8684451  1.93681606]
 [0.55867567 3.3574191  9.59463578 0.91937637]
 [0.26740064 5.41698894 9.73262718 0.44953267]
 [1.40780274 0.81510897 9.94138203 3.32047617]
 [1.60381015 0.65986853 9.97510143 3.06008005]
 [0.26740064 5.41698894 9.78416437 0.4332744 ]
 [3.90738756 4.4353902  9.81702583 4.99447942]
 [1.07486419 2.94553429 9.99668252 4.58734609]
 [0.56258499 3.64205628 9.73432006 0.91937637]
 [1.39259249 1.98830595 9.73544815 1.49305929]
 [0.86160277 2.36473979 9.11466406 2.07344922]
 [0.70309917 2.0397824  8.48641787 2.57896585]
 [1.60381015 0.70369098 9.97510143 3.12377229]
 [0.9026512  1.13445921 9.69329748 4.6599839 ]
 [1.36438273 0.93245491 9.90373245 2.30850721]
 [1.82261907 1.18876213 9.45101606 4.23716147]
 [1.45009867 0.81510897 9.94138203 3.53773019]
 [0.55867567 3.33434245 8.92022285 0.91937637]]
