[[2.08511002 2.16097348]
 [0.93130106 1.03668218]
 [1.98383737 1.6164502 ]
 [2.09597257 2.0556585 ]
 [2.08652401 1.67606949]
 [0.70193469 0.59430447]
 [1.05814058 0.79663998]
 [1.63322451 1.58117431]
 [3.45448459 2.99196855]
 [0.09940067 0.07863296]
 [2.92879636 2.90878724]
 [0.29958845 0.36403037]
 [0.22275939 0.32248239]
 [1.1992388  1.48130914]
 [2.62335155 2.77442391]
 [3.08389179 2.84704896]
 [1.95003857 1.457972  ]
 [0.88098128 0.99619072]
 [2.9100709  2.63649595]
 [0.99284944 1.28010303]
 [2.63857323 2.40648325]
 [2.07924359 1.8500552 ]
 [3.91374707 2.97141535]
 [2.2095214  1.74473222]
 [1.23866451 0.78651925]
 [1.10716367 0.80121606]
 [0.09166321 0.20017499]
 [4.52904748 2.96986554]
 [0.73396187 0.79289245]
 [2.58633799 2.74921756]
 [0.43741105 0.68192921]
 [2.85357926 2.99026028]
 [2.46035901 2.19027363]
 [1.69354013 1.57168841]
 [2.42214223 2.57795342]
 [1.37059888 1.68158997]
 [0.13313942 0.33276111]
 [0.79916825 0.60780638]
 [1.85077089 1.59209232]
 [3.58464501 2.96197852]
 [2.00932962 2.09192406]
 [0.60383592 0.66085196]
 [0.69177345 0.87043339]
 [1.72849411 2.02491481]
 [1.57382844 1.88056681]
 [2.86636136 2.82828773]
 [2.45772575 2.57010749]
 [2.09289013 2.0503947 ]
 [1.47644397 1.63236415]
 [2.43960746 2.56606924]
 [2.92674229 2.69461514]
 [2.57087522 2.62599818]
 [0.91976721 1.38851736]
 [0.80755385 1.02732192]
 [2.8968027  2.77411254]
 [1.14602514 1.30165013]
 [3.154796   2.94277103]
 [2.49966186 2.33129469]
 [1.99609303 2.39088676]
 [1.90540746 1.97803481]
 [0.354592   0.45781196]
 [0.08287941 0.34138907]
 [1.60513157 1.67373598]
 [0.19864353 0.21100032]
 [2.69824555 2.6857811 ]
 [1.26790875 0.82142911]
 [1.64180695 1.64269281]
 [1.93002006 1.71462628]
 [0.19929963 0.40437935]
 [0.967082   1.0069914 ]
 [2.16177797 2.5431014 ]
 [1.24145364 0.88523573]
 [1.13500583 1.78794716]
 [3.01091827 2.89070126]
 [1.72839607 1.78687529]
 [2.24368629 2.1129402 ]
 [0.88339447 1.17329737]
 [1.17538818 1.38480624]
 [0.98916392 1.28799217]
 [0.61386065 0.56270968]
 [2.35248838 2.48140801]
 [1.93494617 1.47864262]
 [2.29978366 2.29161815]
 [0.63356692 0.73279999]
 [2.73227295 2.44932719]
 [3.02153422 2.87640755]
 [1.96942004 2.06686514]
 [3.50266536 2.79167946]
 [1.95305249 2.08881025]
 [3.06556168 2.8072088 ]
 [2.98444262 2.93877052]
 [2.2050331  2.21883589]
 [1.38600052 1.6044967 ]
 [0.35271022 0.22039996]
 [3.02606448 2.97121859]
 [0.4449911  0.55471677]
 [0.18931294 0.17275052]
 [0.82659245 0.59158904]
 [2.58099231 2.58967945]
 [1.39164065 1.91992371]
 [2.32566972 2.42024043]
 [1.28330495 1.17429109]
 [0.28987907 0.41644955]
 [0.72892716 0.73464192]
 [2.78634115 2.72132717]
 [2.60156818 2.48540444]
 [2.52889693 2.47457569]
 [2.03144214 2.23124759]
 [1.55506534 1.64546727]
 [2.39868784 2.84003004]
 [1.64573001 1.58400419]
 [1.15731468 1.28046405]
 [1.95132352 2.27947619]
 [0.45204858 0.38692795]
 [0.52631263 0.51818239]
 [3.02711004 2.92871479]
 [3.09559817 2.95633474]
 [2.75997514 2.89174767]
 [1.98231345 1.8840697 ]
 [0.34892989 0.12563271]
 [0.99099615 0.66178225]
 [2.68001287 2.70234934]
 [1.17760978 0.88780516]
 [2.82866073 2.7264241 ]
 [1.86249383 1.8571189 ]
 [2.33775027 2.00082763]
 [2.06835082 2.05292887]
 [2.12701733 2.4321637 ]
 [1.09576903 1.28640208]
 [3.09696083 2.94209711]
 [1.02461073 0.78426214]
 [2.85504381 2.8921084 ]
 [0.87666296 1.02344047]
 [1.48064962 1.59876768]
 [1.36200425 1.79636675]
 [3.70982118 2.94864236]
 [2.08050386 1.5947504 ]
 [0.36257764 0.51810326]
 [2.47747491 2.47337883]
 [0.66453119 0.8503873 ]
 [2.09974127 1.80836029]
 [2.40722949 2.41078388]
 [1.40096318 1.35408558]
 [1.3981059  1.27053016]
 [2.48989316 1.98004567]
 [2.21751921 2.09352497]
 [1.89054293 2.08798953]
 [0.51409184 0.5875027 ]
 [1.85571789 1.70350414]
 [0.96138911 0.83192363]
 [2.10829459 2.41487898]
 [1.98560189 2.09806698]
 [2.16805323 2.40671859]
 [4.30748543 2.97141535]
 [1.88608644 1.54561508]
 [0.68887845 0.41790351]
 [1.15834603 1.4049941 ]
 [2.44588534 2.21565275]
 [2.7107224  2.58150051]
 [0.95043525 1.38919895]
 [0.92088888 1.23876472]
 [0.64118807 0.73201327]
 [4.40671979 2.94057049]
 [3.154796   2.99102812]
 [0.09171414 0.07863296]
 [2.82312564 2.76774016]
 [1.51487607 1.20386116]
 [2.46171735 2.64597315]
 [1.33378805 1.43142296]
 [1.02461073 0.7842231 ]
 [2.62335155 2.74006013]
 [2.57087522 2.92232715]
 [1.27116177 1.27112508]
 [4.41077895 2.9810016 ]
 [2.0673091  2.19222538]
 [1.29895847 1.47667409]
 [2.42214223 2.47847043]
 [2.07833733 2.22126814]
 [1.49703595 1.32095762]
 [1.64500301 1.63519197]
 [0.08615661 0.07863296]
 [0.60383592 0.61846099]
 [0.89427729 0.65592092]
 [1.80041699 1.93840188]
 [1.72345999 1.78687529]
 [2.63191272 2.93877052]
 [0.13849537 0.20713121]
 [1.40053126 1.35408558]
 [2.35052033 2.48689132]
 [2.77588251 2.88910837]
 [2.18411325 2.00082763]
 [2.63262382 2.40648325]
 [0.92063778 0.91026973]
 [1.26680806 1.7536418 ]
 [4.21599191 2.96919132]
 [2.58838667 2.4321637 ]
 [2.25298016 2.04065603]
 [1.56326657 1.32220363]
 [1.46363933 1.78146311]
 [2.44407297 2.23208125]
 [3.71226929 2.94005906]
 [0.99056136 0.88306114]
 [0.71123291 0.76479705]
 [1.04901232 0.64339461]
 [0.31940291 0.41644955]
 [2.14354487 1.9513339 ]
 [2.00679227 1.92867017]
 [3.45448459 2.95526378]
 [1.72927554 2.09192406]
 [2.40334349 2.09163199]
 [3.28866359 2.92491027]
 [1.00868057 0.93326148]
 [0.96779479 0.70332247]
 [0.20293332 0.00905387]
 [1.12321337 0.78803386]
 [2.54288653 2.31975794]
 [2.46739438 2.74985953]
 [1.7919355  2.01714071]
 [1.03278653 0.67008986]
 [2.81406587 2.8921084 ]
 [0.80868094 0.52350356]
 [0.73191401 0.85160255]
 [2.51114204 2.54831582]
 [0.34892989 0.13471748]
 [2.04256316 1.70473906]
 [2.62648061 2.29182796]
 [0.08309705 0.20017499]
 [3.697973   2.96672638]
 [1.97346895 1.8739605 ]
 [0.41435763 0.53872617]
 [1.69469679 1.66215401]
 [1.27419641 0.94394282]
 [4.20658487 2.98608457]
 [1.38062157 1.2621396 ]
 [3.69015476 2.98803057]
 [3.04026912 2.77194662]
 [1.61252343 1.75045035]
 [0.58962905 0.60470009]
 [2.2050331  2.42459583]
 [4.05929349 2.93367982]
 [0.3941428  0.27587808]
 [1.18443804 0.99726118]
 [0.19929963 0.35440548]
 [2.76410989 2.58431173]
 [1.63025795 1.45932223]
 [2.64697986 2.77855421]
 [0.45409881 0.68294499]
 [1.48519263 1.64708896]
 [1.16556409 1.343067  ]
 [1.24145364 1.29922569]
 [2.62495765 2.68534552]
 [0.23768797 0.0668263 ]
 [3.02897349 2.97121859]
 [0.40264764 0.53802934]
 [4.07925496 2.92554249]
 [1.8768696  1.84324953]
 [2.23632585 2.20440939]
 [3.53857122 2.83737047]
 [2.26642396 2.00047035]
 [2.75651642 2.72218843]
 [2.36381211 2.40298367]
 [2.59476035 2.54475147]
 [0.53436489 0.55242392]
 [2.48910322 2.47337883]
 [2.07183818 2.14363182]
 [4.85163603 2.99513964]
 [2.42214223 2.62146835]
 [1.97566924 2.09192406]
 [2.08341808 1.70581417]
 [2.07392038 1.8243179 ]]
