[[2.08511002 2.16097348]
 [0.93130106 1.03668218]
 [1.98383737 1.6164502 ]
 [2.09597257 2.0556585 ]
 [0.70193469 0.59430447]
 [1.05814058 0.79663998]
 [1.63322451 1.58117431]
 [3.45448459 2.99196855]
 [0.09940067 0.07863296]
 [2.76410989 2.52609268]
 [2.92879636 2.90878724]
 [0.29958845 0.36403037]
 [0.22275939 0.32248239]
 [1.1992388  1.48130914]
 [2.62335155 2.77442391]
 [3.08389179 2.84704896]
 [1.95003857 1.457972  ]
 [0.88098128 0.99619072]
 [2.9100709  2.63649595]
 [3.39534418 2.75580533]
 [0.99284944 1.28010303]
 [2.63857323 2.40648325]
 [2.59505814 2.31265173]
 [0.80485718 1.40064007]
 [2.07924359 1.8500552 ]
 [3.91374707 2.97141535]
 [1.23866451 0.78651925]
 [1.10716367 0.80121606]
 [0.09166321 0.20017499]
 [1.9742524  2.24081549]
 [0.72779116 0.47319021]
 [4.52904748 2.96986554]
 [0.73396187 0.79289245]
 [2.58633799 2.74921756]
 [2.85357926 2.99026028]
 [2.46035901 2.19027363]
 [1.69354013 1.57168841]
 [2.42214223 2.57795342]
 [0.13313942 0.33276111]
 [0.79916825 0.60780638]
 [1.85077089 1.59209232]
 [2.63951989 2.22023263]
 [2.01610236 2.27624079]
 [3.58464501 2.96197852]
 [2.00932962 2.09192406]
 [0.60383592 0.66085196]
 [1.10741028 1.40173747]
 [1.57382844 1.88056681]
 [2.86636136 2.82828773]
 [2.45772575 2.57010749]
 [2.09289013 2.0503947 ]
 [1.47644397 1.63236415]
 [2.43960746 2.56606924]
 [2.57087522 2.62599818]
 [0.91976721 1.38851736]
 [0.80755385 1.02732192]
 [2.14018735 1.79780927]
 [2.8968027  2.77411254]
 [1.14602514 1.30165013]
 [3.154796   2.94277103]
 [2.51754755 2.8977992 ]
 [2.49966186 2.33129469]
 [1.99609303 2.39088676]
 [1.90540746 1.97803481]
 [0.354592   0.45781196]
 [1.60513157 1.67373598]
 [0.19864353 0.21100032]
 [2.69824555 2.6857811 ]
 [2.23317523 2.63110317]
 [1.64180695 1.64269281]
 [0.19929963 0.40437935]
 [0.967082   1.0069914 ]
 [2.16177797 2.5431014 ]
 [3.01091827 2.89070126]
 [1.72839607 1.78687529]
 [2.24368629 2.1129402 ]
 [0.88339447 1.17329737]
 [1.17538818 1.38480624]
 [0.98916392 1.28799217]
 [0.61386065 0.56270968]
 [2.35248838 2.48140801]
 [1.93494617 1.47864262]
 [2.29978366 2.29161815]
 [0.63356692 0.73279999]
 [2.73227295 2.44932719]
 [3.02153422 2.87640755]
 [1.96942004 2.06686514]
 [1.95305249 2.08881025]
 [3.06556168 2.8072088 ]
 [2.98444262 2.93877052]
 [2.2050331  2.21883589]
 [1.38600052 1.6044967 ]
 [2.74526722 2.40298367]
 [4.48021746 2.91816106]
 [0.35271022 0.22039996]
 [3.02606448 2.97121859]
 [0.4449911  0.55471677]
 [4.00329829 2.79960701]
 [0.18931294 0.17275052]
 [0.82659245 0.59158904]
 [2.58099231 2.58967945]
 [2.32566972 2.42024043]
 [1.28330495 1.17429109]
 [0.28987907 0.41644955]
 [0.72892716 0.73464192]
 [2.78634115 2.72132717]
 [2.60156818 2.48540444]
 [2.52889693 2.47457569]
 [1.55506534 1.64546727]
 [2.39868784 2.84003004]
 [1.64573001 1.58400419]
 [1.15731468 1.28046405]
 [0.45204858 0.38692795]
 [0.52631263 0.51818239]
 [4.39533201 2.92055658]
 [3.02711004 2.92871479]
 [3.09559817 2.95633474]
 [2.66824538 2.21816336]
 [2.75997514 2.89174767]
 [1.98231345 1.8840697 ]
 [0.34892989 0.12563271]
 [0.99099615 0.66178225]
 [2.68001287 2.70234934]
 [1.17760978 0.88780516]
 [2.82866073 2.7264241 ]
 [1.86249383 1.8571189 ]
 [2.06835082 2.05292887]
 [2.12862206 1.80602352]
 [1.09576903 1.28640208]
 [3.09696083 2.94209711]
 [1.02461073 0.78426214]
 [2.85504381 2.8921084 ]
 [0.87666296 1.02344047]
 [1.48064962 1.59876768]
 [3.70982118 2.94864236]
 [0.36257764 0.51810326]
 [2.47747491 2.47337883]
 [1.69770434 2.11349159]
 [0.66453119 0.8503873 ]
 [1.39379204 0.94394282]
 [2.09974127 1.80836029]
 [2.40722949 2.41078388]
 [1.40096318 1.35408558]
 [1.3981059  1.27053016]
 [2.21751921 2.09352497]
 [1.89054293 2.08798953]
 [0.51409184 0.5875027 ]
 [0.94569187 1.18075024]
 [1.37237056 1.58014758]
 [2.48782192 2.46353089]
 [2.2022028  2.26252508]
 [0.7337369  0.85194968]
 [1.5109075  1.10019594]
 [1.00798317 0.98257217]
 [2.28852644 2.26386668]
 [2.63452673 2.26160721]
 [1.37731013 1.52822574]
 [1.77451255 1.9605931 ]
 [2.71308206 2.65216864]
 [0.95636026 1.1611387 ]
 [3.48439163 2.71742525]
 [2.47747491 2.55154774]
 [4.42226504 2.92992445]
 [1.98650413 2.24081549]
 [2.85504381 2.89641163]
 [2.13823268 1.94304108]
 [1.79206099 1.59667859]
 [2.26976325 2.27057801]
 [2.68329604 2.53152129]
 [1.18181698 1.35026024]
 [1.99230685 2.02118372]
 [2.48989316 2.46581909]
 [1.14166361 1.33296003]
 [1.5369074  1.03821018]
 [2.92879636 2.82091959]
 [0.31711528 0.58982109]
 [1.47146559 1.68972934]
 [0.16931503 0.28503073]
 [1.78115961 1.71706641]
 [2.52915224 2.56205358]
 [2.00148449 1.8314679 ]
 [2.09974127 1.87196366]
 [0.48940067 0.35369313]
 [0.38115748 0.41644955]
 [0.71025218 0.77775664]
 [2.45126761 2.38513474]
 [2.1150109  2.12097028]
 [2.67130665 2.6397503 ]
 [2.15455415 2.19184712]
 [1.38579336 1.01198059]
 [0.03548467 0.21100032]
 [2.00932962 2.1081898 ]
 [2.2634561  2.39932961]
 [1.45111815 1.53281067]
 [2.005244   1.68952572]
 [4.35614115 2.87841182]
 [0.79916825 0.67008488]
 [3.51687294 2.98687158]
 [1.52874941 1.51311447]
 [3.05302116 2.74582296]
 [2.36719145 2.02696868]
 [1.37237056 1.50769307]
 [0.63349035 0.83755104]
 [1.52318716 1.53582129]
 [2.11128634 1.98323653]
 [2.64934602 2.42226346]
 [3.37478027 2.91396141]
 [2.01424189 1.86157412]
 [1.81571151 1.50847315]
 [0.58480447 0.50330867]
 [2.87458238 2.86728524]
 [0.7337369  0.95797454]
 [2.73387671 2.61037171]
 [0.29678613 0.11700038]
 [1.90115066 1.86253019]
 [0.48688246 0.63052203]
 [3.27382456 2.98981245]
 [0.33642602 0.51810326]
 [2.72005059 2.90160529]
 [2.43427099 2.24124748]
 [1.01231518 1.14245884]
 [1.40477768 1.71838207]
 [2.153839   1.89336207]
 [2.42401065 2.13618567]
 [1.60493187 1.54512399]
 [2.39785114 2.09417175]
 [3.56383382 2.96919233]
 [0.3069839  0.41644955]
 [1.39176775 1.55431409]
 [4.48236705 2.94459212]
 [2.81344978 2.97641168]
 [3.09696083 2.98487222]
 [2.63959399 2.94027718]
 [2.02210637 2.08257497]
 [0.68827447 0.55471677]
 [2.69770528 2.60764923]
 [0.08245953 0.06699128]
 [1.68211595 2.01574071]
 [2.57302501 2.22160761]
 [1.8903419  2.09390013]
 [2.87511862 2.86260152]
 [1.56947491 1.4342233 ]
 [3.58464501 2.99180666]
 [2.71862165 2.50306732]
 [0.5533393  0.39158035]
 [4.75702869 2.99026028]
 [2.33133237 2.40128708]
 [2.2050331  1.98164409]
 [1.49473094 1.7465152 ]
 [4.63577762 2.9778447 ]
 [2.47058133 2.98509182]
 [0.72506669 0.40120717]
 [2.44964106 2.53881514]
 [2.19176147 2.0503947 ]
 [2.85713377 2.40077006]
 [4.05994164 2.9848948 ]
 [1.78382122 1.46258633]
 [0.82953342 0.73279999]
 [3.02022637 2.96182089]
 [2.30271603 2.54558627]
 [2.47421542 2.79745578]
 [2.7692709  2.72132717]
 [1.48805838 1.32413769]
 [1.95797792 1.71353826]
 [1.15353346 1.28046405]
 [1.56712089 1.99774225]
 [0.55622836 0.62741112]
 [0.19320816 0.21059338]
 [2.74532253 2.77411254]
 [1.85266112 1.79733092]
 [0.08872213 0.02689016]
 [2.13362601 2.12786312]
 [0.13260894 0.33369659]
 [2.0344144  2.16705991]
 [3.09696083 2.95139381]
 [0.91689411 0.88120803]]
