[[5.24315838e-02 8.49944953e+03]
 [4.40331150e-03 9.37255502e+04]
 [4.66365572e-03 8.71808729e+04]
 [5.48852600e-03 7.62527489e+04]
 [5.33241261e-03 7.99835862e+04]
 [5.13473818e-03 8.45763756e+04]
 [2.51143160e-02 1.59548779e+04]
 [8.38134981e-03 4.79768517e+04]
 [9.05011657e-03 4.57463096e+04]
 [5.67927515e-03 7.13178734e+04]
 [5.83953208e-03 7.03297746e+04]
 [3.25310975e-02 1.29655755e+04]
 [6.26118606e-03 6.60419402e+04]
 [7.71467073e-03 5.48158809e+04]
 [3.42721163e-02 1.18086914e+04]
 [8.14150806e-03 5.10000217e+04]
 [4.67831425e-02 8.70737720e+03]
 [3.98925690e-02 1.01162399e+04]
 [2.73707284e-02 1.58220796e+04]
 [5.21925497e-02 8.50610470e+03]
 [4.93237899e-02 8.53527615e+03]
 [4.96252166e-02 8.52606515e+03]
 [1.37721015e-02 2.90963984e+04]
 [7.83430253e-03 5.24194885e+04]
 [9.36734950e-03 4.30519250e+04]
 [4.16667094e-02 9.99087155e+03]
 [1.30487230e-02 3.13910425e+04]
 [1.10486464e-02 3.93253646e+04]
 [7.00544391e-03 5.80354795e+04]
 [6.78426242e-03 6.03086568e+04]
 [1.25921479e-02 3.24411329e+04]
 [2.37297053e-02 1.69305142e+04]
 [2.04588142e-02 1.96945389e+04]
 [3.14572248e-02 1.29946151e+04]
 [1.48563773e-02 2.77716465e+04]
 [1.35345621e-02 3.00081387e+04]
 [2.17579556e-02 1.93342727e+04]
 [3.88854128e-02 1.05905734e+04]
 [3.74740978e-02 1.11097177e+04]
 [7.41578326e-03 5.74577648e+04]
 [2.32401383e-02 1.78695204e+04]
 [1.13983188e-02 3.54584429e+04]
 [1.83923938e-02 2.20552667e+04]
 [6.57142340e-03 6.34874119e+04]
 [1.01339293e-02 4.07136749e+04]
 [1.11938424e-02 3.74671426e+04]
 [2.99115874e-02 1.39833837e+04]
 [1.18063541e-02 3.50519854e+04]
 [4.32975241e-02 9.40504997e+03]
 [3.53719388e-02 1.13787500e+04]
 [3.73343124e-02 1.11453488e+04]
 [3.49424034e-02 1.15208532e+04]
 [1.77323422e-02 2.26407952e+04]
 [1.12515688e-02 3.70869645e+04]
 [2.00129817e-02 2.09817178e+04]
 [1.91552945e-02 2.11208137e+04]
 [1.20891281e-02 3.35689628e+04]
 [9.74801718e-03 4.16608881e+04]
 [3.89490574e-02 1.03127962e+04]
 [3.61847525e-02 1.12079068e+04]
 [2.25378620e-02 1.82984205e+04]
 [6.32374412e-03 6.51711351e+04]
 [6.37156889e-03 6.40818009e+04]
 [4.38020011e-02 9.28313478e+03]
 [1.60262466e-02 2.58788375e+04]
 [1.53559596e-02 2.60629565e+04]
 [2.77788728e-02 1.56289829e+04]
 [3.09515037e-02 1.39287377e+04]
 [1.07342534e-02 4.06683537e+04]
 [6.72705247e-03 6.19265546e+04]
 [1.74445848e-02 2.39058402e+04]
 [4.55513231e-02 8.92120972e+03]
 [3.09839686e-02 1.39198133e+04]
 [1.73114785e-02 2.48074527e+04]
 [2.35685123e-02 1.70674418e+04]
 [2.96118455e-02 1.40915980e+04]
 [2.90752967e-02 1.42277987e+04]
 [1.20351937e-02 3.40825606e+04]
 [1.88539067e-02 2.17094899e+04]
 [6.73824952e-03 6.14632248e+04]
 [3.61510034e-02 1.12676573e+04]
 [4.20447303e-02 9.82416918e+03]
 [4.63814942e-02 8.89691518e+03]
 [1.52052490e-02 2.70600132e+04]
 [4.24986673e-02 9.47101291e+03]
 [2.21602483e-02 1.92703907e+04]
 [2.88650422e-02 1.48505467e+04]
 [2.85506626e-02 1.53251921e+04]
 [9.48093063e-03 4.22370082e+04]
 [1.49274260e-02 2.74906797e+04]
 [2.83281301e-02 1.55538273e+04]
 [4.47291251e-02 9.01398349e+03]
 [1.60458668e-02 2.52889729e+04]
 [7.41330694e-03 5.74921413e+04]
 [2.02138153e-02 2.03061163e+04]
 [1.52610864e-02 2.65060857e+04]
 [1.68281989e-02 2.50122900e+04]
 [4.49670452e-02 8.95303959e+03]
 [1.74769005e-02 2.32065419e+04]
 [4.23221700e-02 9.56842491e+03]
 [2.22788192e-02 1.87957423e+04]
 [1.89279927e-02 2.13893953e+04]
 [1.07130254e-02 4.06843104e+04]
 [4.43320618e-02 9.17985564e+03]
 [4.53746254e-02 8.95146690e+03]
 [1.70280262e-02 2.49854548e+04]
 [1.75749356e-02 2.29842870e+04]
 [2.88716091e-02 1.44673964e+04]
 [1.63639108e-02 2.50221541e+04]
 [2.23903066e-02 1.85503791e+04]
 [4.43406053e-02 9.16787074e+03]
 [1.63125308e-02 2.50742774e+04]
 [4.64562337e-02 8.73712776e+03]
 [2.00980779e-02 2.04255737e+04]
 [9.56412344e-03 4.19987784e+04]
 [2.84444117e-02 1.54795315e+04]
 [1.20410531e-02 3.37869772e+04]
 [6.73562397e-03 6.18376481e+04]
 [4.24916662e-02 9.48348052e+03]
 [9.55581269e-03 4.20128365e+04]]
