[[1.86260211e-03 3.45560727e-03 1.79353495e+00]
 [1.98569888e-03 4.26701009e-03 1.68669248e+00]
 [3.81016124e-03 7.49858311e-03 2.02228296e+00]
 [4.30247271e-03 9.61957950e-03 2.35560178e+00]
 [1.86260211e-03 3.45560727e-03 1.77369685e+00]
 [2.52093457e-03 5.29781504e-03 2.24655101e+00]
 [1.56260106e-03 3.17383946e-03 2.24383874e+00]
 [3.90547832e-04 1.05344673e-03 2.49671413e+00]
 [2.80149412e-03 5.78209244e-03 2.35134379e+00]
 [1.86679314e-03 4.48092231e-03 2.74620449e+00]
 [4.38906721e-03 9.62566102e-03 2.33711204e+00]
 [1.71798244e-03 4.16170912e-03 2.38880032e+00]
 [2.07371574e-03 4.37986689e-03 1.61687691e+00]
 [3.83549913e-03 6.99315394e-03 1.84386142e+00]
 [1.81337443e-03 3.88552004e-03 2.21071974e+00]
 [4.49002770e-04 9.57211721e-04 2.53006988e+00]
 [5.37588861e-03 9.83933782e-03 1.71055055e+00]
 [3.98750291e-03 9.23134541e-03 2.53048580e+00]
 [4.30247271e-03 9.45206922e-03 2.38277356e+00]
 [4.33750384e-03 6.93712328e-03 1.50292622e+00]
 [2.80149412e-03 5.78209244e-03 2.05168439e+00]
 [3.98681775e-03 8.38566884e-03 2.24207592e+00]
 [2.73447535e-03 6.13384971e-03 2.44049536e+00]
 [2.63940827e-03 5.29781504e-03 2.25355810e+00]
 [2.80149412e-03 5.78209244e-03 2.32802730e+00]
 [2.04452250e-03 3.09726136e-03 1.27423802e+00]
 [4.67003006e-03 8.70104544e-03 1.87668084e+00]
 [1.25190591e-03 2.75325526e-03 2.02487751e+00]
 [3.52222695e-03 7.52969911e-03 2.33993242e+00]
 [3.81016124e-03 6.98804813e-03 1.95581753e+00]
 [5.13478013e-03 9.97774696e-03 2.74449912e+00]
 [1.90415195e-03 3.87406941e-03 2.59707311e+00]
 [3.92246761e-03 7.49858311e-03 2.02896703e+00]
 [3.81016124e-03 7.03725830e-03 1.95581753e+00]
 [2.52093457e-03 5.27619853e-03 2.24655101e+00]
 [4.02363801e-03 9.02920987e-03 2.38488647e+00]
 [3.21560520e-03 5.34499020e-03 1.40330663e+00]
 [3.90547832e-04 1.05344673e-03 2.49657403e+00]
 [2.73447535e-03 5.97542718e-03 2.45591887e+00]
 [7.13810183e-04 1.59634045e-03 2.03066568e+00]
 [5.10662124e-03 9.98832938e-03 2.26223423e+00]
 [4.35471215e-03 8.25693313e-03 1.74258752e+00]
 [4.46097212e-03 9.99293245e-03 2.33711204e+00]
 [1.13235402e-03 2.37757968e-03 2.10428406e+00]
 [4.18690521e-03 8.34462465e-03 2.01978624e+00]
 [4.49002770e-04 9.57211721e-04 2.69218597e+00]
 [2.58710981e-03 5.63097246e-03 2.02487751e+00]
 [1.05719412e-03 1.99344932e-03 1.88142141e+00]
 [4.49002770e-04 9.57211721e-04 2.50144668e+00]
 [3.10900568e-03 5.68064881e-03 1.80287727e+00]
 [5.02625813e-03 9.23088994e-03 1.85881274e+00]
 [1.56260106e-03 3.17398017e-03 2.17151300e+00]
 [4.86763970e-03 9.22346183e-03 1.85901556e+00]
 [1.87683582e-03 4.47825189e-03 2.72998999e+00]
 [4.48489427e-03 9.62566102e-03 2.34968883e+00]
 [3.90547832e-04 1.05344673e-03 2.49567207e+00]
 [5.06467775e-04 1.11329743e-03 2.21381329e+00]
 [1.03215667e-03 2.43038296e-03 2.59945913e+00]
 [4.35471215e-03 8.13336223e-03 1.67492273e+00]
 [1.88204393e-03 4.44575107e-03 2.46814264e+00]
 [4.36240700e-03 8.57136844e-03 1.74212862e+00]
 [5.40616358e-04 1.36284320e-03 2.84429647e+00]
 [4.62570051e-03 8.04633674e-03 1.61141894e+00]
 [3.80376656e-03 7.49858311e-03 1.95581753e+00]
 [1.05719412e-03 1.99344932e-03 1.77999064e+00]
 [3.60661715e-03 6.37073077e-03 1.80267445e+00]
 [1.02334429e-03 2.31537086e-03 2.20388265e+00]
 [1.85565776e-03 4.48092231e-03 2.74620449e+00]
 [5.52481287e-04 1.52822958e-03 2.98190437e+00]
 [7.29307834e-04 1.30396312e-03 1.64749360e+00]
 [9.82114079e-04 2.07252070e-03 2.45591887e+00]
 [3.22290390e-03 5.84708502e-03 1.83200965e+00]
 [5.26145801e-04 9.15123402e-04 2.08566625e+00]
 [4.46097212e-03 9.98216661e-03 2.54024789e+00]
 [1.14042563e-03 2.41966811e-03 1.87018267e+00]
 [3.43951266e-03 8.26234926e-03 2.38488647e+00]
 [1.02733616e-03 1.73232457e-03 1.69771177e+00]
 [8.50058294e-04 1.72803098e-03 2.49987204e+00]
 [1.82595845e-03 4.48092231e-03 2.68574229e+00]
 [1.56260106e-03 3.17383946e-03 1.68801159e+00]
 [1.18740710e-03 2.53825157e-03 2.50125940e+00]
 [3.80376656e-03 7.42938155e-03 1.95581753e+00]
 [4.46097212e-03 9.99293245e-03 2.35721625e+00]
 [5.77697937e-03 9.99215105e-03 2.95709140e+00]
 [1.86260211e-03 3.55224664e-03 1.79284608e+00]
 [1.88204393e-03 4.20346587e-03 2.47677694e+00]
 [4.72449352e-03 9.93130343e-03 2.74449912e+00]
 [4.62570051e-03 8.11436550e-03 1.60776025e+00]
 [8.87271792e-04 2.07252070e-03 2.56089266e+00]
 [4.86763970e-03 9.61650497e-03 1.85901556e+00]
 [1.97439462e-03 4.26701009e-03 1.68669248e+00]
 [4.18916066e-03 8.60381672e-03 2.16980397e+00]
 [1.14615879e-03 2.19739175e-03 1.80691431e+00]
 [7.30434813e-04 1.29725561e-03 2.20320013e+00]
 [1.05719412e-03 2.09561462e-03 1.88142141e+00]
 [1.57303643e-03 3.13875172e-03 1.91517957e+00]
 [1.56664105e-03 2.75483234e-03 1.80996344e+00]
 [1.91054812e-03 4.70595207e-03 2.74432739e+00]
 [1.99208790e-03 4.42202191e-03 2.24251963e+00]
 [3.82806087e-03 6.78632263e-03 1.50699722e+00]
 [1.81337443e-03 3.88552004e-03 2.14115750e+00]
 [3.22290390e-03 5.75044566e-03 1.69234964e+00]
 [5.11820815e-03 9.99248597e-03 2.54024789e+00]
 [3.27941415e-03 8.03750046e-03 2.51348233e+00]
 [1.06849838e-03 1.99344932e-03 1.77999064e+00]
 [2.58485436e-03 5.66772984e-03 1.97660018e+00]
 [8.70341263e-04 1.45325990e-03 2.12345875e+00]
 [7.08471378e-04 1.29470477e-03 2.01495364e+00]]
