[[0.4458389  2.48181253 9.53468688 0.455836  ]
 [0.43266891 2.46343231 9.99959016 4.99963242]
 [0.75746398 1.5881426  9.99914849 2.74404662]
 [0.50630568 2.00430651 9.98929453 0.75044705]
 [0.75315757 2.094102   9.9680089  1.6877429 ]
 [0.4458389  2.59432622 9.99765642 0.61469511]
 [0.55056369 2.09330237 9.99976547 3.9243968 ]
 [0.81445776 1.37366679 9.99903936 0.95036302]
 [0.43383875 2.3953954  9.99243755 3.44484766]
 [0.75746398 1.5881426  9.99914849 3.09396849]
 [0.44776937 2.48181253 9.64097657 0.455836  ]
 [0.4458389  2.46489637 9.99818633 1.0394273 ]
 [0.75740724 1.5765435  9.95815354 1.21908333]
 [0.4328628  2.46343231 9.99959016 0.45883196]
 [0.51950268 2.59432622 9.52669455 0.61469511]
 [0.50756361 2.34299234 9.97303379 4.39558247]
 [0.44556933 2.35586603 9.9862451  0.52613918]
 [0.74362201 2.00533461 9.94414753 1.31418855]
 [0.74451651 2.46343231 9.99959016 4.50376523]
 [0.48943431 2.48532258 9.64565659 0.5200009 ]]
