[[1.52610864e-02 2.65060857e+04]
 [4.48927166e-02 9.16056255e+03]
 [3.93752889e-02 1.06532184e+04]
 [3.39946541e-02 1.19017793e+04]
 [3.99955887e-02 1.06219886e+04]
 [3.70128177e-02 1.09776149e+04]
 [4.18541489e-02 9.65590185e+03]
 [1.31546121e-02 3.47853465e+04]
 [1.07192317e-02 3.87363394e+04]
 [3.15247391e-02 1.32695640e+04]
 [8.73430708e-03 4.97827473e+04]
 [3.18475519e-02 1.27103137e+04]
 [1.20622167e-02 3.74183468e+04]
 [2.89231505e-02 1.45152970e+04]
 [4.37664957e-02 9.35419140e+03]
 [9.94202140e-03 4.21205463e+04]
 [1.75662574e-02 2.46631743e+04]
 [5.80348224e-03 8.04541568e+04]
 [5.25064956e-03 9.90916651e+04]
 [2.63983539e-02 1.63162984e+04]
 [9.70351758e-03 4.50984812e+04]
 [2.04389235e-02 2.04707034e+04]
 [1.03629237e-02 3.89602743e+04]
 [4.06558720e-02 1.00647459e+04]
 [1.32330523e-02 3.45975465e+04]
 [1.01769631e-02 4.17976732e+04]
 [1.56978421e-02 2.56289852e+04]
 [1.32657998e-02 3.41573879e+04]
 [4.46228957e-02 9.18171986e+03]
 [3.85546945e-02 1.08496548e+04]
 [5.94204534e-03 6.78290717e+04]
 [1.32580658e-02 3.41894944e+04]
 [3.90652893e-02 1.07438423e+04]
 [1.39503781e-02 3.21645251e+04]
 [6.95460135e-03 5.85653138e+04]
 [3.89241783e-02 1.07490262e+04]
 [2.67241769e-02 1.62350782e+04]
 [2.28618659e-02 1.83061235e+04]
 [4.45757890e-02 9.30824852e+03]
 [2.08693733e-02 1.99813988e+04]
 [7.85237298e-03 5.72267545e+04]
 [2.94217692e-02 1.42597491e+04]
 [2.95025344e-02 1.38039683e+04]
 [2.42334220e-02 1.66051254e+04]
 [1.93556975e-02 2.09474391e+04]
 [6.90563736e-03 5.94484321e+04]
 [2.67094943e-02 1.62570875e+04]
 [3.57170970e-02 1.15201542e+04]
 [3.40095737e-02 1.18997382e+04]
 [3.28658287e-02 1.25400198e+04]
 [3.67315190e-02 1.10502715e+04]
 [5.27299280e-03 9.13838489e+04]
 [2.77680092e-02 1.52660050e+04]
 [7.97841063e-03 5.31805686e+04]
 [5.52517526e-02 8.58502218e+03]
 [2.20445698e-02 1.92336934e+04]
 [5.05366400e-02 8.69937688e+03]
 [1.45053248e-02 2.92058548e+04]
 [9.62030900e-03 4.53873612e+04]
 [2.87688760e-02 1.45702535e+04]
 [2.67875850e-02 1.55173060e+04]
 [1.89017107e-02 2.23617544e+04]
 [1.08709332e-02 3.86214876e+04]
 [3.64871291e-02 1.11902898e+04]
 [1.22142865e-02 3.61365850e+04]
 [4.58976975e-02 8.85541390e+03]
 [2.23586812e-02 1.89458888e+04]
 [7.37536860e-02 8.51573223e+03]
 [4.18035786e-02 9.71462062e+03]
 [2.38246239e-02 1.80042754e+04]
 [1.81771871e-02 2.26566994e+04]
 [3.49571743e-02 1.18482743e+04]
 [1.22173190e-02 3.49153092e+04]
 [7.71332977e-03 5.82745383e+04]
 [3.07838284e-02 1.33669958e+04]
 [3.81122990e-02 1.08611932e+04]
 [2.23731621e-02 1.88839406e+04]]
