[[9.51167784e-05 2.70192414e-05]
 [4.99938500e+00 2.99999992e+00]
 [4.81768355e-01 3.13374461e-01]
 [3.10898369e+00 2.90128821e+00]
 [2.34131529e+00 2.77100774e+00]
 [4.12591815e+00 2.97794754e+00]
 [1.36777841e+00 1.77078582e+00]
 [2.79975026e-01 1.15281033e+00]
 [1.27012979e-02 5.01100871e-05]
 [1.29879406e+00 1.32689114e+00]
 [1.51198188e+00 9.41880764e-01]
 [1.00764424e+00 9.41880764e-01]
 [3.58317620e+00 2.99934550e+00]
 [4.88888668e+00 2.99999990e+00]
 [2.09662875e+00 2.08499062e+00]
 [3.27827551e+00 2.87763764e+00]
 [4.51196391e+00 2.99980759e+00]
 [3.78932074e+00 2.99980946e+00]
 [4.51359302e+00 2.99980759e+00]
 [2.23884094e+00 2.77100774e+00]]
