[[1.52610864e-02 2.65060857e+04]
 [3.39946541e-02 1.19017793e+04]
 [1.15601532e-02 3.72830226e+04]
 [4.62778062e-02 8.82726446e+03]
 [4.11434028e-02 1.01879985e+04]
 [4.43882088e-02 9.25592549e+03]
 [6.91448739e-03 5.83087307e+04]
 [1.24561114e-02 3.41760542e+04]
 [2.22688260e-02 1.86400026e+04]
 [1.57395020e-02 2.54196995e+04]
 [2.57945792e-02 1.61177263e+04]
 [3.29081466e-02 1.23047871e+04]
 [2.94637564e-02 1.44192210e+04]
 [2.36359289e-02 1.70572981e+04]
 [1.38972711e-02 2.92965967e+04]
 [1.44039914e-02 2.84966549e+04]
 [4.44991154e-02 9.20609627e+03]
 [4.08848213e-02 1.03176999e+04]
 [2.84516572e-02 1.45168153e+04]
 [2.55751760e-02 1.63588213e+04]
 [4.88046954e-02 8.70241176e+03]
 [1.28475734e-02 3.36966690e+04]
 [5.16111181e-03 8.43587458e+04]
 [4.61676193e-02 8.82852724e+03]
 [3.65249121e-02 1.11696840e+04]
 [3.18670883e-02 1.29447909e+04]
 [6.44344562e-03 6.50166575e+04]
 [7.65039575e-03 5.71659669e+04]
 [1.14450166e-02 3.73807055e+04]
 [2.30762798e-02 1.85903846e+04]
 [2.40710234e-02 1.69938076e+04]
 [4.61205063e-02 8.85845389e+03]
 [1.22956352e-02 3.43329500e+04]
 [2.40379152e-02 1.70284305e+04]
 [2.46102054e-02 1.68373490e+04]
 [1.19910797e-02 3.50546295e+04]
 [7.94006811e-03 5.14318596e+04]
 [2.33500075e-02 1.80965038e+04]
 [5.02456779e-02 8.59884636e+03]
 [1.04538307e-02 4.11010804e+04]
 [3.72364740e-02 1.10312814e+04]
 [1.12699356e-02 3.90413602e+04]
 [1.53576029e-02 2.62385957e+04]
 [1.35158876e-02 3.01448103e+04]
 [4.50842216e-03 9.28385125e+04]
 [1.52668090e-02 2.62647955e+04]
 [4.80380964e-02 8.70502004e+03]
 [9.93292058e-03 4.31907387e+04]
 [4.47775715e-02 9.14411276e+03]
 [3.17782324e-02 1.30176494e+04]
 [4.70942644e-02 8.75864803e+03]
 [3.71024260e-02 1.11027828e+04]
 [8.82891207e-03 5.02956034e+04]
 [2.94133538e-02 1.44532374e+04]
 [1.30806362e-02 3.34914425e+04]
 [6.41108527e-03 6.91225503e+04]
 [3.19952255e-02 1.27639898e+04]
 [3.98516287e-02 1.04133501e+04]
 [4.28033481e-02 9.41960904e+03]
 [1.84383478e-02 2.24066863e+04]
 [2.94297827e-02 1.44456698e+04]
 [4.88146160e-02 8.69302004e+03]
 [2.56047849e-02 1.63487034e+04]
 [1.15825138e-02 3.62695850e+04]
 [3.24691912e-02 1.26416532e+04]
 [9.77518495e-03 4.50113343e+04]
 [1.49458882e-02 2.71954434e+04]
 [2.85161987e-02 1.44890952e+04]
 [1.63497720e-02 2.50738228e+04]
 [1.11898725e-02 3.90561587e+04]
 [3.45799273e-02 1.18700647e+04]
 [3.87019298e-02 1.07008729e+04]
 [1.62849220e-02 2.50865354e+04]
 [1.43829825e-02 2.85472210e+04]
 [4.16394354e-02 9.82884284e+03]
 [1.18058684e-02 3.51307773e+04]
 [5.63626354e-02 8.46939216e+03]
 [6.88633292e-03 5.89505378e+04]
 [5.04501057e-03 8.89767883e+04]
 [2.83430694e-02 1.51781259e+04]
 [3.88816982e-02 1.05183655e+04]
 [1.72422450e-02 2.35968381e+04]
 [4.63296453e-02 8.82432133e+03]
 [2.96363201e-02 1.41937786e+04]
 [5.05939582e-02 8.55495976e+03]
 [3.46306361e-02 1.18393673e+04]
 [1.43768436e-02 2.86054975e+04]
 [4.60780673e-03 8.98670446e+04]
 [5.46340665e-03 8.09111089e+04]
 [1.59424756e-02 2.52874102e+04]
 [1.32244384e-02 3.23741594e+04]
 [4.75847943e-02 8.71437975e+03]
 [1.51952509e-02 2.68905633e+04]
 [7.79321822e-03 5.15254429e+04]
 [3.80662455e-02 1.09663022e+04]
 [1.78605469e-02 2.26288946e+04]
 [6.42371984e-03 6.89447855e+04]
 [4.50321045e-02 8.94972566e+03]
 [3.56483040e-02 1.13115687e+04]
 [2.19839361e-02 1.95471098e+04]
 [1.32582197e-02 3.04327057e+04]
 [3.99565068e-02 1.03738991e+04]
 [5.09451659e-02 8.47535204e+03]
 [5.70346136e-03 7.27817462e+04]
 [3.30586184e-02 1.21663204e+04]
 [6.66254269e-03 6.37268579e+04]
 [2.94442818e-02 1.44290435e+04]
 [1.82604192e-02 2.24612243e+04]
 [2.66117921e-02 1.57496100e+04]
 [4.24807879e-02 9.42340244e+03]
 [2.69458457e-02 1.54225602e+04]
 [1.15775687e-02 3.62861809e+04]
 [2.98601552e-02 1.34659193e+04]
 [4.95466743e-02 8.60111926e+03]
 [8.78312566e-03 5.07226257e+04]
 [1.35820874e-02 2.97176241e+04]
 [6.84349985e-03 6.27181018e+04]
 [4.14785656e-02 1.00961702e+04]
 [2.43911268e-02 1.68952205e+04]
 [5.13552774e-03 8.51891385e+04]
 [1.28356869e-02 3.41028282e+04]
 [8.86611727e-03 4.51682864e+04]
 [2.07919454e-02 1.99288627e+04]
 [2.05914799e-02 2.23634977e+04]
 [1.00977641e-02 4.12308163e+04]
 [1.37526929e-02 2.96734117e+04]
 [4.50510123e-02 8.92413547e+03]
 [3.87444043e-02 1.05362611e+04]
 [3.14694916e-02 1.32137907e+04]]
