[[1.86260211e-03 3.45560727e-03 1.79353495e+00]
 [1.98569888e-03 4.26701009e-03 1.68669248e+00]
 [5.41559379e-03 9.74740371e-03 2.27320880e+00]
 [3.66543097e-03 8.62346253e-03 2.38535544e+00]
 [3.81016124e-03 7.49858311e-03 2.02228296e+00]
 [4.28768775e-03 8.24009870e-03 2.25299232e+00]
 [2.74119775e-03 5.60529991e-03 2.34345957e+00]
 [4.44117107e-03 8.28135361e-03 1.85269631e+00]
 [1.15103041e-03 2.27001165e-03 2.19196477e+00]
 [2.53888621e-03 5.91387182e-03 1.85759032e+00]
 [3.72748802e-03 7.10354578e-03 1.91128685e+00]
 [6.05212895e-03 9.90406197e-03 2.54783250e+00]
 [1.01581476e-03 2.25806922e-03 2.94264094e+00]
 [4.06288428e-03 7.43749196e-03 1.57597376e+00]
 [4.79737567e-03 9.46676679e-03 2.10686741e+00]
 [8.48018217e-04 2.02463036e-03 2.70847595e+00]
 [9.04097157e-04 1.28975984e-03 1.21052505e+00]
 [4.93963846e-04 1.50455028e-03 1.79070095e+00]
 [2.37214058e-03 5.39490891e-03 2.49856157e+00]
 [1.86155670e-03 4.71819063e-03 2.96364884e+00]
 [1.32906238e-03 2.83462432e-03 2.60128235e+00]
 [1.08067485e-03 1.91272052e-03 1.77409247e+00]
 [2.78504172e-03 6.14781891e-03 2.33033671e+00]
 [1.55528584e-03 3.17817550e-03 1.68796635e+00]
 [6.56219990e-04 1.80729214e-03 2.38861388e+00]
 [3.31014434e-03 6.59709804e-03 1.93308698e+00]
 [3.20354290e-03 5.51737971e-03 1.37643883e+00]
 [9.85390106e-04 1.35597047e-03 1.31872041e+00]
 [2.15209660e-03 3.71923011e-03 1.77971078e+00]
 [1.48733563e-03 3.05945447e-03 1.59448289e+00]
 [3.99218605e-03 6.53821024e-03 1.38414269e+00]
 [5.33403497e-03 9.88194618e-03 2.54989945e+00]
 [1.30996845e-03 2.34335028e-03 1.68947331e+00]
 [5.31636486e-03 9.86186372e-03 2.33354336e+00]
 [1.60478343e-03 4.36607043e-03 2.74649084e+00]
 [8.28790494e-04 1.28975984e-03 1.21052505e+00]
 [1.90087050e-03 4.69134440e-03 2.37616201e+00]
 [4.21134384e-03 8.07803978e-03 1.63101918e+00]
 [3.74318972e-03 6.57165042e-03 1.88797533e+00]
 [2.90300139e-03 5.56295082e-03 1.91971474e+00]
 [8.52606294e-04 1.91109954e-03 1.84667640e+00]
 [9.04097157e-04 1.28975984e-03 1.19596369e+00]
 [2.52969558e-03 5.80562168e-03 2.29556320e+00]
 [8.07065554e-03 9.89538047e-03 2.97362751e+00]
 [9.85390106e-04 1.35537887e-03 1.31921713e+00]
 [4.33883376e-03 9.59413480e-03 2.35458668e+00]
 [7.57524782e-04 1.73035564e-03 2.47040454e+00]
 [5.33165285e-03 9.03229175e-03 1.63103126e+00]
 [3.49889417e-03 6.88479891e-03 2.05976684e+00]
 [1.86155670e-03 4.71819063e-03 2.33199912e+00]
 [2.49462207e-03 4.80190842e-03 2.50590172e+00]
 [2.15209660e-03 3.71923011e-03 1.86454448e+00]
 [1.15132542e-03 2.90525691e-03 2.69128223e+00]
 [3.81016124e-03 7.49858311e-03 2.08732529e+00]
 [1.84495604e-03 4.39729159e-03 2.62703876e+00]
 [4.06288428e-03 7.43749196e-03 1.58802073e+00]
 [1.08349091e-03 2.29520461e-03 2.06005369e+00]
 [3.64635939e-03 7.90636994e-03 2.25982132e+00]
 [6.10747829e-03 9.96314571e-03 2.21246884e+00]
 [5.42616412e-03 9.54199250e-03 1.55010810e+00]
 [7.75021799e-04 1.31871691e-03 2.44834947e+00]
 [1.90103203e-03 3.05945447e-03 1.59448289e+00]
 [3.81016124e-03 8.05075501e-03 2.02228296e+00]
 [4.29734304e-03 9.09311989e-03 2.21095800e+00]
 [4.47679785e-03 8.21527140e-03 1.96768421e+00]
 [1.90087050e-03 4.69134440e-03 2.52314682e+00]
 [3.59242076e-03 8.51903648e-03 2.56970691e+00]
 [4.93963846e-04 1.50455028e-03 1.81728519e+00]
 [6.05552093e-03 9.97512950e-03 2.54783250e+00]
 [2.34924672e-03 4.50822831e-03 1.62724668e+00]
 [1.83753106e-03 4.68764136e-03 2.94150030e+00]
 [1.55528584e-03 3.18152550e-03 1.68496517e+00]]
