[[6.47523611e-03 4.95515769e+01]
 [1.30054446e+02 4.04282651e+00]
 [1.21538857e+02 4.15958072e+00]
 [1.07830468e+02 4.59965896e+00]
 [1.13934399e+02 4.41341850e+00]
 [7.74911744e+01 7.18403679e+00]
 [1.05014395e+02 4.81395317e+00]
 [1.19071771e+02 4.21294753e+00]
 [8.13191871e+01 6.67621155e+00]
 [1.31157647e+01 2.76718970e+01]
 [1.07421967e+02 4.72545570e+00]
 [1.14205226e+02 4.35136585e+00]
 [1.17156954e+02 4.34775255e+00]
 [9.56146590e+01 5.36380383e+00]
 [7.88875740e+01 6.98707888e+00]
 [8.90654939e+01 5.84498947e+00]
 [1.24365683e+01 2.81906982e+01]
 [7.60679007e+01 7.41753519e+00]
 [1.74195524e+01 2.49803503e+01]
 [1.45298019e+01 2.68269711e+01]
 [9.04328229e+01 5.78361047e+00]
 [3.76710432e-01 4.60034190e+01]
 [4.66284390e-01 4.54222702e+01]
 [5.12661721e+01 1.22680475e+01]
 [6.42629017e+00 3.37503076e+01]
 [2.22945888e+01 2.23336013e+01]
 [1.34680508e-01 4.76784090e+01]
 [9.76606710e+01 5.21184604e+00]
 [5.23694606e+01 1.19213487e+01]
 [3.56042991e+00 3.75871037e+01]
 [1.22111722e+01 2.85622400e+01]
 [8.66391517e+01 6.25983677e+00]
 [1.66732893e+01 2.54428155e+01]
 [1.53148596e+00 4.16742847e+01]
 [2.46085710e+01 2.11187210e+01]
 [8.29575732e+01 6.49049077e+00]
 [9.02115803e+00 3.10594108e+01]
 [6.16188366e+01 9.89892712e+00]
 [1.00964591e+02 4.98525463e+00]
 [8.03453174e+01 6.84794182e+00]
 [2.38762732e+01 2.14608237e+01]
 [1.15204763e+01 2.90135395e+01]
 [2.13200945e+00 4.06113007e+01]
 [9.36794074e+01 5.44671087e+00]
 [1.03139205e+00 4.30775509e+01]
 [2.92718437e+01 1.91552862e+01]
 [2.13531304e+01 2.26859973e+01]
 [9.92167020e+01 5.20356975e+00]
 [2.97855441e+01 1.88552378e+01]
 [2.29641680e+01 2.18685626e+01]
 [4.09004139e+01 1.50170874e+01]
 [8.06978374e-01 4.41997585e+01]
 [1.31087691e+00 4.22854532e+01]
 [8.80664491e+01 5.99430073e+00]
 [2.31313745e+01 2.18099969e+01]
 [1.41311579e+00 4.19647592e+01]
 [1.35462894e+01 2.73659394e+01]
 [1.49881370e+01 2.66120255e+01]
 [3.17043014e+01 1.83835391e+01]
 [8.52289095e+01 6.30565308e+00]
 [1.41056891e+01 2.72224339e+01]
 [7.98314512e+01 6.93811621e+00]
 [3.40552801e+01 1.75260156e+01]
 [9.95327550e+01 5.03450780e+00]
 [1.03997586e+02 4.83631476e+00]
 [4.04502699e+01 1.53286113e+01]
 [2.33327932e-02 4.89490370e+01]
 [5.51945015e+01 1.13121398e+01]
 [8.21109247e+00 3.18081685e+01]
 [1.63165175e+01 2.55227144e+01]
 [2.61493063e+01 2.03967077e+01]
 [2.70786533e+01 2.03287759e+01]
 [3.19668943e+01 1.80545788e+01]
 [8.89085385e-01 4.35860832e+01]
 [9.25460814e+01 5.55105331e+00]
 [4.43480347e+01 1.39986365e+01]
 [4.72726175e+01 1.32181486e+01]
 [8.11888072e+00 3.22267449e+01]
 [1.69295539e+00 4.12392423e+01]
 [3.80078033e+00 3.71889909e+01]
 [9.42231724e+00 3.07309827e+01]
 [2.40930196e+01 2.13660956e+01]
 [7.24113231e+01 8.12320128e+00]
 [6.26488669e+01 9.74777630e+00]
 [1.80551970e+01 2.44855818e+01]
 [3.31266348e+01 1.75842690e+01]
 [1.58657085e+01 2.58923803e+01]
 [8.37373429e-01 4.37976802e+01]
 [4.60552983e+00 3.59878538e+01]
 [5.46577256e+01 1.14525643e+01]
 [4.79326784e+01 1.30277499e+01]
 [1.13616252e-01 4.80737750e+01]
 [3.01912372e+01 1.87475847e+01]
 [4.70213518e+01 1.33192807e+01]
 [4.34816191e-02 4.86485634e+01]
 [2.06864528e+01 2.30204818e+01]
 [3.05725643e+01 1.85498190e+01]
 [1.02337669e+02 4.90949996e+00]
 [8.69139559e+01 6.06441486e+00]
 [2.81026936e+01 1.96557539e+01]
 [1.06631894e+01 2.96744137e+01]
 [2.16656460e+00 4.02290781e+01]
 [2.71130547e+01 2.01119544e+01]
 [1.01595028e+02 4.96744733e+00]
 [6.96044561e+01 8.41241948e+00]
 [5.08614642e+00 3.53246609e+01]
 [5.08418558e+01 1.24602513e+01]
 [2.88597898e+01 1.92860949e+01]
 [1.96702016e+01 2.36912338e+01]
 [2.74083002e+01 1.98856855e+01]
 [7.13140956e+01 8.18759127e+00]
 [1.18124893e+02 4.26070049e+00]
 [7.47103428e+00 3.27839613e+01]
 [6.88415035e+01 8.60175453e+00]
 [4.14949662e+01 1.48253470e+01]
 [7.51477596e+01 7.55079621e+00]
 [7.04643053e+01 8.30666886e+00]
 [2.03911113e+01 2.32478224e+01]
 [1.76903345e+01 2.47124381e+01]
 [3.32363921e-01 4.62531765e+01]
 [2.05638060e+00 4.09674986e+01]
 [1.12583563e+01 2.91326762e+01]
 [1.02377954e+01 3.00694637e+01]
 [2.50407176e+01 2.08806042e+01]
 [3.81912736e+01 1.58518976e+01]
 [6.72422575e+00 3.33627843e+01]
 [1.58206553e-01 4.72389607e+01]
 [4.40103646e+00 3.63893488e+01]
 [9.35600242e+01 5.49178632e+00]
 [5.72162696e+00 3.45392399e+01]
 [2.00854632e+01 2.34917498e+01]
 [5.56460320e+01 1.11659322e+01]
 [4.26640503e+01 1.45373594e+01]
 [5.41990807e+01 1.15478632e+01]
 [5.28204757e+00 3.51155884e+01]
 [3.51281267e+01 1.68729305e+01]
 [4.92341286e+00 3.55444425e+01]
 [1.22739752e+00 4.25995407e+01]
 [3.76272575e+01 1.60592510e+01]
 [3.93070978e+01 1.55253158e+01]
 [7.37428515e+01 7.76366361e+00]
 [4.39637595e+01 1.41512267e+01]
 [2.42895019e+00 3.97937582e+01]
 [6.54891033e+01 9.15822935e+00]
 [5.67630708e+01 1.09535634e+01]
 [2.74034894e-01 4.64849263e+01]
 [7.01718697e+00 3.32064912e+01]
 [1.88049867e+01 2.40468584e+01]
 [8.75134381e+01 6.00119696e+00]
 [2.77373315e+01 1.97914669e+01]
 [6.67278158e+01 8.96889021e+00]
 [5.74402219e+01 1.08002656e+01]
 [3.90372501e+01 1.57548328e+01]
 [1.85290601e+01 2.42089618e+01]
 [5.97470215e-01 4.49123599e+01]
 [1.09078645e+01 2.93971614e+01]
 [8.44007630e+00 3.16473537e+01]
 [6.73195530e+01 8.83906055e+00]
 [2.82144248e+00 3.90814609e+01]
 [9.68987163e+01 5.24217036e+00]
 [3.47075409e+01 1.70260232e+01]
 [2.52707695e+01 2.08407479e+01]
 [4.52176127e+01 1.38878140e+01]
 [3.60699608e+01 1.65566552e+01]
 [6.19888484e+00 3.40333308e+01]
 [6.95380456e+01 8.53740508e+00]
 [8.81504264e+00 3.13756413e+01]
 [2.57112945e+01 2.06572685e+01]
 [1.54173697e+01 2.61807699e+01]
 [3.38364045e+00 3.78835185e+01]
 [2.63369383e+00 3.91841854e+01]
 [4.00800904e+00 3.69947403e+01]
 [1.57629287e+01 2.59173043e+01]
 [2.85901293e+00 3.88027083e+01]
 [4.64561380e+01 1.35127945e+01]
 [1.84783269e+01 2.43994189e+01]
 [3.22056706e+01 1.79386108e+01]
 [3.40773744e+01 1.72713158e+01]
 [7.60190695e+00 3.24181967e+01]
 [2.62542348e+00 3.94629533e+01]
 [4.21647106e+01 1.46760233e+01]
 [4.34026601e+01 1.43443386e+01]
 [3.11528424e+00 3.83117956e+01]
 [4.13359616e+00 3.66595679e+01]
 [3.30511423e+00 3.79728921e+01]
 [3.99451121e+01 1.54133201e+01]
 [6.80148907e+01 8.69073713e+00]
 [5.81776929e-02 4.83564022e+01]
 [1.01518429e+01 3.03879836e+01]
 [9.11986891e+01 5.69126884e+00]
 [7.45521560e+01 7.65757310e+00]
 [5.61097840e+01 1.10607155e+01]
 [4.30104359e+01 1.44248784e+01]
 [9.64384050e+01 5.32051151e+00]
 [5.92190030e+01 1.04075549e+01]
 [1.03298663e+02 4.85341631e+00]
 [3.09781151e+00 3.85514433e+01]
 [9.87949314e+00 3.05373438e+01]
 [3.25417810e+01 1.78148296e+01]
 [4.12809307e+01 1.48910508e+01]
 [2.59595164e+00 3.96086467e+01]
 [6.50606096e+01 9.23569496e+00]
 [5.69866570e+00 3.47636316e+01]
 [5.90049207e+00 3.43357635e+01]
 [6.14466549e-01 4.47011988e+01]
 [6.30582575e+01 9.65329741e+00]
 [7.31625145e+01 7.81146836e+00]
 [7.07409588e+00 3.29968040e+01]
 [3.84596875e+01 1.58438483e+01]
 [1.03026463e+02 4.89965415e+00]
 [6.75089560e+01 8.77875795e+00]
 [5.69893656e+01 1.08917859e+01]
 [8.42629012e+01 6.34108398e+00]
 [8.86227428e+00 3.13388462e+01]
 [7.62526194e-01 4.44960707e+01]
 [1.04976551e+01 2.98948891e+01]
 [4.96122017e+01 1.26154836e+01]
 [5.00504672e+01 1.25116603e+01]
 [6.83382844e+01 8.64617576e+00]
 [5.78130014e+01 1.07122348e+01]
 [8.49693877e+01 6.33282140e+00]
 [6.60550680e+01 9.10550655e+00]
 [5.89190677e+01 1.04639202e+01]
 [2.83934613e+01 1.94568267e+01]
 [6.12717677e+01 1.00610974e+01]
 [1.08256010e+01 2.94456695e+01]
 [1.75247727e+01 2.48177552e+01]
 [2.24643560e+00 3.99669316e+01]
 [2.42418003e-01 4.66970372e+01]
 [1.17824158e+02 4.31159344e+00]
 [5.96563595e+01 1.03132339e+01]
 [3.70623118e+01 1.63227830e+01]
 [9.55434725e+00 3.06455908e+01]
 [4.91414479e+01 1.27413714e+01]
 [2.01070077e+01 2.33469705e+01]
 [3.60064680e+01 1.67310733e+01]
 [3.65225490e+01 1.64546815e+01]
 [5.86491808e+01 1.05783183e+01]
 [7.76812641e+00 3.22621992e+01]
 [8.40333512e+01 6.39421270e+00]
 [5.10129214e+01 1.23026655e+01]
 [1.39859206e+01 2.72927594e+01]
 [1.51292388e+01 2.63604356e+01]
 [2.91230727e+00 3.86683576e+01]
 [6.04231549e+01 1.01467698e+01]
 [4.16596228e+00 3.66207657e+01]
 [2.84891505e+01 1.94211068e+01]
 [5.30646081e+01 1.17860730e+01]
 [5.55235354e+00 3.49943608e+01]
 [2.06701379e+01 2.30235463e+01]
 [9.15992959e+01 5.61793447e+00]
 [3.90379927e+01 1.55792710e+01]
 [6.34914075e+01 9.56190685e+00]
 [4.56846850e+01 1.37175126e+01]
 [3.11083320e+01 1.84213813e+01]
 [3.66690630e+01 1.64169386e+01]
 [3.09838326e+01 1.84529702e+01]
 [6.47731702e+01 9.30669987e+00]
 [4.34148311e+00 3.63982900e+01]
 [4.22734344e+01 1.46637253e+01]
 [3.70991453e+01 1.62099100e+01]
 [5.98037850e+00 3.42319763e+01]
 [1.23956412e+01 2.84432849e+01]
 [3.42877889e+01 1.71677836e+01]
 [2.82221158e-02 4.89253640e+01]
 [6.11217576e+01 1.00932753e+01]
 [4.85818146e+01 1.28602350e+01]
 [5.51415637e-01 4.52007838e+01]
 [5.63710214e-01 4.51502494e+01]
 [1.90457033e+01 2.39154111e+01]
 [6.42319333e+01 9.40173029e+00]
 [5.99658722e+01 1.02460253e+01]
 [6.42545421e-02 4.82357273e+01]
 [1.19549646e+00 4.27300160e+01]
 [7.24911248e+01 8.00249946e+00]
 [6.06054574e+01 1.01351057e+01]
 [3.54052658e+01 1.67771042e+01]
 [2.61280817e+01 2.06228527e+01]
 [7.44009462e+01 7.76228019e+00]
 [2.21237382e+00 4.00803484e+01]
 [3.44753316e+01 1.71025222e+01]
 [5.80504864e+01 1.06375409e+01]
 [4.41250134e+01 1.41164847e+01]
 [1.96309943e+00 4.10675387e+01]
 [6.44977241e+01 9.35373395e+00]
 [4.66951383e+00 3.58988353e+01]
 [5.67697105e+00 3.49215355e+01]
 [7.27408300e+01 7.94026068e+00]
 [4.53057573e+01 1.37522777e+01]
 [9.93570952e+01 5.06392379e+00]]
