[[5.75638588e-03 9.98704196e-03 2.98769054e+00]
 [4.57194315e-04 9.68987291e-04 1.96187505e+00]
 [4.18313766e-03 9.98704196e-03 2.97174289e+00]
 [4.08080778e-03 8.21824939e-03 2.15577206e+00]
 [1.91780694e-03 4.12793826e-03 2.04978352e+00]
 [6.42260596e-04 1.35404597e-03 1.87327300e+00]
 [3.54352125e-03 7.66024128e-03 1.99554246e+00]
 [4.81741117e-04 1.08434125e-03 2.29089917e+00]
 [1.53851345e-03 3.46153944e-03 1.77049162e+00]
 [5.13783906e-04 1.08434125e-03 1.95801318e+00]
 [3.94329863e-03 7.84844960e-03 1.99554246e+00]
 [2.48415533e-03 4.91483850e-03 1.84410982e+00]
 [4.47534829e-03 9.95862615e-03 2.62948840e+00]
 [1.09242094e-03 1.97589490e-03 1.59245653e+00]
 [4.39773271e-04 1.08434125e-03 2.44017992e+00]
 [3.94329863e-03 7.95745020e-03 2.03879584e+00]
 [6.62182795e-04 1.07494129e-03 1.37447856e+00]
 [1.25971144e-03 2.32546088e-03 1.85918380e+00]
 [2.15223607e-03 4.72253983e-03 2.44052683e+00]
 [1.98782260e-03 4.23236119e-03 2.17563040e+00]
 [2.05362197e-03 3.83465831e-03 1.75846936e+00]
 [1.06815107e-03 1.98101489e-03 1.84188573e+00]
 [6.62182795e-04 1.29872790e-03 1.98995763e+00]
 [1.73553001e-03 3.41584292e-03 1.70078451e+00]
 [6.56782789e-04 1.24937447e-03 1.71096715e+00]
 [5.29549030e-03 9.99235606e-03 2.11330713e+00]
 [8.35057331e-04 1.79104855e-03 1.83158909e+00]
 [7.00487121e-04 1.43139326e-03 2.00658318e+00]
 [1.44784666e-03 2.61329321e-03 1.73888209e+00]
 [9.56031549e-04 1.72481551e-03 1.65217267e+00]
 [1.36787540e-03 2.70460573e-03 1.99140378e+00]
 [2.79183679e-03 5.76129529e-03 2.24204513e+00]
 [4.74561503e-04 1.07751592e-03 2.44017992e+00]
 [4.81741117e-04 1.08434125e-03 2.44017992e+00]
 [2.15223607e-03 4.72253983e-03 2.02547704e+00]
 [1.86138123e-03 3.41792066e-03 1.70078322e+00]
 [5.31425090e-03 9.37729645e-03 1.62276935e+00]
 [5.29254537e-03 9.96339863e-03 2.02134617e+00]
 [3.56938450e-03 6.63335683e-03 1.92319203e+00]
 [1.26019140e-03 2.32066721e-03 1.56814681e+00]
 [4.56799369e-03 9.95862615e-03 2.53099485e+00]
 [3.54348459e-03 7.30644097e-03 1.96227782e+00]
 [1.36787540e-03 2.75407442e-03 2.02025379e+00]
 [1.86823900e-03 3.65221156e-03 1.77049162e+00]
 [5.43401000e-03 9.90953473e-03 1.71608559e+00]
 [6.73301277e-04 1.47819304e-03 1.99512349e+00]
 [3.38743952e-03 6.69523183e-03 1.86943850e+00]
 [3.54348459e-03 6.87937490e-03 1.96227782e+00]
 [9.20598989e-04 2.21355729e-03 2.45937192e+00]
 [7.18776578e-04 1.52058325e-03 2.12689901e+00]
 [5.45786877e-03 9.02744940e-03 1.53182121e+00]
 [3.31808291e-03 6.26915206e-03 1.84240692e+00]
 [1.31391593e-03 2.45922825e-03 1.78387139e+00]
 [7.18776578e-04 1.43139326e-03 2.18994625e+00]
 [1.07738106e-03 2.05825982e-03 1.86624001e+00]
 [5.17711821e-03 9.98223982e-03 1.68683161e+00]
 [1.02104068e-03 1.97589490e-03 1.59245653e+00]
 [5.09565394e-03 9.89045154e-03 2.01306453e+00]
 [6.73775560e-04 1.29872790e-03 1.99507734e+00]
 [4.54308069e-04 9.68987291e-04 1.99906307e+00]
 [6.78360774e-04 1.47819304e-03 1.99512349e+00]
 [2.79183679e-03 5.68372631e-03 2.10428292e+00]
 [1.78851186e-03 3.41584292e-03 1.70304703e+00]
 [8.77884704e-04 1.66329215e-03 2.00634643e+00]
 [4.70472598e-04 9.68987291e-04 1.96514229e+00]
 [7.18776578e-04 1.43139326e-03 2.06945949e+00]
 [3.37383115e-03 6.41767027e-03 1.85429180e+00]
 [2.57418597e-03 5.62558928e-03 2.06385493e+00]
 [2.80410715e-03 5.53910569e-03 1.99625449e+00]
 [9.23622198e-04 2.19672572e-03 2.41814736e+00]
 [1.86138123e-03 3.50641151e-03 2.08831177e+00]
 [2.15223607e-03 5.08695096e-03 2.44052683e+00]
 [1.02104068e-03 1.98101489e-03 1.64515867e+00]
 [7.18776578e-04 1.52058325e-03 2.17253981e+00]
 [1.87852143e-03 3.51028695e-03 1.92341549e+00]
 [6.49440210e-04 1.20440093e-03 1.87327300e+00]
 [1.98782260e-03 4.23236119e-03 2.28575667e+00]
 [9.67150836e-04 1.97589490e-03 1.79265698e+00]
 [4.02717463e-04 9.16579670e-04 2.62236150e+00]
 [6.49440210e-04 1.20198698e-03 1.87327300e+00]]
