[[0.78492906 0.54484695]
 [0.13029781 1.01105499]
 [0.24925893 0.95145743]
 [0.93444228 0.44645864]
 [1.00497541 0.12481734]
 [0.47421758 0.94400891]
 [1.0530261  0.08230097]
 [0.91199376 0.53691822]
 [0.99420505 0.18761055]
 [0.08427714 1.02623198]
 [0.97080813 0.23288447]
 [0.19470393 0.99046659]
 [0.68788804 0.77942919]
 [0.98190277 0.18983313]
 [0.73152805 0.77063185]
 [0.99827661 0.17899097]
 [0.65048494 0.82168215]
 [0.9482543  0.2501527 ]
 [0.5126843  0.83031503]
 [0.48807244 0.88480853]]
