[[2.08511002e+00 2.16097348e+00]
 [9.31301057e-01 1.03668218e+00]
 [1.98383737e+00 1.61645020e+00]
 [2.09597257e+00 2.05565850e+00]
 [7.01934693e-01 5.94304467e-01]
 [1.05814058e+00 7.96639978e-01]
 [1.63322451e+00 1.58117431e+00]
 [3.45448459e+00 2.99196855e+00]
 [9.94006692e-02 7.86329606e-02]
 [2.76410989e+00 2.52609268e+00]
 [2.92879636e+00 2.90878724e+00]
 [2.99588448e-01 3.64030367e-01]
 [2.22759393e-01 3.22482387e-01]
 [1.19923880e+00 1.48130914e+00]
 [2.62335155e+00 2.77442391e+00]
 [3.08389179e+00 2.84704896e+00]
 [8.80981278e-01 9.96190723e-01]
 [2.91007090e+00 2.63649595e+00]
 [2.16838174e+00 2.42208159e+00]
 [1.42788141e+00 1.76050002e+00]
 [2.63857323e+00 2.40648325e+00]
 [2.59505814e+00 2.31265173e+00]
 [2.07924359e+00 1.85005520e+00]
 [3.91374707e+00 2.97141535e+00]
 [1.10716367e+00 8.01216059e-01]
 [9.16632146e-02 2.00174993e-01]
 [1.97425240e+00 2.24081549e+00]
 [7.27791156e-01 4.73190210e-01]
 [4.52904748e+00 2.96986554e+00]
 [7.33961867e-01 7.92892448e-01]
 [2.58633799e+00 2.74921756e+00]
 [4.37411048e-01 6.81929209e-01]
 [2.85357926e+00 2.99026028e+00]
 [2.46035901e+00 2.19027363e+00]
 [1.69354013e+00 1.57168841e+00]
 [2.42214223e+00 2.57795342e+00]
 [1.37059888e+00 1.68158997e+00]
 [7.99168252e-01 6.07806376e-01]
 [1.85077089e+00 1.59209232e+00]
 [2.01610236e+00 2.27624079e+00]
 [3.58464501e+00 2.96197852e+00]
 [1.87437972e+00 2.31096758e+00]
 [2.00932962e+00 2.09192406e+00]
 [6.03835922e-01 6.60851963e-01]
 [6.91773449e-01 8.70433389e-01]
 [1.72849411e+00 2.02491481e+00]
 [1.57382844e+00 1.88056681e+00]
 [2.86636136e+00 2.82828773e+00]
 [2.45772575e+00 2.57010749e+00]
 [2.09289013e+00 2.05039470e+00]
 [1.47644397e+00 1.63236415e+00]
 [2.43960746e+00 2.56606924e+00]
 [2.57087522e+00 2.62599818e+00]
 [8.07553852e-01 1.02732192e+00]
 [2.89680270e+00 2.77411254e+00]
 [2.64972713e-01 5.98486638e-01]
 [1.14602514e+00 1.30165013e+00]
 [3.15479600e+00 2.94277103e+00]
 [2.49966186e+00 2.33129469e+00]
 [5.78879242e-01 5.32980387e-01]
 [4.27946938e+00 2.97734696e+00]
 [4.01026565e+00 2.97626223e+00]
 [6.83813892e-02 8.02094722e-02]
 [1.31065177e+00 1.19709143e+00]
 [2.17605168e+00 2.34326315e+00]
 [2.49538066e+00 2.80925515e+00]
 [2.00932962e+00 2.08453508e+00]
 [1.34185937e+00 1.38960707e+00]
 [2.09641842e+00 2.07068360e+00]
 [1.63322451e+00 1.67827945e+00]
 [2.35870878e+00 2.72793597e+00]
 [1.70559703e+00 1.85134052e+00]
 [1.20635162e+00 7.83354124e-01]
 [7.90811111e-01 8.70433389e-01]
 [1.36267643e+00 7.71207896e-01]
 [1.42952017e+00 1.50080388e+00]
 [4.73574304e-01 2.11016834e-01]
 [5.00145647e-01 2.66401252e-01]
 [5.15594034e-01 4.07513134e-01]
 [9.51679176e-01 6.49104961e-01]
 [3.15479600e+00 2.94226463e+00]
 [2.16092327e+00 2.39602587e+00]
 [2.32500741e+00 2.14718613e+00]
 [1.57997265e+00 1.92938415e+00]
 [2.86636136e+00 2.75949075e+00]
 [2.73845694e+00 2.49920979e+00]
 [2.53427116e+00 2.63025152e+00]
 [2.51697666e+00 2.73115379e+00]
 [2.57087522e+00 2.58451182e+00]
 [2.62905617e+00 2.79591621e+00]
 [3.08659444e+00 2.93641546e+00]
 [2.02088839e-01 2.77043373e-01]
 [2.08281820e+00 1.85431920e+00]
 [3.91374707e+00 2.97591131e+00]
 [1.56555882e+00 1.83343609e+00]
 [2.01302674e-01 3.09429273e-01]
 [2.73345709e+00 2.77442391e+00]
 [7.21577001e-01 7.45321651e-01]
 [1.06962827e+00 7.15001924e-01]
 [7.73649207e-01 1.34901249e+00]
 [2.97999753e+00 2.75580533e+00]
 [4.27946938e+00 2.96704172e+00]
 [1.36432970e+00 1.52071946e+00]
 [1.06340928e-02 2.98260920e-02]
 [2.49966186e+00 2.26563892e+00]
 [1.99019129e+00 2.00916567e+00]
 [1.05221917e-01 2.56315006e-01]
 [1.51338041e+00 1.41879873e+00]
 [2.27504685e+00 2.38525920e+00]
 [1.90228700e+00 2.07068360e+00]
 [2.27504903e+00 2.03463101e+00]
 [1.68576240e+00 1.44495604e+00]
 [2.62742785e+00 2.79591621e+00]
 [1.64496959e+00 1.49186756e+00]
 [1.55723180e+00 1.38463663e+00]
 [5.31233778e-01 2.54716777e-01]
 [2.62155475e+00 2.91638075e+00]
 [6.20866576e-01 7.57175036e-01]
 [4.18562228e+00 2.97626223e+00]
 [1.05968969e+00 9.77468287e-01]
 [1.93061234e+00 2.19956620e+00]
 [2.76410989e+00 2.50843595e+00]
 [2.51970428e+00 2.33129469e+00]
 [1.57382844e+00 1.80426822e+00]
 [2.84117704e+00 2.63394803e+00]
 [1.60364147e+00 1.83343609e+00]
 [3.05754471e+00 2.69805882e+00]
 [3.43089292e+00 2.84029276e+00]
 [3.16237509e+00 2.99420411e+00]
 [1.23876157e+00 1.48130914e+00]
 [2.92147911e+00 2.53152129e+00]
 [1.15528793e-01 9.97860686e-02]
 [3.24317257e+00 2.96197852e+00]
 [2.51819952e+00 2.53674902e+00]
 [2.79327550e+00 2.80022884e+00]
 [1.03535902e+00 1.35719689e+00]
 [1.19453099e+00 1.27118125e+00]
 [4.52904748e+00 2.97074574e+00]
 [3.08389179e+00 2.84342320e+00]
 [2.76995195e+00 2.96241840e+00]
 [2.72018163e+00 2.84099223e+00]
 [2.56681594e+00 2.22787590e+00]
 [1.87270456e+00 2.19973520e+00]
 [1.22601900e+00 1.32267626e+00]
 [8.07553852e-01 1.02269394e+00]
 [2.75383354e+00 2.65515992e+00]
 [2.08389579e+00 2.33240625e+00]
 [1.47644397e+00 1.50287614e+00]
 [2.97009004e+00 2.80897164e+00]
 [2.32663573e+00 2.14718613e+00]
 [1.30695590e+00 1.23146999e+00]
 [3.91374707e+00 2.83598387e+00]
 [7.27791156e-01 6.73228329e-01]
 [1.12979972e+00 7.93066024e-01]
 [1.13510213e+00 1.55805547e+00]
 [2.72005059e+00 2.50288765e+00]
 [1.10099433e+00 1.19709143e+00]
 [3.14645523e+00 2.96197852e+00]
 [1.98419232e+00 2.02432880e+00]
 [1.31801763e+00 1.06406004e+00]
 [3.93335355e+00 2.99196855e+00]
 [7.21577001e-01 9.76002724e-01]
 [1.65798472e+00 1.61645020e+00]
 [2.92943447e+00 2.79241995e+00]
 [2.42891807e+00 2.24670091e+00]
 [8.65523147e-01 6.12909172e-01]
 [2.66664948e+00 2.69461514e+00]
 [2.57087522e+00 2.63523248e+00]
 [1.87008671e-01 3.09429273e-01]
 [1.33360102e+00 1.02056047e+00]
 [1.48845534e+00 1.43328623e+00]
 [2.16180087e+00 2.54995951e+00]
 [2.08511002e+00 2.16331544e+00]
 [7.33961867e-01 9.50327958e-01]
 [1.98623446e+00 1.83137209e+00]
 [2.87374239e+00 2.64296537e+00]
 [2.64861521e+00 2.51093448e+00]
 [3.14384026e+00 2.96197852e+00]
 [2.56681594e+00 2.22435415e+00]
 [2.52766169e+00 2.58451182e+00]
 [7.38719302e-02 1.00407747e-01]
 [3.65743831e+00 2.98424066e+00]
 [1.47874131e+00 2.00127076e+00]
 [2.35660615e-01 4.79785958e-01]
 [6.52666403e-01 4.80996098e-01]
 [4.27946938e+00 2.96522382e+00]
 [3.13496392e+00 2.86252261e+00]
 [1.20949016e-01 1.05450548e-01]
 [1.08032340e+00 1.01798276e+00]
 [3.15479600e+00 2.92990807e+00]
 [1.03909061e+00 1.35026024e+00]
 [4.73000746e-01 5.26440371e-01]
 [3.64118801e+00 2.97028927e+00]
 [2.88588369e+00 2.82828773e+00]
 [2.48484723e+00 2.83598387e+00]
 [3.09486709e-03 1.53523097e-02]
 [2.87059618e+00 2.74158497e+00]
 [2.29861138e+00 2.62692347e+00]
 [1.70468979e+00 1.86409154e+00]
 [1.03230861e+00 6.90733843e-01]
 [4.02647636e-01 6.46887105e-01]
 [2.67984864e+00 2.74818566e+00]
 [1.90611277e+00 1.72605797e+00]
 [1.49644837e+00 1.40936712e+00]
 [2.92382244e+00 2.97360940e+00]
 [2.30728816e+00 1.99525845e+00]
 [3.73603200e-01 4.79926973e-01]
 [2.92806144e+00 2.77411254e+00]
 [9.52029629e-01 1.36280669e+00]
 [1.50465498e+00 1.42903387e+00]
 [1.10099433e+00 1.20307293e+00]
 [3.66343441e+00 2.95810518e+00]
 [2.67021722e+00 2.89911066e+00]
 [2.01237510e+00 2.19887852e+00]
 [6.60837560e-01 5.20809959e-01]
 [3.34701509e+00 2.99420411e+00]
 [3.93229994e+00 2.93803283e+00]
 [2.31465955e+00 1.91232736e+00]
 [2.53326851e+00 2.66040157e+00]
 [4.33281413e+00 2.97835691e+00]
 [1.19826642e+00 1.48130914e+00]
 [2.42589816e+00 2.12005265e+00]
 [1.86367682e+00 1.88043056e+00]
 [1.98075582e+00 1.96773311e+00]
 [9.04527721e-01 8.52417759e-01]
 [3.60179979e+00 2.97150834e+00]
 [2.01680792e+00 1.84614877e+00]
 [1.33139423e-01 1.12387360e-01]
 [1.11234534e+00 1.16380370e+00]
 [2.49216093e+00 2.20968114e+00]
 [2.11998972e+00 2.22698004e+00]
 [1.28359636e+00 9.38018889e-01]
 [1.21572946e+00 1.39194649e+00]
 [1.65858257e-01 3.98788316e-01]
 [3.87240531e+00 2.94947473e+00]
 [4.01026565e+00 2.97324660e+00]
 [4.45448384e+00 2.97074574e+00]
 [3.68199567e-01 2.36361058e-01]
 [2.32669707e+00 2.48102866e+00]
 [6.81314545e-02 3.61834045e-02]
 [1.22913986e+00 1.19709143e+00]
 [3.43089292e+00 2.84210829e+00]
 [1.14109574e-01 2.62323838e-01]
 [1.34433589e+00 1.51571286e+00]
 [2.02380094e+00 2.35713264e+00]
 [9.11415292e-01 8.58793604e-01]
 [1.87459543e+00 1.92938415e+00]
 [1.83916569e+00 1.83343609e+00]
 [2.79265015e+00 2.69461514e+00]
 [4.99282738e-01 7.27353873e-01]
 [2.26724010e+00 2.41696004e+00]
 [3.86497037e+00 2.95246771e+00]
 [1.82477857e+00 1.40936712e+00]
 [1.77804421e+00 1.65586259e+00]
 [1.52303126e+00 1.83388250e+00]
 [6.77449938e-01 9.50294027e-01]
 [2.89028769e+00 2.72957009e+00]
 [1.91747691e+00 1.99380083e+00]
 [1.36267643e+00 7.86358971e-01]
 [4.53043031e+00 2.99048469e+00]
 [6.51211068e-02 6.54652958e-03]
 [2.42142597e+00 2.67614583e+00]
 [1.90033444e+00 2.29456722e+00]
 [5.25695845e-01 2.42300263e-01]
 [4.83355570e+00 2.97947964e+00]
 [3.07004555e+00 2.99363508e+00]
 [2.43245686e+00 2.61583076e+00]
 [3.52462777e+00 2.99196855e+00]
 [2.54133827e+00 2.28456339e+00]
 [6.20866576e-01 7.14756114e-01]
 [1.55341469e+00 1.52071946e+00]
 [3.90970244e-01 6.65329158e-01]
 [3.15479600e+00 2.95456931e+00]
 [2.59809898e+00 2.52351704e+00]
 [3.93237895e+00 2.91856394e+00]
 [2.10936477e+00 2.41980904e+00]
 [1.91652316e+00 1.85019145e+00]
 [2.98389642e+00 2.99016728e+00]
 [1.66180121e+00 1.62293430e+00]
 [2.39190631e+00 2.49768746e+00]
 [2.82676594e+00 2.67322890e+00]
 [2.77896332e+00 2.74436606e+00]
 [6.02675713e-01 5.70665027e-01]
 [2.75339893e+00 2.74956406e+00]
 [3.47800998e+00 2.98106986e+00]
 [6.32932015e-01 8.73461822e-01]
 [2.59505814e+00 2.36195211e+00]
 [1.98419232e+00 2.00157877e+00]]
