[[1.86260211e-03 3.45560727e-03 1.79353495e+00]
 [4.30247271e-03 9.73802078e-03 2.35560178e+00]
 [3.66543097e-03 8.62346253e-03 2.38535544e+00]
 [2.74119775e-03 5.60529991e-03 2.34345957e+00]
 [4.44117107e-03 8.28135361e-03 1.85269631e+00]
 [1.15103041e-03 2.27001165e-03 2.19196477e+00]
 [2.53888621e-03 5.91387182e-03 1.85759032e+00]
 [8.96306989e-04 2.10770942e-03 2.00564877e+00]
 [3.72748802e-03 7.10354578e-03 1.91128685e+00]
 [1.03026010e-03 1.86533062e-03 1.98760156e+00]
 [2.27340497e-03 4.26956947e-03 1.84597966e+00]
 [4.30247271e-03 9.73802078e-03 2.45894442e+00]
 [1.61510770e-03 3.74015131e-03 2.32536498e+00]
 [3.39204185e-03 6.91369036e-03 2.20406948e+00]
 [1.25863825e-03 2.60315099e-03 2.60950913e+00]
 [2.09279528e-03 3.46849587e-03 1.44104778e+00]
 [2.77911470e-03 5.60529991e-03 2.34910500e+00]
 [2.51072836e-03 4.48680583e-03 1.85818077e+00]
 [1.91183367e-03 3.12837131e-03 1.52376081e+00]
 [8.96306989e-04 2.46108146e-03 2.29068145e+00]
 [4.36058264e-03 9.10745504e-03 2.27564507e+00]
 [6.69044743e-03 9.90334689e-03 2.99973915e+00]
 [5.28029647e-03 9.98306446e-03 1.78564589e+00]
 [6.29666948e-04 1.70565652e-03 2.61835345e+00]
 [4.62951252e-03 9.31589600e-03 2.00680913e+00]
 [4.43254492e-03 9.73802078e-03 2.35560178e+00]
 [2.07882008e-03 4.89773946e-03 2.84447339e+00]
 [3.39204185e-03 5.86788432e-03 1.88932278e+00]
 [8.95716354e-04 2.10770942e-03 2.00564877e+00]
 [3.16903357e-03 5.60529991e-03 1.87666664e+00]
 [2.00727488e-03 5.23145392e-03 2.45263694e+00]
 [3.19626883e-03 6.20984531e-03 1.99546343e+00]
 [1.61510770e-03 3.74015131e-03 2.32539790e+00]
 [3.78049608e-03 7.49858311e-03 2.02597204e+00]
 [5.41462378e-03 8.95818582e-03 1.48926813e+00]
 [4.32981507e-03 9.74700497e-03 2.21095800e+00]
 [2.15448174e-03 3.80746503e-03 1.82296055e+00]
 [5.37627659e-03 8.92469070e-03 1.48426275e+00]
 [3.83939258e-03 7.83186016e-03 2.15469523e+00]
 [2.04616617e-03 4.23963645e-03 2.29246326e+00]
 [2.69927892e-03 5.89991085e-03 1.85760380e+00]
 [4.04768470e-03 7.98599208e-03 2.30137721e+00]
 [1.33526720e-03 2.43582228e-03 1.60765196e+00]
 [1.05638482e-03 1.44883568e-03 1.85866145e+00]
 [2.78126471e-03 6.28961918e-03 2.17378295e+00]
 [4.81498885e-03 9.07944072e-03 1.76517780e+00]
 [6.86089166e-04 1.44106637e-03 2.01132334e+00]
 [5.74664845e-03 9.95410063e-03 2.58400430e+00]
 [8.30392011e-04 1.67686692e-03 2.18976720e+00]
 [6.06959943e-03 9.98015993e-03 2.27888337e+00]
 [9.23958774e-03 9.99010895e-03 2.90323727e+00]
 [3.76300821e-03 7.65317421e-03 2.02228296e+00]
 [3.00805577e-03 6.12098857e-03 1.81869250e+00]
 [7.54214734e-04 8.86875036e-04 2.49084461e+00]
 [1.08252949e-03 1.99495546e-03 1.84550532e+00]
 [2.13545544e-03 4.43351175e-03 2.42352173e+00]
 [3.78049608e-03 7.49858311e-03 2.02588827e+00]
 [5.13626841e-03 9.98306446e-03 1.78564589e+00]
 [2.89842516e-03 6.00177305e-03 1.81815250e+00]
 [9.83644901e-04 2.17086472e-03 2.48340960e+00]
 [3.30276937e-03 6.97368876e-03 2.06061964e+00]
 [1.48978281e-03 2.68800698e-03 1.67277481e+00]
 [2.65903706e-03 6.23157270e-03 2.49600870e+00]
 [4.45492928e-03 9.77079276e-03 2.54783250e+00]
 [5.62805814e-04 1.28051296e-03 2.50962692e+00]
 [1.30880527e-03 2.64883859e-03 2.00542087e+00]
 [1.86804838e-03 3.00913564e-03 1.57245887e+00]
 [1.26329519e-03 2.32641359e-03 2.01116726e+00]
 [5.36409153e-04 1.51343834e-03 2.89230479e+00]
 [3.80652561e-03 7.38766486e-03 1.99178271e+00]
 [1.82771304e-03 3.91194684e-03 2.02458538e+00]
 [1.61510770e-03 3.74015131e-03 2.29525469e+00]
 [4.28142757e-03 9.73802078e-03 2.35560178e+00]
 [1.35342307e-03 2.47483646e-03 1.84836162e+00]
 [3.91980638e-03 7.80210130e-03 2.07229761e+00]
 [5.49547922e-03 9.88689319e-03 2.83746687e+00]
 [6.30959200e-03 9.99935361e-03 2.60718269e+00]
 [2.13475175e-03 3.43980126e-03 1.31189404e+00]]
