[[1.86260211e-03 3.45560727e-03 1.79353495e+00]
 [4.30247271e-03 9.73802078e-03 2.35560178e+00]
 [5.41559379e-03 9.74740371e-03 2.27320880e+00]
 [3.66543097e-03 8.62346253e-03 2.38535544e+00]
 [3.81016124e-03 7.49858311e-03 2.02228296e+00]
 [4.28768775e-03 8.24009870e-03 2.25299232e+00]
 [2.74119775e-03 5.60529991e-03 2.34345957e+00]
 [1.32161142e-03 2.06454059e-03 1.15237762e+00]
 [4.44117107e-03 8.28135361e-03 1.85269631e+00]
 [4.32981507e-03 9.09311989e-03 2.21095800e+00]
 [1.15103041e-03 2.27001165e-03 2.19196477e+00]
 [3.93884008e-03 6.88955048e-03 1.80800322e+00]
 [8.96306989e-04 2.10770942e-03 2.00564877e+00]
 [3.72748802e-03 7.10354578e-03 1.91128685e+00]
 [6.05212895e-03 9.90406197e-03 2.54783250e+00]
 [4.06288428e-03 7.43749196e-03 1.57597376e+00]
 [3.14417222e-03 6.05896361e-03 2.18969427e+00]
 [4.79737567e-03 9.46676679e-03 2.10686741e+00]
 [8.48018217e-04 2.02463036e-03 2.70847595e+00]
 [5.00509270e-03 9.59434321e-03 2.60792178e+00]
 [5.23784035e-04 1.19457050e-03 2.60647409e+00]
 [3.45679213e-03 6.19065434e-03 2.00597746e+00]
 [1.09433830e-03 3.06546979e-03 2.57636319e+00]
 [5.40260940e-03 9.48836288e-03 1.50450478e+00]
 [9.94405629e-04 1.60337693e-03 1.74265125e+00]
 [3.66481703e-03 8.62346253e-03 2.38363430e+00]
 [4.31488654e-03 9.50671069e-03 2.21095800e+00]
 [1.40922092e-03 3.00946047e-03 2.62578474e+00]
 [4.06921994e-03 9.75222342e-03 2.58009691e+00]
 [2.58129649e-03 4.50167459e-03 1.66495828e+00]
 [3.61075121e-03 7.67788978e-03 2.17886964e+00]
 [1.04981917e-03 2.27001165e-03 2.19196477e+00]
 [2.98497331e-03 4.44848677e-03 1.24960658e+00]
 [3.91270940e-03 7.40411159e-03 1.85533020e+00]
 [2.71358605e-03 6.26868529e-03 2.61740870e+00]
 [2.69654701e-03 5.88819615e-03 1.76659050e+00]
 [3.44712229e-03 6.19065434e-03 1.98481234e+00]
 [5.28775215e-03 9.65706993e-03 1.78629428e+00]
 [5.23784035e-04 1.25752651e-03 2.69506488e+00]
 [1.05426667e-03 2.53927730e-03 2.52976643e+00]
 [1.62286243e-03 3.07507576e-03 2.03934634e+00]
 [4.32804072e-03 8.47520071e-03 2.21095800e+00]
 [2.14264766e-03 3.92776181e-03 1.72334421e+00]
 [6.65364814e-04 1.74002492e-03 1.37416368e+00]
 [2.48823634e-03 4.76081757e-03 2.08065819e+00]
 [5.17535801e-03 9.67108810e-03 2.71601525e+00]
 [3.12132496e-03 5.17604351e-03 1.34044345e+00]
 [1.09433830e-03 2.74797805e-03 2.24266935e+00]
 [2.54768350e-03 5.69304763e-03 2.60792178e+00]
 [1.09360257e-03 2.49992872e-03 2.57681432e+00]
 [3.56809441e-03 6.75234487e-03 1.79257352e+00]
 [1.84703809e-03 3.44899453e-03 2.04779227e+00]
 [7.10474977e-03 9.88852282e-03 2.58155140e+00]
 [4.01639829e-03 8.17226418e-03 2.29015680e+00]
 [3.33544074e-03 5.12975387e-03 1.70737485e+00]
 [9.94405629e-04 1.60337693e-03 1.81053542e+00]
 [3.07464813e-03 6.10455544e-03 1.82842659e+00]
 [1.16741578e-03 2.29657806e-03 1.52376081e+00]
 [7.50144315e-03 9.99403320e-03 2.49633131e+00]
 [5.23784035e-04 1.19457050e-03 2.58575783e+00]
 [4.73896390e-03 8.42323846e-03 1.60783016e+00]
 [8.48018217e-04 2.02463036e-03 2.71594569e+00]
 [3.07599518e-03 6.52301510e-03 1.86471119e+00]
 [2.64735141e-03 5.53225027e-03 2.14636856e+00]
 [5.45089088e-03 9.34853315e-03 1.57821962e+00]]
