[[0.62822678 4.53414591 9.09509548 1.55636897]
 [0.43379929 4.27441307 8.65190854 0.52291692]
 [1.60381015 0.9156811  9.97510143 2.96239613]
 [0.62822678 4.69248902 9.09509548 1.11837791]
 [0.43379929 4.27441307 6.38241464 0.52291692]
 [1.60381015 0.9156811  9.947009   1.90257471]
 [1.19009157 1.05456115 9.96429277 2.96239613]
 [0.62822678 4.71427803 9.53740565 1.28198241]
 [0.62822678 4.65811124 9.09509548 1.18368648]
 [0.43379929 4.27441307 6.38241464 0.69558727]
 [2.28664306 0.43319215 9.40897491 3.53564897]
 [0.55084056 4.35944798 9.74503686 0.8979029 ]
 [0.64760558 1.80039016 9.94905128 4.97436317]
 [0.40544823 5.57120883 9.92684325 1.5855887 ]
 [1.42198202 1.27192306 9.90092096 3.13112021]
 [1.56046971 1.04424409 9.29493273 4.47536933]
 [0.78290969 1.70108011 9.85379698 4.51347696]
 [0.62822678 3.7972696  9.7679123  1.55636897]
 [1.60380698 0.9156811  8.92317557 2.96239613]
 [1.3261726  1.17121896 9.989927   3.31521782]]
