[[4.86621314e+00 6.48194950e-03]
 [3.18032647e+01 6.57607673e-04]
 [3.23474214e+01 6.42435431e-04]
 [3.89650248e+01 6.05456647e-04]
 [2.23930593e+01 9.50885037e-04]
 [8.42493582e+00 2.79476072e-03]
 [1.38583616e+01 1.92456864e-03]
 [1.62072948e+01 1.34727829e-03]
 [1.26053579e+01 1.94096797e-03]
 [2.49856601e+01 8.35621306e-04]
 [1.05192484e+01 2.36960019e-03]
 [2.05235936e+01 1.11743859e-03]
 [2.23467706e+01 1.09980380e-03]
 [3.78720500e+01 6.34757644e-04]
 [1.43141446e+01 1.86660550e-03]
 [4.25111794e+01 5.13931111e-04]
 [4.40843876e+00 1.61871979e-02]
 [1.21455499e+01 2.10447532e-03]
 [4.39672457e+01 4.91096274e-04]
 [4.10977967e+01 5.40758876e-04]
 [2.90509510e+01 7.50544838e-04]
 [5.12125490e+01 4.81936389e-04]
 [2.63128618e+01 7.59154883e-04]
 [1.86381644e+01 1.32374258e-03]
 [1.53337958e+01 1.43818331e-03]
 [9.99503639e+00 2.45186468e-03]
 [2.60519401e+01 8.12293307e-04]
 [1.98541164e+01 1.20289475e-03]
 [5.26203848e+01 4.66694442e-04]
 [2.35621429e+01 8.40678461e-04]]
