[[0.52618477 5.61054533 3.72128158 1.81269813]
 [1.84030601 1.09147062 9.68717011 3.81897847]
 [0.52618477 5.61054533 3.72128158 1.70382013]
 [1.124688   1.19511008 7.69662947 1.57365809]
 [1.84030601 1.09147062 9.91208369 3.84489887]
 [1.88915169 0.75434517 9.63053384 4.51835074]
 [1.84030601 1.09147062 9.99864756 4.89404588]
 [1.1312269  1.21021216 9.25970053 3.90996973]
 [0.81508851 1.81196642 9.42572192 3.96512566]
 [1.12009781 1.19511008 7.69662947 1.58370918]
 [0.56783773 5.61054533 3.72128158 1.70684458]
 [0.58739959 4.10063533 9.86625717 1.92617882]
 [1.11544311 1.67056846 9.81951355 2.19751965]
 [0.44331564 2.89326886 9.55503799 1.73067934]
 [1.124688   1.19511008 7.81040088 1.57365809]
 [0.58739959 4.10063533 9.86181804 2.93104945]
 [0.72687248 1.75291457 9.92093626 4.54654168]
 [1.84030601 1.09147062 9.99864756 4.93035372]
 [1.24651207 0.78680827 9.63908596 2.58830489]
 [0.85872552 2.97243018 3.67346805 1.70517533]
 [0.61044969 2.76931561 9.83457348 1.7265462 ]
 [1.11544311 1.66793243 9.81951355 2.20789177]
 [1.06683011 1.10856119 7.72608724 1.69473038]
 [0.5129849  2.92556299 7.92336843 1.17386146]
 [0.5311607  4.2308341  9.84853741 1.9628069 ]
 [0.62822678 2.29388565 9.34720991 3.29595657]
 [0.92886705 1.16284606 9.697058   2.84106466]
 [0.63048128 4.01026899 5.40164984 1.35181852]
 [0.832899   2.91537125 8.64048133 1.38544384]
 [1.88915169 0.68014189 9.85591957 4.50511861]
 [0.60465156 5.41094936 9.71712803 1.20160163]
 [0.58739959 4.24926002 9.99173749 1.92617882]
 [0.62479447 5.86276829 3.7042446  1.32114654]
 [0.81637968 2.92984353 9.94760428 1.69735885]
 [1.1312269  1.20797276 9.27942115 3.76608074]]
