[[1.86260211e-03 3.45560727e-03 1.79353495e+00]
 [5.41559379e-03 9.74740371e-03 2.27320880e+00]
 [3.66543097e-03 8.62346253e-03 2.38535544e+00]
 [3.81016124e-03 7.49858311e-03 2.02228296e+00]
 [2.74119775e-03 5.60529991e-03 2.34345957e+00]
 [4.44117107e-03 8.28135361e-03 1.85269631e+00]
 [4.32981507e-03 9.09311989e-03 2.21095800e+00]
 [1.15103041e-03 2.27001165e-03 2.19196477e+00]
 [3.72748802e-03 7.10354578e-03 1.91128685e+00]
 [6.05212895e-03 9.90406197e-03 2.54783250e+00]
 [4.79737567e-03 9.46676679e-03 2.10686741e+00]
 [8.48018217e-04 2.02463036e-03 2.70847595e+00]
 [9.04097157e-04 1.28975984e-03 1.21052505e+00]
 [4.93963846e-04 1.50455028e-03 1.79070095e+00]
 [2.37214058e-03 5.39490891e-03 2.49856157e+00]
 [1.86155670e-03 4.71819063e-03 2.96364884e+00]
 [1.32906238e-03 2.83462432e-03 2.60128235e+00]
 [1.93864860e-03 4.95112363e-03 2.27024992e+00]
 [2.92726562e-03 4.13690736e-03 1.42943139e+00]
 [1.08067485e-03 1.91272052e-03 1.77409247e+00]
 [2.78504172e-03 6.14781891e-03 2.33033671e+00]
 [1.55528584e-03 3.17817550e-03 1.68796635e+00]
 [6.56219990e-04 1.80729214e-03 2.38861388e+00]
 [1.84748152e-03 4.30973654e-03 2.74649084e+00]
 [3.31014434e-03 6.59709804e-03 1.93308698e+00]
 [9.85390106e-04 1.35597047e-03 1.31872041e+00]
 [2.15209660e-03 3.71923011e-03 1.77971078e+00]
 [3.38644611e-03 7.03516988e-03 2.04583326e+00]
 [1.75332592e-03 3.41146823e-03 2.34633138e+00]
 [6.16778357e-03 9.77972156e-03 2.90035224e+00]
 [1.51650474e-03 3.51919722e-03 2.84483507e+00]
 [2.74119775e-03 5.60529991e-03 2.35932909e+00]
 [1.71073579e-03 4.35305958e-03 2.84691243e+00]
 [1.54714381e-03 2.76577039e-03 1.58220908e+00]
 [1.00404239e-03 1.41047719e-03 1.18991214e+00]
 [2.17968930e-03 4.68649197e-03 2.37927880e+00]
 [4.09766173e-03 8.39732978e-03 1.85688495e+00]
 [1.23995178e-03 2.10770942e-03 1.48931373e+00]
 [3.19376818e-03 5.42538258e-03 1.80964598e+00]
 [4.39539102e-03 9.16404380e-03 2.05248097e+00]
 [2.97640402e-03 5.96433760e-03 2.20862097e+00]
 [8.50197053e-04 2.02463036e-03 2.63863910e+00]
 [3.65462628e-03 7.96412385e-03 2.42387880e+00]
 [1.83487775e-03 4.71819063e-03 2.96364884e+00]
 [4.85212654e-03 9.80088499e-03 2.06026744e+00]
 [3.48029548e-03 5.89547699e-03 1.82827329e+00]
 [6.40823251e-04 2.10770942e-03 1.97781415e+00]
 [5.30349576e-03 9.96760259e-03 2.40628245e+00]
 [4.26474789e-03 8.52874017e-03 1.79315600e+00]
 [4.84470061e-03 9.60886317e-03 2.09781241e+00]
 [6.56219990e-04 1.80729214e-03 2.61304925e+00]
 [2.48033558e-03 4.33908640e-03 1.81892025e+00]
 [4.25561390e-03 7.74369920e-03 1.69813032e+00]
 [2.44538616e-03 5.32088738e-03 1.98865786e+00]
 [3.39487394e-03 5.57118021e-03 1.63005418e+00]
 [4.27737329e-03 8.29363421e-03 1.71407961e+00]
 [1.61510770e-03 3.35585276e-03 1.64179775e+00]
 [1.55528584e-03 3.16595354e-03 1.68522164e+00]
 [6.65874919e-04 1.47396318e-03 2.89641894e+00]
 [9.85390106e-04 1.35597047e-03 1.32072434e+00]
 [8.16617114e-03 9.85316802e-03 2.81827983e+00]
 [2.55591131e-03 5.82029976e-03 1.88848931e+00]
 [4.92870203e-04 1.50796803e-03 2.70629121e+00]
 [4.68283589e-03 8.74805419e-03 1.90675485e+00]
 [2.34902221e-03 3.83127030e-03 1.62778306e+00]
 [2.73008837e-03 4.43182401e-03 1.51442950e+00]
 [1.92149273e-03 3.41146823e-03 1.36489144e+00]
 [2.02436771e-03 4.08181403e-03 2.36691859e+00]
 [7.89058109e-04 1.80600533e-03 2.31621417e+00]
 [9.82879007e-04 2.02152414e-03 1.81854254e+00]]
