[[5.20918270e-02 8.43436827e+03]
 [5.11510285e-03 9.43737120e+04]
 [5.60674487e-03 8.00265118e+04]
 [5.31326142e-03 9.34352726e+04]
 [6.97363473e-03 6.03610265e+04]
 [8.09541765e-03 4.95788088e+04]
 [5.75089399e-03 7.52127632e+04]
 [5.99030291e-03 6.86658998e+04]
 [6.73063024e-03 6.44496928e+04]
 [2.43127028e-02 1.70923323e+04]
 [8.84832565e-03 4.65176420e+04]
 [2.29733063e-02 1.83437321e+04]
 [7.20205412e-03 5.63825517e+04]
 [8.01102500e-03 5.34021075e+04]
 [3.16662464e-02 1.28695423e+04]
 [2.50436709e-02 1.61174598e+04]
 [3.66301791e-02 1.14959670e+04]
 [6.19803591e-03 6.55584205e+04]
 [4.87376894e-02 8.69174206e+03]
 [2.05122945e-02 2.02277989e+04]
 [3.46607193e-02 1.15555710e+04]
 [5.68303993e-03 7.72871513e+04]
 [4.68037263e-02 8.72546857e+03]
 [4.25663584e-02 9.73988380e+03]
 [4.91668006e-02 8.53750389e+03]
 [2.01685271e-02 2.11193182e+04]
 [2.17534768e-02 1.98484505e+04]
 [8.96819447e-03 4.53815174e+04]
 [2.75416705e-02 1.46605367e+04]
 [1.66331241e-02 2.41218888e+04]
 [2.61708039e-02 1.54910960e+04]
 [2.98906889e-02 1.36848474e+04]
 [3.04905871e-02 1.32230028e+04]
 [1.08486042e-02 3.75057504e+04]
 [3.28915922e-02 1.24053147e+04]
 [1.97165586e-02 2.22801229e+04]
 [2.19254689e-02 1.83600575e+04]
 [1.24777157e-02 3.21794172e+04]
 [4.15612354e-02 9.74296237e+03]
 [9.36552954e-03 4.41176055e+04]
 [5.05569595e-02 8.51138918e+03]
 [2.88169861e-02 1.41599496e+04]
 [1.60958960e-02 2.57393219e+04]
 [1.45279810e-02 2.82155746e+04]
 [6.01531284e-03 6.77876168e+04]
 [1.76712297e-02 2.40320766e+04]
 [4.32889861e-02 9.37702325e+03]
 [3.77607860e-02 1.10642693e+04]
 [1.41162866e-02 3.05889637e+04]
 [1.64426225e-02 2.50685931e+04]
 [1.17414072e-02 3.49337762e+04]
 [1.94647529e-02 2.27782153e+04]
 [1.13886132e-02 3.58897531e+04]
 [1.30216342e-02 3.17158605e+04]
 [3.71173379e-02 1.11993890e+04]
 [3.40388105e-02 1.20426117e+04]
 [3.30046431e-02 1.23418210e+04]
 [1.18571150e-02 3.41836615e+04]
 [1.00025391e-02 4.20855151e+04]
 [2.88227026e-02 1.41561592e+04]
 [3.94053843e-02 1.05055019e+04]
 [5.10726475e-02 8.47969825e+03]
 [1.02818626e-02 4.17357706e+04]
 [1.80682071e-02 2.40086417e+04]
 [4.57673613e-02 8.78387796e+03]
 [4.03563239e-02 1.03051440e+04]
 [9.64026224e-03 4.30186410e+04]
 [3.86167166e-02 1.07236839e+04]
 [5.74670995e-03 7.62949352e+04]
 [1.03257468e-02 4.03398475e+04]
 [1.55673831e-02 2.62677181e+04]
 [1.36363389e-02 3.10802414e+04]
 [1.06599844e-02 3.89901342e+04]
 [1.47972450e-02 2.74498941e+04]
 [4.68022884e-02 8.72596936e+03]
 [4.38138335e-02 9.32870700e+03]
 [3.97299105e-02 1.03575578e+04]
 [7.34908648e-03 5.54917649e+04]
 [5.19821274e-02 8.43696543e+03]
 [3.83222679e-02 1.07506590e+04]
 [7.93297591e-03 5.45242135e+04]
 [2.18160141e-02 1.91604016e+04]
 [1.88210588e-02 2.38400860e+04]
 [1.49966557e-02 2.70960574e+04]
 [1.05119868e-02 4.00293994e+04]
 [1.33730290e-02 3.13062362e+04]
 [4.08907696e-02 1.02004861e+04]
 [2.70622974e-02 1.49655332e+04]
 [4.10904858e-02 9.96322440e+03]
 [1.12324915e-02 3.69489836e+04]
 [1.23574973e-02 3.36019026e+04]
 [1.90195057e-02 2.35677894e+04]
 [1.24191167e-02 3.35385834e+04]
 [1.41330663e-02 2.93809331e+04]
 [9.46448924e-03 4.33749616e+04]
 [2.66202473e-02 1.51178364e+04]
 [3.02558039e-02 1.35278430e+04]
 [4.47576310e-02 9.08554061e+03]
 [1.42095724e-02 2.91431701e+04]
 [7.43834989e-03 5.48792818e+04]
 [3.44865692e-02 1.16446810e+04]
 [1.12849681e-02 3.66265036e+04]
 [1.05849393e-02 3.90311217e+04]
 [5.31275940e-03 9.34439256e+04]
 [4.42845491e-02 9.24995835e+03]
 [7.74078633e-03 5.47858191e+04]
 [1.52610864e-02 2.65060857e+04]
 [4.52238377e-02 9.05715571e+03]
 [3.41317729e-02 1.19337033e+04]
 [2.63915409e-02 1.53167388e+04]]
