[[3.60699608e+01 1.65566552e+01]
 [7.76812641e+00 3.22621992e+01]
 [2.61940879e+01 2.05456462e+01]
 [3.44753316e+01 1.71025222e+01]
 [3.38364045e+00 3.78835185e+01]
 [2.70786533e+01 2.03287759e+01]
 [7.01718697e+00 3.32064912e+01]
 [2.06701379e+01 2.30235463e+01]
 [8.35413583e+01 6.42080819e+00]
 [6.42545421e-02 4.82357273e+01]
 [4.34786818e+00 3.65027909e+01]
 [6.81555654e+01 8.66305532e+00]
 [8.89085385e-01 4.35860832e+01]
 [6.14466549e-01 4.47011988e+01]
 [1.45298019e+01 2.68269711e+01]
 [5.83176055e+01 1.06016468e+01]
 [7.04643053e+01 8.30666886e+00]
 [2.37133311e+01 2.18482271e+01]
 [7.07409588e+00 3.29968040e+01]
 [4.22734344e+01 1.46637253e+01]
 [5.10129214e+01 1.23026655e+01]
 [4.83307391e+01 1.30055861e+01]
 [3.09838326e+01 1.84529702e+01]
 [9.65869014e+01 5.29510110e+00]
 [6.08506073e+01 1.02258165e+01]
 [1.93888691e-01 4.71300901e+01]
 [3.56757064e+01 1.67682477e+01]
 [3.01435576e+00 3.87437753e+01]
 [4.66951383e+00 3.58988353e+01]
 [5.69893656e+01 1.08917859e+01]
 [2.20929934e+00 4.08396947e+01]
 [6.83382844e+01 8.64617576e+00]
 [4.34026601e+01 1.43443386e+01]
 [2.13531304e+01 2.26859973e+01]
 [5.00504672e+01 1.25116603e+01]
 [1.88251444e+01 2.41843976e+01]
 [5.13824242e-01 4.54694508e+01]
 [2.58119506e+00 3.96677531e+01]
 [4.03239394e+00 3.69383522e+01]
 [2.38404433e+01 2.15314788e+01]
 [4.75859928e+01 1.32989730e+01]
 [3.69837635e+01 1.63225093e+01]
 [8.64919865e+01 6.15676129e+00]
 [3.36542071e+01 1.74010150e+01]
 [3.20537255e+00 3.81544643e+01]
 [4.94481916e+00 3.56141364e+01]
 [2.83518875e+01 1.95538827e+01]
 [1.27649019e+01 2.80997480e+01]
 [6.48609556e+01 9.26874806e+00]
 [5.05834735e+01 1.23675360e+01]
 [3.43372301e+01 1.71514592e+01]
 [2.93429158e+01 1.92188071e+01]
 [4.08750715e+01 1.53341855e+01]
 [6.86101376e+01 8.59960061e+00]
 [1.53947590e+00 4.19630886e+01]
 [3.32924955e+01 1.75278511e+01]
 [6.24833876e+01 9.73494324e+00]
 [1.80763540e+01 2.44882536e+01]
 [8.53822722e+00 3.15749941e+01]
 [4.51499515e-02 4.85192815e+01]
 [5.87030794e+00 3.43648243e+01]
 [9.70194811e+00 3.05507146e+01]
 [9.69230135e+01 5.23806999e+00]
 [5.69202825e+01 1.09716583e+01]
 [3.42233856e+01 1.71904865e+01]
 [7.06127533e+01 8.27867905e+00]
 [3.67365870e+01 1.64339750e+01]
 [6.64523243e+01 8.98143454e+00]
 [5.10836594e+01 1.22365344e+01]
 [6.08547008e+01 1.01682551e+01]
 [7.59182106e+01 7.82641546e+00]
 [8.67182666e+01 6.11799110e+00]
 [4.09162309e+01 1.51729038e+01]
 [1.03849297e+02 5.15783678e+00]
 [6.16167292e+01 9.92983419e+00]
 [2.33484787e+01 2.22920757e+01]
 [2.13787131e-01 4.68444126e+01]
 [5.81361933e+01 1.06319549e+01]
 [2.70909754e+01 2.02444919e+01]
 [1.39147879e+01 2.72015526e+01]
 [8.05908784e+00 3.20704334e+01]
 [1.72075602e+01 2.51396200e+01]
 [6.08801175e+01 1.01459351e+01]
 [3.79753828e+00 3.73835406e+01]
 [3.07618294e+01 1.85313645e+01]
 [1.03467796e+01 3.00053554e+01]
 [8.69749225e-02 4.81429897e+01]
 [4.29554178e+01 1.44608112e+01]
 [4.88532149e+01 1.29536975e+01]
 [3.09915077e+01 1.83837633e+01]
 [5.98099471e+01 1.03341832e+01]
 [4.04595615e+01 1.55973250e+01]
 [7.71926115e+01 7.31745894e+00]
 [6.66144538e+01 8.94628805e+00]
 [4.43306453e+01 1.41330487e+01]
 [8.13722037e+01 7.07983286e+00]
 [6.49319588e+01 9.25749742e+00]
 [5.92991233e+01 1.05059178e+01]
 [3.36500824e-03 4.96765528e+01]
 [1.09278096e+01 2.93569582e+01]
 [9.13179936e+01 5.73793116e+00]
 [1.63786002e+00 4.18311365e+01]
 [3.41083009e+00 3.78714834e+01]
 [9.33412598e+01 5.58238195e+00]
 [2.63561641e+01 2.03602278e+01]
 [8.18328107e+01 6.61009809e+00]
 [8.47131858e+01 6.35421199e+00]
 [5.04940620e+01 1.24003924e+01]
 [4.50511383e+01 1.38140504e+01]
 [4.57371091e+00 3.62254082e+01]
 [3.86591441e+01 1.61038064e+01]
 [6.63482507e+00 3.35557265e+01]
 [3.87422702e+01 1.60013182e+01]
 [1.68106114e+01 2.52666308e+01]
 [3.41746067e+01 1.73648402e+01]
 [5.51508298e+01 1.13117789e+01]
 [7.82006776e+01 7.13622260e+00]
 [9.79602696e-01 4.33136705e+01]
 [2.49661139e+01 2.09332802e+01]
 [5.77526530e+01 1.07220305e+01]
 [2.85637882e+01 1.93991202e+01]
 [5.59774056e+00 3.48089204e+01]
 [6.93792963e+01 8.47391850e+00]
 [1.10754608e+02 4.54734654e+00]
 [1.40345987e+00 4.23089816e+01]
 [5.33448938e+01 1.18031150e+01]
 [1.09681887e+02 4.68729586e+00]
 [4.73389653e+01 1.33163579e+01]
 [8.26170605e+00 3.20503929e+01]
 [1.99340367e+01 2.34325687e+01]
 [7.95543051e-01 4.44981031e+01]
 [2.16161691e+01 2.26475282e+01]
 [1.16420854e+02 4.41477264e+00]
 [1.08111349e+01 2.96707260e+01]
 [4.72940445e+00 3.58608285e+01]
 [6.32103861e+00 3.38305801e+01]
 [1.62702537e+01 2.55476631e+01]
 [1.08336058e-02 4.92837596e+01]
 [4.68710369e+01 1.33512950e+01]
 [3.31294203e+01 1.77937990e+01]
 [6.08856053e+00 3.40749057e+01]
 [5.34224684e+01 1.16759092e+01]
 [4.58071857e+01 1.37331737e+01]
 [3.44545026e+00 3.77590584e+01]
 [2.51971251e+01 2.08179247e+01]
 [7.29686885e+01 7.86862667e+00]
 [7.20548500e+01 8.06620792e+00]
 [5.12545077e-01 4.58487034e+01]
 [1.00996614e+01 3.00531103e+01]
 [1.41967204e-01 4.78534398e+01]
 [6.43390380e+01 9.38586475e+00]
 [2.75702177e+01 1.98176744e+01]
 [4.33619930e+01 1.44315086e+01]
 [6.80876117e-01 4.45273028e+01]
 [8.34556012e+01 6.51183318e+00]
 [6.56429402e+01 9.12236443e+00]
 [4.27762736e+00 3.65670641e+01]
 [2.22991407e+01 2.23255193e+01]
 [5.75921580e+01 1.07556309e+01]
 [1.48648137e+01 2.65795198e+01]
 [1.93292799e+01 2.38172197e+01]
 [3.39923990e+01 1.73726171e+01]
 [4.99887371e+00 3.55503672e+01]
 [2.47388202e+01 2.10145555e+01]
 [3.19034424e+01 1.82912300e+01]
 [2.20630645e+01 2.23452410e+01]
 [8.14996868e+01 6.73120910e+00]
 [5.59564580e+01 1.11062062e+01]
 [1.38377132e+01 2.72762944e+01]
 [9.09469641e+01 5.76883934e+00]
 [8.99794511e+01 5.81356905e+00]
 [9.70839828e+01 5.21099242e+00]
 [8.83696411e+01 6.08272093e+00]
 [4.90283189e+01 1.27771545e+01]
 [1.91659231e+01 2.41835237e+01]
 [1.98209204e+00 4.10279603e+01]
 [6.96455168e+00 3.34499823e+01]
 [5.02596238e+01 1.24845339e+01]
 [3.85559525e+00 3.72133072e+01]
 [1.28203930e+00 4.25907246e+01]
 [2.61158932e+00 3.92811936e+01]
 [5.10301501e+01 1.22451140e+01]
 [1.28401640e+02 4.14575214e+00]
 [1.50859785e+01 2.63453747e+01]
 [6.35997134e+01 9.72937670e+00]
 [2.04660634e+01 2.31346907e+01]
 [2.62917359e+00 3.92018338e+01]
 [4.00271058e+01 1.56280893e+01]
 [4.61470724e+01 1.37103219e+01]
 [9.56439178e+01 5.45872867e+00]
 [1.31245359e+01 2.76643220e+01]
 [2.80477418e+01 1.96390556e+01]
 [4.27811231e+01 1.45022682e+01]
 [4.80369709e+00 3.57328751e+01]
 [3.60106952e+01 1.65704278e+01]
 [1.00862646e+01 3.00662042e+01]
 [1.51028466e+00 4.22717756e+01]
 [3.52685966e+01 1.68248098e+01]
 [4.77014267e+01 1.30886900e+01]
 [9.83446006e+00 3.03915118e+01]
 [5.69722663e+01 1.09465243e+01]
 [2.30401234e+00 3.98665775e+01]
 [1.15700639e+00 4.28268432e+01]
 [9.29916697e+01 5.62420807e+00]
 [6.81060583e+01 8.67265237e+00]
 [3.19689492e+01 1.80409452e+01]
 [2.96978028e+01 1.90552527e+01]
 [9.67138608e+01 5.25270773e+00]
 [1.38567673e+01 2.72392859e+01]
 [1.17183276e+02 4.28472302e+00]
 [1.50945085e+01 2.63161631e+01]
 [5.43491707e+00 3.48784661e+01]
 [7.60910096e+01 7.41500732e+00]
 [1.06747318e+02 4.71451665e+00]
 [3.91199276e+01 1.57840146e+01]
 [4.05569885e+01 1.54282287e+01]
 [6.14831884e+01 9.93952501e+00]
 [9.34982048e+01 5.55519156e+00]
 [3.12205848e+01 1.83255849e+01]
 [4.95861375e+01 1.26633523e+01]
 [1.23489080e+01 2.84407126e+01]
 [9.16042265e+00 3.10677016e+01]
 [6.19831780e+01 9.83308148e+00]
 [2.71283132e-03 4.97062746e+01]
 [1.02674760e+00 4.32827772e+01]
 [1.97380618e-02 4.90920974e+01]
 [1.03647018e+01 2.98344947e+01]
 [8.71888077e-01 4.43025173e+01]
 [2.38791200e+01 2.14195732e+01]
 [7.02563722e+00 3.31953555e+01]
 [7.75436731e-03 4.94760892e+01]
 [4.38350613e+01 1.41429692e+01]
 [7.75134070e+01 7.17454435e+00]
 [1.80190192e+01 2.44896621e+01]
 [3.45698922e+00 3.77481378e+01]
 [4.42213577e+00 3.63818531e+01]
 [7.01110734e+01 8.32285489e+00]
 [9.33308250e+01 5.58365744e+00]
 [3.98903891e-01 4.58773717e+01]
 [5.64103548e+00 3.47458375e+01]
 [7.19013169e+01 8.06936543e+00]
 [1.73994174e+01 2.48701371e+01]
 [5.14255062e+01 1.21970958e+01]
 [4.16270541e+01 1.48388146e+01]
 [2.75494397e+01 1.99126700e+01]
 [8.18290262e+01 6.61072974e+00]
 [9.66399537e+00 3.10287777e+01]
 [8.49596840e+01 6.31163644e+00]
 [7.30974681e+00 3.27161108e+01]
 [5.08220774e+00 3.53874953e+01]
 [3.93205125e+00 3.69669324e+01]
 [2.59647809e+01 2.05852801e+01]
 [6.09889498e+01 1.00261773e+01]
 [1.94969238e+01 2.36681850e+01]
 [1.12678864e+02 4.52740996e+00]
 [9.51901442e+01 5.53941990e+00]
 [4.43954100e+01 1.39994507e+01]
 [6.00025062e+00 3.41818150e+01]
 [8.16005633e+01 6.64663460e+00]
 [1.32054931e-01 4.79189891e+01]
 [3.35335824e-03 4.96807777e+01]
 [4.05337655e+01 1.54643971e+01]
 [3.38644797e-01 4.59710051e+01]]
