[[1.86260211e-03 3.45560727e-03 1.79353495e+00]
 [4.30247271e-03 9.73802078e-03 2.35560178e+00]
 [1.98569888e-03 4.26701009e-03 1.68669248e+00]
 [5.41559379e-03 9.74740371e-03 2.27320880e+00]
 [3.81016124e-03 7.49858311e-03 2.02228296e+00]
 [2.74119775e-03 5.60529991e-03 2.34345957e+00]
 [4.44117107e-03 8.28135361e-03 1.85269631e+00]
 [4.32981507e-03 9.09311989e-03 2.21095800e+00]
 [1.15103041e-03 2.27001165e-03 2.19196477e+00]
 [9.94405629e-04 1.15035012e-03 1.74681426e+00]
 [3.93884008e-03 6.88955048e-03 1.80800322e+00]
 [3.72748802e-03 7.10354578e-03 1.91128685e+00]
 [6.05212895e-03 9.90406197e-03 2.54783250e+00]
 [1.01581476e-03 2.25806922e-03 2.94264094e+00]
 [2.69654701e-03 5.90546522e-03 1.76106815e+00]
 [4.06288428e-03 7.43749196e-03 1.57597376e+00]
 [8.48018217e-04 2.02463036e-03 2.70847595e+00]
 [2.31462936e-03 4.26821349e-03 1.49622293e+00]
 [9.04097157e-04 1.28975984e-03 1.21052505e+00]
 [2.37214058e-03 5.39490891e-03 2.49856157e+00]
 [1.86155670e-03 4.71819063e-03 2.96364884e+00]
 [1.32906238e-03 2.83462432e-03 2.60128235e+00]
 [1.08067485e-03 1.91272052e-03 1.77409247e+00]
 [2.78504172e-03 6.14781891e-03 2.33033671e+00]
 [1.55528584e-03 3.17817550e-03 1.68796635e+00]
 [6.56219990e-04 1.80729214e-03 2.38861388e+00]
 [1.50739659e-03 2.43763977e-03 2.09336914e+00]
 [1.84748152e-03 4.30973654e-03 2.74649084e+00]
 [1.43710056e-03 2.61362870e-03 2.09336914e+00]
 [3.26840562e-03 7.50262920e-03 2.50124864e+00]
 [1.98569888e-03 4.26701009e-03 1.70241374e+00]
 [2.90633378e-03 4.64498841e-03 1.88761040e+00]
 [9.04097157e-04 1.28975984e-03 1.17027413e+00]
 [3.26239195e-03 4.94646848e-03 1.63005418e+00]
 [9.78420783e-04 2.04449079e-03 2.39153492e+00]
 [4.30333120e-03 9.22264991e-03 2.35560178e+00]
 [3.73703567e-03 8.21442353e-03 2.38535544e+00]
 [2.34115934e-03 4.43921601e-03 2.29313917e+00]
 [3.34483694e-03 5.86429421e-03 1.41316170e+00]
 [1.18730405e-03 2.72300857e-03 2.90158567e+00]
 [2.78504172e-03 5.81520346e-03 1.94409578e+00]
 [3.64702673e-03 7.06789181e-03 1.69068293e+00]
 [4.47156167e-03 8.55841526e-03 1.76656062e+00]
 [2.69919368e-03 5.17767649e-03 1.50909235e+00]
 [1.79578362e-03 4.29131806e-03 2.69874220e+00]
 [5.41559379e-03 9.74740371e-03 2.27349923e+00]
 [7.77145703e-04 2.15221492e-03 1.98441225e+00]
 [1.74376080e-03 2.98193896e-03 2.08824277e+00]
 [5.56443372e-03 9.98063903e-03 2.24867340e+00]
 [2.79183679e-03 5.84337673e-03 1.92168044e+00]
 [2.78504172e-03 6.14781891e-03 2.20764989e+00]
 [7.84457847e-04 1.11093598e-03 1.29836737e+00]
 [2.36864892e-03 4.64072132e-03 2.48765171e+00]
 [4.92232375e-03 9.53246083e-03 1.66938877e+00]
 [2.74016251e-03 5.90546522e-03 1.76106815e+00]
 [1.89779315e-03 4.28037469e-03 2.29577236e+00]
 [3.44305917e-03 7.26174405e-03 1.99098996e+00]
 [1.22282668e-03 2.14074081e-03 2.07898844e+00]
 [6.05212895e-03 9.90406197e-03 2.56589393e+00]
 [4.06288428e-03 6.83853891e-03 1.51873697e+00]
 [1.14091944e-03 2.36556934e-03 1.70830188e+00]
 [5.30367626e-03 9.98519463e-03 1.77922403e+00]
 [4.13442809e-03 8.16835109e-03 2.17858294e+00]
 [1.14212229e-03 2.30196586e-03 2.75098343e+00]
 [1.47108793e-03 3.17354036e-03 2.32123748e+00]
 [1.44092379e-03 3.24138530e-03 1.94067573e+00]
 [4.03749027e-03 8.60426606e-03 2.44253686e+00]
 [6.41028800e-04 2.04691771e-03 2.02134667e+00]
 [8.00480237e-04 1.28975984e-03 1.21052505e+00]
 [2.27517392e-03 3.78831169e-03 1.83711934e+00]
 [3.77767719e-03 7.71732975e-03 2.05160394e+00]]
