[[1.52610864e-02 2.65060857e+04]
 [1.69870331e-02 2.59225653e+04]
 [4.91232333e-02 8.96634650e+03]
 [3.93752889e-02 1.06532184e+04]
 [3.39946541e-02 1.19017793e+04]
 [3.99955887e-02 1.06219886e+04]
 [2.69897406e-02 1.55173060e+04]
 [3.70128177e-02 1.09776149e+04]
 [1.07192317e-02 3.87363394e+04]
 [2.36734457e-02 1.87026776e+04]
 [3.18475519e-02 1.27103137e+04]
 [5.58102404e-02 8.67738208e+03]
 [1.20622167e-02 3.74183468e+04]
 [3.13492445e-02 1.34289154e+04]
 [4.37664957e-02 9.35419140e+03]
 [9.94202140e-03 4.21205463e+04]
 [5.80348224e-03 8.04541568e+04]
 [5.25064956e-03 9.90916651e+04]
 [2.57065886e-02 1.59723699e+04]
 [2.40249579e-02 1.80470326e+04]
 [1.42412880e-02 3.02360048e+04]
 [8.62407872e-03 4.80120660e+04]
 [2.84826754e-02 1.42657777e+04]
 [1.29877897e-02 3.30752248e+04]
 [7.73724338e-03 5.94455362e+04]
 [2.90637842e-02 1.38857811e+04]
 [2.29386051e-02 1.91868348e+04]
 [6.39436901e-03 7.40431534e+04]
 [1.70144863e-02 2.46728070e+04]
 [1.21628554e-02 3.63148152e+04]
 [2.80623321e-02 1.53199405e+04]
 [5.23690759e-02 8.69586136e+03]
 [1.02886518e-02 3.96711992e+04]
 [4.96568056e-02 8.82553175e+03]
 [2.05481138e-02 2.20175133e+04]
 [5.48876371e-03 8.33106185e+04]
 [2.09382218e-02 2.06011615e+04]
 [3.36466166e-02 1.25779148e+04]
 [3.05968242e-02 1.37756940e+04]
 [2.49213938e-02 1.62150012e+04]
 [7.76973588e-03 5.59636228e+04]
 [5.78524638e-03 8.08529164e+04]
 [2.62035065e-02 1.58837209e+04]
 [7.12704084e-02 8.52948413e+03]
 [6.39407966e-03 7.40652908e+04]
 [4.46820935e-02 9.08670151e+03]
 [8.17302226e-03 5.02446342e+04]
 [4.03118339e-02 1.03892905e+04]
 [3.15061557e-02 1.29168216e+04]
 [2.05910434e-02 2.13314171e+04]
 [2.47307693e-02 1.79375924e+04]
 [1.73667532e-02 2.44081436e+04]
 [1.38918286e-02 3.11185069e+04]
 [3.45464311e-02 1.18298299e+04]
 [2.11895822e-02 1.97473066e+04]
 [3.14429824e-02 1.33407759e+04]
 [1.01308440e-02 4.03155354e+04]
 [3.62903136e-02 1.11508389e+04]
 [5.21081142e-02 8.81168418e+03]
 [4.08793431e-02 1.02004059e+04]
 [7.12231791e-03 6.55300814e+04]
 [1.39442676e-02 3.08655086e+04]
 [3.52403652e-02 1.16340432e+04]
 [4.17057396e-02 9.65590185e+03]
 [3.80894079e-02 1.09233678e+04]
 [2.17225034e-02 1.97211266e+04]
 [4.05700612e-02 1.03002088e+04]
 [5.29103028e-03 9.78856009e+04]
 [5.60208424e-02 8.61556031e+03]
 [1.87553286e-02 2.25924489e+04]
 [2.36872921e-02 1.83719910e+04]
 [1.29843358e-02 3.31252384e+04]]
