[[1.52610864e-02 2.65060857e+04]
 [4.48927166e-02 9.16056255e+03]
 [3.93752889e-02 1.06532184e+04]
 [2.69897406e-02 1.55173060e+04]
 [3.70128177e-02 1.09776149e+04]
 [1.07192317e-02 3.87363394e+04]
 [2.36734457e-02 1.87026776e+04]
 [8.73430708e-03 4.97827473e+04]
 [3.18475519e-02 1.27103137e+04]
 [8.75209828e-03 4.80100325e+04]
 [1.89789793e-02 2.13099335e+04]
 [4.60513040e-02 8.87630212e+03]
 [1.69401167e-02 2.46387433e+04]
 [3.22249210e-02 1.27065188e+04]
 [1.32858209e-02 3.29112575e+04]
 [1.49816987e-02 2.81957380e+04]
 [2.72025694e-02 1.55115675e+04]
 [2.05416027e-02 2.02480446e+04]
 [1.38851671e-02 3.05875509e+04]
 [1.02828368e-02 4.49013695e+04]
 [4.27056126e-02 9.59471493e+03]
 [6.47658720e-02 8.51511499e+03]
 [4.35614300e-02 9.29174359e+03]
 [7.79093425e-03 5.79947661e+04]
 [4.16056584e-02 9.63384557e+03]
 [4.54965215e-02 8.92483634e+03]
 [2.49707295e-02 1.73140613e+04]
 [2.75490095e-02 1.54254752e+04]
 [8.73166419e-03 4.98155741e+04]
 [2.59214274e-02 1.61719878e+04]
 [2.32746249e-02 1.90613408e+04]
 [2.81481148e-02 1.44099281e+04]
 [1.69402566e-02 2.46384826e+04]
 [3.38927888e-02 1.18975243e+04]
 [3.91806395e-02 1.07568377e+04]
 [4.34408595e-02 9.54843223e+03]
 [1.73872864e-02 2.39650705e+04]
 [3.89104361e-02 1.08085374e+04]
 [3.60481004e-02 1.12611602e+04]
 [2.00372143e-02 2.05866701e+04]
 [2.43514563e-02 1.75912487e+04]
 [3.87180899e-02 1.09223802e+04]
 [1.03680261e-02 4.01648127e+04]
 [7.71734734e-03 6.27012227e+04]
 [2.77113219e-02 1.50599054e+04]
 [3.94719137e-02 1.02882875e+04]
 [6.30869179e-03 6.48896061e+04]
 [5.49461670e-02 8.61772658e+03]
 [7.82343960e-03 5.24473048e+04]
 [5.27791101e-02 8.75370236e+03]
 [7.63430691e-02 8.46964361e+03]
 [3.41320680e-02 1.17798256e+04]
 [2.59215626e-02 1.60638433e+04]
 [5.93441599e-03 9.72024079e+04]
 [8.95622532e-03 4.56098139e+04]
 [2.16107879e-02 1.95201357e+04]
 [3.38920825e-02 1.18976207e+04]
 [4.29305192e-02 9.55229691e+03]
 [2.51889229e-02 1.66755487e+04]
 [1.04430233e-02 3.97271460e+04]
 [3.08339238e-02 1.32228531e+04]
 [1.16978631e-02 3.47958466e+04]
 [2.92929635e-02 1.42078977e+04]
 [4.78707320e-02 8.79573766e+03]
 [6.11696067e-03 6.72520513e+04]
 [1.17921612e-02 3.40957341e+04]
 [1.36363534e-02 3.15063425e+04]
 [1.08812198e-02 3.84040103e+04]
 [7.27936100e-03 6.36321756e+04]
 [3.34743801e-02 1.21170415e+04]
 [1.70274822e-02 2.42310665e+04]
 [1.68124434e-02 2.48807193e+04]
 [4.47950234e-02 9.20559084e+03]
 [1.11646860e-02 3.67529953e+04]
 [3.56107872e-02 1.13850611e+04]
 [5.66959100e-02 8.57931993e+03]
 [5.80481949e-02 8.56883040e+03]
 [1.46607127e-02 3.00627551e+04]]
