[[2.08511002 2.16097348]
 [0.73377945 0.27701578]
 [0.93130106 1.03668218]
 [1.98383737 1.6164502 ]
 [2.09597257 2.0556585 ]
 [2.08652401 1.67606949]
 [0.70193469 0.59430447]
 [1.05814058 0.79663998]
 [1.63322451 1.58117431]
 [3.45448459 2.99196855]
 [0.09940067 0.07863296]
 [2.76410989 2.52609268]
 [0.62086658 0.83755104]
 [2.92879636 2.90878724]
 [0.29958845 0.36403037]
 [0.22275939 0.32248239]
 [1.1992388  1.48130914]
 [2.62335155 2.77442391]
 [3.08389179 2.84704896]
 [0.88098128 0.99619072]
 [2.9100709  2.63649595]
 [2.16838174 2.42208159]
 [1.42788141 1.76050002]
 [0.99284944 1.28010303]
 [2.63857323 2.40648325]
 [2.59505814 2.31265173]
 [2.07924359 1.8500552 ]
 [3.91374707 2.97141535]
 [1.10716367 0.80121606]
 [0.09166321 0.20017499]
 [0.72779116 0.47319021]
 [0.73396187 0.79289245]
 [2.58633799 2.74921756]
 [0.284822   0.68644101]
 [2.46035901 2.19027363]
 [1.69354013 1.57168841]
 [2.52259585 2.02154702]
 [2.42214223 2.57795342]
 [1.37059888 1.68158997]
 [1.07056068 0.59684377]
 [0.13313942 0.33276111]
 [0.79916825 0.60780638]
 [2.01610236 2.27624079]
 [3.58464501 2.96197852]
 [1.87437972 2.31096758]
 [2.00932962 2.09192406]
 [0.60383592 0.66085196]
 [1.72849411 2.02491481]
 [1.10741028 1.40173747]
 [1.57382844 1.88056681]
 [2.86636136 2.82828773]
 [2.45772575 2.57010749]
 [2.09289013 2.0503947 ]
 [1.47644397 1.63236415]
 [2.43960746 2.56606924]
 [2.57087522 2.62599818]
 [0.91976721 1.38851736]
 [0.80755385 1.02732192]
 [2.14018735 1.79780927]
 [2.8968027  2.77411254]
 [1.14602514 1.30165013]
 [3.154796   2.94277103]
 [2.51754755 2.8977992 ]
 [2.49966186 2.33129469]
 [1.99609303 2.39088676]
 [1.90540746 1.97803481]
 [0.354592   0.45781196]
 [0.08287941 0.34138907]
 [1.60513157 1.67373598]
 [0.19864353 0.21100032]
 [2.69824555 2.6857811 ]
 [1.26790875 0.82142911]
 [1.64180695 1.64269281]
 [0.71396641 0.28230082]
 [1.93002006 1.71462628]
 [0.19929963 0.40437935]
 [0.967082   1.0069914 ]
 [2.16177797 2.5431014 ]
 [1.24145364 0.88523573]
 [3.01091827 2.89070126]
 [1.72839607 1.78687529]
 [1.5264415  1.11496373]
 [2.24368629 2.1129402 ]
 [0.88339447 1.17329737]
 [1.17538818 1.38480624]
 [1.10099301 0.66364186]
 [2.18894008 1.80075602]
 [3.91374707 2.90278544]
 [2.4539378  2.99047629]
 [2.53427252 2.83608265]
 [2.93264413 2.91115948]
 [1.04017948 0.59537107]
 [1.68764137 2.08510802]
 [2.19421807 2.16097348]
 [1.18299002 1.37646014]
 [2.57087522 2.55246347]
 [2.47058133 2.75844174]
 [0.06763403 0.09446358]
 [4.05662033 2.97141535]
 [1.30357536 1.62181006]
 [0.23706013 0.69900073]
 [1.98517789 1.9787485 ]
 [2.95027797 2.84704896]
 [2.80631661 2.81892729]
 [2.96832548 2.92135062]
 [2.79600227 2.83936569]
 [1.01338946 1.01509339]
 [1.51342329 1.69349496]
 [0.42522098 0.29907507]
 [1.61727705 1.21249464]
 [4.71881547 2.99339567]
 [2.86084395 2.72890657]
 [2.7256607  2.76907361]
 [0.17228662 0.11716435]
 [2.9013153  2.74649073]
 [1.5528539  1.65877995]
 [2.57072795 2.54336413]
 [2.75836992 2.92930367]
 [1.65138468 2.13489252]
 [0.62411272 0.87431978]
 [1.83677429 1.58378312]
 [1.34418908 1.46025223]
 [2.14184939 2.43489602]
 [1.77436064 1.75895414]
 [3.17685481 2.95174611]
 [1.19371191 1.07118989]
 [3.47216414 2.99196855]
 [3.96784026 2.95082289]
 [1.23409482 1.19653688]
 [1.23068081 1.39157335]
 [2.58900862 2.57795342]
 [2.30763426 1.98003389]
 [1.76129263 1.42127449]
 [2.99575157 2.46605444]
 [1.22224    0.96208072]
 [1.86537973 2.17799396]
 [2.39450967 2.19161488]
 [0.44037588 0.73899056]
 [4.21056645 2.92576097]
 [3.91864816 2.86807907]
 [0.1348524  0.09446358]
 [2.56627422 2.27222388]
 [0.91976721 1.38645412]
 [1.89353818 2.19622094]
 [0.18915162 0.48085868]
 [1.58905355 1.83100606]
 [1.11123621 1.24654868]
 [2.72005059 2.52591226]
 [1.30940202 0.8849294 ]
 [3.04633878 2.8788941 ]
 [4.38788482 2.99404997]
 [2.0010759  2.01741795]
 [0.86372658 1.2146685 ]
 [1.03349569 1.43194582]
 [3.58344567 2.99392503]
 [0.14491628 0.13334908]
 [3.07047249 2.84728916]
 [1.95608019 1.61216013]
 [0.64507754 1.09464341]
 [0.71522034 0.66085196]
 [4.25427974 2.91420945]
 [3.68553218 2.971643  ]
 [1.75862228 1.94909434]
 [0.2288915  0.07885398]
 [3.19770039 2.94960427]
 [0.62798139 0.49657667]
 [2.33186021 2.19027363]
 [1.9742524  2.09300087]
 [3.45448459 2.99118094]
 [2.79199738 2.74436606]
 [3.92664614 2.9226086 ]
 [3.5136411  2.90335788]
 [0.06763403 0.08481288]
 [2.54253897 1.91505521]
 [1.87485766 1.74407678]
 [1.07056068 0.5931575 ]
 [2.72005059 2.21772349]
 [1.69351261 1.6079464 ]
 [2.48695584 2.57795342]
 [2.85357926 2.89847124]
 [2.83684871 2.52321951]
 [3.20322966 2.93851392]
 [1.57071378 1.30005266]
 [1.92544852 1.98867712]
 [2.23074256 2.44665192]
 [1.86619199 1.80878016]
 [1.6791369  1.66985176]
 [3.34740129 2.9336201 ]
 [2.92471642 2.92228898]
 [4.62552687 2.9899154 ]
 [3.5971313  2.92210113]
 [3.20107168 2.98155081]
 [0.80932298 0.60780638]
 [3.19535398 2.99792142]
 [2.63775108 2.56452198]
 [4.39999144 2.96808365]
 [1.4186425  1.71066821]
 [2.42214223 2.58097063]
 [1.1102457  1.5421006 ]
 [1.56343603 1.19394362]
 [0.85523838 0.97348927]
 [1.43405525 1.52495419]
 [3.41455526 2.62013168]
 [1.4413007  1.80092342]
 [2.38347272 2.1997352 ]
 [3.06984404 2.84704896]
 [4.4839234  2.99329754]
 [2.71155268 2.49805454]
 [0.71536613 1.00643853]
 [2.03837462 1.86912516]
 [1.55829097 1.457972  ]
 [3.73615377 2.94943631]
 [2.27290144 2.59405843]
 [2.46035901 2.16098814]
 [1.673626   1.76947094]
 [3.76938094 2.94003699]
 [0.84970357 0.46795846]
 [1.4097369  1.40771661]
 [0.76777584 1.07224533]
 [2.77333655 2.51381577]
 [0.60210615 0.55647482]
 [4.9564062  2.98935138]
 [1.42304502 1.58273994]
 [0.72738756 0.83755104]
 [2.24519941 2.41857766]
 [4.05469803 2.97717501]
 [0.75326894 1.13239748]
 [3.46952676 2.97141535]
 [2.54323745 2.19603768]
 [0.51834706 0.39950835]
 [3.1855005  2.97708659]
 [1.7798945  2.03772345]
 [1.62268997 1.28941676]
 [4.68678395 2.98229156]
 [3.28601324 2.7939371 ]
 [2.04307925 1.78790717]
 [4.6258144  2.98483797]
 [2.49874991 2.60632215]
 [4.26508651 2.98495069]
 [3.51397811 2.96380667]
 [2.22836478 1.98720709]
 [1.22182198 1.48965236]
 [3.154796   2.97902835]
 [3.3818824  2.99414589]
 [1.93656391 2.26890208]]
