[[3.60699608e+01 1.65566552e+01]
 [7.76812641e+00 3.22621992e+01]
 [2.61940879e+01 2.05456462e+01]
 [3.44753316e+01 1.71025222e+01]
 [3.38364045e+00 3.78835185e+01]
 [7.01718697e+00 3.32064912e+01]
 [2.06701379e+01 2.30235463e+01]
 [8.35413583e+01 6.42080819e+00]
 [6.42545421e-02 4.82357273e+01]
 [6.81555654e+01 8.66305532e+00]
 [8.89085385e-01 4.35860832e+01]
 [6.14466549e-01 4.47011988e+01]
 [1.45298019e+01 2.68269711e+01]
 [5.83176055e+01 1.06016468e+01]
 [7.04643053e+01 8.30666886e+00]
 [2.37133311e+01 2.18482271e+01]
 [7.07409588e+00 3.29968040e+01]
 [6.16784942e+01 9.95395502e+00]
 [7.64913006e+01 7.61132999e+00]
 [1.04976551e+01 2.98948891e+01]
 [5.10129214e+01 1.23026655e+01]
 [4.83307391e+01 1.30055861e+01]
 [1.04383508e+01 3.05546152e+01]
 [3.09838326e+01 1.84529702e+01]
 [9.65869014e+01 5.29510110e+00]
 [8.61160919e+00 3.19010647e+01]
 [7.47103428e+00 3.27839613e+01]
 [1.93888691e-01 4.71300901e+01]
 [3.56757064e+01 1.67682477e+01]
 [3.01435576e+00 3.87437753e+01]
 [4.66951383e+00 3.58988353e+01]
 [5.69893656e+01 1.08917859e+01]
 [2.62542348e+00 3.94629533e+01]
 [6.83382844e+01 8.64617576e+00]
 [2.13531304e+01 2.26859973e+01]
 [5.00504672e+01 1.25116603e+01]
 [1.88251444e+01 2.41843976e+01]
 [6.00929066e+00 3.48282781e+01]
 [5.13824242e-01 4.54694508e+01]
 [4.03239394e+00 3.69383522e+01]
 [2.38404433e+01 2.15314788e+01]
 [3.69837635e+01 1.63225093e+01]
 [8.64919865e+01 6.15676129e+00]
 [3.54154819e+01 1.70003975e+01]
 [3.36542071e+01 1.74010150e+01]
 [3.20537255e+00 3.81544643e+01]
 [2.83518875e+01 1.95538827e+01]
 [1.27649019e+01 2.80997480e+01]
 [2.40538698e+01 2.14695150e+01]
 [6.48609556e+01 9.26874806e+00]
 [5.05834735e+01 1.23675360e+01]
 [3.43372301e+01 1.71514592e+01]
 [1.93779981e+01 2.37564183e+01]
 [5.01455835e+01 1.24796289e+01]
 [6.33070848e+01 9.61319687e+00]
 [5.40210633e+01 1.15365319e+01]
 [6.83013424e+00 3.33587758e+01]
 [3.12500802e+01 1.84325539e+01]
 [6.43486652e+01 9.37801384e+00]
 [1.20306667e+01 2.85309140e+01]
 [7.44505565e+01 7.63696884e+00]
 [4.67329773e+01 1.33736789e+01]
 [3.88029074e+01 1.58309290e+01]
 [3.01727971e+01 1.87087766e+01]
 [1.34130912e+00 4.22112876e+01]
 [2.15113580e+01 2.25891640e+01]
 [3.35921562e-01 4.59875418e+01]
 [5.79757966e+01 1.06536827e+01]
 [9.12935351e+00 3.13889598e+01]
 [2.15758789e+01 2.25489721e+01]
 [2.66596827e+01 2.02184574e+01]
 [2.58182713e+01 2.08055238e+01]
 [8.12972023e-01 4.41664531e+01]
 [7.79711709e+00 3.22085453e+01]
 [9.29939777e+00 3.10579557e+01]
 [1.79399730e+01 2.52554634e+01]
 [6.96871304e+01 8.40558730e+00]
 [2.47211051e+01 2.10275627e+01]
 [3.79945778e+01 1.59323796e+01]
 [8.62804999e+00 3.15900942e+01]
 [1.31969028e+01 2.76972815e+01]
 [1.41242585e+01 2.76082919e+01]
 [1.05494764e+01 2.98658082e+01]
 [2.77386830e+00 3.89277638e+01]
 [4.67663491e+01 1.33526234e+01]
 [2.37216027e+01 2.17945128e+01]
 [4.21620745e+01 1.46265005e+01]
 [3.75361146e+00 3.72747338e+01]
 [5.38580768e+01 1.16485177e+01]
 [6.96135576e+01 8.42397176e+00]
 [3.26021873e+01 1.77876950e+01]
 [8.02485554e+01 7.11869063e+00]
 [3.27101692e+01 1.77589149e+01]
 [6.91123586e+01 8.55038487e+00]
 [7.01730799e+01 8.31113849e+00]
 [3.91416147e+01 1.55467138e+01]
 [1.79816284e+01 2.45904349e+01]
 [5.32432904e+01 1.18283137e+01]
 [1.14352050e+02 4.60422727e+00]
 [6.91922583e-01 4.44418788e+01]
 [7.19408245e+01 8.01237546e+00]
 [2.02291111e+00 4.05086490e+01]
 [2.62728519e-01 4.64450476e+01]
 [5.34718436e+01 1.16612434e+01]
 [4.50652135e+01 1.38072019e+01]
 [1.21033246e+01 2.84498708e+01]
 [1.02984042e+00 4.31941739e+01]
 [4.28413418e+00 3.64353428e+01]
 [6.06772742e+01 1.00926354e+01]
 [5.17815690e+01 1.20756660e+01]
 [5.00753781e+01 1.24841183e+01]
 [3.64208919e+01 1.64783257e+01]
 [2.05031630e+01 2.31204647e+01]
 [5.52778958e+01 1.14322952e+01]
 [2.08699861e+01 2.29201545e+01]
 [1.19158618e+01 2.86011782e+01]
 [3.60147008e+01 1.66956781e+01]
 [1.41624463e+00 4.19642958e+01]
 [2.18207191e+00 4.01005677e+01]
 [1.11394377e+02 4.68970831e+00]
 [7.09630621e+01 8.18251721e+00]
 [7.32905725e+01 7.80331402e+00]
 [4.81591284e+01 1.31756947e+01]
 [6.39186693e+01 9.46243930e+00]
 [2.99171409e+01 1.88154538e+01]
 [5.68011641e+00 3.48922452e+01]
 [5.79406439e+01 1.06615388e+01]
 [8.69985118e+00 3.15208134e+01]
 [6.17388396e+01 9.88386160e+00]
 [2.76710956e+01 1.97216465e+01]
 [3.39703682e+01 1.72797952e+01]
 [3.11710112e+01 1.84462971e+01]
 [4.17584919e+01 1.48478127e+01]
 [1.14221603e+01 2.90338290e+01]
 [7.29884071e+01 7.85652240e+00]
 [6.65957702e+00 3.35761655e+01]
 [6.60622646e+01 9.04404406e+00]
 [7.26387335e+00 3.28149341e+01]
 [1.89935255e+01 2.39542084e+01]
 [1.87070036e+00 4.11537541e+01]
 [2.03279564e+01 2.34982790e+01]
 [2.74869006e+01 2.01191825e+01]
 [1.59957415e+00 4.15930845e+01]
 [4.90219390e+01 1.27469474e+01]
 [4.65904102e+00 3.60155754e+01]
 [1.13347372e+01 2.94563357e+01]
 [3.07163213e+01 1.85980647e+01]
 [4.64265309e+01 1.34264990e+01]
 [1.93331383e+01 2.37586335e+01]
 [2.67069890e-02 4.89146169e+01]
 [3.32248921e+01 1.75498963e+01]
 [4.20330840e+00 3.66321868e+01]
 [2.17820106e+01 2.24909975e+01]
 [2.24515238e-01 4.69176878e+01]
 [6.56600495e+01 9.11759385e+00]
 [7.74924529e+01 7.49476067e+00]
 [1.16998967e+02 4.32575806e+00]
 [1.06647751e+02 4.95781190e+00]
 [4.72320855e+01 1.32656363e+01]
 [3.64212141e+01 1.64322151e+01]
 [3.75363236e+01 1.60791654e+01]
 [8.89895707e+01 5.85090151e+00]
 [1.69634686e+01 2.53242018e+01]
 [7.32857225e+01 7.81880530e+00]
 [3.16604771e+01 1.81619102e+01]
 [1.90722716e+00 4.09848817e+01]
 [1.24966132e+01 2.83845227e+01]
 [3.01764851e+01 1.87042411e+01]
 [6.73428209e+01 8.83738958e+00]
 [3.77516735e+01 1.59950641e+01]
 [4.99984196e+01 1.25238977e+01]
 [4.42648508e+01 1.40640860e+01]
 [3.52307900e+01 1.70543411e+01]
 [1.72902877e+01 2.52912487e+01]
 [1.09367107e+02 4.84951325e+00]
 [2.24258177e+01 2.21283030e+01]
 [3.92410480e+01 1.55404061e+01]
 [6.92725059e+01 8.46734181e+00]
 [5.58505973e+01 1.12858988e+01]
 [1.90710697e+01 2.39160583e+01]
 [3.64214616e+01 1.64318867e+01]
 [2.85131191e+01 1.93741284e+01]
 [4.67089150e+01 1.33835806e+01]
 [4.93765362e+00 3.55315589e+01]
 [4.52717809e+01 1.37741689e+01]
 [3.39287521e-01 4.59692372e+01]
 [5.67522968e+01 1.10306043e+01]
 [4.04623823e+01 1.52337540e+01]
 [1.83288223e+01 2.43412516e+01]
 [1.16439947e+02 4.50078217e+00]
 [3.90638243e+01 1.56729439e+01]
 [2.92676042e+01 1.90655165e+01]
 [6.34048352e+00 3.37809337e+01]
 [3.29295970e+01 1.76696246e+01]
 [2.48220261e-01 4.65421078e+01]
 [1.41245320e+01 2.69617110e+01]
 [3.06433898e+00 3.85297634e+01]
 [7.37960749e+01 7.72281932e+00]
 [3.56281737e-01 4.58998052e+01]
 [5.67126582e+00 3.54840570e+01]
 [4.25709251e+01 1.45892126e+01]
 [2.28914599e+01 2.21036468e+01]
 [4.11102805e+01 1.50390066e+01]
 [4.10419266e+00 3.68066287e+01]
 [3.97727974e+01 1.53589510e+01]
 [9.97017826e+01 5.16930706e+00]
 [1.58257399e+01 2.59153452e+01]
 [3.48235653e+01 1.70995572e+01]
 [5.60407548e+01 1.10818541e+01]
 [5.32110517e-01 4.51223954e+01]
 [5.87319890e+01 1.04964980e+01]
 [3.21925913e+00 3.81301033e+01]
 [2.82646248e+01 1.96666160e+01]
 [5.33988193e+01 1.16787711e+01]
 [2.89087865e+01 1.92115447e+01]
 [4.18792978e+01 1.47102792e+01]
 [6.64530850e+01 8.97853472e+00]
 [1.00339617e+00 4.32492517e+01]
 [7.91396219e+01 7.14710017e+00]
 [4.33546305e+01 1.42867350e+01]
 [9.88677651e+01 5.20422963e+00]
 [2.58533315e+01 2.05826724e+01]
 [4.51534258e-01 4.54826463e+01]
 [2.43920950e+00 3.96648188e+01]
 [9.79207352e+01 5.20484399e+00]
 [6.30822262e+01 9.63889057e+00]
 [7.00108609e+01 8.34023554e+00]
 [5.55518855e+01 1.13556622e+01]
 [5.13194002e+01 1.21884072e+01]
 [1.08898906e+01 2.96189255e+01]
 [8.07480476e+01 7.06607132e+00]
 [9.42569932e+01 5.40309892e+00]
 [5.62859887e+01 1.10706000e+01]
 [1.52533136e+01 2.65599055e+01]
 [8.51238163e+01 6.40862052e+00]
 [5.58386043e+01 1.13033554e+01]
 [3.18130497e-01 4.61229047e+01]
 [5.10159394e+01 1.22564714e+01]
 [5.98134736e+01 1.02888578e+01]
 [6.22666518e+01 9.79486713e+00]
 [1.49506683e+01 2.66595378e+01]
 [9.28785626e+00 3.12758075e+01]
 [1.09346054e+00 4.29789155e+01]
 [1.55225077e+01 2.65055506e+01]
 [5.72121012e+01 1.08409043e+01]
 [4.20918017e+01 1.47066765e+01]
 [1.03943955e+01 3.09075239e+01]
 [2.66763654e+01 2.01589231e+01]
 [2.33306903e+01 2.20145688e+01]
 [2.95438445e+00 3.87745456e+01]
 [1.08303804e+01 2.96595473e+01]
 [3.70321331e+01 1.62277340e+01]
 [1.01834420e+02 5.05408963e+00]
 [4.68669142e+01 1.33278374e+01]
 [8.70183702e+00 3.14266957e+01]
 [8.14070716e+01 6.69286707e+00]]
