[[3.60699608e+01 1.65566552e+01]
 [7.76812641e+00 3.22621992e+01]
 [2.61940879e+01 2.05456462e+01]
 [3.44753316e+01 1.71025222e+01]
 [3.38364045e+00 3.78835185e+01]
 [7.01718697e+00 3.32064912e+01]
 [2.06701379e+01 2.30235463e+01]
 [8.35413583e+01 6.42080819e+00]
 [6.42545421e-02 4.82357273e+01]
 [5.60857909e+01 1.11194220e+01]
 [6.81555654e+01 8.66305532e+00]
 [8.89085385e-01 4.35860832e+01]
 [6.14466549e-01 4.47011988e+01]
 [1.45298019e+01 2.68269711e+01]
 [5.83176055e+01 1.06016468e+01]
 [7.04643053e+01 8.30666886e+00]
 [7.07409588e+00 3.29968040e+01]
 [6.16784942e+01 9.95395502e+00]
 [7.64913006e+01 7.61132999e+00]
 [1.04976551e+01 2.98948891e+01]
 [5.10129214e+01 1.23026655e+01]
 [4.83307391e+01 1.30055861e+01]
 [3.09838326e+01 1.84529702e+01]
 [1.07577721e+02 5.06983686e+00]
 [9.65869014e+01 5.29510110e+00]
 [7.47103428e+00 3.27839613e+01]
 [1.93888691e-01 4.71300901e+01]
 [3.56757064e+01 1.67682477e+01]
 [3.01435576e+00 3.87437753e+01]
 [1.17329489e+02 4.34324222e+00]
 [4.66951383e+00 3.58988353e+01]
 [5.69893656e+01 1.08917859e+01]
 [2.62542348e+00 3.94629533e+01]
 [6.83382844e+01 8.64617576e+00]
 [4.34026601e+01 1.43443386e+01]
 [2.13531304e+01 2.26859973e+01]
 [5.00504672e+01 1.25116603e+01]
 [1.88251444e+01 2.41843976e+01]
 [5.13824242e-01 4.54694508e+01]
 [4.03239394e+00 3.69383522e+01]
 [4.75859928e+01 1.32989730e+01]
 [3.69837635e+01 1.63225093e+01]
 [8.64919865e+01 6.15676129e+00]
 [3.54154819e+01 1.70003975e+01]
 [3.36542071e+01 1.74010150e+01]
 [3.20537255e+00 3.81544643e+01]
 [4.94481916e+00 3.56141364e+01]
 [2.40538698e+01 2.14695150e+01]
 [6.48609556e+01 9.26874806e+00]
 [5.05834735e+01 1.23675360e+01]
 [3.43372301e+01 1.71514592e+01]
 [1.93779981e+01 2.37564183e+01]
 [5.01455835e+01 1.24796289e+01]
 [5.40210633e+01 1.15365319e+01]
 [1.10958087e+01 2.96911065e+01]
 [6.83013424e+00 3.33587758e+01]
 [6.43486652e+01 9.37801384e+00]
 [1.20306667e+01 2.85309140e+01]
 [7.44505565e+01 7.63696884e+00]
 [5.89411434e+01 1.05818184e+01]
 [4.67329773e+01 1.33736789e+01]
 [3.01727971e+01 1.87087766e+01]
 [1.34130912e+00 4.22112876e+01]
 [2.15113580e+01 2.25891640e+01]
 [7.93024178e+01 7.29668767e+00]
 [3.35921562e-01 4.59875418e+01]
 [5.79757966e+01 1.06536827e+01]
 [2.15758789e+01 2.25489721e+01]
 [2.66596827e+01 2.02184574e+01]
 [2.58182713e+01 2.08055238e+01]
 [8.12972023e-01 4.41664531e+01]
 [7.79711709e+00 3.22085453e+01]
 [6.96871304e+01 8.40558730e+00]
 [2.47211051e+01 2.10275627e+01]
 [3.79945778e+01 1.59323796e+01]
 [8.62804999e+00 3.15900942e+01]
 [6.34288930e+00 3.46317578e+01]
 [1.05494764e+01 2.98658082e+01]
 [2.77386830e+00 3.89277638e+01]
 [4.67663491e+01 1.33526234e+01]
 [4.21620745e+01 1.46265005e+01]
 [3.75361146e+00 3.72747338e+01]
 [5.38580768e+01 1.16485177e+01]
 [6.96135576e+01 8.42397176e+00]
 [3.26021873e+01 1.77876950e+01]
 [8.02485554e+01 7.11869063e+00]
 [3.27101692e+01 1.77589149e+01]
 [6.91123586e+01 8.55038487e+00]
 [7.01730799e+01 8.31113849e+00]
 [3.91416147e+01 1.55467138e+01]
 [1.79816284e+01 2.45904349e+01]
 [1.14352050e+02 4.60422727e+00]
 [6.91922583e-01 4.44418788e+01]
 [7.19408245e+01 8.01237546e+00]
 [2.02291111e+00 4.05086490e+01]
 [2.62728519e-01 4.64450476e+01]
 [4.13293070e+00 3.68514178e+01]
 [5.34718436e+01 1.16612434e+01]
 [4.50652135e+01 1.38072019e+01]
 [1.21033246e+01 2.84498708e+01]
 [1.02984042e+00 4.31941739e+01]
 [4.28413418e+00 3.64353428e+01]
 [6.06772742e+01 1.00926354e+01]
 [5.17815690e+01 1.20756660e+01]
 [5.00753781e+01 1.24841183e+01]
 [3.64208919e+01 1.64783257e+01]
 [2.05031630e+01 2.31204647e+01]
 [2.08699861e+01 2.29201545e+01]
 [1.19158618e+01 2.86011782e+01]
 [1.41624463e+00 4.19642958e+01]
 [2.18207191e+00 4.01005677e+01]
 [7.09630621e+01 8.18251721e+00]
 [7.32905725e+01 7.80331402e+00]
 [6.39186693e+01 9.46243930e+00]
 [5.50142592e-01 4.53919096e+01]
 [5.79406439e+01 1.06615388e+01]
 [8.69985118e+00 3.15208134e+01]
 [6.17388396e+01 9.88386160e+00]
 [2.76710956e+01 1.97216465e+01]
 [3.39703682e+01 1.72797952e+01]
 [1.14221603e+01 2.90338290e+01]
 [7.29884071e+01 7.85652240e+00]
 [6.65957702e+00 3.35761655e+01]
 [6.60622646e+01 9.04404406e+00]
 [7.26387335e+00 3.28149341e+01]
 [1.89935255e+01 2.39542084e+01]
 [8.98290597e+01 5.87262957e+00]
 [2.74869006e+01 2.01191825e+01]
 [1.59957415e+00 4.15930845e+01]
 [4.90219390e+01 1.27469474e+01]
 [2.93961870e+01 1.92370874e+01]
 [4.65904102e+00 3.60155754e+01]
 [1.13347372e+01 2.94563357e+01]
 [4.64265309e+01 1.34264990e+01]
 [1.51849824e+01 2.62457580e+01]
 [1.42757879e+01 2.68825864e+01]
 [3.72009529e+01 1.61897965e+01]
 [3.17354115e+01 1.81485282e+01]
 [2.43779936e+00 3.95935045e+01]
 [9.15401703e+00 3.10240831e+01]
 [4.90329696e+01 1.27447142e+01]
 [3.98748676e+01 1.53214381e+01]
 [5.05675235e+00 3.54073223e+01]
 [1.39730904e+01 2.73822381e+01]
 [7.92591256e+00 3.20759247e+01]
 [4.14497823e+01 1.48385144e+01]
 [1.69298285e+01 2.51770984e+01]
 [2.79712804e+01 1.96417636e+01]
 [5.75792510e+01 1.07423058e+01]
 [9.05147208e+00 3.10878785e+01]
 [7.81015401e+01 7.50721621e+00]
 [6.86842505e+00 3.32339969e+01]
 [4.61139651e+01 1.36149424e+01]
 [1.63030094e+01 2.55336468e+01]
 [5.71332349e-01 4.50950672e+01]
 [1.28464337e+01 2.78687432e+01]
 [4.78486607e+01 1.30789748e+01]
 [6.02354757e+01 1.03378875e+01]
 [2.37184900e+01 2.15006854e+01]
 [1.61099535e+01 2.56622122e+01]
 [1.42715588e+01 2.69321139e+01]
 [2.95803983e+01 1.89554791e+01]
 [7.30458347e+01 7.83050490e+00]
 [2.94019357e+01 1.90637464e+01]
 [1.07906717e+02 4.76307824e+00]
 [9.57030925e+01 5.80934077e+00]
 [5.94502161e+01 1.03425022e+01]
 [2.98895725e+01 1.88145886e+01]
 [3.08063495e+01 1.84800689e+01]
 [1.78628178e+01 2.48104027e+01]
 [1.81666762e+00 4.10749547e+01]
 [6.55909972e+01 9.13949922e+00]
 [1.40333981e+01 2.73290079e+01]
 [1.20754858e-01 4.79843421e+01]
 [4.47253803e+01 1.40246339e+01]
 [9.77814674e+01 5.20525354e+00]
 [3.98650134e+01 1.53490466e+01]
 [4.36333974e+01 1.42406943e+01]
 [6.81074858e+01 8.79768201e+00]
 [6.68382384e+01 8.90228090e+00]
 [6.23601471e+01 9.80198915e+00]
 [3.54389931e+01 1.68804330e+01]
 [7.71363093e+01 7.51053353e+00]
 [7.72501114e+00 3.22779947e+01]
 [5.54138009e+00 3.47516120e+01]
 [7.14795524e+01 8.09302742e+00]
 [8.04241131e+01 6.86784382e+00]
 [1.01947202e+01 3.07151030e+01]
 [1.04866657e+02 5.07285524e+00]
 [6.46589169e+01 9.31553821e+00]
 [2.79580727e+00 3.88758798e+01]
 [3.57872101e+01 1.66763351e+01]
 [4.35190191e+01 1.42893482e+01]
 [1.77258094e+00 4.12793533e+01]
 [4.12776050e+01 1.48897079e+01]
 [3.88436731e+01 1.56569518e+01]
 [1.58877927e+01 2.58128621e+01]
 [4.37102864e-02 4.87078369e+01]
 [7.16600927e+01 8.06625477e+00]
 [2.91950897e+01 1.92709561e+01]
 [1.19912128e+02 4.18336921e+00]
 [2.30931888e+01 2.17948995e+01]
 [3.50692580e+00 3.76604568e+01]
 [2.12640025e+01 2.27535082e+01]
 [9.25334299e+01 5.81463771e+00]
 [2.82887058e+01 1.95077197e+01]
 [1.18698893e+02 4.29260575e+00]
 [5.64146839e+01 1.10437081e+01]
 [6.31929667e+01 9.61194456e+00]
 [5.17460185e+01 1.22535244e+01]
 [5.47709845e+01 1.14835675e+01]
 [1.30912033e+01 2.76929992e+01]
 [6.77654655e+01 8.81995637e+00]
 [2.05688628e+00 4.04463752e+01]
 [3.82508910e+01 1.58306171e+01]
 [1.26867509e+01 2.79915904e+01]
 [5.48717729e+01 1.13871992e+01]
 [3.69139809e+01 1.64687171e+01]
 [3.34590201e+01 1.74670820e+01]
 [5.71300862e+01 1.08429645e+01]
 [4.76270942e+01 1.32653703e+01]
 [1.98420654e+01 2.34679931e+01]
 [6.97676243e+01 8.38832453e+00]
 [6.19125920e+01 9.84089789e+00]
 [2.65283913e+01 2.04884166e+01]
 [1.09928440e+02 4.62868020e+00]
 [6.02866524e+01 1.02928932e+01]
 [5.28046992e+00 3.50738271e+01]
 [4.79610359e+01 1.30229069e+01]
 [2.61638266e+01 2.07502892e+01]
 [8.88500827e+00 3.13245959e+01]
 [3.06472203e+01 1.85675072e+01]
 [2.29692229e+01 2.23700069e+01]
 [6.35218558e+01 9.54297528e+00]
 [3.12945623e+01 1.83502298e+01]
 [1.83657280e+01 2.44992759e+01]
 [5.21203557e+01 1.19814814e+01]
 [4.21303486e+01 1.47413059e+01]
 [3.63012754e+01 1.65081300e+01]
 [4.41581068e+01 1.40535500e+01]
 [1.41690795e+01 2.70521435e+01]
 [5.33917364e+01 1.16911541e+01]
 [1.53392216e+01 2.61467782e+01]
 [4.58439740e+01 1.37380100e+01]
 [6.37194496e+01 9.49125646e+00]
 [2.76236859e+01 1.98578689e+01]
 [5.92936015e+01 1.03749400e+01]
 [6.32264563e+01 9.58205310e+00]
 [5.00713775e+01 1.24972683e+01]
 [1.34613370e+01 2.74226899e+01]
 [6.04018944e+01 1.01950736e+01]
 [1.03197189e+01 2.99513430e+01]
 [7.00078660e+01 8.34304450e+00]
 [3.95296943e+00 3.69938758e+01]
 [2.36452770e-01 4.67761575e+01]
 [5.57023814e+01 1.12811159e+01]
 [3.25865501e+01 1.78103963e+01]
 [3.77274260e+01 1.60758976e+01]
 [2.87486673e+01 1.92872051e+01]
 [8.38839805e+00 3.19715954e+01]
 [1.69392974e+00 4.13083011e+01]
 [3.14455618e+01 1.82770851e+01]
 [1.74780408e+01 2.48238781e+01]
 [2.86803614e+01 1.93697315e+01]
 [7.28574721e+01 7.86491016e+00]
 [2.84749071e+01 1.93862336e+01]
 [2.30820604e+01 2.23364402e+01]
 [5.60590284e+01 1.12310151e+01]
 [5.30136470e+01 1.18225459e+01]
 [5.38850478e+01 1.15681368e+01]
 [6.14810291e+01 1.00419000e+01]
 [2.94679212e+01 1.90172809e+01]
 [4.23561103e-01 4.57718016e+01]
 [1.88288837e+00 4.10270116e+01]
 [8.12519235e+01 6.68119971e+00]
 [4.65694553e+01 1.34079907e+01]
 [8.43472622e+00 3.16710540e+01]
 [2.19018012e+01 2.24093124e+01]
 [1.15244931e-02 4.94433933e+01]
 [1.48678991e+01 2.65026295e+01]
 [1.70746139e+00 4.12818724e+01]
 [3.10730307e+01 1.83785711e+01]
 [3.27925654e+01 1.77314390e+01]
 [6.86402435e+01 8.59263013e+00]]
