[[1.52610864e-02 2.65060857e+04]
 [4.48927166e-02 9.16056255e+03]
 [1.69870331e-02 2.59225653e+04]
 [4.91232333e-02 8.96634650e+03]
 [3.93752889e-02 1.06532184e+04]
 [3.39946541e-02 1.19017793e+04]
 [2.69897406e-02 1.55173060e+04]
 [4.18541489e-02 9.65590185e+03]
 [1.07192317e-02 3.87363394e+04]
 [3.18475519e-02 1.27103137e+04]
 [9.94202140e-03 4.21205463e+04]
 [2.57065886e-02 1.59723699e+04]
 [2.40249579e-02 1.80470326e+04]
 [8.62407872e-03 4.80120660e+04]
 [2.84826754e-02 1.42657777e+04]
 [7.73724338e-03 5.94455362e+04]
 [2.15610606e-02 1.97547574e+04]
 [2.90637842e-02 1.38857811e+04]
 [1.70144863e-02 2.46728070e+04]
 [3.99419006e-02 1.02608016e+04]
 [4.02208390e-02 1.00900194e+04]
 [4.95512236e-02 8.58082644e+03]
 [1.84271232e-02 2.23740974e+04]
 [1.38524411e-02 3.11475566e+04]
 [2.67330781e-02 1.56608412e+04]
 [2.51382628e-02 1.68948810e+04]
 [2.25077760e-02 1.91370423e+04]
 [7.79022017e-03 5.42351751e+04]
 [3.28616241e-02 1.25443383e+04]
 [2.78954793e-02 1.47091170e+04]
 [1.93919822e-02 2.19095641e+04]
 [7.06650377e-03 6.55317171e+04]
 [2.40413761e-02 1.77563062e+04]
 [3.56100937e-02 1.17930990e+04]
 [1.34520220e-02 3.12389637e+04]
 [2.07069544e-02 1.99571865e+04]
 [3.05963734e-02 1.38681220e+04]
 [2.44805572e-02 1.73087327e+04]
 [2.24199557e-02 1.92658665e+04]
 [2.74094161e-02 1.50743401e+04]
 [5.72504247e-03 7.10197409e+04]
 [1.89997507e-02 2.21760450e+04]
 [3.78394832e-02 1.06739245e+04]
 [1.08875971e-02 3.74961665e+04]
 [2.24014588e-02 1.96107284e+04]
 [1.32164030e-02 3.23086016e+04]
 [4.93746285e-03 9.81756636e+04]
 [3.16596086e-02 1.28382821e+04]
 [2.53710020e-02 1.65398432e+04]
 [1.38782361e-02 2.95368390e+04]
 [2.57081571e-02 1.59721489e+04]
 [3.66108140e-02 1.09776149e+04]
 [1.11795765e-02 3.61568391e+04]
 [1.65673813e-02 2.62841429e+04]
 [5.14568400e-02 8.50549419e+03]
 [1.70473105e-02 2.43822247e+04]
 [2.05587025e-02 2.11195766e+04]
 [3.08481635e-02 1.30526794e+04]
 [7.91395267e-03 5.41798916e+04]
 [2.06597435e-02 2.03594234e+04]
 [1.23001067e-02 3.28370831e+04]
 [5.13587638e-03 8.20915563e+04]
 [3.36585482e-02 1.20001432e+04]
 [4.33068112e-02 9.28223584e+03]
 [4.28274072e-02 9.58082109e+03]
 [2.30643726e-02 1.80518410e+04]
 [3.61311723e-02 1.14718623e+04]
 [2.27095248e-02 1.82781186e+04]
 [4.71449645e-02 9.06724973e+03]]
