[[2.08511002 2.16097348]
 [0.73377945 0.27701578]
 [0.93130106 1.03668218]
 [2.09597257 2.0556585 ]
 [0.70193469 0.59430447]
 [1.05814058 0.79663998]
 [1.63322451 1.58117431]
 [3.45448459 2.99196855]
 [0.09940067 0.07863296]
 [2.76410989 2.52609268]
 [2.92879636 2.90878724]
 [0.29958845 0.36403037]
 [0.22275939 0.32248239]
 [1.1992388  1.48130914]
 [2.62335155 2.77442391]
 [3.08389179 2.84704896]
 [0.88098128 0.99619072]
 [2.9100709  2.63649595]
 [3.39534418 2.75580533]
 [1.42788141 1.76050002]
 [0.99284944 1.28010303]
 [2.63857323 2.40648325]
 [2.07924359 1.8500552 ]
 [1.29849197 0.7712079 ]
 [3.91374707 2.97141535]
 [2.2095214  1.74473222]
 [1.23866451 0.78651925]
 [0.09166321 0.20017499]
 [1.9742524  2.24081549]
 [4.52904748 2.96986554]
 [0.73396187 0.79289245]
 [2.58633799 2.74921756]
 [0.43741105 0.68192921]
 [2.85357926 2.99026028]
 [2.46035901 2.19027363]
 [1.69354013 1.57168841]
 [2.52259585 2.02154702]
 [2.42214223 2.57795342]
 [1.37059888 1.68158997]
 [1.07056068 0.59684377]
 [0.13313942 0.33276111]
 [0.40264764 0.69510693]
 [0.79916825 0.60780638]
 [1.85077089 1.59209232]
 [2.01610236 2.27624079]
 [3.58464501 2.96197852]
 [1.87437972 2.31096758]
 [2.00932962 2.09192406]
 [0.60383592 0.66085196]
 [0.69177345 0.87043339]
 [1.10741028 1.40173747]
 [1.57382844 1.88056681]
 [2.86636136 2.82828773]
 [2.45772575 2.57010749]
 [2.09289013 2.0503947 ]
 [1.47644397 1.63236415]
 [2.92674229 2.69461514]
 [2.57087522 2.62599818]
 [0.91976721 1.38851736]
 [0.80755385 1.02732192]
 [2.14018735 1.79780927]
 [2.8968027  2.77411254]
 [1.14602514 1.30165013]
 [3.154796   2.94277103]
 [2.51754755 2.8977992 ]
 [2.49966186 2.33129469]
 [1.99609303 2.39088676]
 [1.90540746 1.97803481]
 [0.354592   0.45781196]
 [1.60513157 1.67373598]
 [3.49811591 2.75477577]
 [0.19864353 0.21100032]
 [2.69824555 2.6857811 ]
 [1.26790875 0.82142911]
 [1.64180695 1.64269281]
 [1.93002006 1.71462628]
 [1.55851459 2.00638982]
 [0.19929963 0.40437935]
 [0.967082   1.0069914 ]
 [1.24145364 0.88523573]
 [3.01091827 2.89070126]
 [1.72839607 1.78687529]
 [1.5264415  1.11496373]
 [2.24368629 2.1129402 ]
 [0.88339447 1.17329737]
 [1.17538818 1.38480624]
 [1.64922281 2.0492231 ]
 [0.98916392 1.28799217]
 [1.97441131 1.38473913]
 [0.61386065 0.56270968]
 [2.35248838 2.48140801]
 [2.29978366 2.29161815]
 [0.63356692 0.73279999]
 [2.73227295 2.44932719]
 [3.02153422 2.87640755]
 [1.96942004 2.06686514]
 [1.95305249 2.08881025]
 [3.06556168 2.8072088 ]
 [2.98444262 2.93877052]
 [2.2050331  2.21883589]
 [1.38600052 1.6044967 ]
 [2.74526722 2.40298367]
 [3.24791527 2.79434104]
 [0.35271022 0.22039996]
 [1.73347441 1.06094336]
 [3.02606448 2.97121859]
 [0.4449911  0.55471677]
 [0.18931294 0.17275052]
 [0.82659245 0.59158904]
 [2.58099231 2.58967945]
 [2.32566972 2.42024043]
 [1.28330495 1.17429109]
 [0.28987907 0.41644955]
 [0.72892716 0.73464192]
 [2.78634115 2.72132717]
 [1.37059888 1.65269641]
 [0.132513   0.24366779]
 [1.64922281 1.84769363]
 [2.22836478 1.93481021]
 [0.41837715 0.18742037]
 [2.96105085 2.80574777]
 [2.3529394  2.12953731]
 [0.25456192 0.50134924]
 [0.85751142 1.1263045 ]
 [2.42157887 2.57497442]
 [1.64621458 1.06242856]
 [0.30763623 0.41644955]
 [1.55227799 1.74482388]
 [2.61896232 2.82828773]
 [1.45434209 1.45892201]
 [2.15108357 1.93904802]
 [3.93809372 2.97141535]
 [1.78008243 1.37612477]
 [3.49919229 2.92263788]
 [1.56712089 1.84760545]
 [3.73271357 2.96197852]
 [2.45940934 2.45222301]
 [2.83844618 2.40648325]
 [2.8660834  2.81644855]
 [2.42736681 2.06653578]
 [2.22836478 1.97300988]
 [1.36877636 1.63561094]
 [3.82881103 2.9995712 ]
 [3.28380637 2.89646903]
 [2.00609209 1.83298931]
 [0.46925439 0.39424698]
 [3.40836107 2.93237262]
 [0.88385731 1.03668218]
 [2.96963944 2.97121859]
 [3.59448544 2.991306  ]
 [3.6603747  2.96456728]
 [0.81956863 1.52554872]
 [2.24099858 2.1129402 ]
 [0.91976721 1.29256363]
 [3.43638728 2.89452014]
 [2.15925813 2.48496922]
 [0.58312214 0.64270287]
 [2.78634115 2.80377919]
 [1.02080761 0.63359493]
 [1.18287843 1.68579219]
 [0.71154214 0.47319021]
 [1.18313368 1.38239277]
 [1.96942004 2.05390149]
 [1.46919409 1.51130347]
 [2.19600811 2.51065172]
 [3.40822669 2.89847334]
 [2.86244259 2.36578556]
 [1.18124134 1.35499058]
 [1.99550219 1.98919913]
 [2.18988497 1.93168693]
 [2.91593364 2.96954824]
 [1.67715386 1.63822434]
 [2.75224242 2.32799338]
 [0.23606691 0.19568045]
 [0.62411272 0.96736052]
 [1.97441131 1.38368558]
 [3.99951989 2.95991126]
 [2.69091177 2.8072088 ]
 [2.78810713 2.53152129]
 [1.89966915 1.69349496]
 [1.17669156 1.56779395]
 [3.51985551 2.75476488]
 [1.90072205 1.6529654 ]
 [2.91215558 2.77295873]
 [2.92879636 2.64729072]
 [0.89635313 0.88041861]
 [2.37597065 2.49794454]
 [2.22178199 2.72519295]
 [2.63857323 2.14402332]
 [1.38600052 1.18857884]
 [2.6106804  2.40172492]
 [1.78530804 1.97019357]
 [2.09485825 1.70655431]
 [4.99898931 2.9737295 ]
 [4.22571307 2.88054374]
 [0.89827459 1.03861778]
 [0.80678019 1.33542884]
 [2.09597257 2.05212817]
 [1.23170354 1.43409392]
 [4.18572311 2.94103605]
 [2.44734212 2.22055571]
 [1.98680279 2.27624079]
 [4.39999144 2.92425555]
 [2.03344374 1.8841309 ]
 [2.4970254  2.50844299]
 [0.21568325 0.07863296]
 [1.78353868 1.9870801 ]
 [0.16355268 0.02751886]
 [1.83855893 1.84584122]
 [2.22696963 2.74422804]
 [4.39603268 2.96986554]
 [0.0221548  0.07863296]
 [1.23396    1.39519494]
 [3.3587007  2.9979098 ]
 [4.65603081 2.99596463]
 [2.26202413 2.19165783]]
