[[2.08511002 2.16097348]
 [0.93130106 1.03668218]
 [1.98383737 1.6164502 ]
 [2.09597257 2.0556585 ]
 [2.08652401 1.67606949]
 [0.70193469 0.59430447]
 [1.05814058 0.79663998]
 [1.63322451 1.58117431]
 [3.45448459 2.99196855]
 [0.09940067 0.07863296]
 [2.76410989 2.52609268]
 [2.92879636 2.90878724]
 [0.29958845 0.36403037]
 [0.22275939 0.32248239]
 [1.1992388  1.48130914]
 [3.08389179 2.84704896]
 [1.95003857 1.457972  ]
 [0.88098128 0.99619072]
 [2.9100709  2.63649595]
 [0.99284944 1.28010303]
 [2.63857323 2.40648325]
 [2.59505814 2.31265173]
 [2.07924359 1.8500552 ]
 [3.91374707 2.97141535]
 [2.2095214  1.74473222]
 [1.23866451 0.78651925]
 [1.10716367 0.80121606]
 [0.09166321 0.20017499]
 [1.9742524  2.24081549]
 [4.52904748 2.96986554]
 [0.73396187 0.79289245]
 [2.58633799 2.74921756]
 [2.85357926 2.99026028]
 [2.46035901 2.19027363]
 [1.69354013 1.57168841]
 [2.42214223 2.57795342]
 [1.37059888 1.68158997]
 [0.13313942 0.33276111]
 [0.79916825 0.60780638]
 [2.63951989 2.22023263]
 [2.01610236 2.27624079]
 [3.58464501 2.96197852]
 [1.87437972 2.31096758]
 [2.00932962 2.09192406]
 [0.60383592 0.66085196]
 [0.69177345 0.87043339]
 [1.72849411 2.02491481]
 [1.57382844 1.88056681]
 [2.86636136 2.82828773]
 [2.45772575 2.57010749]
 [2.09289013 2.0503947 ]
 [1.47644397 1.63236415]
 [2.43960746 2.56606924]
 [2.92674229 2.69461514]
 [2.57087522 2.62599818]
 [0.80755385 1.02732192]
 [2.14018735 1.79780927]
 [2.8968027  2.77411254]
 [1.14602514 1.30165013]
 [3.154796   2.94277103]
 [2.49966186 2.33129469]
 [1.90540746 1.97803481]
 [0.354592   0.45781196]
 [0.08287941 0.34138907]
 [1.60513157 1.67373598]
 [3.49811591 2.75477577]
 [0.19864353 0.21100032]
 [2.69824555 2.6857811 ]
 [1.64180695 1.64269281]
 [1.93002006 1.71462628]
 [0.19929963 0.40437935]
 [0.967082   1.0069914 ]
 [2.16177797 2.5431014 ]
 [3.01091827 2.89070126]
 [1.72839607 1.78687529]
 [2.24368629 2.1129402 ]
 [0.88339447 1.17329737]
 [1.17538818 1.38480624]
 [0.98916392 1.28799217]
 [1.97441131 1.38473913]
 [0.61386065 0.56270968]
 [2.35248838 2.48140801]
 [2.29978366 2.29161815]
 [3.02153422 2.87640755]
 [1.96942004 2.06686514]
 [1.95305249 2.08881025]
 [3.06556168 2.8072088 ]
 [2.98444262 2.93877052]
 [2.2050331  2.21883589]
 [1.38600052 1.6044967 ]
 [2.74526722 2.40298367]
 [4.48021746 2.91816106]
 [0.35271022 0.22039996]
 [3.02606448 2.97121859]
 [0.4449911  0.55471677]
 [0.18931294 0.17275052]
 [0.82659245 0.59158904]
 [2.58099231 2.58967945]
 [2.32566972 2.42024043]
 [1.28330495 1.17429109]
 [0.28987907 0.41644955]
 [0.72892716 0.73464192]
 [2.78634115 2.72132717]
 [2.52889693 2.47457569]
 [2.03144214 2.23124759]
 [1.55506534 1.64546727]
 [1.64573001 1.58400419]
 [1.15731468 1.28046405]
 [0.45204858 0.38692795]
 [0.52631263 0.51818239]
 [4.39533201 2.92055658]
 [3.02711004 2.92871479]
 [3.09559817 2.95633474]
 [1.98231345 1.8840697 ]
 [0.99099615 0.66178225]
 [2.68001287 2.70234934]
 [1.17760978 0.88780516]
 [2.82866073 2.7264241 ]
 [1.86249383 1.8571189 ]
 [2.06835082 2.05292887]
 [2.12862206 1.80602352]
 [1.09576903 1.28640208]
 [3.09696083 2.94209711]
 [1.02461073 0.78426214]
 [2.85504381 2.8921084 ]
 [0.87666296 1.02344047]
 [1.48064962 1.59876768]
 [0.3354473  0.59594479]
 [0.36257764 0.51810326]
 [2.47747491 2.47337883]
 [0.66453119 0.8503873 ]
 [2.40722949 2.41078388]
 [1.40096318 1.35408558]
 [1.3981059  1.27053016]
 [2.21751921 2.09352497]
 [1.89054293 2.08798953]
 [0.51409184 0.5875027 ]
 [0.94569187 1.18075024]
 [1.37237056 1.58014758]
 [2.48782192 2.46353089]
 [2.2022028  2.26252508]
 [1.95386537 1.4017157 ]
 [0.7337369  0.85194968]
 [1.5109075  1.10019594]
 [1.00798317 0.98257217]
 [2.28852644 2.26386668]
 [1.37731013 1.52822574]
 [1.77451255 1.9605931 ]
 [2.71308206 2.65216864]
 [0.95636026 1.1611387 ]
 [0.99116145 0.85714949]
 [2.2376419  2.55371299]
 [1.39179665 1.4624139 ]
 [1.25480769 1.27947884]
 [0.57913373 0.81165598]
 [2.52881674 2.35950229]
 [1.68360545 1.75928826]
 [0.811225   0.58378121]
 [0.07544654 0.09658321]
 [0.57646713 0.62429223]
 [0.21314841 0.29832077]
 [1.1745111  1.12214015]
 [2.06139464 1.8346323 ]
 [2.43212287 2.0974397 ]
 [1.82085149 1.69993667]
 [1.0081588  1.24938767]
 [1.15470854 0.85913139]
 [0.72586646 1.0040416 ]
 [1.1339466  1.22454421]
 [0.7536983  0.73129193]
 [2.71270117 2.64745852]
 [2.10745505 1.66531329]
 [1.62937405 1.46232521]
 [0.99123314 1.32982494]
 [1.4315046  1.73187287]
 [1.20206741 1.03119858]
 [0.95636026 1.16177518]
 [0.29755375 0.36403037]
 [2.82323319 2.65490337]
 [2.89324145 2.71057259]
 [3.26447128 2.87257556]
 [2.82371933 2.89710003]
 [0.21663768 0.504793  ]
 [1.73607904 1.53211805]
 [2.54607814 2.86264976]
 [2.30855584 2.60827203]
 [0.84740151 0.64239249]
 [2.71703033 2.56606924]
 [1.714348   1.53234345]
 [1.51554341 1.26361568]
 [1.82085149 1.72220833]
 [4.00372284 2.99469295]
 [2.75614353 2.50278558]
 [0.68205134 0.91142375]
 [1.59196267 1.49613843]
 [2.57969914 2.50718758]
 [1.03787284 0.89057359]
 [0.86436992 0.8244236 ]
 [0.16849802 0.01502711]
 [1.94131268 1.86782378]
 [0.64880501 0.47319021]
 [0.14366694 0.2772462 ]
 [2.88488923 2.69599516]
 [0.96717141 1.02973169]
 [3.05736447 2.90793734]
 [4.12414606 2.99037245]
 [2.83183909 2.8722369 ]
 [1.59648869 1.97471043]
 [2.2803663  2.11530847]
 [2.2050331  2.05543708]
 [2.92023922 2.98882049]
 [2.22836478 2.00934452]
 [0.10749338 0.16061432]
 [1.37731013 1.50074343]
 [2.44914104 2.78724715]
 [2.46035901 2.49762404]
 [2.47949071 2.28748517]
 [2.14119087 1.95249377]
 [4.96508174 2.96986554]
 [1.25094547 1.2738318 ]
 [2.79338206 2.34656015]
 [1.67376897 1.50640418]
 [2.43291523 2.30585619]
 [1.97722367 1.64269281]
 [0.10251028 0.01817119]
 [0.72194043 0.72292817]
 [2.6784903  2.74921756]
 [2.5429058  2.64547773]
 [1.89449004 2.16097348]
 [3.31024315 2.86866243]
 [1.97675237 2.5280413 ]
 [2.43359388 2.33966739]
 [1.50926946 1.79636675]
 [2.78634115 2.74261049]
 [0.16987671 0.32248239]
 [3.76938094 2.96108337]
 [0.39398023 0.41644955]
 [1.68575924 1.34080043]
 [0.19730979 0.32528363]
 [0.51400673 0.62035155]
 [2.50703253 2.42024043]
 [4.98702705 2.99200175]
 [2.58099231 2.59429439]
 [0.6341306  0.813992  ]
 [1.75927454 1.93788568]
 [2.81624136 2.83664365]
 [3.51264931 2.97939734]
 [0.73660469 0.87567179]
 [0.48171874 0.5242758 ]
 [1.05989063 1.18746486]
 [2.98867228 2.77574465]
 [2.09289013 2.15347128]
 [2.12701733 2.22225111]
 [3.65963624 2.9518435 ]
 [1.17538818 1.29220024]
 [2.16892673 1.95975343]
 [2.0073982  2.47868261]
 [0.97484175 0.73484264]
 [2.40404913 2.66850019]
 [2.16041577 2.00082763]
 [2.65835502 2.66948202]
 [0.20958168 0.51253885]
 [2.67987094 2.70520592]
 [2.67666907 2.75477577]
 [2.6042417  2.26298817]
 [1.03428498 0.91489692]
 [3.41783568 2.91584416]
 [2.00932962 2.14820874]
 [2.49452979 2.47337883]
 [3.79812225 2.91557779]
 [2.20950645 2.06566408]
 [1.9199595  1.98842325]
 [2.72005059 2.67742634]
 [3.39009102 2.89888135]
 [2.38518972 2.19836516]
 [3.16520465 2.93968045]
 [2.4125517  2.52380025]
 [3.93985097 2.99196855]
 [1.31211222 1.40740332]
 [3.54074326 2.85532708]
 [2.20914465 1.79780927]
 [2.21021599 2.17475024]
 [1.8469395  1.61871338]
 [0.72867793 0.63805177]
 [1.28223983 1.4847553 ]
 [2.87578432 2.58719185]
 [2.77746756 2.52609268]
 [2.66672897 2.44799682]
 [1.5049203  1.48130914]
 [3.40679877 2.90249685]
 [1.50628995 1.81764089]
 [2.33986423 2.22677793]
 [2.12114305 2.25529187]
 [2.99928942 2.79434104]
 [0.09166321 0.2269679 ]
 [3.66226937 2.99436115]]
