[[0.94325798 0.44926606]
 [0.78492906 0.54484695]
 [0.23000116 0.94100949]
 [0.08038507 1.03124696]
 [0.76337089 0.70770471]
 [0.94589522 0.23936593]
 [0.87809786 0.47556038]
 [0.8759276  0.54329405]
 [0.77629882 0.60619312]
 [1.03850621 0.12928468]
 [1.0795836  0.10307211]
 [0.22504545 0.94836511]
 [0.10319967 1.01105499]
 [0.76713235 0.70213897]
 [0.65198583 0.78535433]
 [0.51785888 0.83637569]
 [0.23510244 0.93775814]
 [0.83232773 0.54340142]
 [0.95556439 0.17722774]
 [0.14632599 0.97943634]]
