[[3.60699608e+01 1.65566552e+01]
 [7.76812641e+00 3.22621992e+01]
 [2.61940879e+01 2.05456462e+01]
 [3.44753316e+01 1.71025222e+01]
 [2.86511655e+01 1.95368564e+01]
 [3.38364045e+00 3.78835185e+01]
 [7.01718697e+00 3.32064912e+01]
 [3.22853364e+01 1.82240390e+01]
 [2.06701379e+01 2.30235463e+01]
 [8.35413583e+01 6.42080819e+00]
 [6.42545421e-02 4.82357273e+01]
 [5.60857909e+01 1.11194220e+01]
 [4.34786818e+00 3.65027909e+01]
 [6.81555654e+01 8.66305532e+00]
 [8.89085385e-01 4.35860832e+01]
 [6.14466549e-01 4.47011988e+01]
 [1.45298019e+01 2.68269711e+01]
 [5.83176055e+01 1.06016468e+01]
 [7.07409588e+00 3.29968040e+01]
 [6.16784942e+01 9.95395502e+00]
 [4.22734344e+01 1.46637253e+01]
 [7.64913006e+01 7.61132999e+00]
 [2.05528226e+01 2.32543913e+01]
 [1.04976551e+01 2.98948891e+01]
 [4.83307391e+01 1.30055861e+01]
 [3.09838326e+01 1.84529702e+01]
 [9.65869014e+01 5.29510110e+00]
 [3.17043014e+01 1.83835391e+01]
 [6.08506073e+01 1.02258165e+01]
 [7.47103428e+00 3.27839613e+01]
 [1.93888691e-01 4.71300901e+01]
 [3.56757064e+01 1.67682477e+01]
 [3.01435576e+00 3.87437753e+01]
 [1.17329489e+02 4.34324222e+00]
 [4.66951383e+00 3.58988353e+01]
 [5.69893656e+01 1.08917859e+01]
 [2.62542348e+00 3.94629533e+01]
 [6.83382844e+01 8.64617576e+00]
 [2.13531304e+01 2.26859973e+01]
 [5.00504672e+01 1.25116603e+01]
 [1.88251444e+01 2.41843976e+01]
 [5.13824242e-01 4.54694508e+01]
 [2.58119506e+00 3.96677531e+01]
 [4.03239394e+00 3.69383522e+01]
 [2.38404433e+01 2.15314788e+01]
 [3.69837635e+01 1.63225093e+01]
 [8.64919865e+01 6.15676129e+00]
 [3.54154819e+01 1.70003975e+01]
 [3.36542071e+01 1.74010150e+01]
 [3.20537255e+00 3.81544643e+01]
 [4.94481916e+00 3.56141364e+01]
 [2.83518875e+01 1.95538827e+01]
 [1.27649019e+01 2.80997480e+01]
 [2.40538698e+01 2.14695150e+01]
 [6.48609556e+01 9.26874806e+00]
 [5.05834735e+01 1.23675360e+01]
 [3.43372301e+01 1.71514592e+01]
 [1.93779981e+01 2.37564183e+01]
 [5.01455835e+01 1.24796289e+01]
 [6.33070848e+01 9.61319687e+00]
 [5.40210633e+01 1.15365319e+01]
 [1.10958087e+01 2.96911065e+01]
 [6.83013424e+00 3.33587758e+01]
 [3.12500802e+01 1.84325539e+01]
 [6.43486652e+01 9.37801384e+00]
 [1.20306667e+01 2.85309140e+01]
 [7.44505565e+01 7.63696884e+00]
 [5.89411434e+01 1.05818184e+01]
 [4.67329773e+01 1.33736789e+01]
 [3.01727971e+01 1.87087766e+01]
 [1.34130912e+00 4.22112876e+01]
 [2.15113580e+01 2.25891640e+01]
 [3.35921562e-01 4.59875418e+01]
 [5.79757966e+01 1.06536827e+01]
 [2.15758789e+01 2.25489721e+01]
 [2.66596827e+01 2.02184574e+01]
 [8.12972023e-01 4.41664531e+01]
 [7.79711709e+00 3.22085453e+01]
 [9.29939777e+00 3.10579557e+01]
 [6.96871304e+01 8.40558730e+00]
 [2.47211051e+01 2.10275627e+01]
 [3.79945778e+01 1.59323796e+01]
 [8.62804999e+00 3.15900942e+01]
 [1.31969028e+01 2.76972815e+01]
 [2.76770048e+01 1.99347921e+01]
 [1.05494764e+01 2.98658082e+01]
 [1.53718325e+00 4.19349488e+01]
 [1.45343289e+01 2.68242832e+01]
 [1.45631345e+01 2.67339952e+01]
 [4.79951769e+01 1.30716199e+01]
 [5.58973746e+01 1.11571628e+01]
 [5.10003131e+01 1.22614423e+01]
 [1.21542048e+02 4.22687764e+00]
 [2.07373971e+01 2.29980565e+01]
 [6.76105072e+01 8.76167560e+00]
 [5.29364081e+01 1.20053372e+01]
 [1.13251066e+01 2.90398755e+01]
 [2.16902768e+01 2.24910250e+01]
 [1.03847213e+01 3.00098725e+01]
 [4.08578539e-01 4.57951919e+01]
 [6.40374513e+01 9.45656378e+00]
 [2.38236324e+00 3.99713182e+01]
 [1.52656290e+01 2.63972228e+01]
 [5.36706126e+01 1.19369905e+01]
 [1.25322444e+01 2.82702709e+01]
 [1.12153103e+02 4.55991699e+00]
 [5.12987436e+01 1.21795726e+01]
 [9.14004371e-01 4.35077293e+01]
 [5.05056697e+00 3.54660123e+01]
 [2.93678444e+01 1.90279697e+01]
 [3.50426658e+01 1.70221495e+01]
 [2.14576825e+00 4.05818828e+01]
 [1.85122014e+01 2.46267944e+01]
 [1.01106169e+01 3.00871519e+01]
 [1.73571327e+00 4.14712282e+01]
 [4.04587938e+01 1.51950276e+01]
 [6.17509860e+00 3.41783786e+01]
 [4.54313627e+01 1.37162433e+01]
 [3.37528419e+01 1.73598761e+01]
 [2.73870434e+01 2.00835571e+01]
 [2.37003340e+01 2.16215834e+01]
 [5.78771215e+01 1.07037977e+01]
 [3.31824847e+01 1.75671498e+01]
 [2.24528189e+00 4.00725530e+01]
 [3.25438971e+01 1.81454622e+01]
 [9.14485222e+01 5.74831207e+00]
 [2.37518086e+01 2.16091354e+01]
 [7.78675388e-01 4.46545618e+01]
 [6.52075378e+01 9.20839111e+00]
 [8.02993614e+01 6.86112849e+00]
 [9.85213551e+01 5.16758896e+00]
 [2.24882307e+00 4.00474222e+01]
 [3.40542563e+01 1.73121815e+01]
 [1.65201100e+01 2.54632503e+01]
 [4.93507015e+00 3.56908287e+01]
 [1.20151109e+01 2.86086706e+01]
 [9.54863636e+01 5.36434187e+00]
 [2.00722988e+01 2.36298982e+01]
 [6.22751960e+01 9.84444436e+00]
 [6.45803056e+00 3.36707470e+01]
 [7.43134620e+00 3.28018913e+01]
 [7.13986471e+00 3.29789027e+01]
 [2.89785872e+01 1.92056300e+01]
 [2.11943124e+01 2.27485157e+01]
 [2.05876424e+01 2.30724691e+01]
 [1.16023090e+00 4.29552359e+01]
 [6.29642348e+01 9.67147435e+00]
 [1.03734467e+02 4.86448830e+00]
 [5.99158118e+01 1.03066461e+01]
 [2.24362882e+01 2.21340219e+01]
 [4.45581317e+01 1.40648749e+01]
 [1.22461791e+01 2.83190824e+01]
 [1.15181769e+02 4.40300549e+00]
 [1.11834068e+00 4.31585715e+01]
 [6.00824368e+00 3.43912686e+01]
 [1.81902997e+01 2.47272727e+01]
 [1.12874771e+02 4.47620530e+00]
 [1.76980972e+01 2.47769525e+01]
 [1.63356070e+01 2.57957135e+01]
 [5.44253371e+01 1.14460799e+01]
 [2.19435798e+01 2.23681707e+01]
 [3.86622738e+01 1.57187597e+01]
 [9.50511809e+00 3.05868004e+01]
 [9.52868989e-01 4.33522460e+01]
 [4.42048383e+01 1.41799488e+01]
 [1.31463961e-01 4.74809625e+01]
 [3.88482646e+01 1.56490296e+01]
 [7.88410048e+01 6.99723474e+00]
 [8.18812818e+01 6.70757479e+00]
 [3.09725181e+01 1.84691139e+01]
 [4.74050157e+01 1.31959681e+01]
 [4.20256960e+01 1.47498258e+01]
 [5.37163235e+01 1.16044795e+01]
 [2.37660650e+01 2.15858107e+01]
 [1.27833163e+01 2.80820068e+01]
 [2.35687435e+01 2.16463990e+01]
 [1.85702730e+01 2.42001000e+01]
 [1.07663441e+02 4.67596722e+00]
 [2.42795766e+01 2.13082381e+01]
 [4.26585548e+01 1.45191305e+01]
 [4.32574526e+01 1.43104946e+01]
 [1.37601705e+01 2.74974717e+01]
 [1.57121687e+00 4.15628900e+01]
 [8.10271196e+01 6.75256208e+00]
 [7.16460164e+01 8.06636870e+00]
 [7.84293230e+01 7.57651955e+00]
 [4.97088936e+00 3.54778529e+01]
 [8.38282610e+00 3.19343108e+01]
 [2.57145018e+01 2.06343875e+01]
 [2.78238057e+00 3.93953985e+01]
 [7.34483442e+01 7.81831565e+00]
 [3.95361243e+01 1.56373865e+01]
 [3.42444524e+00 3.78070924e+01]
 [6.77204256e+01 8.74160819e+00]
 [7.49329197e+01 7.62273939e+00]
 [6.09881571e+01 1.01363455e+01]
 [7.22288246e+01 7.98061722e+00]
 [1.73795443e-01 4.72715498e+01]
 [3.05938276e+00 3.84042945e+01]
 [2.53028991e+01 2.07697981e+01]
 [3.39376992e+00 3.78420358e+01]
 [9.82370125e+01 5.23060119e+00]
 [1.91174404e+01 2.41585483e+01]
 [6.59740135e+01 9.06993915e+00]
 [4.37428521e+00 3.63214442e+01]
 [8.91483279e+01 5.86565342e+00]
 [6.88469478e+01 8.54559866e+00]
 [7.04547841e+01 8.27079038e+00]
 [4.27090472e+01 1.44948825e+01]
 [4.20078161e+01 1.48327777e+01]
 [3.67597369e+01 1.63835753e+01]
 [1.97946683e+00 4.09843344e+01]
 [4.72542750e+01 1.33672255e+01]
 [3.43880661e+00 3.77580994e+01]
 [9.22215374e+01 5.59588522e+00]
 [5.43054389e+01 1.14709350e+01]
 [2.31445788e+01 2.19982458e+01]
 [4.76044579e+01 1.31786877e+01]
 [3.95971525e+01 1.54158858e+01]
 [1.37278224e+01 2.74996423e+01]
 [6.27955478e+01 9.71696111e+00]
 [4.88086105e+01 1.28722597e+01]
 [2.10919585e+01 2.29091496e+01]
 [5.83995748e-01 4.48392831e+01]
 [9.37272719e+01 5.54425078e+00]
 [8.44575087e+00 3.16837571e+01]
 [1.21950374e+02 4.16701473e+00]
 [6.82976491e+01 8.65581362e+00]
 [2.33965871e+01 2.16933672e+01]
 [6.67382257e+01 8.91930054e+00]
 [8.81771198e+00 3.12543541e+01]
 [4.52153858e+01 1.37563484e+01]
 [3.70340395e+01 1.63039309e+01]
 [6.85108960e+01 8.61669457e+00]
 [4.57894629e+01 1.36141603e+01]
 [6.16577175e+01 9.95861321e+00]
 [2.69455421e+01 2.01665339e+01]
 [2.79076671e-02 4.89000517e+01]
 [2.29477676e+01 2.20174823e+01]
 [3.05227440e+01 1.86106574e+01]
 [1.70079530e+01 2.51345533e+01]
 [5.57602447e+01 1.12896310e+01]
 [5.37789466e+01 1.15918890e+01]
 [4.10289473e+01 1.49653625e+01]
 [1.28967983e+01 2.78446617e+01]
 [9.18932317e+01 5.60006886e+00]
 [5.77538244e+00 3.44844075e+01]
 [4.49309908e+01 1.38885238e+01]
 [1.40695923e+01 2.70668721e+01]
 [5.44824917e+00 3.49600058e+01]
 [6.32583073e+01 9.66838907e+00]
 [3.07498677e+01 1.84850220e+01]
 [1.67599877e+01 2.52426102e+01]
 [1.43291916e+01 2.68789508e+01]
 [1.18010809e+02 4.27499345e+00]
 [3.98668175e+01 1.53276407e+01]
 [1.98971469e+01 2.37203914e+01]
 [1.15005409e+01 2.88968753e+01]]
