[[1.52610864e-02 2.65060857e+04]
 [4.48927166e-02 9.16056255e+03]
 [3.99955887e-02 1.06219886e+04]
 [2.69897406e-02 1.55173060e+04]
 [3.70128177e-02 1.09776149e+04]
 [4.18541489e-02 9.65590185e+03]
 [3.15247391e-02 1.32695640e+04]
 [8.73430708e-03 4.97827473e+04]
 [3.18475519e-02 1.27103137e+04]
 [1.20622167e-02 3.74183468e+04]
 [4.37664957e-02 9.35419140e+03]
 [9.94202140e-03 4.21205463e+04]
 [1.75662574e-02 2.46631743e+04]
 [5.80348224e-03 8.04541568e+04]
 [5.25064956e-03 9.90916651e+04]
 [2.62469090e-02 1.58273636e+04]
 [7.45089487e-02 8.54717825e+03]
 [7.56468709e-03 6.21076234e+04]
 [9.27199435e-03 4.82731627e+04]
 [1.30730535e-02 3.52411997e+04]
 [4.04042687e-02 1.04727301e+04]
 [6.09524295e-03 7.56363917e+04]
 [4.02191923e-02 1.05063269e+04]
 [4.20096891e-02 9.61946772e+03]
 [2.38484243e-02 1.79825347e+04]
 [3.25027737e-02 1.23561491e+04]
 [2.42733573e-02 1.76160276e+04]
 [3.86922869e-02 1.06435450e+04]
 [3.02693374e-02 1.40550495e+04]
 [2.77047684e-02 1.50073570e+04]
 [3.54413588e-02 1.14965186e+04]
 [1.66720977e-02 2.58432240e+04]
 [1.66257558e-02 2.61234237e+04]
 [4.98283192e-02 8.56256418e+03]
 [3.24004737e-02 1.24864366e+04]
 [1.12459166e-02 3.77224859e+04]
 [2.48114792e-02 1.65683229e+04]
 [3.81299849e-02 1.09578153e+04]
 [4.68460213e-02 9.06949843e+03]
 [6.69055695e-03 7.24937972e+04]
 [5.93494684e-03 7.83248605e+04]
 [1.51076010e-02 2.87656568e+04]
 [1.05935547e-02 3.79934881e+04]
 [3.94051485e-02 1.06432273e+04]
 [4.26657975e-02 9.42853078e+03]
 [3.10548644e-02 1.33143254e+04]
 [3.05022445e-02 1.34344639e+04]
 [4.09038620e-02 1.00224259e+04]
 [1.37071574e-02 2.98502425e+04]
 [4.12398512e-02 9.86491842e+03]
 [2.45965992e-02 1.68554821e+04]
 [3.44173270e-02 1.18784651e+04]
 [4.84358618e-02 8.89369874e+03]
 [2.09543234e-02 1.96088075e+04]
 [1.31727000e-02 3.24823292e+04]
 [9.35021347e-03 4.72833230e+04]
 [2.59647986e-02 1.58307951e+04]
 [4.30702271e-02 9.36213921e+03]
 [3.39670152e-02 1.18809018e+04]
 [3.50810829e-02 1.16546028e+04]
 [2.31818820e-02 1.91062838e+04]
 [1.31297595e-02 3.33823078e+04]
 [2.33791514e-02 1.83235848e+04]
 [2.85984009e-02 1.43065424e+04]
 [8.17865498e-03 5.99117516e+04]
 [2.01993800e-02 2.20084607e+04]
 [9.38020249e-03 4.28649142e+04]
 [5.67364930e-03 9.00845527e+04]
 [1.74552786e-02 2.49658733e+04]
 [5.53024710e-03 9.12491474e+04]
 [6.11489336e-03 7.53909820e+04]
 [4.50630906e-02 9.14050063e+03]
 [7.48642355e-03 6.70585549e+04]
 [1.35800998e-02 3.02118833e+04]
 [8.61366387e-03 5.02842811e+04]
 [3.32843245e-02 1.20602885e+04]
 [4.25976880e-02 9.60152659e+03]]
