[[4.86621314e+00 6.48194950e-03]
 [4.25907534e+01 5.05021991e-04]
 [1.73701350e+01 1.00629571e-03]
 [1.06209772e+01 5.13253770e-03]
 [1.51282745e+01 1.27681359e-03]
 [1.06414944e+01 3.98003773e-03]
 [4.25748852e+01 5.05648326e-04]
 [1.24812593e+01 2.47167913e-03]
 [6.24113396e+01 4.60849979e-04]
 [5.04879600e+01 4.66898516e-04]
 [2.91593812e+01 5.71293024e-04]
 [6.40821927e+01 4.53499403e-04]
 [1.28929774e+01 1.43812860e-03]
 [1.59785521e+01 1.05877703e-03]
 [2.46918262e+01 8.31097315e-04]
 [2.29863994e+01 9.26580078e-04]
 [4.86336055e+01 4.75068010e-04]
 [4.09916649e+01 5.07640701e-04]
 [2.45957439e+01 8.64050865e-04]
 [1.21879886e+01 2.67913583e-03]
 [1.80158601e+01 9.34013900e-04]
 [4.26194454e+01 5.01845664e-04]
 [1.14839567e+01 3.88395983e-03]
 [9.50784550e+00 5.78749971e-03]
 [2.92054693e+01 5.70069082e-04]
 [4.09843148e+01 5.39664358e-04]
 [6.43385943e+01 4.51284550e-04]
 [1.25200021e+01 1.72486725e-03]
 [2.96100580e+01 5.49903525e-04]
 [4.43796491e+01 4.76205061e-04]]
