[[1.92931371e+01 1.11635482e-03]
 [2.99049927e+01 6.24378035e-04]
 [3.25102038e+01 5.18213796e-04]
 [1.93645215e+01 1.10351890e-03]
 [8.62797566e+00 2.22585333e-03]
 [5.83535714e+00 5.00123558e-03]
 [1.53747028e+01 1.42420805e-03]
 [2.28030690e+01 7.92642825e-04]
 [5.62345139e+00 5.01674699e-03]
 [2.16031743e+01 9.50480245e-04]
 [2.23018968e+01 9.02739792e-04]
 [1.62111392e+01 1.35649320e-03]
 [6.12608969e+01 4.41535705e-04]
 [2.92908371e+01 6.38201977e-04]
 [4.31640388e+01 4.79988399e-04]
 [6.07515340e+00 4.78455621e-03]
 [1.28109106e+01 1.42534341e-03]
 [7.43774981e+00 3.29042283e-03]
 [6.71204609e+00 4.10656094e-03]
 [6.89584874e+00 3.86008041e-03]
 [8.30846538e+00 2.92226290e-03]
 [3.74154416e+00 9.96124991e-03]
 [3.67488989e+01 5.08648892e-04]
 [2.67075768e+01 6.67907201e-04]
 [4.65793038e+01 4.47782153e-04]
 [3.18253469e+01 5.53748847e-04]
 [4.58470295e+01 4.65740232e-04]
 [1.53794077e+02 4.41369560e-04]
 [8.41031652e+00 2.22748845e-03]
 [5.07125463e+00 5.23146071e-03]
 [1.94600913e+01 1.00378570e-03]
 [4.73725385e+00 5.39652003e-03]
 [2.24731377e+01 8.39580709e-04]
 [1.13725492e+01 1.63405078e-03]
 [3.10797652e+01 5.57480653e-04]
 [4.40438966e+00 5.98158835e-03]
 [1.77047963e+01 1.12133631e-03]
 [1.67488543e+01 1.16421558e-03]]
