[[0.88583908 0.47662194]
 [0.67217498 0.7755721 ]
 [0.75708915 0.72708058]
 [0.4991201  0.8390315 ]
 [0.70617192 0.76554799]
 [0.49634377 0.89956876]
 [0.94325798 0.15620223]
 [0.89713913 0.47366113]
 [0.72319904 0.75672302]
 [0.56228978 0.77981938]
 [0.86970443 0.48975994]
 [0.90036112 0.46548957]
 [0.54999544 0.78688495]
 [0.69383824 0.77358297]
 [0.45122093 0.93568367]
 [0.48408529 0.91073371]
 [0.08226865 1.01072138]
 [0.93547822 0.20574745]
 [0.91259604 0.46432691]
 [0.96275155 0.13171349]
 [0.51712101 0.81258436]
 [0.99217115 0.1096896 ]
 [0.80827993 0.57361274]
 [0.77246708 0.6712647 ]
 [0.81586656 0.52397591]
 [0.47653054 0.91840937]
 [0.47792352 0.91732349]
 [0.12165946 1.00992353]
 [0.84760426 0.49562627]
 [0.49758378 0.84187103]
 [0.82138759 0.52162893]
 [0.8249383  0.4995398 ]
 [0.19102027 0.94064037]
 [1.03347146 0.06621869]
 [0.06905759 1.0526683 ]
 [0.80039438 0.61762554]
 [0.50482031 0.81677152]
 [0.15581816 0.96256129]
 [0.91837943 0.45839679]
 [0.52410515 0.80930367]
 [0.80452011 0.59463729]]
