[[1.52610864e-02 2.65060857e+04]
 [2.92718806e-02 1.46826065e+04]
 [2.69897406e-02 1.55173060e+04]
 [3.70128177e-02 1.09776149e+04]
 [4.18541489e-02 9.65590185e+03]
 [3.24027690e-02 1.33971841e+04]
 [1.07192317e-02 3.87363394e+04]
 [6.65579178e-03 8.01334124e+04]
 [2.68667693e-02 1.55486227e+04]
 [3.36168968e-02 1.19017793e+04]
 [2.56216389e-02 1.57567009e+04]
 [1.07394232e-02 3.74075220e+04]
 [4.08704463e-02 1.01202440e+04]
 [2.46273257e-02 1.72132755e+04]
 [1.25716176e-02 3.35373251e+04]
 [9.71864447e-03 4.18586603e+04]
 [4.12827288e-02 9.76853608e+03]
 [1.35411143e-02 3.14966825e+04]
 [1.22493950e-02 3.48878682e+04]
 [1.89367816e-02 2.11842958e+04]
 [1.51571648e-02 2.69000389e+04]
 [4.46620769e-02 9.15141527e+03]
 [9.51382559e-03 4.22963881e+04]
 [1.85741395e-02 2.21221367e+04]
 [9.22660697e-03 5.06726688e+04]
 [3.24125265e-02 1.30991268e+04]
 [4.00656945e-02 1.01822364e+04]
 [3.59436249e-02 1.12556286e+04]
 [4.40502923e-02 9.31125278e+03]
 [6.68189055e-03 6.59779666e+04]
 [3.97548211e-02 1.02492455e+04]
 [2.20909882e-02 1.98176845e+04]
 [3.55475217e-02 1.17696338e+04]
 [1.15872543e-02 3.68063888e+04]
 [4.59595324e-02 8.82049977e+03]
 [2.47963557e-02 1.70491035e+04]
 [3.07322621e-02 1.40136772e+04]
 [3.89333970e-02 1.06304185e+04]
 [5.07530071e-02 8.78514149e+03]
 [2.28198827e-02 1.93219174e+04]
 [3.81411126e-02 1.07150058e+04]
 [1.23210399e-02 3.45991704e+04]
 [1.66048832e-02 2.52488670e+04]
 [1.94091265e-02 2.09133468e+04]
 [1.24198291e-02 3.43138894e+04]
 [2.82897230e-02 1.49627781e+04]
 [3.67831612e-02 1.12003492e+04]
 [1.46142083e-02 2.86700738e+04]
 [2.34223897e-02 1.81952003e+04]
 [2.62695615e-02 1.56997188e+04]
 [1.21575263e-02 3.64937429e+04]
 [9.23506848e-03 4.48112938e+04]
 [1.85518020e-02 2.21874627e+04]
 [1.03853880e-02 4.06529348e+04]
 [2.11860351e-02 1.98751592e+04]
 [4.12419790e-02 9.81641900e+03]
 [4.36851833e-02 9.32024315e+03]
 [9.19616768e-03 5.12899654e+04]
 [1.68874205e-02 2.47497893e+04]
 [3.01342376e-02 1.44334746e+04]
 [3.27749704e-02 1.23989420e+04]
 [6.33008331e-02 8.52382231e+03]
 [3.10372545e-02 1.38294054e+04]
 [3.94811745e-02 1.04101518e+04]
 [5.30770714e-03 8.87807768e+04]
 [1.80399085e-02 2.30114899e+04]
 [6.80927139e-03 6.14534843e+04]
 [1.44124843e-02 2.88667020e+04]
 [2.95054768e-02 1.45115776e+04]
 [8.17723756e-03 5.35939120e+04]
 [4.19090981e-02 9.65344795e+03]
 [1.72943054e-02 2.41124132e+04]
 [9.01447997e-03 5.23349811e+04]
 [3.89836959e-02 1.06240190e+04]
 [7.86318613e-02 8.47630059e+03]
 [1.26419512e-02 3.30636171e+04]
 [3.95049485e-02 1.02707405e+04]
 [5.10219539e-02 8.57691511e+03]]
