[[3.60699608e+01 1.65566552e+01]
 [7.76812641e+00 3.22621992e+01]
 [3.44753316e+01 1.71025222e+01]
 [2.86511655e+01 1.95368564e+01]
 [3.38364045e+00 3.78835185e+01]
 [7.01718697e+00 3.32064912e+01]
 [2.06701379e+01 2.30235463e+01]
 [8.35413583e+01 6.42080819e+00]
 [6.42545421e-02 4.82357273e+01]
 [5.60857909e+01 1.11194220e+01]
 [6.81555654e+01 8.66305532e+00]
 [8.89085385e-01 4.35860832e+01]
 [6.14466549e-01 4.47011988e+01]
 [1.45298019e+01 2.68269711e+01]
 [5.83176055e+01 1.06016468e+01]
 [7.04643053e+01 8.30666886e+00]
 [7.07409588e+00 3.29968040e+01]
 [7.64913006e+01 7.61132999e+00]
 [1.04976551e+01 2.98948891e+01]
 [5.10129214e+01 1.23026655e+01]
 [4.83307391e+01 1.30055861e+01]
 [3.09838326e+01 1.84529702e+01]
 [9.65869014e+01 5.29510110e+00]
 [3.17043014e+01 1.83835391e+01]
 [8.61160919e+00 3.19010647e+01]
 [1.93888691e-01 4.71300901e+01]
 [3.56757064e+01 1.67682477e+01]
 [3.01435576e+00 3.87437753e+01]
 [1.17329489e+02 4.34324222e+00]
 [4.66951383e+00 3.58988353e+01]
 [5.69893656e+01 1.08917859e+01]
 [6.83382844e+01 8.64617576e+00]
 [4.34026601e+01 1.43443386e+01]
 [2.13531304e+01 2.26859973e+01]
 [5.00504672e+01 1.25116603e+01]
 [1.88251444e+01 2.41843976e+01]
 [2.58119506e+00 3.96677531e+01]
 [4.03239394e+00 3.69383522e+01]
 [2.38404433e+01 2.15314788e+01]
 [4.75859928e+01 1.32989730e+01]
 [8.64919865e+01 6.15676129e+00]
 [3.36542071e+01 1.74010150e+01]
 [3.20537255e+00 3.81544643e+01]
 [4.94481916e+00 3.56141364e+01]
 [2.83518875e+01 1.95538827e+01]
 [1.27649019e+01 2.80997480e+01]
 [2.40538698e+01 2.14695150e+01]
 [6.48609556e+01 9.26874806e+00]
 [5.05834735e+01 1.23675360e+01]
 [3.43372301e+01 1.71514592e+01]
 [1.93779981e+01 2.37564183e+01]
 [5.01455835e+01 1.24796289e+01]
 [6.33070848e+01 9.61319687e+00]
 [5.40210633e+01 1.15365319e+01]
 [1.10958087e+01 2.96911065e+01]
 [6.83013424e+00 3.33587758e+01]
 [3.12500802e+01 1.84325539e+01]
 [6.43486652e+01 9.37801384e+00]
 [1.20306667e+01 2.85309140e+01]
 [2.25733983e+01 2.24263055e+01]
 [7.44505565e+01 7.63696884e+00]
 [4.67329773e+01 1.33736789e+01]
 [3.01727971e+01 1.87087766e+01]
 [1.34130912e+00 4.22112876e+01]
 [2.15113580e+01 2.25891640e+01]
 [3.35921562e-01 4.59875418e+01]
 [5.79757966e+01 1.06536827e+01]
 [4.76391019e+01 1.32669915e+01]
 [2.15758789e+01 2.25489721e+01]
 [2.66596827e+01 2.02184574e+01]
 [2.58182713e+01 2.08055238e+01]
 [7.79711709e+00 3.22085453e+01]
 [4.45625951e+01 1.40918550e+01]
 [6.96871304e+01 8.40558730e+00]
 [2.47211051e+01 2.10275627e+01]
 [3.79945778e+01 1.59323796e+01]
 [8.62804999e+00 3.15900942e+01]
 [6.34288930e+00 3.46317578e+01]
 [1.31969028e+01 2.76972815e+01]
 [1.05494764e+01 2.98658082e+01]
 [2.32632100e+01 2.22242980e+01]
 [2.77386830e+00 3.89277638e+01]
 [4.67663491e+01 1.33526234e+01]
 [4.21620745e+01 1.46265005e+01]
 [3.75361146e+00 3.72747338e+01]
 [5.38580768e+01 1.16485177e+01]
 [6.96135576e+01 8.42397176e+00]
 [3.26021873e+01 1.77876950e+01]
 [8.02485554e+01 7.11869063e+00]
 [3.27101692e+01 1.77589149e+01]
 [6.91123586e+01 8.55038487e+00]
 [7.01730799e+01 8.31113849e+00]
 [3.91416147e+01 1.55467138e+01]
 [1.79816284e+01 2.45904349e+01]
 [1.14352050e+02 4.60422727e+00]
 [6.91922583e-01 4.44418788e+01]
 [1.65221373e+01 2.61863567e+01]
 [7.19408245e+01 8.01237546e+00]
 [2.02291111e+00 4.05086490e+01]
 [2.62728519e-01 4.64450476e+01]
 [4.13293070e+00 3.68514178e+01]
 [5.34718436e+01 1.16612434e+01]
 [4.50652135e+01 1.38072019e+01]
 [1.21033246e+01 2.84498708e+01]
 [1.02984042e+00 4.31941739e+01]
 [4.28413418e+00 3.64353428e+01]
 [6.06772742e+01 1.00926354e+01]
 [5.17815690e+01 1.20756660e+01]
 [5.00753781e+01 1.24841183e+01]
 [3.64208919e+01 1.64783257e+01]
 [2.05031630e+01 2.31204647e+01]
 [5.52778958e+01 1.14322952e+01]
 [2.08699861e+01 2.29201545e+01]
 [1.19158618e+01 2.86011782e+01]
 [1.41624463e+00 4.19642958e+01]
 [2.18207191e+00 4.01005677e+01]
 [1.11394377e+02 4.68970831e+00]
 [7.09630621e+01 8.18251721e+00]
 [7.32905725e+01 7.80331402e+00]
 [4.81591284e+01 1.31756947e+01]
 [6.39186693e+01 9.46243930e+00]
 [2.99171409e+01 1.88154538e+01]
 [5.79406439e+01 1.06615388e+01]
 [8.69985118e+00 3.15208134e+01]
 [6.17388396e+01 9.88386160e+00]
 [2.76710956e+01 1.97216465e+01]
 [3.39703682e+01 1.72797952e+01]
 [3.11710112e+01 1.84462971e+01]
 [4.17584919e+01 1.48478127e+01]
 [1.14221603e+01 2.90338290e+01]
 [7.29884071e+01 7.85652240e+00]
 [1.69702396e+01 2.52677733e+01]
 [6.45678756e+01 9.37070382e+00]
 [3.77617301e+01 1.60463175e+01]
 [1.15970384e+02 4.58112372e+00]
 [3.69561394e+01 1.63061077e+01]
 [1.41585027e+01 2.70120419e+01]
 [5.76343606e+01 1.07971401e+01]
 [3.52626727e+01 1.68741367e+01]
 [2.60042876e+01 2.05392553e+01]
 [1.90518137e+00 4.07413769e+01]
 [2.61662998e+00 3.92754125e+01]
 [4.17847899e+01 1.48389381e+01]
 [2.34991949e+01 2.17441061e+01]
 [7.69816507e+01 7.23820475e+00]
 [2.23387607e-01 4.70392565e+01]
 [5.12613001e+00 3.52860822e+01]
 [3.79017261e+01 1.59874824e+01]
 [4.49738212e+01 1.38790832e+01]
 [5.17276102e+01 1.22865738e+01]
 [2.03456338e+01 2.32082280e+01]
 [6.63170496e+01 9.00381596e+00]
 [7.28430962e+00 3.27538205e+01]
 [1.46584050e+01 2.66365466e+01]
 [5.59535218e+01 1.11264467e+01]
 [4.76761533e+01 1.32555248e+01]
 [4.31714275e+01 1.43705715e+01]
 [3.98340679e+01 1.54273720e+01]
 [7.43293428e+01 7.75996143e+00]
 [1.15769685e+01 2.88653516e+01]
 [2.71352581e+00 3.91071832e+01]
 [7.74563820e-01 4.41476796e+01]
 [5.28991659e+01 1.17958507e+01]
 [3.83371844e+01 1.58109142e+01]
 [1.00307184e+01 3.03899284e+01]
 [5.25356246e+01 1.20171479e+01]
 [2.46694296e+01 2.11778696e+01]
 [5.57011443e+01 1.11850770e+01]
 [1.08345515e+02 4.92693245e+00]
 [6.22926925e+01 9.79474044e+00]
 [5.40016930e+01 1.16351592e+01]
 [8.50989153e+00 3.20231844e+01]
 [1.65545336e+01 2.54838998e+01]
 [2.50670045e+01 2.08758804e+01]
 [6.27066972e+00 3.47296587e+01]
 [5.66662801e-01 4.49160765e+01]
 [1.66340879e+00 4.13038817e+01]
 [9.68919340e+01 5.24331556e+00]
 [5.61215282e+01 1.10733198e+01]
 [9.28796007e+01 5.74409849e+00]
 [2.30907740e+01 2.23281725e+01]
 [4.01673036e+01 1.52290094e+01]
 [1.16221348e+02 4.37308941e+00]
 [9.93292666e+01 5.04993078e+00]
 [3.19603226e+01 1.80545135e+01]
 [2.73551250e+01 1.99470431e+01]
 [3.47996659e+01 1.70057943e+01]
 [4.24198639e+01 1.45546241e+01]
 [4.19759415e+01 1.47500759e+01]
 [1.46513114e+01 2.66837625e+01]
 [5.67777712e+01 1.09134329e+01]
 [4.58658559e-01 4.53279371e+01]
 [6.41821061e+01 9.43764309e+00]
 [1.39203738e+01 2.74025319e+01]
 [3.04385586e+01 1.86534893e+01]
 [9.46232811e+00 3.06487793e+01]
 [3.31397262e+01 1.75913321e+01]
 [3.62831236e+01 1.65170622e+01]
 [5.01723213e+00 3.54304621e+01]
 [6.91356748e+01 8.49044369e+00]
 [5.34790589e+01 1.16595648e+01]
 [7.69019452e+01 7.54515333e+00]
 [6.31399687e+01 9.63169444e+00]
 [8.24485110e+01 6.65442321e+00]
 [7.12072123e+01 8.13314086e+00]
 [6.16360547e+01 9.89512172e+00]
 [4.16298679e+00 3.66135960e+01]
 [1.57303062e+00 4.16894575e+01]
 [3.59063856e+01 1.66515225e+01]
 [5.28395964e+01 1.19538946e+01]
 [5.88466747e+01 1.04686899e+01]
 [5.65661780e+00 3.47868984e+01]
 [3.09754967e+01 1.86042319e+01]
 [4.12041614e-01 4.58352920e+01]
 [2.37032479e+01 2.15732269e+01]
 [1.24849235e+00 4.24438731e+01]
 [4.28963666e-01 4.55501913e+01]
 [8.16978324e+01 6.95407213e+00]
 [2.97953848e+01 1.92041370e+01]
 [4.83334847e+01 1.29267838e+01]
 [1.74622569e+01 2.50757169e+01]
 [2.16621218e+01 2.25049533e+01]
 [6.03343891e+01 1.03346934e+01]
 [3.23058925e+01 1.79583629e+01]
 [9.10250697e+00 3.09436249e+01]
 [6.25021068e+01 9.72766349e+00]
 [4.29757025e+01 1.44237787e+01]
 [7.24385361e+01 7.93042896e+00]
 [6.08763427e+01 1.00538587e+01]
 [2.24552696e+00 3.99841504e+01]
 [8.88570265e+01 5.93258402e+00]
 [7.71315245e+00 3.23488485e+01]
 [6.67586759e+01 8.97889072e+00]
 [6.27578644e+01 9.70307455e+00]
 [5.03145456e-02 4.84991354e+01]
 [9.78177050e+01 5.21165392e+00]
 [4.76064448e+01 1.32905678e+01]
 [7.13029029e+01 8.11689267e+00]
 [3.70456858e+01 1.62238553e+01]
 [3.56766419e+00 3.75367128e+01]
 [1.60772469e+01 2.66293547e+01]
 [5.09072998e+01 1.23317744e+01]
 [2.01685732e+01 2.35192597e+01]]
