[[1.52610864e-02 2.65060857e+04]
 [4.48927166e-02 9.16056255e+03]
 [3.93752889e-02 1.06532184e+04]
 [3.39946541e-02 1.19017793e+04]
 [4.18541489e-02 9.65590185e+03]
 [1.07192317e-02 3.87363394e+04]
 [2.65408505e-02 1.55173060e+04]
 [1.36485220e-02 3.08365403e+04]
 [4.57175016e-02 8.96634650e+03]
 [3.60068798e-02 1.15170797e+04]
 [7.91434321e-03 5.71054675e+04]
 [9.86855200e-03 4.36578047e+04]
 [4.05960164e-02 1.00017600e+04]
 [1.15722481e-02 3.52056643e+04]
 [5.01613465e-02 8.85453023e+03]
 [2.76188542e-02 1.45466766e+04]
 [4.14276669e-02 9.91731041e+03]
 [1.19355940e-02 3.38264078e+04]
 [4.57959460e-02 8.96380202e+03]
 [5.52629113e-03 8.75431481e+04]
 [1.82766519e-02 2.28210778e+04]
 [5.86783625e-02 8.59802676e+03]
 [5.87837829e-02 8.49867464e+03]
 [1.54451154e-02 2.63418022e+04]
 [8.71816833e-03 4.67573564e+04]
 [3.95266467e-02 1.05139047e+04]
 [4.42274690e-03 9.42112455e+04]
 [3.46034219e-02 1.18227927e+04]
 [1.05112652e-02 4.14508031e+04]
 [1.14515928e-02 3.81599431e+04]
 [1.32973515e-02 3.27099270e+04]
 [2.08280753e-02 2.01989238e+04]
 [4.48853087e-02 9.29421829e+03]
 [6.40311354e-03 7.50829638e+04]
 [6.57995489e-03 7.25943278e+04]
 [8.14706530e-03 5.54594339e+04]
 [5.87234770e-02 8.50019715e+03]
 [4.25591379e-02 9.59578170e+03]
 [4.86130110e-02 8.93740046e+03]
 [4.04422050e-02 1.00209832e+04]
 [1.25322593e-02 3.34482793e+04]
 [6.61847514e-03 6.85386825e+04]
 [3.70115505e-02 1.09666333e+04]
 [2.32835413e-02 1.86669231e+04]
 [1.46179772e-02 2.83372998e+04]
 [8.78504882e-03 4.66147418e+04]
 [6.88083182e-03 6.71274784e+04]
 [1.50416828e-02 2.71591299e+04]
 [4.06465049e-02 9.91983533e+03]
 [7.00838751e-03 6.37045552e+04]
 [8.47010735e-03 5.08178948e+04]
 [4.17829083e-02 9.68548897e+03]
 [9.55894333e-03 4.40581505e+04]
 [4.31396306e-02 9.57026710e+03]
 [3.95681543e-02 1.03538504e+04]
 [2.56201725e-02 1.65865645e+04]
 [9.85812956e-03 4.37669212e+04]
 [3.25480556e-02 1.27908295e+04]
 [1.76195699e-02 2.30913528e+04]
 [2.20995996e-02 1.98627134e+04]
 [2.86758834e-02 1.45232079e+04]
 [3.06882912e-02 1.33946937e+04]
 [1.03288638e-02 4.14860673e+04]
 [2.24956104e-02 1.97975954e+04]
 [4.37439393e-02 9.33461606e+03]
 [6.59527443e-03 7.21838225e+04]
 [1.05702801e-02 3.98208595e+04]
 [3.79124234e-02 1.09572953e+04]
 [3.38481712e-02 1.25309496e+04]
 [5.02598427e-02 8.65003105e+03]
 [8.98013706e-03 4.58559407e+04]
 [1.61817899e-02 2.49625966e+04]
 [5.39084048e-02 8.61720113e+03]
 [2.47825808e-02 1.82856142e+04]
 [3.91620413e-02 1.06760896e+04]]
