[[1.52610864e-02 2.65060857e+04]
 [4.48927166e-02 9.16056255e+03]
 [3.39946541e-02 1.19017793e+04]
 [3.69601535e-02 1.15706902e+04]
 [3.70128177e-02 1.09776149e+04]
 [4.18541489e-02 9.65590185e+03]
 [1.07192317e-02 3.87363394e+04]
 [7.55190855e-02 8.67009037e+03]
 [3.18475519e-02 1.27103137e+04]
 [5.58102404e-02 8.67738208e+03]
 [1.20622167e-02 3.74183468e+04]
 [4.37664957e-02 9.35419140e+03]
 [9.94202140e-03 4.21205463e+04]
 [5.25064956e-03 9.90916651e+04]
 [2.57065886e-02 1.59723699e+04]
 [2.40249579e-02 1.80470326e+04]
 [2.11989407e-02 2.09003634e+04]
 [8.62407872e-03 4.80120660e+04]
 [2.84826754e-02 1.42657777e+04]
 [1.29877897e-02 3.30752248e+04]
 [2.10250921e-02 2.12776263e+04]
 [7.73724338e-03 5.94455362e+04]
 [2.15610606e-02 1.97547574e+04]
 [4.73555666e-02 9.12917325e+03]
 [2.90637842e-02 1.38857811e+04]
 [1.70144863e-02 2.46728070e+04]
 [1.21628554e-02 3.63148152e+04]
 [1.28775255e-02 3.58173268e+04]
 [2.20867661e-02 1.96200501e+04]
 [3.90897553e-02 1.02902285e+04]
 [2.49345939e-02 1.68930546e+04]
 [4.82504096e-02 8.76515512e+03]
 [4.17588654e-02 9.91104656e+03]
 [1.15364525e-02 3.83827865e+04]
 [2.48830359e-02 1.78386122e+04]
 [3.14807928e-02 1.29365132e+04]
 [6.35307086e-03 6.74489253e+04]
 [3.69205429e-02 1.15772032e+04]
 [2.64885416e-02 1.55002879e+04]
 [1.70827035e-02 2.41172738e+04]
 [1.89863624e-02 2.23524519e+04]
 [1.83848510e-02 2.37437266e+04]
 [3.66206030e-02 1.16232212e+04]
 [1.40309889e-02 2.94449499e+04]
 [2.04093522e-02 2.13868351e+04]
 [5.39736773e-03 7.51433114e+04]
 [2.80406224e-02 1.45376303e+04]
 [2.25281986e-02 1.81225745e+04]
 [3.10163911e-02 1.32755886e+04]
 [1.35633162e-02 3.05780012e+04]
 [3.90338595e-02 1.09088402e+04]
 [1.59030261e-02 2.59199353e+04]
 [7.59803091e-03 6.39473625e+04]
 [1.50666371e-02 2.69845250e+04]
 [2.80322354e-02 1.54452183e+04]
 [1.65552466e-02 2.51678257e+04]
 [3.09041281e-02 1.36939997e+04]
 [1.15852070e-02 3.78348639e+04]
 [3.39124910e-02 1.19971336e+04]]
