[[4.92696984 1.01365489 2.73433437 0.02666455 1.3144463  2.41673025]
 [4.92696984 1.01354541 4.32344298 0.08539673 3.36555418 6.89448015]
 [1.4070958  1.88639195 1.18743652 0.16295071 1.06624114 1.70696499]
 [4.91640282 1.01356289 3.47313116 0.15577392 3.88484341 5.45907437]
 [1.42608385 1.51794343 1.42739731 0.26365722 1.15088584 0.83823374]
 [3.86051488 0.90850448 1.27881075 0.44330163 1.26045062 1.81560263]
 [4.92696984 1.01354541 4.48562853 0.08336115 3.36555418 6.89448015]
 [0.95680144 1.16399612 2.29525866 1.0804281  1.26175165 1.25913826]
 [0.95680144 1.16839361 2.56477492 1.05489563 1.1210068  1.25913826]
 [4.92696984 0.98812112 2.73433437 0.09090823 1.50012461 1.84107554]
 [4.54571722 0.99017634 1.24751465 0.47190731 1.32268096 1.8152553 ]
 [3.56861894 0.98232337 1.18743652 0.44226672 1.01127828 1.70696499]
 [0.71231348 1.65746194 1.76021483 0.11692568 1.26538464 2.33124682]
 [4.92696984 1.01365489 4.67256713 0.08333866 3.36543096 6.8509879 ]
 [4.93586954 1.01525422 3.49130042 0.16081252 1.05728609 1.65674411]
 [4.90493624 1.06432752 2.19074989 0.03097278 1.15333059 1.66282083]
 [4.60393206 0.98779968 2.29516805 0.98504772 1.07126208 1.77952396]
 [4.91053745 1.01356289 2.79551803 0.16996147 3.88484341 5.16735841]
 [4.71384462 0.99017634 1.54538543 0.04597781 1.3144463  2.41952838]
 [4.14835474 1.07952419 1.45941143 0.27155373 1.3144463  1.60279393]
 [4.45777341 1.01006623 1.24751465 0.46790505 1.32268096 1.8152553 ]
 [4.93285814 0.99052922 1.45480771 0.04501989 4.58408056 7.09714992]]
