[[1.45988514e+01 1.87473437e-03]
 [4.86621314e+00 6.48194950e-03]
 [5.84779630e+01 5.05021991e-04]
 [3.23474214e+01 6.42435431e-04]
 [3.89650248e+01 6.05456647e-04]
 [2.23930593e+01 9.50885037e-04]
 [1.32907934e+01 2.50734242e-03]
 [5.26519165e+01 5.15072990e-04]
 [8.42493582e+00 2.79476072e-03]
 [2.91371864e+01 8.71892713e-04]
 [1.62072948e+01 1.34727829e-03]
 [3.01266957e+01 7.90565436e-04]
 [6.28163688e+01 4.93168245e-04]
 [3.24179185e+01 6.37557496e-04]
 [3.16863286e+01 6.55252386e-04]
 [1.36439071e+01 1.88892725e-03]
 [6.42238473e+01 4.90415539e-04]
 [1.46011808e+01 1.83339763e-03]
 [3.30733332e+00 8.19375687e-03]
 [4.43383311e+01 5.35657217e-04]
 [1.58059627e+01 1.42541506e-03]
 [1.36274947e+01 1.99044570e-03]
 [5.02410945e+00 5.15237505e-03]
 [2.03547246e+01 1.13622996e-03]
 [6.45266335e+01 4.80921933e-04]
 [2.71431296e+01 9.18387935e-04]
 [3.87330891e+01 6.19365567e-04]
 [5.73181715e+01 5.12819178e-04]
 [4.43454872e+01 5.15937092e-04]
 [2.58484880e+01 9.45632919e-04]
 [1.96055171e+01 1.18342482e-03]
 [2.09117143e+01 9.84364280e-04]
 [4.00311457e+01 5.41652612e-04]]
