[[1.52610864e-02 2.65060857e+04]
 [4.48927166e-02 9.16056255e+03]
 [3.93752889e-02 1.06532184e+04]
 [3.39946541e-02 1.19017793e+04]
 [1.44905309e-02 3.23704646e+04]
 [1.48763652e-02 3.16720628e+04]
 [2.69897406e-02 1.55173060e+04]
 [3.69601535e-02 1.15706902e+04]
 [3.70128177e-02 1.09776149e+04]
 [4.18541489e-02 9.65590185e+03]
 [1.31546121e-02 3.47853465e+04]
 [1.07192317e-02 3.87363394e+04]
 [2.36734457e-02 1.87026776e+04]
 [8.73430708e-03 4.97827473e+04]
 [3.18475519e-02 1.27103137e+04]
 [2.37449270e-02 1.84067872e+04]
 [2.89231505e-02 1.45152970e+04]
 [2.04852083e-02 2.03824311e+04]
 [1.06628698e-02 3.87571911e+04]
 [3.63076088e-02 1.16334421e+04]
 [1.89566021e-02 2.26903544e+04]
 [7.69672699e-02 8.50337060e+03]
 [2.14882753e-02 2.02761782e+04]
 [1.20082280e-02 3.52411997e+04]
 [8.61975156e-03 5.22257149e+04]
 [1.62979795e-02 2.62772072e+04]
 [5.37589353e-02 8.57192068e+03]
 [8.46949960e-03 5.84959809e+04]
 [3.47511980e-02 1.17748610e+04]
 [1.97193010e-02 2.10375139e+04]
 [2.91172034e-02 1.42420613e+04]
 [5.30910005e-02 8.89985855e+03]
 [3.97252134e-02 1.05273842e+04]
 [3.03978629e-02 1.36979831e+04]
 [2.44782653e-02 1.69639946e+04]
 [1.63507819e-02 2.48171236e+04]
 [4.09093716e-02 1.00195521e+04]
 [1.35314097e-02 3.28279476e+04]
 [1.36644161e-02 3.24159812e+04]
 [6.34228721e-03 7.07203936e+04]
 [2.23359146e-02 1.90829418e+04]
 [1.79475887e-02 2.37436577e+04]
 [3.12852443e-02 1.32062127e+04]
 [4.66694392e-02 8.94688261e+03]
 [5.63743013e-02 8.53611028e+03]
 [7.74245294e-03 6.02942599e+04]
 [5.42120680e-02 8.55920742e+03]
 [1.09831353e-02 3.66227349e+04]
 [7.09546500e-03 6.16527565e+04]
 [5.38082462e-02 8.56623487e+03]
 [6.68269710e-03 6.87896311e+04]
 [2.76353590e-02 1.52644349e+04]
 [9.67794521e-03 4.15344188e+04]
 [3.69783199e-02 1.15613047e+04]
 [2.51347793e-02 1.61250601e+04]
 [3.01730107e-02 1.40561436e+04]
 [3.84163000e-02 1.07632059e+04]
 [4.82874262e-02 8.90449784e+03]
 [1.12003582e-02 3.62998939e+04]
 [1.49454904e-02 2.73253702e+04]
 [9.36968263e-03 4.79115438e+04]
 [5.97122244e-02 8.52038663e+03]
 [1.52958218e-02 2.64741373e+04]
 [4.10772354e-02 9.98967354e+03]
 [6.13602682e-03 7.44231269e+04]
 [5.76152471e-03 8.97434695e+04]
 [1.62994373e-02 2.60442627e+04]]
