[[1.86260211e-03 3.45560727e-03 1.79353495e+00]
 [3.66543097e-03 8.62346253e-03 2.38535544e+00]
 [3.81016124e-03 7.49858311e-03 2.02228296e+00]
 [4.44117107e-03 8.28135361e-03 1.85269631e+00]
 [4.32981507e-03 9.09311989e-03 2.21095800e+00]
 [1.57096266e-03 2.27182777e-03 1.28558657e+00]
 [4.26709527e-03 9.21271595e-03 2.20821147e+00]
 [4.81601634e-03 9.80590979e-03 1.96896132e+00]
 [1.87236229e-03 3.16410680e-03 1.39929544e+00]
 [2.58896216e-03 5.88582493e-03 2.48903995e+00]
 [4.38844440e-03 8.44620973e-03 1.84271971e+00]
 [1.43086678e-03 3.25809967e-03 2.77965468e+00]
 [4.37055119e-03 9.81689746e-03 2.64011162e+00]
 [3.73779715e-03 7.49858311e-03 1.94467074e+00]
 [4.30471783e-03 8.90549901e-03 2.08814630e+00]
 [2.58896216e-03 5.83192097e-03 2.48411059e+00]
 [4.74107284e-03 9.02533950e-03 1.69194426e+00]
 [4.60562631e-03 9.45391746e-03 2.14757078e+00]
 [1.72604620e-03 4.08527980e-03 2.66141140e+00]
 [3.99218605e-03 7.97297100e-03 2.11248363e+00]
 [9.46912194e-04 1.60777494e-03 1.97130472e+00]
 [1.23536672e-03 2.61398910e-03 2.61941494e+00]
 [2.55594762e-03 5.83494153e-03 2.78841640e+00]
 [4.81601634e-03 9.84358237e-03 1.95846740e+00]
 [3.00355489e-03 5.58065867e-03 1.53464681e+00]
 [3.99502158e-03 8.42845127e-03 1.99235858e+00]
 [2.27825827e-03 4.22358861e-03 1.65721443e+00]
 [2.74664035e-03 5.76883830e-03 2.14067458e+00]
 [1.50425082e-03 2.25662545e-03 1.48557625e+00]
 [4.18597033e-03 6.67074644e-03 1.52190199e+00]
 [1.40386939e-03 2.27220889e-03 1.29874728e+00]
 [4.71879110e-03 9.08318275e-03 1.98823253e+00]
 [4.98398047e-03 9.84603738e-03 2.08255372e+00]
 [3.92675533e-03 6.83464900e-03 1.71174662e+00]
 [1.71465046e-03 4.08914167e-03 2.62522118e+00]
 [3.65170856e-03 8.63576870e-03 2.40583758e+00]
 [9.65001713e-04 1.44467349e-03 1.39579189e+00]
 [1.76158364e-03 4.14055988e-03 2.10829586e+00]
 [3.53849970e-03 5.75914780e-03 1.48809218e+00]
 [4.31314172e-03 9.80491665e-03 2.64011162e+00]
 [3.99229814e-03 9.04686160e-03 2.18936553e+00]
 [4.32981507e-03 9.33312889e-03 2.21644010e+00]
 [1.53775027e-03 3.36513029e-03 2.16650940e+00]
 [1.53017308e-03 3.29728509e-03 2.48086372e+00]
 [1.39982492e-03 2.64297483e-03 2.32874764e+00]
 [4.23751640e-03 9.60511305e-03 2.70000239e+00]
 [4.66699180e-03 9.69095367e-03 2.15768836e+00]
 [1.50426303e-03 2.52393550e-03 1.48462150e+00]
 [2.52911025e-03 5.85638404e-03 2.01014839e+00]
 [3.49297270e-03 8.35885228e-03 2.52358889e+00]
 [7.43440821e-04 1.98670890e-03 1.93889208e+00]
 [2.13352046e-03 4.22358861e-03 1.65721443e+00]
 [1.50425082e-03 2.50469078e-03 1.30128671e+00]
 [1.96701543e-03 2.99007267e-03 1.63544742e+00]
 [1.86230212e-03 3.44388515e-03 2.16650940e+00]
 [4.55459183e-03 9.99643233e-03 2.84488583e+00]
 [1.96701543e-03 2.99007267e-03 1.63617182e+00]
 [2.95712430e-03 5.81144610e-03 1.95605654e+00]
 [2.52911025e-03 5.85638404e-03 1.94863707e+00]
 [3.73779715e-03 7.49858311e-03 1.76889666e+00]
 [5.36613870e-03 9.94807857e-03 2.18371879e+00]
 [4.65709581e-03 9.45391746e-03 1.94345748e+00]
 [1.20805521e-03 2.97104864e-03 2.67044633e+00]
 [4.19007076e-03 7.27864061e-03 1.41603605e+00]
 [2.20234226e-03 4.61727764e-03 2.37260040e+00]
 [4.88065955e-03 9.84914465e-03 1.92134971e+00]
 [3.82065095e-03 7.49858311e-03 1.94138807e+00]
 [1.75331524e-03 3.22585698e-03 1.92871825e+00]
 [4.27737329e-03 7.97550722e-03 1.76089788e+00]
 [1.20356306e-03 1.99197515e-03 1.96709728e+00]
 [9.46912194e-04 1.60777494e-03 1.99170618e+00]
 [1.71465046e-03 4.05033048e-03 2.86669555e+00]
 [1.72604620e-03 4.51221489e-03 2.66141140e+00]
 [4.98398047e-03 9.90060666e-03 2.08065340e+00]
 [3.51662664e-03 7.90185958e-03 2.52419483e+00]
 [4.89916249e-03 9.93153939e-03 1.95814420e+00]
 [3.95333133e-03 9.02021916e-03 2.17582107e+00]
 [6.77360403e-04 1.25765236e-03 1.97130472e+00]
 [1.26365526e-03 2.96059259e-03 2.13326272e+00]
 [3.81879607e-03 7.46709605e-03 2.00317229e+00]
 [3.79555201e-03 6.83464900e-03 1.79598128e+00]
 [5.28973851e-04 1.17190755e-03 2.01307239e+00]
 [1.87689136e-03 3.44388515e-03 2.16979207e+00]
 [4.85591448e-03 9.96674877e-03 2.55823372e+00]
 [8.29826468e-04 1.35079158e-03 2.01132433e+00]
 [1.03438210e-03 1.81947690e-03 1.94762949e+00]
 [7.66369259e-04 2.05270050e-03 1.75607974e+00]
 [1.44233715e-03 3.36513029e-03 2.08214021e+00]
 [3.99502158e-03 7.90609567e-03 1.97195711e+00]
 [1.23251003e-03 2.49343264e-03 2.01491695e+00]
 [4.46117219e-03 9.21868305e-03 2.21388854e+00]]
