[[0.43379929 4.27441307 8.65190854 0.52291692]
 [1.36438273 0.93245491 8.65502654 2.30850721]
 [1.68005678 1.30700616 9.63388057 2.58191717]
 [1.36438273 0.93245491 8.65502654 2.25376896]
 [0.22442887 7.52814013 9.48727403 2.7315604 ]
 [1.36438273 0.89013203 8.65502654 2.43627134]
 [0.94605581 2.1721928  9.97163477 2.10684947]
 [0.41348889 7.52814013 9.61934787 2.71046801]
 [1.68600744 1.55508345 9.543046   4.50704291]
 [0.28366281 5.21726124 9.09509548 1.55636897]
 [0.99956267 1.87269932 9.83735445 3.77033981]
 [0.5497705  2.11169489 9.37958974 4.73436944]
 [0.96734961 2.08174039 9.40220597 4.85149781]
 [1.64506108 1.63916005 9.96394244 3.82219766]
 [1.66481754 1.30700616 9.58271993 1.94173848]
 [2.16859979 0.6598022  9.01528764 2.18248352]
 [1.4989948  1.86709885 9.97631445 4.41557794]
 [1.028615   2.64498606 6.08144951 1.80550956]
 [0.74578852 2.53148037 6.17732379 1.70517533]
 [0.62822678 4.53414591 6.77618926 1.73069686]
 [1.44079122 1.81511623 9.81269942 4.04012464]
 [0.57873094 4.33793506 9.72417696 4.94085997]]
