[[0.57023516 3.05679468 5.83097755 0.86466262]
 [1.07771872 1.2017486  9.70319789 4.21530086]
 [0.81960486 3.52770321 9.84693595 1.70029511]
 [0.77600764 2.10134873 9.92015907 3.15658172]
 [0.92528237 3.18519819 9.96409038 3.13915258]
 [1.00346647 1.33854128 9.12804623 2.86175971]
 [0.29882232 4.33821277 9.38030911 0.79813491]
 [0.77600764 1.32409842 9.71787693 2.82284902]
 [0.92528237 3.18519819 9.9638513  3.14986195]
 [0.7124877  2.95375734 9.90137888 1.23590178]
 [0.77476164 2.65378321 9.92274566 1.18207577]
 [0.7124877  2.86648237 9.32431904 2.42127753]
 [0.29882232 5.97663238 9.8977874  0.86466262]
 [0.61033008 2.8436776  9.92074137 1.18207577]
 [0.71668106 2.35632236 9.6823242  3.15658172]
 [0.53465694 4.38435706 9.72652324 2.23943816]
 [1.58528891 1.33094284 9.93614181 2.75839912]
 [0.72021526 1.65755283 9.99602093 4.59638409]
 [0.86822892 2.58362257 9.92306966 2.86175971]
 [1.07771872 1.2017486  9.77409591 4.21530086]
 [0.57023516 3.05679468 5.89525659 0.86466262]
 [0.36956089 7.62520589 5.25124006 0.64582008]
 [0.57762942 3.05679468 9.67103688 1.17143898]
 [1.38735906 1.27585712 9.73465883 3.81061583]
 [0.57023516 3.30876375 5.83097755 0.91277101]
 [0.7124877  2.95375734 9.9010998  1.23590178]
 [0.36635475 4.67406157 8.63161952 0.67024268]
 [1.47235832 1.65755283 9.99606711 2.75319099]
 [0.92528237 3.18519819 9.96988645 3.15462744]
 [0.39970648 2.86445601 9.95739232 1.3953954 ]
 [0.56340552 3.32463883 9.70010069 0.90332221]
 [0.75160598 3.39567172 9.92622372 0.96040362]
 [0.42173094 3.86803242 9.994354   4.9727684 ]
 [0.31636251 3.94418678 9.62165597 1.58204984]
 [0.42474946 3.37223766 9.38030911 0.86391465]
 [0.65120672 3.19625761 9.98330657 4.95338053]
 [0.7329519  2.74446472 9.64876344 1.00565846]
 [0.61110473 2.85626204 9.70071493 2.13646738]
 [0.36852311 4.65582951 9.76638019 0.89168549]
 [0.70557364 2.90140321 9.94004732 1.10900507]
 [0.68414965 3.13890566 9.72652324 1.53632739]
 [0.57023516 3.05679468 9.7610165  0.8187092 ]
 [1.10875859 1.75372043 9.99457611 4.89778235]
 [0.38151175 3.52770321 9.91410234 1.60387873]
 [0.71462064 2.77791304 9.90684027 1.1873973 ]
 [0.56132954 3.24111609 5.7073187  0.85879267]]
