[[3.42688908 0.68209348 2.51169672 0.47775647 4.93126845 1.81612851]
 [4.60433993 1.27821662 2.45229329 1.36884981 4.39001041 3.4147408 ]
 [0.92430927 1.23495016 2.10574561 0.29426087 1.58058746 4.75029548]
 [3.42688908 0.68209348 2.55339508 0.47775647 4.89763853 1.65486897]
 [0.86890662 1.23495016 2.19362479 0.29426087 1.58058746 4.8206656 ]
 [2.58593995 0.81052864 1.91556747 2.72704664 1.17201985 1.49252631]
 [4.7616106  1.07608106 3.750273   0.11137401 2.48287129 7.2869238 ]
 [4.50892657 1.05852599 2.53312124 1.08183637 1.27252023 5.51256649]
 [0.4067748  1.75739067 3.3021446  2.86051572 4.91907893 0.66441684]
 [2.15581044 1.98947923 1.9061872  2.2624956  1.10651154 1.65851085]]
