[[1.86260211e-03 3.45560727e-03 1.79353495e+00]
 [4.30247271e-03 9.73802078e-03 2.35560178e+00]
 [5.41559379e-03 9.74740371e-03 2.27320880e+00]
 [3.66543097e-03 8.62346253e-03 2.38535544e+00]
 [3.81016124e-03 7.49858311e-03 2.02228296e+00]
 [5.40951805e-03 9.59434321e-03 2.60792178e+00]
 [2.74119775e-03 5.60529991e-03 2.34345957e+00]
 [4.44117107e-03 8.28135361e-03 1.85269631e+00]
 [4.32981507e-03 9.09311989e-03 2.21095800e+00]
 [1.15103041e-03 2.27001165e-03 2.19196477e+00]
 [3.72748802e-03 7.10354578e-03 1.91128685e+00]
 [4.06288428e-03 7.43749196e-03 1.57597376e+00]
 [4.79737567e-03 9.46676679e-03 2.10686741e+00]
 [8.48018217e-04 2.02463036e-03 2.70847595e+00]
 [9.04097157e-04 1.28975984e-03 1.21052505e+00]
 [6.19392166e-03 9.80699036e-03 2.28692504e+00]
 [2.37214058e-03 5.39490891e-03 2.49856157e+00]
 [1.32906238e-03 2.83462432e-03 2.60128235e+00]
 [1.08067485e-03 1.91272052e-03 1.77409247e+00]
 [2.78504172e-03 6.14781891e-03 2.33033671e+00]
 [1.55528584e-03 3.17817550e-03 1.68796635e+00]
 [6.56219990e-04 1.80729214e-03 2.38861388e+00]
 [5.33403497e-03 9.63241565e-03 2.51810802e+00]
 [4.28335214e-03 9.35427012e-03 2.67768967e+00]
 [3.31014434e-03 6.59709804e-03 1.93308698e+00]
 [4.41843803e-03 8.64550653e-03 2.08696437e+00]
 [4.75723627e-03 9.23611865e-03 1.83336897e+00]
 [2.02812155e-03 3.80811579e-03 1.79353495e+00]
 [4.00262696e-03 7.67788978e-03 2.07201699e+00]
 [4.27145941e-03 9.09311989e-03 2.15023942e+00]
 [1.44054757e-03 2.06454059e-03 1.42701904e+00]
 [2.66320670e-03 5.65028092e-03 2.21082247e+00]
 [4.93963846e-04 9.93762246e-04 1.79070095e+00]
 [2.37327379e-03 4.29350592e-03 1.93878453e+00]
 [1.57119418e-03 3.04072903e-03 1.63477464e+00]
 [2.73809704e-03 5.09307074e-03 2.09739603e+00]
 [1.92999016e-03 3.48638810e-03 1.78125772e+00]
 [3.90010743e-03 6.88955048e-03 1.80800322e+00]
 [2.31594230e-03 4.61402629e-03 2.04008930e+00]
 [8.96306989e-04 2.10770942e-03 2.12163903e+00]
 [1.85289239e-03 4.23446320e-03 2.58899360e+00]
 [4.97809363e-03 9.87105240e-03 2.90794529e+00]
 [2.80655929e-03 6.46456471e-03 2.48678102e+00]
 [1.96216380e-03 4.70112078e-03 2.72731341e+00]
 [3.73813653e-03 7.67782263e-03 2.03885511e+00]
 [8.74727622e-04 1.98196416e-03 1.55924236e+00]
 [5.96982001e-04 1.41812800e-03 2.31751959e+00]
 [4.02649338e-03 7.25760203e-03 1.87139663e+00]
 [4.94885314e-03 9.35283770e-03 1.72544188e+00]
 [3.88294702e-03 7.28131279e-03 1.79598128e+00]
 [3.76580315e-03 7.57557336e-03 2.20943220e+00]
 [9.88408431e-04 2.33275656e-03 2.46438236e+00]
 [1.34546421e-03 2.82045744e-03 2.31040257e+00]
 [3.85654061e-03 7.58551080e-03 1.81356172e+00]
 [2.17400812e-03 3.23524824e-03 1.50767776e+00]
 [1.55380653e-03 2.89969275e-03 2.43511441e+00]
 [1.51788234e-03 2.83801835e-03 2.05271182e+00]
 [2.08970599e-03 3.85308873e-03 1.85713684e+00]
 [2.00727488e-03 5.05434051e-03 2.49518786e+00]
 [1.73687148e-03 3.72975701e-03 2.00331400e+00]
 [9.07237284e-04 2.00182116e-03 1.68255686e+00]
 [1.28874304e-03 2.42894639e-03 2.24999967e+00]
 [3.19137096e-03 5.33293858e-03 1.39166847e+00]
 [4.44117107e-03 8.25978106e-03 1.79634585e+00]
 [3.27059471e-03 5.55900211e-03 1.47087896e+00]
 [3.35770987e-03 7.55901098e-03 2.45762986e+00]
 [2.45944341e-03 4.29034952e-03 1.99001479e+00]
 [4.53804185e-03 9.47248533e-03 2.01946192e+00]
 [6.36989541e-04 9.39697243e-04 2.50775238e+00]
 [3.34974899e-03 6.39126849e-03 2.13132423e+00]
 [5.05300372e-03 9.73783538e-03 1.99148655e+00]
 [4.88644538e-03 9.65641493e-03 1.91976053e+00]
 [2.94160524e-03 5.90546522e-03 1.76106815e+00]]
