[[0.49552419 4.13814057 9.69481161 3.51777452]
 [0.46820199 2.96053448 9.46800915 1.80327627]
 [1.16878385 2.2454532  9.81770671 2.78381684]
 [0.58199557 3.08843819 9.94031704 4.45248104]
 [0.46820199 2.96069389 9.6346535  1.80324726]
 [0.46820199 4.38356729 9.92529298 2.98769925]
 [0.59673479 3.17364081 9.85514949 4.8148033 ]
 [0.3872671  3.38676431 8.28844316 0.60365945]
 [0.62615877 3.08843819 9.94031704 1.55022761]
 [0.49845203 3.24848746 8.30580324 0.51262718]
 [0.49552419 4.35944798 9.69593179 0.66239515]
 [0.54546956 4.45416943 9.65089568 1.23471325]
 [0.5805754  3.08841033 9.94791052 0.58933899]
 [0.42817072 4.21706718 8.52445596 0.47392384]
 [0.58199557 3.08843819 9.98048896 3.80615378]
 [0.62822678 2.54182159 9.393088   2.40015794]
 [0.49439784 2.13081866 9.87149737 4.53281615]
 [0.58199557 3.08843819 9.98048896 3.80661728]
 [0.56333323 3.08843819 9.94031704 3.80615378]
 [0.60630786 3.03178031 6.20857978 0.61292723]
 [0.46328473 3.01539908 9.45240089 3.13419788]
 [0.58199557 3.08843819 9.98075872 4.99150705]
 [0.46820199 4.34128947 9.59372893 0.84552298]
 [0.60118172 3.17364081 9.9886953  4.8148033 ]
 [0.5621208  4.45259728 9.90089557 1.25259495]
 [0.70371781 2.31825895 9.68487383 4.97095594]
 [0.58541261 3.09537051 9.97711513 1.91810324]
 [1.42362596 1.29874325 9.46293288 2.7742749 ]
 [0.49634604 3.35829383 9.73095427 2.26225418]
 [0.49556532 3.79202375 9.73069488 0.51453417]
 [0.35219079 3.52574245 9.41954669 0.98388925]
 [0.46269729 3.08843819 9.94004726 3.78450332]
 [0.76313834 2.16954224 9.68487383 0.8035255 ]
 [0.63061762 2.74048878 9.4317618  2.81500115]
 [0.39566375 5.45356958 9.74126771 2.2839788 ]
 [0.46720949 3.1170008  9.92125657 4.97271294]
 [0.46820199 2.96069389 9.6346535  1.92221401]
 [0.82238814 1.39735379 9.87863505 1.00014264]
 [0.49435862 3.34724474 9.57696333 3.55192137]
 [0.46820199 4.28426753 9.95506817 1.79770125]]
