[[2.08511002 2.16097348]
 [0.93130106 1.03668218]
 [2.09597257 2.0556585 ]
 [2.08652401 1.67606949]
 [0.70193469 0.59430447]
 [1.05814058 0.79663998]
 [1.63322451 1.58117431]
 [3.45448459 2.99196855]
 [0.09940067 0.07863296]
 [2.76410989 2.52609268]
 [2.92879636 2.90878724]
 [0.29958845 0.36403037]
 [0.22275939 0.32248239]
 [1.1992388  1.48130914]
 [2.62335155 2.77442391]
 [3.08389179 2.84704896]
 [2.9100709  2.63649595]
 [0.99284944 1.28010303]
 [2.63857323 2.40648325]
 [2.59505814 2.31265173]
 [2.07924359 1.8500552 ]
 [1.23866451 0.78651925]
 [0.09166321 0.20017499]
 [4.52904748 2.96986554]
 [0.73396187 0.79289245]
 [2.58633799 2.74921756]
 [2.85357926 2.99026028]
 [2.46035901 2.19027363]
 [1.69354013 1.57168841]
 [2.42214223 2.57795342]
 [1.37059888 1.68158997]
 [0.13313942 0.33276111]
 [0.79916825 0.60780638]
 [3.58464501 2.96197852]
 [2.00932962 2.09192406]
 [0.60383592 0.66085196]
 [0.69177345 0.87043339]
 [1.72849411 2.02491481]
 [1.10741028 1.40173747]
 [1.57382844 1.88056681]
 [2.86636136 2.82828773]
 [2.45772575 2.57010749]
 [2.09289013 2.0503947 ]
 [1.47644397 1.63236415]
 [2.43960746 2.56606924]
 [2.92674229 2.69461514]
 [2.57087522 2.62599818]
 [0.80755385 1.02732192]
 [2.8968027  2.77411254]
 [1.14602514 1.30165013]
 [3.154796   2.94277103]
 [2.49966186 2.33129469]
 [1.90540746 1.97803481]
 [0.354592   0.45781196]
 [1.60513157 1.67373598]
 [3.49811591 2.75477577]
 [0.19864353 0.21100032]
 [2.69824555 2.6857811 ]
 [1.64180695 1.64269281]
 [1.93002006 1.71462628]
 [0.19929963 0.40437935]
 [0.967082   1.0069914 ]
 [3.01091827 2.89070126]
 [1.72839607 1.78687529]
 [2.24368629 2.1129402 ]
 [0.88339447 1.17329737]
 [1.17538818 1.38480624]
 [0.61386065 0.56270968]
 [2.35248838 2.48140801]
 [2.29978366 2.29161815]
 [0.63356692 0.73279999]
 [3.02153422 2.87640755]
 [1.96942004 2.06686514]
 [3.50266536 2.79167946]
 [1.95305249 2.08881025]
 [2.98444262 2.93877052]
 [2.2050331  2.21883589]
 [2.74526722 2.40298367]
 [0.35271022 0.22039996]
 [3.02606448 2.97121859]
 [0.4449911  0.55471677]
 [0.18931294 0.17275052]
 [0.82659245 0.59158904]
 [2.58099231 2.58967945]
 [2.32566972 2.42024043]
 [1.28330495 1.17429109]
 [0.28987907 0.41644955]
 [0.72892716 0.73464192]
 [2.78634115 2.72132717]
 [2.60156818 2.48540444]
 [2.52889693 2.47457569]
 [2.03144214 2.23124759]
 [1.55506534 1.64546727]
 [1.64573001 1.58400419]
 [1.15731468 1.28046405]
 [0.45204858 0.38692795]
 [0.52631263 0.51818239]
 [4.39533201 2.92055658]
 [3.02711004 2.92871479]
 [3.09559817 2.95633474]
 [2.75997514 2.89174767]
 [1.98231345 1.8840697 ]
 [2.68001287 2.70234934]
 [1.17760978 0.88780516]
 [2.82866073 2.7264241 ]
 [1.86249383 1.8571189 ]
 [2.33775027 2.00082763]
 [2.06835082 2.05292887]
 [2.12862206 1.80602352]
 [1.09576903 1.28640208]
 [3.09696083 2.94209711]
 [1.02461073 0.78426214]
 [2.85504381 2.8921084 ]
 [0.87666296 1.02344047]
 [1.48064962 1.59876768]
 [1.36200425 1.79636675]
 [2.08050386 1.5947504 ]
 [0.36257764 0.51810326]
 [2.47747491 2.47337883]
 [0.66453119 0.8503873 ]
 [2.09974127 1.80836029]
 [2.40722949 2.41078388]
 [1.40096318 1.35408558]
 [1.3981059  1.27053016]
 [2.21751921 2.09352497]
 [1.89054293 2.08798953]
 [0.51409184 0.5875027 ]
 [1.37237056 1.58014758]
 [2.48782192 2.46353089]
 [2.2022028  2.26252508]
 [0.7337369  0.85194968]
 [1.5109075  1.10019594]
 [1.00798317 0.98257217]
 [2.28852644 2.26386668]
 [1.37731013 1.52822574]
 [1.77451255 1.9605931 ]
 [2.71308206 2.65216864]
 [0.95636026 1.1611387 ]
 [0.99116145 0.85714949]
 [2.2376419  2.55371299]
 [1.39179665 1.4624139 ]
 [1.25480769 1.27947884]
 [0.57913373 0.81165598]
 [2.52881674 2.35950229]
 [2.94454352 2.52755463]
 [1.68360545 1.75928826]
 [0.811225   0.58378121]
 [0.07544654 0.09658321]
 [0.57646713 0.62429223]
 [0.21314841 0.29832077]
 [1.1745111  1.12214015]
 [2.06139464 1.8346323 ]
 [1.0081588  1.24938767]
 [1.15470854 0.85913139]
 [1.1339466  1.22454421]
 [3.51773866 2.75178048]
 [0.7536983  0.73129193]
 [2.71270117 2.64745852]
 [2.31042096 2.26770329]
 [2.39569639 2.44222126]
 [2.60890605 2.3654374 ]
 [1.54018494 1.76088662]
 [1.97731858 1.99183824]
 [1.25995231 1.01846218]
 [3.52904901 2.93738247]
 [0.43339383 0.57900011]
 [0.99822785 1.24526966]
 [0.63899369 0.73279999]
 [1.1573045  1.05728889]
 [0.96481366 0.69404414]
 [0.70193469 0.62212258]
 [2.13249585 2.08483036]
 [3.58464501 2.96385646]
 [0.36842551 0.20945977]
 [3.87316086 2.99962736]
 [0.43339383 0.58867185]
 [2.30406382 2.01740942]
 [0.54933865 0.724464  ]
 [1.99680986 2.23465507]
 [1.26417133 1.06103396]
 [3.14858754 2.99307179]
 [1.14304176 1.16751528]
 [2.92879636 2.94484777]
 [2.37830479 2.21767123]
 [2.44842552 2.44611403]
 [0.43889132 0.41540544]
 [1.34963946 1.12818378]
 [2.61059256 2.62599818]
 [2.6604691  2.40104307]
 [0.35496488 0.41644955]
 [2.0877797  2.02443134]
 [2.77333655 2.88791995]
 [2.09248409 1.71820135]
 [4.3766693  2.97946428]
 [1.25886105 0.90302383]
 [2.57607348 2.77095948]
 [0.93888692 0.93750414]
 [0.92477699 0.69548113]
 [0.93454943 1.0000432 ]
 [0.73643846 0.63219718]
 [2.92164281 2.80725962]
 [0.89177873 1.02344047]
 [1.78107842 1.74023061]
 [0.33318733 0.11041608]
 [0.36184212 0.43800925]
 [2.88185959 2.74470573]
 [3.37663038 2.82400917]
 [0.11802113 0.11841872]
 [2.1415678  2.48456979]
 [1.78233849 1.55321201]
 [2.2934638  2.09210663]
 [0.38614943 0.45811779]
 [0.45204858 0.38075935]
 [2.40388009 2.29123054]
 [1.42446719 1.45903533]
 [2.61991721 2.63728313]
 [3.70982118 2.98085333]
 [3.48574043 2.79887643]
 [2.86730325 2.8523785 ]
 [0.7227277  0.85047202]
 [2.33189371 2.51922203]
 [3.44786627 2.86505288]
 [0.99853778 0.95955018]
 [0.46105115 0.50135221]
 [0.55841182 0.57283033]
 [2.79338206 2.5022024 ]
 [3.02155241 2.75921746]
 [1.17282443 0.95500894]
 [1.9848022  1.72304991]
 [1.2601654  0.97663532]
 [2.74515059 2.77411254]
 [1.84783105 1.73016125]
 [1.47875729 1.59876768]
 [1.75484281 1.6044967 ]
 [3.09559817 2.94978691]
 [2.61601525 2.55371299]
 [0.97248027 0.69276541]
 [0.97713726 1.24938767]
 [1.47918389 1.38283733]
 [0.42158412 0.54177744]
 [0.32226072 0.35826268]
 [1.54742209 1.85404473]
 [0.08040892 0.01123167]
 [1.00431292 0.78426214]
 [0.87011684 0.90078863]
 [0.19546187 0.12025858]
 [2.60890605 2.33245509]
 [2.42003714 2.60361456]
 [3.36872138 2.95961457]
 [1.86547328 1.9255281 ]
 [2.9100709  2.85398499]
 [1.02147721 1.12439839]
 [0.32577023 0.58185959]
 [1.47861188 1.3498275 ]
 [3.39534418 2.98863503]
 [1.19144937 0.87522558]
 [3.6832697  2.97141535]
 [1.26176515 1.05196951]
 [2.75209706 2.69972898]
 [2.06959923 2.22439419]
 [2.38247358 2.15365712]
 [4.52904748 2.97071257]
 [1.92933707 2.23230633]
 [4.24984944 2.93240917]
 [2.4223503  2.65843078]
 [2.25806879 2.50161657]
 [2.48792913 2.43081552]
 [1.46716494 1.54639014]
 [1.08751266 1.53192783]
 [1.05789219 0.75724295]
 [1.51048366 1.48022704]
 [2.04545416 1.99913706]
 [2.63843612 2.70468775]
 [1.74471147 1.85214694]
 [1.54018494 1.8714818 ]
 [0.84767274 0.88604155]
 [1.48790151 1.43497221]
 [1.00363744 1.18936105]
 [1.81608773 1.70193748]
 [1.51639774 1.26058104]
 [3.59806624 2.98616589]
 [2.58801632 2.59827778]
 [1.82939651 2.16034054]
 [2.78120117 2.82820839]
 [2.84076271 2.96257979]
 [2.14221238 2.28768485]
 [1.36886403 1.36590016]
 [1.37947549 1.50151482]
 [4.76048621 2.99369193]
 [0.93814141 0.74278618]
 [2.81701518 2.45713413]
 [2.20065919 2.237478  ]
 [1.2416233  1.52756737]
 [1.99014636 2.10447395]
 [3.01589777 2.66784112]
 [2.06726487 1.88074805]
 [1.78012604 1.75920482]
 [0.18931294 0.13185094]
 [4.66910325 2.98301427]
 [1.92510965 2.10362428]
 [4.02728175 2.95308658]
 [2.76189047 2.66439674]
 [2.65986989 2.87640755]
 [2.0751535  2.0100186 ]
 [0.00520089 0.09658321]
 [2.5239386  2.32941962]
 [2.08050386 2.10250657]
 [2.17894876 2.09192406]
 [1.61253889 1.81603954]
 [4.65070415 2.96197852]
 [2.15424904 1.75985446]]
