[[4.02948400e+01 4.39096034e-04]
 [2.57505853e+00 1.04513396e-02]
 [4.93395984e+00 4.12791140e-03]
 [4.44111325e+00 6.12990733e-03]
 [3.57276410e+00 7.58553457e-03]
 [2.67837240e+00 9.13557539e-03]
 [3.07318467e+00 8.52168079e-03]
 [3.59165972e+00 6.96233359e-03]
 [7.31794433e+00 2.77999448e-03]
 [3.02787636e+00 8.97370730e-03]
 [2.89582412e+01 6.26255010e-04]
 [6.32687788e+00 2.95974824e-03]
 [2.66471281e+01 6.48698232e-04]
 [3.97497178e+01 4.39388919e-04]
 [7.85937117e+00 2.45176168e-03]
 [1.15006984e+01 1.55202683e-03]
 [3.79189976e+00 6.63304264e-03]
 [3.20275037e+01 5.59001907e-04]
 [2.06195926e+01 8.78130525e-04]
 [3.89516854e+00 6.13656428e-03]
 [3.78863165e+01 4.46288057e-04]
 [1.38312623e+01 1.29042622e-03]
 [5.84912313e+00 3.25673637e-03]
 [1.29376796e+01 1.53374657e-03]
 [2.49323540e+01 7.56368899e-04]
 [9.17596325e+00 2.00753924e-03]
 [2.40855887e+01 7.74947587e-04]
 [1.77191367e+01 9.89133540e-04]
 [1.31295824e+01 1.46114699e-03]
 [2.32318080e+01 7.93232457e-04]
 [1.83858053e+01 9.52220757e-04]
 [1.42186040e+01 1.21604960e-03]
 [5.22621654e+00 3.87596859e-03]
 [1.94362837e+01 9.30013585e-04]
 [5.71420603e+00 3.57768048e-03]
 [6.11605707e+00 3.15232484e-03]
 [3.05182335e+01 5.76377720e-04]
 [2.56271606e+01 6.93169308e-04]
 [1.69782391e+01 1.06612029e-03]
 [3.34049711e+01 5.41767539e-04]
 [3.25505966e+01 5.47522656e-04]
 [1.13149549e+01 1.69966460e-03]
 [5.44516429e+00 3.68111861e-03]
 [1.00684345e+01 1.96156729e-03]
 [1.52134917e+01 1.21546771e-03]
 [3.59695212e+01 4.99460927e-04]
 [1.66839046e+01 1.12738937e-03]
 [3.68228393e+01 4.98095643e-04]
 [3.40649744e+01 5.38525465e-04]
 [3.52642611e+01 5.16582100e-04]
 [4.98927112e+00 3.98975863e-03]
 [3.61468785e+00 6.64352098e-03]
 [8.18515851e+00 2.38735639e-03]
 [2.24681026e+01 7.98843690e-04]
 [1.10802510e+01 1.81532970e-03]
 [1.92112233e+01 9.33169142e-04]
 [8.23747342e+00 2.23343011e-03]
 [2.62038470e+01 6.79980195e-04]
 [2.12993792e+01 8.62325625e-04]
 [1.59274484e+01 1.13929737e-03]
 [2.96907584e+01 6.02819407e-04]
 [8.68392356e+00 2.23159610e-03]
 [9.00663962e+00 2.16948187e-03]
 [1.06661887e+01 1.83336152e-03]
 [2.91499898e+01 6.09112946e-04]
 [1.03547469e+01 1.85506648e-03]
 [3.55200476e+01 5.05912982e-04]
 [3.72242043e+01 4.88168676e-04]
 [1.01177727e+01 1.90140575e-03]
 [3.40544859e+01 5.39139713e-04]
 [5.50150765e+00 3.59122821e-03]
 [2.15570144e+01 8.43997269e-04]
 [3.74479372e+01 4.76309662e-04]
 [4.01881120e+00 6.13545359e-03]
 [8.97239142e+00 2.19013052e-03]
 [2.21232956e+01 8.05999734e-04]
 [3.76969429e+01 4.48645394e-04]
 [3.00558102e+01 5.99854545e-04]
 [3.05144947e+01 5.77460480e-04]
 [2.18329795e+01 8.32059735e-04]]
