[[0.62822678 4.53414591 9.09509548 1.55636897]
 [0.43379929 4.27441307 8.65190854 0.52291692]
 [1.52433924 1.41875043 9.37709581 4.04857475]
 [1.4989948  1.86709885 9.70171865 3.74195519]
 [1.68005678 1.30700616 9.63388057 2.58191717]
 [0.55867567 3.33434245 9.48881637 0.91937637]
 [1.18582585 2.56987231 9.60000241 1.2892189 ]
 [1.04256965 1.81511829 9.40087105 1.9611576 ]
 [0.454131   4.41948928 9.29574171 1.40800301]
 [0.57152466 2.80940531 8.87781336 1.32397866]
 [0.49336175 2.3109303  8.87781336 4.15497033]
 [0.60293961 1.93266836 8.36466303 1.15361314]
 [1.19928864 3.58235276 9.99287152 1.90561607]
 [1.18239058 2.53057273 9.60000241 1.31510725]
 [1.43236399 1.12081118 9.1040832  3.60267516]
 [1.02679196 3.257334   9.82763891 4.57948067]
 [0.58839155 3.05064272 9.60028387 1.22441341]
 [0.45538281 7.58106785 9.76115947 1.77036397]
 [1.24313738 1.90660622 9.63603167 2.93609384]
 [0.22612514 8.53488428 7.50622337 0.8395708 ]
 [1.39256707 0.93245491 8.49315349 2.30850721]
 [3.4792257  0.55099911 9.88378815 4.47939777]
 [2.42427032 0.73099738 9.96079806 4.30433913]
 [1.71779982 8.54816103 9.62550772 4.89823678]
 [0.41348889 4.52458933 9.48727403 2.72734656]]
