[[1.52610864e-02 2.65060857e+04]
 [4.48927166e-02 9.16056255e+03]
 [1.69870331e-02 2.59225653e+04]
 [4.91232333e-02 8.96634650e+03]
 [3.93752889e-02 1.06532184e+04]
 [3.39946541e-02 1.19017793e+04]
 [2.69897406e-02 1.55173060e+04]
 [3.70128177e-02 1.09776149e+04]
 [4.18541489e-02 9.65590185e+03]
 [1.07192317e-02 3.87363394e+04]
 [3.18475519e-02 1.27103137e+04]
 [1.20622167e-02 3.74183468e+04]
 [4.37664957e-02 9.35419140e+03]
 [9.94202140e-03 4.21205463e+04]
 [1.75662574e-02 2.46631743e+04]
 [5.80348224e-03 8.04541568e+04]
 [5.25064956e-03 9.90916651e+04]
 [2.57065886e-02 1.59723699e+04]
 [8.62407872e-03 4.80120660e+04]
 [2.84826754e-02 1.42657777e+04]
 [1.29877897e-02 3.30752248e+04]
 [2.15610606e-02 1.97547574e+04]
 [4.73555666e-02 9.12917325e+03]
 [2.90637842e-02 1.38857811e+04]
 [2.29386051e-02 1.91868348e+04]
 [1.70144863e-02 2.46728070e+04]
 [1.21628554e-02 3.63148152e+04]
 [2.29153110e-02 1.94586274e+04]
 [3.99419006e-02 1.02608016e+04]
 [4.02208390e-02 1.00900194e+04]
 [4.95512236e-02 8.58082644e+03]
 [5.57614258e-03 8.59397163e+04]
 [2.71139504e-02 1.53052885e+04]
 [6.63996050e-03 6.59144151e+04]
 [2.75885868e-02 1.50137501e+04]
 [1.78092520e-02 2.30201211e+04]
 [2.50450665e-02 1.66137961e+04]
 [7.47088130e-03 5.74281817e+04]
 [1.40471395e-02 2.98710194e+04]
 [2.07093007e-02 2.03841916e+04]
 [2.96277293e-02 1.38193376e+04]
 [3.80676784e-02 1.07150058e+04]
 [2.31489714e-02 1.74032159e+04]
 [1.27844613e-02 3.47354079e+04]
 [6.28980195e-03 7.72765557e+04]
 [3.62949359e-02 1.12923369e+04]
 [2.58506804e-02 1.57344178e+04]
 [6.02910045e-02 8.54156959e+03]
 [3.52778017e-02 1.14292064e+04]
 [8.27183610e-03 5.36895323e+04]
 [1.76330377e-02 2.45416006e+04]
 [3.94896234e-02 1.03243439e+04]
 [1.81544212e-02 2.23740974e+04]
 [3.10726198e-02 1.31989031e+04]
 [1.26915521e-02 3.55874284e+04]
 [1.07323821e-02 3.87211040e+04]
 [1.62845634e-02 2.61498066e+04]
 [1.35178484e-02 3.07134696e+04]
 [2.29924092e-02 1.86879977e+04]
 [5.40472910e-03 8.83952724e+04]
 [3.37021918e-02 1.23868677e+04]
 [6.33097282e-03 7.02400604e+04]
 [6.14254420e-02 8.51884567e+03]]
