[[3.60699608e+01 1.65566552e+01]
 [7.76812641e+00 3.22621992e+01]
 [2.61940879e+01 2.05456462e+01]
 [3.44753316e+01 1.71025222e+01]
 [2.86511655e+01 1.95368564e+01]
 [3.38364045e+00 3.78835185e+01]
 [7.01718697e+00 3.32064912e+01]
 [2.06701379e+01 2.30235463e+01]
 [8.35413583e+01 6.42080819e+00]
 [6.42545421e-02 4.82357273e+01]
 [5.60857909e+01 1.11194220e+01]
 [6.81555654e+01 8.66305532e+00]
 [8.89085385e-01 4.35860832e+01]
 [6.14466549e-01 4.47011988e+01]
 [1.45298019e+01 2.68269711e+01]
 [5.83176055e+01 1.06016468e+01]
 [7.04643053e+01 8.30666886e+00]
 [7.07409588e+00 3.29968040e+01]
 [6.16784942e+01 9.95395502e+00]
 [1.04976551e+01 2.98948891e+01]
 [5.10129214e+01 1.23026655e+01]
 [3.09838326e+01 1.84529702e+01]
 [1.07577721e+02 5.06983686e+00]
 [9.65869014e+01 5.29510110e+00]
 [7.47103428e+00 3.27839613e+01]
 [1.93888691e-01 4.71300901e+01]
 [3.56757064e+01 1.67682477e+01]
 [1.17329489e+02 4.34324222e+00]
 [4.66951383e+00 3.58988353e+01]
 [5.69893656e+01 1.08917859e+01]
 [2.62542348e+00 3.94629533e+01]
 [2.13531304e+01 2.26859973e+01]
 [5.00504672e+01 1.25116603e+01]
 [1.88251444e+01 2.41843976e+01]
 [5.13824242e-01 4.54694508e+01]
 [4.03239394e+00 3.69383522e+01]
 [3.69837635e+01 1.63225093e+01]
 [8.64919865e+01 6.15676129e+00]
 [3.36542071e+01 1.74010150e+01]
 [3.20537255e+00 3.81544643e+01]
 [4.94481916e+00 3.56141364e+01]
 [2.83518875e+01 1.95538827e+01]
 [1.27649019e+01 2.80997480e+01]
 [2.40538698e+01 2.14695150e+01]
 [6.48609556e+01 9.26874806e+00]
 [5.05834735e+01 1.23675360e+01]
 [3.43372301e+01 1.71514592e+01]
 [1.93779981e+01 2.37564183e+01]
 [5.01455835e+01 1.24796289e+01]
 [5.40210633e+01 1.15365319e+01]
 [6.43486652e+01 9.37801384e+00]
 [2.25733983e+01 2.24263055e+01]
 [7.44505565e+01 7.63696884e+00]
 [4.67329773e+01 1.33736789e+01]
 [3.88029074e+01 1.58309290e+01]
 [3.01727971e+01 1.87087766e+01]
 [1.34130912e+00 4.22112876e+01]
 [2.15113580e+01 2.25891640e+01]
 [3.35921562e-01 4.59875418e+01]
 [5.79757966e+01 1.06536827e+01]
 [2.15758789e+01 2.25489721e+01]
 [2.66596827e+01 2.02184574e+01]
 [7.79711709e+00 3.22085453e+01]
 [4.45625951e+01 1.40918550e+01]
 [6.96871304e+01 8.40558730e+00]
 [2.47211051e+01 2.10275627e+01]
 [3.79945778e+01 1.59323796e+01]
 [8.62804999e+00 3.15900942e+01]
 [1.31969028e+01 2.76972815e+01]
 [2.77386830e+00 3.89277638e+01]
 [4.67663491e+01 1.33526234e+01]
 [4.21620745e+01 1.46265005e+01]
 [3.75361146e+00 3.72747338e+01]
 [5.38580768e+01 1.16485177e+01]
 [6.96135576e+01 8.42397176e+00]
 [3.26021873e+01 1.77876950e+01]
 [6.91123586e+01 8.55038487e+00]
 [7.01730799e+01 8.31113849e+00]
 [3.91416147e+01 1.55467138e+01]
 [1.79816284e+01 2.45904349e+01]
 [7.19408245e+01 8.01237546e+00]
 [2.02291111e+00 4.05086490e+01]
 [2.62728519e-01 4.64450476e+01]
 [4.13293070e+00 3.68514178e+01]
 [5.34718436e+01 1.16612434e+01]
 [4.50652135e+01 1.38072019e+01]
 [1.21033246e+01 2.84498708e+01]
 [1.02984042e+00 4.31941739e+01]
 [4.28413418e+00 3.64353428e+01]
 [6.06772742e+01 1.00926354e+01]
 [5.17815690e+01 1.20756660e+01]
 [5.00753781e+01 1.24841183e+01]
 [2.05031630e+01 2.31204647e+01]
 [2.08699861e+01 2.29201545e+01]
 [1.19158618e+01 2.86011782e+01]
 [1.41624463e+00 4.19642958e+01]
 [2.18207191e+00 4.01005677e+01]
 [7.09630621e+01 8.18251721e+00]
 [7.32905725e+01 7.80331402e+00]
 [6.39186693e+01 9.46243930e+00]
 [2.99171409e+01 1.88154538e+01]
 [5.79406439e+01 1.06615388e+01]
 [8.69985118e+00 3.15208134e+01]
 [6.17388396e+01 9.88386160e+00]
 [2.76710956e+01 1.97216465e+01]
 [3.39703682e+01 1.72797952e+01]
 [1.14221603e+01 2.90338290e+01]
 [7.29884071e+01 7.85652240e+00]
 [6.65957702e+00 3.35761655e+01]
 [6.60622646e+01 9.04404406e+00]
 [7.26387335e+00 3.28149341e+01]
 [1.89935255e+01 2.39542084e+01]
 [8.98290597e+01 5.87262957e+00]
 [1.59957415e+00 4.15930845e+01]
 [4.90219390e+01 1.27469474e+01]
 [2.93961870e+01 1.92370874e+01]
 [4.65904102e+00 3.60155754e+01]
 [4.64265309e+01 1.34264990e+01]
 [1.51849824e+01 2.62457580e+01]
 [1.42757879e+01 2.68825864e+01]
 [3.72009529e+01 1.61897965e+01]
 [3.17354115e+01 1.81485282e+01]
 [2.43779936e+00 3.95935045e+01]
 [9.15401703e+00 3.10240831e+01]
 [4.90329696e+01 1.27447142e+01]
 [3.98748676e+01 1.53214381e+01]
 [5.05675235e+00 3.54073223e+01]
 [7.92591256e+00 3.20759247e+01]
 [4.14497823e+01 1.48385144e+01]
 [1.06043465e+02 5.15403465e+00]
 [1.69298285e+01 2.51770984e+01]
 [2.79712804e+01 1.96417636e+01]
 [5.75792510e+01 1.07423058e+01]
 [9.05147208e+00 3.10878785e+01]
 [6.86842505e+00 3.32339969e+01]
 [4.61139651e+01 1.36149424e+01]
 [1.63030094e+01 2.55336468e+01]
 [1.28464337e+01 2.78687432e+01]
 [3.97672525e+00 3.70862842e+01]
 [4.78486607e+01 1.30789748e+01]
 [2.37184900e+01 2.15006854e+01]
 [3.99554597e+00 3.70488245e+01]
 [6.00819875e-02 4.82947230e+01]
 [2.88822055e+00 3.87144616e+01]
 [4.86124948e+01 1.29409779e+01]
 [1.05546994e+01 2.96721623e+01]
 [3.04608941e+01 1.86549541e+01]
 [4.12578997e+01 1.50188493e+01]
 [2.48211394e+01 2.09974032e+01]
 [1.03094148e+01 3.00018891e+01]
 [8.28583428e+00 3.19330592e+01]
 [6.13992663e+00 3.42359010e+01]
 [1.11413737e+01 2.92004353e+01]
 [4.41139604e+00 3.62529467e+01]
 [5.74711369e+01 1.07661874e+01]
 [4.19220930e+01 1.46992807e+01]
 [4.68152236e+01 1.33246294e+01]
 [9.37380160e+00 3.09691382e+01]
 [2.18915653e+01 2.24621758e+01]
 [3.15088335e+01 1.81856401e+01]
 [1.23065755e+02 4.33604217e+00]
 [1.04989802e+01 2.98406001e+01]
 [3.25575891e+01 1.81045232e+01]
 [1.00997664e+01 3.03583244e+01]
 [8.43296107e+01 6.41808789e+00]
 [2.09228537e+00 4.03991319e+01]
 [1.01886215e+01 3.01121802e+01]
 [5.41388482e+00 3.50363618e+01]
 [2.28034222e+00 3.98954234e+01]
 [4.95447481e+01 1.26144906e+01]
 [2.88233422e+01 1.92431730e+01]
 [2.66741846e+01 2.01538858e+01]
 [5.29748565e+01 1.18171756e+01]
 [1.12810275e+00 4.28304969e+01]
 [5.67951946e+01 1.09519203e+01]
 [3.58328227e+01 1.66398305e+01]
 [7.56915477e+00 3.25727180e+01]
 [6.76740635e+00 3.33074777e+01]
 [2.65661867e+01 2.02564557e+01]
 [1.56797429e+01 2.59465902e+01]
 [8.42405574e+00 3.15945711e+01]
 [8.09146876e+01 6.85120193e+00]
 [8.26950195e+01 6.83940287e+00]
 [2.57771922e-01 4.70507772e+01]
 [3.64020154e+01 1.64578397e+01]
 [5.25597386e+01 1.18950988e+01]
 [5.09157491e-02 4.84831759e+01]
 [1.32399964e+01 2.76705627e+01]
 [4.10470656e+01 1.50304761e+01]
 [4.16907063e-01 4.58317331e+01]
 [2.74703428e+01 1.98359871e+01]
 [5.47048487e+01 1.14060665e+01]
 [2.57720651e+01 2.05465569e+01]
 [1.21468015e-01 4.76221406e+01]
 [5.85499069e-02 4.83143763e+01]
 [2.00606403e+01 2.34240302e+01]
 [1.64932239e+01 2.54961068e+01]
 [9.98527160e-02 4.77957459e+01]
 [6.83063885e+01 8.63646090e+00]
 [1.42632148e+01 2.69856089e+01]
 [9.62952519e+01 5.34548579e+00]
 [4.34407196e+01 1.42593028e+01]
 [1.21582702e+01 2.83891296e+01]
 [2.50588567e+01 2.08694360e+01]
 [7.22533301e+01 7.98783586e+00]
 [3.08621254e+01 1.84597242e+01]
 [5.98466065e+01 1.02615807e+01]
 [1.50784805e+01 2.65352293e+01]
 [3.50523163e+01 1.68988824e+01]
 [7.71453288e-01 4.41805425e+01]
 [1.62837987e+01 2.57657647e+01]
 [1.30292857e+02 4.17756568e+00]
 [4.82294041e+01 1.29507057e+01]
 [5.32236362e-01 4.49762841e+01]
 [2.07778700e+01 2.29699856e+01]
 [5.15728312e+01 1.21144026e+01]
 [6.66833960e+01 8.93210187e+00]
 [1.93424299e+00 4.06759808e+01]
 [4.33791197e+01 1.43120884e+01]
 [1.54293571e+01 2.60832522e+01]
 [3.88471476e+01 1.57801491e+01]
 [2.64543521e+01 2.04796317e+01]
 [5.70019845e+01 1.08668908e+01]
 [2.87453748e+01 1.93059106e+01]
 [8.31700133e+00 3.17695650e+01]
 [5.65012970e+00 3.46217258e+01]
 [2.54281702e+01 2.07325491e+01]
 [5.03832818e+01 1.24515012e+01]
 [5.34182793e+01 1.17002833e+01]
 [1.08687150e+02 4.64184721e+00]
 [9.84486512e+00 3.05356700e+01]
 [6.86399484e-01 4.44097243e+01]
 [1.20142470e+01 2.85088235e+01]
 [3.25736076e+01 1.77888935e+01]
 [2.84891300e-02 4.88956883e+01]
 [3.26688924e+01 1.77669369e+01]
 [2.45261147e+01 2.14368106e+01]
 [9.50496381e-02 4.80841459e+01]
 [3.45686744e+01 1.70702636e+01]
 [5.20287069e+01 1.20495526e+01]
 [4.24718161e+01 1.45787830e+01]
 [1.93778892e+01 2.37587830e+01]
 [3.73748749e+01 1.61829030e+01]
 [2.35777878e-02 4.89206711e+01]
 [1.08092977e+02 5.03047726e+00]
 [2.03669540e+01 2.32109654e+01]
 [1.29099958e+02 4.25712446e+00]
 [6.24328489e+01 9.74501848e+00]
 [1.24727864e+01 2.83178005e+01]
 [7.84501553e-01 4.40513721e+01]
 [8.33450218e+01 6.61091444e+00]
 [3.11161599e+01 1.83464767e+01]
 [3.26914281e+01 1.77435161e+01]
 [1.37706197e+01 2.74864778e+01]
 [1.89903079e+01 2.39561207e+01]
 [1.11674338e+02 4.49312412e+00]
 [4.05839289e+01 1.52262255e+01]
 [5.89900871e+01 1.04392676e+01]
 [3.19899560e+01 1.81210486e+01]
 [2.30594935e+01 2.18127488e+01]
 [1.41928080e+01 2.69924689e+01]
 [3.57169406e+01 1.67487554e+01]
 [6.24131835e+01 9.77272172e+00]
 [4.35418551e+01 1.42406187e+01]
 [6.57551284e+01 9.10437958e+00]
 [2.46787291e+01 2.10959558e+01]
 [1.12243062e+01 2.91701356e+01]
 [4.45758166e+01 1.39389491e+01]
 [4.66447071e+00 3.59201405e+01]
 [6.12064991e+01 1.00206823e+01]
 [5.27461279e+01 1.18908138e+01]
 [5.86398112e+01 1.05451444e+01]
 [5.03961157e+00 3.54445452e+01]
 [7.57114147e+01 7.44934442e+00]
 [5.75606203e+00 3.45465710e+01]
 [8.86432110e+00 3.11900192e+01]
 [4.89642821e+01 1.27623330e+01]
 [3.06138706e+01 1.85658717e+01]
 [3.65327858e+01 1.64062816e+01]
 [2.22703149e+01 2.24355101e+01]
 [1.56770833e-01 4.75669848e+01]
 [5.95742791e+01 1.03164583e+01]
 [5.57404623e+00 3.47995869e+01]
 [2.21090868e+01 2.24416131e+01]
 [8.35975788e+00 3.17484019e+01]
 [7.97656942e+01 6.94469448e+00]
 [5.05301305e+01 1.24293390e+01]
 [3.43651815e-01 4.59538589e+01]
 [3.75234841e+01 1.60661491e+01]
 [5.78845945e+01 1.06848698e+01]
 [1.16803021e+02 4.43404559e+00]
 [3.11618391e+00 3.85074783e+01]
 [1.75139864e+01 2.47893357e+01]
 [6.24522911e+01 9.73690607e+00]
 [1.08381190e+01 2.95050841e+01]
 [6.63651060e+01 9.02054511e+00]
 [5.86069449e+01 1.05767310e+01]
 [3.48549563e+01 1.70285830e+01]
 [5.94156498e+00 3.42936622e+01]
 [4.75628007e+01 1.31602967e+01]
 [6.75019517e+01 8.86773345e+00]
 [6.34180155e+01 9.54380425e+00]
 [2.51810643e+01 2.08252936e+01]
 [1.88963988e+01 2.41029630e+01]
 [9.32889897e+01 5.64751151e+00]
 [1.73390834e+00 4.11270316e+01]
 [7.85371080e+01 7.43020500e+00]
 [7.91415309e+01 6.97126919e+00]
 [8.85517779e+01 6.02552637e+00]
 [1.38091491e+01 2.73674775e+01]
 [2.76933080e+01 1.97161803e+01]
 [6.48100323e+01 9.31099116e+00]
 [3.29899873e+01 1.76804228e+01]
 [9.51640134e+01 5.57387901e+00]
 [8.37214232e-01 4.38827230e+01]
 [8.33116257e+01 6.73502465e+00]
 [2.46056783e+01 2.11268902e+01]
 [6.48176793e+00 3.41204587e+01]
 [2.46714006e+00 3.95306114e+01]
 [1.16540301e+02 4.47179554e+00]
 [2.11918690e+00 4.02367047e+01]
 [6.32631694e+01 9.60377603e+00]
 [1.70286156e+01 2.51674231e+01]]
