[[1.52610864e-02 2.65060857e+04]
 [2.92718806e-02 1.46826065e+04]
 [3.93752889e-02 1.06532184e+04]
 [3.39946541e-02 1.19017793e+04]
 [5.26285058e-02 8.93022581e+03]
 [3.99955887e-02 1.06219886e+04]
 [3.70128177e-02 1.09776149e+04]
 [4.18541489e-02 9.65590185e+03]
 [3.24027690e-02 1.33971841e+04]
 [1.07192317e-02 3.87363394e+04]
 [8.12247709e-03 5.37174924e+04]
 [2.65580061e-02 1.54263079e+04]
 [8.83540098e-03 5.28960149e+04]
 [2.30878916e-02 1.78195607e+04]
 [3.32078764e-02 1.21959148e+04]
 [7.35279657e-03 5.88621326e+04]
 [3.92987764e-02 1.07677530e+04]
 [2.65037316e-02 1.66855836e+04]
 [1.52938378e-02 2.64759484e+04]
 [3.68432553e-02 1.10822041e+04]
 [1.09960067e-02 3.80611750e+04]
 [3.56019280e-02 1.14938448e+04]
 [1.06195301e-02 3.88554932e+04]
 [5.45167741e-02 8.90804947e+03]
 [3.10127199e-02 1.36979247e+04]
 [2.78423669e-02 1.53578445e+04]
 [1.62512753e-02 2.60126564e+04]
 [1.92860283e-02 2.09052478e+04]
 [3.65911625e-02 1.10958388e+04]
 [4.04737213e-02 9.95842765e+03]
 [3.26542859e-02 1.30077912e+04]
 [4.01179444e-02 1.04234866e+04]
 [1.55167736e-02 2.62446164e+04]
 [4.15442393e-02 9.93619177e+03]
 [2.25076698e-02 1.87500863e+04]
 [5.04177488e-02 8.96464258e+03]
 [1.98831011e-02 2.03583078e+04]
 [1.04041810e-02 3.99687990e+04]
 [2.22881655e-02 1.94101202e+04]
 [1.64427827e-02 2.59225653e+04]
 [2.14523177e-02 1.97933543e+04]
 [4.48866664e-02 9.14820794e+03]
 [8.04007898e-03 5.55508546e+04]
 [1.20900922e-02 3.48614566e+04]
 [1.35728405e-02 3.14045959e+04]
 [6.02586287e-03 8.67738344e+04]
 [1.51600176e-02 2.71147640e+04]
 [3.29138781e-02 1.29321553e+04]
 [1.34932329e-02 3.15954341e+04]
 [1.15009337e-02 3.78776734e+04]
 [8.15321150e-03 5.30336219e+04]
 [1.70730179e-02 2.58517577e+04]
 [1.82662320e-02 2.36136705e+04]
 [3.54983028e-02 1.18816441e+04]
 [1.05082981e-02 3.89964853e+04]
 [4.29315365e-02 9.42993568e+03]
 [5.83717788e-02 8.46547440e+03]
 [1.31309284e-02 3.33842054e+04]
 [9.85682880e-03 4.53688520e+04]
 [3.32612067e-02 1.21829395e+04]
 [1.73362779e-02 2.39897257e+04]
 [7.21124995e-03 5.94019221e+04]
 [4.86577092e-02 8.96537580e+03]
 [6.29037398e-03 6.51324499e+04]
 [9.06634249e-03 5.04627203e+04]
 [3.34278905e-02 1.20106792e+04]
 [1.83530628e-02 2.26542539e+04]
 [2.35427266e-02 1.74052472e+04]
 [3.10400816e-02 1.34768488e+04]
 [5.52125735e-02 8.89013710e+03]
 [2.51943365e-02 1.72851174e+04]
 [2.63728193e-02 1.68094040e+04]
 [6.00729109e-03 9.00845527e+04]
 [4.36956634e-02 9.35763680e+03]
 [1.98542253e-02 2.04604681e+04]
 [1.19710761e-02 3.49767888e+04]]
