[[1.52610864e-02 2.65060857e+04]
 [2.92718806e-02 1.46826065e+04]
 [3.39946541e-02 1.19017793e+04]
 [2.69897406e-02 1.55173060e+04]
 [3.79167676e-02 1.08185702e+04]
 [3.93797522e-02 1.04863468e+04]
 [6.31200118e-02 8.52738457e+03]
 [2.02080135e-02 2.06590031e+04]
 [3.46098787e-02 1.17018432e+04]
 [1.59099858e-02 2.59831060e+04]
 [3.83637102e-02 1.06002167e+04]
 [4.52362805e-02 9.00564798e+03]
 [1.34180200e-02 3.22873785e+04]
 [1.93039438e-02 2.09042454e+04]
 [4.55948770e-02 8.92656015e+03]
 [1.72947395e-02 2.51495912e+04]
 [2.68340883e-02 1.62903917e+04]
 [2.36381411e-02 1.69445445e+04]
 [2.36182462e-02 1.69736027e+04]
 [3.74682124e-02 1.09328122e+04]
 [3.65831333e-02 1.11773310e+04]
 [6.33446875e-02 8.52463117e+03]
 [6.31292951e-02 8.52465447e+03]
 [1.45016040e-02 2.84332696e+04]
 [1.44045180e-02 2.85938375e+04]
 [1.79908728e-02 2.25443400e+04]
 [1.14829758e-02 3.53207878e+04]
 [8.95250716e-03 4.60466185e+04]
 [1.67928959e-02 2.53207177e+04]
 [3.96922523e-02 1.02078319e+04]
 [7.24154394e-03 6.67748745e+04]
 [1.14709094e-02 3.65031587e+04]
 [3.02994522e-02 1.42182180e+04]
 [1.11678959e-02 3.79597460e+04]
 [2.96282273e-02 1.44239559e+04]
 [6.27619233e-02 8.55210426e+03]
 [3.83636605e-02 1.07981241e+04]
 [9.08395137e-03 4.57178882e+04]
 [3.32802807e-02 1.23067058e+04]
 [9.51993555e-03 4.35555938e+04]
 [1.42463963e-02 2.87881166e+04]
 [2.23893262e-02 1.84699275e+04]
 [9.50827225e-03 4.36579506e+04]
 [3.51814285e-02 1.16146435e+04]
 [1.56312609e-02 2.61899261e+04]
 [7.90189874e-03 5.41752386e+04]
 [1.22660567e-02 3.51580245e+04]
 [3.35699011e-02 1.22837967e+04]
 [1.34296225e-02 3.20649900e+04]
 [4.66373001e-02 8.75265314e+03]
 [9.96253871e-03 4.25630179e+04]
 [1.36829023e-02 3.11536625e+04]
 [1.99179961e-02 2.08364184e+04]
 [1.52834396e-02 2.63689821e+04]
 [2.74162806e-02 1.49166957e+04]
 [1.85177446e-02 2.19730632e+04]
 [2.51877506e-02 1.67023723e+04]
 [3.40327425e-02 1.18053758e+04]
 [1.29080283e-02 3.27014128e+04]
 [1.89965777e-02 2.12817496e+04]
 [7.28310699e-03 6.32960865e+04]
 [4.44863069e-02 9.28529932e+03]
 [3.68095448e-02 1.11307225e+04]
 [5.71877072e-03 7.99156225e+04]
 [4.16492278e-02 9.71478627e+03]
 [9.04447599e-03 4.58465940e+04]
 [1.37576265e-02 3.05624433e+04]
 [9.24519882e-03 4.53141605e+04]
 [5.59772343e-03 8.00414922e+04]
 [1.01439364e-02 4.08317244e+04]
 [4.83967788e-03 9.29461919e+04]
 [2.19487105e-02 1.86898696e+04]
 [2.80602744e-02 1.49159485e+04]
 [5.21137482e-02 8.62979916e+03]
 [4.14833931e-02 9.94960661e+03]
 [2.07148756e-02 2.00809926e+04]
 [4.04452631e-02 1.00056290e+04]
 [1.68318982e-02 2.52071542e+04]
 [2.65420666e-02 1.64592745e+04]
 [5.00567908e-02 8.65347396e+03]
 [2.06573184e-02 2.05047690e+04]
 [6.14971042e-03 6.95206899e+04]
 [4.61617493e-02 8.79659592e+03]
 [1.77418170e-02 2.32545474e+04]
 [2.61848609e-02 1.66621641e+04]
 [7.35124471e-03 5.49926194e+04]
 [8.84703955e-03 4.74444622e+04]
 [3.18676938e-02 1.32495683e+04]
 [1.75273723e-02 2.41903075e+04]
 [4.60354319e-02 8.90014088e+03]
 [2.48757402e-02 1.69196354e+04]
 [1.09097004e-02 3.94923178e+04]
 [5.57227352e-03 8.57671311e+04]
 [4.30688843e-02 9.48109780e+03]
 [4.66199367e-02 8.75346491e+03]
 [2.68800129e-02 1.62818795e+04]
 [3.03561032e-02 1.33955821e+04]
 [6.42754585e-03 6.69618657e+04]
 [2.31679600e-02 1.76074611e+04]
 [4.02601344e-02 1.01287805e+04]
 [5.18769420e-03 9.08271018e+04]
 [7.30814842e-03 6.30180416e+04]
 [5.21899547e-02 8.55723869e+03]
 [1.62722981e-02 2.58680158e+04]
 [4.75400576e-02 8.73754601e+03]
 [2.30853707e-02 1.77109888e+04]
 [4.16792586e-02 9.59795405e+03]
 [6.20885007e-02 8.55594817e+03]
 [4.47529886e-02 9.13574069e+03]
 [3.95740834e-02 1.04201932e+04]
 [2.69942460e-02 1.55166038e+04]
 [1.27824934e-02 3.42573086e+04]
 [3.61439295e-02 1.14940585e+04]
 [5.49664813e-03 8.81256392e+04]
 [1.48407997e-02 2.83581616e+04]
 [8.25795482e-03 4.90320144e+04]]
