[[1.52610864e-02 2.65060857e+04]
 [1.69870331e-02 2.59225653e+04]
 [3.93752889e-02 1.06532184e+04]
 [3.39946541e-02 1.19017793e+04]
 [2.69897406e-02 1.55173060e+04]
 [3.70128177e-02 1.09776149e+04]
 [4.18541489e-02 9.65590185e+03]
 [1.07192317e-02 3.87363394e+04]
 [6.65579178e-03 8.01334124e+04]
 [3.18475519e-02 1.27103137e+04]
 [5.58102404e-02 8.67738208e+03]
 [1.20622167e-02 3.74183468e+04]
 [4.37664957e-02 9.35419140e+03]
 [9.94202140e-03 4.21205463e+04]
 [1.75662574e-02 2.46631743e+04]
 [5.80348224e-03 8.04541568e+04]
 [5.25064956e-03 9.90916651e+04]
 [2.57065886e-02 1.59723699e+04]
 [1.42412880e-02 3.02360048e+04]
 [8.62407872e-03 4.80120660e+04]
 [2.84826754e-02 1.42657777e+04]
 [7.73724338e-03 5.94455362e+04]
 [2.15610606e-02 1.97547574e+04]
 [2.90637842e-02 1.38857811e+04]
 [2.29386051e-02 1.91868348e+04]
 [4.17927758e-02 9.94879991e+03]
 [5.62081876e-02 8.65699134e+03]
 [3.14794733e-02 1.31818061e+04]
 [1.21924683e-02 3.58591451e+04]
 [2.10651501e-02 2.05725980e+04]
 [4.48838032e-02 9.15922456e+03]
 [3.41163120e-02 1.18785539e+04]
 [6.48671162e-02 8.62971594e+03]
 [2.34219894e-02 1.79630909e+04]
 [3.00056193e-02 1.38283559e+04]
 [1.25544368e-02 3.40630928e+04]
 [1.70443936e-02 2.47553829e+04]
 [2.87633226e-02 1.39371989e+04]
 [4.05403765e-02 1.05219016e+04]
 [1.48180828e-02 2.88310405e+04]
 [1.29424273e-02 3.30752248e+04]
 [3.68569877e-02 1.15695425e+04]
 [7.52235402e-03 5.97964530e+04]
 [3.28652060e-02 1.24184725e+04]
 [7.59563862e-02 8.53417798e+03]
 [4.26040965e-02 9.52363241e+03]
 [4.89683796e-02 8.87957246e+03]
 [2.65984299e-02 1.59683963e+04]
 [4.62786628e-02 9.04758353e+03]
 [1.78107098e-02 2.30840484e+04]
 [2.87194042e-02 1.39885559e+04]
 [3.94708505e-02 1.05618749e+04]
 [8.29941196e-03 5.18605248e+04]
 [2.02081382e-02 2.07546745e+04]
 [2.83259304e-02 1.53867962e+04]
 [8.55688563e-03 5.12947847e+04]
 [2.83169243e-02 1.54004070e+04]
 [1.93793143e-02 2.27693030e+04]
 [1.21617324e-02 3.65857881e+04]
 [4.05942291e-02 1.01942269e+04]
 [5.40990239e-02 8.74551347e+03]
 [2.52871240e-02 1.68374757e+04]
 [3.70633418e-02 1.08795533e+04]
 [4.73746077e-02 9.00913636e+03]
 [2.83491274e-02 1.52431701e+04]
 [3.91879103e-02 1.08339891e+04]
 [7.22479573e-02 8.61919650e+03]
 [2.76598247e-02 1.54176866e+04]
 [2.54291853e-02 1.62492439e+04]
 [1.77531593e-02 2.37498231e+04]
 [2.34775503e-02 1.72254047e+04]
 [3.07125940e-02 1.33630295e+04]]
