[[4.60433993 1.27821662 2.45229329 1.36884981 4.39001041 3.4147408 ]
 [3.42688908 0.68209348 2.51169672 0.40910829 4.93126845 1.81612851]
 [1.10995188 2.62970226 2.63541619 2.1429537  1.00929919 2.5658545 ]
 [3.97102663 0.76864135 4.1643784  1.15110765 2.19186432 3.43983177]
 [4.55384418 1.27781796 1.40260054 0.47642262 1.55191118 5.02866374]
 [2.14809979 0.47827428 3.98558977 1.06061306 1.24541895 0.99179678]
 [4.60433993 1.34939816 2.45229329 1.36884981 4.27040857 3.4147408 ]
 [3.43925234 0.58072387 2.51169672 0.56899864 4.93126845 1.81612851]
 [2.9420678  2.74634248 3.20572629 1.11173544 1.09606638 1.85317646]
 [1.93558958 1.13485069 1.65365303 0.06505658 1.15005479 3.35611641]
 [0.99204708 1.93880705 3.15195088 2.1034721  1.01635453 2.8028166 ]]
