[[2.08511002 2.16097348]
 [0.93130106 1.03668218]
 [1.98383737 1.6164502 ]
 [2.09597257 2.0556585 ]
 [0.70193469 0.59430447]
 [1.05814058 0.79663998]
 [1.63322451 1.58117431]
 [3.45448459 2.99196855]
 [0.09940067 0.07863296]
 [2.76410989 2.52609268]
 [2.92879636 2.90878724]
 [0.29958845 0.36403037]
 [0.22275939 0.32248239]
 [1.1992388  1.48130914]
 [2.62335155 2.77442391]
 [3.08389179 2.84704896]
 [0.88098128 0.99619072]
 [2.9100709  2.63649595]
 [1.42788141 1.76050002]
 [0.99284944 1.28010303]
 [2.63857323 2.40648325]
 [2.59505814 2.31265173]
 [0.80485718 1.40064007]
 [2.07924359 1.8500552 ]
 [3.91374707 2.97141535]
 [1.23866451 0.78651925]
 [1.10716367 0.80121606]
 [0.09166321 0.20017499]
 [1.9742524  2.24081549]
 [4.52904748 2.96986554]
 [0.73396187 0.79289245]
 [2.58633799 2.74921756]
 [2.85357926 2.99026028]
 [1.69354013 1.57168841]
 [2.42214223 2.57795342]
 [0.79916825 0.60780638]
 [1.85077089 1.59209232]
 [2.63951989 2.22023263]
 [2.01610236 2.27624079]
 [3.58464501 2.96197852]
 [2.00932962 2.09192406]
 [0.60383592 0.66085196]
 [0.69177345 0.87043339]
 [2.86636136 2.82828773]
 [2.45772575 2.57010749]
 [2.09289013 2.0503947 ]
 [2.43960746 2.56606924]
 [2.92674229 2.69461514]
 [2.57087522 2.62599818]
 [0.91976721 1.38851736]
 [0.80755385 1.02732192]
 [2.8968027  2.77411254]
 [0.26497271 0.59848664]
 [1.14602514 1.30165013]
 [3.154796   2.94277103]
 [2.51754755 2.8977992 ]
 [2.49966186 2.33129469]
 [1.90540746 1.97803481]
 [0.354592   0.45781196]
 [1.60513157 1.67373598]
 [0.19864353 0.21100032]
 [2.69824555 2.6857811 ]
 [2.23317523 2.63110317]
 [1.64180695 1.64269281]
 [1.93002006 1.71462628]
 [0.967082   1.0069914 ]
 [3.01091827 2.89070126]
 [1.72839607 1.78687529]
 [2.24368629 2.1129402 ]
 [0.88339447 1.17329737]
 [1.17538818 1.38480624]
 [2.14221238 2.59405843]
 [1.64922281 2.0492231 ]
 [0.98916392 1.28799217]
 [0.61386065 0.56270968]
 [2.35248838 2.48140801]
 [2.29978366 2.29161815]
 [0.63356692 0.73279999]
 [3.02153422 2.87640755]
 [1.96942004 2.06686514]
 [2.19033223 1.97415903]
 [2.30496457 2.60432273]
 [3.59068405 2.7137293 ]
 [0.79821089 0.78651925]
 [2.67404549 2.86274751]
 [0.30023145 0.21100032]
 [0.42868588 0.70495904]
 [1.2783503  1.38834276]
 [3.02153422 2.85980158]
 [3.63376074 2.97054467]
 [2.72006041 2.5197032 ]
 [2.58930024 2.89973231]
 [2.93223099 2.93260956]
 [0.72788928 1.05525511]
 [2.43960746 2.64321013]
 [2.61851581 2.55624982]
 [1.30698855 1.49204713]
 [4.14199342 2.96863422]
 [4.61116417 2.99259226]
 [0.66746139 0.84938722]
 [2.47913199 2.50082782]
 [2.92527272 2.55539067]
 [2.64228846 2.22475193]
 [0.71087801 0.78219711]
 [2.28069846 2.33140298]
 [1.70006026 1.67758047]
 [3.58464501 2.96231479]
 [2.07220388 2.0053685 ]
 [3.50025001 2.96705397]
 [4.00372284 2.96152502]
 [2.72151218 2.33386507]
 [2.46891228 2.22324148]
 [2.23418499 2.19027363]
 [2.84635057 2.95502411]
 [1.99609303 2.00485579]
 [0.87049456 0.9769931 ]
 [2.16838174 2.51354625]
 [3.08389179 2.85937026]
 [2.45144476 2.31265173]
 [0.99150041 0.6888053 ]
 [2.79455766 2.35252256]
 [2.67553324 2.60562222]
 [2.74150148 2.71357959]
 [1.94666463 2.00572942]
 [4.08417554 2.93554389]
 [2.24222616 2.27624079]
 [1.93475723 1.81739626]
 [2.77600546 2.54180765]
 [2.01337437 1.538046  ]
 [1.58258879 1.24392469]
 [0.85413894 0.51834977]
 [2.02000805 1.7213759 ]
 [1.55322707 1.86621442]
 [3.44988552 2.95634517]
 [2.67031389 2.13132269]
 [3.93157367 2.94277103]
 [1.86336482 2.02750027]
 [2.66849695 2.22023263]
 [2.57644863 2.69637209]
 [2.91357018 2.93891934]
 [2.58722833 2.51865388]
 [2.17330503 2.01882176]
 [1.60237682 1.28630632]
 [0.93458601 1.04182847]
 [2.15188608 2.34240727]
 [2.72503651 2.50631556]
 [1.95689931 1.80924367]
 [0.82896386 0.94340103]
 [1.59673664 1.51089513]
 [3.49989538 2.89452014]
 [1.27420613 1.22955391]
 [1.97912936 1.73516884]
 [1.41729723 1.55241751]
 [2.5094952  2.19942758]
 [0.41694284 0.60482019]
 [0.6810969  0.78663895]
 [2.89574457 2.93373199]
 [2.24924354 2.29401828]
 [2.77600546 2.56323391]
 [1.99609303 2.09389282]
 [3.154796   2.97061332]
 [0.64766983 0.98884792]
 [1.48653865 1.09514773]
 [2.55026545 2.76431389]
 [1.46372678 1.38517909]
 [0.28930585 0.36403037]
 [0.16886522 0.26498181]
 [1.25482592 0.93209769]
 [2.53279428 2.49722731]
 [2.07479422 2.17667612]
 [1.72839607 1.86127414]
 [1.54320974 1.20270675]
 [2.1524395  2.40881668]
 [0.23711337 0.58698607]
 [2.97575408 2.98895108]
 [1.76204569 2.07823219]
 [2.21797356 2.17988459]
 [3.27326061 2.74495537]
 [1.69078586 1.2457227 ]
 [0.62376045 1.03236067]
 [3.31197074 2.75377329]
 [1.24063156 1.38851736]
 [2.32812881 2.17458511]
 [3.44382965 2.96624667]
 [4.61116417 2.97610813]
 [3.58439332 2.72384937]
 [1.22128644 1.33235132]
 [2.18200046 2.44814445]
 [1.23866451 1.288686  ]
 [3.2757512  2.73904643]
 [0.58890201 0.65931627]
 [2.04448956 2.26115878]
 [3.97578741 2.95231846]
 [1.95197432 2.01569269]
 [2.36740123 2.58495514]
 [0.99205231 0.6888053 ]
 [2.15188608 2.29985668]
 [1.32817047 1.47951375]
 [3.67473467 2.97054467]
 [4.24693057 2.95561244]
 [2.08511002 2.16490419]
 [3.02153422 2.86729379]
 [4.8428499  2.98830588]
 [0.5783878  0.26175724]
 [0.73801107 0.54286623]
 [2.21044869 2.16552451]
 [3.85821541 2.89452014]
 [0.97743151 0.97433458]
 [1.08281086 1.05240679]
 [0.72702506 0.87264751]
 [0.62490901 0.58451038]
 [4.3153261  2.9352811 ]
 [3.02155241 2.69324697]
 [4.61116417 2.96653018]
 [2.86636136 2.69532581]
 [1.84496276 1.61475158]
 [1.94666463 1.99284057]
 [0.83399026 0.88992792]
 [3.93157367 2.91022634]
 [3.9083525  2.9788916 ]
 [1.65296422 1.47791334]
 [1.06707367 1.03850788]
 [2.9162257  2.77417044]
 [0.47231785 0.51225976]
 [2.54614967 2.88180504]
 [0.03205953 0.16664779]
 [1.68492139 2.11833708]
 [2.05058431 2.03066031]
 [1.89576584 2.09192406]
 [3.44988552 2.9072431 ]
 [0.25456192 0.61594566]
 [1.2694431  1.51691693]
 [3.28246011 2.7551453 ]
 [0.53105528 0.58405155]
 [2.6438844  2.71617696]
 [0.21652588 0.38996615]
 [3.47194538 2.7773504 ]
 [0.2222769  0.25702557]
 [0.99284944 1.09979504]
 [1.60237682 1.29583656]
 [2.84656633 2.87975162]
 [3.8880448  2.89452014]
 [2.77314381 2.67086637]
 [4.5348641  2.92345651]
 [3.6432031  2.94529751]
 [0.78110615 1.23748553]
 [2.2876509  2.35802187]
 [1.56849234 1.49455566]
 [1.55177647 1.5988613 ]
 [1.60718648 1.70333068]
 [2.3198213  2.34067374]
 [0.47660371 0.65138128]]
