[[1.52610864e-02 2.65060857e+04]
 [4.48927166e-02 9.16056255e+03]
 [1.69870331e-02 2.59225653e+04]
 [3.93752889e-02 1.06532184e+04]
 [3.39946541e-02 1.19017793e+04]
 [3.99955887e-02 1.06219886e+04]
 [2.69897406e-02 1.55173060e+04]
 [3.70128177e-02 1.09776149e+04]
 [4.18541489e-02 9.65590185e+03]
 [1.07192317e-02 3.87363394e+04]
 [6.65579178e-03 8.01334124e+04]
 [2.36734457e-02 1.87026776e+04]
 [3.18475519e-02 1.27103137e+04]
 [1.20622167e-02 3.74183468e+04]
 [2.37449270e-02 1.84067872e+04]
 [4.37664957e-02 9.35419140e+03]
 [9.94202140e-03 4.21205463e+04]
 [1.75662574e-02 2.46631743e+04]
 [5.80348224e-03 8.04541568e+04]
 [2.57065886e-02 1.59723699e+04]
 [2.40249579e-02 1.80470326e+04]
 [1.42412880e-02 3.02360048e+04]
 [2.11989407e-02 2.09003634e+04]
 [8.62407872e-03 4.80120660e+04]
 [2.84826754e-02 1.42657777e+04]
 [1.29877897e-02 3.30752248e+04]
 [2.10250921e-02 2.12776263e+04]
 [7.73724338e-03 5.94455362e+04]
 [1.24606059e-02 3.63709236e+04]
 [2.15610606e-02 1.97547574e+04]
 [3.90986584e-02 1.08014757e+04]
 [1.31768747e-02 3.21742587e+04]
 [3.88524299e-02 1.08335207e+04]
 [5.29232484e-02 8.58660250e+03]
 [2.33821821e-02 1.90809859e+04]
 [2.33441895e-02 1.94952616e+04]
 [7.62328780e-03 7.54877565e+04]
 [2.97683904e-02 1.37199564e+04]
 [2.80815588e-02 1.50767383e+04]
 [1.50489948e-02 2.81262855e+04]
 [1.87892479e-02 2.28104627e+04]
 [2.14477214e-02 2.02113925e+04]
 [3.11678194e-02 1.31423836e+04]
 [2.74138139e-02 1.53953010e+04]
 [4.00162618e-02 1.04652412e+04]
 [7.33853889e-03 7.60071658e+04]
 [4.64253859e-02 8.92483634e+03]
 [2.34857112e-02 1.88676072e+04]
 [2.52707408e-02 1.79213846e+04]
 [1.25987237e-02 3.54937684e+04]
 [8.69839276e-03 4.75169353e+04]
 [1.41825635e-02 3.02623560e+04]
 [3.19126765e-02 1.26986124e+04]
 [3.73066282e-02 1.09290588e+04]
 [5.17136503e-02 8.89548411e+03]
 [2.54329900e-02 1.59977978e+04]
 [2.53265263e-02 1.77739969e+04]
 [6.69086787e-02 8.46276770e+03]
 [1.52392850e-02 2.65264002e+04]
 [1.94882601e-02 2.16710750e+04]
 [4.03515397e-02 1.01337856e+04]
 [3.51179090e-02 1.15375311e+04]
 [1.46403804e-02 2.84119981e+04]
 [8.46141320e-03 5.77556094e+04]
 [2.77473876e-02 1.53063965e+04]
 [3.24238197e-02 1.26747637e+04]
 [5.17997703e-03 9.32502575e+04]
 [8.93736542e-03 4.71537990e+04]
 [1.13784448e-02 3.84381087e+04]
 [4.25426331e-02 9.54843223e+03]]
