[[1.86260211e-03 3.45560727e-03 1.79353495e+00]
 [3.66543097e-03 8.62346253e-03 2.38535544e+00]
 [5.81577407e-03 9.89751708e-03 1.40781245e+00]
 [3.81016124e-03 7.49858311e-03 2.02228296e+00]
 [4.28768775e-03 8.24009870e-03 2.25299232e+00]
 [4.44117107e-03 8.28135361e-03 1.85269631e+00]
 [4.32981507e-03 9.09311989e-03 2.21095800e+00]
 [5.52767597e-03 8.89131089e-03 1.70990570e+00]
 [1.15103041e-03 2.27001165e-03 2.19196477e+00]
 [3.72748802e-03 7.10354578e-03 1.91128685e+00]
 [6.05212895e-03 9.90406197e-03 2.54783250e+00]
 [4.79737567e-03 9.46676679e-03 2.10686741e+00]
 [8.48018217e-04 2.02463036e-03 2.70847595e+00]
 [2.31462936e-03 4.26821349e-03 1.49622293e+00]
 [9.04097157e-04 1.28975984e-03 1.21052505e+00]
 [2.37214058e-03 5.39490891e-03 2.49856157e+00]
 [1.32906238e-03 2.83462432e-03 2.60128235e+00]
 [1.93864860e-03 4.95112363e-03 2.27024992e+00]
 [1.08067485e-03 1.91272052e-03 1.77409247e+00]
 [1.55528584e-03 3.17817550e-03 1.68796635e+00]
 [2.26789321e-03 4.08181403e-03 2.36612810e+00]
 [6.56219990e-04 1.80729214e-03 2.38861388e+00]
 [1.84748152e-03 4.30973654e-03 2.74649084e+00]
 [3.31014434e-03 6.59709804e-03 1.93308698e+00]
 [3.60526305e-03 5.63706255e-03 1.47717119e+00]
 [2.15209660e-03 3.71923011e-03 1.77971078e+00]
 [5.05190045e-03 9.35283770e-03 1.59440180e+00]
 [3.31014434e-03 5.84383051e-03 1.76115033e+00]
 [8.47779892e-04 2.01972427e-03 2.61780437e+00]
 [4.47893526e-03 9.02798831e-03 2.31211549e+00]
 [2.69130756e-03 5.04274430e-03 2.07154946e+00]
 [1.14459932e-03 1.83980461e-03 1.21052505e+00]
 [2.30523296e-03 5.21070221e-03 1.90240846e+00]
 [1.32906238e-03 2.62305454e-03 2.54583800e+00]
 [4.17842778e-03 7.30737934e-03 1.80187637e+00]
 [2.71807931e-03 6.63954370e-03 2.18552759e+00]
 [4.32981507e-03 9.09413420e-03 2.21095800e+00]
 [3.82585267e-03 8.97850718e-03 2.31144098e+00]
 [4.67459892e-03 9.63249306e-03 2.14926471e+00]
 [4.84342515e-03 9.90584593e-03 2.25394244e+00]
 [3.86795361e-03 7.68942700e-03 2.17891902e+00]
 [5.01024964e-03 8.15421064e-03 1.46128181e+00]
 [2.89253866e-03 4.87854278e-03 1.68041895e+00]
 [2.17604787e-03 5.17267599e-03 2.74338162e+00]
 [4.27598861e-03 8.21054462e-03 2.14500406e+00]
 [3.54343362e-03 6.46843890e-03 1.74468665e+00]
 [6.56219990e-04 1.80729214e-03 2.52282456e+00]
 [3.23514128e-03 6.80157315e-03 2.17966636e+00]
 [2.24786948e-03 3.82073623e-03 2.10286315e+00]
 [5.81577407e-03 9.89751708e-03 2.64144097e+00]
 [8.40863542e-04 1.47868546e-03 1.89579783e+00]
 [9.04097157e-04 1.35865635e-03 1.36265558e+00]
 [1.38280874e-03 3.26701258e-03 2.89673058e+00]
 [4.13060007e-03 8.07698409e-03 1.70706973e+00]
 [1.86260211e-03 3.38464073e-03 1.79129696e+00]
 [1.78565065e-03 4.21491010e-03 2.09328632e+00]
 [1.50739659e-03 3.36996685e-03 2.05003497e+00]
 [2.39363049e-03 5.60948755e-03 2.56072705e+00]
 [3.30135994e-03 6.97368876e-03 1.97273574e+00]
 [2.53888621e-03 5.42970082e-03 1.86119899e+00]
 [2.96129923e-03 5.29099958e-03 1.79489081e+00]
 [1.47635971e-03 2.83983225e-03 1.65306888e+00]
 [4.93963846e-04 1.49899215e-03 1.79070095e+00]
 [6.49115853e-04 1.21098600e-03 2.40276059e+00]
 [5.40951805e-03 9.79914073e-03 2.60792178e+00]
 [2.15209660e-03 3.71923011e-03 1.78253839e+00]]
