[[1.13678828 0.79513063 9.97841878 3.12254533]
 [0.48033433 2.5660847  9.97841878 1.57126915]
 [0.63003401 1.90047711 9.86537277 1.0047438 ]
 [1.14014344 0.79513063 9.97841878 2.89024401]
 [1.13698984 0.87597197 9.98615989 4.2125766 ]
 [0.63003401 1.97121362 9.8642197  1.00632536]
 [1.13678828 0.79513063 9.97841878 2.89003773]
 [0.4234033  2.85373677 9.98468939 0.80687045]
 [1.13664204 0.87597197 9.99096124 3.26383076]
 [0.72167396 1.42641658 9.90615765 1.06758516]
 [1.46767923 0.7018055  9.98265104 1.65978062]
 [1.16043284 0.87597197 9.97330089 3.13362775]
 [0.72640451 1.68220434 9.77361564 1.32624625]
 [1.62269402 0.96498925 9.98615989 3.96650771]
 [0.36396402 4.85438677 6.65901643 0.547561  ]
 [1.00593003 0.93179062 9.81235085 4.96335477]
 [1.62269402 0.96524541 9.98615989 3.91831879]
 [0.63003401 1.9572636  9.98686935 1.0047438 ]
 [0.48644662 2.2118549  9.97891034 0.54148023]
 [0.72209415 1.42641658 9.90615765 0.95349503]
 [0.32823324 4.95420432 8.25990361 0.54148023]
 [0.72167396 1.36005338 9.89240735 0.9017725 ]
 [1.46424961 0.7018055  9.98256447 1.65978062]
 [1.00598212 1.20692447 9.81829446 3.98027516]
 [1.13664204 0.87597197 9.99096124 3.30600881]
 [1.13700072 0.87754109 9.69542637 4.20926685]
 [1.13698984 0.96498925 9.98615989 1.70830627]
 [0.4266139  2.85366389 9.95188123 0.80579776]
 [0.48700649 2.20971424 9.96212777 2.29413732]
 [0.56342616 1.88985982 9.98757789 1.37718156]
 [0.42382253 2.5158532  9.92490108 0.68176185]
 [1.00593003 0.91238677 9.95197977 4.9046268 ]
 [1.16043284 0.79399307 9.97329356 3.08977882]
 [0.46796374 2.52004895 9.99719915 0.75004357]
 [0.72167396 1.42641658 9.90615765 0.81346574]
 [1.14894659 1.07404433 9.98834291 4.37049939]
 [0.62907095 1.94841998 9.92043458 1.0047438 ]
 [0.46942127 2.52331853 9.93333666 1.1709772 ]
 [1.16259457 0.88373155 9.97330089 3.12838796]
 [0.90267422 1.72117166 9.99976785 4.99822576]
 [1.00593003 0.9154526  9.98944268 4.9046268 ]
 [0.72796161 1.35236831 9.81945445 0.94546362]
 [0.83685614 1.77209195 9.97783749 2.54153409]
 [0.4266139  2.85366389 9.9321477  0.83557396]
 [1.25216234 0.72189507 9.98429952 3.03597796]
 [0.56744447 1.92856269 9.91934586 1.87829782]
 [1.14894659 1.07404433 9.95087911 4.37049939]
 [1.14407608 0.79513063 9.97841878 1.49691001]
 [0.5105075  2.2118549  9.99663643 0.54148023]
 [0.58502634 1.87490822 9.84938034 1.19773901]
 [0.58360558 1.87114111 9.84699197 1.16986006]
 [0.64088761 1.81392177 9.97787353 4.96016619]
 [0.72209415 1.55256289 9.93324382 0.97190994]
 [1.13678828 0.8101626  9.97847362 3.68421358]
 [0.63003401 1.84289785 9.98140969 4.52792035]
 [0.46796374 2.52004895 9.99719915 2.16061012]
 [0.41413768 2.53408338 9.98904677 3.69665626]
 [0.64502952 1.85626061 9.93329268 2.45150644]
 [0.4234033  2.85373677 9.98468939 0.83471461]
 [1.13664204 0.87597197 9.99161135 3.54908115]
 [0.48033433 2.5660847  9.9963425  1.57126915]
 [0.46942127 2.52331853 9.90625049 1.15256229]
 [0.62040795 1.84289785 9.99095225 4.52792035]
 [1.19188814 0.96498925 9.98363585 1.82654387]
 [1.13664204 0.86910246 9.99096124 3.25910213]
 [0.75915651 1.78150713 9.92692551 2.38655531]
 [1.15019042 1.07404433 9.97866941 4.33126691]
 [0.76877617 1.5706819  9.93360319 2.43368048]
 [0.71431442 1.37324868 9.93324382 0.73819023]
 [1.13698984 0.98008411 9.98615989 1.96991285]
 [0.78218637 1.87304415 9.9321477  2.51607443]
 [0.49881502 2.20745065 9.99335222 1.88205103]
 [0.72167396 1.42641658 9.90615765 1.14402271]
 [1.13698984 0.87597197 9.98615989 4.49760251]
 [0.46796374 2.57534671 9.99821037 0.75004357]
 [0.63003401 1.84289785 9.98155051 4.97235286]
 [0.72811294 2.8933346  9.99905285 4.99970915]
 [0.84701036 1.96823116 9.99793259 1.98779002]
 [0.74609469 1.42641658 9.90308106 3.77375524]
 [0.75003059 2.81593003 9.99901585 4.99960744]
 [0.35657056 4.34568087 8.19866485 0.54220604]
 [0.4216148  2.88807901 9.99180225 0.67703146]
 [0.40981078 2.83001084 9.93329268 0.77101254]
 [1.15170087 1.07404433 9.99787556 1.86486493]
 [0.63003401 1.84289785 9.98126783 4.56100177]
 [0.63003401 1.7550817  9.8642197  1.0047438 ]
 [0.90669253 1.37094046 9.98524459 1.87829782]
 [1.25216234 0.70981465 9.94854719 2.78717147]]
