[[5.47423145e-02 8.45407022e+03]
 [4.90691246e-03 8.74221742e+04]
 [7.66248925e-03 5.43814552e+04]
 [8.18088207e-03 4.93165422e+04]
 [6.28497529e-03 6.75730785e+04]
 [6.32017927e-03 6.42454989e+04]
 [7.39325451e-03 5.80523837e+04]
 [5.19872500e-02 8.50961329e+03]
 [8.70652457e-03 4.63314234e+04]
 [4.90052246e-02 8.55265149e+03]
 [6.94564885e-03 6.16068465e+04]
 [6.09928149e-03 7.11924964e+04]
 [5.71397706e-03 7.64810609e+04]
 [5.09603113e-02 8.52550479e+03]
 [5.74639754e-03 7.26974310e+04]
 [6.96218900e-03 6.01662046e+04]
 [1.64334608e-02 2.48347209e+04]
 [1.36234677e-02 3.01080131e+04]
 [1.27551695e-02 3.20325631e+04]
 [2.71751737e-02 1.50558182e+04]
 [3.78332762e-02 1.12023731e+04]
 [4.75187616e-02 8.70755136e+03]
 [5.44992985e-03 8.06174120e+04]
 [3.06239962e-02 1.35935057e+04]
 [1.45599276e-02 2.80697026e+04]
 [1.09731093e-02 3.72017565e+04]
 [2.59480114e-02 1.55674167e+04]
 [5.12570726e-03 8.51767488e+04]
 [3.21968525e-02 1.34653532e+04]
 [1.07432246e-02 3.95886915e+04]
 [3.91114947e-02 1.09877906e+04]
 [4.31622251e-02 9.41375488e+03]
 [5.49728940e-03 7.88322006e+04]
 [3.61089376e-02 1.16795391e+04]
 [9.19238321e-03 4.50559220e+04]
 [4.06458972e-02 1.01571699e+04]
 [2.13279239e-02 1.91560875e+04]
 [2.51171279e-02 1.62600437e+04]
 [4.42935570e-02 9.17052421e+03]
 [1.97587730e-02 2.13050435e+04]
 [1.72825531e-02 2.44938571e+04]
 [1.52610864e-02 2.65060857e+04]
 [5.41409784e-03 8.22682899e+04]
 [1.56478886e-02 2.61040307e+04]
 [9.65629936e-03 4.19595972e+04]
 [2.22853622e-02 1.87072138e+04]
 [5.02434881e-03 8.59876365e+04]
 [4.59029531e-02 9.02119634e+03]
 [2.37932467e-02 1.74144021e+04]
 [3.97215424e-02 1.04056555e+04]
 [1.03023060e-02 4.15541867e+04]
 [1.05533342e-02 4.09304404e+04]
 [5.29397584e-03 8.33400616e+04]
 [3.51550430e-02 1.16862753e+04]
 [2.32617823e-02 1.79143702e+04]
 [1.90769304e-02 2.20284657e+04]
 [2.02655850e-02 2.06843233e+04]
 [1.80074626e-02 2.25907762e+04]
 [5.90827130e-03 7.20300469e+04]
 [2.43375470e-02 1.66566065e+04]
 [2.57894758e-02 1.61500858e+04]
 [1.74498013e-02 2.34367114e+04]
 [1.45420682e-02 2.87826641e+04]
 [1.43979880e-02 2.97940416e+04]
 [4.49282195e-02 9.06513474e+03]
 [1.21028526e-02 3.51854643e+04]
 [1.82393660e-02 2.24499203e+04]
 [3.29429154e-02 1.23306394e+04]
 [2.84815837e-02 1.43797407e+04]
 [3.70218869e-02 1.13339782e+04]
 [1.91832300e-02 2.17350305e+04]
 [3.38453380e-02 1.21859795e+04]
 [3.69581584e-02 1.16224715e+04]
 [1.26311355e-02 3.31554396e+04]
 [2.04640001e-02 2.02396413e+04]
 [3.23854468e-02 1.33314550e+04]
 [5.52577641e-03 7.77959680e+04]
 [1.05917911e-02 3.95994882e+04]
 [3.46310695e-02 1.17336397e+04]
 [2.42864490e-02 1.69990925e+04]
 [5.65445159e-03 7.74289969e+04]
 [2.97242863e-02 1.39884521e+04]
 [1.22192305e-02 3.42735940e+04]
 [3.26769319e-02 1.25153722e+04]
 [3.93752889e-02 1.06532184e+04]
 [1.40948599e-02 3.00419995e+04]
 [4.68493369e-02 8.78078783e+03]
 [2.08611109e-02 1.92678657e+04]
 [1.10794186e-02 3.67364712e+04]
 [4.25901358e-02 9.45698720e+03]
 [2.91260729e-02 1.40858171e+04]
 [9.40279040e-03 4.27569358e+04]
 [1.13173878e-02 3.62859223e+04]
 [1.16980369e-02 3.53771984e+04]
 [9.23939146e-03 4.42879040e+04]
 [4.12920434e-02 1.00517125e+04]
 [1.73806222e-02 2.35799809e+04]
 [1.26464994e-02 3.26626566e+04]
 [1.22876904e-02 3.38722720e+04]
 [2.25585491e-02 1.85057965e+04]
 [5.29877546e-03 8.30461424e+04]
 [2.77932770e-02 1.48135012e+04]
 [4.16522146e-02 9.75398524e+03]
 [4.47270132e-02 9.10155491e+03]
 [9.35039424e-03 4.28576054e+04]
 [4.64622202e-02 8.93060589e+03]
 [2.29225076e-02 1.83651521e+04]
 [4.19053607e-02 9.62926032e+03]
 [2.91539672e-02 1.40612799e+04]
 [3.42830138e-02 1.19280826e+04]
 [2.06434547e-02 1.95416570e+04]
 [9.33395150e-03 4.37402722e+04]
 [1.14345437e-02 3.59213781e+04]
 [3.02191861e-02 1.38115509e+04]
 [1.15722400e-02 3.57154215e+04]
 [2.81040270e-02 1.46825805e+04]
 [2.82343925e-02 1.45406354e+04]
 [4.13022889e-02 9.85463140e+03]
 [3.00684653e-02 1.39140266e+04]
 [1.53883314e-02 2.62655191e+04]
 [4.21883366e-02 9.55021005e+03]
 [4.23369547e-02 9.52190424e+03]
 [2.29012883e-02 1.84064208e+04]
 [4.66580106e-02 8.84633126e+03]
 [9.28657229e-03 4.38394059e+04]
 [2.78074151e-02 1.48115172e+04]
 [2.06440493e-02 1.95406447e+04]
 [3.28097036e-02 1.24243440e+04]
 [1.55884633e-02 2.61547381e+04]
 [1.22801057e-02 3.38793061e+04]]
