[[0.78492906 0.54484695]
 [0.9867374  0.13843087]
 [0.60560044 0.77589345]
 [0.23303253 0.93891985]
 [0.17905129 0.94838134]
 [0.93783699 0.21428599]
 [1.04934392 0.06988041]
 [0.12627208 0.98175203]
 [0.77934887 0.5621956 ]
 [1.03869815 0.07842116]
 [0.55353686 0.80036699]
 [1.00382756 0.10866536]
 [0.57145748 0.78186036]
 [1.00308596 0.12960559]
 [0.47127512 0.91668705]
 [0.11148226 0.98982888]
 [0.77006186 0.70471418]
 [0.90827127 0.54122257]
 [0.76960589 0.74854002]
 [0.46591391 0.91851676]
 [0.51396445 0.80357504]
 [1.03501123 0.10241164]
 [0.48943212 0.8487931 ]]
