[[1.86260211e-03 3.45560727e-03 1.79353495e+00]
 [4.30247271e-03 9.73802078e-03 2.35560178e+00]
 [1.98569888e-03 4.26701009e-03 1.68669248e+00]
 [2.95482286e-03 7.31606471e-03 2.89061688e+00]
 [4.44117107e-03 8.28135361e-03 1.85269631e+00]
 [4.32981507e-03 9.09311989e-03 2.21095800e+00]
 [2.00922402e-03 4.47689000e-03 1.76597582e+00]
 [4.62839119e-03 9.18721668e-03 2.02105834e+00]
 [3.72395003e-03 8.40938570e-03 2.50124864e+00]
 [1.15598433e-03 2.71048167e-03 2.30899896e+00]
 [5.33165285e-03 9.26671384e-03 1.63085360e+00]
 [2.62566426e-03 6.07409182e-03 2.48355781e+00]
 [2.63227953e-03 4.37592129e-03 1.63173756e+00]
 [4.34115236e-03 9.66473889e-03 2.37466326e+00]
 [2.68115295e-03 5.65240494e-03 2.33449555e+00]
 [2.85576282e-03 5.87810906e-03 2.18725167e+00]
 [2.55917571e-03 5.93243145e-03 2.20835828e+00]
 [3.07513635e-03 7.13057035e-03 2.28313242e+00]
 [2.38448805e-03 4.23185051e-03 1.54966480e+00]
 [1.85130398e-03 2.79133556e-03 1.53891153e+00]
 [4.44117107e-03 8.28135361e-03 1.85442351e+00]
 [1.72367434e-03 4.25697152e-03 2.94130502e+00]
 [3.61948600e-04 1.13154145e-03 2.91335235e+00]
 [2.79183679e-03 6.12814440e-03 2.41674596e+00]
 [4.55650737e-03 9.80629801e-03 2.50777274e+00]
 [1.37200285e-03 2.64706830e-03 1.49970136e+00]
 [6.20570752e-04 1.27852809e-03 2.77615047e+00]
 [4.37660951e-03 9.73380864e-03 2.37559255e+00]
 [2.52214455e-03 5.77464263e-03 2.13132423e+00]
 [3.74669785e-03 7.56949865e-03 2.00916956e+00]
 [2.91789541e-03 6.40453724e-03 2.18725167e+00]
 [5.36238491e-03 9.80923676e-03 1.74181652e+00]
 [1.13687626e-03 2.12068142e-03 1.87919408e+00]
 [3.81016124e-03 7.49858311e-03 1.96329858e+00]
 [2.20234226e-03 4.04357547e-03 1.94618985e+00]
 [4.91749738e-03 9.86848602e-03 1.92246941e+00]
 [3.63232653e-03 6.25046626e-03 1.71313100e+00]
 [4.32445364e-03 7.79003299e-03 1.53110559e+00]
 [1.30409165e-03 2.12382351e-03 1.95930511e+00]
 [2.39547902e-03 5.04519170e-03 2.34403954e+00]
 [8.25816129e-04 1.91847917e-03 1.84550532e+00]
 [2.52214455e-03 5.77464263e-03 2.14331411e+00]
 [1.26405013e-03 2.02520946e-03 1.61907106e+00]
 [2.49496755e-03 4.28230550e-03 1.63173756e+00]
 [2.15627375e-03 4.26701009e-03 1.58362218e+00]
 [2.40111724e-03 4.23185051e-03 1.54966480e+00]
 [1.10706876e-03 2.06454059e-03 2.40682011e+00]
 [1.57236769e-03 2.47519185e-03 1.28126920e+00]
 [4.21938590e-03 9.09311989e-03 2.21095800e+00]
 [4.55650737e-03 9.83458732e-03 2.50285600e+00]
 [4.83385315e-03 8.89358570e-03 1.71982069e+00]
 [1.38506752e-03 3.18130971e-03 2.25452709e+00]
 [1.31324272e-03 3.22752463e-03 2.89230479e+00]
 [4.48296718e-03 8.28135361e-03 1.86179590e+00]
 [6.20570752e-04 1.67615358e-03 2.75572335e+00]
 [2.68115295e-03 5.52465126e-03 2.33560363e+00]
 [5.03995148e-04 1.22516729e-03 2.91335235e+00]
 [4.67211295e-03 9.69684841e-03 2.38898724e+00]
 [1.86260211e-03 2.92831689e-03 1.69976464e+00]
 [1.71449489e-03 3.12301216e-03 1.58028893e+00]
 [1.87740056e-03 3.18130971e-03 1.60339353e+00]
 [5.20638465e-03 9.40342690e-03 1.63085360e+00]
 [3.62468099e-03 6.83464900e-03 1.81432811e+00]
 [4.37660951e-03 9.73380864e-03 2.33408680e+00]
 [4.69104366e-04 1.00023718e-03 2.99308086e+00]
 [4.66560340e-03 7.91652829e-03 1.76796199e+00]
 [1.99497470e-03 4.32810139e-03 2.04779227e+00]
 [3.72395003e-03 8.40938570e-03 2.50225803e+00]
 [2.74119775e-03 5.66102396e-03 2.26462775e+00]
 [3.62468099e-03 6.77517328e-03 1.81432811e+00]
 [1.86260211e-03 3.44868151e-03 1.86956689e+00]
 [2.68115295e-03 5.52465126e-03 2.31153719e+00]
 [1.43282182e-03 3.30498178e-03 2.89230479e+00]
 [5.57532705e-04 1.42491999e-03 2.77671212e+00]
 [5.22979821e-04 9.91254102e-04 2.77348880e+00]
 [4.34115236e-03 9.69684841e-03 2.37558786e+00]
 [8.49433585e-04 1.72105009e-03 2.72709588e+00]
 [2.33385348e-03 5.04307488e-03 2.34403954e+00]
 [1.87740056e-03 4.37840382e-03 2.25452709e+00]
 [4.27173670e-03 9.09311989e-03 2.21095800e+00]
 [5.29945427e-04 1.17724136e-03 2.59607757e+00]
 [6.65318916e-04 1.47611105e-03 2.50270926e+00]
 [1.89180197e-03 4.16201455e-03 2.03802325e+00]
 [4.18578026e-03 7.74474373e-03 1.84385158e+00]
 [6.22911428e-03 9.89880408e-03 2.73470709e+00]
 [2.91201667e-03 6.19162666e-03 2.01914451e+00]
 [3.03225857e-03 5.21117808e-03 1.46169659e+00]
 [1.24095451e-03 2.45099421e-03 1.99450019e+00]
 [9.20531710e-04 2.00031281e-03 1.84550532e+00]
 [4.24258483e-03 9.35295534e-03 2.42013798e+00]
 [3.62394064e-03 6.42676219e-03 1.69402622e+00]
 [4.71885932e-03 9.86873202e-03 2.74980510e+00]
 [2.29596155e-03 4.09080800e-03 1.42606769e+00]
 [4.25357017e-03 9.73380864e-03 2.36429413e+00]]
