[[1.52610864e-02 2.65060857e+04]
 [4.48927166e-02 9.16056255e+03]
 [4.17531679e-02 1.03584766e+04]
 [3.39946541e-02 1.19017793e+04]
 [5.26285058e-02 8.93022581e+03]
 [2.69897406e-02 1.55173060e+04]
 [3.70128177e-02 1.09776149e+04]
 [4.18541489e-02 9.65590185e+03]
 [4.16585795e-02 1.04232755e+04]
 [1.07192317e-02 3.87363394e+04]
 [2.54769990e-02 1.74213262e+04]
 [7.55190855e-02 8.67009037e+03]
 [3.18475519e-02 1.27103137e+04]
 [5.58102404e-02 8.67738208e+03]
 [3.13492445e-02 1.34289154e+04]
 [4.37664957e-02 9.35419140e+03]
 [9.94202140e-03 4.21205463e+04]
 [5.25064956e-03 9.90916651e+04]
 [5.30174139e-02 8.90322283e+03]
 [2.57065886e-02 1.59723699e+04]
 [1.42412880e-02 3.02360048e+04]
 [8.62407872e-03 4.80120660e+04]
 [2.84826754e-02 1.42657777e+04]
 [1.29877897e-02 3.30752248e+04]
 [7.73724338e-03 5.94455362e+04]
 [3.34414873e-02 1.26451095e+04]
 [7.72314849e-03 5.98411443e+04]
 [3.14926630e-02 1.30198517e+04]
 [1.87193652e-02 2.17815520e+04]
 [2.09058321e-02 2.00215237e+04]
 [1.50668489e-02 2.69524717e+04]
 [1.74160696e-02 2.46631743e+04]
 [3.51138925e-02 1.15385419e+04]
 [2.54002324e-02 1.74217056e+04]
 [5.66166149e-03 7.95479732e+04]
 [1.65018281e-02 2.59114872e+04]
 [2.77928936e-02 1.51109691e+04]
 [3.85373440e-02 1.05223094e+04]
 [7.61851856e-03 6.73008861e+04]
 [1.20104376e-02 3.44323348e+04]
 [5.42802607e-02 8.76028740e+03]
 [1.98624453e-02 2.16413989e+04]
 [1.14778642e-02 3.60306140e+04]
 [4.55977792e-02 8.94176088e+03]
 [8.21422526e-03 5.36809412e+04]
 [1.45547400e-02 2.83254535e+04]
 [2.80160133e-02 1.45794969e+04]
 [3.47374532e-02 1.18044787e+04]
 [1.09156331e-02 3.75089336e+04]
 [7.68637394e-03 6.04513765e+04]
 [2.32519302e-02 1.76498411e+04]
 [5.35753418e-03 9.59918125e+04]
 [2.20193470e-02 1.86572529e+04]
 [3.05313639e-02 1.41890493e+04]
 [5.36333967e-02 8.88202137e+03]
 [7.25606879e-03 7.29845751e+04]
 [5.25040933e-03 9.91209844e+04]
 [1.72721889e-02 2.51063945e+04]]
