[[4.93175978e+00 1.03459556e+00 1.09619445e+00 7.86097149e-02
  3.89436909e+00 5.64498320e+00]
 [4.93175978e+00 1.04860268e+00 1.09619445e+00 2.80086103e-01
  3.97091950e+00 4.42333095e+00]
 [5.37198870e-01 1.49068006e+00 2.56956830e+00 2.20573702e+00
  1.00174467e+00 1.69931492e+00]
 [4.82997807e+00 1.12088509e+00 1.33095200e+00 2.13402509e-01
  1.10651154e+00 1.31590449e+00]
 [2.48016808e+00 6.90139761e-01 1.68259037e+00 2.88089660e-02
  1.08097506e+00 1.30389865e+00]
 [6.41028606e-01 1.49068006e+00 2.46550325e+00 2.17938691e+00
  1.00174467e+00 1.69931492e+00]
 [4.95979092e+00 1.03591955e+00 1.02332015e+00 1.03284711e-02
  1.07573074e+00 1.50056167e+00]
 [2.03974030e+00 2.16884906e-01 1.01853448e+00 2.01086318e-02
  1.10651154e+00 6.32769092e-01]
 [5.37198870e-01 1.48353184e+00 2.54428945e+00 2.20573702e+00
  1.04027036e+00 1.69931492e+00]
 [4.93175978e+00 1.02773370e+00 1.06292346e+00 6.72692584e-03
  1.07266824e+00 1.46419931e+00]
 [4.93175978e+00 1.03459556e+00 3.54061786e+00 4.87168417e-02
  4.99530144e+00 3.30118777e+00]
 [4.00000785e+00 1.13678315e+00 1.33095200e+00 2.12213631e-01
  1.10651154e+00 1.31590449e+00]
 [4.93175978e+00 1.05575091e+00 1.09619445e+00 2.80086103e-01
  3.92500116e+00 4.42333095e+00]
 [2.84991662e+00 1.04255996e+00 1.09097947e+00 5.17031369e-03
  1.10645192e+00 1.78810307e+00]
 [4.37021202e+00 1.48803366e+00 1.68259037e+00 1.69080924e-01
  1.00065273e+00 1.15450094e+00]]
