[[2.08511002 2.16097348]
 [0.93130106 1.03668218]
 [2.09597257 2.0556585 ]
 [1.05814058 0.79663998]
 [1.63322451 1.58117431]
 [3.45448459 2.99196855]
 [0.09940067 0.07863296]
 [2.76410989 2.52609268]
 [2.92879636 2.90878724]
 [0.29958845 0.36403037]
 [0.22275939 0.32248239]
 [2.62335155 2.77442391]
 [3.08389179 2.84704896]
 [1.95003857 1.457972  ]
 [0.88098128 0.99619072]
 [2.9100709  2.63649595]
 [2.16838174 2.42208159]
 [1.42788141 1.76050002]
 [2.63857323 2.40648325]
 [2.59505814 2.31265173]
 [2.07924359 1.8500552 ]
 [1.29849197 0.7712079 ]
 [3.91374707 2.97141535]
 [2.2095214  1.74473222]
 [1.23866451 0.78651925]
 [1.10716367 0.80121606]
 [0.09166321 0.20017499]
 [4.52904748 2.96986554]
 [0.73396187 0.79289245]
 [2.58633799 2.74921756]
 [2.85357926 2.99026028]
 [2.46035901 2.19027363]
 [1.69354013 1.57168841]
 [2.42214223 2.57795342]
 [1.37059888 1.68158997]
 [1.07056068 0.59684377]
 [0.13313942 0.33276111]
 [0.79916825 0.60780638]
 [1.85077089 1.59209232]
 [2.63951989 2.22023263]
 [3.58464501 2.96197852]
 [2.00932962 2.09192406]
 [0.60383592 0.66085196]
 [0.69177345 0.87043339]
 [1.72849411 2.02491481]
 [1.10741028 1.40173747]
 [1.57382844 1.88056681]
 [2.86636136 2.82828773]
 [2.45772575 2.57010749]
 [2.09289013 2.0503947 ]
 [1.47644397 1.63236415]
 [2.43960746 2.56606924]
 [2.92674229 2.69461514]
 [2.57087522 2.62599818]
 [0.80755385 1.02732192]
 [2.14018735 1.79780927]
 [2.8968027  2.77411254]
 [0.26497271 0.59848664]
 [1.14602514 1.30165013]
 [3.154796   2.94277103]
 [2.51754755 2.8977992 ]
 [2.49966186 2.33129469]
 [1.99609303 2.39088676]
 [1.90540746 1.97803481]
 [0.354592   0.45781196]
 [0.08287941 0.34138907]
 [1.60513157 1.67373598]
 [0.19864353 0.21100032]
 [2.69824555 2.6857811 ]
 [2.23317523 2.63110317]
 [1.26790875 0.82142911]
 [1.64180695 1.64269281]
 [1.93002006 1.71462628]
 [0.19929963 0.40437935]
 [0.967082   1.0069914 ]
 [1.24145364 0.88523573]
 [3.01091827 2.89070126]
 [1.72839607 1.78687529]
 [1.40597962 1.09194513]
 [1.9104869  2.20680939]
 [1.53039517 1.02135694]
 [2.65996764 2.4032717 ]
 [2.92674229 2.84759266]
 [1.71113583 2.04823874]
 [2.21363426 2.32121252]
 [0.54395034 0.7353749 ]
 [1.8896209  1.80652712]
 [0.97775553 1.40599751]
 [2.20999271 2.2079742 ]
 [2.2095214  2.02696416]
 [1.05314475 1.22525221]
 [3.00810187 2.90878724]
 [2.84925062 2.78436281]
 [2.72973847 2.53675903]
 [2.13491088 1.79949461]
 [1.23723331 1.6598292 ]
 [0.15754515 0.07863296]
 [1.24145364 0.88588571]
 [1.20568756 0.99656971]
 [2.55096284 2.33129469]
 [2.01610236 2.38062382]
 [1.96853924 2.05168645]
 [2.36871812 2.66737054]
 [2.36437526 2.56359275]
 [1.75291354 1.83963363]
 [1.79393552 1.82649352]
 [1.61975526 1.55430637]
 [4.17164744 2.92997667]
 [2.28071266 2.81392353]
 [1.99708461 2.02491481]
 [1.37530298 1.58556524]
 [3.27757698 2.93852454]
 [3.39534418 2.64958826]
 [2.15004281 1.83072244]
 [1.18273275 0.53148349]
 [1.24145364 1.10135136]
 [2.53842709 2.44523409]
 [4.22125115 2.85532708]
 [2.52247025 2.6844731 ]
 [1.89421846 1.71983215]
 [1.64022097 1.53188285]
 [2.34682036 2.28321178]
 [2.19207412 2.55312185]
 [2.29226818 2.22610424]
 [0.73465203 0.89854651]
 [1.87255624 1.75238097]
 [1.61936581 1.53924661]
 [2.19512579 2.10253182]
 [1.15511312 1.48130914]
 [2.78089821 2.88316932]
 [2.82551241 2.85512888]
 [2.86636136 2.82169528]
 [1.10716367 0.87236097]
 [1.60513157 1.69814221]
 [0.60561721 0.61835846]
 [0.6883137  0.38876157]
 [0.66776431 0.49964397]
 [0.28839047 0.42291906]
 [3.58439332 2.92293585]
 [1.08038618 1.09206319]
 [1.14602514 1.07849102]
 [2.5839883  2.76560492]
 [0.67576893 0.59430447]
 [1.41110154 1.81600519]
 [0.27281662 0.5870463 ]
 [4.17926969 2.96355192]
 [1.25783778 1.01178225]
 [2.48213213 2.75477577]
 [1.18341394 1.24113491]
 [1.9558599  2.10045093]
 [0.53415299 0.4295302 ]
 [2.63151733 2.54434404]
 [2.29940133 2.38834833]
 [1.07762848 0.80933133]
 [2.71064883 2.25081033]
 [1.94215135 1.58560047]
 [2.20999271 2.22270605]
 [2.97537771 2.74582296]
 [4.36958198 2.96275321]
 [2.25866574 2.45288536]
 [1.69040296 1.63475863]
 [1.15511312 1.21166143]
 [2.16796164 1.99367873]
 [2.23317523 2.58500471]
 [1.94321185 1.71219628]
 [2.39994433 2.71949058]
 [3.69292027 2.95439628]
 [3.26432889 2.93852454]
 [2.37093551 2.02271556]
 [0.64859154 0.64899098]
 [1.70677464 1.20165188]
 [2.69824555 2.64475153]
 [4.39300345 2.96986554]
 [1.85646881 1.81015184]
 [2.01610236 2.16301866]
 [1.32958087 1.39852575]
 [3.08389179 2.85141197]
 [1.53039517 1.17448993]
 [2.50205978 2.55312185]
 [3.69292027 2.98949712]
 [0.84584164 1.20928276]
 [3.86762304 2.89314073]
 [3.82132009 2.97431581]
 [4.15837098 2.96152173]
 [2.72810343 2.78012573]
 [0.7106557  0.87132673]
 [0.67747994 0.35540396]
 [1.39480581 1.83465789]
 [2.20634624 1.99593428]
 [2.48237085 2.88437168]
 [1.63770914 1.64269281]
 [4.33437308 2.93525995]
 [2.93553521 2.80331801]
 [2.44101057 2.79078237]
 [2.92673342 2.85390347]
 [0.07376338 0.04959593]
 [2.86636136 2.72983193]
 [1.69096498 2.09927508]
 [3.154796   2.95531897]
 [0.08287941 0.02282428]
 [2.23084042 2.53665191]
 [3.99210472 2.94636381]
 [1.37530298 1.49416885]
 [1.54506055 1.40599751]
 [2.76410989 2.55807648]
 [2.68204765 2.75667802]
 [1.02732321 0.79663998]
 [2.56667405 2.92566703]
 [2.12714319 2.24040832]
 [0.6685141  0.79367462]
 [1.34990239 1.33769404]
 [4.63090713 2.97042793]
 [1.51334674 1.31880604]
 [0.27217859 0.24960791]
 [2.59676604 2.5431014 ]
 [2.57876419 2.31331631]
 [2.2110979  1.74555865]
 [2.41627547 2.19297895]
 [2.29844945 2.64728436]
 [1.79020635 1.67701553]
 [0.74664704 0.79289245]
 [1.84979528 1.97803481]
 [3.58613482 2.92293585]
 [1.70976418 1.84575897]
 [2.68768549 2.83626523]
 [0.26100667 0.06929405]
 [0.62814479 0.48990419]
 [2.08511002 2.13301855]
 [1.91919065 1.50762207]
 [1.57252939 1.53103369]
 [2.18287482 2.54016877]
 [0.29958845 0.35434252]
 [3.72367407 2.97594164]
 [1.8896209  1.80449036]
 [0.49021061 0.27508582]
 [4.74002783 2.96972008]
 [1.38279773 1.64477204]
 [0.22484956 0.34125418]
 [2.31725441 2.13347866]
 [2.87600119 2.9855581 ]
 [2.86319803 2.997511  ]
 [4.63220755 2.98268471]
 [3.46233022 2.89280731]
 [2.01610236 2.27304936]
 [3.45045592 2.94781348]
 [1.52454713 1.26636738]
 [1.21035917 1.03204345]
 [4.52904748 2.98897448]
 [0.60420147 1.03922395]
 [0.76342641 0.55836515]
 [2.01220074 2.33106337]
 [2.00087746 2.27383959]
 [0.08155771 0.20017499]
 [2.94170208 2.5468217 ]
 [1.66382146 1.70009386]
 [1.97694304 2.09245279]
 [1.43946599 1.60135444]]
