[[1.52610864e-02 2.65060857e+04]
 [4.48927166e-02 9.16056255e+03]
 [3.93752889e-02 1.06532184e+04]
 [3.39946541e-02 1.19017793e+04]
 [3.99955887e-02 1.06219886e+04]
 [2.69897406e-02 1.55173060e+04]
 [3.70128177e-02 1.09776149e+04]
 [4.18541489e-02 9.65590185e+03]
 [1.07192317e-02 3.87363394e+04]
 [3.15247391e-02 1.32695640e+04]
 [3.18475519e-02 1.27103137e+04]
 [1.20622167e-02 3.74183468e+04]
 [3.13492445e-02 1.34289154e+04]
 [4.37664957e-02 9.35419140e+03]
 [9.94202140e-03 4.21205463e+04]
 [1.75662574e-02 2.46631743e+04]
 [2.57065886e-02 1.59723699e+04]
 [2.40249579e-02 1.80470326e+04]
 [1.42412880e-02 3.02360048e+04]
 [2.11989407e-02 2.09003634e+04]
 [2.84826754e-02 1.42657777e+04]
 [1.29877897e-02 3.30752248e+04]
 [7.73724338e-03 5.94455362e+04]
 [2.15610606e-02 1.97547574e+04]
 [2.90637842e-02 1.38857811e+04]
 [2.29386051e-02 1.91868348e+04]
 [6.39436901e-03 7.40431534e+04]
 [1.49634355e-02 2.86142336e+04]
 [1.73762940e-02 2.47728624e+04]
 [4.68215817e-02 8.96399483e+03]
 [1.27971995e-02 3.40045604e+04]
 [1.85892538e-02 2.24170474e+04]
 [1.49728856e-02 2.75156436e+04]
 [2.48186533e-02 1.68094040e+04]
 [1.32380796e-02 3.17090755e+04]
 [3.84920193e-02 1.09145380e+04]
 [1.26823792e-02 3.47853465e+04]
 [7.11979591e-03 6.86464414e+04]
 [1.30087256e-02 3.29714217e+04]
 [2.29597209e-02 1.90614774e+04]
 [5.73981443e-03 7.91471993e+04]
 [5.96322600e-02 8.53137186e+03]
 [1.83188432e-02 2.29418113e+04]
 [2.80668078e-02 1.52056052e+04]
 [1.21774632e-02 3.63135819e+04]
 [2.29165529e-02 1.95326100e+04]
 [2.51868731e-02 1.65653337e+04]
 [5.02902576e-03 8.72925352e+04]
 [4.09353111e-02 1.00274984e+04]
 [4.99343691e-02 8.58340791e+03]
 [1.98804279e-02 2.09102476e+04]
 [4.43785232e-02 9.29713238e+03]
 [4.12257186e-02 1.00089581e+04]
 [2.82690698e-02 1.43700832e+04]
 [3.89829452e-02 1.08158016e+04]
 [1.82156040e-02 2.32582442e+04]
 [7.34356296e-03 6.31539467e+04]
 [8.09455920e-03 5.25548956e+04]
 [2.36111382e-02 1.82213858e+04]
 [2.55624041e-02 1.61223327e+04]
 [3.06758328e-02 1.38303082e+04]
 [1.52194334e-02 2.65450767e+04]
 [3.39835686e-02 1.20063921e+04]
 [8.54140412e-03 4.79059447e+04]
 [3.81031434e-02 1.09169400e+04]
 [3.57689643e-02 1.17280994e+04]
 [3.16822771e-02 1.30261705e+04]
 [2.30870277e-02 1.89908941e+04]
 [3.67946975e-02 1.10101188e+04]
 [1.89560137e-02 2.14327963e+04]
 [1.68026492e-02 2.55599554e+04]
 [1.15327081e-02 3.78054869e+04]]
