[[1.86260211e-03 3.45560727e-03 1.79353495e+00]
 [4.30247271e-03 9.73802078e-03 2.35560178e+00]
 [1.98569888e-03 4.26701009e-03 1.68669248e+00]
 [3.81016124e-03 7.49858311e-03 2.02228296e+00]
 [2.74119775e-03 5.60529991e-03 2.34345957e+00]
 [2.95482286e-03 7.31606471e-03 2.89061688e+00]
 [4.44117107e-03 8.28135361e-03 1.85269631e+00]
 [4.32981507e-03 9.09311989e-03 2.21095800e+00]
 [1.15103041e-03 2.27001165e-03 2.19196477e+00]
 [8.96306989e-04 2.10770942e-03 2.00564877e+00]
 [4.79737567e-03 9.46676679e-03 2.10686741e+00]
 [8.48018217e-04 2.02463036e-03 2.70847595e+00]
 [9.04097157e-04 1.28975984e-03 1.21052505e+00]
 [4.93963846e-04 1.50455028e-03 1.79070095e+00]
 [2.37214058e-03 5.39490891e-03 2.49856157e+00]
 [1.32906238e-03 2.83462432e-03 2.60128235e+00]
 [2.89690120e-03 5.40843170e-03 2.07815866e+00]
 [3.72748802e-03 7.09347416e-03 1.85430750e+00]
 [9.29115138e-04 2.36226662e-03 2.75813280e+00]
 [7.40833539e-04 1.48612160e-03 2.00403685e+00]
 [1.63860359e-03 3.14223960e-03 1.52376081e+00]
 [8.06211140e-03 9.94694845e-03 2.96876690e+00]
 [3.51554947e-03 6.67209129e-03 2.03334345e+00]
 [9.52608375e-04 2.21184405e-03 2.49583376e+00]
 [3.01318404e-03 5.04044346e-03 1.67908174e+00]
 [4.11410376e-03 8.59317806e-03 2.20721851e+00]
 [4.74864647e-03 7.91226994e-03 1.63751974e+00]
 [4.32863943e-03 9.58604802e-03 2.24441270e+00]
 [1.45851369e-03 2.74634248e-03 2.12826854e+00]
 [4.97479438e-03 9.87079596e-03 2.73447107e+00]
 [1.10465252e-03 2.31694691e-03 2.54026438e+00]
 [3.42867331e-03 6.67840666e-03 1.65176208e+00]
 [3.22666529e-03 6.89587691e-03 2.35584222e+00]
 [3.81016124e-03 7.49858311e-03 2.04703000e+00]
 [2.91500410e-03 5.34792686e-03 2.07353664e+00]
 [2.25650245e-03 4.67221152e-03 2.15821898e+00]
 [4.80282525e-03 9.79807883e-03 2.43778442e+00]
 [4.32294016e-03 8.10595595e-03 1.57926318e+00]
 [5.09039108e-04 1.27883163e-03 2.52761454e+00]
 [9.47283402e-04 1.93493082e-03 2.19529696e+00]
 [2.37214058e-03 5.39490891e-03 2.51186898e+00]
 [2.89230160e-03 5.22764438e-03 1.99528646e+00]
 [1.76173727e-03 2.93672222e-03 1.74518401e+00]
 [4.28768775e-03 8.83112480e-03 2.13741270e+00]
 [4.95826397e-03 8.88024508e-03 1.64856769e+00]
 [5.35264972e-03 9.87079596e-03 2.55788440e+00]
 [4.93963846e-04 1.49566758e-03 1.78039721e+00]
 [1.75332592e-03 3.41146823e-03 1.95464874e+00]
 [2.12535721e-03 4.67221152e-03 2.16718352e+00]
 [3.96462690e-03 6.73226595e-03 1.69872216e+00]
 [1.81192938e-03 4.28775603e-03 1.93725669e+00]
 [4.68474507e-03 9.74740371e-03 2.27320880e+00]
 [3.16693433e-03 6.67209129e-03 2.03334345e+00]
 [4.76559777e-03 9.94694845e-03 2.95038380e+00]
 [7.65319787e-04 1.50838072e-03 1.78447593e+00]
 [4.85516664e-03 9.23903716e-03 2.03236213e+00]
 [4.44117107e-03 8.88180443e-03 1.85269631e+00]
 [4.32863943e-03 9.60577380e-03 2.42836509e+00]
 [1.45851369e-03 2.79571251e-03 2.18973555e+00]
 [3.81016124e-03 7.70866399e-03 1.95647409e+00]
 [4.67459892e-03 8.40484703e-03 1.58791646e+00]
 [9.04097157e-04 1.62424396e-03 1.94205780e+00]
 [3.47166925e-03 7.42383430e-03 2.19603305e+00]
 [1.72288578e-03 3.34909687e-03 2.25211097e+00]
 [4.27363244e-03 9.75374562e-03 2.34422614e+00]
 [7.40681404e-04 1.48612160e-03 2.00403685e+00]
 [8.48018217e-04 2.02463036e-03 2.58950704e+00]
 [3.42867331e-03 6.67840666e-03 1.76901777e+00]
 [3.53691835e-03 6.41978845e-03 1.70446786e+00]
 [3.78469639e-03 6.21076459e-03 1.57713502e+00]
 [2.50268755e-03 4.81014343e-03 2.32373838e+00]
 [3.35558006e-03 6.20619433e-03 2.00932859e+00]
 [2.41194525e-03 5.54454123e-03 2.12489161e+00]
 [3.22666529e-03 6.90277135e-03 2.31086596e+00]
 [5.64458478e-03 9.91120026e-03 2.07076547e+00]
 [5.71826445e-03 9.88243638e-03 1.56335698e+00]
 [1.72604620e-03 4.07992209e-03 2.72016013e+00]
 [1.92702833e-03 4.13102157e-03 2.18728955e+00]
 [3.01318404e-03 5.12398501e-03 1.69329405e+00]
 [3.72748802e-03 7.15538304e-03 1.88520276e+00]
 [7.93415830e-04 1.73379141e-03 2.41034984e+00]
 [6.78845579e-04 9.66566925e-04 2.21406428e+00]
 [4.25373616e-03 8.52465531e-03 2.07473863e+00]
 [2.10024748e-03 4.18938627e-03 1.90906950e+00]
 [1.89634203e-03 3.98046729e-03 2.03643762e+00]]
