[[1.45988514e+01 1.87473437e-03]
 [4.86621314e+00 6.48194950e-03]
 [2.23930593e+01 9.50885037e-04]
 [8.42493582e+00 2.79476072e-03]
 [1.38583616e+01 1.92456864e-03]
 [1.62072948e+01 1.34727829e-03]
 [1.26053579e+01 1.94096797e-03]
 [2.49856601e+01 8.35621306e-04]
 [1.05192484e+01 2.36960019e-03]
 [2.69822885e+01 6.42435431e-04]
 [1.99693196e+01 1.02383160e-03]
 [7.30413053e+00 3.39360518e-03]
 [1.51489041e+01 1.86536069e-03]
 [4.90184144e+00 5.52323073e-03]
 [1.96409260e+01 1.23959224e-03]
 [3.10786775e+01 6.36713166e-04]
 [5.91938984e+01 4.69173876e-04]
 [3.41306053e+01 5.00307792e-04]]
