[[5.22867271e-04 9.55750235e-04 1.80288919e+00]
 [5.42396026e-03 9.98956175e-03 2.94170990e+00]
 [4.16305341e-03 7.53717918e-03 1.94039368e+00]
 [1.44484944e-03 2.92895829e-03 2.25495643e+00]
 [2.07267390e-03 4.13890218e-03 1.97650519e+00]
 [3.90547832e-04 9.51767162e-04 2.75628501e+00]
 [7.74559654e-04 1.40650906e-03 1.84814831e+00]
 [9.75197874e-04 1.68427383e-03 1.76821058e+00]
 [4.36538287e-03 9.77988936e-03 1.92914896e+00]
 [1.86260211e-03 3.45560727e-03 1.79353495e+00]
 [5.27002904e-04 1.27454867e-03 2.66502280e+00]
 [3.94731961e-04 9.14503920e-04 2.67146261e+00]
 [2.07633459e-03 4.20419775e-03 1.72913682e+00]
 [4.49788658e-04 1.09416626e-03 2.75628501e+00]
 [1.58698399e-03 3.39502159e-03 2.57171614e+00]
 [5.28295637e-04 1.07327595e-03 2.12028985e+00]
 [1.86260211e-03 3.40509077e-03 1.66916179e+00]
 [4.56249252e-03 9.98665044e-03 2.89934395e+00]
 [4.97197166e-03 8.46215537e-03 1.59588710e+00]
 [2.95159214e-03 5.05663427e-03 1.90671941e+00]
 [5.20028458e-03 9.97136058e-03 2.17505919e+00]
 [1.26221896e-03 2.53779214e-03 1.82836980e+00]
 [8.50239419e-04 1.93545671e-03 2.54058084e+00]
 [8.69793214e-04 1.74882070e-03 2.08903930e+00]
 [5.71439956e-04 1.36073292e-03 2.68938859e+00]
 [1.44484944e-03 2.92895829e-03 1.94365153e+00]
 [7.87791171e-04 1.60258094e-03 1.96318206e+00]
 [3.95732728e-03 9.91099623e-03 2.92411105e+00]
 [9.41969132e-04 1.86479049e-03 1.99466140e+00]
 [9.40008124e-04 1.92990480e-03 2.04994209e+00]
 [1.33283909e-03 2.22231060e-03 1.52431157e+00]
 [3.29182080e-03 5.70978180e-03 1.65046549e+00]
 [4.06382533e-03 8.61186646e-03 2.10512692e+00]
 [5.28534860e-04 1.09918614e-03 1.93510230e+00]
 [4.43498683e-03 9.98665044e-03 2.85464131e+00]
 [4.37721628e-04 1.10775801e-03 2.68308244e+00]
 [4.21713898e-03 9.96062533e-03 2.68384141e+00]
 [3.55024901e-03 6.78160159e-03 2.11153213e+00]
 [2.40663592e-03 4.74531103e-03 1.84547465e+00]
 [8.69793214e-04 1.69830420e-03 2.05535208e+00]
 [2.89289414e-03 6.35071073e-03 2.00958491e+00]
 [2.95159214e-03 6.16907141e-03 2.09554551e+00]
 [3.29182080e-03 5.70978180e-03 1.76345079e+00]
 [4.92619070e-03 9.84392592e-03 1.92914896e+00]
 [6.34741790e-04 1.27721755e-03 2.05523530e+00]
 [5.42396026e-03 9.98956175e-03 2.91696572e+00]
 [4.86640609e-03 9.95828969e-03 2.05535208e+00]
 [3.28614162e-03 6.35071073e-03 2.00958491e+00]
 [6.33238544e-04 1.27721755e-03 1.86040936e+00]
 [3.28614162e-03 6.35071073e-03 2.17505919e+00]
 [2.39585367e-03 4.98247470e-03 1.96851728e+00]
 [4.65444606e-03 9.80981789e-03 1.92914896e+00]
 [2.07633459e-03 4.28320574e-03 2.10418938e+00]
 [1.50183850e-03 2.53779214e-03 1.82836980e+00]
 [5.00507603e-03 9.98665044e-03 2.90711572e+00]
 [1.27205867e-03 2.33705418e-03 1.69830174e+00]
 [6.33238544e-04 1.27721755e-03 1.81604876e+00]
 [5.00507603e-03 9.99020524e-03 2.90711572e+00]
 [3.32667253e-03 5.49882268e-03 1.35143797e+00]
 [5.28534860e-04 1.09918614e-03 1.92912871e+00]
 [6.33238544e-04 1.27721755e-03 1.93093079e+00]
 [1.26221896e-03 2.33705418e-03 1.69657127e+00]
 [4.90884427e-03 9.99272571e-03 2.11432981e+00]
 [1.49393854e-03 2.73653409e-03 1.76696409e+00]
 [6.33238544e-04 1.27721755e-03 1.96318206e+00]
 [4.08557702e-03 7.53717918e-03 1.82749390e+00]
 [7.87791171e-04 1.60258094e-03 1.86031859e+00]
 [3.59693571e-03 7.76729712e-03 1.98796050e+00]
 [3.76893235e-03 7.53276188e-03 1.82749390e+00]
 [2.32915954e-03 4.67163423e-03 1.83856961e+00]]
