[[4.86621314e+00 6.48194950e-03]
 [1.62713356e+01 1.46668769e-03]
 [2.23930593e+01 9.50885037e-04]
 [8.42493582e+00 2.79476072e-03]
 [3.02194987e+01 7.68303897e-04]
 [3.29753562e+01 5.00713995e-04]
 [2.65567557e+01 8.84346018e-04]
 [3.18149886e+01 5.65538273e-04]
 [1.51167261e+01 1.59040325e-03]
 [2.98867470e+01 8.12512756e-04]
 [9.94056087e+00 2.48753685e-03]
 [1.18829727e+01 2.31224078e-03]
 [1.26433461e+01 2.10889157e-03]
 [3.04534575e+01 7.66014186e-04]
 [1.64429974e+01 1.26241758e-03]
 [2.23219877e+01 9.79117199e-04]
 [3.16223938e+01 6.31422936e-04]
 [6.86944544e+01 4.57565959e-04]
 [1.49257481e+01 1.61840416e-03]
 [2.92268448e+01 8.29422337e-04]
 [6.10547409e+00 3.78918574e-03]
 [5.13253683e+01 4.62081273e-04]
 [4.92226413e+01 4.82406393e-04]
 [3.06297047e+01 7.02293413e-04]
 [1.32889575e+01 1.70355688e-03]
 [2.08714641e+01 1.01209075e-03]]
