[[0.43379929 4.27441307 8.65190854 0.52291692]
 [0.55867567 3.33434245 9.48881637 0.91937637]
 [1.04256965 1.81511829 9.40087105 1.9611576 ]
 [0.28601646 7.90294615 7.13085972 0.5102795 ]
 [2.23285751 1.35280204 9.68883045 4.28124718]
 [0.54635408 4.66351222 9.62563636 1.48090319]
 [0.55867567 3.33434245 9.48881637 1.04727386]
 [0.52797523 5.18130392 9.81729386 2.07869755]
 [0.84552733 3.2574651  9.63402015 4.69902612]
 [1.49912368 1.86756883 9.72194858 2.1989342 ]
 [1.19287875 1.01574353 9.68057914 3.26825751]
 [1.04256965 1.74481666 9.40087105 1.43232978]
 [0.43379929 4.27343099 8.6597834  0.52291692]
 [0.52797523 5.30240867 9.82854354 1.97815176]
 [1.71380501 0.82705765 9.6647375  3.70089546]
 [0.23506613 9.02043164 8.88249965 0.66653843]
 [1.14797166 1.22848959 9.37872497 1.26836063]
 [1.58319643 1.14917597 9.95509498 2.53150943]
 [0.70906418 1.61527444 9.73266612 3.56641186]
 [0.28601646 7.90294615 7.13402023 0.5102795 ]
 [0.79241769 1.47428353 9.23728949 4.51893531]
 [2.22209798 1.35280204 9.93085394 4.87011574]
 [0.5822469  3.33434245 9.69651433 0.91937637]
 [0.5715899  4.57534371 9.53948499 1.55636897]
 [1.70432315 1.14914368 9.60000241 1.97755811]]
