[[1.52610864e-02 2.65060857e+04]
 [3.39946541e-02 1.19017793e+04]
 [2.69897406e-02 1.55173060e+04]
 [3.70128177e-02 1.09776149e+04]
 [4.18541489e-02 9.65590185e+03]
 [1.07192317e-02 3.87363394e+04]
 [6.65579178e-03 8.01334124e+04]
 [3.15247391e-02 1.32695640e+04]
 [3.18475519e-02 1.27103137e+04]
 [1.20622167e-02 3.74183468e+04]
 [3.13492445e-02 1.34289154e+04]
 [4.37664957e-02 9.35419140e+03]
 [9.94202140e-03 4.21205463e+04]
 [1.75662574e-02 2.46631743e+04]
 [5.80348224e-03 8.04541568e+04]
 [5.25064956e-03 9.90916651e+04]
 [2.57065886e-02 1.59723699e+04]
 [2.40249579e-02 1.80470326e+04]
 [8.62407872e-03 4.80120660e+04]
 [2.84826754e-02 1.42657777e+04]
 [1.29877897e-02 3.30752248e+04]
 [7.73724338e-03 5.94455362e+04]
 [2.15610606e-02 1.97547574e+04]
 [7.40472963e-03 6.54680250e+04]
 [2.77300129e-02 1.51966271e+04]
 [2.04930920e-02 2.07385954e+04]
 [1.96390734e-02 2.30140804e+04]
 [1.22025353e-02 3.73527129e+04]
 [3.13109281e-02 1.34584377e+04]
 [1.05711003e-02 4.20194958e+04]
 [4.92115054e-02 8.90446263e+03]
 [4.45287949e-02 9.04199154e+03]
 [4.11599956e-02 1.02433479e+04]
 [3.92317216e-02 1.02684053e+04]
 [2.48846643e-02 1.65562838e+04]
 [4.94399124e-03 9.98139455e+04]
 [1.45173629e-02 2.87953509e+04]
 [3.57275172e-02 1.19005800e+04]
 [4.31419383e-02 9.53149038e+03]
 [5.58549023e-02 8.67575752e+03]
 [7.25328761e-02 8.56575697e+03]
 [4.48125255e-02 8.95742648e+03]
 [1.84350572e-02 2.33156304e+04]
 [1.49611284e-02 2.84761086e+04]
 [9.79458411e-03 4.74938462e+04]
 [2.09890136e-02 2.06797780e+04]
 [1.57549532e-02 2.59225653e+04]
 [8.26046490e-03 5.22701686e+04]
 [3.02348749e-02 1.36636972e+04]
 [3.60345675e-02 1.17283768e+04]
 [2.22101323e-02 1.80912973e+04]
 [1.66115113e-02 2.50081847e+04]
 [1.06978289e-02 4.17302388e+04]
 [1.40972542e-02 3.01692740e+04]
 [1.23104050e-02 3.40859159e+04]
 [3.33564959e-02 1.25551752e+04]
 [6.12000680e-02 8.67175779e+03]
 [3.68394944e-02 1.10000480e+04]
 [5.06396855e-02 8.67738208e+03]
 [4.38206604e-02 9.18319671e+03]]
