[[0.43379929 4.27441307 8.65190854 0.52291692]
 [1.52433924 1.41875043 9.37709581 4.04857475]
 [0.81029065 2.89790092 8.61244123 1.1277561 ]
 [1.08943483 3.18791506 9.05690584 2.7803046 ]
 [0.43379929 4.27441307 8.80683775 0.52291692]
 [0.47964542 4.42597883 9.8171241  2.16626977]
 [0.81029065 2.89669031 8.10111148 1.1277561 ]
 [0.56210113 4.00927732 8.80606726 3.16903663]
 [4.30168827 7.12385951 9.90763576 4.91900364]
 [3.04432943 0.46269295 9.84139606 3.2470633 ]
 [0.64558852 4.41748621 9.89571102 4.64199389]
 [1.50747453 1.39833104 9.47902159 4.88147249]
 [0.70641815 8.16406552 9.91438534 4.76717443]
 [0.41375127 3.15469898 9.37471994 2.37957563]
 [0.57821124 3.33510397 9.84223703 3.03867993]
 [0.92147882 1.15582574 9.90769841 4.26367313]
 [0.35413022 4.07029705 9.25809548 1.57154403]
 [0.43379929 4.27441307 7.3992711  0.53401357]
 [0.25766608 4.91284467 9.52415816 2.06368923]
 [3.04655629 4.55217579 9.81816358 4.91830784]]
