[[4.30247271e-03 9.73802078e-03 2.35560178e+00]
 [3.81016124e-03 7.49858311e-03 2.02228296e+00]
 [2.74119775e-03 5.60529991e-03 2.34345957e+00]
 [4.44117107e-03 8.28135361e-03 1.85269631e+00]
 [4.32981507e-03 9.09311989e-03 2.21095800e+00]
 [1.15103041e-03 2.27001165e-03 2.19196477e+00]
 [3.93884008e-03 6.88955048e-03 1.80800322e+00]
 [3.72748802e-03 7.10354578e-03 1.91128685e+00]
 [1.01581476e-03 2.25806922e-03 2.94264094e+00]
 [8.48018217e-04 2.02463036e-03 2.70847595e+00]
 [9.04097157e-04 1.28975984e-03 1.21052505e+00]
 [4.93963846e-04 1.50455028e-03 1.79070095e+00]
 [2.37214058e-03 5.39490891e-03 2.49856157e+00]
 [1.08067485e-03 1.91272052e-03 1.77409247e+00]
 [1.55528584e-03 3.17817550e-03 1.68796635e+00]
 [6.56219990e-04 1.80729214e-03 2.38861388e+00]
 [1.84748152e-03 4.30973654e-03 2.74649084e+00]
 [3.31014434e-03 6.59709804e-03 1.93308698e+00]
 [9.85390106e-04 1.35597047e-03 1.31872041e+00]
 [2.15209660e-03 3.71923011e-03 1.77971078e+00]
 [1.48733563e-03 3.05945447e-03 1.59448289e+00]
 [4.41843803e-03 8.64550653e-03 2.08696437e+00]
 [2.11771291e-03 5.28300693e-03 2.33713705e+00]
 [4.75723627e-03 9.23611865e-03 1.83336897e+00]
 [4.45487109e-03 9.96700671e-03 2.64536596e+00]
 [5.57136104e-04 9.91535214e-04 2.72618944e+00]
 [2.12546317e-03 3.99949605e-03 1.99527577e+00]
 [4.90434789e-04 1.45146864e-03 1.95005910e+00]
 [2.97583387e-03 5.64606490e-03 2.12412249e+00]
 [4.59116420e-03 9.54299121e-03 2.14811886e+00]
 [4.28768775e-03 8.82285824e-03 1.73486954e+00]
 [1.84748152e-03 4.30973654e-03 2.72891200e+00]
 [1.85289239e-03 4.42101111e-03 2.72893652e+00]
 [1.87006871e-03 3.70004231e-03 2.21107334e+00]
 [1.08676234e-03 2.19546372e-03 1.66883879e+00]
 [4.45487109e-03 9.96700671e-03 2.66732692e+00]
 [1.71857876e-03 3.17817550e-03 1.68796635e+00]
 [1.85919961e-03 3.45560727e-03 1.79353495e+00]
 [3.42426900e-03 7.70322525e-03 2.50124864e+00]
 [3.72748802e-03 7.10354578e-03 1.93321375e+00]
 [4.26474789e-03 7.60148418e-03 1.74258752e+00]
 [2.37214058e-03 5.39490891e-03 2.59817992e+00]
 [1.57758643e-03 3.43334828e-03 2.03527564e+00]
 [4.30247271e-03 9.73802078e-03 2.54960921e+00]
 [4.07297503e-03 8.72692723e-03 2.08410899e+00]
 [4.51188405e-03 9.18196958e-03 2.21095800e+00]
 [4.17548556e-03 7.52458638e-03 1.64063865e+00]
 [3.09397781e-03 6.37577632e-03 2.23830442e+00]
 [2.85560781e-03 4.63543931e-03 1.57531659e+00]
 [1.50739659e-03 2.51183726e-03 2.10269220e+00]
 [4.79737567e-03 9.52273151e-03 2.32906503e+00]
 [2.27332797e-03 5.31791900e-03 2.54835196e+00]
 [2.29241079e-03 3.71292424e-03 1.59299094e+00]
 [2.97583387e-03 5.64606490e-03 2.07108543e+00]
 [3.68557934e-03 7.08620022e-03 2.16909453e+00]
 [9.15948022e-04 1.31548711e-03 1.41478450e+00]
 [8.46339418e-04 1.37530742e-03 2.05444381e+00]
 [2.40025410e-03 5.07432830e-03 2.22259255e+00]
 [6.56219990e-04 1.80729214e-03 2.30682760e+00]
 [3.39204185e-03 5.49895291e-03 1.57921268e+00]
 [2.03490139e-03 3.91624904e-03 1.60059686e+00]
 [3.35106698e-03 5.92746575e-03 1.85473936e+00]
 [3.38676759e-03 7.58746931e-03 2.53773027e+00]
 [4.79737567e-03 9.10796594e-03 1.98786056e+00]
 [3.81581796e-03 6.83464900e-03 1.78813230e+00]
 [3.53783355e-03 6.18985100e-03 1.82687461e+00]
 [3.47208913e-03 6.36334277e-03 1.64805146e+00]
 [9.04097157e-04 1.28975984e-03 1.20950724e+00]
 [5.03983009e-03 9.23100683e-03 1.82693236e+00]
 [1.02001748e-03 1.77064919e-03 1.77569927e+00]
 [2.12546317e-03 3.99949605e-03 2.01004391e+00]
 [3.00013697e-03 6.33943868e-03 2.12412249e+00]
 [4.23710488e-03 7.27961950e-03 1.51689419e+00]
 [1.98569888e-03 3.42117583e-03 1.62927311e+00]
 [1.82940075e-03 2.94306200e-03 1.57098918e+00]
 [2.14101724e-03 5.08843295e-03 2.24819102e+00]
 [8.21352241e-04 1.72447697e-03 2.41158039e+00]
 [3.12400659e-03 4.95284421e-03 1.63005418e+00]
 [1.06079783e-03 2.27001165e-03 2.19196477e+00]
 [4.76766538e-03 8.06746811e-03 1.51332198e+00]
 [2.18302328e-03 4.28037469e-03 2.19853951e+00]]
