[[0.05037816 0.09561476]
 [4.95386244 2.9935125 ]
 [4.13686856 2.97088575]
 [4.01124942 2.9794605 ]
 [4.83042903 2.99896007]
 [1.20222103 1.34399067]
 [0.63502463 0.26796771]
 [4.95381508 2.9935125 ]
 [4.62039833 2.99872163]
 [3.1817954  2.95187898]
 [4.23439647 2.98568395]
 [1.36980465 1.26068567]
 [0.43741105 0.55151082]
 [4.56260261 2.99922163]
 [3.65887962 2.9564539 ]
 [1.23866451 0.78651925]
 [2.22839395 2.32254284]
 [0.08332972 0.30265666]
 [3.57012566 2.9650948 ]
 [3.23137646 2.99299414]
 [4.33835073 2.99974648]
 [1.40109935 1.53192711]
 [4.52390443 2.98943888]
 [4.42494363 2.9945372 ]
 [0.94712066 1.44335555]
 [0.23663576 0.23016362]
 [4.67977983 2.99797869]
 [3.96131893 2.99825712]
 [0.95537559 1.14422431]
 [3.73501774 2.96454072]
 [0.97339503 1.34399067]
 [1.80174448 1.68664307]
 [4.29594517 2.99384463]
 [3.5385752  2.98568395]
 [3.38912483 2.8947695 ]
 [0.64392662 0.18718148]
 [0.58615358 0.78651925]
 [3.44499694 2.96091964]
 [1.96699339 2.51709465]
 [4.23000853 2.9942632 ]
 [1.01589622 0.79663998]
 [3.46879699 2.99196855]
 [0.95525405 1.51323871]
 [3.0564126  2.93967125]
 [3.91374707 2.99825712]
 [2.93670277 2.76372998]
 [2.88534153 2.98960683]
 [0.73396187 0.79289245]
 [1.70973445 1.82998537]
 [0.8684713  0.71684809]
 [1.82528394 2.23725208]
 [2.73567593 2.7702918 ]
 [0.8684713  0.78599932]
 [1.30404912 1.54319456]
 [1.7254099  1.55805547]
 [0.93844092 1.23410991]
 [2.10326374 1.86679516]
 [2.43120285 2.51603271]
 [0.95525405 1.28010303]
 [0.88014158 1.23866514]
 [1.22169359 1.57420467]
 [3.35394395 2.99211485]
 [3.6560113  2.99196855]
 [0.25869328 0.35233126]
 [1.42039458 1.58001642]
 [2.53520067 2.59898605]
 [0.54365949 0.49507929]
 [3.23793877 2.98836995]
 [2.90286651 2.85229738]
 [3.06582103 2.98253291]
 [2.76136226 2.7161016 ]
 [4.46865752 2.99412508]
 [0.39965791 0.34830854]
 [2.39411489 2.78304811]
 [2.9100709  2.63649595]
 [3.75509872 2.97141535]
 [0.22275939 0.32248239]
 [1.12295302 1.07272501]
 [3.00867227 2.91455323]
 [0.23974508 0.34908476]
 [2.3945759  2.04659618]
 [0.43741105 0.62409866]
 [2.16838174 2.42208159]
 [4.47927855 2.99797869]
 [1.46957296 1.43059336]
 [4.70439661 2.99975263]
 [1.6580885  1.71971801]
 [1.90863693 2.10944333]
 [3.36538047 2.93555111]
 [0.83607165 1.14422431]
 [3.06582103 2.99092056]
 [0.09255772 0.17588671]
 [0.29958845 0.36403037]
 [2.40463932 2.44847669]
 [2.53961123 2.45256748]
 [3.0564126  2.92135062]
 [4.74696607 2.99980274]
 [2.30837125 2.59330198]
 [1.55414544 1.77297745]
 [4.81667355 2.99904804]
 [0.88939688 1.51990623]
 [1.90424665 1.84621394]
 [0.88131078 1.07272501]
 [0.73396187 0.6855276 ]
 [1.7811294  1.36141875]
 [1.70174762 1.95543742]
 [0.7605982  0.74531305]
 [2.1623881  1.93858336]
 [4.77272009 2.99938718]
 [1.36692234 1.50597777]
 [0.94145097 1.50354696]
 [4.42494363 2.99769465]
 [0.43741105 0.66480809]
 [3.07176907 2.87144336]
 [0.93130106 0.83330539]
 [2.37467735 2.70848359]
 [1.51139333 1.5716023 ]
 [3.1821366  2.91880362]
 [1.56712089 2.0508499 ]
 [1.35371999 1.70142484]
 [3.77541094 2.9794605 ]
 [1.36980465 1.3055465 ]
 [2.76502215 2.61911072]
 [2.58288723 2.41827649]
 [2.8511701  2.8036778 ]
 [1.91822383 2.10944333]
 [2.17131445 2.04659618]
 [1.57761735 1.15649013]
 [0.75701665 0.93222422]
 [1.95185211 2.51709465]
 [2.18447556 2.50233824]
 [2.33314684 2.70235432]
 [1.40615048 1.84621394]
 [0.99323301 0.91975401]
 [1.79347552 1.99593254]
 [1.74778574 1.67458269]
 [0.70844325 0.90237264]
 [1.9919387  1.68016423]
 [0.46788548 0.23941181]
 [2.17412964 1.67606949]
 [3.35394395 2.98492812]
 [3.90325277 2.96454072]
 [0.57843914 0.66712176]
 [0.72604867 0.74531305]
 [0.67631226 0.65594859]
 [1.70229693 1.45893817]
 [0.97339503 1.32867952]
 [0.07129251 0.28046433]
 [1.66055146 1.79350466]
 [2.17131445 2.48156362]
 [1.94086654 2.42208159]
 [0.1816222  0.04505578]
 [2.59664126 2.66032453]
 [2.08511002 2.19823426]
 [2.88793448 2.69811392]
 [2.40040346 2.41827649]
 [2.64047063 2.92283143]
 [0.93116546 0.79663998]
 [2.20603539 2.51709465]
 [1.906552   1.83064849]
 [2.58757374 2.47500123]
 [1.05102241 0.79531146]
 [1.20222103 1.5052693 ]
 [0.24241519 0.2455821 ]
 [0.4654154  0.74245949]
 [2.34198267 2.27820031]
 [2.59874725 2.62663112]
 [1.97891186 2.13701218]
 [1.36185613 1.67109469]
 [1.75754368 1.60567058]
 [2.06155055 1.81456667]
 [1.33380376 1.43504255]
 [2.29321939 2.46552685]
 [3.44499694 2.97495082]
 [2.70809668 2.73779921]
 [2.05177155 2.20129486]
 [2.89324755 2.73378156]
 [1.55859085 1.55056867]
 [3.85914242 2.98690542]
 [3.8003775  2.99975263]
 [1.93697059 1.95543742]
 [0.57843914 0.57487951]
 [2.06155055 1.63904045]
 [1.69471488 1.86842801]
 [0.1020439  0.11030506]
 [2.59398677 2.75898811]
 [2.08511002 2.16097348]
 [2.28562702 2.46552685]
 [1.03456252 1.23410991]
 [1.65687171 1.53224601]
 [1.95864445 1.95543742]
 [1.55414544 1.78370433]
 [2.33417689 2.45458026]
 [2.16838174 2.47705288]
 [0.44784182 0.6749693 ]
 [3.1817954  2.91954139]
 [1.97891186 2.16097348]
 [2.31719667 2.09739159]
 [3.6435861  2.99565368]
 [0.86538269 0.89558777]
 [0.70193469 0.59430447]
 [0.18850481 0.62409866]
 [4.32803575 2.98563748]
 [2.53227621 2.73291691]
 [2.09003554 1.6164502 ]
 [2.13349104 1.68016423]
 [0.61982459 0.70643261]
 [0.99284944 1.28010303]
 [2.59371797 2.32955008]
 [0.45232303 0.34458929]
 [0.09940067 0.20723749]
 [3.78835853 2.99565368]
 [2.90076052 2.95234199]
 [1.36980465 1.30982182]
 [1.82470706 2.12250766]
 [0.42914737 0.24377602]
 [0.20099486 0.32108384]
 [3.80157112 2.96758034]
 [0.34901904 0.34970709]
 [0.09940067 0.07863296]
 [2.53045538 2.57941359]
 [0.187548   0.32250088]
 [1.4270383  1.58970859]
 [2.15259267 2.15253718]
 [0.09163121 0.0895561 ]
 [2.32071914 2.47207777]
 [4.69992019 2.99660356]
 [2.34292495 2.4903063 ]
 [2.1708297  2.16704815]
 [2.50234334 2.69093288]
 [2.37030924 2.01622711]
 [2.61039777 2.79867449]
 [4.75183536 2.99975263]
 [2.18564973 2.42208159]
 [0.14700061 0.18169588]
 [0.61514432 0.5481222 ]
 [0.46860435 0.30763438]
 [3.91374707 2.97794014]
 [2.03893646 2.16097348]
 [3.45093178 2.99092056]
 [2.57034875 2.71898524]
 [1.28966982 1.4863703 ]
 [4.30320484 2.99384463]
 [0.71572812 0.74320131]
 [2.62335155 2.80258325]
 [2.0830633  2.32499463]
 [3.83980845 2.9769313 ]
 [1.52122482 1.19811445]
 [2.15879485 2.0061098 ]
 [0.56409554 0.62033272]
 [2.61899929 2.58949533]
 [1.76869993 2.02620992]
 [2.62335155 2.77442391]
 [2.63857323 2.40648325]
 [1.57488118 1.66256929]
 [0.8684713  0.83564422]
 [3.91374707 2.97141535]
 [2.28562702 2.42598369]
 [0.93130106 1.03668218]
 [0.62042456 0.63615137]
 [2.58633799 2.74921756]
 [1.98383737 1.62365267]
 [1.54363901 1.56307332]
 [2.53520067 2.57941359]
 [2.88534153 2.79921765]
 [2.09597257 2.08228688]
 [1.93177885 1.99595788]
 [2.1708297  2.1544783 ]
 [2.76410989 2.99739944]
 [0.88098128 0.99619072]]
