[[1.52610864e-02 2.65060857e+04]
 [4.48927166e-02 9.16056255e+03]
 [1.69870331e-02 2.59225653e+04]
 [4.91232333e-02 8.96634650e+03]
 [3.93752889e-02 1.06532184e+04]
 [4.17531679e-02 1.03584766e+04]
 [3.39946541e-02 1.19017793e+04]
 [2.69897406e-02 1.55173060e+04]
 [3.70128177e-02 1.09776149e+04]
 [4.18541489e-02 9.65590185e+03]
 [4.16585795e-02 1.04232755e+04]
 [1.07192317e-02 3.87363394e+04]
 [2.54769990e-02 1.74213262e+04]
 [2.36734457e-02 1.87026776e+04]
 [3.18475519e-02 1.27103137e+04]
 [5.58102404e-02 8.67738208e+03]
 [1.20622167e-02 3.74183468e+04]
 [2.37449270e-02 1.84067872e+04]
 [4.37664957e-02 9.35419140e+03]
 [9.94202140e-03 4.21205463e+04]
 [1.75662574e-02 2.46631743e+04]
 [5.80348224e-03 8.04541568e+04]
 [2.57065886e-02 1.59723699e+04]
 [2.40249579e-02 1.80470326e+04]
 [1.42412880e-02 3.02360048e+04]
 [2.11989407e-02 2.09003634e+04]
 [8.62407872e-03 4.80120660e+04]
 [2.84826754e-02 1.42657777e+04]
 [1.29877897e-02 3.30752248e+04]
 [7.73724338e-03 5.94455362e+04]
 [2.15610606e-02 1.97547574e+04]
 [4.62137038e-02 8.99554456e+03]
 [2.27328325e-02 1.87658839e+04]
 [5.04076529e-02 8.85711387e+03]
 [6.24431601e-02 8.67671649e+03]
 [4.22250829e-02 9.50117678e+03]
 [4.10885728e-02 1.04646946e+04]
 [2.26217682e-02 1.90889788e+04]
 [1.59497922e-02 2.61301132e+04]
 [1.27265559e-02 3.40031920e+04]
 [1.14768320e-02 3.83137352e+04]
 [3.52834658e-02 1.16778575e+04]
 [1.04236339e-02 4.20640968e+04]
 [1.26317981e-02 3.40955376e+04]
 [3.46478293e-02 1.17810895e+04]
 [3.34305842e-02 1.26897300e+04]
 [1.73988349e-02 2.52372310e+04]
 [1.95014354e-02 2.21074890e+04]
 [2.78250195e-02 1.51172684e+04]
 [3.98210699e-02 1.05575816e+04]
 [5.03809106e-02 8.92486188e+03]
 [3.04987007e-02 1.31718787e+04]
 [4.67271722e-02 8.97056674e+03]
 [8.69131130e-03 4.66804877e+04]
 [1.81934497e-02 2.36611355e+04]
 [3.89268206e-02 1.08394698e+04]
 [4.06583695e-02 1.05559451e+04]
 [3.01332588e-02 1.35591749e+04]
 [4.80934189e-03 9.54115771e+04]
 [4.17817701e-02 1.01226912e+04]
 [1.21510251e-02 3.56671821e+04]
 [2.22557724e-02 1.96886061e+04]
 [8.40960972e-03 4.87289007e+04]
 [1.77773812e-02 2.38653218e+04]
 [1.30208424e-02 3.28630625e+04]
 [6.27105618e-03 7.63712707e+04]
 [3.85437172e-02 1.09506241e+04]
 [3.69529659e-02 1.15706902e+04]
 [2.08547166e-02 2.10463075e+04]
 [1.06238219e-02 3.88502276e+04]
 [1.71995759e-02 2.53405775e+04]
 [2.01918892e-02 2.12170232e+04]
 [1.42296694e-02 3.02411746e+04]
 [6.40119525e-02 8.67009037e+03]
 [2.22575324e-02 1.95412284e+04]
 [1.17777670e-02 3.75629425e+04]
 [1.87012603e-02 2.32232156e+04]]
