[[1.52610864e-02 2.65060857e+04]
 [4.48927166e-02 9.16056255e+03]
 [4.91232333e-02 8.96634650e+03]
 [3.93752889e-02 1.06532184e+04]
 [3.39946541e-02 1.19017793e+04]
 [3.99955887e-02 1.06219886e+04]
 [2.69897406e-02 1.55173060e+04]
 [3.70128177e-02 1.09776149e+04]
 [4.18541489e-02 9.65590185e+03]
 [1.07192317e-02 3.87363394e+04]
 [2.54769990e-02 1.74213262e+04]
 [2.36734457e-02 1.87026776e+04]
 [3.15247391e-02 1.32695640e+04]
 [3.18475519e-02 1.27103137e+04]
 [5.58102404e-02 8.67738208e+03]
 [2.37449270e-02 1.84067872e+04]
 [3.13492445e-02 1.34289154e+04]
 [4.37664957e-02 9.35419140e+03]
 [9.94202140e-03 4.21205463e+04]
 [1.75662574e-02 2.46631743e+04]
 [5.25064956e-03 9.90916651e+04]
 [2.57065886e-02 1.59723699e+04]
 [2.40249579e-02 1.80470326e+04]
 [1.42412880e-02 3.02360048e+04]
 [8.62407872e-03 4.80120660e+04]
 [2.84826754e-02 1.42657777e+04]
 [2.28060361e-02 1.98800597e+04]
 [2.10987901e-02 2.04889750e+04]
 [1.18892159e-02 3.79909751e+04]
 [7.74193539e-03 5.86860160e+04]
 [2.68445073e-02 1.55320424e+04]
 [1.88950936e-02 2.17324193e+04]
 [1.87216158e-02 2.43852233e+04]
 [5.24340346e-02 8.74089773e+03]
 [1.37128826e-02 3.16993350e+04]
 [3.54246698e-02 1.17483537e+04]
 [3.58363408e-02 1.15643339e+04]
 [1.29948007e-02 3.32772952e+04]
 [3.26545259e-02 1.25276897e+04]
 [3.10273841e-02 1.37450227e+04]
 [3.46405048e-02 1.18039776e+04]
 [2.71889181e-02 1.50177880e+04]
 [3.91039924e-02 1.08650050e+04]
 [9.59322438e-03 4.29023381e+04]
 [4.17792043e-02 9.97375122e+03]
 [5.94101381e-02 8.67578475e+03]
 [4.01339766e-02 1.04415501e+04]
 [1.24239515e-02 3.47372519e+04]
 [3.68710191e-02 1.15200473e+04]
 [3.39236973e-02 1.24710841e+04]
 [2.43253407e-02 1.77456368e+04]
 [1.76230097e-02 2.44769835e+04]
 [3.01628308e-02 1.39171385e+04]
 [3.17333113e-02 1.27312251e+04]
 [2.31169276e-02 1.96322244e+04]
 [5.55981903e-03 8.01270304e+04]
 [1.19362200e-02 3.70751522e+04]
 [1.60941673e-02 2.58635732e+04]
 [4.06734948e-02 1.01417824e+04]
 [4.58739079e-02 9.08811881e+03]
 [6.07074924e-02 8.64071769e+03]]
