[[0.62822678 4.53414591 9.09509548 1.55636897]
 [0.43379929 4.27441307 8.65190854 0.52291692]
 [1.68005678 1.30700616 9.63388057 2.58191717]
 [1.18582585 2.56987231 9.60000241 1.2892189 ]
 [1.04256965 1.81511829 9.40087105 1.9611576 ]
 [0.454131   4.41948928 9.29574171 1.40800301]
 [0.57152466 2.80940531 8.87781336 1.32397866]
 [3.15685692 4.35944798 9.84478886 4.8041405 ]
 [0.22993343 8.55618656 9.23505971 0.47740347]
 [0.52684168 3.56444127 9.86924039 4.40068861]
 [0.84260922 7.19075923 9.82716151 4.65655809]
 [0.54073336 3.38694198 9.48881637 0.91937637]
 [3.12979003 2.87170875 9.98333583 4.44531484]
 [1.52790478 1.00745629 9.29846747 2.71304821]
 [3.77731277 9.57217731 9.94512184 4.69692922]
 [1.41868777 1.7285629  9.77887458 3.99469277]
 [0.88434512 1.98672342 9.97964785 3.34847647]
 [0.69545979 1.90660622 9.91725372 3.13722836]
 [2.18161643 0.57288764 9.81754824 2.97384307]
 [0.32645264 7.62554519 7.22855053 0.39723059]
 [1.04256965 1.81511829 9.40087105 1.88266184]
 [1.2918911  1.8180722  9.90262941 1.50846767]
 [0.55127755 2.77554111 8.36967612 1.62564738]
 [0.55867567 2.55067536 9.48881637 1.04417413]
 [0.75256657 1.8038469  9.5225802  2.47064296]
 [1.58317268 1.14330826 9.86337858 3.83262694]]
