[[2.08511002 2.16097348]
 [0.93130106 1.03668218]
 [2.09597257 2.0556585 ]
 [2.08652401 1.67606949]
 [0.70193469 0.59430447]
 [1.05814058 0.79663998]
 [2.24956067 1.73516884]
 [1.63322451 1.58117431]
 [3.45448459 2.99196855]
 [0.09940067 0.07863296]
 [2.76410989 2.52609268]
 [2.92879636 2.90878724]
 [0.29958845 0.36403037]
 [0.22275939 0.32248239]
 [1.1992388  1.48130914]
 [2.62335155 2.77442391]
 [3.08389179 2.84704896]
 [1.95003857 1.457972  ]
 [0.88098128 0.99619072]
 [2.9100709  2.63649595]
 [0.99284944 1.28010303]
 [2.63857323 2.40648325]
 [2.59505814 2.31265173]
 [2.07924359 1.8500552 ]
 [3.91374707 2.97141535]
 [1.10716367 0.80121606]
 [0.72779116 0.47319021]
 [4.52904748 2.96986554]
 [0.73396187 0.79289245]
 [2.58633799 2.74921756]
 [2.85357926 2.99026028]
 [2.46035901 2.19027363]
 [1.69354013 1.57168841]
 [2.52259585 2.02154702]
 [2.42214223 2.57795342]
 [1.07056068 0.59684377]
 [0.13313942 0.33276111]
 [0.79916825 0.60780638]
 [1.85077089 1.59209232]
 [2.01610236 2.27624079]
 [3.58464501 2.96197852]
 [1.87437972 2.31096758]
 [2.00932962 2.09192406]
 [0.60383592 0.66085196]
 [0.69177345 0.87043339]
 [1.72849411 2.02491481]
 [1.57382844 1.88056681]
 [2.86636136 2.82828773]
 [2.45772575 2.57010749]
 [2.09289013 2.0503947 ]
 [1.47644397 1.63236415]
 [2.43960746 2.56606924]
 [2.92674229 2.69461514]
 [2.57087522 2.62599818]
 [0.80755385 1.02732192]
 [2.14018735 1.79780927]
 [2.8968027  2.77411254]
 [0.26497271 0.59848664]
 [1.14602514 1.30165013]
 [1.91233729 1.40936712]
 [3.154796   2.94277103]
 [2.51754755 2.8977992 ]
 [2.49966186 2.33129469]
 [1.99609303 2.39088676]
 [1.90540746 1.97803481]
 [0.354592   0.45781196]
 [0.08287941 0.34138907]
 [1.60513157 1.67373598]
 [0.19864353 0.21100032]
 [2.69824555 2.6857811 ]
 [1.26790875 0.82142911]
 [1.64180695 1.64269281]
 [1.93002006 1.71462628]
 [4.37062968 2.85340686]
 [1.55851459 2.00638982]
 [0.19929963 0.40437935]
 [0.967082   1.0069914 ]
 [2.16177797 2.5431014 ]
 [3.01091827 2.89070126]
 [1.72839607 1.78687529]
 [1.5264415  1.11496373]
 [2.24368629 2.1129402 ]
 [0.88339447 1.17329737]
 [1.17538818 1.38480624]
 [1.00363744 1.58863983]
 [1.64922281 2.0492231 ]
 [0.98916392 1.28799217]
 [0.61386065 0.56270968]
 [2.35248838 2.48140801]
 [1.93494617 1.47864262]
 [2.29978366 2.29161815]
 [0.63356692 0.73279999]
 [3.02153422 2.87640755]
 [1.96942004 2.06686514]
 [1.95305249 2.08881025]
 [3.06556168 2.8072088 ]
 [2.98444262 2.93877052]
 [2.2050331  2.21883589]
 [1.38600052 1.6044967 ]
 [2.74526722 2.40298367]
 [4.48021746 2.91816106]
 [0.35271022 0.22039996]
 [1.73347441 1.06094336]
 [3.02606448 2.97121859]
 [0.4449911  0.55471677]
 [0.18931294 0.17275052]
 [0.82659245 0.59158904]
 [2.58099231 2.58967945]
 [1.39164065 1.91992371]
 [2.32566972 2.42024043]
 [1.28330495 1.17429109]
 [0.28987907 0.41644955]
 [0.72892716 0.73464192]
 [2.78634115 2.72132717]
 [2.60156818 2.48540444]
 [2.52889693 2.47457569]
 [2.03144214 2.23124759]
 [3.83094183 2.8230398 ]
 [1.55506534 1.64546727]
 [2.39868784 2.84003004]
 [1.64573001 1.58400419]
 [1.15731468 1.28046405]
 [1.95132352 2.27947619]
 [0.45204858 0.38692795]
 [0.52631263 0.51818239]
 [4.39533201 2.92055658]
 [3.02711004 2.92871479]
 [3.09559817 2.95633474]
 [2.66824538 2.21816336]
 [2.75997514 2.89174767]
 [1.98231345 1.8840697 ]
 [0.34892989 0.12563271]
 [0.99099615 0.66178225]
 [2.68001287 2.70234934]
 [1.17760978 0.88780516]
 [1.01150953 1.00325818]
 [2.38201921 2.38526548]
 [1.57607008 1.3804273 ]
 [3.41142272 2.89989259]
 [0.09629061 0.10277934]
 [3.85119367 2.97085162]
 [2.10103055 2.01289421]
 [2.70369156 2.90341041]
 [4.32288543 2.85340686]
 [1.37324674 1.69887327]
 [2.10207933 1.67153914]
 [1.73282216 1.8840697 ]
 [2.60323728 2.83845719]
 [3.35745728 2.93410946]
 [2.38905963 2.56958861]
 [0.83823205 0.7712079 ]
 [2.79379845 2.52609268]
 [2.25978937 2.19852784]
 [3.15823313 2.57665342]
 [0.03372337 0.07863296]
 [2.56080834 2.55362474]
 [2.51734947 2.77197057]
 [1.2868917  1.20229276]
 [2.92001697 2.6917805 ]
 [2.01610236 2.10163944]
 [1.60690126 1.95064252]
 [0.88339447 1.06259814]
 [1.49563462 1.68355886]
 [4.0133262  2.74582296]
 [2.95772832 2.93356385]
 [3.03851285 2.90308574]
 [4.34582439 2.85532708]
 [2.03496045 2.49684191]
 [0.19929963 0.41633907]
 [2.80339204 2.73514715]
 [1.77653956 1.94313285]
 [4.52052293 2.92055658]
 [1.46248279 1.59386343]
 [2.03172683 2.18558729]
 [2.66826672 2.60045458]
 [1.35467556 0.96173194]
 [1.16217693 1.50262321]
 [0.19297114 0.12959566]
 [2.52318954 2.66270522]
 [0.92491483 1.10943327]
 [3.99828586 2.74693372]
 [1.81089523 1.55855349]
 [2.86636136 2.59307232]
 [0.99099615 0.65930143]
 [1.23948102 1.169775  ]
 [2.01388476 1.6450211 ]
 [1.032141   0.7918454 ]
 [3.19184289 2.94277103]
 [1.70253463 1.47282946]
 [4.70243385 2.97675577]
 [1.4399344  1.09730476]
 [2.16449546 2.11475482]
 [2.57424656 2.60672485]
 [1.87348788 1.57671419]
 [2.68949732 2.50097403]
 [1.88136196 2.08377428]
 [0.12124601 0.17654678]
 [2.49258645 2.54336413]
 [0.70099846 0.56901479]
 [2.50651399 2.57010749]
 [2.36125778 2.58766567]
 [1.17489426 1.33130938]
 [0.57560602 0.54483855]
 [0.59859268 0.42631317]
 [0.80773026 0.61901016]
 [0.48360582 0.2350665 ]
 [2.8567633  2.66858248]
 [0.69030156 0.7927405 ]
 [3.12642224 2.85642107]
 [0.97228944 1.16359813]
 [3.19597828 2.82487343]
 [3.48656472 2.97141535]
 [0.56304262 0.58616107]
 [2.42429044 2.70686932]
 [2.45802173 2.19027363]
 [3.20643647 2.56512516]
 [3.41312981 2.83842891]
 [1.55548396 1.90131924]
 [1.93002006 1.67034586]
 [2.02362761 2.23439007]
 [1.19666416 1.64540958]
 [2.07859983 2.59405843]
 [2.51576316 2.42484018]
 [0.95498855 0.77318106]
 [2.94257239 2.71709878]
 [0.5856521  0.75243245]
 [2.19401832 2.05550592]
 [1.19263022 1.03668218]
 [2.62759637 2.2429686 ]
 [3.43596724 2.92674341]
 [1.53054959 1.23243405]
 [2.28366998 2.57732149]
 [2.01613686 2.14189961]
 [1.44649268 1.29210018]
 [4.04317965 2.90858561]
 [1.61795522 1.65022781]
 [4.55435083 2.96986554]
 [1.25395488 0.99806594]
 [2.88911935 2.75625556]
 [1.5012417  1.43112837]
 [0.19864353 0.16695696]
 [2.76130162 2.57252467]
 [2.70120629 2.80204536]
 [2.20942822 2.14539314]
 [1.93002006 1.47005725]
 [3.04496961 2.75882214]
 [0.80713023 0.97391497]
 [4.07692015 2.9313365 ]
 [1.67156119 2.09210663]
 [0.09940067 0.06070125]
 [2.12240916 2.01156525]]
