[[1.52610864e-02 2.65060857e+04]
 [3.39946541e-02 1.19017793e+04]
 [4.56779398e-02 8.94256817e+03]
 [4.01035404e-02 1.00823746e+04]
 [3.63701331e-02 1.16340432e+04]
 [3.68457574e-02 1.12027751e+04]
 [3.38287724e-02 1.23686496e+04]
 [4.77798134e-02 8.65631409e+03]
 [2.75422998e-02 1.49203794e+04]
 [4.62511980e-02 8.92483634e+03]
 [1.73867149e-02 2.32709166e+04]
 [1.73362067e-02 2.36798804e+04]
 [3.39845978e-02 1.22948071e+04]
 [2.48276343e-02 1.71026660e+04]
 [4.77559548e-02 8.68415828e+03]
 [1.73617471e-02 2.33635961e+04]
 [4.42019099e-02 9.11864802e+03]
 [1.13016920e-02 3.80587489e+04]
 [1.61008896e-02 2.61244721e+04]
 [2.83276916e-02 1.45001838e+04]
 [4.35337647e-02 9.61553029e+03]
 [3.66684242e-02 1.14989362e+04]
 [2.81831277e-02 1.48986353e+04]
 [3.81617829e-02 1.05800708e+04]
 [4.69166166e-02 8.75080836e+03]
 [4.66571379e-03 9.07841486e+04]
 [3.19323641e-02 1.32347832e+04]
 [8.76850844e-03 4.70464863e+04]
 [3.81390505e-02 1.07677153e+04]
 [2.50596274e-02 1.66270874e+04]
 [4.80937863e-02 8.59773721e+03]
 [3.97390931e-02 1.01476526e+04]
 [4.53384244e-02 8.98140801e+03]
 [1.09541101e-02 3.81172840e+04]
 [2.89836333e-02 1.43110985e+04]
 [3.12269032e-02 1.39210267e+04]
 [1.11216224e-02 3.81104117e+04]
 [4.46514142e-02 9.09358262e+03]
 [1.04462983e-02 3.90953353e+04]
 [1.47524847e-02 2.86891188e+04]
 [4.24609284e-02 9.76630234e+03]
 [4.32569134e-02 9.66784914e+03]
 [2.73047373e-02 1.52471129e+04]
 [1.87252124e-02 2.15131399e+04]
 [2.42921898e-02 1.81020431e+04]
 [1.30674090e-02 3.10628843e+04]
 [2.72112211e-02 1.55562338e+04]
 [3.09205525e-02 1.40064940e+04]
 [5.72755334e-03 7.93885459e+04]
 [4.37044484e-02 9.25850467e+03]
 [4.68921317e-03 8.98250149e+04]
 [9.69294105e-03 4.13503423e+04]
 [4.67796921e-02 8.81901996e+03]
 [1.78314586e-02 2.26782311e+04]
 [9.66545148e-03 4.43577499e+04]
 [6.83900100e-03 5.94415897e+04]
 [7.61595124e-03 5.30021165e+04]
 [2.89014354e-02 1.44009888e+04]
 [3.79372582e-02 1.09618788e+04]
 [4.40612045e-03 9.08693639e+04]
 [3.87304709e-02 1.04638262e+04]
 [4.36284723e-02 9.58929407e+03]
 [3.51687810e-02 1.17000978e+04]
 [3.60734667e-02 1.16695092e+04]
 [3.20897137e-02 1.30954326e+04]
 [8.05118343e-03 5.23434786e+04]
 [3.12572755e-02 1.37639989e+04]
 [4.68094150e-02 8.78755266e+03]
 [2.16315618e-02 1.93155708e+04]
 [4.10126407e-02 9.94996264e+03]
 [2.98562900e-02 1.40354389e+04]
 [1.63803424e-02 2.54157801e+04]
 [8.34805909e-03 4.83218843e+04]
 [1.81759857e-02 2.20467017e+04]
 [4.15689606e-02 9.82384982e+03]
 [7.10725223e-03 5.83652235e+04]
 [5.03804825e-02 8.54095312e+03]
 [3.81770980e-02 1.05035460e+04]
 [4.86904474e-02 8.57655483e+03]
 [8.76940805e-03 4.69592140e+04]
 [3.27276387e-02 1.25593130e+04]
 [1.97657838e-02 2.07549572e+04]
 [1.01283770e-02 4.01897658e+04]
 [1.43300336e-02 2.94920536e+04]
 [2.92616098e-02 1.40954606e+04]
 [1.08672288e-02 3.84982486e+04]
 [1.88191845e-02 2.12975055e+04]
 [2.09812684e-02 1.94500867e+04]
 [4.86273102e-03 8.33247527e+04]
 [1.44987915e-02 2.87883548e+04]
 [2.57805421e-02 1.62654997e+04]
 [6.58562513e-03 6.31136207e+04]
 [5.80611632e-03 6.97660737e+04]
 [1.14256001e-02 3.75946946e+04]
 [1.41908013e-02 3.00271860e+04]
 [4.46643839e-02 8.98148937e+03]
 [9.29509974e-03 4.46142886e+04]
 [4.31610909e-03 9.35524352e+04]
 [1.17686277e-02 3.53803479e+04]
 [4.75341990e-03 8.42990734e+04]
 [2.45004544e-02 1.74590435e+04]
 [7.46670367e-03 5.70860355e+04]
 [2.58600124e-02 1.58299271e+04]
 [1.49465808e-02 2.74727496e+04]
 [1.34165192e-02 3.01303792e+04]
 [4.54336946e-02 8.97377602e+03]
 [1.71565416e-02 2.41805896e+04]
 [3.91977539e-02 1.02728399e+04]
 [3.80787425e-02 1.09534694e+04]
 [2.22142559e-02 1.87687942e+04]
 [4.99959359e-02 8.55272703e+03]
 [2.21168616e-02 1.88394989e+04]
 [4.76968748e-02 8.68645638e+03]
 [3.26760089e-02 1.29222760e+04]
 [3.67493993e-02 1.13139158e+04]
 [1.31731424e-02 3.06478005e+04]
 [4.63090148e-02 8.90292674e+03]
 [8.77306429e-03 4.69302961e+04]
 [6.25385563e-03 6.64026802e+04]
 [9.10904512e-03 4.49536635e+04]
 [2.26834124e-02 1.81627224e+04]
 [1.33581262e-02 3.02841838e+04]
 [2.57188064e-02 1.63702733e+04]
 [2.90727779e-02 1.41054958e+04]]
