[[4.86621314e+00 6.48194950e-03]
 [5.84779630e+01 5.05021991e-04]
 [3.18032647e+01 6.57607673e-04]
 [3.23474214e+01 6.42435431e-04]
 [2.23930593e+01 9.50885037e-04]
 [8.42493582e+00 2.79476072e-03]
 [1.38583616e+01 1.92456864e-03]
 [1.51978618e+01 1.34847583e-03]
 [3.68348838e+01 5.68570059e-04]
 [1.29668254e+01 2.34425397e-03]
 [3.10281747e+01 6.58184059e-04]
 [1.44775436e+01 1.87473437e-03]
 [3.18128825e+01 6.56934369e-04]
 [5.00621038e+00 6.43792505e-03]
 [2.20784874e+01 1.00160624e-03]
 [2.32847242e+01 8.11211254e-04]
 [2.93095308e+01 8.05294418e-04]
 [8.18102924e+00 3.49267530e-03]
 [3.67846348e+01 5.69723283e-04]
 [3.70245544e+01 5.15072990e-04]]
