[[2.08511002 2.16097348]
 [0.73377945 0.27701578]
 [0.93130106 1.03668218]
 [1.98383737 1.6164502 ]
 [2.09597257 2.0556585 ]
 [2.08652401 1.67606949]
 [0.70193469 0.59430447]
 [1.05814058 0.79663998]
 [1.63322451 1.58117431]
 [3.45448459 2.99196855]
 [0.09940067 0.07863296]
 [2.76410989 2.52609268]
 [2.92879636 2.90878724]
 [0.29958845 0.36403037]
 [0.22275939 0.32248239]
 [1.1992388  1.48130914]
 [2.62335155 2.77442391]
 [3.08389179 2.84704896]
 [1.95003857 1.457972  ]
 [0.88098128 0.99619072]
 [2.9100709  2.63649595]
 [2.63857323 2.40648325]
 [2.59505814 2.31265173]
 [2.07924359 1.8500552 ]
 [1.29849197 0.7712079 ]
 [3.91374707 2.97141535]
 [1.10716367 0.80121606]
 [0.09166321 0.20017499]
 [1.9742524  2.24081549]
 [0.72779116 0.47319021]
 [0.73396187 0.79289245]
 [2.58633799 2.74921756]
 [0.43741105 0.68192921]
 [2.85357926 2.99026028]
 [2.46035901 2.19027363]
 [1.69354013 1.57168841]
 [2.42214223 2.57795342]
 [1.37059888 1.68158997]
 [0.13313942 0.33276111]
 [0.40264764 0.69510693]
 [2.17652979 2.77036865]
 [0.79916825 0.60780638]
 [1.85077089 1.59209232]
 [2.63951989 2.22023263]
 [3.58464501 2.96197852]
 [1.87437972 2.31096758]
 [2.00932962 2.09192406]
 [0.60383592 0.66085196]
 [0.69177345 0.87043339]
 [1.72849411 2.02491481]
 [1.10741028 1.40173747]
 [2.86636136 2.82828773]
 [2.45772575 2.57010749]
 [2.09289013 2.0503947 ]
 [1.47644397 1.63236415]
 [2.43960746 2.56606924]
 [2.92674229 2.69461514]
 [2.57087522 2.62599818]
 [0.91976721 1.38851736]
 [0.80755385 1.02732192]
 [2.14018735 1.79780927]
 [2.8968027  2.77411254]
 [1.14602514 1.30165013]
 [1.91233729 1.40936712]
 [3.154796   2.94277103]
 [2.51754755 2.8977992 ]
 [2.49966186 2.33129469]
 [1.99609303 2.39088676]
 [1.90540746 1.97803481]
 [0.354592   0.45781196]
 [1.60513157 1.67373598]
 [3.49811591 2.75477577]
 [0.19864353 0.21100032]
 [2.69824555 2.6857811 ]
 [2.23317523 2.63110317]
 [1.26790875 0.82142911]
 [1.64180695 1.64269281]
 [1.93002006 1.71462628]
 [1.55851459 2.00638982]
 [0.19929963 0.40437935]
 [0.967082   1.0069914 ]
 [2.16177797 2.5431014 ]
 [1.24145364 0.88523573]
 [1.13500583 1.78794716]
 [3.01091827 2.89070126]
 [1.72839607 1.78687529]
 [1.5264415  1.11496373]
 [2.24368629 2.1129402 ]
 [0.88339447 1.17329737]
 [1.17538818 1.38480624]
 [1.64922281 2.0492231 ]
 [0.61386065 0.56270968]
 [2.35248838 2.48140801]
 [1.93494617 1.47864262]
 [2.29978366 2.29161815]
 [0.63356692 0.73279999]
 [3.02153422 2.87640755]
 [1.96942004 2.06686514]
 [3.50266536 2.79167946]
 [1.95305249 2.08881025]
 [3.06556168 2.8072088 ]
 [2.98444262 2.93877052]
 [2.2050331  2.21883589]
 [1.38600052 1.6044967 ]
 [2.74526722 2.40298367]
 [3.24791527 2.79434104]
 [0.35271022 0.22039996]
 [3.02606448 2.97121859]
 [0.4449911  0.55471677]
 [0.18931294 0.17275052]
 [0.82659245 0.59158904]
 [2.58099231 2.58967945]
 [1.39164065 1.91992371]
 [2.32566972 2.42024043]
 [1.28330495 1.17429109]
 [0.28987907 0.41644955]
 [0.72892716 0.73464192]
 [2.78634115 2.72132717]
 [2.60156818 2.48540444]
 [2.52889693 2.47457569]
 [2.03144214 2.23124759]
 [1.4399344  0.94325167]
 [1.55506534 1.64546727]
 [2.39868784 2.84003004]
 [3.52963683 2.68481856]
 [1.64573001 1.58400419]
 [1.15731468 1.28046405]
 [1.01215271 0.79663998]
 [3.25426983 2.87841182]
 [0.67610356 0.55850331]
 [2.1562317  2.09310324]
 [4.50602851 2.99127965]
 [0.8194178  0.84514392]
 [1.29211518 1.33554849]
 [1.66973726 1.61656356]
 [1.05385471 0.96528657]
 [1.2601654  1.76424294]
 [1.57656996 1.87125318]
 [2.00397765 1.98401579]
 [1.30677169 0.82818942]
 [2.37338641 2.19254067]
 [0.53164413 0.62984343]
 [1.69199531 1.97803481]
 [2.7028928  2.67618262]
 [2.76167857 2.1971247 ]
 [1.40683666 1.20571632]
 [4.22760213 2.98166636]
 [1.60282327 2.17781224]
 [2.01368269 2.09192406]
 [2.48639251 2.1947168 ]
 [2.63741791 2.75308158]
 [1.5896586  1.86406903]
 [2.62073974 2.6777225 ]
 [1.92303146 1.47006232]
 [2.24956067 2.1078272 ]
 [3.10255543 2.86375719]
 [0.37848955 0.52994039]
 [4.43518618 2.95690184]
 [0.05614922 0.07863296]
 [3.68958764 2.907918  ]
 [3.95531685 2.85532708]
 [1.2165829  1.57866834]
 [2.07430926 2.24669118]
 [2.72028355 2.54977012]
 [2.23074991 2.1129402 ]
 [2.34594034 2.78618167]
 [1.39495445 1.18756721]
 [2.18011471 2.11794357]
 [0.84832898 1.09121625]
 [1.8942     1.53518977]
 [0.46437357 0.40936568]
 [3.11065699 2.90506689]
 [1.43195062 0.91404263]
 [2.52444926 2.742331  ]
 [2.43919068 2.11066316]
 [1.58636795 1.76890547]
 [2.90449188 2.88765591]
 [3.42010672 2.92868312]
 [2.52350304 2.31360334]
 [1.89291841 2.07438909]
 [2.8051511  2.47416933]
 [2.79464523 2.72132717]
 [0.29916949 0.13695799]
 [3.92662924 2.8968229 ]
 [2.68916435 2.49154011]
 [0.2527559  0.4627877 ]
 [1.70803059 2.14876241]
 [1.08798931 1.19376684]
 [3.47283121 2.85375549]
 [2.55356111 2.44397274]
 [0.31912259 0.27730617]
 [3.59891484 2.90462596]
 [1.53978153 1.61200402]
 [2.71583215 2.82072802]
 [3.0105836  2.89070126]
 [2.62335155 2.63655585]
 [2.0063801  2.00716045]
 [1.39164065 1.92447874]
 [3.69108083 2.96791363]
 [2.99691699 2.591367  ]
 [2.16838174 2.52930086]
 [0.43432167 0.23887823]
 [3.58464501 2.82609791]
 [2.82694416 2.78793563]
 [1.08969994 1.78794716]
 [0.354592   0.58871778]
 [2.2094069  2.28641235]
 [1.89665131 1.6044967 ]
 [0.89663788 1.10819978]
 [2.80171109 2.83845719]
 [1.87646514 1.60932934]
 [0.96590382 0.78625571]
 [2.14824039 1.68505954]
 [4.47235767 2.96847911]
 [2.63476953 2.79779708]
 [2.16838174 2.46509527]
 [2.86636136 2.85252977]
 [0.27341833 0.7387349 ]
 [3.02196716 2.84278412]
 [4.07473056 2.98775266]
 [1.70367577 2.01414035]]
