[[3.52012289 2.09848844 1.5613305  0.08940229 1.04666877 0.65380482]
 [3.21436848 1.23273194 1.5613305  0.08940229 1.04666877 0.80490084]
 [4.16921622 0.7470665  1.58437508 0.06172501 1.70039745 4.67138005]
 [4.70368096 1.13796356 3.48164933 2.38219481 2.28410526 4.00259021]
 [3.41714484 0.68209348 1.53516004 0.07703943 1.21470628 1.67577654]
 [3.89104404 1.98947923 3.38163309 2.88256447 1.0180973  0.93297197]
 [4.11134286 1.00547529 3.50530316 0.07200863 4.72718635 2.60990919]
 [3.94952185 1.54187109 1.5613305  0.08940229 4.82606968 0.80490084]
 [3.89104404 1.98947923 3.38163309 2.88256447 1.31079592 1.39941973]
 [4.25077314 0.9801939  1.51879647 0.06469507 1.19088679 4.78541348]
 [0.38363121 1.86751776 3.56413126 0.02972582 1.10729431 4.63193532]
 [4.0640839  0.7470665  1.58437508 0.1384645  1.7059812  4.67138005]
 [4.1922179  0.76855646 2.46210216 0.01438918 3.91575815 4.63579213]]
