[[-234.04587383   40.34817763]
 [-247.11714156  102.86256929]
 [ -23.56375901   11.02555126]
 [-242.82496711   82.17873333]
 [ -22.63256464    8.47201964]
 [-100.52492641   22.44597751]
 [-248.23741577  104.29092991]
 [ -38.1755925    11.88333955]
 [ -39.03495312   12.81357317]
 [-233.74174807   38.37619685]
 [-175.64947275   28.46762027]
 [ -75.24252581   19.24201892]
 [ -57.29736879   13.40250844]
 [-249.57493608  105.40451764]
 [-237.40219256   41.4712434 ]
 [-229.03641974   34.08668156]
 [-181.30857942   32.72436197]
 [-238.96916583   74.77809698]
 [-201.1741729    33.17299703]
 [-130.44422493   24.87456011]
 [-164.63730315   27.71184218]
 [-244.75480403   98.81606145]]
