[[1.86260211e-03 3.45560727e-03 1.79353495e+00]
 [4.30247271e-03 9.73802078e-03 2.35560178e+00]
 [1.98569888e-03 4.26701009e-03 1.68669248e+00]
 [3.66543097e-03 8.62346253e-03 2.38535544e+00]
 [5.81577407e-03 9.89751708e-03 1.40781245e+00]
 [3.81016124e-03 7.49858311e-03 2.02228296e+00]
 [4.28768775e-03 8.24009870e-03 2.25299232e+00]
 [2.74119775e-03 5.60529991e-03 2.34345957e+00]
 [1.32161142e-03 2.06454059e-03 1.15237762e+00]
 [4.44117107e-03 8.28135361e-03 1.85269631e+00]
 [4.32981507e-03 9.09311989e-03 2.21095800e+00]
 [1.61510770e-03 3.42440641e-03 1.52376081e+00]
 [1.15103041e-03 2.27001165e-03 2.19196477e+00]
 [3.93884008e-03 6.88955048e-03 1.80800322e+00]
 [8.96306989e-04 2.10770942e-03 2.00564877e+00]
 [3.72748802e-03 7.10354578e-03 1.91128685e+00]
 [6.05212895e-03 9.90406197e-03 2.54783250e+00]
 [2.69654701e-03 5.90546522e-03 1.76106815e+00]
 [3.14417222e-03 6.05896361e-03 2.18969427e+00]
 [4.79737567e-03 9.46676679e-03 2.10686741e+00]
 [8.48018217e-04 2.02463036e-03 2.70847595e+00]
 [2.31462936e-03 4.26821349e-03 1.49622293e+00]
 [9.04097157e-04 1.28975984e-03 1.21052505e+00]
 [6.19392166e-03 9.80699036e-03 2.28692504e+00]
 [2.37214058e-03 5.39490891e-03 2.49856157e+00]
 [3.01007943e-03 6.72420773e-03 2.03557345e+00]
 [1.86155670e-03 4.71819063e-03 2.96364884e+00]
 [1.32906238e-03 2.83462432e-03 2.60128235e+00]
 [1.94091854e-03 3.42440641e-03 1.52376081e+00]
 [2.37214058e-03 5.39490891e-03 2.49708602e+00]
 [9.94405629e-04 1.22485570e-03 1.74319745e+00]
 [2.20031202e-03 4.54739363e-03 2.16518381e+00]
 [1.42970116e-03 3.45560727e-03 1.79353495e+00]
 [4.30264842e-03 7.72902288e-03 1.69432394e+00]
 [1.85289239e-03 4.42101111e-03 2.72282808e+00]
 [4.87193909e-03 8.49067654e-03 1.52399941e+00]
 [3.12073273e-03 6.75991072e-03 2.02575029e+00]
 [3.59119339e-03 7.58729528e-03 2.08618088e+00]
 [1.20207766e-03 2.37897170e-03 2.40955405e+00]
 [4.06288428e-03 7.43749196e-03 1.63185239e+00]
 [4.30247271e-03 9.41341266e-03 2.35560178e+00]
 [2.79199979e-03 5.19552970e-03 2.19449920e+00]
 [6.40736274e-03 9.98020902e-03 2.54783250e+00]
 [7.36288113e-04 1.28975984e-03 1.21052505e+00]
 [4.46784110e-03 8.75778497e-03 1.62978228e+00]
 [4.51959973e-03 9.84967415e-03 2.25604027e+00]
 [2.20479455e-03 4.40382612e-03 1.51413860e+00]
 [6.35636850e-03 9.80923676e-03 2.42386583e+00]
 [3.44517988e-03 6.08441364e-03 1.79642771e+00]
 [9.65191449e-03 9.97080124e-03 2.59217028e+00]
 [9.39432952e-04 1.35079158e-03 1.25399997e+00]
 [1.84495604e-03 2.85990198e-03 1.27722145e+00]
 [2.25381894e-03 4.04954135e-03 2.01827881e+00]
 [3.94333830e-03 9.82384740e-03 2.77104976e+00]
 [2.46211068e-03 4.77932830e-03 2.07766213e+00]
 [4.10658920e-03 8.28522255e-03 2.49151340e+00]
 [3.72748802e-03 6.72072951e-03 1.91888202e+00]]
