[[5.38550894e-02 8.43302825e+03]
 [4.13815459e-03 9.86665924e+04]
 [1.71176983e-02 2.39538196e+04]
 [1.35132077e-02 3.26882343e+04]
 [2.01338451e-02 2.03945702e+04]
 [1.14433283e-02 3.64492499e+04]
 [1.62697004e-02 2.93399990e+04]
 [4.54089327e-03 9.09078607e+04]
 [1.01556155e-02 4.20782756e+04]
 [5.24473074e-02 8.43488555e+03]
 [4.61711317e-02 8.79441912e+03]
 [7.43273290e-03 5.96786337e+04]
 [5.97240160e-03 6.78635039e+04]
 [1.01294173e-02 4.84345222e+04]
 [2.67846327e-02 1.58092791e+04]
 [2.36624069e-02 2.02154909e+04]
 [8.32153220e-03 5.42248445e+04]
 [2.53223897e-02 1.87947762e+04]
 [2.95112918e-02 1.43752280e+04]
 [4.16691792e-02 9.98454649e+03]
 [3.87453094e-02 1.16083536e+04]
 [5.05884673e-03 8.34122032e+04]
 [8.60173332e-03 5.14432482e+04]
 [5.85480657e-03 7.58378442e+04]
 [5.46503001e-03 7.66101806e+04]
 [4.21638740e-03 9.81196002e+04]
 [4.82475242e-03 8.46535553e+04]
 [4.53012470e-02 9.05168183e+03]
 [3.48995555e-02 1.19526991e+04]
 [3.19803296e-02 1.28549805e+04]]
