[[4.15098488e+00 8.31860187e-01 1.75916532e+00 1.39518219e-02
  1.06161318e+00 5.93773900e-01]
 [3.23962228e+00 8.18620267e-01 1.69567450e+00 1.95616053e-01
  1.06579459e+00 6.39692997e-01]
 [3.25489677e+00 8.18620267e-01 1.68780492e+00 1.92956556e-01
  1.14781327e+00 6.39692997e-01]
 [4.07095618e+00 8.18620267e-01 1.70452013e+00 1.20942431e-01
  1.00089618e+00 8.94183818e-01]
 [3.80570413e+00 8.39225758e-01 1.76300985e+00 2.13374122e-01
  1.05827502e+00 3.66922470e-01]
 [4.82039423e+00 1.02278355e+00 4.83469831e+00 3.94007459e-01
  4.73421014e+00 1.09764399e+00]
 [4.02088072e+00 8.56759224e-01 1.45994993e+00 1.20942431e-01
  1.02539822e+00 8.95700918e-01]
 [3.80570413e+00 8.39225758e-01 1.71730026e+00 2.17318177e-01
  1.05827502e+00 3.66922470e-01]
 [3.29787561e+00 9.73533430e-01 1.76149286e+00 8.76153224e-02
  1.06068002e+00 3.80228225e-01]
 [3.53857166e+00 7.59530246e-01 1.75567976e+00 2.22152440e-01
  1.12832333e+00 7.19293761e-01]
 [4.26639639e+00 8.54492909e-01 1.74723243e+00 2.22228809e-01
  1.00111325e+00 9.95971477e-01]
 [4.80199361e+00 1.01360247e+00 1.63033060e+00 8.01331014e-02
  1.09816619e+00 4.78542376e-01]
 [4.76060112e+00 1.01249393e+00 1.41398610e+00 1.56899545e-01
  1.02603793e+00 6.17077292e-01]
 [4.15098488e+00 8.33916742e-01 1.75921029e+00 4.00509214e-03
  1.06161318e+00 5.95341170e-01]
 [4.02088072e+00 8.58871863e-01 1.33655162e+00 1.20942431e-01
  1.10364502e+00 8.95205129e-01]
 [3.29328330e+00 6.72101537e-01 1.75024829e+00 1.41414717e-01
  1.02522136e+00 7.60774877e-01]
 [1.24851911e+00 1.02402593e+00 1.76016943e+00 1.79593927e-01
  1.05717670e+00 1.06457051e+00]
 [7.69451243e-01 2.32060016e+00 1.37254325e+00 1.92956556e-01
  1.14781327e+00 6.39692997e-01]
 [4.05288145e+00 8.39225758e-01 1.75678826e+00 2.36405814e-03
  1.05795977e+00 3.66922470e-01]
 [4.80199361e+00 1.01360247e+00 1.47425461e+00 4.30796134e-01
  1.09815988e+00 4.78542376e-01]
 [4.86695035e+00 1.01403558e+00 4.52642009e+00 8.01331014e-02
  1.06257078e+00 6.81745334e-01]
 [4.73456866e+00 9.66167859e-01 1.46077934e+00 8.40682623e-02
  1.06068002e+00 7.07182778e-01]
 [4.07095618e+00 8.18620267e-01 1.70082726e+00 1.17772937e-01
  1.00958487e+00 9.06255280e-01]
 [4.02088072e+00 8.58871863e-01 1.33655162e+00 4.26287479e-01
  1.10370569e+00 6.85103006e-01]
 [4.89488414e+00 1.01213974e+00 4.88239313e+00 1.58363301e-01
  1.05501869e+00 1.61431025e+00]
 [4.47667682e+00 9.43917892e-01 1.41528222e+00 4.32192346e-01
  1.02641800e+00 3.55988061e-01]
 [7.69451243e-01 2.32060016e+00 1.37623612e+00 1.96126049e-01
  1.14130905e+00 6.27621535e-01]
 [3.80570413e+00 8.39225758e-01 1.42518189e+00 2.06824811e-01
  1.05567711e+00 3.46433561e-01]
 [3.22158679e+00 8.28425570e-01 1.47264899e+00 1.30058543e-01
  1.02045961e+00 6.32087592e-01]
 [4.86695035e+00 1.02267001e+00 4.84426554e+00 8.98182388e-02
  4.89676483e+00 6.46608462e-01]
 [4.26639639e+00 8.54492909e-01 1.73746079e+00 2.21518643e-01
  1.00127732e+00 6.24017435e-01]
 [3.88321139e+00 8.40361829e-01 1.46077934e+00 2.30846911e-01
  1.06063138e+00 7.07182778e-01]
 [3.39949880e+00 8.72052056e-01 1.60831197e+00 2.46929392e-02
  1.06236413e+00 6.06027040e-01]
 [4.22317106e+00 8.13128822e-01 1.70443362e+00 1.20942431e-01
  1.03212178e+00 9.41819015e-01]
 [4.63781984e+00 9.43917892e-01 1.18618639e+00 9.25609902e-02
  1.02260330e+00 4.74848369e-01]
 [1.27034836e+00 9.66362832e-01 1.46077934e+00 8.50217045e-02
  1.06068002e+00 7.07182778e-01]
 [4.89132464e+00 1.01249393e+00 4.53267630e+00 2.32053084e-02
  1.02603793e+00 9.21064393e-01]
 [4.65706140e+00 9.65031788e-01 1.42518189e+00 6.00472249e-02
  1.05572575e+00 3.46433561e-01]
 [3.88348296e+00 9.62887848e-01 1.75573488e+00 1.12403358e-02
  1.10114772e+00 5.02812870e-01]
 [4.86695949e+00 1.01403558e+00 1.40821356e+00 7.99987009e-02
  1.06257078e+00 6.81745334e-01]
 [4.24566432e+00 8.55834091e-01 1.48211351e+00 4.22178824e-01
  1.06139199e+00 6.16805696e-01]
 [4.05668944e+00 8.44683148e-01 1.42664686e+00 2.43935507e-02
  1.06102435e+00 9.00179687e-01]
 [3.56318839e+00 9.43917892e-01 1.41528222e+00 4.32192346e-01
  1.02641800e+00 3.55988061e-01]
 [4.47667682e+00 8.33245858e-01 1.41528222e+00 4.32192346e-01
  1.06064924e+00 6.24176790e-01]
 [3.79296994e+00 8.39225758e-01 1.42518189e+00 2.06824811e-01
  1.05567711e+00 3.46433561e-01]
 [4.94103166e+00 1.01249882e+00 1.70740060e+00 1.10691620e-02
  1.03057805e+00 1.93033883e-01]
 [4.89245726e+00 1.01475305e+00 1.47264899e+00 9.28985777e-02
  1.02045961e+00 6.32087592e-01]
 [3.43320625e+00 8.71241683e-01 1.60781583e+00 8.01331014e-02
  1.09816619e+00 4.78542376e-01]]
