[[1.45988514e+01 1.87473437e-03]
 [3.23474214e+01 6.42435431e-04]
 [1.62713356e+01 1.46668769e-03]
 [2.23930593e+01 9.50885037e-04]
 [1.32907934e+01 2.50734242e-03]
 [4.34998344e+01 4.76887729e-04]
 [1.32991965e+01 2.46599860e-03]
 [4.67084750e+00 6.48194950e-03]
 [2.66778596e+01 8.02042460e-04]
 [3.61088671e+01 5.40590589e-04]
 [1.23307187e+01 2.73520982e-03]
 [1.13614177e+01 4.05523104e-03]
 [2.55155278e+01 8.89547601e-04]
 [1.54931314e+01 1.54274217e-03]
 [1.47527277e+01 1.87463986e-03]
 [1.32983773e+01 2.46649565e-03]
 [1.67304614e+01 1.43401224e-03]
 [4.81389924e+01 4.74479533e-04]
 [1.38434245e+01 2.13272679e-03]
 [1.31388630e+01 2.56952394e-03]
 [1.52861049e+01 1.80072704e-03]
 [1.53497312e+01 1.59166029e-03]
 [4.00429322e+01 5.24188632e-04]
 [2.05001138e+01 1.03586682e-03]
 [5.23805271e+00 4.28153852e-03]
 [2.26114143e+01 9.02644223e-04]
 [1.72925821e+01 1.17623533e-03]
 [2.83903151e+01 6.49329968e-04]
 [2.21104262e+01 1.01174576e-03]
 [3.26740125e+01 6.04808093e-04]]
