[[1.86260211e-03 3.45560727e-03 1.79353495e+00]
 [4.30247271e-03 9.73802078e-03 2.35560178e+00]
 [3.81016124e-03 7.49858311e-03 2.02228296e+00]
 [2.95482286e-03 7.31606471e-03 2.89061688e+00]
 [4.44117107e-03 8.28135361e-03 1.85269631e+00]
 [4.32981507e-03 9.09311989e-03 2.21095800e+00]
 [1.15103041e-03 2.27001165e-03 2.19196477e+00]
 [8.96043492e-03 9.72720353e-03 2.99704101e+00]
 [3.72748802e-03 7.10354578e-03 1.91128685e+00]
 [6.05212895e-03 9.90406197e-03 2.54783250e+00]
 [1.01581476e-03 2.25806922e-03 2.94264094e+00]
 [4.79737567e-03 9.46676679e-03 2.10686741e+00]
 [8.48018217e-04 2.02463036e-03 2.70847595e+00]
 [4.93963846e-04 1.50455028e-03 1.79070095e+00]
 [2.37214058e-03 5.39490891e-03 2.49856157e+00]
 [1.86155670e-03 4.71819063e-03 2.96364884e+00]
 [1.93864860e-03 4.95112363e-03 2.27024992e+00]
 [1.08067485e-03 1.91272052e-03 1.77409247e+00]
 [2.78504172e-03 6.14781891e-03 2.33033671e+00]
 [1.55528584e-03 3.17817550e-03 1.68796635e+00]
 [2.26789321e-03 4.08181403e-03 2.36612810e+00]
 [6.56219990e-04 1.80729214e-03 2.38861388e+00]
 [1.84748152e-03 4.30973654e-03 2.74649084e+00]
 [4.28335214e-03 9.35427012e-03 2.67768967e+00]
 [3.31014434e-03 6.59709804e-03 1.93308698e+00]
 [2.15209660e-03 3.71923011e-03 1.77971078e+00]
 [1.48733563e-03 3.05945447e-03 1.59448289e+00]
 [1.49140437e-03 3.39225450e-03 1.61509239e+00]
 [2.58619263e-03 4.52558626e-03 2.07665455e+00]
 [4.07337462e-03 8.59489321e-03 2.17174329e+00]
 [2.59999906e-03 5.82014180e-03 2.04581798e+00]
 [4.50011376e-03 9.80124880e-03 2.55493750e+00]
 [4.51102462e-03 9.64978478e-03 2.00069258e+00]
 [1.48746445e-03 2.36947946e-03 1.84929823e+00]
 [2.36639016e-03 5.95638836e-03 2.15200989e+00]
 [3.01007943e-03 6.72420773e-03 2.39439589e+00]
 [6.06126494e-04 1.45465610e-03 2.24363072e+00]
 [3.95648272e-03 7.55138483e-03 2.26915782e+00]
 [2.53346372e-03 5.72540454e-03 2.36722953e+00]
 [2.25685801e-03 3.94416593e-03 1.58035359e+00]
 [1.72318687e-03 4.15571721e-03 2.43028203e+00]
 [1.93000038e-03 3.65667341e-03 2.37122388e+00]
 [4.30471783e-03 7.67788978e-03 2.02282174e+00]
 [1.37135750e-03 2.94450458e-03 2.39363632e+00]
 [2.49759754e-03 5.07202237e-03 1.61517718e+00]
 [6.60001727e-04 1.23966186e-03 1.76276644e+00]
 [2.95856939e-03 6.05079260e-03 2.18731310e+00]
 [2.47134189e-03 5.14158268e-03 1.99633365e+00]
 [3.15244803e-03 6.95697493e-03 2.17613735e+00]
 [1.32906238e-03 2.83462432e-03 2.39804058e+00]
 [5.16193015e-03 8.54359934e-03 1.67307584e+00]
 [1.94407046e-03 3.71923011e-03 1.72968615e+00]
 [9.84800982e-04 2.05996315e-03 1.33969258e+00]
 [1.83646342e-03 3.38708025e-03 1.80991221e+00]
 [2.75798748e-03 5.57849013e-03 2.50034483e+00]
 [1.83597883e-03 3.88341495e-03 1.92053618e+00]
 [3.50617189e-03 6.46921295e-03 2.10229391e+00]
 [1.07813901e-03 2.69533073e-03 2.25024214e+00]
 [3.72748802e-03 7.71068255e-03 2.00012231e+00]]
