[[1.45988514e+01 1.87473437e-03]
 [1.62713356e+01 1.46668769e-03]
 [2.23930593e+01 9.50885037e-04]
 [1.32907934e+01 2.50734242e-03]
 [1.27294143e+01 2.61956930e-03]
 [1.67102042e+01 1.26381147e-03]
 [2.07358919e+01 9.62760538e-04]
 [5.08687214e+00 5.57644001e-03]
 [1.35704685e+01 2.09449071e-03]
 [3.27880188e+01 5.61128931e-04]
 [4.23024443e+01 5.04821216e-04]
 [2.30136236e+01 9.22880650e-04]
 [5.20002499e+00 5.14724697e-03]
 [4.90590958e+01 4.56006346e-04]
 [2.40504328e+01 8.71102477e-04]
 [1.94007082e+01 1.17898184e-03]
 [4.12047186e+01 5.22208008e-04]
 [3.20644312e+01 5.63010943e-04]
 [2.73191964e+01 6.86601006e-04]
 [4.85771273e+00 6.41921959e-03]
 [3.04108773e+01 6.12774536e-04]
 [1.95416780e+01 1.09558244e-03]
 [1.22775818e+01 3.08523937e-03]
 [1.18414770e+01 4.18382383e-03]]
