[[3.60699608e+01 1.65566552e+01]
 [7.76812641e+00 3.22621992e+01]
 [2.61940879e+01 2.05456462e+01]
 [3.44753316e+01 1.71025222e+01]
 [3.38364045e+00 3.78835185e+01]
 [7.01718697e+00 3.32064912e+01]
 [2.06701379e+01 2.30235463e+01]
 [8.35413583e+01 6.42080819e+00]
 [6.42545421e-02 4.82357273e+01]
 [5.60857909e+01 1.11194220e+01]
 [4.34786818e+00 3.65027909e+01]
 [6.81555654e+01 8.66305532e+00]
 [8.89085385e-01 4.35860832e+01]
 [6.14466549e-01 4.47011988e+01]
 [1.45298019e+01 2.68269711e+01]
 [5.83176055e+01 1.06016468e+01]
 [7.04643053e+01 8.30666886e+00]
 [7.07409588e+00 3.29968040e+01]
 [6.16784942e+01 9.95395502e+00]
 [4.22734344e+01 1.46637253e+01]
 [2.05528226e+01 2.32543913e+01]
 [1.04976551e+01 2.98948891e+01]
 [5.10129214e+01 1.23026655e+01]
 [4.83307391e+01 1.30055861e+01]
 [3.09838326e+01 1.84529702e+01]
 [9.65869014e+01 5.29510110e+00]
 [7.47103428e+00 3.27839613e+01]
 [1.93888691e-01 4.71300901e+01]
 [3.56757064e+01 1.67682477e+01]
 [1.17329489e+02 4.34324222e+00]
 [4.66951383e+00 3.58988353e+01]
 [5.69893656e+01 1.08917859e+01]
 [6.83382844e+01 8.64617576e+00]
 [4.34026601e+01 1.43443386e+01]
 [2.13531304e+01 2.26859973e+01]
 [5.07372274e+00 3.56522622e+01]
 [5.00504672e+01 1.25116603e+01]
 [1.88251444e+01 2.41843976e+01]
 [2.58119506e+00 3.96677531e+01]
 [4.03239394e+00 3.69383522e+01]
 [5.65979453e+01 1.09634569e+01]
 [3.32972421e+01 1.75220372e+01]
 [2.77349495e+01 1.97904902e+01]
 [5.33999256e+01 1.16780978e+01]
 [3.13974883e+01 1.82741428e+01]
 [9.69136056e-01 4.32832418e+01]
 [6.87108676e+01 8.57819091e+00]
 [6.78810392e+01 8.71398704e+00]
 [6.66527131e+01 8.94049969e+00]
 [2.42033859e+01 2.14512465e+01]
 [9.69470064e+01 5.23402439e+00]
 [5.22320163e+01 1.19739720e+01]
 [6.94545542e+01 8.43854888e+00]
 [3.22947699e+01 1.79152075e+01]
 [5.04478056e+01 1.24710183e+01]
 [8.36613628e+01 6.40741312e+00]
 [5.54162679e+01 1.12233137e+01]
 [6.70143074e+01 8.87385428e+00]
 [1.22818896e+02 4.13940919e+00]
 [1.36018895e+01 2.73242021e+01]
 [2.63356142e+01 2.03769441e+01]
 [8.27968702e+00 3.17861005e+01]
 [8.37232785e+01 6.39038098e+00]
 [5.15604236e+01 1.23013456e+01]
 [2.72617573e+01 1.99192281e+01]
 [2.55219106e+01 2.06888315e+01]
 [1.73403084e+01 2.48899543e+01]
 [4.82006552e-01 4.53710950e+01]
 [5.67157069e+01 1.09564163e+01]
 [1.75249717e+01 2.48811370e+01]
 [9.71749965e+01 5.19574940e+00]
 [6.94012548e+01 8.52406171e+00]
 [1.35448671e+00 4.21205694e+01]
 [5.44220991e+01 1.14878348e+01]
 [9.51299013e-01 4.35026297e+01]
 [2.32387432e+01 2.17597229e+01]
 [5.50307760e+01 1.13274074e+01]
 [1.08141056e+00 4.30076065e+01]
 [9.75102822e+00 3.05140689e+01]
 [3.54152133e+01 1.69733134e+01]
 [1.15611481e+01 2.89110056e+01]
 [6.96258043e+01 8.40549224e+00]
 [1.27329922e+01 2.80223098e+01]
 [7.67569821e+01 7.27363022e+00]
 [5.72166913e+01 1.08262313e+01]
 [1.68711176e-01 4.71595303e+01]
 [3.86581543e+01 1.57272025e+01]
 [4.28740985e+01 1.44251185e+01]
 [1.00148842e+02 5.12578999e+00]
 [6.98555196e+00 3.32483762e+01]
 [3.07239827e+01 1.85438281e+01]
 [1.49402388e+00 4.17592742e+01]
 [1.69266504e+01 2.51857869e+01]
 [9.68782095e-02 4.78721611e+01]
 [8.34335657e+01 6.44498578e+00]
 [4.23037485e+01 1.46621475e+01]
 [6.76412401e+00 3.33943520e+01]
 [2.78835519e+01 1.96722141e+01]
 [8.64354141e+01 6.11021342e+00]
 [4.04259027e+01 1.52789928e+01]
 [8.06906835e+01 6.88112180e+00]
 [1.89946922e+01 2.40730179e+01]
 [1.28983086e+01 2.79832835e+01]
 [1.24270200e+01 2.84642772e+01]
 [3.84564991e+01 1.59170835e+01]
 [1.16679602e+01 2.87634475e+01]
 [6.60139277e+01 9.19252485e+00]
 [2.06740368e-01 4.68512112e+01]
 [1.17873312e+02 4.25118131e+00]
 [2.10584779e+01 2.28165524e+01]
 [2.96556543e+00 3.85668556e+01]
 [5.91225007e+01 1.04326833e+01]
 [3.19004820e+01 1.80559445e+01]
 [2.21354712e+01 2.22837496e+01]
 [2.61793158e+00 3.92373714e+01]
 [7.30692392e+01 7.88951281e+00]
 [3.50611727e+00 3.77320277e+01]
 [3.60535232e+01 1.65624022e+01]
 [8.82691220e+01 5.93230297e+00]
 [6.05544017e+01 1.01795386e+01]
 [9.45555349e+01 5.42445985e+00]
 [4.88667482e+01 1.28923011e+01]
 [4.23472492e-01 4.56115482e+01]
 [1.04947723e+01 3.01030683e+01]
 [2.43475209e+01 2.14485226e+01]
 [7.06265381e+01 8.23168450e+00]
 [9.50308235e+01 5.34290035e+00]
 [4.75420225e+01 1.32961160e+01]
 [6.47348391e+01 9.32215926e+00]
 [1.66931490e+01 2.54819033e+01]
 [2.11728545e+01 2.27615259e+01]
 [1.14441237e+01 2.89559001e+01]
 [5.38554321e+01 1.16179176e+01]
 [5.89242053e+00 3.43970908e+01]
 [2.65875209e+01 2.02519322e+01]
 [3.35297769e-01 4.60433158e+01]
 [9.47225643e+01 5.41191922e+00]
 [4.12430445e+01 1.49016280e+01]
 [6.24904238e+00 3.39129503e+01]
 [1.38601930e+01 2.71540275e+01]
 [7.40402246e+01 7.80660523e+00]
 [4.37025907e+01 1.42488131e+01]
 [9.17001687e+01 5.77790712e+00]
 [3.28512504e+01 1.77107544e+01]
 [1.60245679e+00 4.14509315e+01]
 [1.63940152e+01 2.58675723e+01]
 [6.62953449e+01 9.14837810e+00]
 [1.08813963e+02 4.56064275e+00]
 [3.34162650e+00 3.79620499e+01]
 [5.22042517e+01 1.19810116e+01]
 [8.20931628e+01 6.70704525e+00]
 [1.81801422e+01 2.46046012e+01]
 [9.14342687e+01 5.83600086e+00]
 [1.14869692e+02 4.38211279e+00]
 [2.71021950e+01 2.00950807e+01]
 [4.14479842e+00 3.68371064e+01]
 [2.38488574e+01 2.14543322e+01]
 [2.58986062e+01 2.05616241e+01]
 [5.30165225e+00 3.54101121e+01]
 [7.78131321e+00 3.22429541e+01]
 [8.01049014e+01 6.99854892e+00]
 [3.87052701e+01 1.56997513e+01]
 [9.54695612e-01 4.33536297e+01]
 [4.24799424e+00 3.67510870e+01]
 [4.61377822e+01 1.35988289e+01]
 [4.70309944e+00 3.58618699e+01]
 [5.30215592e+01 1.18402707e+01]
 [1.46993645e+00 4.18093525e+01]
 [3.27241129e+01 1.78170911e+01]
 [4.02505972e+01 1.54664923e+01]
 [2.77725771e+01 1.97776091e+01]
 [3.22785593e+01 1.79497129e+01]
 [5.87732889e+01 1.05173282e+01]
 [5.51721214e+01 1.13041473e+01]
 [6.29873706e+01 9.62827232e+00]
 [1.78320346e+01 2.47267749e+01]
 [1.97744022e+01 2.35816481e+01]
 [1.12786060e+02 4.40307959e+00]
 [1.41387537e+01 2.70240027e+01]
 [6.44307078e+01 9.35740185e+00]
 [8.22973623e+00 3.19759440e+01]
 [2.14824097e+00 4.01732315e+01]
 [2.72923227e+00 3.90007062e+01]
 [3.32692065e+01 1.75321330e+01]
 [1.30912275e+01 2.78869281e+01]
 [6.31216114e+00 3.38136931e+01]
 [1.11743431e+01 2.92848626e+01]
 [4.10234162e+01 1.52025061e+01]
 [4.02805866e+01 1.54588376e+01]
 [1.92935900e+01 2.38807407e+01]
 [1.72242661e+01 2.49811223e+01]
 [6.09406061e-02 4.82696974e+01]
 [1.18217530e+01 2.86553879e+01]
 [2.79606700e+01 1.96019627e+01]
 [7.06931834e+01 8.22194633e+00]
 [1.17612394e+01 2.87235030e+01]
 [1.36117315e+01 2.73173551e+01]
 [8.05549300e-01 4.39367891e+01]
 [5.80843831e+01 1.06766880e+01]
 [5.98669431e+01 1.02904686e+01]
 [2.71596093e+01 1.99473732e+01]
 [1.29410667e+02 4.05308298e+00]
 [5.54224674e+01 1.12142834e+01]
 [5.32402935e+01 1.17299874e+01]
 [3.05509072e+01 1.85794880e+01]
 [1.30951189e+01 2.77329379e+01]
 [2.69744463e+00 3.91168050e+01]
 [1.26072050e+01 2.82254179e+01]
 [8.76295222e+01 5.99148894e+00]
 [1.99259646e-01 4.68935528e+01]
 [7.52427834e+01 7.50953274e+00]
 [2.23866931e+01 2.21442576e+01]
 [3.38198717e+01 1.73337462e+01]
 [1.06143955e+02 4.66019536e+00]
 [2.15876509e+01 2.26812048e+01]
 [7.40499961e+01 7.69185103e+00]
 [1.71872485e+01 2.49827389e+01]
 [9.26848685e-02 4.79605915e+01]
 [5.06511381e+01 1.24098219e+01]
 [3.60126921e-01 4.58619269e+01]
 [4.54705551e+01 1.36934212e+01]
 [1.11401288e+00 4.28322770e+01]
 [1.16672952e+01 2.87654749e+01]
 [5.64785926e+01 1.10289863e+01]
 [4.47061531e+01 1.38997229e+01]
 [3.65968439e+00 3.74299528e+01]
 [8.75748361e+00 3.13608420e+01]
 [6.83537205e+01 8.64479057e+00]
 [6.49415836e+01 9.26469185e+00]
 [6.11527643e+01 1.00033551e+01]
 [5.44510325e+00 3.49081880e+01]
 [9.27995863e+00 3.10134104e+01]
 [2.22080671e+01 2.22455520e+01]
 [7.33615451e+01 7.83589409e+00]
 [3.04889257e-02 4.90387851e+01]
 [2.72897325e-01 4.66797895e+01]
 [6.65803045e-01 4.44011090e+01]
 [2.84009002e+01 1.94723528e+01]
 [2.44276788e+01 2.12416813e+01]
 [6.14772658e+01 9.99352449e+00]
 [8.76064130e+01 6.03943920e+00]
 [1.89027716e+00 4.07695991e+01]
 [4.79608725e+01 1.31605250e+01]
 [1.10801885e+02 4.48065884e+00]
 [2.94571385e+01 1.90047352e+01]
 [2.17913841e+01 2.24411945e+01]
 [8.44788499e+00 3.15879292e+01]
 [2.02537991e+01 2.32725000e+01]
 [3.48570821e+01 1.70740413e+01]
 [1.05502831e+01 2.97441821e+01]
 [1.18748968e+00 4.27616703e+01]
 [9.34110383e+01 5.48236032e+00]
 [7.18961466e+01 8.03164818e+00]
 [3.57645996e+00 3.75725082e+01]
 [1.32372958e+02 4.01446147e+00]
 [1.25241953e+01 2.82746166e+01]
 [1.12156430e+02 4.40665916e+00]
 [8.27453300e-01 4.39323336e+01]
 [1.32142929e+02 4.04709001e+00]
 [3.76435085e+00 3.72402994e+01]
 [1.48603947e+01 2.65281731e+01]
 [5.31157838e+01 1.17507849e+01]
 [8.59436186e+01 6.18335596e+00]
 [2.53594935e+01 2.07316463e+01]
 [1.17976620e+02 4.23388889e+00]
 [5.98918289e+01 1.02740058e+01]
 [6.40533284e+01 9.47591887e+00]
 [5.83029417e+00 3.44644650e+01]
 [4.00254199e+01 1.56176312e+01]
 [5.58676845e+01 1.11288444e+01]
 [6.92535070e+01 8.57360639e+00]
 [7.83024404e+01 7.05828115e+00]
 [1.50446175e+01 2.65180826e+01]
 [1.10422920e+01 2.93239388e+01]
 [3.04045292e+01 1.88103212e+01]
 [3.27705954e+01 1.77643594e+01]
 [1.27786143e+02 4.05533738e+00]
 [3.80222282e+01 1.59701707e+01]
 [3.59678429e+01 1.66694705e+01]
 [5.80969710e+01 1.06450866e+01]
 [2.06233185e+01 2.31834316e+01]
 [3.14259548e+00 3.84680031e+01]
 [6.63005267e+01 9.11602741e+00]
 [4.02347603e+01 1.54705383e+01]
 [8.18802009e+01 6.74551193e+00]
 [5.89727344e+01 1.04608690e+01]
 [4.25420232e+01 1.45304331e+01]
 [1.39107335e+01 2.71492049e+01]
 [1.46788611e+01 2.65832576e+01]
 [7.77851644e+01 7.22387269e+00]
 [3.16074169e+00 3.84676741e+01]
 [5.09480691e-01 4.50820249e+01]
 [6.21774462e+01 9.79376665e+00]
 [4.65447312e+01 1.35617412e+01]
 [2.66609352e+01 2.01767156e+01]
 [4.11313475e+01 1.51284139e+01]
 [1.85642141e+01 2.45462298e+01]
 [1.00441137e+02 5.03817072e+00]
 [1.05065559e+02 4.71795279e+00]
 [8.39898922e+01 6.38795867e+00]
 [3.26726184e+00 3.83845832e+01]
 [1.59964626e+01 2.60975803e+01]
 [1.88176482e+01 2.44348863e+01]
 [6.75311614e+01 8.77713708e+00]
 [1.50536834e+01 2.63298205e+01]]
