[[1.52610864e-02 2.65060857e+04]
 [4.48927166e-02 9.16056255e+03]
 [3.39946541e-02 1.19017793e+04]
 [4.18541489e-02 9.65590185e+03]
 [1.07192317e-02 3.87363394e+04]
 [3.30269555e-02 1.23812519e+04]
 [1.22577775e-02 3.47843389e+04]
 [1.46474098e-02 2.84651076e+04]
 [2.06706889e-02 2.06357982e+04]
 [4.62259837e-02 8.95723799e+03]
 [3.88580640e-02 1.04844566e+04]
 [3.10707239e-02 1.32327275e+04]
 [4.57385620e-02 8.96634650e+03]
 [3.30477969e-02 1.23640980e+04]
 [3.68236938e-02 1.09646634e+04]
 [4.76410200e-02 8.76523948e+03]
 [3.98789617e-02 1.01300034e+04]
 [4.35097452e-02 9.26558654e+03]
 [1.47987403e-02 2.84409977e+04]
 [3.49788478e-02 1.18811277e+04]
 [3.77635340e-02 1.08330255e+04]
 [8.80581490e-03 4.64055428e+04]
 [1.87567694e-02 2.26225054e+04]
 [7.78330002e-03 5.33341225e+04]
 [7.54422566e-03 5.58288459e+04]
 [6.03451392e-03 7.61088941e+04]
 [9.26592781e-03 4.57127526e+04]
 [1.44971075e-02 2.85261085e+04]
 [1.91329139e-02 2.14600544e+04]
 [5.30581339e-02 8.67999433e+03]
 [1.84537893e-02 2.27881601e+04]
 [5.17731795e-03 8.63498596e+04]
 [4.47198536e-02 9.18225810e+03]
 [3.64987502e-02 1.11919823e+04]
 [1.08895641e-02 3.75165236e+04]
 [2.67508795e-02 1.54644115e+04]
 [1.72175340e-02 2.49466940e+04]
 [1.87582415e-02 2.19304191e+04]
 [3.30879813e-02 1.22863376e+04]
 [4.42700371e-02 9.20388956e+03]
 [3.78567671e-02 1.07695609e+04]
 [2.60866795e-02 1.61268032e+04]
 [2.51648139e-02 1.67944295e+04]
 [1.80238168e-02 2.37297264e+04]
 [3.33961404e-02 1.22418013e+04]
 [4.37775946e-02 9.24939612e+03]
 [3.04271626e-02 1.39146262e+04]
 [2.70609733e-02 1.49415477e+04]
 [2.20583356e-02 1.97348540e+04]
 [2.26424577e-02 1.84725564e+04]
 [1.30561121e-02 3.24399368e+04]
 [1.03842926e-02 4.16354811e+04]
 [3.60299781e-02 1.12873964e+04]
 [8.52672329e-03 4.92880144e+04]
 [3.96066500e-02 1.04098351e+04]
 [2.97380985e-02 1.41295781e+04]
 [1.81757116e-02 2.31086947e+04]
 [1.00192122e-02 4.52183619e+04]
 [5.07743992e-02 8.73823409e+03]
 [1.02277446e-02 4.38962614e+04]
 [4.49776022e-03 9.41832883e+04]
 [1.27159053e-02 3.25186761e+04]
 [5.40092945e-02 8.64065314e+03]
 [8.65162458e-03 4.70560351e+04]
 [6.91914880e-03 6.16997355e+04]
 [7.83786786e-03 5.27599641e+04]
 [3.71507744e-02 1.09166148e+04]
 [1.48604370e-02 2.75923567e+04]
 [2.54133134e-02 1.64396637e+04]
 [1.19848319e-02 3.64978264e+04]
 [4.18828696e-02 9.65161092e+03]
 [6.90126052e-02 8.44851914e+03]
 [1.35943521e-02 3.09686553e+04]
 [9.25503236e-03 4.58440340e+04]
 [4.08741137e-02 1.00734669e+04]
 [8.42630279e-03 5.01882658e+04]
 [3.95144438e-02 1.04801874e+04]
 [4.09909690e-02 1.00397567e+04]
 [3.13363148e-02 1.30756409e+04]
 [1.24153173e-02 3.47698576e+04]
 [7.93907884e-03 5.18401009e+04]
 [8.89354126e-03 4.60598241e+04]
 [3.57788574e-02 1.15746869e+04]
 [7.21930197e-03 5.85256078e+04]
 [5.52651531e-02 8.50487138e+03]
 [3.86968261e-02 1.06621591e+04]
 [1.96671121e-02 2.12039281e+04]
 [1.44002536e-02 2.88150224e+04]
 [1.61164854e-02 2.52030938e+04]
 [2.17206858e-02 2.04039343e+04]
 [3.29347472e-02 1.28787255e+04]
 [2.85417764e-02 1.41979717e+04]]
