[[0.43379929 4.27441307 8.65190854 0.52291692]
 [1.36438273 0.93245491 8.65502654 2.30850721]
 [1.68005678 1.30700616 9.63388057 2.58191717]
 [0.55867567 3.33434245 9.48881637 0.91937637]
 [0.44701131 4.8687932  9.43365734 3.40330417]
 [2.82298932 0.31071244 9.99079654 4.39626658]
 [1.72253357 1.268931   9.02295352 3.37913629]
 [3.77045335 0.31510642 9.97510143 3.9107507 ]
 [0.59813597 4.526407   9.60767032 1.55636897]
 [1.52448534 1.41875043 8.73870841 4.04857475]
 [0.70925252 3.91970867 9.90009533 0.90946594]
 [0.42623423 5.51605226 9.09509548 1.26188346]
 [0.32302486 7.90708318 9.67021026 1.15109745]
 [1.81601106 1.08702465 8.86076059 4.11930809]
 [0.58153355 3.31851583 9.76204202 1.86917103]
 [1.40741785 1.64160149 9.49099453 2.62243206]
 [0.9906507  2.37455615 9.7100409  3.79743687]
 [1.7213085  6.42025508 9.94237874 4.88145712]
 [1.36438273 0.93245491 8.65502654 2.09209738]
 [1.49812972 1.41875043 8.73870841 3.96603573]
 [0.65466542 2.31709399 9.52912692 0.66952819]
 [1.19928864 4.83247838 9.93051544 4.8511014 ]
 [0.29363693 6.99180733 9.72856289 4.94213912]
 [0.65466542 3.35546827 9.47998679 3.66886982]
 [0.55393387 3.28271869 9.38050946 1.5611268 ]
 [0.55867567 3.33434245 9.57691454 2.46932242]]
