[[0.49829872 0.86638084]
 [0.47383648 0.94210797]
 [0.77886096 0.5564947 ]
 [0.47935308 0.8748917 ]
 [0.5117858  0.80685365]
 [0.50545399 0.85958311]
 [0.95385302 0.16305571]
 [1.00633405 0.15577819]
 [0.76837434 0.7423526 ]
 [1.01622674 0.10892816]
 [0.56487747 0.7819435 ]
 [0.93355857 0.47815219]
 [0.5874918  0.77627729]
 [0.94863107 0.46668759]
 [0.84698408 0.50719378]
 [0.17261356 0.96774319]
 [1.01484439 0.13202975]
 [0.6698297  0.77454149]
 [0.83688649 0.512462  ]
 [0.77790687 0.62386057]
 [1.06838272 0.08754914]
 [0.27467642 0.95833051]
 [0.82596295 0.54144285]
 [0.08845138 1.01788101]]
