[[1.52610864e-02 2.65060857e+04]
 [4.48927166e-02 9.16056255e+03]
 [4.91232333e-02 8.96634650e+03]
 [3.93752889e-02 1.06532184e+04]
 [3.39946541e-02 1.19017793e+04]
 [2.69897406e-02 1.55173060e+04]
 [3.70128177e-02 1.09776149e+04]
 [4.18541489e-02 9.65590185e+03]
 [1.07192317e-02 3.87363394e+04]
 [2.54769990e-02 1.74213262e+04]
 [2.36734457e-02 1.87026776e+04]
 [8.73430708e-03 4.97827473e+04]
 [3.18475519e-02 1.27103137e+04]
 [5.58102404e-02 8.67738208e+03]
 [2.37449270e-02 1.84067872e+04]
 [2.89231505e-02 1.45152970e+04]
 [4.37664957e-02 9.35419140e+03]
 [9.94202140e-03 4.21205463e+04]
 [5.80348224e-03 8.04541568e+04]
 [2.57065886e-02 1.59723699e+04]
 [2.87598217e-02 1.46498564e+04]
 [2.40249579e-02 1.80470326e+04]
 [1.42412880e-02 3.02360048e+04]
 [6.03535866e-03 7.05416536e+04]
 [5.06620812e-02 8.76157012e+03]
 [1.06698455e-02 3.87945434e+04]
 [2.47894258e-02 1.76567220e+04]
 [5.76207781e-03 8.21334119e+04]
 [3.15989940e-02 1.29545182e+04]
 [2.13624126e-02 1.88840222e+04]
 [3.12707222e-02 1.30981138e+04]
 [3.71803233e-02 1.08731525e+04]
 [1.67466167e-02 2.51661300e+04]
 [2.56388541e-02 1.68307578e+04]
 [2.62345380e-02 1.55808020e+04]
 [3.24275005e-02 1.24452174e+04]
 [4.85428548e-02 8.98079304e+03]
 [1.82976726e-02 2.24996291e+04]
 [4.17777544e-02 1.00721948e+04]
 [4.77985330e-02 9.03812786e+03]
 [1.76308739e-02 2.34575105e+04]
 [2.73751637e-02 1.47739414e+04]
 [1.58084214e-02 2.54968105e+04]
 [7.29236182e-03 5.97429607e+04]
 [1.29380567e-02 3.18301111e+04]
 [1.22639057e-02 3.31471991e+04]
 [3.55701037e-02 1.16588202e+04]
 [2.99012965e-02 1.34708759e+04]
 [1.05606639e-02 3.89290057e+04]
 [2.71850215e-02 1.50477625e+04]
 [3.92171135e-02 1.07679553e+04]
 [7.72075627e-03 5.48880160e+04]
 [4.53222550e-02 9.13030165e+03]
 [2.01253658e-02 2.00266833e+04]
 [1.99320674e-02 2.06427319e+04]
 [1.67743245e-02 2.50519706e+04]
 [7.76863430e-03 5.30834251e+04]
 [6.96684632e-02 8.62079045e+03]
 [9.92287415e-03 4.32641057e+04]
 [2.00676380e-02 2.06345830e+04]
 [4.86564619e-03 9.42693364e+04]
 [1.68203290e-02 2.41346162e+04]
 [1.16196658e-02 3.60663737e+04]
 [1.34685372e-02 3.14326359e+04]
 [3.69415856e-02 1.14575343e+04]
 [3.96989807e-02 1.01135563e+04]
 [5.78007256e-02 8.67192431e+03]
 [7.72268540e-02 8.47263499e+03]
 [1.46416745e-02 2.84129697e+04]
 [4.21265434e-02 9.54578713e+03]
 [1.54936042e-02 2.63014873e+04]
 [3.96683899e-02 1.06207547e+04]
 [5.86231539e-03 7.40927829e+04]
 [4.98352283e-02 8.84213947e+03]
 [2.09979241e-02 1.94590009e+04]
 [5.41161088e-03 8.31090158e+04]
 [5.39315574e-03 9.18592023e+04]
 [1.96687468e-02 2.14123541e+04]
 [1.13141624e-02 3.67355942e+04]]
