[[3.60699608e+01 1.65566552e+01]
 [7.76812641e+00 3.22621992e+01]
 [3.44753316e+01 1.71025222e+01]
 [2.86511655e+01 1.95368564e+01]
 [3.38364045e+00 3.78835185e+01]
 [2.06701379e+01 2.30235463e+01]
 [8.35413583e+01 6.42080819e+00]
 [6.42545421e-02 4.82357273e+01]
 [5.60857909e+01 1.11194220e+01]
 [4.34786818e+00 3.65027909e+01]
 [6.81555654e+01 8.66305532e+00]
 [8.89085385e-01 4.35860832e+01]
 [6.14466549e-01 4.47011988e+01]
 [5.83176055e+01 1.06016468e+01]
 [7.04643053e+01 8.30666886e+00]
 [2.37133311e+01 2.18482271e+01]
 [7.07409588e+00 3.29968040e+01]
 [6.16784942e+01 9.95395502e+00]
 [4.22734344e+01 1.46637253e+01]
 [2.05528226e+01 2.32543913e+01]
 [1.04976551e+01 2.98948891e+01]
 [5.10129214e+01 1.23026655e+01]
 [4.83307391e+01 1.30055861e+01]
 [9.65869014e+01 5.29510110e+00]
 [3.17043014e+01 1.83835391e+01]
 [8.61160919e+00 3.19010647e+01]
 [7.47103428e+00 3.27839613e+01]
 [1.93888691e-01 4.71300901e+01]
 [3.56757064e+01 1.67682477e+01]
 [3.01435576e+00 3.87437753e+01]
 [1.17329489e+02 4.34324222e+00]
 [4.66951383e+00 3.58988353e+01]
 [5.69893656e+01 1.08917859e+01]
 [6.83382844e+01 8.64617576e+00]
 [4.34026601e+01 1.43443386e+01]
 [2.13531304e+01 2.26859973e+01]
 [5.00504672e+01 1.25116603e+01]
 [1.88251444e+01 2.41843976e+01]
 [6.00929066e+00 3.48282781e+01]
 [2.58119506e+00 3.96677531e+01]
 [4.03239394e+00 3.69383522e+01]
 [2.38404433e+01 2.15314788e+01]
 [4.75859928e+01 1.32989730e+01]
 [3.69837635e+01 1.63225093e+01]
 [8.64919865e+01 6.15676129e+00]
 [3.36542071e+01 1.74010150e+01]
 [3.20537255e+00 3.81544643e+01]
 [4.94481916e+00 3.56141364e+01]
 [2.83518875e+01 1.95538827e+01]
 [1.27649019e+01 2.80997480e+01]
 [2.40538698e+01 2.14695150e+01]
 [6.48609556e+01 9.26874806e+00]
 [5.05834735e+01 1.23675360e+01]
 [3.43372301e+01 1.71514592e+01]
 [2.50475545e+01 2.11900961e+01]
 [1.93779981e+01 2.37564183e+01]
 [5.01455835e+01 1.24796289e+01]
 [5.40210633e+01 1.15365319e+01]
 [6.83013424e+00 3.33587758e+01]
 [1.71358718e+00 4.17938033e+01]
 [1.20306667e+01 2.85309140e+01]
 [7.44505565e+01 7.63696884e+00]
 [4.67329773e+01 1.33736789e+01]
 [3.88029074e+01 1.58309290e+01]
 [3.01727971e+01 1.87087766e+01]
 [1.34130912e+00 4.22112876e+01]
 [2.15113580e+01 2.25891640e+01]
 [3.35921562e-01 4.59875418e+01]
 [5.79757966e+01 1.06536827e+01]
 [4.76391019e+01 1.32669915e+01]
 [2.15758789e+01 2.25489721e+01]
 [2.66596827e+01 2.02184574e+01]
 [2.58182713e+01 2.08055238e+01]
 [3.08903232e+01 1.85537764e+01]
 [1.56679383e+01 2.59496176e+01]
 [6.43406202e+01 9.37746504e+00]
 [6.45672487e+00 3.45184547e+01]
 [8.57751962e-01 4.41285142e+01]
 [2.14890637e+00 4.02998433e+01]
 [1.65499138e+01 2.57111468e+01]
 [6.90453390e+00 3.31813158e+01]
 [5.51686949e+01 1.12778176e+01]
 [2.10121512e+01 2.28743220e+01]
 [2.99700850e+01 1.87866181e+01]
 [5.89465052e+01 1.05127913e+01]
 [8.30228686e+01 6.50859293e+00]
 [5.28395781e+01 1.18116501e+01]
 [2.16631249e+01 2.25344362e+01]
 [7.66762114e+01 7.41643402e+00]
 [3.72966395e+01 1.62036023e+01]
 [2.64262355e+01 2.03031855e+01]
 [6.69700564e+01 8.88531837e+00]
 [8.81944528e+00 3.12895021e+01]
 [5.33064500e+01 1.17742808e+01]
 [2.10504062e+01 2.28217948e+01]
 [5.78608572e+01 1.07815494e+01]
 [5.91924114e+01 1.04035271e+01]
 [4.43652419e+01 1.39929495e+01]
 [1.39529730e+00 4.20796762e+01]
 [3.59270775e+01 1.67052917e+01]
 [6.59563377e+01 9.06449900e+00]
 [5.56524856e+01 1.12264283e+01]
 [3.09390979e+01 1.84062416e+01]
 [3.66515267e+01 1.64226354e+01]
 [1.01776996e+02 5.09819013e+00]
 [4.72106881e+01 1.33126657e+01]
 [8.22435998e+01 6.61635374e+00]
 [1.53973077e+01 2.67542244e+01]
 [1.00108414e+01 3.04993609e+01]
 [2.61727595e+01 2.03929423e+01]
 [8.68169708e+01 6.12133964e+00]
 [4.15381385e+00 3.67239269e+01]
 [6.04663884e+01 1.01763227e+01]
 [6.32730804e+01 9.57624413e+00]
 [4.26427094e+01 1.45662107e+01]
 [4.41893043e+01 1.41115148e+01]
 [2.97817851e+01 1.90353700e+01]
 [4.42332634e+01 1.40617991e+01]
 [4.56124993e+01 1.37324220e+01]
 [5.65577769e-02 4.83442460e+01]
 [4.93898475e+01 1.26993104e+01]
 [6.63109114e+01 9.04442968e+00]
 [4.57712657e+00 3.60227505e+01]
 [1.06048553e+02 4.71918480e+00]
 [2.74570131e+01 1.98141110e+01]
 [4.13427533e+01 1.48773540e+01]
 [7.44855635e+01 7.60651664e+00]
 [1.86404896e+01 2.43013311e+01]
 [4.93056496e-01 4.54637408e+01]
 [8.97570393e+01 5.96122708e+00]
 [1.24626669e+01 2.81892845e+01]
 [1.39075137e+01 2.71597371e+01]
 [1.91217629e-01 4.71666013e+01]
 [3.78416263e+01 1.60490297e+01]
 [3.38536284e+01 1.73260005e+01]
 [4.54743330e+01 1.37439426e+01]
 [3.88126088e+01 1.57215886e+01]
 [6.38283923e+01 9.46733728e+00]
 [8.20455620e+00 3.19877554e+01]
 [1.45872487e+00 4.18801022e+01]
 [6.55970048e+01 9.25676957e+00]
 [8.45955830e+01 6.37494393e+00]
 [3.90193334e+01 1.56909311e+01]
 [7.86050281e+00 3.21539016e+01]
 [6.54949939e+00 3.43173623e+01]
 [6.24874231e-01 4.46484310e+01]
 [2.42109902e-01 4.66284822e+01]
 [2.59030486e+00 3.92788665e+01]
 [1.97592455e+00 4.05652323e+01]
 [5.18863660e+00 3.54380590e+01]
 [5.03394863e+01 1.24443707e+01]
 [1.08571886e+01 2.95958852e+01]
 [6.88308867e+01 8.54979669e+00]
 [1.12676743e+02 4.45312037e+00]
 [1.19894518e+01 2.86091813e+01]
 [5.18795746e+01 1.20399297e+01]
 [1.18441645e+01 2.90818225e+01]
 [2.79861517e+01 1.96673776e+01]
 [7.72601277e+00 3.23290232e+01]
 [7.38867623e+00 3.27899221e+01]
 [1.55649963e+01 2.61589531e+01]
 [3.94218343e-03 4.95628268e+01]
 [2.52324744e+00 3.99780193e+01]
 [3.34663013e+01 1.75463782e+01]
 [4.04694524e+01 1.54355317e+01]
 [1.03945254e-01 4.77780724e+01]
 [5.85470123e+01 1.05483268e+01]
 [1.17070882e+02 4.38763709e+00]
 [8.16951270e+01 6.71208412e+00]
 [3.37322568e+01 1.73662722e+01]
 [2.16710216e+01 2.25287519e+01]
 [7.38803535e+01 7.70236161e+00]
 [9.28183464e+01 5.75818178e+00]
 [4.01085426e+01 1.56605245e+01]
 [5.41278313e+01 1.15260041e+01]
 [7.60304955e+00 3.25080259e+01]
 [2.60478954e+01 2.04806858e+01]
 [8.25550224e-02 4.80631318e+01]
 [6.87053222e+01 8.58101583e+00]
 [3.65627682e-01 4.59785039e+01]
 [9.91193434e+00 3.06208681e+01]
 [1.54142918e+01 2.67482947e+01]
 [4.15115053e+01 1.48565473e+01]
 [6.64436513e+01 9.02223847e+00]
 [5.43400814e+01 1.14974587e+01]
 [3.59163341e+00 3.75321160e+01]
 [4.05157623e+01 1.52832193e+01]
 [4.48278579e-02 4.85142938e+01]
 [6.23994536e+01 9.79456537e+00]
 [3.30438400e+01 1.76250240e+01]
 [8.12173276e+01 6.91979803e+00]
 [1.38138630e+01 2.72649796e+01]
 [1.45187818e+01 2.67767564e+01]
 [2.04961225e+00 4.04010769e+01]
 [6.95136576e+01 8.42551843e+00]
 [3.60170129e+01 1.65730359e+01]
 [2.60574823e+01 2.04327395e+01]
 [3.54227650e+01 1.67771395e+01]
 [1.38847632e+01 2.71656947e+01]
 [2.21243291e+01 2.22810804e+01]
 [2.91477362e+01 1.93656033e+01]
 [7.32044821e+01 7.81812357e+00]
 [1.71892571e+00 4.16815449e+01]
 [4.46262193e+01 1.39216321e+01]
 [4.46131478e+01 1.39765847e+01]
 [4.44456125e+00 3.62134445e+01]
 [2.59613778e+01 2.05773917e+01]
 [1.68530284e+01 2.51869944e+01]
 [6.81099671e+00 3.36440196e+01]
 [3.23222358e+01 1.78843764e+01]
 [5.18784989e+01 1.21121382e+01]
 [6.08964019e+01 1.01483485e+01]
 [5.60962904e+01 1.10782042e+01]
 [7.89676024e+01 7.17302279e+00]
 [9.87629475e+00 3.09857634e+01]
 [1.05048796e+02 4.99536941e+00]
 [1.05409373e+02 4.91193522e+00]
 [4.40766284e+01 1.41810521e+01]
 [6.70928021e+01 8.86393464e+00]
 [4.35457953e+00 3.63331995e+01]
 [6.63099882e+01 9.04562038e+00]
 [6.63974905e+00 3.42879058e+01]
 [3.18048071e+01 1.80738883e+01]
 [2.54323460e-01 4.65285065e+01]
 [2.84376750e+00 3.87996075e+01]
 [6.89543153e+01 8.52149580e+00]
 [8.51803903e-02 4.80253063e+01]
 [9.87751118e+01 5.22190778e+00]
 [1.02795212e+00 4.31095350e+01]
 [1.93151298e+00 4.09311468e+01]
 [3.54056491e+01 1.67798307e+01]
 [5.62648362e-01 4.49789561e+01]
 [3.18232502e+00 3.81924415e+01]]
