[[1.86260211e-03 3.45560727e-03 1.79353495e+00]
 [4.30247271e-03 9.73802078e-03 2.35560178e+00]
 [3.66543097e-03 8.62346253e-03 2.38535544e+00]
 [3.81016124e-03 7.49858311e-03 2.02228296e+00]
 [4.28768775e-03 8.24009870e-03 2.25299232e+00]
 [2.74119775e-03 5.60529991e-03 2.34345957e+00]
 [4.44117107e-03 8.28135361e-03 1.85269631e+00]
 [4.32981507e-03 9.09311989e-03 2.21095800e+00]
 [1.15103041e-03 2.27001165e-03 2.19196477e+00]
 [3.93884008e-03 6.88955048e-03 1.80800322e+00]
 [3.72748802e-03 7.10354578e-03 1.91128685e+00]
 [1.01581476e-03 2.25806922e-03 2.94264094e+00]
 [8.48018217e-04 2.02463036e-03 2.70847595e+00]
 [2.31462936e-03 4.26821349e-03 1.49622293e+00]
 [9.04097157e-04 1.28975984e-03 1.21052505e+00]
 [4.93963846e-04 1.50455028e-03 1.79070095e+00]
 [2.37214058e-03 5.39490891e-03 2.49856157e+00]
 [1.32906238e-03 2.83462432e-03 2.60128235e+00]
 [1.08067485e-03 1.91272052e-03 1.77409247e+00]
 [1.55528584e-03 3.17817550e-03 1.68796635e+00]
 [1.84748152e-03 4.30973654e-03 2.74649084e+00]
 [4.28335214e-03 9.35427012e-03 2.67768967e+00]
 [3.31014434e-03 6.59709804e-03 1.93308698e+00]
 [9.85390106e-04 1.35597047e-03 1.31872041e+00]
 [2.15209660e-03 3.71923011e-03 1.77971078e+00]
 [1.48733563e-03 3.05945447e-03 1.59448289e+00]
 [1.84748152e-03 4.50581045e-03 2.74649084e+00]
 [1.64538548e-03 2.77967372e-03 1.87822324e+00]
 [3.91130746e-03 8.16019967e-03 2.07766213e+00]
 [1.03541285e-03 2.14896753e-03 2.48584250e+00]
 [1.72604620e-03 3.57105207e-03 2.59783020e+00]
 [2.43501783e-03 4.28286453e-03 1.53368409e+00]
 [2.06850411e-03 4.98826902e-03 2.68732749e+00]
 [2.00592717e-03 4.95112363e-03 2.27024992e+00]
 [3.81102099e-03 6.66902813e-03 1.83714324e+00]
 [3.63956042e-03 7.33366094e-03 2.10903759e+00]
 [2.71693549e-03 5.00029267e-03 1.85618238e+00]
 [5.99518342e-03 9.91905395e-03 2.54783250e+00]
 [2.37214058e-03 5.74611514e-03 2.49856157e+00]
 [5.40649893e-03 9.78218757e-03 1.66043780e+00]
 [1.58567790e-03 3.17817550e-03 1.74958078e+00]
 [2.28461712e-03 5.48381976e-03 2.47106439e+00]
 [3.81016124e-03 7.42093585e-03 1.88339438e+00]
 [4.30421986e-03 9.73802078e-03 2.36350604e+00]
 [3.27230858e-03 6.43170365e-03 1.92335420e+00]
 [7.28978313e-03 9.99225192e-03 2.48653056e+00]
 [3.44830103e-03 6.68796606e-03 1.61695410e+00]
 [4.19310936e-03 9.32595463e-03 2.39287097e+00]
 [1.98569888e-03 4.26701009e-03 2.47378446e+00]
 [4.00308521e-03 7.58746931e-03 2.04038724e+00]
 [8.55556687e-04 1.15035012e-03 1.74681426e+00]
 [1.79264971e-03 2.74156676e-03 1.44296411e+00]
 [2.24452266e-03 4.78823401e-03 2.53190344e+00]
 [3.43028110e-03 7.79744295e-03 2.38012230e+00]
 [1.40386939e-03 2.40544369e-03 1.48649408e+00]
 [1.99542490e-03 4.52863942e-03 2.04779227e+00]
 [4.86597595e-03 9.58802516e-03 1.78564589e+00]
 [1.50578148e-03 3.40162711e-03 2.38880032e+00]
 [8.59087936e-04 1.91272052e-03 1.77409247e+00]
 [3.39487394e-03 5.44477483e-03 1.63005418e+00]
 [4.06288428e-03 7.42082854e-03 1.57597376e+00]
 [3.91468891e-03 8.59093159e-03 2.16841929e+00]
 [4.98145353e-03 9.83830304e-03 2.42235262e+00]
 [2.69831230e-03 6.14781891e-03 2.33269374e+00]
 [2.41740913e-03 4.24814566e-03 1.46086177e+00]
 [8.48018217e-04 2.11734438e-03 2.70847595e+00]
 [1.61510770e-03 3.31297427e-03 1.51740108e+00]
 [1.08067485e-03 1.91272052e-03 2.11248414e+00]
 [1.75332592e-03 3.41146823e-03 2.38646339e+00]
 [1.09382914e-03 2.00611185e-03 1.59127435e+00]
 [3.45466612e-03 5.63706255e-03 1.44144246e+00]
 [2.64557639e-03 4.57050807e-03 1.61120192e+00]
 [3.42077541e-03 5.75629809e-03 1.80700386e+00]]
