[[2.08511002 2.16097348]
 [0.93130106 1.03668218]
 [2.09597257 2.0556585 ]
 [0.70193469 0.59430447]
 [1.05814058 0.79663998]
 [1.63322451 1.58117431]
 [3.45448459 2.99196855]
 [0.09940067 0.07863296]
 [2.76410989 2.52609268]
 [2.92879636 2.90878724]
 [0.29958845 0.36403037]
 [0.22275939 0.32248239]
 [1.1992388  1.48130914]
 [2.62335155 2.77442391]
 [3.08389179 2.84704896]
 [0.88098128 0.99619072]
 [2.9100709  2.63649595]
 [3.39534418 2.75580533]
 [0.99284944 1.28010303]
 [2.07924359 1.8500552 ]
 [3.91374707 2.97141535]
 [1.23866451 0.78651925]
 [0.09166321 0.20017499]
 [1.9742524  2.24081549]
 [0.73396187 0.79289245]
 [2.58633799 2.74921756]
 [0.43741105 0.68192921]
 [2.85357926 2.99026028]
 [2.46035901 2.19027363]
 [1.69354013 1.57168841]
 [2.42214223 2.57795342]
 [0.13313942 0.33276111]
 [0.79916825 0.60780638]
 [2.01610236 2.27624079]
 [3.58464501 2.96197852]
 [2.00932962 2.09192406]
 [0.60383592 0.66085196]
 [0.69177345 0.87043339]
 [1.72849411 2.02491481]
 [1.10741028 1.40173747]
 [2.86636136 2.82828773]
 [2.45772575 2.57010749]
 [2.09289013 2.0503947 ]
 [1.47644397 1.63236415]
 [2.43960746 2.56606924]
 [2.92674229 2.69461514]
 [2.57087522 2.62599818]
 [0.80755385 1.02732192]
 [2.8968027  2.77411254]
 [1.14602514 1.30165013]
 [1.91233729 1.40936712]
 [3.154796   2.94277103]
 [2.49966186 2.33129469]
 [1.99609303 2.39088676]
 [1.90540746 1.97803481]
 [0.354592   0.45781196]
 [0.08287941 0.34138907]
 [1.60513157 1.67373598]
 [0.19864353 0.21100032]
 [2.69824555 2.6857811 ]
 [1.64180695 1.64269281]
 [1.93002006 1.71462628]
 [0.19929963 0.40437935]
 [0.967082   1.0069914 ]
 [2.16177797 2.5431014 ]
 [3.01091827 2.89070126]
 [1.72839607 1.78687529]
 [2.24368629 2.1129402 ]
 [0.88339447 1.17329737]
 [1.17538818 1.38480624]
 [0.61386065 0.56270968]
 [2.35248838 2.48140801]
 [2.29978366 2.29161815]
 [0.63356692 0.73279999]
 [3.02153422 2.87640755]
 [1.96942004 2.06686514]
 [1.95305249 2.08881025]
 [3.06556168 2.8072088 ]
 [2.98444262 2.93877052]
 [2.2050331  2.21883589]
 [1.38600052 1.6044967 ]
 [2.74526722 2.40298367]
 [4.48021746 2.91816106]
 [0.35271022 0.22039996]
 [3.02606448 2.97121859]
 [0.4449911  0.55471677]
 [0.18931294 0.17275052]
 [0.82659245 0.59158904]
 [2.58099231 2.58967945]
 [2.32566972 2.42024043]
 [1.28330495 1.17429109]
 [0.72892716 0.73464192]
 [2.78634115 2.72132717]
 [2.52889693 2.47457569]
 [2.03144214 2.23124759]
 [1.55506534 1.64546727]
 [2.39868784 2.84003004]
 [1.64573001 1.58400419]
 [1.15731468 1.28046405]
 [0.45204858 0.38692795]
 [0.52631263 0.51818239]
 [3.02711004 2.92871479]
 [3.09559817 2.95633474]
 [2.75997514 2.89174767]
 [1.98231345 1.8840697 ]
 [0.99099615 0.66178225]
 [2.68001287 2.70234934]
 [1.17760978 0.88780516]
 [2.82866073 2.7264241 ]
 [1.86249383 1.8571189 ]
 [2.33775027 2.00082763]
 [2.06835082 2.05292887]
 [1.09576903 1.28640208]
 [3.09696083 2.94209711]
 [2.85504381 2.8921084 ]
 [0.87666296 1.02344047]
 [1.48064962 1.59876768]
 [0.3354473  0.59594479]
 [1.36200425 1.79636675]
 [3.70982118 2.94864236]
 [2.08050386 1.5947504 ]
 [0.36257764 0.51810326]
 [2.47747491 2.47337883]
 [1.69770434 2.11349159]
 [0.66453119 0.8503873 ]
 [2.09974127 1.80836029]
 [2.40722949 2.41078388]
 [1.40096318 1.35408558]
 [1.3981059  1.27053016]
 [2.21751921 2.09352497]
 [1.89054293 2.08798953]
 [0.51409184 0.5875027 ]
 [0.94569187 1.18075024]
 [1.37237056 1.58014758]
 [2.48782192 2.46353089]
 [2.2022028  2.26252508]
 [0.7337369  0.85194968]
 [1.00798317 0.98257217]
 [2.28852644 2.26386668]
 [4.29305852 2.84262465]
 [1.37731013 1.52822574]
 [1.77451255 1.9605931 ]
 [2.71308206 2.65216864]
 [0.95636026 1.1611387 ]
 [2.2376419  2.55371299]
 [1.39179665 1.4624139 ]
 [1.25480769 1.27947884]
 [0.57913373 0.81165598]
 [2.52881674 2.35950229]
 [2.94454352 2.52755463]
 [1.68360545 1.75928826]
 [0.811225   0.58378121]
 [0.07544654 0.09658321]
 [0.57646713 0.62429223]
 [0.21314841 0.29832077]
 [2.31237233 2.60884226]
 [1.1745111  1.12214015]
 [2.06139464 1.8346323 ]
 [1.82085149 1.69993667]
 [1.0081588  1.24938767]
 [1.15470854 0.85913139]
 [0.72586646 1.0040416 ]
 [1.1339466  1.22454421]
 [0.7536983  0.73129193]
 [2.71270117 2.64745852]
 [2.31042096 2.26770329]
 [2.39569639 2.44222126]
 [1.54018494 1.76088662]
 [1.97731858 1.99183824]
 [1.25995231 1.01846218]
 [3.52904901 2.93738247]
 [0.43339383 0.57900011]
 [0.99822785 1.24526966]
 [0.54683828 0.52062794]
 [2.49483737 2.48233227]
 [1.90103303 1.89523323]
 [1.79455571 1.85691033]
 [1.96370375 2.06686514]
 [2.03144214 2.20360281]
 [1.13926976 1.21260572]
 [2.05370433 2.31836222]
 [1.34535096 1.20650422]
 [2.90118778 2.74921756]
 [2.30420334 2.8197883 ]
 [2.99870172 2.82135279]
 [1.47711897 1.6148488 ]
 [0.077532   0.09658321]
 [2.50954241 2.57795342]
 [0.332585   0.11716435]
 [1.38600052 1.61459535]
 [0.77867439 0.85454529]
 [1.64401079 1.55805547]
 [0.8991839  1.29292096]
 [2.0290626  2.25016906]
 [1.5808224  1.68718337]
 [1.60956526 1.77011044]
 [2.45671123 2.69747105]
 [1.1481002  1.43286328]
 [2.99199793 2.93089296]
 [2.40722949 2.44063166]
 [2.99381177 2.92558163]
 [0.59048358 0.48569264]
 [2.21751921 2.3159105 ]
 [1.59373733 1.77342315]
 [0.33251494 0.57145644]
 [0.13029966 0.21725956]
 [1.90999508 2.08282011]
 [3.3994334  2.94323927]
 [1.05278189 1.33819369]
 [2.50711629 2.4011773 ]
 [1.14626287 0.94573159]
 [2.62399491 2.7925649 ]
 [2.74119365 2.8840334 ]
 [1.83919531 1.59209232]
 [2.46634787 2.18661826]
 [0.17510848 0.24591349]
 [1.62501959 1.5170957 ]
 [2.86404076 2.83898898]
 [2.35038179 2.1576608 ]
 [1.97731858 1.90549603]
 [4.32900254 2.95213184]
 [3.39188486 2.99483384]
 [2.58848678 2.45562153]
 [1.54171161 1.69145468]
 [2.80806762 2.90878724]
 [1.78210842 1.79894555]
 [2.20582424 2.26252508]
 [2.29323745 2.03085699]
 [3.70683584 2.96541999]
 [2.64381647 2.74605228]
 [1.75085907 1.61439019]
 [1.40943264 1.64867804]
 [0.42061934 0.20816603]
 [1.7368471  1.75207487]
 [1.84288435 1.75432774]
 [1.9581749  2.04384399]
 [1.47493592 1.76976938]
 [1.37237056 1.28308966]
 [4.19652805 2.8650133 ]
 [2.56506147 2.22282102]
 [1.10019404 1.13027066]
 [4.78697463 2.98322299]
 [0.68124602 0.43460705]
 [1.50873344 1.59876768]
 [2.03731662 1.8500552 ]
 [1.84041458 1.69993667]
 [0.08308344 0.22856643]
 [2.92731089 2.72766782]
 [1.95003857 2.14537446]
 [1.39104289 1.41125665]
 [1.30372739 0.86896898]
 [2.08404675 1.85283979]
 [3.32323342 2.93738247]
 [0.6386297  0.86423876]
 [2.78125369 2.7457072 ]
 [0.24819649 0.43192302]
 [0.93765562 0.87410414]
 [2.31237233 2.82020862]
 [0.94009929 0.90914059]
 [2.56038237 2.51326191]
 [2.39516548 2.2145009 ]
 [0.38637613 0.40272374]
 [0.72892716 0.97930922]
 [1.37637025 1.55044493]
 [1.34220261 1.22454421]
 [0.62645466 0.57877581]
 [1.32729033 1.10133656]
 [1.36829283 1.51614363]
 [0.50304474 0.3975139 ]
 [2.63492712 2.77442391]
 [1.381107   1.34439732]
 [1.3654621  1.26221487]
 [1.2492534  1.240522  ]
 [1.22622337 1.12387854]
 [2.01835067 1.93482502]
 [4.47546486 2.98730405]
 [2.60179964 2.44517998]
 [4.46037201 2.95484432]
 [3.74900755 2.9630942 ]
 [2.54511238 2.9175187 ]
 [2.75061888 2.86177757]
 [2.00538322 1.76536417]
 [3.58562676 2.99487246]
 [2.19655986 2.49739724]
 [3.32864865 2.8921084 ]
 [3.26768339 2.91760429]
 [2.02082072 2.05406842]
 [1.64725678 1.81445444]
 [2.22217973 2.54602707]
 [2.51440281 2.12596949]
 [4.27608682 2.92119055]
 [0.35857007 0.35071069]
 [1.69770434 1.83286956]
 [0.07544654 0.19114677]
 [4.67576558 2.98223297]
 [2.49966186 2.36427408]
 [1.2197031  1.3226166 ]
 [1.16534734 0.98918143]
 [0.90905153 1.00579334]
 [0.96717141 0.83828638]
 [2.22582606 1.9504648 ]
 [2.45477056 2.72650399]
 [0.77210898 0.91260251]
 [3.24027782 2.99109989]
 [2.97297032 2.79695446]]
