[[2.08511002 2.16097348]
 [0.93130106 1.03668218]
 [1.98383737 1.6164502 ]
 [2.09597257 2.0556585 ]
 [0.70193469 0.59430447]
 [1.63322451 1.58117431]
 [3.45448459 2.99196855]
 [0.09940067 0.07863296]
 [2.76410989 2.52609268]
 [2.92879636 2.90878724]
 [0.29958845 0.36403037]
 [0.22275939 0.32248239]
 [1.1992388  1.48130914]
 [2.62335155 2.77442391]
 [3.08389179 2.84704896]
 [0.88098128 0.99619072]
 [2.9100709  2.63649595]
 [3.39534418 2.75580533]
 [0.99284944 1.28010303]
 [2.63857323 2.40648325]
 [2.59505814 2.31265173]
 [3.91374707 2.97141535]
 [1.23866451 0.78651925]
 [1.10716367 0.80121606]
 [0.09166321 0.20017499]
 [1.9742524  2.24081549]
 [4.52904748 2.96986554]
 [0.73396187 0.79289245]
 [2.58633799 2.74921756]
 [0.43741105 0.68192921]
 [2.85357926 2.99026028]
 [2.46035901 2.19027363]
 [1.69354013 1.57168841]
 [2.42214223 2.57795342]
 [1.37059888 1.68158997]
 [0.13313942 0.33276111]
 [0.79916825 0.60780638]
 [2.01610236 2.27624079]
 [3.58464501 2.96197852]
 [1.87437972 2.31096758]
 [2.00932962 2.09192406]
 [0.60383592 0.66085196]
 [0.69177345 0.87043339]
 [1.72849411 2.02491481]
 [1.10741028 1.40173747]
 [1.57382844 1.88056681]
 [2.86636136 2.82828773]
 [2.45772575 2.57010749]
 [2.09289013 2.0503947 ]
 [1.47644397 1.63236415]
 [2.43960746 2.56606924]
 [2.57087522 2.62599818]
 [0.80755385 1.02732192]
 [2.8968027  2.77411254]
 [1.14602514 1.30165013]
 [3.154796   2.94277103]
 [2.51754755 2.8977992 ]
 [2.49966186 2.33129469]
 [1.90540746 1.97803481]
 [0.354592   0.45781196]
 [1.60513157 1.67373598]
 [3.49811591 2.75477577]
 [0.19864353 0.21100032]
 [2.69824555 2.6857811 ]
 [1.64180695 1.64269281]
 [1.93002006 1.71462628]
 [1.55851459 2.00638982]
 [0.19929963 0.40437935]
 [0.967082   1.0069914 ]
 [2.16177797 2.5431014 ]
 [3.01091827 2.89070126]
 [1.72839607 1.78687529]
 [2.24368629 2.1129402 ]
 [0.88339447 1.17329737]
 [1.17538818 1.38480624]
 [0.61386065 0.56270968]
 [2.35248838 2.48140801]
 [2.29978366 2.29161815]
 [0.63356692 0.73279999]
 [2.73227295 2.44932719]
 [3.02153422 2.87640755]
 [1.96942004 2.06686514]
 [3.50266536 2.79167946]
 [1.95305249 2.08881025]
 [2.98444262 2.93877052]
 [2.2050331  2.21883589]
 [1.38600052 1.6044967 ]
 [2.74526722 2.40298367]
 [0.35271022 0.22039996]
 [3.02606448 2.97121859]
 [0.4449911  0.55471677]
 [0.18931294 0.17275052]
 [0.82659245 0.59158904]
 [2.58099231 2.58967945]
 [2.32566972 2.42024043]
 [1.28330495 1.17429109]
 [0.28987907 0.41644955]
 [0.72892716 0.73464192]
 [2.78634115 2.72132717]
 [2.60156818 2.48540444]
 [2.52889693 2.47457569]
 [2.03144214 2.23124759]
 [1.55506534 1.64546727]
 [1.64573001 1.58400419]
 [1.15731468 1.28046405]
 [1.95132352 2.27947619]
 [0.45204858 0.38692795]
 [0.52631263 0.51818239]
 [4.39533201 2.92055658]
 [3.02711004 2.92871479]
 [3.09559817 2.95633474]
 [2.75997514 2.89174767]
 [1.98231345 1.8840697 ]
 [2.68001287 2.70234934]
 [1.17760978 0.88780516]
 [2.82866073 2.7264241 ]
 [1.86249383 1.8571189 ]
 [2.06835082 2.05292887]
 [1.09576903 1.28640208]
 [3.09696083 2.94209711]
 [1.02461073 0.78426214]
 [2.85504381 2.8921084 ]
 [0.87666296 1.02344047]
 [1.48064962 1.59876768]
 [3.70982118 2.94864236]
 [0.36257764 0.51810326]
 [2.47747491 2.47337883]
 [0.66453119 0.8503873 ]
 [2.09974127 1.80836029]
 [2.40722949 2.41078388]
 [1.40096318 1.35408558]
 [1.3981059  1.27053016]
 [2.21751921 2.09352497]
 [1.89054293 2.08798953]
 [0.51409184 0.5875027 ]
 [0.94569187 1.18075024]
 [1.37237056 1.58014758]
 [2.48782192 2.46353089]
 [2.2022028  2.26252508]
 [0.7337369  0.85194968]
 [1.5109075  1.10019594]
 [1.00798317 0.98257217]
 [2.28852644 2.26386668]
 [1.37731013 1.52822574]
 [2.71308206 2.65216864]
 [0.95636026 1.1611387 ]
 [3.48439163 2.71742525]
 [0.99116145 0.85714949]
 [2.2376419  2.55371299]
 [1.25480769 1.27947884]
 [0.57913373 0.81165598]
 [2.52881674 2.35950229]
 [2.94454352 2.52755463]
 [1.68360545 1.75928826]
 [0.811225   0.58378121]
 [0.07544654 0.09658321]
 [0.57646713 0.62429223]
 [0.21314841 0.29832077]
 [2.31237233 2.60884226]
 [1.1745111  1.12214015]
 [2.06139464 1.8346323 ]
 [2.43212287 2.0974397 ]
 [1.82085149 1.69993667]
 [1.0081588  1.24938767]
 [1.15470854 0.85913139]
 [1.1339466  1.22454421]
 [3.51773866 2.75178048]
 [0.7536983  0.73129193]
 [2.71270117 2.64745852]
 [2.31042096 2.26770329]
 [2.39569639 2.44222126]
 [2.60890605 2.3654374 ]
 [0.89675008 1.24068114]
 [1.54018494 1.76088662]
 [1.97731858 1.99183824]
 [1.25995231 1.01846218]
 [0.92374076 1.29292096]
 [3.52904901 2.93738247]
 [0.43339383 0.57900011]
 [0.94030714 0.80121606]
 [2.64605518 2.65002766]
 [0.82418354 1.24938767]
 [1.6555159  2.02491481]
 [1.94163914 1.88706977]
 [1.05679255 0.88523573]
 [0.45140228 0.68375824]
 [0.08693539 0.06022879]
 [4.03682632 2.99345407]
 [3.01769744 2.85423169]
 [0.35427512 0.51957523]
 [1.81232659 1.65201936]
 [2.25321634 2.21821181]
 [2.01610236 2.30230703]
 [2.5228481  2.80034184]
 [1.18303925 1.11078967]
 [1.52851173 1.29046031]
 [3.18748096 2.91874353]
 [1.9742524  2.24007899]
 [3.85559948 2.97583967]
 [1.40705493 1.10963678]
 [2.97399283 2.68663978]
 [2.48426744 2.54635313]
 [4.67945273 2.96986554]
 [3.01028197 2.84322546]
 [2.12302564 2.21430415]
 [3.13053122 2.84177693]
 [1.83859036 1.89962404]
 [2.57087522 2.60047933]
 [2.85558874 2.76167057]
 [0.90743699 0.8234263 ]
 [3.08389179 2.89775861]
 [1.10517666 1.4624139 ]
 [2.99096958 2.74364864]
 [1.44023671 1.48597681]
 [2.03134601 2.0801831 ]
 [2.21524394 2.02511169]
 [1.71389871 1.87551674]
 [0.05471478 0.01793325]
 [4.47905986 2.97735792]
 [3.80668066 2.93584622]
 [3.73226411 2.88083686]
 [1.66699573 1.50661325]
 [2.31042096 2.31698249]
 [2.9406959  2.97493611]
 [1.6539002  2.13960879]
 [0.63356692 0.72773264]
 [1.29990416 1.19895784]
 [1.8647756  2.15063892]
 [1.98199989 1.97745402]
 [2.4515696  2.41078388]
 [2.36899661 2.44222126]
 [0.76662994 0.90757395]
 [1.46745026 1.89486224]
 [1.39042524 1.41937676]
 [2.00932962 2.27983461]
 [2.03075438 1.58445961]
 [2.93571739 2.83977101]
 [0.51409184 0.4255267 ]
 [0.4449911  0.38625132]
 [1.92463748 2.00712436]
 [0.15516694 0.08242318]
 [0.19929963 0.25884179]
 [1.03563948 0.82367729]
 [2.35921808 2.32418358]
 [2.59534715 2.63663286]
 [2.53516675 2.89983748]
 [2.34739514 2.16946932]
 [1.42788141 1.65830074]
 [3.64107018 2.75706309]
 [0.13469372 0.20017499]
 [2.85788271 2.70034919]
 [1.59090991 1.68351346]
 [1.22133638 0.87400329]
 [2.16838174 2.17884894]
 [0.39886931 0.38692795]
 [2.54922193 2.54316304]
 [1.45672097 1.51246111]
 [0.354592   0.46342501]
 [2.18474549 2.42932685]
 [0.97901154 0.80131554]
 [0.80790819 0.81062479]
 [0.29083086 0.22338402]
 [1.85825223 1.4980233 ]
 [4.39533201 2.96203999]
 [3.65689967 2.86302211]
 [0.50149459 0.68152099]
 [2.4811221  2.48117457]
 [1.88290157 1.82406462]
 [2.206205   2.1554614 ]
 [2.02580003 1.73027059]
 [2.82722839 2.30417103]
 [2.85357926 2.74480786]
 [1.5896316  1.6226956 ]
 [1.08103171 1.10827967]
 [2.62833423 2.77288092]
 [1.51504128 1.90284226]
 [2.93412009 2.82039688]
 [1.7425838  1.73498861]
 [1.69262416 1.62640199]
 [1.38009074 1.75409991]
 [1.20555338 1.43005797]
 [0.95626484 1.02732192]
 [1.36698365 1.43750622]
 [0.24572879 0.19685691]
 [0.98973547 0.89084126]
 [1.72555222 2.04361255]
 [1.43391319 1.68186458]
 [2.28982022 2.09202588]
 [0.95793208 0.99324307]
 [2.25169417 2.20371734]
 [1.42012011 1.43397911]
 [2.84602909 2.72897728]
 [1.85077089 1.56014404]
 [1.20086104 1.14572422]
 [0.42522106 0.18940131]
 [4.09592606 2.88606505]
 [2.72744988 2.63060839]
 [2.35964627 2.53754398]
 [2.3060819  2.14581051]
 [0.62411272 0.91364342]]
