[[0.40767923 2.57266835 9.98278355 0.47378115]
 [0.69562057 2.22958288 9.9948394  4.99717288]
 [0.40793125 2.57266835 9.98278355 0.57021613]
 [0.5656986  1.86441269 9.98858649 0.78487207]
 [0.536464   2.12949367 9.99131143 4.31737292]
 [0.46678138 3.03563255 9.96396154 0.71270624]
 [0.64637324 1.83649648 9.63508801 4.90801338]
 [0.41068793 3.38886797 9.99614783 3.73026832]
 [0.51166762 2.5433442  9.99952694 3.52834446]
 [0.53944956 2.04790283 9.88421514 0.71528404]
 [0.7063117  1.39123466 9.99484008 4.99140723]
 [0.50511834 2.48901233 9.97061562 0.64912078]
 [0.40793125 2.57266835 9.98278355 0.60366841]
 [0.40575388 2.84022936 9.86512749 0.65657808]
 [0.8065364  2.12404593 9.94881616 3.30300434]
 [0.50023579 2.53570577 9.97746827 1.22317041]
 [0.50363731 2.50065921 9.90683172 1.86187837]
 [0.44806133 2.37910375 9.96977141 1.9947416 ]
 [0.536464   2.12770057 9.99443994 2.85645482]
 [0.695872   2.21340852 9.99582058 1.14814943]
 [0.65507325 1.76011747 9.96605656 1.30487892]
 [0.45948123 2.37819765 9.81258987 2.57018181]
 [0.43829654 2.90060374 9.88810809 0.99584315]
 [0.43159827 3.29885675 9.96396154 1.5099608 ]
 [0.44221813 3.11480009 9.99650636 2.59819877]
 [0.65507325 1.76011747 9.96605656 0.88343076]
 [0.59867867 2.90142127 9.99833649 1.41855468]
 [0.43475783 2.79100101 9.99972729 1.00559554]
 [0.51166762 2.49653606 9.99903057 1.04144759]
 [0.44813272 2.67635726 9.99115472 0.83785957]
 [0.53765811 2.779257   9.93955771 1.90043534]
 [0.47335804 2.46409773 9.9826524  2.22606586]
 [0.695872   2.12404593 9.8557976  3.26892641]
 [0.50201919 2.42761054 9.99936083 0.80885728]
 [0.52366892 3.06382714 9.96396154 2.50385792]
 [0.47284352 2.46409773 9.9810573  2.10116661]
 [0.51856944 2.42761054 9.98443881 3.02682769]
 [0.63302022 2.93958322 9.92722979 2.32884409]
 [0.47497335 3.12043429 9.9810573  3.88613456]
 [0.46228652 2.86450912 9.88421514 2.17450318]
 [0.53894367 2.04336465 9.98873582 3.00081506]
 [0.4623126  2.93958322 9.92722979 2.29464025]
 [0.51166762 2.49653606 9.99903057 1.11993726]
 [0.43829654 2.61950506 9.99937728 1.07954622]
 [0.40798658 2.57935364 9.96194836 4.14975854]
 [0.51115311 2.075737   9.99743594 3.52834446]
 [0.64637324 1.89800498 9.72767183 4.90801338]
 [0.71829121 2.90142127 9.99833649 1.58186311]
 [0.51170561 2.49653606 9.90743639 0.94241456]
 [0.695872   2.12934708 9.99443994 2.88011771]
 [0.4647499  2.50351375 9.99055925 1.75986846]
 [0.60934646 2.46258571 9.99055925 1.30920832]
 [0.63943069 2.50187223 9.97778317 1.3618914 ]
 [0.43813751 2.8121769  9.98817181 3.05352106]
 [0.40985745 2.87440065 9.95846422 1.59463089]
 [0.5368416  2.66817401 9.63373803 1.76171757]
 [0.4647499  2.50351375 9.99981957 1.75986846]
 [0.40859252 2.61138719 9.99784394 0.58598667]
 [0.4956062  3.00329674 9.99699008 3.79466299]
 [0.49774778 2.90060374 9.9961135  0.92887668]
 [0.52632991 2.55676608 9.99903057 1.33658338]
 [0.53894367 2.04336465 9.99992197 1.1120122 ]
 [0.51166762 2.49653606 9.99908285 3.12920471]
 [0.44035516 2.93958322 9.90790507 2.32884409]
 [0.39069714 3.02127029 9.98689391 3.98958921]
 [0.43541742 2.54649027 9.98817181 0.57227226]
 [0.45065286 3.41792681 9.96977141 2.52280886]
 [0.695872   1.86205544 9.99582058 0.81937167]
 [0.52788662 2.48744483 9.98845545 0.8936637 ]
 [0.40793125 2.57266835 9.98163994 0.58598667]]
