[[3.60699608e+01 1.65566552e+01]
 [7.76812641e+00 3.22621992e+01]
 [2.61940879e+01 2.05456462e+01]
 [3.44753316e+01 1.71025222e+01]
 [3.38364045e+00 3.78835185e+01]
 [7.01718697e+00 3.32064912e+01]
 [2.06701379e+01 2.30235463e+01]
 [8.35413583e+01 6.42080819e+00]
 [6.42545421e-02 4.82357273e+01]
 [5.60857909e+01 1.11194220e+01]
 [6.81555654e+01 8.66305532e+00]
 [8.89085385e-01 4.35860832e+01]
 [6.14466549e-01 4.47011988e+01]
 [7.04643053e+01 8.30666886e+00]
 [7.07409588e+00 3.29968040e+01]
 [6.16784942e+01 9.95395502e+00]
 [5.10129214e+01 1.23026655e+01]
 [4.83307391e+01 1.30055861e+01]
 [3.09838326e+01 1.84529702e+01]
 [9.65869014e+01 5.29510110e+00]
 [7.47103428e+00 3.27839613e+01]
 [1.93888691e-01 4.71300901e+01]
 [3.56757064e+01 1.67682477e+01]
 [1.17329489e+02 4.34324222e+00]
 [4.66951383e+00 3.58988353e+01]
 [2.62542348e+00 3.94629533e+01]
 [6.83382844e+01 8.64617576e+00]
 [2.13531304e+01 2.26859973e+01]
 [5.00504672e+01 1.25116603e+01]
 [5.13824242e-01 4.54694508e+01]
 [4.03239394e+00 3.69383522e+01]
 [3.69837635e+01 1.63225093e+01]
 [8.64919865e+01 6.15676129e+00]
 [3.54154819e+01 1.70003975e+01]
 [3.36542071e+01 1.74010150e+01]
 [3.20537255e+00 3.81544643e+01]
 [4.94481916e+00 3.56141364e+01]
 [1.27649019e+01 2.80997480e+01]
 [2.40538698e+01 2.14695150e+01]
 [6.48609556e+01 9.26874806e+00]
 [5.05834735e+01 1.23675360e+01]
 [3.43372301e+01 1.71514592e+01]
 [1.93779981e+01 2.37564183e+01]
 [5.01455835e+01 1.24796289e+01]
 [6.33070848e+01 9.61319687e+00]
 [5.40210633e+01 1.15365319e+01]
 [6.83013424e+00 3.33587758e+01]
 [3.12500802e+01 1.84325539e+01]
 [6.43486652e+01 9.37801384e+00]
 [1.20306667e+01 2.85309140e+01]
 [7.44505565e+01 7.63696884e+00]
 [4.67329773e+01 1.33736789e+01]
 [3.01727971e+01 1.87087766e+01]
 [1.34130912e+00 4.22112876e+01]
 [4.93661976e-01 4.58807307e+01]
 [2.15113580e+01 2.25891640e+01]
 [3.35921562e-01 4.59875418e+01]
 [5.79757966e+01 1.06536827e+01]
 [4.76391019e+01 1.32669915e+01]
 [2.15758789e+01 2.25489721e+01]
 [2.66596827e+01 2.02184574e+01]
 [2.58182713e+01 2.08055238e+01]
 [7.79711709e+00 3.22085453e+01]
 [4.45625951e+01 1.40918550e+01]
 [6.96871304e+01 8.40558730e+00]
 [2.47211051e+01 2.10275627e+01]
 [3.79945778e+01 1.59323796e+01]
 [8.62804999e+00 3.15900942e+01]
 [1.31969028e+01 2.76972815e+01]
 [2.77386830e+00 3.89277638e+01]
 [4.67663491e+01 1.33526234e+01]
 [4.21620745e+01 1.46265005e+01]
 [3.75361146e+00 3.72747338e+01]
 [5.38580768e+01 1.16485177e+01]
 [6.96135576e+01 8.42397176e+00]
 [3.26021873e+01 1.77876950e+01]
 [8.02485554e+01 7.11869063e+00]
 [3.27101692e+01 1.77589149e+01]
 [6.91123586e+01 8.55038487e+00]
 [7.01730799e+01 8.31113849e+00]
 [3.91416147e+01 1.55467138e+01]
 [1.79816284e+01 2.45904349e+01]
 [1.14352050e+02 4.60422727e+00]
 [6.91922583e-01 4.44418788e+01]
 [7.19408245e+01 8.01237546e+00]
 [2.02291111e+00 4.05086490e+01]
 [2.62728519e-01 4.64450476e+01]
 [4.13293070e+00 3.68514178e+01]
 [5.34718436e+01 1.16612434e+01]
 [4.50652135e+01 1.38072019e+01]
 [1.21033246e+01 2.84498708e+01]
 [1.02984042e+00 4.31941739e+01]
 [4.28413418e+00 3.64353428e+01]
 [6.06772742e+01 1.00926354e+01]
 [5.17815690e+01 1.20756660e+01]
 [5.00753781e+01 1.24841183e+01]
 [3.64208919e+01 1.64783257e+01]
 [2.05031630e+01 2.31204647e+01]
 [5.52778958e+01 1.14322952e+01]
 [2.08699861e+01 2.29201545e+01]
 [1.19158618e+01 2.86011782e+01]
 [3.60147008e+01 1.66956781e+01]
 [1.41624463e+00 4.19642958e+01]
 [2.18207191e+00 4.01005677e+01]
 [1.11394377e+02 4.68970831e+00]
 [7.09630621e+01 8.18251721e+00]
 [7.32905725e+01 7.80331402e+00]
 [6.39186693e+01 9.46243930e+00]
 [2.99171409e+01 1.88154538e+01]
 [5.68011641e+00 3.48922452e+01]
 [5.79406439e+01 1.06615388e+01]
 [8.69985118e+00 3.15208134e+01]
 [6.17388396e+01 9.88386160e+00]
 [2.76710956e+01 1.97216465e+01]
 [3.78735500e+01 1.60826086e+01]
 [3.39703682e+01 1.72797952e+01]
 [3.11710112e+01 1.84462971e+01]
 [1.14221603e+01 2.90338290e+01]
 [7.29884071e+01 7.85652240e+00]
 [6.65957702e+00 3.35761655e+01]
 [6.60622646e+01 9.04404406e+00]
 [7.26387335e+00 3.28149341e+01]
 [1.89935255e+01 2.39542084e+01]
 [1.87070036e+00 4.11537541e+01]
 [2.03279564e+01 2.34982790e+01]
 [8.98290597e+01 5.87262957e+00]
 [1.59957415e+00 4.15930845e+01]
 [4.90219390e+01 1.27469474e+01]
 [2.93961870e+01 1.92370874e+01]
 [4.65904102e+00 3.60155754e+01]
 [3.07163213e+01 1.85980647e+01]
 [4.64265309e+01 1.34264990e+01]
 [1.51849824e+01 2.62457580e+01]
 [1.42757879e+01 2.68825864e+01]
 [3.72009529e+01 1.61897965e+01]
 [3.17354115e+01 1.81485282e+01]
 [2.43779936e+00 3.95935045e+01]
 [9.15401703e+00 3.10240831e+01]
 [1.75210694e+01 2.48550859e+01]
 [4.90329696e+01 1.27447142e+01]
 [3.98748676e+01 1.53214381e+01]
 [5.05675235e+00 3.54073223e+01]
 [7.92591256e+00 3.20759247e+01]
 [4.14497823e+01 1.48385144e+01]
 [1.69298285e+01 2.51770984e+01]
 [2.79712804e+01 1.96417636e+01]
 [5.75792510e+01 1.07423058e+01]
 [9.05147208e+00 3.10878785e+01]
 [6.86842505e+00 3.32339969e+01]
 [1.63030094e+01 2.55336468e+01]
 [1.28464337e+01 2.78687432e+01]
 [4.78486607e+01 1.30789748e+01]
 [2.37184900e+01 2.15006854e+01]
 [6.00819875e-02 4.82947230e+01]
 [2.88822055e+00 3.87144616e+01]
 [5.37710108e-01 4.50197357e+01]
 [1.05546994e+01 2.96721623e+01]
 [3.04608941e+01 1.86549541e+01]
 [2.48211394e+01 2.09974032e+01]
 [1.03094148e+01 3.00018891e+01]
 [8.28583428e+00 3.19330592e+01]
 [6.13992663e+00 3.42359010e+01]
 [1.11413737e+01 2.92004353e+01]
 [4.41139604e+00 3.62529467e+01]
 [5.74711369e+01 1.07661874e+01]
 [4.19220930e+01 1.46992807e+01]
 [4.68152236e+01 1.33246294e+01]
 [2.18915653e+01 2.24621758e+01]
 [3.15088335e+01 1.81856401e+01]
 [1.00997664e+01 3.03583244e+01]
 [8.43296107e+01 6.41808789e+00]
 [2.09228537e+00 4.03991319e+01]
 [4.20179516e+00 3.65676125e+01]
 [4.89422333e+00 3.56433358e+01]
 [4.46754840e+01 1.39756051e+01]
 [7.38066957e+01 7.72626853e+00]
 [9.44186273e+01 5.43984701e+00]
 [9.09107421e+01 5.79270177e+00]
 [5.74011318e+01 1.07818590e+01]
 [1.04041777e+01 2.98273252e+01]
 [1.02151089e+00 4.33897120e+01]
 [6.09877948e+01 1.00266736e+01]
 [9.87140677e+01 5.15329996e+00]
 [5.58171212e+01 1.11259067e+01]
 [5.66245493e+01 1.09747939e+01]
 [4.10507024e+01 1.52058554e+01]
 [5.20925890e+01 1.20163115e+01]
 [5.82876010e+01 1.05869375e+01]
 [1.07354266e+00 4.29455598e+01]
 [7.60693272e+01 7.39524751e+00]
 [3.86101065e+01 1.57204744e+01]
 [1.83952066e+01 2.43678169e+01]
 [1.51501294e+01 2.66107679e+01]
 [4.59567235e+01 1.35614708e+01]
 [1.56245453e+01 2.59624195e+01]
 [5.57091684e+00 3.49948407e+01]
 [7.56982625e+00 3.24391017e+01]
 [2.25031214e+01 2.21677469e+01]
 [7.99348935e+01 7.13491761e+00]
 [5.69816682e+01 1.08784580e+01]
 [1.57257798e+01 2.59138182e+01]
 [4.21763721e+01 1.46222774e+01]
 [7.17851211e+01 8.06961740e+00]
 [5.84258409e+01 1.05735263e+01]
 [9.19718217e+01 5.61203330e+00]
 [7.90904723e-01 4.39768484e+01]
 [1.21860550e+02 4.18501420e+00]
 [1.95778147e+01 2.36174441e+01]
 [2.70519486e+01 2.01070854e+01]
 [3.23467402e+01 1.78757468e+01]
 [1.78274288e+01 2.47804181e+01]
 [8.72600507e+00 3.13138304e+01]
 [5.70713182e+01 1.08754709e+01]
 [3.97293161e+00 3.69540129e+01]
 [5.27342146e+01 1.19338288e+01]
 [1.14994557e+00 4.28346482e+01]
 [5.86602304e+01 1.05077765e+01]
 [6.39524684e+01 9.45034744e+00]
 [1.90750023e+00 4.11074875e+01]
 [5.23499921e+01 1.20157406e+01]
 [5.16575746e+01 1.21136233e+01]
 [5.90874946e+01 1.04196592e+01]
 [5.33660050e+01 1.16866247e+01]
 [8.83252610e+01 6.10060931e+00]
 [5.99780668e+01 1.02435164e+01]
 [1.36912437e+01 2.72626522e+01]
 [4.93199685e+01 1.27270988e+01]
 [4.21973810e+01 1.46178678e+01]
 [1.43798148e+01 2.68030641e+01]
 [4.58715248e+01 1.35843025e+01]
 [2.88154729e+00 3.87621505e+01]
 [1.69690994e+01 2.51150619e+01]
 [2.32225993e+01 2.17305077e+01]
 [1.68565066e+00 4.14542334e+01]
 [5.82081982e-01 4.47684616e+01]
 [1.84949279e+01 2.42625204e+01]
 [2.22531213e+01 2.23161354e+01]
 [3.36169780e+01 1.74199394e+01]
 [5.27179015e+01 1.20068917e+01]
 [1.30421644e+01 2.77943313e+01]
 [5.43933014e+01 1.15208360e+01]
 [3.64144842e+00 3.75226235e+01]
 [2.97630403e+01 1.89919874e+01]
 [2.22103868e+00 4.00201847e+01]
 [7.72037638e+01 7.21547612e+00]
 [1.15157497e+01 2.89731065e+01]
 [1.23316475e+00 4.25557501e+01]
 [2.77969074e+01 1.96888448e+01]
 [3.07199204e+01 1.84907219e+01]
 [1.96095250e-01 4.71169099e+01]
 [5.94887123e+01 1.03345290e+01]
 [2.74888893e+01 2.00169919e+01]
 [6.43457871e+01 9.38302544e+00]
 [2.88244799e+01 1.92427216e+01]
 [4.04178610e+01 1.53048919e+01]
 [1.92801352e+01 2.38150399e+01]
 [1.03509305e+01 2.99059580e+01]
 [8.35373590e+01 6.53529830e+00]
 [3.30196677e+01 1.76383794e+01]
 [6.56111996e+00 3.42301355e+01]
 [2.57239492e+01 2.08118066e+01]
 [5.61079216e+01 1.10667837e+01]
 [5.17514460e+00 3.53079606e+01]
 [1.14361339e+02 4.37443156e+00]
 [4.95986925e+01 1.26288625e+01]
 [1.04000208e+02 4.99687711e+00]
 [1.75100271e+01 2.50517168e+01]
 [4.32138479e+01 1.43216569e+01]
 [3.74254567e+01 1.61123023e+01]
 [3.56251700e+01 1.67718518e+01]
 [3.54230239e+01 1.69897510e+01]
 [2.30098488e+01 2.20628959e+01]
 [2.15914603e+00 4.02555570e+01]
 [3.33001354e+01 1.76215671e+01]
 [1.62332762e+01 2.55798297e+01]
 [5.79895124e+00 3.44269893e+01]
 [2.64691492e+01 2.03478300e+01]
 [2.16015777e+01 2.25365543e+01]
 [4.11006671e+01 1.49427245e+01]
 [4.28231680e+01 1.45327199e+01]
 [3.21629812e+01 1.81089021e+01]
 [3.91605324e+01 1.55445690e+01]
 [6.77285399e+01 8.78558665e+00]
 [2.36654130e+01 2.16614311e+01]
 [1.01403585e+01 3.01112739e+01]
 [3.63458172e+01 1.64823861e+01]
 [2.82819662e+01 1.94748641e+01]
 [4.57968837e+01 1.36063206e+01]
 [9.52272475e+01 5.38571108e+00]
 [4.69453067e+01 1.32878550e+01]
 [2.56053832e+01 2.09969673e+01]
 [1.48711226e+01 2.66161021e+01]
 [4.37473450e+00 3.63044760e+01]
 [2.38765924e+01 2.14903480e+01]
 [1.45945941e+01 2.66524122e+01]
 [4.31875752e+01 1.43479412e+01]
 [1.06595085e+01 2.96091197e+01]
 [8.60361863e+00 3.15982279e+01]
 [1.95477109e+01 2.36288831e+01]
 [1.03009756e+02 5.09298648e+00]
 [4.84137029e+01 1.29082255e+01]
 [1.11763572e+01 2.91548196e+01]
 [1.36051629e-01 4.74264212e+01]
 [5.32278705e+01 1.17185877e+01]
 [4.58712766e+01 1.36049022e+01]
 [1.71966833e+00 4.13410414e+01]
 [9.43056217e+01 5.44526813e+00]
 [9.20691518e+00 3.09400228e+01]
 [1.85993716e+01 2.41651139e+01]
 [2.61013844e-01 4.64755850e+01]
 [2.41263133e+01 2.13777231e+01]]
