[[3.60699608e+01 1.65566552e+01]
 [7.76812641e+00 3.22621992e+01]
 [2.61940879e+01 2.05456462e+01]
 [3.44753316e+01 1.71025222e+01]
 [3.38364045e+00 3.78835185e+01]
 [7.01718697e+00 3.32064912e+01]
 [2.06701379e+01 2.30235463e+01]
 [8.35413583e+01 6.42080819e+00]
 [6.42545421e-02 4.82357273e+01]
 [5.60857909e+01 1.11194220e+01]
 [6.81555654e+01 8.66305532e+00]
 [8.89085385e-01 4.35860832e+01]
 [6.14466549e-01 4.47011988e+01]
 [1.45298019e+01 2.68269711e+01]
 [5.83176055e+01 1.06016468e+01]
 [7.04643053e+01 8.30666886e+00]
 [7.07409588e+00 3.29968040e+01]
 [6.16784942e+01 9.95395502e+00]
 [4.22734344e+01 1.46637253e+01]
 [2.05528226e+01 2.32543913e+01]
 [5.10129214e+01 1.23026655e+01]
 [4.83307391e+01 1.30055861e+01]
 [3.09838326e+01 1.84529702e+01]
 [9.65869014e+01 5.29510110e+00]
 [7.47103428e+00 3.27839613e+01]
 [1.93888691e-01 4.71300901e+01]
 [3.56757064e+01 1.67682477e+01]
 [3.01435576e+00 3.87437753e+01]
 [1.17329489e+02 4.34324222e+00]
 [4.66951383e+00 3.58988353e+01]
 [5.69893656e+01 1.08917859e+01]
 [2.62542348e+00 3.94629533e+01]
 [6.83382844e+01 8.64617576e+00]
 [4.34026601e+01 1.43443386e+01]
 [2.13531304e+01 2.26859973e+01]
 [5.00504672e+01 1.25116603e+01]
 [1.88251444e+01 2.41843976e+01]
 [4.03239394e+00 3.69383522e+01]
 [2.38404433e+01 2.15314788e+01]
 [3.69837635e+01 1.63225093e+01]
 [8.64919865e+01 6.15676129e+00]
 [3.54154819e+01 1.70003975e+01]
 [3.36542071e+01 1.74010150e+01]
 [3.20537255e+00 3.81544643e+01]
 [4.94481916e+00 3.56141364e+01]
 [2.83518875e+01 1.95538827e+01]
 [2.40538698e+01 2.14695150e+01]
 [6.48609556e+01 9.26874806e+00]
 [5.05834735e+01 1.23675360e+01]
 [3.43372301e+01 1.71514592e+01]
 [1.93779981e+01 2.37564183e+01]
 [5.01455835e+01 1.24796289e+01]
 [5.40210633e+01 1.15365319e+01]
 [6.83013424e+00 3.33587758e+01]
 [6.43486652e+01 9.37801384e+00]
 [1.71358718e+00 4.17938033e+01]
 [1.20306667e+01 2.85309140e+01]
 [7.44505565e+01 7.63696884e+00]
 [4.67329773e+01 1.33736789e+01]
 [2.47667708e+00 3.95005730e+01]
 [1.08713812e+02 4.61028971e+00]
 [9.97614699e+01 5.07508864e+00]
 [4.44382953e-02 4.85252010e+01]
 [1.26033438e+01 2.80734040e+01]
 [4.09043324e+01 1.50329348e+01]
 [5.64753565e+01 1.10724810e+01]
 [3.35307680e+01 1.74440450e+01]
 [1.49263776e+01 2.64169299e+01]
 [3.47308031e+01 1.70116805e+01]
 [2.19361768e+01 2.23690046e+01]
 [5.20205669e+01 1.21386943e+01]
 [2.53460918e+01 2.07671475e+01]
 [8.27571166e+00 3.21718705e+01]
 [5.53214599e+00 3.47705915e+01]
 [9.80659465e+00 3.11128054e+01]
 [1.71837609e+01 2.49926997e+01]
 [1.07520290e+00 4.34228893e+01]
 [1.28446118e+00 4.26556463e+01]
 [1.72761665e+00 4.12008325e+01]
 [5.30812202e+00 3.53191891e+01]
 [7.44386359e+01 7.63905265e+00]
 [4.16421174e+01 1.48410380e+01]
 [4.00642709e+01 1.52941323e+01]
 [2.48753471e+01 2.11252688e+01]
 [6.33232665e+01 9.57229557e+00]
 [5.49807839e+01 1.13685287e+01]
 [5.33630134e+01 1.16955266e+01]
 [5.51774900e+01 1.13130681e+01]
 [5.31564029e+01 1.17352304e+01]
 [5.89163352e+01 1.04793600e+01]
 [7.25984040e+01 7.91950198e+00]
 [4.70371718e-01 4.53262708e+01]
 [3.11065253e+01 1.84052574e+01]
 [9.66938572e+01 5.27688044e+00]
 [2.32498493e+01 2.18225132e+01]
 [5.45076967e-01 4.50289498e+01]
 [6.06768628e+01 1.00904057e+01]
 [4.30471093e+00 3.64071912e+01]
 [6.62132958e+00 3.38090304e+01]
 [9.67347117e+00 3.11917508e+01]
 [6.58993933e+01 9.11681968e+00]
 [1.08468779e+02 4.65208375e+00]
 [1.66959328e+01 2.53234916e+01]
 [4.01071876e-03 4.95964008e+01]
 [4.55257165e+01 1.37284213e+01]
 [3.19904321e+01 1.80040385e+01]
 [3.07076137e-01 4.64613998e+01]
 [1.72132404e+01 2.49815187e+01]
 [4.34611984e+01 1.42622391e+01]
 [3.16257057e+01 1.81767204e+01]
 [3.72622856e+01 1.62187711e+01]
 [1.97187714e+01 2.36225084e+01]
 [5.88820981e+01 1.04870840e+01]
 [1.97263751e+01 2.35632223e+01]
 [1.73687578e+01 2.49235052e+01]
 [1.38835985e+00 4.24875844e+01]
 [6.15113039e+01 9.99847099e+00]
 [3.83515736e+00 3.71783732e+01]
 [1.05510283e+02 4.75872564e+00]
 [8.31354595e+00 3.17068067e+01]
 [3.42614220e+01 1.72635701e+01]
 [5.57302177e+01 1.12070960e+01]
 [4.71353782e+01 1.32738549e+01]
 [2.29292790e+01 2.19513532e+01]
 [6.00398767e+01 1.02587185e+01]
 [2.37326155e+01 2.15623783e+01]
 [6.65124042e+01 9.07206575e+00]
 [7.93531567e+01 7.12643241e+00]
 [7.58634979e+01 7.40008246e+00]
 [1.49152280e+01 2.65280999e+01]
 [5.97745608e+01 1.04136363e+01]
 [9.32166459e-02 4.78701555e+01]
 [7.71659403e+01 7.23997416e+00]
 [5.11056976e+01 1.22269390e+01]
 [6.25746784e+01 9.70862615e+00]
 [1.16558069e+01 2.89883925e+01]
 [1.21712242e+01 2.83856836e+01]
 [1.17350405e+02 4.33966913e+00]
 [7.03817761e+01 8.32229419e+00]
 [6.57942263e+01 9.12485309e+00]
 [6.18824997e+01 9.85888636e+00]
 [4.62079004e+01 1.36050567e+01]
 [3.33834294e+01 1.76214597e+01]
 [1.30103804e+01 2.77656424e+01]
 [6.79218444e+00 3.33955682e+01]
 [5.85338935e+01 1.05435388e+01]
 [3.91309623e+01 1.56197202e+01]
 [1.77540940e+01 2.46453224e+01]
 [6.68470261e+01 8.92113971e+00]
 [4.00945684e+01 1.52854235e+01]
 [1.28986082e+01 2.78403932e+01]
 [9.34408827e+01 5.86291124e+00]
 [3.93166540e+00 3.69727215e+01]
 [7.62160446e+00 3.26767437e+01]
 [1.48639748e+01 2.67844177e+01]
 [5.46524873e+01 1.14337394e+01]
 [1.05808656e+01 2.96643588e+01]
 [7.46939893e+01 7.58915974e+00]
 [3.21397051e+01 1.79497150e+01]
 [1.14775769e+01 2.90486176e+01]
 [9.76925840e+01 5.16992494e+00]
 [5.89301875e+00 3.44974574e+01]
 [2.14472984e+01 2.26174754e+01]
 [6.55167822e+01 9.16065125e+00]
 [4.37892320e+01 1.41911181e+01]
 [4.49915189e+00 3.63404648e+01]
 [5.74878807e+01 1.07593240e+01]
 [5.42153984e+01 1.14927726e+01]
 [5.22874873e-01 4.51663393e+01]
 [1.12801414e+01 2.92784205e+01]
 [1.70792350e+01 2.50523930e+01]
 [4.47027060e+01 1.40580727e+01]
 [3.61104700e+01 1.65433629e+01]
 [5.76729300e+00 3.45989250e+01]
 [2.91962042e+01 1.91229856e+01]
 [6.09746451e+01 1.00765837e+01]
 [5.32798181e+01 1.17244576e+01]
 [7.46281934e+01 7.59886053e+00]
 [4.61451819e+01 1.36245945e+01]
 [5.22750998e+01 1.19470399e+01]
 [6.21551110e-02 4.82727420e+01]
 [8.91301894e+01 5.86575759e+00]
 [2.47670420e+01 2.13916398e+01]
 [1.14292196e+00 4.31312648e+01]
 [2.62932272e+00 3.93207057e+01]
 [1.08425642e+02 4.65947849e+00]
 [7.20881379e+01 8.04716917e+00]
 [1.02993930e-01 4.77617528e+01]
 [8.81355017e+00 3.12203260e+01]
 [7.41483965e+01 7.69005839e+00]
 [1.16116481e+01 2.90094035e+01]
 [2.00347668e+00 4.05064580e+01]
 [8.83234740e+01 5.96609565e+00]
 [6.53101444e+01 9.18582199e+00]
 [5.68690810e+01 1.10089593e+01]
 [9.81086465e-04 4.98157735e+01]
 [6.30264423e+01 9.63479908e+00]
 [4.87373647e+01 1.29289927e+01]
 [2.55232183e+01 2.06929912e+01]
 [6.17109723e+00 3.43123498e+01]
 [2.32235218e+00 4.00852406e+01]
 [5.89364528e+01 1.04537701e+01]
 [2.64501680e+01 2.02908346e+01]
 [1.69026936e+01 2.51675185e+01]
 [6.95643621e+01 8.41677212e+00]
 [3.72185396e+01 1.62791689e+01]
 [1.47963700e+00 4.18346075e+01]
 [6.50769769e+01 9.24750435e+00]
 [1.10544099e+01 2.96152393e+01]
 [1.72244976e+01 2.49692359e+01]
 [1.06382919e+01 2.96189004e+01]
 [8.86845518e+01 5.95574203e+00]
 [6.21396105e+01 9.84162383e+00]
 [3.55388811e+01 1.67721841e+01]
 [2.83179717e+00 3.88914741e+01]
 [8.06710729e+01 6.75557629e+00]
 [9.63800789e+01 5.39169203e+00]
 [3.60585789e+01 1.67447757e+01]
 [5.39807434e+01 1.15584851e+01]
 [1.10575553e+02 4.53217778e+00]
 [1.45204768e+01 2.68343636e+01]
 [4.15184206e+01 1.49200970e+01]
 [2.80372415e+01 1.95682366e+01]
 [3.11814689e+01 1.83104779e+01]
 [6.17914574e+00 3.39753316e+01]
 [8.72112941e+01 6.06974225e+00]
 [2.99031180e+01 1.88462125e+01]
 [1.21428099e-01 4.75750892e+01]
 [1.03670048e+01 2.98302608e+01]
 [4.43742274e+01 1.40751361e+01]
 [3.78151860e+01 1.59840989e+01]
 [1.01099962e+01 3.03113466e+01]
 [1.36620525e+01 2.73387537e+01]
 [7.46164330e-01 4.45400753e+01]
 [9.47796963e+01 5.47612366e+00]
 [9.96897039e+01 5.08730341e+00]
 [1.14671026e+02 4.41546074e+00]
 [7.65749882e-01 4.41458312e+01]
 [4.62760898e+01 1.34917652e+01]
 [2.38045354e-02 4.89628025e+01]
 [1.17752507e+01 2.86814998e+01]
 [7.93944230e+01 7.11859367e+00]
 [3.27339164e-01 4.63175007e+01]
 [1.64184978e+01 2.55041370e+01]
 [3.86073782e+01 1.58425087e+01]
 [6.27281716e+00 3.38661153e+01]
 [2.89465249e+01 1.91968354e+01]
 [2.69760734e+01 2.00180005e+01]
 [6.02393823e+01 1.01871927e+01]
 [3.11330763e+00 3.85119608e+01]
 [4.39282940e+01 1.41400721e+01]
 [9.46202461e+01 5.48068074e+00]
 [2.12645301e+01 2.29746756e+01]
 [2.36132885e+01 2.15642541e+01]
 [2.27309971e+01 2.21136116e+01]
 [5.44798863e+00 3.50845575e+01]
 [6.32172633e+01 9.60573800e+00]
 [3.06078378e+01 1.85391821e+01]
 [9.90098990e+00 3.09848935e+01]
 [1.17871190e+02 4.25864746e+00]
 [1.71344624e-02 4.92876073e+01]
 [5.21002410e+01 1.20493422e+01]
 [3.55052388e+01 1.69272931e+01]
 [1.34026216e+00 4.26551045e+01]
 [1.28962238e+02 4.11020623e+00]
 [7.35481227e+01 7.75022437e+00]
 [5.10376677e+01 1.22765408e+01]
 [8.54995069e+01 6.20891352e+00]
 [4.67105204e+01 1.34186135e+01]
 [3.58540643e+00 3.75401247e+01]
 [1.89027395e+01 2.39843434e+01]
 [2.38208248e+00 4.00325266e+01]
 [7.47288704e+01 7.58856452e+00]
 [5.24730262e+01 1.19020964e+01]
 [9.59264785e+01 5.47219081e+00]
 [4.12195822e+01 1.50131574e+01]
 [2.83850776e+01 1.94291234e+01]
 [7.13789530e+01 8.10410118e+00]
 [2.15819960e+01 2.25481439e+01]
 [4.78386338e+01 1.30637207e+01]
 [6.05470337e+01 1.01368100e+01]
 [6.10167288e+01 1.00208884e+01]
 [2.75550635e+00 3.89554692e+01]
 [6.05652327e+01 1.01116783e+01]
 [8.39333237e+01 6.39253253e+00]
 [4.65415396e+00 3.60996001e+01]
 [4.92525781e+01 1.27430420e+01]
 [3.17733470e+01 1.80856258e+01]]
