[[1.86260211e-03 3.45560727e-03 1.79353495e+00]
 [3.81016124e-03 7.49858311e-03 2.02228296e+00]
 [2.74119775e-03 5.60529991e-03 2.34345957e+00]
 [4.44117107e-03 8.28135361e-03 1.85269631e+00]
 [4.32981507e-03 9.09311989e-03 2.21095800e+00]
 [1.61510770e-03 3.42440641e-03 1.52376081e+00]
 [3.11702918e-03 6.68796606e-03 1.65193441e+00]
 [1.15103041e-03 2.27001165e-03 2.19196477e+00]
 [2.53888621e-03 5.91387182e-03 1.85759032e+00]
 [3.93884008e-03 6.88955048e-03 1.80800322e+00]
 [3.72748802e-03 7.10354578e-03 1.91128685e+00]
 [1.01581476e-03 2.25806922e-03 2.94264094e+00]
 [2.69654701e-03 5.90546522e-03 1.76106815e+00]
 [3.14417222e-03 6.05896361e-03 2.18969427e+00]
 [4.79737567e-03 9.46676679e-03 2.10686741e+00]
 [8.48018217e-04 2.02463036e-03 2.70847595e+00]
 [2.31462936e-03 4.26821349e-03 1.49622293e+00]
 [1.95429481e-03 4.24845772e-03 2.94003998e+00]
 [2.30768767e-03 4.20345982e-03 1.45107159e+00]
 [3.20338428e-03 6.96507777e-03 2.35696491e+00]
 [6.66556705e-04 1.24751300e-03 1.83683011e+00]
 [4.96518340e-03 8.91262767e-03 1.77297553e+00]
 [6.96952642e-03 9.97913933e-03 2.71881261e+00]
 [5.40380747e-03 9.48836288e-03 1.63014829e+00]
 [3.04631160e-03 5.55900211e-03 2.07353664e+00]
 [5.23907956e-03 9.74478891e-03 2.34236331e+00]
 [4.47893526e-03 8.98748579e-03 1.89657470e+00]
 [1.86260211e-03 3.45560727e-03 1.39636125e+00]
 [5.19088788e-03 9.97062438e-03 2.46137542e+00]
 [3.78650491e-03 6.84913193e-03 1.53800339e+00]
 [2.11070382e-03 4.27665806e-03 2.43951105e+00]
 [1.35221051e-03 3.36358643e-03 1.86493961e+00]
 [4.37477135e-03 8.62726975e-03 2.11337765e+00]
 [3.04647236e-03 6.71760362e-03 2.07353664e+00]
 [3.46661117e-03 8.05230806e-03 2.25299232e+00]
 [3.41459877e-03 6.62311944e-03 2.22631346e+00]
 [4.60901103e-03 9.81100160e-03 2.20943220e+00]
 [7.72152771e-04 1.71956948e-03 1.84550532e+00]
 [4.79737567e-03 9.31261112e-03 2.10746286e+00]
 [5.19088788e-03 9.99302633e-03 2.46137542e+00]
 [4.68269846e-03 9.88347231e-03 1.98846848e+00]
 [1.84311387e-03 3.45859857e-03 2.11975616e+00]
 [4.08522716e-03 6.83464900e-03 1.48802567e+00]
 [1.74597644e-03 3.30492429e-03 1.84550532e+00]
 [8.48018217e-04 2.02463036e-03 2.59101300e+00]
 [4.23624708e-03 8.28135361e-03 1.84989725e+00]
 [2.14755230e-03 4.18215860e-03 1.94607281e+00]
 [9.16026681e-04 1.47138565e-03 2.03492798e+00]
 [2.40984764e-03 4.26821349e-03 2.50516515e+00]
 [6.17186815e-03 9.80993410e-03 2.99997105e+00]
 [3.11686841e-03 5.52936455e-03 1.65193441e+00]
 [1.29419854e-03 2.76532622e-03 2.81562884e+00]
 [1.40418556e-03 3.55705171e-03 2.00697756e+00]
 [5.66341703e-03 9.94649300e-03 1.74996724e+00]
 [3.63937036e-03 7.60802456e-03 1.91834375e+00]
 [5.18272044e-04 1.19457050e-03 2.62522118e+00]
 [3.81016124e-03 7.49858311e-03 2.03896335e+00]
 [3.39204185e-03 6.62252233e-03 2.07353664e+00]
 [9.21646113e-04 1.93049994e-03 2.00564877e+00]
 [1.67120996e-03 3.55705171e-03 1.94089113e+00]
 [1.85179045e-03 3.48123532e-03 1.39378004e+00]
 [1.86260211e-03 3.87069312e-03 1.79353495e+00]
 [8.91672492e-04 2.06439169e-03 2.36569531e+00]
 [6.55717859e-04 1.79591847e-03 2.65712165e+00]
 [7.72152771e-04 1.47681089e-03 1.79450271e+00]
 [6.66556705e-04 1.30787554e-03 1.83683011e+00]
 [8.79076106e-04 2.02463036e-03 2.76505144e+00]]
