[[3.42688908 0.68209348 2.51169672 0.47775647 4.93126845 1.81612851]
 [4.60433993 1.27821662 2.45229329 1.36884981 4.39001041 3.4147408 ]
 [0.4067748  1.75739067 3.3021446  2.86051572 4.91907893 0.70737134]
 [0.92430927 1.23495016 2.10574561 0.29426087 1.58058746 4.75029548]
 [4.92729711 0.9803045  1.68115986 2.17289676 1.52168044 5.656385  ]
 [3.42688908 0.68209348 2.39345013 0.47775647 4.86533771 1.71316757]
 [4.60433993 1.08375202 2.56550089 1.37237062 4.39001041 3.41123027]
 [0.83874865 2.50252012 2.70487314 1.51796552 1.00159352 2.31318919]
 [1.61863274 2.20575514 1.84586938 0.45358799 1.14539079 2.84734025]
 [3.42688908 0.68209348 1.18689353 0.34306177 4.93126845 1.81612851]]
