[[0.00901466 0.0300933 ]
 [4.97847418 2.99982448]
 [4.71776522 2.99906915]
 [4.21789719 2.9939403 ]
 [4.95873536 2.99428932]
 [4.44396212 2.98124696]
 [4.55370312 2.99483865]
 [4.13675724 2.98845479]
 [4.01897886 2.96882244]
 [2.18293008 1.77643579]
 [2.00022036 1.84508278]
 [0.65139347 0.87725454]
 [0.74600665 1.07332453]
 [0.51094618 0.5795016 ]
 [0.9550198  0.77567805]
 [1.80869296 1.72044299]
 [2.71022487 2.48369206]
 [3.79648008 2.93951925]
 [0.03809385 0.11236525]
 [2.2485746  2.53352049]
 [2.15482769 2.69720088]
 [0.42932761 0.55935693]
 [1.88380454 1.71759591]
 [2.58033174 2.52900596]
 [3.74608891 2.88873618]
 [0.70193469 0.54779763]
 [3.91744362 2.91289832]
 [2.09881551 2.40865688]
 [1.63322451 1.58117431]
 [2.27944338 2.07696785]
 [3.32688867 2.92464351]
 [3.26265232 2.92918547]
 [3.1911673  2.96787495]
 [0.65419238 0.78760841]
 [0.85857589 0.73452768]
 [1.33835865 1.67769996]
 [2.76799661 2.76178794]
 [4.44231791 2.9981362 ]
 [3.41803247 2.98124696]
 [1.57573798 1.50654495]
 [3.67458635 2.91277025]
 [0.50047457 0.6356315 ]
 [2.27944338 2.04540129]
 [2.50584261 2.54348743]
 [3.8358854  2.93951925]
 [4.52364995 2.98837235]
 [0.88939566 0.7895091 ]
 [3.9521426  2.99465866]
 [0.13901961 0.1089232 ]
 [2.97296107 2.8382967 ]
 [2.02482271 1.70381651]
 [1.09813929 1.1156686 ]
 [1.65458167 2.02434404]
 [3.14857528 2.87049059]
 [0.09940067 0.07863296]
 [1.55848521 1.90847601]
 [1.36069177 1.54141058]
 [2.17046347 2.48653742]
 [3.87931449 2.99513289]
 [2.99338334 2.85944408]
 [3.3756925  2.98228493]
 [2.44627239 2.45406599]
 [2.15482769 2.57970792]
 [1.22301801 1.50654495]
 [0.93130106 1.0664412 ]
 [0.47553834 0.87725454]
 [1.63230555 1.66118104]
 [3.91449842 2.99551538]
 [0.88098128 0.99619072]
 [2.444161   2.02662783]
 [2.07730435 1.92959879]
 [3.18334537 2.91533124]
 [2.21505051 2.48653742]
 [0.2861608  0.19485737]
 [0.74600665 0.67655809]
 [0.88939566 0.74560767]
 [1.21794739 1.27225398]
 [0.38429422 0.49875171]
 [1.9109191  1.73159575]
 [3.5435383  2.99496916]
 [1.49380172 1.44521587]
 [2.79744783 2.43315824]
 [3.348174   2.9736861 ]
 [0.72985733 0.59624323]
 [1.60729417 1.37464505]
 [0.22275939 0.32248239]
 [2.78595825 2.67886356]
 [0.41074119 0.52349142]
 [3.36060501 2.92464351]
 [0.18463988 0.09234798]
 [2.09124156 2.17563005]
 [2.85376382 2.85448603]
 [2.33711886 2.08780466]
 [1.96455286 1.85453081]
 [1.08201798 1.00889613]
 [2.27944338 2.298254  ]
 [2.95264706 2.65205381]
 [1.32255222 1.45154038]
 [1.07498282 1.24039389]
 [3.16173487 2.82366644]
 [0.30471607 0.31565583]
 [2.62335155 2.77442391]
 [2.20925089 2.41017233]
 [1.21794739 1.33212274]
 [3.15174092 2.91574319]
 [3.45448459 2.99196855]
 [0.41074119 0.36086335]
 [0.36601864 0.30902305]
 [0.29958845 0.41834851]
 [2.69530966 2.57384165]
 [1.07783293 1.07705256]
 [0.61335085 0.57799589]
 [2.80258444 2.87077829]
 [1.25666658 1.59198472]
 [0.22828829 0.2178456 ]
 [1.11170926 1.14128122]
 [2.62335155 2.69571568]
 [1.22074629 1.24643236]
 [1.42920593 1.72034702]
 [2.51702977 2.57022384]
 [1.49416612 1.69310442]
 [1.1405041  1.28335588]
 [1.13917744 1.48580242]
 [2.14967044 2.03357116]
 [1.24198867 1.43261886]
 [1.2976508  1.50636309]
 [1.53896398 1.78910614]
 [3.07349969 2.88054764]
 [2.14038456 2.02695813]
 [2.59746529 2.40182897]
 [0.2574637  0.2780525 ]
 [0.94601752 1.09155429]
 [1.62248752 1.81878114]
 [1.08165518 1.32060702]
 [1.16403224 0.99626778]
 [2.13625668 1.94579247]
 [2.57105552 2.78533614]
 [2.17115491 2.0556585 ]
 [2.09159685 2.03357116]
 [0.18627174 0.14613274]
 [4.18720779 2.98345628]
 [0.65186342 0.55594483]
 [1.31942074 1.36916352]
 [2.97347231 2.91752719]
 [0.88098128 1.06915253]
 [3.73162315 2.88772519]
 [2.86244259 2.57390478]
 [2.62335155 2.67309317]
 [2.08409331 1.95821844]
 [2.77489873 2.78527611]
 [0.9550198  0.9525122 ]
 [0.17340664 0.1979053 ]
 [2.93191683 2.8382967 ]
 [0.39158192 0.57404481]
 [0.34842902 0.49875171]
 [0.30715876 0.31565583]
 [2.46873722 2.48967084]
 [2.33711886 2.09130837]
 [1.30917564 1.2854391 ]
 [1.54841985 1.80829707]]
