[[2.08511002 2.16097348]
 [0.93130106 1.03668218]
 [1.98383737 1.6164502 ]
 [2.09597257 2.0556585 ]
 [0.70193469 0.59430447]
 [1.63322451 1.58117431]
 [3.45448459 2.99196855]
 [0.09940067 0.07863296]
 [2.76410989 2.52609268]
 [2.92879636 2.90878724]
 [0.29958845 0.36403037]
 [0.22275939 0.32248239]
 [1.1992388  1.48130914]
 [2.62335155 2.77442391]
 [3.08389179 2.84704896]
 [0.88098128 0.99619072]
 [2.9100709  2.63649595]
 [0.99284944 1.28010303]
 [2.63857323 2.40648325]
 [0.80485718 1.40064007]
 [2.07924359 1.8500552 ]
 [3.91374707 2.97141535]
 [1.10716367 0.80121606]
 [0.09166321 0.20017499]
 [1.9742524  2.24081549]
 [0.72779116 0.47319021]
 [4.52904748 2.96986554]
 [0.73396187 0.79289245]
 [2.58633799 2.74921756]
 [2.85357926 2.99026028]
 [2.46035901 2.19027363]
 [1.69354013 1.57168841]
 [2.42214223 2.57795342]
 [1.37059888 1.68158997]
 [0.13313942 0.33276111]
 [0.79916825 0.60780638]
 [1.85077089 1.59209232]
 [2.63951989 2.22023263]
 [3.58464501 2.96197852]
 [1.87437972 2.31096758]
 [2.00932962 2.09192406]
 [0.60383592 0.66085196]
 [0.69177345 0.87043339]
 [1.72849411 2.02491481]
 [1.10741028 1.40173747]
 [1.57382844 1.88056681]
 [2.86636136 2.82828773]
 [2.45772575 2.57010749]
 [2.09289013 2.0503947 ]
 [1.47644397 1.63236415]
 [2.43960746 2.56606924]
 [2.92674229 2.69461514]
 [2.57087522 2.62599818]
 [0.80755385 1.02732192]
 [2.14018735 1.79780927]
 [2.8968027  2.77411254]
 [1.14602514 1.30165013]
 [3.154796   2.94277103]
 [2.49966186 2.33129469]
 [1.99609303 2.39088676]
 [1.90540746 1.97803481]
 [0.354592   0.45781196]
 [1.60513157 1.67373598]
 [0.19864353 0.21100032]
 [2.69824555 2.6857811 ]
 [2.23317523 2.63110317]
 [1.64180695 1.64269281]
 [1.93002006 1.71462628]
 [0.19929963 0.40437935]
 [0.967082   1.0069914 ]
 [3.01091827 2.89070126]
 [1.72839607 1.78687529]
 [2.24368629 2.1129402 ]
 [1.17538818 1.38480624]
 [0.61386065 0.56270968]
 [2.35248838 2.48140801]
 [2.29978366 2.29161815]
 [0.63356692 0.73279999]
 [3.02153422 2.87640755]
 [1.96942004 2.06686514]
 [3.50266536 2.79167946]
 [1.95305249 2.08881025]
 [3.06556168 2.8072088 ]
 [2.98444262 2.93877052]
 [2.2050331  2.21883589]
 [1.38600052 1.6044967 ]
 [0.35271022 0.22039996]
 [3.02606448 2.97121859]
 [0.4449911  0.55471677]
 [0.18931294 0.17275052]
 [0.82659245 0.59158904]
 [2.58099231 2.58967945]
 [2.32566972 2.42024043]
 [1.28330495 1.17429109]
 [0.28987907 0.41644955]
 [0.72892716 0.73464192]
 [2.78634115 2.72132717]
 [2.60156818 2.48540444]
 [2.52889693 2.47457569]
 [1.55506534 1.64546727]
 [2.39868784 2.84003004]
 [1.64573001 1.58400419]
 [1.15731468 1.28046405]
 [1.95132352 2.27947619]
 [0.45204858 0.38692795]
 [0.52631263 0.51818239]
 [3.02711004 2.92871479]
 [3.09559817 2.95633474]
 [2.75997514 2.89174767]
 [1.98231345 1.8840697 ]
 [0.34892989 0.12563271]
 [0.99099615 0.66178225]
 [2.68001287 2.70234934]
 [2.82866073 2.7264241 ]
 [1.86249383 1.8571189 ]
 [2.33775027 2.00082763]
 [2.06835082 2.05292887]
 [2.12862206 1.80602352]
 [1.09576903 1.28640208]
 [3.09696083 2.94209711]
 [1.02461073 0.78426214]
 [2.85504381 2.8921084 ]
 [0.87666296 1.02344047]
 [1.48064962 1.59876768]
 [0.3354473  0.59594479]
 [3.70982118 2.94864236]
 [0.36257764 0.51810326]
 [2.47747491 2.47337883]
 [1.39379204 0.94394282]
 [2.09974127 1.80836029]
 [2.40722949 2.41078388]
 [1.40096318 1.35408558]
 [1.3981059  1.27053016]
 [2.21751921 2.09352497]
 [1.89054293 2.08798953]
 [0.51409184 0.5875027 ]
 [0.94569187 1.18075024]
 [1.37237056 1.58014758]
 [2.48782192 2.46353089]
 [2.2022028  2.26252508]
 [0.7337369  0.85194968]
 [1.00798317 0.98257217]
 [2.28852644 2.26386668]
 [2.63452673 2.26160721]
 [1.37731013 1.52822574]
 [1.77451255 1.9605931 ]
 [2.71308206 2.65216864]
 [0.95636026 1.1611387 ]
 [0.99116145 0.85714949]
 [2.2376419  2.55371299]
 [1.39179665 1.4624139 ]
 [0.16454358 0.340233  ]
 [1.25480769 1.27947884]
 [0.57913373 0.81165598]
 [2.87338511 2.77375965]
 [2.68661105 2.70234934]
 [2.7876784  2.54316304]
 [2.8089313  2.84754436]
 [2.88085013 2.42869417]
 [1.63862109 1.94746259]
 [0.21674904 0.09415282]
 [1.28569123 1.55640472]
 [2.56117813 2.65465745]
 [2.42157887 2.49150034]
 [0.51409184 0.61468723]
 [1.54854918 1.46151914]
 [4.52904748 2.98945041]
 [2.29790117 2.2381845 ]
 [3.55912262 2.96197852]
 [1.9816884  2.22953095]
 [3.72480139 2.99258269]
 [1.85647278 1.84510394]
 [2.06911992 2.02177053]
 [1.58727719 2.02114408]
 [1.77809004 2.07522042]
 [0.3300521  0.51224327]
 [1.88410235 1.8614046 ]
 [2.08283365 2.16273335]
 [2.14221238 2.46073413]
 [2.4003074  2.29855579]
 [2.68229694 2.72164435]
 [2.61117255 2.57218559]
 [2.23741203 2.21908692]
 [4.6237732  2.97282799]
 [3.18362016 2.97490258]
 [2.11150407 2.0556585 ]
 [0.01792451 0.11052932]
 [2.09926533 2.16205895]
 [2.77333655 2.91116029]
 [3.57576104 2.98526049]
 [0.33507221 0.30987358]
 [1.13170233 1.66183591]
 [2.8517309  2.85340686]
 [3.02739501 2.9335451 ]
 [2.23298075 2.63110317]
 [0.14591348 0.0339568 ]
 [1.64180695 1.93207603]
 [1.65728687 1.76050002]
 [0.55443662 0.69954184]
 [2.70426775 2.56360906]
 [1.62331073 1.32020284]
 [0.96779479 0.8178541 ]
 [1.92787122 2.04366485]
 [1.8544918  2.13896694]
 [4.1150152  2.94249133]
 [4.48021746 2.96342178]
 [1.68228906 1.88260588]
 [3.34305448 2.89185675]
 [4.52904748 2.96835546]
 [2.67360901 2.94209711]
 [1.57758345 1.90172422]
 [2.20264705 2.21883589]
 [0.47606984 0.25617042]
 [2.09289013 1.9230877 ]
 [2.94512847 2.86012987]
 [1.96039372 2.53744271]
 [0.92592643 0.93198015]
 [2.24368629 2.0513369 ]
 [3.5062305  2.88221226]
 [3.59434313 2.75477577]
 [2.73605902 2.85280043]
 [0.76513758 0.75092127]
 [0.1385587  0.05976412]
 [2.38589606 2.54336413]
 [1.47644397 1.44487109]
 [1.42648758 1.1963974 ]
 [3.02606448 2.82724238]
 [0.99116145 1.02678447]
 [4.28616281 2.94864236]
 [1.84993591 1.96989949]
 [0.93130106 1.09537699]
 [3.70625868 2.94135713]
 [1.78008243 1.57797718]
 [2.09289013 1.9692985 ]
 [2.80612151 2.99623194]
 [2.59414188 2.57233443]
 [1.94733155 2.10817929]
 [2.01274248 1.75178298]
 [2.21917558 2.20607883]
 [1.89054293 1.89955681]
 [3.23446393 2.8921084 ]
 [2.31866722 2.7925649 ]
 [1.86111851 1.80602352]
 [1.2694431  1.33257708]
 [4.47864554 2.9597875 ]
 [2.69883028 2.88360024]
 [1.14105264 1.36136591]
 [0.13921089 0.23976697]
 [3.154796   2.98724578]
 [1.72111243 1.67043402]
 [1.21089644 1.19812984]
 [0.03009695 0.03051737]
 [2.41356745 2.54014941]
 [0.354592   0.60942407]
 [0.98045325 0.70859325]
 [2.28389619 2.12773732]
 [0.44563725 0.56240904]
 [2.45011929 2.46609967]
 [1.35055535 1.58014758]
 [3.5287091  2.86891293]
 [0.21795716 0.24169658]
 [1.34086671 1.30297005]
 [3.47242985 2.94079383]
 [3.91656465 2.97141535]
 [1.61701154 1.78247633]
 [0.99855383 1.32493418]
 [2.44787635 2.29161815]
 [1.05814058 1.22816773]
 [2.53209432 2.62424286]
 [1.13500583 0.92836485]
 [2.25321634 2.63201564]
 [2.32500741 2.80875097]
 [2.56564856 2.80920519]
 [1.03712227 0.65832916]
 [0.77693077 0.86387582]
 [2.165117   2.10998849]
 [2.90454293 2.53152129]
 [4.44536486 2.94460814]
 [0.08291596 0.07863296]
 [2.40722949 2.57433484]
 [1.45148999 1.72151814]
 [3.98057028 2.86569411]
 [1.67070252 1.67865397]
 [4.33813605 2.96423819]]
