[[2.08511002 2.16097348]
 [0.93130106 1.03668218]
 [1.98383737 1.6164502 ]
 [2.09597257 2.0556585 ]
 [2.08652401 1.67606949]
 [0.70193469 0.59430447]
 [1.63322451 1.58117431]
 [3.45448459 2.99196855]
 [0.09940067 0.07863296]
 [2.76410989 2.52609268]
 [2.92879636 2.90878724]
 [0.29958845 0.36403037]
 [0.22275939 0.32248239]
 [2.62335155 2.77442391]
 [3.08389179 2.84704896]
 [2.9100709  2.63649595]
 [0.99284944 1.28010303]
 [2.63857323 2.40648325]
 [2.59505814 2.31265173]
 [2.07924359 1.8500552 ]
 [3.91374707 2.97141535]
 [2.2095214  1.74473222]
 [1.10716367 0.80121606]
 [0.09166321 0.20017499]
 [1.9742524  2.24081549]
 [4.52904748 2.96986554]
 [0.73396187 0.79289245]
 [2.58633799 2.74921756]
 [2.85357926 2.99026028]
 [2.46035901 2.19027363]
 [1.69354013 1.57168841]
 [2.42214223 2.57795342]
 [1.37059888 1.68158997]
 [1.07056068 0.59684377]
 [0.13313942 0.33276111]
 [1.85077089 1.59209232]
 [2.63951989 2.22023263]
 [2.01610236 2.27624079]
 [3.58464501 2.96197852]
 [1.87437972 2.31096758]
 [2.00932962 2.09192406]
 [0.60383592 0.66085196]
 [0.69177345 0.87043339]
 [1.72849411 2.02491481]
 [1.10741028 1.40173747]
 [1.57382844 1.88056681]
 [2.86636136 2.82828773]
 [2.45772575 2.57010749]
 [2.09289013 2.0503947 ]
 [1.47644397 1.63236415]
 [2.43960746 2.56606924]
 [2.92674229 2.69461514]
 [2.57087522 2.62599818]
 [0.80755385 1.02732192]
 [2.14018735 1.79780927]
 [1.14602514 1.30165013]
 [3.154796   2.94277103]
 [2.51754755 2.8977992 ]
 [2.49966186 2.33129469]
 [1.99609303 2.39088676]
 [1.90540746 1.97803481]
 [0.354592   0.45781196]
 [0.08287941 0.34138907]
 [1.60513157 1.67373598]
 [3.49811591 2.75477577]
 [0.19864353 0.21100032]
 [2.69824555 2.6857811 ]
 [2.23317523 2.63110317]
 [1.26790875 0.82142911]
 [1.64180695 1.64269281]
 [1.93002006 1.71462628]
 [1.55851459 2.00638982]
 [0.19929963 0.40437935]
 [0.967082   1.0069914 ]
 [2.16177797 2.5431014 ]
 [3.01091827 2.89070126]
 [1.72839607 1.78687529]
 [2.24368629 2.1129402 ]
 [0.57517506 1.1202214 ]
 [0.98916392 1.28799217]
 [0.61386065 0.56270968]
 [2.35248838 2.48140801]
 [2.29978366 2.29161815]
 [0.63356692 0.73279999]
 [2.73227295 2.44932719]
 [3.02153422 2.87640755]
 [1.96942004 2.06686514]
 [3.50266536 2.79167946]
 [1.95305249 2.08881025]
 [2.98444262 2.93877052]
 [2.2050331  2.21883589]
 [1.38600052 1.6044967 ]
 [2.74526722 2.40298367]
 [0.35271022 0.22039996]
 [3.02606448 2.97121859]
 [0.4449911  0.55471677]
 [0.18931294 0.17275052]
 [2.58099231 2.58967945]
 [2.32566972 2.42024043]
 [1.28330495 1.17429109]
 [0.28987907 0.41644955]
 [0.72892716 0.73464192]
 [2.78634115 2.72132717]
 [2.60156818 2.48540444]
 [2.52889693 2.47457569]
 [2.03144214 2.23124759]
 [1.55506534 1.64546727]
 [2.39868784 2.84003004]
 [1.64573001 1.58400419]
 [1.15731468 1.28046405]
 [0.45204858 0.38692795]
 [0.52631263 0.51818239]
 [4.39533201 2.92055658]
 [3.02711004 2.92871479]
 [3.09559817 2.95633474]
 [2.75997514 2.89174767]
 [1.98231345 1.8840697 ]
 [0.34892989 0.12563271]
 [2.68001287 2.70234934]
 [2.82866073 2.7264241 ]
 [1.86249383 1.8571189 ]
 [2.33775027 2.00082763]
 [2.06835082 2.05292887]
 [2.12701733 2.4321637 ]
 [1.09576903 1.28640208]
 [3.09696083 2.94209711]
 [1.02461073 0.78426214]
 [2.85504381 2.8921084 ]
 [0.87666296 1.02344047]
 [1.48064962 1.59876768]
 [0.3354473  0.59594479]
 [1.36200425 1.79636675]
 [3.70982118 2.94864236]
 [0.36257764 0.51810326]
 [2.47747491 2.47337883]
 [1.69770434 2.11349159]
 [0.66453119 0.8503873 ]
 [2.09974127 1.80836029]
 [2.40722949 2.41078388]
 [1.40096318 1.35408558]
 [1.3981059  1.27053016]
 [2.21751921 2.09352497]
 [1.89054293 2.08798953]
 [0.51409184 0.5875027 ]
 [0.94569187 1.18075024]
 [1.37237056 1.58014758]
 [2.48782192 2.46353089]
 [2.2022028  2.26252508]
 [1.37059888 1.61385249]
 [1.22552701 1.40740332]
 [2.12701733 2.33268071]
 [2.54939238 2.51737643]
 [1.11086419 1.03505241]
 [2.22076505 2.31890953]
 [1.30542314 1.25452658]
 [3.17455538 2.99196855]
 [2.317932   2.43472924]
 [3.45587172 2.98729923]
 [0.77238407 0.62380734]
 [2.63857323 2.41904256]
 [3.91376798 2.88258864]
 [0.70488788 0.86853506]
 [0.6415178  0.48791177]
 [2.82704489 2.77036865]
 [2.68001287 2.69208956]
 [0.69121098 0.72808062]
 [1.66772471 1.74968342]
 [4.02406851 2.99784935]
 [2.84834486 2.78619339]
 [1.21211027 1.1203708 ]
 [1.40096318 1.44285325]
 [3.58333958 2.94864236]
 [1.72703367 2.09210663]
 [0.47455478 0.66839211]
 [1.85158105 1.28438574]
 [1.54506645 1.22738246]
 [1.12150292 0.62707439]
 [3.54179868 2.96046211]
 [2.14468546 2.08933933]
 [3.16425462 2.93703078]
 [2.36064966 2.41320047]
 [2.86136586 2.86375149]
 [1.28689777 1.05759771]
 [1.58311971 1.39692761]
 [1.00840047 1.06215614]
 [1.56868227 1.86748771]
 [3.04599725 2.74383235]
 [0.92268607 0.7223174 ]
 [2.85504381 2.91139821]
 [2.98444262 2.91808312]
 [2.08896033 2.03810255]
 [0.95204029 0.92727857]
 [2.2388826  2.55729074]
 [2.30022401 2.22429608]
 [1.86291502 1.50103263]
 [0.15178011 0.206504  ]
 [1.92868801 2.24784236]
 [2.62044436 2.439364  ]
 [3.04844334 2.8244363 ]
 [2.78634115 2.72210651]
 [1.40277929 1.76522123]
 [2.03294744 2.01695605]
 [1.37065667 1.58014758]
 [1.09802365 0.923766  ]
 [2.8121354  2.63022222]
 [1.04628531 1.11309316]
 [4.45276143 2.94083345]
 [2.92859934 2.8921084 ]
 [2.63040272 2.48644154]
 [2.55697809 2.25023636]
 [1.61987672 1.68909765]
 [2.66971012 2.83418777]
 [2.78074822 2.91876042]
 [2.30495729 2.58583367]
 [0.51716358 0.57832192]
 [1.86426271 1.82714473]
 [1.72846681 1.78498455]
 [1.24821067 1.66230802]
 [0.97431837 0.89623254]
 [1.70443707 1.95174516]
 [1.85855728 2.07201796]
 [1.22182014 1.03781598]
 [1.9247894  1.6164502 ]
 [4.77528151 2.96878215]
 [0.62132466 0.56076452]
 [2.49485034 2.48540444]
 [0.49926348 0.81172688]
 [1.14400978 1.1830474 ]
 [2.91299949 2.72677868]
 [0.99295752 1.24741831]
 [1.3981059  1.28260016]
 [2.75997514 2.91626449]
 [2.70072167 2.78773543]
 [2.12021361 1.87101662]
 [3.82995254 2.89136354]
 [0.55764967 0.66070268]
 [2.04770244 2.08798953]
 [2.34024777 2.13961477]
 [2.5373983  2.5600878 ]
 [1.60909982 1.33389487]
 [0.57171927 0.34343088]
 [1.104118   1.04669503]
 [3.49395494 2.91309478]
 [1.09576903 1.26649988]
 [2.68474936 2.70946263]
 [0.13064564 0.1298237 ]
 [2.3570648  2.89954361]
 [2.63791096 2.57489507]
 [0.16498    0.20728356]
 [1.8218274  1.53465832]
 [2.16543628 2.46340823]
 [2.75639427 2.88906216]
 [2.86815475 2.8022215 ]
 [0.96862683 0.68829819]
 [2.79338206 2.73899717]
 [3.59699577 2.75092539]
 [1.27696278 1.74370603]
 [0.09166321 0.32762508]
 [2.25641846 2.2740038 ]
 [2.11089228 2.05157642]]
