[[1.86260211e-03 3.45560727e-03 1.79353495e+00]
 [4.30247271e-03 9.73802078e-03 2.35560178e+00]
 [3.66543097e-03 8.62346253e-03 2.38535544e+00]
 [3.81016124e-03 7.49858311e-03 2.02228296e+00]
 [2.74119775e-03 5.60529991e-03 2.34345957e+00]
 [1.32161142e-03 2.06454059e-03 1.15237762e+00]
 [4.44117107e-03 8.28135361e-03 1.85269631e+00]
 [4.32981507e-03 9.09311989e-03 2.21095800e+00]
 [1.15103041e-03 2.27001165e-03 2.19196477e+00]
 [3.93884008e-03 6.88955048e-03 1.80800322e+00]
 [8.96306989e-04 2.10770942e-03 2.00564877e+00]
 [3.72748802e-03 7.10354578e-03 1.91128685e+00]
 [3.14417222e-03 6.05896361e-03 2.18969427e+00]
 [3.23479197e-03 6.07441894e-03 2.30166251e+00]
 [4.79737567e-03 9.46676679e-03 2.10686741e+00]
 [8.48018217e-04 2.02463036e-03 2.70847595e+00]
 [2.31462936e-03 4.26821349e-03 1.49622293e+00]
 [4.93963846e-04 1.50455028e-03 1.79070095e+00]
 [2.37214058e-03 5.39490891e-03 2.49856157e+00]
 [3.73964497e-03 5.75481594e-03 1.37311802e+00]
 [7.40595638e-04 1.99495546e-03 1.82783109e+00]
 [3.20971855e-03 7.42550840e-03 2.54142323e+00]
 [8.96306989e-04 2.10140632e-03 2.00091574e+00]
 [7.61424805e-04 1.30335781e-03 1.54504836e+00]
 [3.92972998e-03 8.06000359e-03 2.22413433e+00]
 [4.01687782e-03 7.69214159e-03 1.94117576e+00]
 [5.04606614e-03 8.89131089e-03 1.70990570e+00]
 [1.32161142e-03 2.06454059e-03 1.14177182e+00]
 [4.18578026e-03 7.89527960e-03 1.77536462e+00]
 [9.72552580e-04 2.23027004e-03 1.87990664e+00]
 [3.82100643e-03 6.95684013e-03 1.71618996e+00]
 [2.40864080e-03 5.46454591e-03 2.61006487e+00]
 [4.32981507e-03 9.09311989e-03 2.37179313e+00]
 [2.47654051e-03 4.93746724e-03 2.58112564e+00]
 [5.41559379e-03 9.74740371e-03 2.20448448e+00]
 [1.38941076e-03 3.37678774e-03 2.04779227e+00]
 [8.56101931e-04 2.05242461e-03 2.71461862e+00]
 [1.14491863e-03 2.29672431e-03 1.14554641e+00]
 [5.05090322e-03 9.77873003e-03 1.95201619e+00]
 [2.24651393e-03 4.26646530e-03 2.02546629e+00]
 [5.40951805e-03 9.99645377e-03 2.60792178e+00]
 [9.04097157e-04 1.28769675e-03 2.30108957e+00]
 [5.40951805e-03 9.99645377e-03 2.57477802e+00]
 [2.55934541e-03 5.05093024e-03 1.90675485e+00]
 [1.32161142e-03 1.84149274e-03 1.17728890e+00]
 [4.26061769e-03 9.48836288e-03 2.24867340e+00]
 [2.24651393e-03 4.50711564e-03 2.06467651e+00]
 [2.18732104e-03 4.79560342e-03 2.88790827e+00]
 [1.09552446e-03 1.86198493e-03 2.25366264e+00]
 [2.49019540e-03 6.35957739e-03 2.69974846e+00]
 [5.46346816e-03 9.48075275e-03 1.58291533e+00]
 [3.71276446e-03 7.50145101e-03 2.02228296e+00]
 [4.95305192e-03 9.94158987e-03 2.88166118e+00]
 [7.61424805e-04 1.30335781e-03 1.51236418e+00]
 [1.65427471e-03 4.14914166e-03 2.38880032e+00]
 [4.26954633e-03 9.88019138e-03 2.66066361e+00]
 [1.86260211e-03 3.49099674e-03 1.79587540e+00]
 [4.03220472e-03 8.69714669e-03 2.43889339e+00]
 [5.17805944e-03 8.95086809e-03 1.77286682e+00]
 [1.15394238e-03 2.93412407e-03 2.49686926e+00]
 [1.97126113e-03 3.94056438e-03 1.79509588e+00]
 [2.73787383e-03 4.21022171e-03 1.48505592e+00]
 [1.20235597e-03 2.56159594e-03 2.29319814e+00]
 [3.92141478e-03 9.35283770e-03 2.72718591e+00]
 [1.01581476e-03 2.25806922e-03 2.89121745e+00]
 [1.65640860e-03 3.02858305e-03 2.02470961e+00]
 [2.26681524e-03 3.68953550e-03 1.93242474e+00]
 [3.39204185e-03 5.79504332e-03 2.11485181e+00]
 [1.81782115e-03 3.55705171e-03 2.48765135e+00]
 [3.14579021e-03 6.09604348e-03 2.18969427e+00]
 [3.92972998e-03 8.06000359e-03 2.23193602e+00]
 [1.59439508e-03 3.12221614e-03 2.06449781e+00]
 [4.00691963e-03 8.07512272e-03 2.04324007e+00]
 [5.48947462e-03 9.99891320e-03 2.77479385e+00]
 [4.29657670e-03 7.06024918e-03 1.39718301e+00]]
