[[0.62822678 4.53414591 9.09509548 1.55636897]
 [0.43379929 4.27441307 8.65190854 0.52291692]
 [1.02679196 8.45817405 9.82763891 4.57948067]
 [0.55867567 3.33434245 9.48881637 0.91937637]
 [1.18582585 2.56987231 9.60000241 1.2892189 ]
 [0.454131   4.41948928 9.29574171 1.40800301]
 [0.52797523 5.26156423 9.81340468 2.07869755]
 [0.53113514 2.27981547 9.83873827 2.7885751 ]
 [1.36438273 0.93245491 8.47490485 2.30850721]
 [1.97409349 0.87184186 9.39331982 4.25718021]
 [1.86722443 4.70154493 9.92108219 4.81587025]
 [0.60040083 2.02525747 9.89981093 3.15721614]
 [0.80052671 1.98961222 9.91293279 1.15257759]
 [1.36438273 0.70168055 9.14339187 2.30850721]
 [0.43379929 4.27441307 7.48841122 0.52291692]
 [1.18582585 2.56987231 9.60000241 1.51710256]
 [0.87526233 1.26656132 9.63388057 4.63221229]
 [0.90436544 1.81511829 9.40087105 2.02834076]
 [0.48065739 4.34391237 8.65353035 0.6441283 ]
 [1.40780225 0.80894177 9.78678792 3.75763277]
 [0.27508263 6.60000333 7.13085972 0.5102795 ]
 [0.55867567 3.33434245 9.48881637 1.08153532]
 [0.97726723 5.33244843 9.57649901 4.86638175]
 [1.04431582 4.46463478 9.63953774 4.62468823]]
