[[1.52610864e-02 2.65060857e+04]
 [4.48927166e-02 9.16056255e+03]
 [3.39946541e-02 1.19017793e+04]
 [2.69897406e-02 1.55173060e+04]
 [3.70128177e-02 1.09776149e+04]
 [4.18541489e-02 9.65590185e+03]
 [1.07192317e-02 3.87363394e+04]
 [6.65579178e-03 8.01334124e+04]
 [2.36734457e-02 1.87026776e+04]
 [3.15247391e-02 1.32695640e+04]
 [8.73430708e-03 4.97827473e+04]
 [3.18475519e-02 1.27103137e+04]
 [2.37449270e-02 1.84067872e+04]
 [3.13492445e-02 1.34289154e+04]
 [2.89231505e-02 1.45152970e+04]
 [3.01721906e-02 1.43592869e+04]
 [4.37664957e-02 9.35419140e+03]
 [9.94202140e-03 4.21205463e+04]
 [5.80348224e-03 8.04541568e+04]
 [5.25064956e-03 9.90916651e+04]
 [4.67395578e-02 8.97125860e+03]
 [3.86149419e-02 1.08110067e+04]
 [1.74761029e-02 2.46631743e+04]
 [1.54231136e-02 2.62446164e+04]
 [1.93422964e-02 2.11576653e+04]
 [2.40560757e-02 1.83349383e+04]
 [6.70956210e-03 6.09012681e+04]
 [1.34502539e-02 3.03322387e+04]
 [5.59235235e-02 8.64127051e+03]
 [1.04943187e-02 4.00613868e+04]
 [1.29560062e-02 3.33841233e+04]
 [3.05121272e-02 1.42042789e+04]
 [9.88616747e-03 4.21841051e+04]
 [9.74924234e-03 4.55848519e+04]
 [1.68606780e-02 2.54907077e+04]
 [4.69485987e-02 8.88907546e+03]
 [2.34430794e-02 1.94160219e+04]
 [1.09348975e-02 3.83032706e+04]
 [2.10808677e-02 1.97662794e+04]
 [3.63010212e-02 1.14212657e+04]
 [4.65320066e-02 9.00968555e+03]
 [2.42741213e-02 1.70291295e+04]
 [3.44791879e-02 1.17491803e+04]
 [1.49691039e-02 2.76435466e+04]
 [3.11827379e-02 1.37492480e+04]
 [1.24456895e-02 3.46776131e+04]
 [5.13580082e-02 8.67379094e+03]
 [2.94440491e-02 1.44512874e+04]
 [9.80274340e-03 4.27236003e+04]
 [2.01558184e-02 2.05636295e+04]
 [7.56758787e-03 5.86369804e+04]
 [6.01627974e-02 8.51779777e+03]
 [2.84541793e-02 1.48034054e+04]
 [1.14958238e-02 3.54382579e+04]
 [1.75246415e-02 2.44222208e+04]
 [1.34067148e-02 3.21768657e+04]
 [2.17875939e-02 1.94942077e+04]
 [3.49607361e-02 1.16745650e+04]
 [2.51665649e-02 1.63156193e+04]
 [3.93738407e-02 1.04842243e+04]
 [3.93011884e-02 1.04843020e+04]
 [8.60315488e-03 5.44532501e+04]
 [3.90454960e-02 1.06532184e+04]
 [8.87924426e-03 4.83829618e+04]
 [2.14027873e-02 1.96289213e+04]
 [4.12976454e-02 9.76430219e+03]
 [1.09204061e-02 3.84195659e+04]
 [3.39005328e-02 1.22853251e+04]
 [4.19240668e-02 9.61852482e+03]
 [1.84057113e-02 2.34573297e+04]
 [8.90535461e-03 4.83660709e+04]]
