[[4.69366006e+01 5.64942687e-04]
 [4.86621314e+00 6.48194950e-03]
 [5.84779630e+01 5.05021991e-04]
 [3.18032647e+01 6.57607673e-04]
 [5.26519165e+01 5.15072990e-04]
 [8.42493582e+00 2.79476072e-03]
 [1.38583616e+01 1.92456864e-03]
 [1.62072948e+01 1.34727829e-03]
 [2.85488011e+01 7.50189355e-04]
 [2.46133456e+01 8.15221141e-04]
 [6.25104384e+01 4.96896438e-04]
 [2.23134354e+01 9.50885037e-04]
 [1.31683507e+01 2.50734242e-03]
 [3.19656238e+01 5.70129036e-04]
 [5.40055226e+00 5.97939043e-03]
 [8.12734040e+00 3.73268329e-03]
 [6.48310776e+01 4.57437582e-04]
 [2.21622390e+01 1.07935420e-03]
 [1.61536778e+01 1.46582063e-03]
 [1.39609481e+01 1.80836764e-03]
 [2.21496160e+01 1.08303291e-03]]
