[[2.08511002 2.16097348]
 [0.93130106 1.03668218]
 [1.98383737 1.6164502 ]
 [2.09597257 2.0556585 ]
 [2.08652401 1.67606949]
 [0.70193469 0.59430447]
 [1.05814058 0.79663998]
 [1.63322451 1.58117431]
 [3.45448459 2.99196855]
 [0.09940067 0.07863296]
 [2.76410989 2.52609268]
 [2.92879636 2.90878724]
 [0.29958845 0.36403037]
 [0.22275939 0.32248239]
 [1.1992388  1.48130914]
 [2.62335155 2.77442391]
 [3.08389179 2.84704896]
 [0.88098128 0.99619072]
 [2.9100709  2.63649595]
 [0.99284944 1.28010303]
 [2.63857323 2.40648325]
 [2.07924359 1.8500552 ]
 [3.91374707 2.97141535]
 [1.10716367 0.80121606]
 [0.09166321 0.20017499]
 [1.9742524  2.24081549]
 [4.52904748 2.96986554]
 [0.73396187 0.79289245]
 [2.58633799 2.74921756]
 [0.43741105 0.68192921]
 [2.85357926 2.99026028]
 [2.46035901 2.19027363]
 [1.69354013 1.57168841]
 [2.42214223 2.57795342]
 [1.37059888 1.68158997]
 [1.07056068 0.59684377]
 [0.13313942 0.33276111]
 [0.79916825 0.60780638]
 [2.63951989 2.22023263]
 [2.01610236 2.27624079]
 [3.58464501 2.96197852]
 [1.87437972 2.31096758]
 [2.00932962 2.09192406]
 [0.60383592 0.66085196]
 [0.69177345 0.87043339]
 [1.72849411 2.02491481]
 [1.10741028 1.40173747]
 [1.57382844 1.88056681]
 [2.86636136 2.82828773]
 [2.45772575 2.57010749]
 [2.09289013 2.0503947 ]
 [1.47644397 1.63236415]
 [2.43960746 2.56606924]
 [2.92674229 2.69461514]
 [2.57087522 2.62599818]
 [0.80755385 1.02732192]
 [2.14018735 1.79780927]
 [2.8968027  2.77411254]
 [1.14602514 1.30165013]
 [3.154796   2.94277103]
 [2.51754755 2.8977992 ]
 [2.49966186 2.33129469]
 [1.99609303 2.39088676]
 [1.90540746 1.97803481]
 [0.354592   0.45781196]
 [0.08287941 0.34138907]
 [1.60513157 1.67373598]
 [0.19864353 0.21100032]
 [2.69824555 2.6857811 ]
 [2.23317523 2.63110317]
 [1.64180695 1.64269281]
 [1.93002006 1.71462628]
 [0.19929963 0.40437935]
 [0.967082   1.0069914 ]
 [2.16177797 2.5431014 ]
 [3.01091827 2.89070126]
 [1.72839607 1.78687529]
 [0.88339447 1.17329737]
 [1.17538818 1.38480624]
 [0.98916392 1.28799217]
 [0.61386065 0.56270968]
 [2.35248838 2.48140801]
 [2.29978366 2.29161815]
 [0.63356692 0.73279999]
 [2.73227295 2.44932719]
 [3.02153422 2.87640755]
 [1.96942004 2.06686514]
 [1.95305249 2.08881025]
 [3.06556168 2.8072088 ]
 [2.98444262 2.93877052]
 [2.2050331  2.21883589]
 [1.38600052 1.6044967 ]
 [0.35271022 0.22039996]
 [3.02606448 2.97121859]
 [0.4449911  0.55471677]
 [0.18931294 0.17275052]
 [0.82659245 0.59158904]
 [2.58099231 2.58967945]
 [2.32566972 2.42024043]
 [1.28330495 1.17429109]
 [0.28987907 0.41644955]
 [0.72892716 0.73464192]
 [2.78634115 2.72132717]
 [2.60156818 2.48540444]
 [2.52889693 2.47457569]
 [2.03144214 2.23124759]
 [1.55506534 1.64546727]
 [2.39868784 2.84003004]
 [1.64573001 1.58400419]
 [1.15731468 1.28046405]
 [1.95132352 2.27947619]
 [0.45204858 0.38692795]
 [0.52631263 0.51818239]
 [4.39533201 2.92055658]
 [3.02711004 2.92871479]
 [3.09559817 2.95633474]
 [2.75997514 2.89174767]
 [1.98231345 1.8840697 ]
 [0.99099615 0.66178225]
 [2.68001287 2.70234934]
 [2.82866073 2.7264241 ]
 [1.86249383 1.8571189 ]
 [2.33775027 2.00082763]
 [2.06835082 2.05292887]
 [2.12862206 1.80602352]
 [1.09576903 1.28640208]
 [3.09696083 2.94209711]
 [1.02461073 0.78426214]
 [2.85504381 2.8921084 ]
 [0.87666296 1.02344047]
 [1.48064962 1.59876768]
 [3.70982118 2.94864236]
 [0.36257764 0.51810326]
 [2.47747491 2.47337883]
 [0.66453119 0.8503873 ]
 [2.09974127 1.80836029]
 [2.40722949 2.41078388]
 [1.40096318 1.35408558]
 [1.3981059  1.27053016]
 [2.21751921 2.09352497]
 [1.89054293 2.08798953]
 [0.51409184 0.5875027 ]
 [0.94569187 1.18075024]
 [2.48782192 2.46353089]
 [2.2022028  2.26252508]
 [0.7337369  0.85194968]
 [1.5109075  1.10019594]
 [1.00798317 0.98257217]
 [2.28852644 2.26386668]
 [1.37731013 1.52822574]
 [1.77451255 1.9605931 ]
 [2.71308206 2.65216864]
 [0.95636026 1.1611387 ]
 [0.99116145 0.85714949]
 [2.2376419  2.55371299]
 [1.39179665 1.4624139 ]
 [1.25480769 1.27947884]
 [0.57913373 0.81165598]
 [2.52881674 2.35950229]
 [1.68360545 1.75928826]
 [0.811225   0.58378121]
 [0.07544654 0.09658321]
 [0.57646713 0.62429223]
 [0.21314841 0.29832077]
 [2.31237233 2.60884226]
 [1.1745111  1.12214015]
 [2.06139464 1.8346323 ]
 [1.82085149 1.69993667]
 [1.0081588  1.24938767]
 [0.72586646 1.0040416 ]
 [1.1339466  1.22454421]
 [0.7536983  0.73129193]
 [2.81074752 2.75821414]
 [2.39868784 2.83959572]
 [2.35473222 2.19328151]
 [3.83094183 2.96161244]
 [1.87817697 2.08645516]
 [0.88928113 1.14256123]
 [1.48289249 1.8513848 ]
 [2.88108891 2.94209711]
 [3.71656655 2.90253258]
 [1.1745111  0.96753259]
 [2.22617264 2.08881025]
 [1.84111545 1.47864262]
 [2.38222377 2.29161815]
 [4.2295465  2.96986554]
 [1.42377185 1.69564182]
 [2.33310947 2.73815872]
 [2.34582806 2.39684292]
 [2.51154632 2.39624186]
 [2.58265599 2.52788813]
 [2.22836478 2.19479928]
 [4.87037572 2.97263889]
 [0.82290043 0.7893016 ]
 [2.98983485 2.78274283]
 [1.05705528 1.42161167]
 [1.17760978 0.94533733]
 [4.5916538  2.95851734]
 [4.3086409  2.94209711]
 [1.1527734  1.04499941]
 [1.95003857 1.5953895 ]
 [0.36185396 0.34097085]
 [2.2283323  2.2709459 ]
 [1.47441859 1.52544604]
 [4.06150462 2.92055658]
 [1.6223509  2.05292887]
 [2.22836478 2.23423243]
 [2.12701733 2.37848857]
 [1.93620935 1.80836029]
 [1.01029952 1.23056405]
 [2.97801343 2.83460765]
 [2.78634115 2.71047588]
 [1.58208298 1.88056681]
 [1.11841831 1.4866221 ]
 [2.32480786 1.85348985]
 [2.42245219 2.02154702]
 [1.01713937 0.99553234]
 [1.86249383 1.96632339]
 [2.82439419 2.90633158]
 [3.29017952 2.98905937]
 [2.63452673 2.37629789]
 [1.54512192 1.41038487]
 [1.46273157 1.69291143]
 [1.37237056 1.58927699]
 [2.86318858 2.45845705]
 [1.97330817 2.03335866]
 [1.69770434 1.96513627]
 [2.01610236 2.20717703]
 [1.89054293 2.08476716]
 [1.56586914 1.57168841]
 [1.46498942 1.70828944]
 [2.18383114 1.95249377]
 [0.6535588  0.55471677]
 [1.4986473  1.22831973]
 [1.17780351 1.2649978 ]
 [0.97088401 1.19368052]
 [0.23805464 0.40263001]
 [1.89393184 1.59713553]
 [2.08967543 1.83631383]
 [1.35978056 0.9615434 ]
 [2.14018735 1.80536299]
 [2.82861889 2.88838073]
 [3.4910868  2.94812724]
 [4.37598201 2.96856603]
 [2.77333655 2.98396622]
 [0.19849261 0.39642375]
 [1.06350138 1.01688411]
 [1.44427448 1.15509402]
 [1.34176142 1.68158997]
 [2.51986688 2.8977992 ]
 [2.43272781 2.71484459]
 [1.72839607 1.62528047]
 [1.60075064 1.96126365]
 [2.19963225 2.40452995]
 [2.4243985  2.05646405]
 [1.04416289 0.64812869]
 [1.18435398 1.50185872]
 [1.98120728 2.391162  ]
 [0.89648704 0.90258698]
 [0.43836021 0.61509902]
 [2.43212287 2.13059901]
 [2.1502341  2.16883838]
 [2.79332973 2.98073624]
 [0.52982579 0.41041977]
 [1.18854951 1.37726273]
 [4.91288848 2.99898872]
 [0.76726839 0.73464192]
 [1.63842565 1.34439129]
 [0.53001672 0.66085196]
 [0.07617541 0.05276873]
 [2.01891543 1.67606949]
 [4.07292177 2.97141535]
 [2.52761495 2.37296804]
 [2.06795859 2.23748013]
 [2.11845551 2.50456214]
 [2.01013992 2.28829674]
 [1.58207541 1.39239923]
 [3.52797804 2.96169467]
 [1.74268376 2.09916053]
 [0.19929963 0.35404581]
 [3.07914826 2.95614892]
 [1.82244415 1.54176795]
 [2.85504381 2.68400809]
 [2.6601225  2.86675237]
 [0.9723338  1.12214015]
 [2.43960746 2.51279482]
 [2.80050242 2.97583504]
 [2.2022028  2.15521027]
 [0.01837    0.16712261]
 [4.51450089 2.94044026]
 [0.33626615 0.46026282]
 [1.38600052 1.67676672]
 [2.28723007 2.29161815]
 [1.65841133 2.13434525]
 [1.72548714 1.68158997]
 [2.2331869  1.83791986]
 [1.60513157 1.80563559]
 [2.63857323 2.49252601]
 [3.36714292 2.96752104]
 [1.47644397 1.76080109]
 [4.26581194 2.91396141]
 [1.89070931 2.29946231]
 [0.93261558 1.01834222]
 [2.82685    2.63649595]
 [1.37059888 1.66812553]
 [2.91435423 2.7264241 ]
 [1.98692633 2.14416878]
 [2.43002912 2.75467063]
 [3.20588985 2.97289796]
 [2.25757787 2.28000526]
 [1.27991754 1.31141857]]
