[[2.08511002e+00 2.16097348e+00]
 [9.31301057e-01 1.03668218e+00]
 [1.98383737e+00 1.61645020e+00]
 [2.09597257e+00 2.05565850e+00]
 [2.08652401e+00 1.67606949e+00]
 [7.01934693e-01 5.94304467e-01]
 [1.05814058e+00 7.96639978e-01]
 [1.63322451e+00 1.58117431e+00]
 [3.45448459e+00 2.99196855e+00]
 [9.94006692e-02 7.86329606e-02]
 [2.76410989e+00 2.52609268e+00]
 [2.92879636e+00 2.90878724e+00]
 [2.99588448e-01 3.64030367e-01]
 [2.22759393e-01 3.22482387e-01]
 [1.19923880e+00 1.48130914e+00]
 [3.09977859e+00 2.48694270e+00]
 [2.62335155e+00 2.77442391e+00]
 [3.08389179e+00 2.84704896e+00]
 [1.95003857e+00 1.45797200e+00]
 [8.80981278e-01 9.96190723e-01]
 [2.91007090e+00 2.63649595e+00]
 [9.92849442e-01 1.28010303e+00]
 [2.63857323e+00 2.40648325e+00]
 [2.59505814e+00 2.31265173e+00]
 [8.04857184e-01 1.40064007e+00]
 [2.07924359e+00 1.85005520e+00]
 [3.91374707e+00 2.97141535e+00]
 [2.20952140e+00 1.74473222e+00]
 [1.10716367e+00 8.01216059e-01]
 [9.16632146e-02 2.00174993e-01]
 [1.97425240e+00 2.24081549e+00]
 [7.27791156e-01 4.73190210e-01]
 [4.52904748e+00 2.96986554e+00]
 [7.33961867e-01 7.92892448e-01]
 [2.58633799e+00 2.74921756e+00]
 [4.37411048e-01 6.81929209e-01]
 [2.85357926e+00 2.99026028e+00]
 [2.46035901e+00 2.19027363e+00]
 [1.69354013e+00 1.57168841e+00]
 [2.42214223e+00 2.57795342e+00]
 [1.37059888e+00 1.68158997e+00]
 [1.33139423e-01 3.32761107e-01]
 [4.02647636e-01 6.95106931e-01]
 [7.99168252e-01 6.07806376e-01]
 [1.85077089e+00 1.59209232e+00]
 [2.01610236e+00 2.27624079e+00]
 [3.58464501e+00 2.96197852e+00]
 [2.00932962e+00 2.09192406e+00]
 [6.03835922e-01 6.60851963e-01]
 [6.91773449e-01 8.70433389e-01]
 [1.72849411e+00 2.02491481e+00]
 [1.10741028e+00 1.40173747e+00]
 [1.57382844e+00 1.88056681e+00]
 [2.86636136e+00 2.82828773e+00]
 [2.45772575e+00 2.57010749e+00]
 [2.09289013e+00 2.05039470e+00]
 [1.47644397e+00 1.63236415e+00]
 [2.43960746e+00 2.56606924e+00]
 [2.92674229e+00 2.69461514e+00]
 [2.57087522e+00 2.62599818e+00]
 [8.07553852e-01 1.02732192e+00]
 [2.14018735e+00 1.79780927e+00]
 [2.89680270e+00 2.77411254e+00]
 [1.14602514e+00 1.30165013e+00]
 [3.15479600e+00 2.94277103e+00]
 [2.51754755e+00 2.89779920e+00]
 [2.49966186e+00 2.33129469e+00]
 [1.99609303e+00 2.39088676e+00]
 [1.90540746e+00 1.97803481e+00]
 [3.54592002e-01 4.57811961e-01]
 [8.28794145e-02 3.41389069e-01]
 [1.60513157e+00 1.67373598e+00]
 [1.98643533e-01 2.11000325e-01]
 [2.69824555e+00 2.68578110e+00]
 [1.64180695e+00 1.64269281e+00]
 [1.93002006e+00 1.71462628e+00]
 [1.99299633e-01 4.04379354e-01]
 [9.67081995e-01 1.00699140e+00]
 [2.16177797e+00 2.54310140e+00]
 [1.13500583e+00 1.78794716e+00]
 [3.01091827e+00 2.89070126e+00]
 [1.72839607e+00 1.78687529e+00]
 [1.52644150e+00 1.11496373e+00]
 [2.24368629e+00 2.11294020e+00]
 [8.83394465e-01 1.17329737e+00]
 [1.17538818e+00 1.38480624e+00]
 [1.64922281e+00 2.04922310e+00]
 [1.97441131e+00 1.38473913e+00]
 [6.13860647e-01 5.62709678e-01]
 [2.35248838e+00 2.48140801e+00]
 [1.93494617e+00 1.47864262e+00]
 [2.29978366e+00 2.29161815e+00]
 [6.33566919e-01 7.32799990e-01]
 [3.02153422e+00 2.87640755e+00]
 [1.96942004e+00 2.06686514e+00]
 [1.95305249e+00 2.08881025e+00]
 [3.06556168e+00 2.80720880e+00]
 [2.98444262e+00 2.93877052e+00]
 [2.20503310e+00 2.21883589e+00]
 [1.38600052e+00 1.60449670e+00]
 [2.74526722e+00 2.40298367e+00]
 [3.52710224e-01 2.20399963e-01]
 [3.02606448e+00 2.97121859e+00]
 [4.44991104e-01 5.54716771e-01]
 [1.89312939e-01 1.72750517e-01]
 [8.26592452e-01 5.91589039e-01]
 [2.58099231e+00 2.58967945e+00]
 [2.32566972e+00 2.42024043e+00]
 [1.28330495e+00 1.17429109e+00]
 [7.28927156e-01 7.34641916e-01]
 [2.78634115e+00 2.72132717e+00]
 [2.60156818e+00 2.48540444e+00]
 [2.52889693e+00 2.47457569e+00]
 [2.03144214e+00 2.23124759e+00]
 [1.43993440e+00 9.43251667e-01]
 [1.55506534e+00 1.64546727e+00]
 [2.39868784e+00 2.84003004e+00]
 [3.52963683e+00 2.68481856e+00]
 [1.64573001e+00 1.58400419e+00]
 [1.15731468e+00 1.28046405e+00]
 [1.95132352e+00 2.27947619e+00]
 [4.52048578e-01 3.86927952e-01]
 [5.26312633e-01 5.18182390e-01]
 [4.39533201e+00 2.92055658e+00]
 [3.02711004e+00 2.92871479e+00]
 [3.09559817e+00 2.95633474e+00]
 [2.75997514e+00 2.89174767e+00]
 [1.98231345e+00 1.88406970e+00]
 [3.48929893e-01 1.25632711e-01]
 [9.90996147e-01 6.61782246e-01]
 [6.88313705e-01 1.10077496e+00]
 [9.90996147e-01 7.70987984e-01]
 [3.73660405e+00 2.94491447e+00]
 [2.01742578e+00 2.27758815e+00]
 [2.17851577e+00 2.38317735e+00]
 [2.92879636e+00 2.85726965e+00]
 [3.84860261e+00 2.97274690e+00]
 [2.20503310e+00 2.26919697e+00]
 [1.50223957e+00 1.57800420e+00]
 [2.73844944e+00 2.19208332e+00]
 [1.44810971e+00 1.15416264e+00]
 [3.70949101e+00 2.91134465e+00]
 [9.00599368e-01 7.92892448e-01]
 [2.23939408e+00 2.12081900e+00]
 [1.77236777e+00 1.78687529e+00]
 [1.13563293e+00 9.95593427e-01]
 [2.87053982e+00 2.94214907e+00]
 [8.89207185e-01 1.12868029e+00]
 [1.12886677e+00 9.75052975e-01]
 [2.15555304e+00 1.89999816e+00]
 [1.56072330e+00 1.92460202e+00]
 [4.65166093e-01 4.07845647e-01]
 [1.83489279e+00 1.85005520e+00]
 [4.42560267e+00 2.97260442e+00]
 [8.98250970e-01 1.34368058e+00]
 [2.24368629e+00 2.03346320e+00]
 [1.53991524e+00 1.63651174e+00]
 [2.78634115e+00 2.70951864e+00]
 [2.17220606e+00 2.01815350e+00]
 [3.15999539e+00 2.94652019e+00]
 [2.45126761e+00 2.41558099e+00]
 [1.59117355e+00 1.73888875e+00]
 [4.69443239e+00 2.99843732e+00]
 [1.60907091e+00 1.60145017e+00]
 [2.31152637e+00 2.66011852e+00]
 [3.08389179e+00 2.84795232e+00]
 [1.18301770e+00 1.15568082e+00]
 [1.10323257e+00 9.25180376e-01]
 [4.52774190e+00 2.96430205e+00]
 [1.30656424e+00 1.46404446e+00]
 [4.53907926e+00 2.97139690e+00]
 [1.11057379e+00 1.50703496e+00]
 [3.28868698e+00 2.98509159e+00]
 [1.07888154e-01 2.62280281e-01]
 [2.69824555e+00 2.81103960e+00]
 [9.05815559e-01 9.92777214e-01]
 [3.17564549e+00 2.85532708e+00]
 [9.67081995e-01 1.17284941e+00]
 [2.75336309e+00 2.71620610e+00]
 [3.75336307e-01 3.41389069e-01]
 [2.26850331e+00 2.18795676e+00]
 [4.76470946e-01 2.77015784e-01]
 [2.07219024e+00 1.91671341e+00]
 [2.80567974e+00 2.65618352e+00]
 [2.28367133e+00 2.21580038e+00]
 [1.01463194e+00 1.26773426e+00]
 [2.32500741e+00 2.64441547e+00]
 [7.60101682e-01 5.88703325e-01]
 [8.53627990e-01 1.07013473e+00]
 [2.49848942e+00 2.37114729e+00]
 [2.73358581e+00 2.57587971e+00]
 [1.34599178e+00 1.47522222e+00]
 [1.11503029e+00 1.34566086e+00]
 [7.29125325e-01 9.96190723e-01]
 [3.60667246e+00 2.95583481e+00]
 [1.70253463e+00 1.43814220e+00]
 [4.22767277e+00 2.97043872e+00]
 [2.28153112e-01 9.51014013e-02]
 [4.39533201e+00 2.97618403e+00]
 [1.24467549e+00 1.48965255e+00]
 [4.02988608e+00 2.99759725e+00]
 [2.87258492e+00 2.64249198e+00]
 [1.69984420e+00 1.20717756e+00]
 [2.27434331e+00 2.23299403e+00]
 [2.20503310e+00 2.31197912e+00]
 [2.53565319e+00 2.64908553e+00]
 [2.58227315e+00 2.41205826e+00]
 [6.13860647e-01 6.25904741e-01]
 [1.93682271e+00 1.54466734e+00]
 [9.94675129e-01 1.13322765e+00]
 [2.80056669e+00 2.94343123e+00]
 [8.84256422e-01 6.88336072e-01]
 [2.56672169e+00 2.63649595e+00]
 [4.66656810e-01 4.04379354e-01]
 [2.68302693e+00 2.51743480e+00]
 [2.21616106e+00 1.85238304e+00]
 [2.46035901e+00 2.07217302e+00]
 [2.68166212e+00 2.41617934e+00]
 [1.91043003e+00 1.58982467e+00]
 [2.27029528e+00 2.05758982e+00]
 [1.93128583e+00 1.86958003e+00]
 [2.14492960e+00 2.27418497e+00]
 [1.63124982e+00 1.94737038e+00]
 [1.64882811e+00 1.42184697e+00]
 [2.20552916e-03 7.86329606e-02]
 [2.31892843e+00 2.14352534e+00]
 [1.36134608e+00 9.91683124e-01]
 [1.39838560e+00 1.49175028e+00]
 [2.20188739e+00 2.21460916e+00]
 [2.41693992e+00 2.16332883e+00]
 [3.51575891e+00 2.86455344e+00]
 [2.33807493e+00 2.50993065e+00]
 [2.32566972e+00 2.45609762e+00]]
