[[4.94647278e+00 2.99986070e+00]
 [2.05676683e-03 3.62374969e-02]
 [2.33660085e+00 2.07095270e+00]
 [4.19279213e-01 4.12162561e-01]
 [2.98723177e-01 3.64030367e-01]
 [1.24991797e+00 1.23685909e+00]
 [1.48579734e+00 1.62035018e+00]
 [1.23321330e+00 1.10249131e+00]
 [2.12316942e+00 2.07095270e+00]
 [1.23495322e-01 1.84064306e-01]
 [7.01934693e-01 7.89470384e-01]
 [3.78018708e+00 2.98992769e+00]
 [2.19557562e+00 2.68765865e+00]
 [6.43005322e-01 7.20816823e-01]
 [2.99246814e+00 2.74480123e+00]
 [6.95316056e-01 8.93778154e-01]
 [3.98589746e+00 2.93866442e+00]
 [4.89431959e+00 2.99754294e+00]
 [4.21377469e-01 5.92834478e-01]
 [4.78640508e+00 2.99963802e+00]
 [2.90956272e+00 2.74329231e+00]
 [1.37621099e+00 1.35309576e+00]
 [2.20943471e-02 1.79901435e-01]
 [1.63322451e+00 1.58117431e+00]
 [2.02063068e+00 1.75675602e+00]
 [2.31766140e+00 2.25883768e+00]
 [7.08142149e-01 4.35470676e-01]
 [1.14107945e+00 1.10249131e+00]
 [4.00567420e-01 5.36813422e-01]
 [4.41322812e+00 2.99963802e+00]
 [1.86342895e+00 1.58117431e+00]
 [4.55422752e+00 2.99818170e+00]
 [3.08842477e-01 2.49756774e-01]
 [3.16337924e+00 2.67055542e+00]
 [9.99867683e-01 9.44604269e-01]
 [1.31311657e+00 1.27003793e+00]
 [1.78044835e+00 1.58117431e+00]
 [2.41551348e-01 2.04919557e-01]
 [3.23813874e+00 2.99567038e+00]
 [6.91408500e-01 5.83818620e-01]
 [2.03970103e+00 1.64330021e+00]
 [9.71787892e-01 7.24035411e-01]
 [1.65711043e+00 1.62949232e+00]
 [4.12256184e+00 2.93888707e+00]
 [2.40553902e+00 2.25883768e+00]
 [6.16214439e-02 4.40388279e-02]
 [2.02063068e+00 1.83758596e+00]
 [1.16830963e+00 1.48130914e+00]
 [3.40156534e+00 2.99420357e+00]
 [2.10434559e+00 2.69174046e+00]
 [2.69442843e+00 2.42993009e+00]
 [2.05745587e+00 1.97976954e+00]
 [1.57120903e+00 1.26657627e+00]
 [2.87700200e+00 2.68901711e+00]
 [9.70526946e-01 1.09686656e+00]
 [2.13874799e+00 2.35649666e+00]
 [1.63414625e+00 1.33909261e+00]
 [2.45261301e+00 2.54148732e+00]
 [2.88412983e+00 2.54238579e+00]
 [2.67038764e+00 2.56279200e+00]
 [9.70526946e-01 9.27972298e-01]
 [3.14192117e+00 2.98982602e+00]
 [3.06668164e+00 2.99525580e+00]
 [3.40534457e+00 2.91115559e+00]
 [9.70526946e-01 1.18773383e+00]
 [3.70134891e+00 2.86227682e+00]
 [3.71489846e+00 2.93866442e+00]
 [1.84800356e+00 1.68041766e+00]
 [4.22541022e+00 2.99313439e+00]
 [3.94998845e-01 8.03628729e-01]
 [4.36323690e+00 2.99744408e+00]
 [2.04214506e+00 1.90321111e+00]
 [2.69442843e+00 2.38606459e+00]
 [1.80833674e+00 1.82223898e+00]
 [4.69930506e+00 2.99986070e+00]
 [1.11275031e+00 6.93765016e-01]
 [2.66736089e+00 2.54403317e+00]
 [3.18864311e+00 2.98982602e+00]
 [2.67439940e+00 2.65832885e+00]
 [2.20114524e+00 1.93079554e+00]
 [3.49123047e+00 2.99482673e+00]
 [1.27336415e+00 1.63268456e+00]
 [4.30782311e+00 2.99980936e+00]
 [1.80833674e+00 1.75903717e+00]
 [2.67439940e+00 2.66061615e+00]
 [2.68063137e-01 2.15454802e-01]
 [3.48995936e+00 2.98543192e+00]
 [3.71012117e+00 2.99656896e+00]
 [4.62986889e+00 2.99647081e+00]
 [2.05745587e+00 2.02184491e+00]]
