[[2.08511002e+00 2.16097348e+00]
 [9.31301057e-01 1.03668218e+00]
 [1.98383737e+00 1.61645020e+00]
 [2.09597257e+00 2.05565850e+00]
 [7.01934693e-01 5.94304467e-01]
 [1.56712089e+00 2.07696785e+00]
 [1.63322451e+00 1.58117431e+00]
 [3.45448459e+00 2.99196855e+00]
 [9.94006692e-02 7.86329606e-02]
 [2.76410989e+00 2.52609268e+00]
 [6.20866576e-01 8.37551037e-01]
 [2.92879636e+00 2.90878724e+00]
 [2.99588448e-01 3.64030367e-01]
 [2.22759393e-01 3.22482387e-01]
 [1.19923880e+00 1.48130914e+00]
 [2.62335155e+00 2.77442391e+00]
 [3.08389179e+00 2.84704896e+00]
 [1.95003857e+00 1.45797200e+00]
 [8.80981278e-01 9.96190723e-01]
 [2.91007090e+00 2.63649595e+00]
 [2.16838174e+00 2.42208159e+00]
 [1.42788141e+00 1.76050002e+00]
 [9.92849442e-01 1.28010303e+00]
 [2.59505814e+00 2.31265173e+00]
 [8.04857184e-01 1.40064007e+00]
 [2.07924359e+00 1.85005520e+00]
 [3.91374707e+00 2.97141535e+00]
 [1.23866451e+00 7.86519251e-01]
 [1.10716367e+00 8.01216059e-01]
 [9.16632146e-02 2.00174993e-01]
 [1.97425240e+00 2.24081549e+00]
 [7.27791156e-01 4.73190210e-01]
 [4.52904748e+00 2.96986554e+00]
 [7.33961867e-01 7.92892448e-01]
 [2.58633799e+00 2.74921756e+00]
 [4.37411048e-01 6.81929209e-01]
 [2.85357926e+00 2.99026028e+00]
 [1.69354013e+00 1.57168841e+00]
 [2.42214223e+00 2.57795342e+00]
 [1.33139423e-01 3.32761107e-01]
 [4.02647636e-01 6.95106931e-01]
 [7.99168252e-01 6.07806376e-01]
 [1.85077089e+00 1.59209232e+00]
 [2.01610236e+00 2.27624079e+00]
 [3.58464501e+00 2.96197852e+00]
 [2.00932962e+00 2.09192406e+00]
 [6.03835922e-01 6.60851963e-01]
 [6.91773449e-01 8.70433389e-01]
 [1.10741028e+00 1.40173747e+00]
 [1.57382844e+00 1.88056681e+00]
 [2.86636136e+00 2.82828773e+00]
 [2.45772575e+00 2.57010749e+00]
 [2.09289013e+00 2.05039470e+00]
 [7.26308901e-01 7.04553456e-01]
 [1.61064757e+00 1.35850337e+00]
 [3.52503816e+00 2.99266991e+00]
 [1.36749838e+00 1.47305753e+00]
 [2.54274994e+00 2.22023263e+00]
 [4.52904748e+00 2.97259537e+00]
 [2.11400243e+00 2.61876713e+00]
 [1.85715976e+00 1.66905489e+00]
 [1.44358761e+00 1.60085360e+00]
 [2.45786580e+00 2.54942279e+00]
 [7.39399581e-01 1.05673080e+00]
 [2.09205368e+00 2.09192406e+00]
 [2.76410989e+00 2.73810448e+00]
 [3.19500437e+00 2.90944549e+00]
 [2.74529643e+00 2.32114248e+00]
 [4.01827504e+00 2.98626385e+00]
 [2.07924359e+00 1.86369846e+00]
 [2.12358675e+00 1.88415195e+00]
 [1.67351237e+00 1.61310490e+00]
 [4.68375366e-01 3.44357081e-01]
 [3.29807391e+00 2.68381999e+00]
 [1.23866451e+00 1.19826190e+00]
 [2.49238407e+00 2.86928141e+00]
 [2.46015312e+00 2.39635573e+00]
 [5.17835575e-01 7.98529872e-01]
 [1.70379503e+00 2.19673266e+00]
 [2.45126761e+00 2.80218682e+00]
 [2.94380150e+00 2.93100746e+00]
 [2.75962825e+00 2.31265173e+00]
 [8.62516925e-01 9.96190723e-01]
 [2.55663145e+00 2.13896694e+00]
 [1.94364313e+00 2.05351038e+00]
 [1.50379217e+00 1.39523188e+00]
 [1.73280063e+00 1.99068210e+00]
 [6.45079254e-04 5.76057082e-02]
 [2.44885973e+00 2.42208159e+00]
 [3.20146017e+00 2.93496413e+00]
 [3.09016788e+00 2.71155104e+00]
 [7.49707403e-01 6.68596556e-01]
 [6.24112716e-01 8.11185954e-01]
 [2.66724976e+00 2.86255162e+00]
 [2.45772575e+00 2.58819695e+00]
 [2.05074017e+00 2.09687073e+00]
 [2.49318983e+00 2.40678612e+00]
 [3.41853850e+00 2.97052355e+00]
 [2.74933861e+00 2.98110801e+00]
 [1.10741028e+00 1.40275509e+00]
 [1.10295956e+00 1.24726191e+00]
 [1.69305016e+00 1.86421630e+00]
 [6.45079254e-04 7.09057975e-02]
 [8.61702542e-01 6.46993282e-01]
 [3.34030084e+00 2.66475782e+00]
 [2.58307105e+00 2.61471379e+00]
 [2.63430115e+00 2.32894427e+00]
 [1.25127282e+00 1.35850337e+00]
 [2.19180832e+00 2.12041315e+00]
 [1.81964437e+00 1.48700770e+00]
 [4.52904748e+00 2.97465341e+00]
 [2.42328850e+00 1.91555552e+00]
 [1.25687464e+00 1.29943342e+00]
 [2.56099842e+00 2.75809827e+00]
 [3.42883771e-01 6.86441013e-01]
 [4.39611229e+00 2.98506665e+00]
 [2.45675317e+00 2.32632504e+00]
 [2.09514506e+00 1.74473222e+00]
 [3.67677048e+00 2.97912042e+00]
 [1.14458860e+00 1.32512829e+00]
 [4.25690365e-01 3.44357081e-01]
 [2.75728398e+00 2.86111149e+00]
 [1.23866451e+00 1.13012678e+00]
 [6.30417153e-01 3.56154632e-01]
 [2.18049855e-01 3.24420789e-01]
 [2.19238023e+00 2.27244078e+00]
 [1.72589262e+00 1.99068210e+00]
 [4.85794925e+00 2.98935804e+00]
 [2.08511002e+00 2.28143329e+00]
 [1.63068613e+00 1.89902044e+00]
 [2.06195976e+00 1.71184151e+00]
 [4.78102950e-01 3.13040622e-01]
 [2.41576514e+00 2.43769162e+00]
 [8.29292307e-01 8.82557495e-01]
 [1.96984899e+00 2.42208159e+00]
 [1.57382844e+00 1.89500984e+00]
 [1.97450426e+00 1.61745372e+00]
 [3.26701974e+00 2.75620031e+00]
 [6.45079254e-04 7.17599700e-02]
 [1.54320974e+00 1.61730088e+00]
 [1.22190904e+00 1.43916640e+00]
 [3.26160867e-01 3.32761107e-01]
 [4.52904748e+00 2.97653677e+00]
 [1.14524386e+00 1.28386882e+00]
 [2.97332335e+00 2.93969562e+00]
 [1.21591602e+00 1.26772262e+00]
 [3.38513177e+00 2.98011223e+00]
 [6.86642965e-01 5.00100410e-01]
 [1.77725595e+00 1.97917248e+00]
 [1.63322451e+00 1.58562357e+00]
 [2.16838174e+00 2.40279492e+00]
 [1.87081192e+00 1.88179033e+00]
 [3.76796254e+00 2.97329046e+00]
 [2.62319701e+00 2.89433230e+00]
 [2.20801147e+00 1.82344866e+00]
 [2.51550333e+00 2.12558560e+00]
 [3.06540606e+00 2.71155104e+00]
 [1.84445640e+00 2.12253883e+00]
 [2.52750515e+00 2.24678513e+00]
 [1.60594424e+00 1.45255493e+00]
 [1.56712089e+00 1.47309557e+00]
 [2.35507599e+00 2.30255703e+00]
 [1.14304460e+00 1.58263860e+00]
 [2.94374077e+00 2.49825223e+00]
 [6.67361784e-01 3.24137966e-01]
 [6.07672266e-01 4.74019659e-01]
 [1.02959266e+00 1.10376298e+00]
 [1.61967097e+00 1.89902044e+00]
 [4.99334094e-02 3.29311235e-01]
 [1.28919250e+00 1.69618526e+00]
 [2.10509398e+00 1.91101712e+00]
 [1.20591107e+00 1.17969936e+00]
 [3.04116936e+00 2.54075178e+00]
 [2.03364911e+00 1.72777381e+00]
 [2.46095943e+00 2.16290884e+00]
 [1.27391443e+00 9.09225822e-01]
 [2.50628970e-01 3.02796425e-01]
 [2.72363419e+00 2.92275270e+00]
 [4.52449001e+00 2.99019669e+00]
 [3.25740815e+00 2.99461482e+00]
 [2.51609688e+00 2.72905470e+00]
 [9.60777902e-01 7.99466823e-01]
 [2.53586487e-01 4.45773985e-01]
 [2.54735617e+00 2.84080639e+00]
 [1.68221750e+00 1.61310490e+00]
 [1.33964665e+00 1.68212223e+00]
 [2.38768061e+00 2.75082017e+00]
 [1.00421589e+00 7.23179696e-01]
 [3.43718752e+00 2.86107877e+00]
 [1.24278939e+00 1.17015738e+00]
 [3.61981042e-01 4.71513896e-01]
 [6.81129981e-01 9.45570428e-01]
 [1.34675031e+00 9.36809513e-01]
 [1.98783362e+00 1.71681173e+00]
 [2.73895387e+00 2.97184161e+00]
 [3.84573243e+00 2.95598795e+00]
 [3.45554098e+00 2.99071559e+00]
 [2.42162811e+00 2.14140567e+00]
 [2.72025107e+00 2.78150134e+00]
 [2.19238023e+00 2.24686908e+00]
 [2.97230288e+00 2.59399425e+00]
 [4.48712434e-01 2.37440194e-01]
 [1.31390065e+00 1.64248436e+00]
 [1.71800956e+00 1.35818213e+00]
 [2.75728398e+00 2.89377500e+00]
 [2.72344154e+00 2.74092878e+00]
 [8.77591266e-01 7.86791572e-01]
 [2.50556846e+00 2.60999662e+00]
 [2.70005011e-01 3.59125615e-01]
 [2.24623377e+00 1.87530785e+00]
 [5.82312097e-01 3.91450803e-01]
 [4.67531785e+00 2.98097230e+00]
 [1.46418467e+00 1.47305753e+00]
 [1.52924176e+00 1.97052053e+00]
 [3.39573165e+00 2.99916914e+00]
 [1.36168268e+00 1.40173747e+00]
 [2.57560880e+00 2.74601037e+00]
 [3.83559464e+00 2.93405584e+00]
 [3.57395100e+00 2.99196855e+00]
 [3.31674172e-01 1.45777220e-01]
 [1.28956432e+00 1.06674204e+00]
 [2.28323949e+00 2.65944157e+00]
 [5.55378004e-01 6.82045587e-01]
 [3.63421657e+00 2.96197852e+00]
 [2.48986894e-01 3.32761107e-01]
 [4.52904748e+00 2.94992251e+00]
 [2.05471967e+00 1.55528336e+00]
 [7.07126288e-01 6.95106931e-01]
 [1.37059888e+00 1.72650373e+00]
 [4.97763876e+00 2.99659013e+00]
 [2.93670549e+00 2.70410807e+00]
 [3.45448459e+00 2.99720036e+00]
 [2.56099842e+00 2.62419923e+00]
 [9.16632146e-02 2.84974574e-01]
 [4.51489745e-01 4.55792729e-01]
 [1.38263070e+00 1.39539108e+00]
 [2.54639045e+00 2.75309922e+00]
 [2.79281991e+00 2.94675568e+00]
 [2.07666696e+00 1.80414789e+00]
 [4.24248478e+00 2.93734404e+00]
 [2.56849159e-01 6.84260842e-02]
 [1.02702619e+00 1.28010303e+00]
 [4.29674622e+00 2.94458695e+00]
 [1.39706392e+00 1.29943342e+00]
 [1.99499624e+00 1.38754529e+00]
 [3.15812495e+00 2.98965045e+00]
 [9.31301057e-01 1.03629362e+00]
 [3.48656203e-01 6.07806376e-01]
 [8.88612380e-01 7.25861268e-01]
 [2.17652979e+00 2.13698687e+00]
 [2.38404564e+00 2.42466434e+00]
 [3.29804436e+00 2.87803954e+00]
 [7.08383231e-01 1.06673042e+00]
 [4.29983118e+00 2.93918383e+00]
 [2.75728398e+00 2.96610070e+00]
 [3.15639937e+00 2.90957453e+00]
 [2.62353172e+00 2.93421398e+00]
 [4.39241249e+00 2.96129733e+00]
 [3.77664026e+00 2.96194787e+00]]
