[[0.78492906 0.54484695]
 [0.08339973 1.01974234]
 [0.20299086 0.94697502]
 [0.80994055 0.50763078]
 [0.82973725 0.49501452]
 [0.129037   0.97647969]
 [0.72828814 0.75311902]
 [0.92375116 0.45998843]
 [0.93409408 0.18603524]
 [0.50986921 0.84879693]
 [0.11596985 0.99477697]
 [1.01187984 0.10892643]
 [0.10005014 1.00148692]
 [0.06318564 1.05207944]
 [0.96357929 0.18478792]
 [0.82683759 0.49875183]
 [0.50305555 0.85371613]
 [0.96821377 0.14505708]
 [0.56324917 0.77896997]
 [0.99882643 0.14355625]
 [1.03616886 0.07335431]
 [0.46823887 0.90899707]]
