[[0.62822678 4.53414591 9.09509548 1.55636897]
 [0.43379929 4.27441307 8.65190854 0.52291692]
 [1.02679196 8.45817405 9.82763891 4.57948067]
 [1.36438273 0.93245491 8.65502654 2.30850721]
 [1.68005678 1.30700616 9.63388057 2.58191717]
 [0.43379929 4.27441307 8.65190854 0.82978024]
 [0.68705545 2.29195297 7.52081501 1.49152415]
 [0.85891126 1.86709885 9.70187424 3.74195519]
 [1.67413319 2.20076291 9.67877658 2.58191717]
 [0.85961371 1.28843451 8.22000442 1.52630156]
 [2.49046507 1.30700616 9.63388057 4.8336422 ]
 [1.96738037 0.87589316 9.82988943 3.53752439]
 [1.48066461 0.63075997 9.41425088 4.30724838]
 [0.62822678 4.53414591 9.09509548 1.36958829]
 [0.85891126 1.86709885 9.22116706 3.74195519]
 [2.20558361 6.23960265 9.72687203 4.93566694]
 [1.36438273 0.93245491 8.60445144 2.30850721]
 [4.1315157  6.28430225 9.90346743 4.90341414]
 [0.7836184  3.71933579 9.10236038 3.13839918]
 [2.27858392 6.51767042 9.81032763 4.97807639]
 [4.16669545 8.23892509 9.91442953 4.96879038]
 [0.43379929 4.58452775 8.55532531 0.63109948]
 [0.29289416 5.06918964 9.82763891 2.20687343]
 [0.43379929 4.27441307 8.63538539 0.82978024]
 [1.37933389 0.84943048 9.63402015 4.73648623]
 [0.73368986 4.44684078 9.98717967 1.55636897]]
