[[3.60699608e+01 1.65566552e+01]
 [7.76812641e+00 3.22621992e+01]
 [2.61940879e+01 2.05456462e+01]
 [3.44753316e+01 1.71025222e+01]
 [3.38364045e+00 3.78835185e+01]
 [2.06701379e+01 2.30235463e+01]
 [8.35413583e+01 6.42080819e+00]
 [6.42545421e-02 4.82357273e+01]
 [5.60857909e+01 1.11194220e+01]
 [6.81555654e+01 8.66305532e+00]
 [8.89085385e-01 4.35860832e+01]
 [6.14466549e-01 4.47011988e+01]
 [5.83176055e+01 1.06016468e+01]
 [7.04643053e+01 8.30666886e+00]
 [2.37133311e+01 2.18482271e+01]
 [7.07409588e+00 3.29968040e+01]
 [6.16784942e+01 9.95395502e+00]
 [4.22734344e+01 1.46637253e+01]
 [2.05528226e+01 2.32543913e+01]
 [1.04976551e+01 2.98948891e+01]
 [5.10129214e+01 1.23026655e+01]
 [1.04383508e+01 3.05546152e+01]
 [3.09838326e+01 1.84529702e+01]
 [9.65869014e+01 5.29510110e+00]
 [3.17043014e+01 1.83835391e+01]
 [5.39452017e+01 1.18097581e+01]
 [7.47103428e+00 3.27839613e+01]
 [1.93888691e-01 4.71300901e+01]
 [3.56757064e+01 1.67682477e+01]
 [3.01435576e+00 3.87437753e+01]
 [1.17329489e+02 4.34324222e+00]
 [4.66951383e+00 3.58988353e+01]
 [5.69893656e+01 1.08917859e+01]
 [2.62542348e+00 3.94629533e+01]
 [6.83382844e+01 8.64617576e+00]
 [4.34026601e+01 1.43443386e+01]
 [2.13531304e+01 2.26859973e+01]
 [5.00504672e+01 1.25116603e+01]
 [6.00929066e+00 3.48282781e+01]
 [5.13824242e-01 4.54694508e+01]
 [2.58119506e+00 3.96677531e+01]
 [4.03239394e+00 3.69383522e+01]
 [2.38404433e+01 2.15314788e+01]
 [3.69837635e+01 1.63225093e+01]
 [8.64919865e+01 6.15676129e+00]
 [3.36542071e+01 1.74010150e+01]
 [3.20537255e+00 3.81544643e+01]
 [1.27649019e+01 2.80997480e+01]
 [2.40538698e+01 2.14695150e+01]
 [6.48609556e+01 9.26874806e+00]
 [5.05834735e+01 1.23675360e+01]
 [3.43372301e+01 1.71514592e+01]
 [1.93779981e+01 2.37564183e+01]
 [5.01455835e+01 1.24796289e+01]
 [6.33070848e+01 9.61319687e+00]
 [5.40210633e+01 1.15365319e+01]
 [1.10958087e+01 2.96911065e+01]
 [6.83013424e+00 3.33587758e+01]
 [3.12500802e+01 1.84325539e+01]
 [6.43486652e+01 9.37801384e+00]
 [1.71358718e+00 4.17938033e+01]
 [1.20306667e+01 2.85309140e+01]
 [5.89411434e+01 1.05818184e+01]
 [4.67329773e+01 1.33736789e+01]
 [3.88029074e+01 1.58309290e+01]
 [3.01727971e+01 1.87087766e+01]
 [1.34130912e+00 4.22112876e+01]
 [2.15113580e+01 2.25891640e+01]
 [3.35921562e-01 4.59875418e+01]
 [5.79757966e+01 1.06536827e+01]
 [2.15758789e+01 2.25489721e+01]
 [2.66596827e+01 2.02184574e+01]
 [7.79711709e+00 3.22085453e+01]
 [1.06048891e+01 2.97929752e+01]
 [5.47138189e+01 1.13764202e+01]
 [1.17882712e+02 4.24960522e+00]
 [5.11317089e+01 1.22464648e+01]
 [6.53933161e+01 9.18098044e+00]
 [3.24052505e-01 4.64948155e+01]
 [9.70306554e+01 5.22478401e+00]
 [8.28956638e+01 6.80754430e+00]
 [1.44754821e+01 2.67302740e+01]
 [6.95764121e+00 3.30906600e+01]
 [1.12095615e+00 4.27937403e+01]
 [8.10549068e+01 7.13036927e+00]
 [2.34264817e+01 2.20676652e+01]
 [3.80399657e+01 1.61137439e+01]
 [3.53671313e+01 1.69358559e+01]
 [7.42896442e+01 7.63495324e+00]
 [5.82867383e+01 1.06064359e+01]
 [1.15362010e+01 2.90442194e+01]
 [4.31433718e+01 1.43834960e+01]
 [6.59799315e+00 3.43088321e+01]
 [4.00235000e+00 3.73036386e+01]
 [6.42633111e+01 9.39103786e+00]
 [3.83955135e+01 1.60644014e+01]
 [1.01167908e+02 4.94337994e+00]
 [2.88557475e+00 3.89657475e+01]
 [4.06772345e-01 4.58377440e+01]
 [9.84351760e-01 4.33213423e+01]
 [9.45126871e+01 5.66231986e+00]
 [1.99484084e+01 2.34329297e+01]
 [7.68516408e+00 3.24059856e+01]
 [3.68282248e+00 3.74476832e+01]
 [1.68068607e+01 2.53013319e+01]
 [2.43878050e+01 2.12432509e+01]
 [4.84602768e+01 1.29304592e+01]
 [4.38928324e+01 1.41867911e+01]
 [1.40677869e+01 2.70418993e+01]
 [7.74808127e+01 7.17234904e+00]
 [3.39990312e+01 1.72894265e+01]
 [9.15210193e+00 3.10823318e+01]
 [6.27014943e+01 9.82732031e+00]
 [2.57103500e+01 2.05929209e+01]
 [4.30535616e+01 1.44674697e+01]
 [1.08615215e+02 4.76293376e+00]
 [2.90899526e+01 1.93337001e+01]
 [4.48450571e+00 3.63064150e+01]
 [1.13884901e+01 2.91056655e+01]
 [2.37153350e+01 2.16112658e+01]
 [3.94362766e+01 1.55961653e+01]
 [4.90113593e+01 1.27496383e+01]
 [1.52587793e+01 2.63368837e+01]
 [6.90583524e+01 8.50334849e+00]
 [1.05411926e+00 4.32600183e+01]
 [6.99868155e+01 8.40965868e+00]
 [4.17752859e+01 1.47408325e+01]
 [3.35245425e-02 4.87532239e+01]
 [4.52264045e+01 1.39247787e+01]
 [4.73216262e+01 1.32663390e+01]
 [4.52297058e+01 1.37754172e+01]
 [3.39279505e+01 1.73111557e+01]
 [3.72831993e+01 1.62203231e+01]
 [4.72432257e+01 1.33526975e+01]
 [7.25330274e+01 8.15480915e+00]
 [1.64350085e+01 2.54493687e+01]
 [4.77625623e+01 1.31455898e+01]
 [2.02934154e+01 2.33200680e+01]
 [3.21462228e+01 1.79639995e+01]
 [2.73534975e+01 1.98638441e+01]
 [4.25048768e+01 1.46447016e+01]
 [5.36398580e+01 1.18778219e+01]
 [3.66181156e+01 1.64243785e+01]
 [1.02537228e+02 4.86429161e+00]
 [6.27662944e+01 9.67293025e+00]
 [7.31865387e+01 7.90207616e+00]
 [6.32563194e+01 9.62430699e+00]
 [9.55290230e+01 5.51643992e+00]
 [2.66583281e+01 2.04571826e+01]
 [4.26508078e+01 1.44860450e+01]
 [1.77618688e+01 2.47160109e+01]
 [5.10589031e+01 1.22902885e+01]
 [8.06993230e+01 7.16288940e+00]
 [3.17680444e+01 1.80890560e+01]
 [1.68379524e+01 2.51965833e+01]
 [6.65298695e+01 8.98270084e+00]
 [2.46650773e+01 2.10980806e+01]
 [6.26183281e+01 9.84607822e+00]
 [1.20077162e+01 2.85328406e+01]
 [5.24977798e+01 1.19500389e+01]
 [4.04522840e+00 3.69117644e+01]
 [3.55507385e+01 1.68024875e+01]
 [1.36824810e+01 2.74502531e+01]
 [2.46143353e+00 4.01440451e+01]
 [6.98834560e+01 8.45243495e+00]
 [4.81462328e+01 1.29868579e+01]
 [5.73002359e+01 1.08346605e+01]
 [7.00049356e+01 8.33914523e+00]
 [8.05523060e-01 4.40096888e+01]
 [3.02371843e+01 1.87030859e+01]
 [7.08994328e+00 3.29452180e+01]
 [8.71753000e-01 4.36417603e+01]
 [2.49407317e+01 2.09246185e+01]
 [5.12055196e+01 1.22143832e+01]
 [1.00443777e+02 5.00926866e+00]
 [6.10062237e+01 1.00756261e+01]
 [3.83008102e+01 1.61009566e+01]
 [1.66001041e+01 2.54164124e+01]
 [4.32782256e+01 1.43566095e+01]
 [9.03052239e+01 5.74738673e+00]
 [4.35104121e+01 1.42351296e+01]
 [3.33859727e+00 3.80749979e+01]
 [9.78229495e-02 4.81600410e+01]
 [2.79078816e+01 1.97100629e+01]
 [5.97783219e+01 1.02926852e+01]
 [1.49643946e+01 2.63874944e+01]
 [3.33696107e+01 1.75173500e+01]
 [7.07422832e+01 8.21335820e+00]
 [4.59772337e+01 1.35480243e+01]
 [4.42504574e+01 1.40282167e+01]
 [1.72536344e-01 4.76855341e+01]
 [8.16131368e+00 3.18671823e+01]
 [6.80029408e+00 3.34116668e+01]
 [1.09223930e+02 4.72999476e+00]
 [6.02948191e+00 3.43614580e+01]
 [6.79870814e+01 8.77513548e+00]
 [2.13445749e+00 4.04121462e+01]
 [1.15620476e+01 2.89355567e+01]
 [5.69849082e+01 1.08926983e+01]
 [2.24875996e+01 2.23025839e+01]
 [8.50263867e+01 6.30471705e+00]
 [2.77058317e+01 1.97126641e+01]
 [4.32832401e+00 3.63786087e+01]
 [1.97654193e+01 2.35941682e+01]
 [7.46840763e+01 7.60295837e+00]
 [4.66167346e+01 1.34267169e+01]
 [6.14845278e+01 9.99758658e+00]
 [8.49866743e+01 6.33538095e+00]
 [4.89696819e+00 3.55842209e+01]
 [7.30940989e+01 8.02145595e+00]
 [8.80160353e+01 6.02622018e+00]
 [1.86321238e+01 2.41767612e+01]
 [5.97683792e+01 1.03507658e+01]
 [8.21010755e+01 6.89776797e+00]
 [1.17934489e+02 4.24093359e+00]
 [2.81675831e+01 1.95165709e+01]
 [6.04580805e+01 1.01866513e+01]
 [1.92658035e+00 4.12005197e+01]
 [5.08320419e+01 1.23283652e+01]
 [5.60625305e+01 1.11251196e+01]
 [1.75396343e+01 2.48966431e+01]
 [1.46722932e+01 2.65916418e+01]
 [3.29335211e+01 1.76684288e+01]
 [7.62369350e+00 3.27278078e+01]
 [1.31978440e+01 2.76429291e+01]
 [2.06890151e-01 4.71050630e+01]
 [1.42950917e+01 2.68885237e+01]
 [1.10980273e+01 2.96896640e+01]
 [3.95825502e+01 1.54619571e+01]
 [1.53735225e+01 2.62498137e+01]
 [1.26378204e+00 4.24766341e+01]
 [1.04209066e-01 4.78301439e+01]
 [8.94743474e+00 3.11518645e+01]
 [1.17030462e+00 4.26572284e+01]]
