[[4.96410556 1.02696016 4.94960469 0.06664584 1.12885287 0.69484016]
 [0.98556783 1.01851779 1.08884401 0.14636163 1.0692494  0.41566879]
 [4.41088829 1.0269602  1.25187271 0.14730779 1.03464199 0.72818456]
 [3.55142011 0.85657242 1.09408294 0.04756124 1.06994888 0.44711755]
 [4.95152289 1.02700373 3.61693053 0.19937156 1.06255133 0.72707489]
 [3.99867247 1.11937817 1.31883169 0.14636163 1.10529352 0.43192429]
 [3.98306164 1.01920573 1.32326566 0.14636163 1.10587111 0.41566879]
 [3.55142011 0.85657242 1.14785303 0.04756124 1.09677532 0.70538024]
 [4.97603485 1.01920573 1.32326566 0.14636163 1.10529352 0.41566879]
 [4.95152289 1.02700373 1.05575533 0.19937156 1.06247766 0.72419485]]
