[[3.60699608e+01 1.65566552e+01]
 [7.76812641e+00 3.22621992e+01]
 [2.61940879e+01 2.05456462e+01]
 [3.44753316e+01 1.71025222e+01]
 [3.38364045e+00 3.78835185e+01]
 [7.01718697e+00 3.32064912e+01]
 [2.06701379e+01 2.30235463e+01]
 [8.35413583e+01 6.42080819e+00]
 [6.42545421e-02 4.82357273e+01]
 [5.60857909e+01 1.11194220e+01]
 [6.81555654e+01 8.66305532e+00]
 [8.89085385e-01 4.35860832e+01]
 [6.14466549e-01 4.47011988e+01]
 [1.45298019e+01 2.68269711e+01]
 [5.83176055e+01 1.06016468e+01]
 [7.04643053e+01 8.30666886e+00]
 [2.37133311e+01 2.18482271e+01]
 [7.07409588e+00 3.29968040e+01]
 [6.16784942e+01 9.95395502e+00]
 [1.04976551e+01 2.98948891e+01]
 [5.10129214e+01 1.23026655e+01]
 [4.83307391e+01 1.30055861e+01]
 [3.09838326e+01 1.84529702e+01]
 [9.65869014e+01 5.29510110e+00]
 [3.17043014e+01 1.83835391e+01]
 [1.93888691e-01 4.71300901e+01]
 [3.01435576e+00 3.87437753e+01]
 [4.66951383e+00 3.58988353e+01]
 [5.69893656e+01 1.08917859e+01]
 [2.62542348e+00 3.94629533e+01]
 [6.83382844e+01 8.64617576e+00]
 [2.13531304e+01 2.26859973e+01]
 [5.00504672e+01 1.25116603e+01]
 [1.88251444e+01 2.41843976e+01]
 [6.00929066e+00 3.48282781e+01]
 [5.13824242e-01 4.54694508e+01]
 [4.03239394e+00 3.69383522e+01]
 [2.38404433e+01 2.15314788e+01]
 [4.75859928e+01 1.32989730e+01]
 [3.69837635e+01 1.63225093e+01]
 [8.64919865e+01 6.15676129e+00]
 [3.36542071e+01 1.74010150e+01]
 [3.20537255e+00 3.81544643e+01]
 [4.94481916e+00 3.56141364e+01]
 [2.83518875e+01 1.95538827e+01]
 [1.27649019e+01 2.80997480e+01]
 [2.40538698e+01 2.14695150e+01]
 [6.48609556e+01 9.26874806e+00]
 [5.05834735e+01 1.23675360e+01]
 [3.43372301e+01 1.71514592e+01]
 [1.93779981e+01 2.37564183e+01]
 [5.01455835e+01 1.24796289e+01]
 [6.33070848e+01 9.61319687e+00]
 [5.40210633e+01 1.15365319e+01]
 [6.83013424e+00 3.33587758e+01]
 [6.43486652e+01 9.37801384e+00]
 [1.20306667e+01 2.85309140e+01]
 [7.44505565e+01 7.63696884e+00]
 [4.67329773e+01 1.33736789e+01]
 [3.88029074e+01 1.58309290e+01]
 [3.01727971e+01 1.87087766e+01]
 [1.34130912e+00 4.22112876e+01]
 [4.93661976e-01 4.58807307e+01]
 [2.15113580e+01 2.25891640e+01]
 [3.35921562e-01 4.59875418e+01]
 [5.79757966e+01 1.06536827e+01]
 [4.76391019e+01 1.32669915e+01]
 [9.12935351e+00 3.13889598e+01]
 [2.15758789e+01 2.25489721e+01]
 [2.58182713e+01 2.08055238e+01]
 [7.79711709e+00 3.22085453e+01]
 [4.45625951e+01 1.40918550e+01]
 [6.96871304e+01 8.40558730e+00]
 [2.47211051e+01 2.10275627e+01]
 [3.79945778e+01 1.59323796e+01]
 [1.31969028e+01 2.76972815e+01]
 [1.05494764e+01 2.98658082e+01]
 [2.77386830e+00 3.89277638e+01]
 [4.67663491e+01 1.33526234e+01]
 [2.37216027e+01 2.17945128e+01]
 [4.21620745e+01 1.46265005e+01]
 [3.75361146e+00 3.72747338e+01]
 [5.38580768e+01 1.16485177e+01]
 [6.96135576e+01 8.42397176e+00]
 [3.26021873e+01 1.77876950e+01]
 [3.27101692e+01 1.77589149e+01]
 [6.91123586e+01 8.55038487e+00]
 [7.01730799e+01 8.31113849e+00]
 [3.91416147e+01 1.55467138e+01]
 [1.79816284e+01 2.45904349e+01]
 [1.14352050e+02 4.60422727e+00]
 [6.91922583e-01 4.44418788e+01]
 [7.19408245e+01 8.01237546e+00]
 [2.02291111e+00 4.05086490e+01]
 [9.54567866e+01 5.83514359e+00]
 [2.62728519e-01 4.64450476e+01]
 [4.13293070e+00 3.68514178e+01]
 [5.34718436e+01 1.16612434e+01]
 [4.50652135e+01 1.38072019e+01]
 [1.21033246e+01 2.84498708e+01]
 [1.02984042e+00 4.31941739e+01]
 [4.28413418e+00 3.64353428e+01]
 [6.06772742e+01 1.00926354e+01]
 [5.17815690e+01 1.20756660e+01]
 [5.00753781e+01 1.24841183e+01]
 [3.64208919e+01 1.64783257e+01]
 [2.05031630e+01 2.31204647e+01]
 [2.08699861e+01 2.29201545e+01]
 [1.19158618e+01 2.86011782e+01]
 [3.60147008e+01 1.66956781e+01]
 [1.41624463e+00 4.19642958e+01]
 [2.18207191e+00 4.01005677e+01]
 [7.09630621e+01 8.18251721e+00]
 [7.32905725e+01 7.80331402e+00]
 [6.39186693e+01 9.46243930e+00]
 [2.99171409e+01 1.88154538e+01]
 [5.50142592e-01 4.53919096e+01]
 [5.68011641e+00 3.48922452e+01]
 [5.79406439e+01 1.06615388e+01]
 [8.69985118e+00 3.15208134e+01]
 [6.17388396e+01 9.88386160e+00]
 [2.76710956e+01 1.97216465e+01]
 [3.39703682e+01 1.72797952e+01]
 [3.11710112e+01 1.84462971e+01]
 [4.17584919e+01 1.48478127e+01]
 [1.14221603e+01 2.90338290e+01]
 [7.29884071e+01 7.85652240e+00]
 [6.65957702e+00 3.35761655e+01]
 [6.60622646e+01 9.04404406e+00]
 [7.26387335e+00 3.28149341e+01]
 [1.89935255e+01 2.39542084e+01]
 [8.98290597e+01 5.87262957e+00]
 [1.59957415e+00 4.15930845e+01]
 [4.90219390e+01 1.27469474e+01]
 [4.65904102e+00 3.60155754e+01]
 [3.07163213e+01 1.85980647e+01]
 [4.64265309e+01 1.34264990e+01]
 [1.51849824e+01 2.62457580e+01]
 [1.42757879e+01 2.68825864e+01]
 [3.72009529e+01 1.61897965e+01]
 [3.17354115e+01 1.81485282e+01]
 [2.43779936e+00 3.95935045e+01]
 [9.15401703e+00 3.10240831e+01]
 [1.75210694e+01 2.48550859e+01]
 [4.90329696e+01 1.27447142e+01]
 [3.98748676e+01 1.53214381e+01]
 [5.05675235e+00 3.54073223e+01]
 [1.39730904e+01 2.73822381e+01]
 [7.92591256e+00 3.20759247e+01]
 [6.84902190e+01 8.60366415e+00]
 [3.56733501e+01 1.67257216e+01]
 [7.86573717e-01 4.40252034e+01]
 [2.73571583e+01 2.00990610e+01]
 [9.50433479e+00 3.07527544e+01]
 [1.61382709e+01 2.57666195e+01]
 [6.13765134e+00 3.46193444e+01]
 [5.16816976e+01 1.21009780e+01]
 [1.72088675e+01 2.52091243e+01]
 [7.42672282e+00 3.26473834e+01]
 [3.50481323e+01 1.69002773e+01]
 [3.39530550e+01 1.73364243e+01]
 [9.94502846e+01 5.05866509e+00]
 [1.67836221e+01 2.52349988e+01]
 [1.01372299e+01 3.01876853e+01]
 [3.01808689e-01 4.63180798e+01]
 [3.76532164e+01 1.60252636e+01]
 [6.06650046e+00 3.46589616e+01]
 [8.33606472e+01 6.73413407e+00]
 [1.81376887e+00 4.10730015e+01]
 [2.88606354e+01 1.94117773e+01]
 [6.07821416e-01 4.48563405e+01]
 [5.88192144e+01 1.05274326e+01]
 [6.24657962e+01 9.76300453e+00]
 [1.77956267e+01 2.47694357e+01]
 [4.81521843e+01 1.30563496e+01]
 [3.21806416e+01 1.81050900e+01]
 [2.28853661e+01 2.20689418e+01]
 [2.21893602e+01 2.24032118e+01]
 [6.10483339e+01 1.00702650e+01]
 [3.87520164e+01 1.59223037e+01]
 [3.47503488e+01 1.70607457e+01]
 [1.08512075e+02 4.85435698e+00]
 [7.52016915e+00 3.24903369e+01]
 [4.22911354e+01 1.45885754e+01]
 [4.08353949e+01 1.50229486e+01]
 [1.47254123e+01 2.66978878e+01]
 [1.42920650e+00 4.19358783e+01]
 [3.11232837e+00 3.84167339e+01]
 [5.26797384e+00 3.50892708e+01]
 [6.79788362e+01 8.71420550e+00]
 [4.62306161e+01 1.34811078e+01]
 [2.09397142e+00 4.03353077e+01]
 [6.47918081e+00 3.38285348e+01]
 [1.03357429e+02 4.89339955e+00]
 [6.19035383e+01 9.87477590e+00]
 [2.08680667e+01 2.29347857e+01]
 [5.28246038e+01 1.18322102e+01]
 [3.61753688e+01 1.65199033e+01]
 [1.85483326e+01 2.43652006e+01]
 [6.60165701e+01 9.10902294e+00]
 [1.09000910e+02 4.61600790e+00]
 [8.46702797e+00 3.15431545e+01]
 [4.59708337e+01 1.37438085e+01]
 [1.03297450e+02 4.91023964e+00]
 [2.06004459e+01 2.30581228e+01]
 [4.30614598e+01 1.44324111e+01]
 [5.89094017e+01 1.04614965e+01]
 [6.77614359e+01 8.77908185e+00]
 [7.52210843e+01 7.54443077e+00]
 [5.90737584e+01 1.04239759e+01]
 [7.06163967e+01 8.24378382e+00]
 [2.20030129e+01 2.24154293e+01]
 [3.53736314e+01 1.68897084e+01]
 [4.37895005e+01 1.41969952e+01]
 [4.09297338e+01 1.49954711e+01]
 [5.15566339e+01 1.22230586e+01]
 [1.10535002e+01 2.92543500e+01]
 [5.67466887e+01 1.09217556e+01]
 [1.22545868e+01 2.83209111e+01]
 [7.84444813e+01 7.04505989e+00]
 [3.56980475e+00 3.78729264e+01]
 [5.96574962e+01 1.03713326e+01]
 [6.99650544e+01 8.35144048e+00]
 [4.32210985e+01 1.43487871e+01]
 [2.86340860e+01 1.94303153e+01]
 [1.49561958e+01 2.64535215e+01]
 [6.53331578e+01 9.17917564e+00]
 [3.77667842e+01 1.60179156e+01]
 [2.58699161e+01 2.05497742e+01]
 [1.45475901e+01 2.67515939e+01]
 [4.33165422e+01 1.43328244e+01]
 [1.28483907e+01 2.79283959e+01]
 [1.67515529e+01 2.52578926e+01]
 [1.15781870e+02 4.32111417e+00]
 [2.45997615e+01 2.13755977e+01]
 [2.94377781e-02 4.87983976e+01]
 [1.56725196e+01 2.60360588e+01]
 [1.67129737e+01 2.52990932e+01]
 [3.12486700e+01 1.83930016e+01]
 [1.04202978e+01 2.99399914e+01]
 [4.04623206e+01 1.53129628e+01]
 [7.93893333e+01 6.92034478e+00]
 [5.30992218e+01 1.17861456e+01]
 [3.58774791e+00 3.75049607e+01]
 [7.62846559e-01 4.40400493e+01]
 [5.96760919e+01 1.02948833e+01]
 [2.12967854e+01 2.27080544e+01]
 [5.51736138e+01 1.13591352e+01]
 [6.72135962e+01 8.91280833e+00]
 [3.64466832e+01 1.64636777e+01]
 [2.65402169e+01 2.02133206e+01]
 [2.00055003e+01 2.34589985e+01]
 [4.61116024e+01 1.35780081e+01]
 [1.72019936e+00 4.13399593e+01]
 [7.89492368e+00 3.21067882e+01]
 [1.96294970e+01 2.36914966e+01]
 [6.07554530e+01 1.00740957e+01]
 [5.54893150e+01 1.11995430e+01]
 [3.24389195e+01 1.79074057e+01]
 [5.27105951e+01 1.18556587e+01]
 [2.92827919e+01 1.92316014e+01]
 [4.96066299e+01 1.26498457e+01]
 [8.55368418e+01 6.32327025e+00]]
