[[1.45988514e+01 1.87473437e-03]
 [4.86621314e+00 6.48194950e-03]
 [3.18032647e+01 6.57607673e-04]
 [3.23474214e+01 6.42435431e-04]
 [2.23930593e+01 9.50885037e-04]
 [5.26519165e+01 5.15072990e-04]
 [1.38583616e+01 1.92456864e-03]
 [1.62072948e+01 1.34727829e-03]
 [1.26053579e+01 1.94096797e-03]
 [2.49856601e+01 8.35621306e-04]
 [8.43048112e+01 5.02531603e-04]
 [1.05192484e+01 2.36960019e-03]
 [2.05235936e+01 1.11743859e-03]
 [2.77439901e+01 7.08308659e-04]
 [3.26015314e+01 6.23992575e-04]
 [3.86420642e+01 5.46731643e-04]
 [2.49157727e+01 8.38327331e-04]
 [3.79317140e+01 5.48231844e-04]
 [5.49102079e+01 5.05021991e-04]
 [7.21382038e+00 3.08083375e-03]
 [7.86184294e+00 2.79476072e-03]
 [1.49996262e+02 4.82996845e-04]
 [2.36475610e+01 9.08285932e-04]
 [3.14057922e+01 6.95926179e-04]
 [6.92375311e+01 5.03851518e-04]
 [3.78323686e+01 5.79054293e-04]
 [3.75009907e+01 5.85161171e-04]
 [3.27216743e+01 6.13891053e-04]
 [1.05377957e+01 2.35578332e-03]
 [1.61959594e+01 1.35054965e-03]
 [2.15070921e+01 1.09909966e-03]
 [4.15070166e+01 5.22392420e-04]
 [1.53840302e+02 4.46812095e-04]
 [2.67555680e+01 7.29585371e-04]
 [3.68838153e+00 8.86246692e-03]
 [3.52461015e+01 5.85970692e-04]
 [2.37921780e+01 8.74964613e-04]]
