[[7.56161052e+00 4.03674077e-03]
 [2.49396598e+01 9.33432878e-04]
 [2.67981678e+01 8.13296610e-04]
 [1.40279335e+01 1.71018903e-03]
 [7.98781740e+00 3.28719386e-03]
 [2.25671637e+01 1.08072894e-03]
 [5.54802068e+00 5.80630692e-03]
 [1.54039789e+01 1.47107349e-03]
 [4.83290089e+00 6.48194950e-03]
 [4.83523174e+01 4.89159012e-04]
 [1.45225466e+01 1.47838543e-03]
 [2.48169063e+01 9.37272991e-04]
 [3.53279237e+01 6.16572139e-04]
 [6.81036466e+00 4.26390927e-03]
 [1.65084372e+01 1.28915570e-03]
 [3.68306247e+01 5.58251744e-04]
 [1.56899342e+01 1.38350047e-03]
 [2.37134587e+01 1.03521602e-03]
 [2.62064687e+01 8.80342178e-04]
 [5.05790889e+01 4.55791396e-04]
 [3.13797537e+01 6.64105833e-04]
 [2.73890495e+01 8.07402423e-04]
 [4.14508101e+01 5.00335400e-04]
 [1.04987025e+01 2.82381321e-03]
 [1.28010629e+01 1.80376162e-03]
 [1.71588701e+01 1.27820888e-03]
 [6.84828061e+00 4.19175447e-03]
 [3.28475584e+01 6.23282218e-04]
 [2.90529673e+01 7.40141421e-04]
 [4.97034897e+00 6.23642294e-03]
 [1.08350027e+01 2.79622059e-03]
 [1.92777109e+01 1.08537043e-03]]
