[[1.86260211e-03 3.45560727e-03 1.79353495e+00]
 [4.30247271e-03 9.73802078e-03 2.35560178e+00]
 [1.98569888e-03 4.26701009e-03 1.68669248e+00]
 [3.66543097e-03 8.62346253e-03 2.38535544e+00]
 [3.81016124e-03 7.49858311e-03 2.02228296e+00]
 [4.28768775e-03 8.24009870e-03 2.25299232e+00]
 [4.44117107e-03 8.28135361e-03 1.85269631e+00]
 [4.32981507e-03 9.09311989e-03 2.21095800e+00]
 [1.15103041e-03 2.27001165e-03 2.19196477e+00]
 [2.35077637e-03 4.61602081e-03 1.39718301e+00]
 [3.49121604e-03 7.70322525e-03 2.42839531e+00]
 [1.35427903e-03 3.55705171e-03 2.73369533e+00]
 [3.81016124e-03 8.15569007e-03 2.02228296e+00]
 [4.32981507e-03 9.33318504e-03 2.22840147e+00]
 [3.47472495e-03 7.49858311e-03 2.02228296e+00]
 [3.91247808e-03 6.96425790e-03 1.63750231e+00]
 [3.42298014e-03 7.83238574e-03 2.68528078e+00]
 [3.45679213e-03 5.95625098e-03 2.02380160e+00]
 [4.28281146e-03 9.32622423e-03 2.33722720e+00]
 [1.90964649e-03 3.66648632e-03 2.39885804e+00]
 [3.49973230e-03 6.83464900e-03 1.75121228e+00]
 [4.83824050e-03 9.80923676e-03 2.74980510e+00]
 [1.26329519e-03 2.65992002e-03 2.15673404e+00]
 [5.46346816e-03 9.47338801e-03 1.58535705e+00]
 [9.62164693e-04 1.31601473e-03 1.51601598e+00]
 [3.47193558e-03 7.64787409e-03 2.03258163e+00]
 [4.83341161e-03 9.82858843e-03 2.75717101e+00]
 [8.18410656e-04 1.55750585e-03 1.98057031e+00]
 [2.74119775e-03 5.77876438e-03 2.22540122e+00]
 [3.42298014e-03 7.83238574e-03 2.68442415e+00]
 [2.94017505e-03 5.03615070e-03 1.72841787e+00]
 [1.91562594e-03 4.10011149e-03 2.53087399e+00]
 [4.37330922e-03 8.42799957e-03 2.19576052e+00]
 [3.14209129e-03 4.74441721e-03 1.41604815e+00]
 [3.78990912e-03 6.93747377e-03 1.85728356e+00]
 [4.87818322e-03 9.73783538e-03 2.20943220e+00]
 [1.48605500e-03 3.79901854e-03 2.82387626e+00]
 [1.02334429e-03 1.92345952e-03 2.39291032e+00]
 [4.84687857e-03 9.82616008e-03 2.74980510e+00]
 [4.45621595e-03 9.49104630e-03 2.13263826e+00]
 [2.83965217e-03 5.74923936e-03 2.44979556e+00]
 [3.59830559e-03 7.49858311e-03 2.02228296e+00]
 [3.28753551e-03 6.22210466e-03 2.20538436e+00]
 [1.89753324e-03 4.66826201e-03 2.93446685e+00]
 [1.26329519e-03 2.61384725e-03 2.09715933e+00]
 [1.15557233e-03 2.65542527e-03 2.56068095e+00]
 [4.78031615e-03 9.79540958e-03 2.30724129e+00]
 [2.17136312e-03 4.71541401e-03 2.36196806e+00]
 [4.83824050e-03 9.97366306e-03 2.74990724e+00]
 [6.50999116e-04 1.77513212e-03 1.59973361e+00]
 [2.02166097e-03 4.33709221e-03 1.98809647e+00]
 [3.52415391e-03 7.71079807e-03 2.42869446e+00]
 [6.06448096e-04 1.29330809e-03 2.79742158e+00]
 [2.75773497e-03 5.53974326e-03 1.99755593e+00]
 [5.29595243e-03 9.60760088e-03 1.64063865e+00]
 [2.68474684e-03 4.96275185e-03 1.54750265e+00]
 [1.16624389e-03 2.02579952e-03 1.79353495e+00]
 [1.05432580e-03 1.99495546e-03 1.58315830e+00]
 [1.16366069e-03 2.87001066e-03 2.87132625e+00]
 [1.27070140e-03 2.56578018e-03 2.04610739e+00]
 [4.23778882e-03 9.58439309e-03 2.91990681e+00]
 [3.61323961e-03 7.53220354e-03 2.02228296e+00]
 [1.12242011e-03 1.99121639e-03 2.25657020e+00]
 [2.89177251e-03 6.67294014e-03 2.30724129e+00]
 [1.15557233e-03 2.65542527e-03 2.58056944e+00]
 [1.48291804e-03 4.16065214e-03 2.51357446e+00]
 [3.53113322e-03 7.51751554e-03 2.13238849e+00]
 [2.47810980e-03 5.48081561e-03 1.98369423e+00]
 [1.31615277e-03 2.05895357e-03 1.35480463e+00]
 [4.16205862e-04 1.42541558e-03 2.33982658e+00]
 [3.49973230e-03 6.08574679e-03 1.75121228e+00]
 [4.50936900e-03 7.82832254e-03 1.84801753e+00]]
