[[3.60699608e+01 1.65566552e+01]
 [7.76812641e+00 3.22621992e+01]
 [2.61940879e+01 2.05456462e+01]
 [3.44753316e+01 1.71025222e+01]
 [2.86511655e+01 1.95368564e+01]
 [3.38364045e+00 3.78835185e+01]
 [7.01718697e+00 3.32064912e+01]
 [2.06701379e+01 2.30235463e+01]
 [8.35413583e+01 6.42080819e+00]
 [6.42545421e-02 4.82357273e+01]
 [5.60857909e+01 1.11194220e+01]
 [6.81555654e+01 8.66305532e+00]
 [8.89085385e-01 4.35860832e+01]
 [6.14466549e-01 4.47011988e+01]
 [1.45298019e+01 2.68269711e+01]
 [5.83176055e+01 1.06016468e+01]
 [7.04643053e+01 8.30666886e+00]
 [7.07409588e+00 3.29968040e+01]
 [6.16784942e+01 9.95395502e+00]
 [1.04976551e+01 2.98948891e+01]
 [5.10129214e+01 1.23026655e+01]
 [3.09838326e+01 1.84529702e+01]
 [9.65869014e+01 5.29510110e+00]
 [1.93888691e-01 4.71300901e+01]
 [3.56757064e+01 1.67682477e+01]
 [1.17329489e+02 4.34324222e+00]
 [4.66951383e+00 3.58988353e+01]
 [5.69893656e+01 1.08917859e+01]
 [6.83382844e+01 8.64617576e+00]
 [2.13531304e+01 2.26859973e+01]
 [5.00504672e+01 1.25116603e+01]
 [5.13824242e-01 4.54694508e+01]
 [4.03239394e+00 3.69383522e+01]
 [3.69837635e+01 1.63225093e+01]
 [8.64919865e+01 6.15676129e+00]
 [3.36542071e+01 1.74010150e+01]
 [3.20537255e+00 3.81544643e+01]
 [4.94481916e+00 3.56141364e+01]
 [2.83518875e+01 1.95538827e+01]
 [1.27649019e+01 2.80997480e+01]
 [2.40538698e+01 2.14695150e+01]
 [6.48609556e+01 9.26874806e+00]
 [5.05834735e+01 1.23675360e+01]
 [3.43372301e+01 1.71514592e+01]
 [1.93779981e+01 2.37564183e+01]
 [5.01455835e+01 1.24796289e+01]
 [6.33070848e+01 9.61319687e+00]
 [5.40210633e+01 1.15365319e+01]
 [6.43486652e+01 9.37801384e+00]
 [1.20306667e+01 2.85309140e+01]
 [2.25733983e+01 2.24263055e+01]
 [7.44505565e+01 7.63696884e+00]
 [4.67329773e+01 1.33736789e+01]
 [3.88029074e+01 1.58309290e+01]
 [3.01727971e+01 1.87087766e+01]
 [1.34130912e+00 4.22112876e+01]
 [2.15113580e+01 2.25891640e+01]
 [7.93024178e+01 7.29668767e+00]
 [3.35921562e-01 4.59875418e+01]
 [5.79757966e+01 1.06536827e+01]
 [4.76391019e+01 1.32669915e+01]
 [2.15758789e+01 2.25489721e+01]
 [2.66596827e+01 2.02184574e+01]
 [2.58182713e+01 2.08055238e+01]
 [8.12972023e-01 4.41664531e+01]
 [7.79711709e+00 3.22085453e+01]
 [6.96871304e+01 8.40558730e+00]
 [2.47211051e+01 2.10275627e+01]
 [3.79945778e+01 1.59323796e+01]
 [8.62804999e+00 3.15900942e+01]
 [1.31969028e+01 2.76972815e+01]
 [2.77386830e+00 3.89277638e+01]
 [4.67663491e+01 1.33526234e+01]
 [4.21620745e+01 1.46265005e+01]
 [3.75361146e+00 3.72747338e+01]
 [5.38580768e+01 1.16485177e+01]
 [6.96135576e+01 8.42397176e+00]
 [3.26021873e+01 1.77876950e+01]
 [3.27101692e+01 1.77589149e+01]
 [6.91123586e+01 8.55038487e+00]
 [7.01730799e+01 8.31113849e+00]
 [3.91416147e+01 1.55467138e+01]
 [1.79816284e+01 2.45904349e+01]
 [1.14352050e+02 4.60422727e+00]
 [6.91922583e-01 4.44418788e+01]
 [7.19408245e+01 8.01237546e+00]
 [2.02291111e+00 4.05086490e+01]
 [2.62728519e-01 4.64450476e+01]
 [4.13293070e+00 3.68514178e+01]
 [5.34718436e+01 1.16612434e+01]
 [4.50652135e+01 1.38072019e+01]
 [1.21033246e+01 2.84498708e+01]
 [1.02984042e+00 4.31941739e+01]
 [4.28413418e+00 3.64353428e+01]
 [6.06772742e+01 1.00926354e+01]
 [5.17815690e+01 1.20756660e+01]
 [5.00753781e+01 1.24841183e+01]
 [3.64208919e+01 1.64783257e+01]
 [2.05031630e+01 2.31204647e+01]
 [5.52778958e+01 1.14322952e+01]
 [2.08699861e+01 2.29201545e+01]
 [1.19158618e+01 2.86011782e+01]
 [1.41624463e+00 4.19642958e+01]
 [2.18207191e+00 4.01005677e+01]
 [7.09630621e+01 8.18251721e+00]
 [7.32905725e+01 7.80331402e+00]
 [6.39186693e+01 9.46243930e+00]
 [2.99171409e+01 1.88154538e+01]
 [5.79406439e+01 1.06615388e+01]
 [8.69985118e+00 3.15208134e+01]
 [6.17388396e+01 9.88386160e+00]
 [2.76710956e+01 1.97216465e+01]
 [3.78735500e+01 1.60826086e+01]
 [3.39703682e+01 1.72797952e+01]
 [7.29884071e+01 7.85652240e+00]
 [6.65957702e+00 3.35761655e+01]
 [6.60622646e+01 9.04404406e+00]
 [7.26387335e+00 3.28149341e+01]
 [1.87070036e+00 4.11537541e+01]
 [2.03279564e+01 2.34982790e+01]
 [8.98290597e+01 5.87262957e+00]
 [2.74869006e+01 2.01191825e+01]
 [1.59957415e+00 4.15930845e+01]
 [4.90219390e+01 1.27469474e+01]
 [2.93961870e+01 1.92370874e+01]
 [4.65904102e+00 3.60155754e+01]
 [3.07163213e+01 1.85980647e+01]
 [4.64265309e+01 1.34264990e+01]
 [1.51849824e+01 2.62457580e+01]
 [1.42757879e+01 2.68825864e+01]
 [3.72009529e+01 1.61897965e+01]
 [3.17354115e+01 1.81485282e+01]
 [2.43779936e+00 3.95935045e+01]
 [9.15401703e+00 3.10240831e+01]
 [1.75210694e+01 2.48550859e+01]
 [4.90329696e+01 1.27447142e+01]
 [3.98748676e+01 1.53214381e+01]
 [5.05675235e+00 3.54073223e+01]
 [1.39730904e+01 2.73822381e+01]
 [7.92591256e+00 3.20759247e+01]
 [4.14497823e+01 1.48385144e+01]
 [1.69298285e+01 2.51770984e+01]
 [2.79712804e+01 1.96417636e+01]
 [5.75792510e+01 1.07423058e+01]
 [9.05147208e+00 3.10878785e+01]
 [7.81015401e+01 7.50721621e+00]
 [6.86842505e+00 3.32339969e+01]
 [1.63030094e+01 2.55336468e+01]
 [1.28464337e+01 2.78687432e+01]
 [4.78486607e+01 1.30789748e+01]
 [2.37184900e+01 2.15006854e+01]
 [3.99554597e+00 3.70488245e+01]
 [6.00819875e-02 4.82947230e+01]
 [2.88822055e+00 3.87144616e+01]
 [5.37710108e-01 4.50197357e+01]
 [4.86124948e+01 1.29409779e+01]
 [1.05546994e+01 2.96721623e+01]
 [3.04608941e+01 1.86549541e+01]
 [4.12578997e+01 1.50188493e+01]
 [2.48211394e+01 2.09974032e+01]
 [1.03094148e+01 3.00018891e+01]
 [8.28583428e+00 3.19330592e+01]
 [1.11413737e+01 2.92004353e+01]
 [4.41139604e+00 3.62529467e+01]
 [5.74711369e+01 1.07661874e+01]
 [4.19220930e+01 1.46992807e+01]
 [4.68152236e+01 1.33246294e+01]
 [9.37380160e+00 3.09691382e+01]
 [2.18915653e+01 2.24621758e+01]
 [3.15088335e+01 1.81856401e+01]
 [1.23065755e+02 4.33604217e+00]
 [1.04989802e+01 2.98406001e+01]
 [3.25575891e+01 1.81045232e+01]
 [1.00997664e+01 3.03583244e+01]
 [8.43296107e+01 6.41808789e+00]
 [2.09228537e+00 4.03991319e+01]
 [5.41388482e+00 3.50363618e+01]
 [2.28034222e+00 3.98954234e+01]
 [4.95447481e+01 1.26144906e+01]
 [2.88233422e+01 1.92431730e+01]
 [2.66741846e+01 2.01538858e+01]
 [5.29748565e+01 1.18171756e+01]
 [1.12810275e+00 4.28304969e+01]
 [7.96519526e+01 7.06528336e+00]
 [5.67951946e+01 1.09519203e+01]
 [3.58328227e+01 1.66398305e+01]
 [7.56915477e+00 3.25727180e+01]
 [6.76740635e+00 3.33074777e+01]
 [2.53933753e+01 2.08843012e+01]
 [2.65661867e+01 2.02564557e+01]
 [2.59417203e+01 2.06757172e+01]
 [4.92648014e+01 1.27170544e+01]
 [5.09362337e+01 1.23385467e+01]
 [4.39401479e+01 1.42440549e+01]
 [1.06678093e+01 2.96608279e+01]
 [3.11108940e+01 1.83853118e+01]
 [7.97074285e+01 7.05488381e+00]
 [9.24140338e+01 5.68327435e+00]
 [1.64985889e+01 2.54074027e+01]
 [1.34140871e+01 2.74557708e+01]
 [1.66997531e+01 2.53099945e+01]
 [8.22880997e+01 6.62567889e+00]
 [5.77646448e+01 1.07234630e+01]
 [2.59958536e+01 2.05637805e+01]
 [2.16142886e+01 2.25332430e+01]
 [4.58109832e+01 1.35966608e+01]
 [5.22290039e+01 1.19935455e+01]
 [2.98564392e+01 1.88549089e+01]
 [3.43139630e+01 1.72023559e+01]
 [4.69650606e+01 1.32917466e+01]
 [6.37568988e+01 9.54732653e+00]
 [3.89943018e-01 4.56885625e+01]
 [7.63937956e+01 7.58350936e+00]
 [1.13833977e+01 2.90062774e+01]
 [3.77726366e+01 1.61219014e+01]
 [1.05127880e+00 4.30304098e+01]
 [2.02605308e+01 2.35183599e+01]
 [1.56292645e+01 2.59814629e+01]
 [1.11988014e+01 2.91848869e+01]
 [4.45561532e+01 1.39527560e+01]
 [2.29959296e+01 2.18481533e+01]
 [4.33480836e+01 1.43286051e+01]
 [5.73647627e+00 3.45711923e+01]
 [4.69196135e+01 1.32973554e+01]
 [8.22287851e+01 6.69230760e+00]
 [8.42400675e+00 3.16273785e+01]
 [6.26165362e+00 3.38759164e+01]
 [8.07905557e+01 6.73858261e+00]
 [2.32864573e-01 4.68507694e+01]
 [2.26812474e+01 2.20171715e+01]
 [2.32472014e+01 2.17221313e+01]
 [1.87609424e+00 4.08014924e+01]
 [1.48808398e+01 2.65540389e+01]
 [7.31773126e+00 3.27929585e+01]
 [1.86088931e+01 2.41696137e+01]
 [5.83738203e+01 1.05688113e+01]
 [6.12781161e+01 1.00427541e+01]
 [5.71640467e+01 1.08290053e+01]
 [5.85120033e+01 1.05576935e+01]
 [5.88758545e+01 1.04962688e+01]
 [1.01997919e+02 4.88987952e+00]
 [6.53279732e+01 9.18376777e+00]
 [8.73466783e+01 6.01191109e+00]
 [2.09253072e+01 2.28899256e+01]
 [2.39762878e+01 2.14739176e+01]
 [2.87474350e+01 1.94646142e+01]
 [3.38704856e+01 1.73209857e+01]
 [6.07375240e+00 3.41286379e+01]
 [7.90820926e+01 7.45680696e+00]
 [9.72593178e-01 4.34622482e+01]
 [4.31178563e+01 1.44512792e+01]
 [6.29943198e+01 9.63357041e+00]
 [5.26529000e+01 1.18633128e+01]
 [5.97520965e+01 1.02800397e+01]
 [3.22395064e+01 1.81460790e+01]
 [1.75002606e+01 2.49404601e+01]
 [1.89718196e+01 2.39450684e+01]
 [4.23623029e+01 1.45723402e+01]
 [1.79282780e+01 2.48448414e+01]
 [3.12685487e+01 1.83145981e+01]
 [3.53711182e+01 1.68582474e+01]
 [8.29049235e+01 6.52899281e+00]
 [7.26302692e+01 7.90903139e+00]
 [2.50659798e+01 2.09694868e+01]
 [4.16687223e+01 1.47736763e+01]
 [4.52494592e+01 1.37617200e+01]
 [1.61390235e+01 2.56304791e+01]
 [4.63181391e+01 1.35659926e+01]
 [1.24234187e+02 4.16187861e+00]
 [5.88337402e+01 1.05505048e+01]
 [5.00831837e+00 3.55845823e+01]
 [1.49451229e-01 4.74703062e+01]
 [1.06612099e+02 4.68515475e+00]
 [5.95793762e+01 1.04417795e+01]
 [3.98588190e+01 1.53223394e+01]
 [1.13344178e+01 2.90894427e+01]
 [2.75698852e+01 1.98716658e+01]
 [2.42563523e+01 2.13566534e+01]
 [2.42944927e+01 2.12341860e+01]
 [5.64793606e+01 1.10278928e+01]
 [1.15717658e+01 2.88699169e+01]
 [1.02449793e+00 4.32136438e+01]
 [6.49791769e+01 9.25297673e+00]
 [8.37319991e-01 4.40979644e+01]
 [3.96137844e+00 3.70587284e+01]
 [2.53578703e+00 3.94586484e+01]
 [7.43860997e+01 7.66034335e+00]
 [7.41799453e+00 3.26596564e+01]
 [1.90881691e+01 2.38933162e+01]
 [1.22563708e+01 2.84000324e+01]
 [4.06657088e+01 1.52267467e+01]
 [6.04300438e+01 1.01955269e+01]
 [6.41396515e+00 3.37521735e+01]
 [1.13167386e+01 2.91153035e+01]
 [2.99672049e+00 3.86654774e+01]
 [6.31203265e+01 9.61869424e+00]
 [1.22721516e+00 4.26520509e+01]
 [5.45196273e+00 3.48527361e+01]
 [3.49470439e+01 1.70774181e+01]
 [1.25925614e+02 4.08999364e+00]
 [2.98514246e+01 1.89899099e+01]
 [2.15859753e+00 4.01507536e+01]
 [3.61958791e+01 1.65384912e+01]
 [2.04976622e+01 2.34914171e+01]
 [1.85674253e+01 2.45455746e+01]
 [4.57097391e+01 1.36612169e+01]
 [4.01056599e+01 1.52513189e+01]
 [4.81430611e+01 1.29779940e+01]
 [5.31647756e+01 1.17339284e+01]
 [3.54412491e+01 1.68264371e+01]
 [2.26392767e+01 2.21777474e+01]
 [7.24659162e+01 7.95127312e+00]
 [1.13496994e-01 4.78692568e+01]
 [1.17703323e+01 2.86920623e+01]
 [3.34774331e+01 1.75746015e+01]
 [1.28248179e+00 4.23129251e+01]
 [1.75156293e+00 4.12082274e+01]
 [1.80265990e+01 2.45588615e+01]
 [2.41877411e+01 2.13796718e+01]
 [1.45120601e+00 4.18535288e+01]
 [4.48044819e+01 1.38885317e+01]
 [2.50714309e-01 4.67775508e+01]
 [1.01217884e+01 3.00538372e+01]
 [1.67696461e+01 2.52536125e+01]
 [5.82332995e+01 1.06057299e+01]
 [1.12338478e+02 4.65805328e+00]
 [3.83069913e+01 1.58875821e+01]
 [6.57023172e+01 9.14431922e+00]
 [3.72304660e+01 1.61632860e+01]]
