[[1.86260211e-03 3.45560727e-03 1.79353495e+00]
 [4.30247271e-03 9.73802078e-03 2.35560178e+00]
 [5.41559379e-03 9.74740371e-03 2.27320880e+00]
 [3.81016124e-03 7.49858311e-03 2.02228296e+00]
 [5.40951805e-03 9.59434321e-03 2.60792178e+00]
 [2.74119775e-03 5.60529991e-03 2.34345957e+00]
 [4.44117107e-03 8.28135361e-03 1.85269631e+00]
 [4.32981507e-03 9.09311989e-03 2.21095800e+00]
 [1.61510770e-03 3.42440641e-03 1.52376081e+00]
 [1.15103041e-03 2.27001165e-03 2.19196477e+00]
 [2.00727488e-03 5.29546610e-03 2.78886484e+00]
 [2.53888621e-03 5.91387182e-03 1.85759032e+00]
 [3.93884008e-03 6.88955048e-03 1.80800322e+00]
 [3.72748802e-03 7.10354578e-03 1.91128685e+00]
 [6.05212895e-03 9.90406197e-03 2.54783250e+00]
 [2.69654701e-03 5.90546522e-03 1.76106815e+00]
 [4.06288428e-03 7.43749196e-03 1.57597376e+00]
 [3.14417222e-03 6.05896361e-03 2.18969427e+00]
 [3.23479197e-03 6.07441894e-03 2.30166251e+00]
 [4.79737567e-03 9.46676679e-03 2.10686741e+00]
 [8.48018217e-04 2.02463036e-03 2.70847595e+00]
 [9.04097157e-04 1.28975984e-03 1.21052505e+00]
 [2.72400850e-03 5.98788918e-03 2.74616699e+00]
 [2.37214058e-03 5.39490891e-03 2.49856157e+00]
 [3.01007943e-03 6.72420773e-03 2.03557345e+00]
 [1.32906238e-03 2.83462432e-03 2.60128235e+00]
 [1.08067485e-03 1.91272052e-03 1.77409247e+00]
 [8.74727622e-04 1.52085368e-03 1.41723898e+00]
 [1.46761771e-03 3.47706798e-03 2.65133075e+00]
 [4.66616863e-03 8.68471349e-03 1.85269631e+00]
 [1.59918789e-03 4.08972769e-03 2.96025847e+00]
 [7.45568838e-03 9.83451065e-03 2.80220657e+00]
 [5.41559379e-03 9.78278896e-03 2.58574285e+00]
 [8.40863542e-04 1.96605946e-03 1.89579783e+00]
 [1.46747380e-03 2.83983225e-03 2.65763476e+00]
 [2.88433328e-03 6.72420773e-03 2.03531449e+00]
 [1.24596710e-03 1.96631668e-03 1.35200846e+00]
 [3.14417222e-03 6.05896361e-03 2.28058095e+00]
 [1.09719371e-03 2.27977149e-03 2.73124700e+00]
 [7.38531549e-03 9.82880786e-03 2.84202501e+00]
 [2.28549560e-03 4.62357863e-03 2.31396369e+00]
 [2.67801210e-03 5.17935585e-03 1.57242144e+00]
 [1.95304441e-03 3.60185177e-03 2.07412620e+00]
 [2.55614759e-03 4.96123951e-03 2.23177371e+00]
 [6.30959200e-03 9.80923676e-03 2.75330149e+00]
 [2.97918968e-03 5.21659313e-03 2.11666864e+00]
 [4.79737567e-03 9.39926122e-03 2.06902342e+00]
 [4.19108240e-03 7.85195553e-03 1.96075398e+00]
 [2.49462207e-03 5.87047718e-03 2.35166536e+00]
 [4.95324735e-03 9.27156030e-03 1.75216231e+00]
 [6.00646944e-04 1.11843221e-03 1.74681426e+00]
 [1.16596059e-03 2.01045535e-03 1.77409247e+00]
 [5.15289411e-03 9.73676450e-03 2.25501782e+00]
 [3.86869174e-03 7.87929234e-03 2.22268388e+00]
 [1.73540816e-03 3.93583414e-03 2.30791679e+00]
 [1.38845468e-03 2.73969049e-03 2.32840700e+00]
 [8.41816379e-04 2.02463036e-03 2.73833380e+00]
 [8.05779004e-04 1.97832785e-03 1.86983598e+00]
 [6.05212895e-03 9.90406197e-03 2.54782634e+00]
 [3.73787582e-03 7.10354578e-03 2.09988489e+00]
 [4.39955538e-03 9.58793332e-03 2.19377705e+00]
 [4.88188315e-03 8.85823117e-03 1.84024903e+00]
 [4.93963846e-04 1.07162643e-03 1.81363516e+00]
 [4.21155081e-03 8.28468148e-03 2.01155877e+00]]
