[[2.08511002 2.16097348]
 [0.93130106 1.03668218]
 [1.98383737 1.6164502 ]
 [2.09597257 2.0556585 ]
 [2.08652401 1.67606949]
 [0.70193469 0.59430447]
 [1.05814058 0.79663998]
 [1.63322451 1.58117431]
 [3.45448459 2.99196855]
 [0.09940067 0.07863296]
 [2.76410989 2.52609268]
 [2.92879636 2.90878724]
 [0.29958845 0.36403037]
 [0.22275939 0.32248239]
 [1.1992388  1.48130914]
 [2.62335155 2.77442391]
 [3.08389179 2.84704896]
 [0.88098128 0.99619072]
 [2.9100709  2.63649595]
 [0.99284944 1.28010303]
 [2.63857323 2.40648325]
 [2.07924359 1.8500552 ]
 [3.91374707 2.97141535]
 [0.09166321 0.20017499]
 [1.9742524  2.24081549]
 [4.52904748 2.96986554]
 [0.73396187 0.79289245]
 [2.58633799 2.74921756]
 [0.43741105 0.68192921]
 [2.85357926 2.99026028]
 [2.46035901 2.19027363]
 [1.69354013 1.57168841]
 [2.42214223 2.57795342]
 [1.37059888 1.68158997]
 [1.07056068 0.59684377]
 [0.13313942 0.33276111]
 [0.79916825 0.60780638]
 [2.63951989 2.22023263]
 [2.01610236 2.27624079]
 [3.58464501 2.96197852]
 [2.00932962 2.09192406]
 [0.60383592 0.66085196]
 [0.69177345 0.87043339]
 [1.10741028 1.40173747]
 [1.57382844 1.88056681]
 [2.86636136 2.82828773]
 [2.45772575 2.57010749]
 [2.09289013 2.0503947 ]
 [1.47644397 1.63236415]
 [2.43960746 2.56606924]
 [2.92674229 2.69461514]
 [2.57087522 2.62599818]
 [0.80755385 1.02732192]
 [2.14018735 1.79780927]
 [2.8968027  2.77411254]
 [1.14602514 1.30165013]
 [3.154796   2.94277103]
 [2.51754755 2.8977992 ]
 [2.49966186 2.33129469]
 [1.99609303 2.39088676]
 [1.90540746 1.97803481]
 [0.354592   0.45781196]
 [1.60513157 1.67373598]
 [3.49811591 2.75477577]
 [0.19864353 0.21100032]
 [2.69824555 2.6857811 ]
 [2.23317523 2.63110317]
 [1.64180695 1.64269281]
 [1.93002006 1.71462628]
 [0.19929963 0.40437935]
 [0.967082   1.0069914 ]
 [2.16177797 2.5431014 ]
 [1.72839607 1.78687529]
 [2.24368629 2.1129402 ]
 [0.88339447 1.17329737]
 [1.17538818 1.38480624]
 [0.61386065 0.56270968]
 [2.35248838 2.48140801]
 [2.29978366 2.29161815]
 [0.63356692 0.73279999]
 [2.73227295 2.44932719]
 [3.02153422 2.87640755]
 [1.96942004 2.06686514]
 [1.95305249 2.08881025]
 [2.98444262 2.93877052]
 [2.2050331  2.21883589]
 [0.35271022 0.22039996]
 [3.02606448 2.97121859]
 [0.4449911  0.55471677]
 [0.18931294 0.17275052]
 [2.58099231 2.58967945]
 [2.32566972 2.42024043]
 [1.28330495 1.17429109]
 [0.28987907 0.41644955]
 [0.72892716 0.73464192]
 [2.78634115 2.72132717]
 [2.60156818 2.48540444]
 [2.52889693 2.47457569]
 [2.03144214 2.23124759]
 [1.55506534 1.64546727]
 [1.64573001 1.58400419]
 [1.15731468 1.28046405]
 [1.95132352 2.27947619]
 [0.45204858 0.38692795]
 [0.52631263 0.51818239]
 [3.02711004 2.92871479]
 [3.09559817 2.95633474]
 [2.75997514 2.89174767]
 [1.98231345 1.8840697 ]
 [0.99099615 0.66178225]
 [2.68001287 2.70234934]
 [1.17760978 0.88780516]
 [2.82866073 2.7264241 ]
 [1.86249383 1.8571189 ]
 [2.06835082 2.05292887]
 [2.12862206 1.80602352]
 [1.09576903 1.28640208]
 [3.09696083 2.94209711]
 [1.02461073 0.78426214]
 [2.85504381 2.8921084 ]
 [0.87666296 1.02344047]
 [1.48064962 1.59876768]
 [0.3354473  0.59594479]
 [3.70982118 2.94864236]
 [2.08050386 1.5947504 ]
 [0.36257764 0.51810326]
 [2.47747491 2.47337883]
 [0.66453119 0.8503873 ]
 [2.40722949 2.41078388]
 [1.40096318 1.35408558]
 [1.3981059  1.27053016]
 [2.21751921 2.09352497]
 [1.89054293 2.08798953]
 [0.51409184 0.5875027 ]
 [1.37237056 1.58014758]
 [2.48782192 2.46353089]
 [2.2022028  2.26252508]
 [1.95386537 1.4017157 ]
 [0.7337369  0.85194968]
 [1.00798317 0.98257217]
 [2.28852644 2.26386668]
 [1.37731013 1.52822574]
 [1.77451255 1.9605931 ]
 [2.71308206 2.65216864]
 [0.95636026 1.1611387 ]
 [3.48439163 2.71742525]
 [0.99116145 0.85714949]
 [1.39179665 1.4624139 ]
 [1.25480769 1.27947884]
 [0.57913373 0.81165598]
 [2.52881674 2.35950229]
 [2.94454352 2.52755463]
 [1.68360545 1.75928826]
 [0.07544654 0.09658321]
 [0.57646713 0.62429223]
 [0.21314841 0.29832077]
 [1.1745111  1.12214015]
 [1.82085149 1.69993667]
 [0.72586646 1.0040416 ]
 [1.1339466  1.22454421]
 [0.7536983  0.73129193]
 [2.71270117 2.64745852]
 [2.31042096 2.26770329]
 [2.39569639 2.44222126]
 [0.89675008 1.24068114]
 [1.54018494 1.76088662]
 [1.97731858 1.99183824]
 [4.70424605 2.93879361]
 [1.25995231 1.01846218]
 [0.92374076 1.29292096]
 [3.52904901 2.93738247]
 [0.43339383 0.57900011]
 [0.99822785 1.24526966]
 [0.92128534 0.7104256 ]
 [0.54683828 0.52062794]
 [2.49483737 2.48233227]
 [1.90103303 1.89523323]
 [2.52833744 2.72132717]
 [1.05675658 0.95951623]
 [2.4630461  2.74460108]
 [2.51533992 2.29413178]
 [0.75537656 0.68849518]
 [2.08678804 2.60465137]
 [1.97444217 1.83472019]
 [0.72471371 0.5969093 ]
 [0.78988674 0.60992082]
 [0.68532867 0.46907079]
 [2.39148934 2.72890657]
 [0.20031859 0.10840462]
 [1.4202947  1.40044261]
 [0.1385587  0.30724192]
 [2.2022028  2.25989008]
 [1.91375929 1.43438083]
 [2.98362518 2.89854706]
 [2.02261958 2.3055415 ]
 [2.05287317 2.32610978]
 [2.41776058 2.3043833 ]
 [2.82450694 2.8921084 ]
 [2.53801233 2.62064782]
 [2.48962827 2.49990094]
 [3.02752232 2.74830569]
 [0.45243115 0.32142966]
 [0.43549497 0.54957533]
 [1.69011732 1.43431944]
 [2.88832844 2.91370776]
 [0.13029966 0.12797376]
 [1.3900734  1.23950902]
 [1.45984491 1.52822574]
 [3.5152677  2.91406918]
 [4.17696425 2.95562856]
 [1.54017391 1.45951626]
 [2.2376419  2.01420392]
 [4.33374767 2.96372019]
 [1.69354013 1.63185753]
 [1.32810146 1.10019594]
 [2.63226525 2.7264241 ]
 [0.89030397 0.87511491]
 [2.91165507 2.7877244 ]
 [1.65767681 2.00638982]
 [2.29201828 2.50313899]
 [2.40368239 2.22088091]
 [0.11501769 0.12613588]
 [2.26202413 2.25758557]
 [3.02711004 2.98762643]
 [0.7337574  0.70277729]
 [1.77153985 1.63575882]
 [1.53972433 1.64402863]
 [2.83371613 2.6014179 ]
 [1.43756236 1.65854362]
 [1.19470025 1.48735362]
 [3.91690344 2.97636578]
 [3.40650383 2.87555612]
 [2.75442317 2.92321041]
 [1.54623192 1.16072375]
 [2.86098914 2.99026028]
 [1.99229098 2.14034689]
 [2.04488773 1.79138191]
 [0.09862257 0.05603503]
 [1.22344838 1.17429109]
 [2.47058133 2.47504707]
 [2.0406005  1.8571189 ]
 [3.48111927 2.89228361]
 [1.87030133 2.09144559]
 [2.12454424 2.37108211]
 [1.54591362 1.60633147]
 [1.34840777 1.19601111]
 [2.77089897 2.97200417]
 [1.24162463 1.40064007]
 [1.19966525 1.10716367]
 [3.17115702 2.94864236]
 [2.85551368 2.71613134]
 [2.46639194 2.46206528]
 [0.99852513 1.12883886]
 [1.78492921 1.71067853]
 [2.53155917 2.48343412]
 [4.08944674 2.98166204]
 [2.69526128 2.57548757]
 [2.80451505 2.90539765]
 [3.56206646 2.95184575]
 [1.47644397 1.60565735]
 [2.16838174 1.92334089]
 [3.55546858 2.94621396]
 [1.32495166 1.51252071]
 [2.96380097 2.93877052]
 [1.52876616 1.50004748]
 [2.54569716 2.36124093]
 [2.77063563 2.4879079 ]
 [1.6884233  1.89064321]
 [2.59505814 2.6721728 ]
 [3.639119   2.97803671]
 [2.16323759 1.84886737]
 [0.8302043  0.81574375]
 [2.19608196 2.1045592 ]
 [2.92879636 2.73733863]
 [2.32758508 2.4632236 ]
 [2.38636425 2.68692541]
 [2.90829617 2.72661603]
 [2.44908988 2.58967945]
 [2.1624868  2.03988114]
 [0.97944884 0.92661826]
 [1.07800415 1.1796382 ]
 [1.75263815 2.00043563]
 [3.40529853 2.9408006 ]
 [1.96942004 1.89974002]
 [3.54141593 2.86159336]
 [2.46743604 2.26252508]
 [1.68592625 1.7378381 ]
 [2.03729687 1.87837033]
 [2.08511002 2.25312151]
 [1.70670024 1.48618726]
 [1.28091155 1.08238897]
 [2.65427541 2.40819765]
 [3.84585211 2.94324422]
 [0.70193469 0.57916017]
 [3.02092392 2.84802094]
 [2.94938223 2.88328271]]
