[[0.43379929 4.27441307 8.65190854 0.52291692]
 [1.52433924 1.41875043 9.37709581 4.04857475]
 [1.4989948  1.86709885 9.70171865 3.74195519]
 [3.65008032 0.60599795 9.20844951 4.64335094]
 [1.68005678 1.30700616 9.63388057 2.58191717]
 [0.55867567 3.33434245 9.48881637 0.91937637]
 [1.04256965 1.81511829 9.40087105 1.9611576 ]
 [1.25823323 1.90660622 9.63603167 2.93609384]
 [0.57152466 2.80940531 8.87781336 1.32397866]
 [0.55785179 1.96127199 9.62976116 1.33148136]
 [0.40535782 7.52814013 9.7058007  4.64053784]
 [0.68705545 2.16016436 9.90940673 0.74485988]
 [1.48892303 2.28297763 9.348262   4.28010792]
 [0.52797523 5.07579708 9.52469281 4.30231508]
 [3.59368909 0.65775696 9.44803353 4.25329041]
 [0.68705545 2.0827995  8.60052031 2.10058107]
 [0.43379929 4.27441307 8.68752288 0.52291692]
 [0.36947939 4.41948928 9.29579325 1.87811509]
 [1.85058169 2.97038231 9.64086839 4.65760387]
 [1.65972642 2.57041319 9.59791104 4.60045752]
 [1.52433924 1.41875043 9.38161324 4.04857475]
 [1.77372585 1.83064111 9.55832651 4.55543916]
 [0.52797523 4.22913165 9.81340468 2.08057542]
 [3.87018533 0.80894177 9.85433479 4.98929313]
 [0.454131   4.42579173 9.29184287 1.75923292]
 [0.27960519 4.2730791  9.69243277 3.42927935]
 [1.74486071 0.82627959 9.90261899 2.34676595]
 [0.5475283  2.15416137 9.23848652 0.76969787]]
