[[3.60699608e+01 1.65566552e+01]
 [7.76812641e+00 3.22621992e+01]
 [3.44753316e+01 1.71025222e+01]
 [3.38364045e+00 3.78835185e+01]
 [7.01718697e+00 3.32064912e+01]
 [2.06701379e+01 2.30235463e+01]
 [8.35413583e+01 6.42080819e+00]
 [6.42545421e-02 4.82357273e+01]
 [5.60857909e+01 1.11194220e+01]
 [4.34786818e+00 3.65027909e+01]
 [6.81555654e+01 8.66305532e+00]
 [8.89085385e-01 4.35860832e+01]
 [6.14466549e-01 4.47011988e+01]
 [1.45298019e+01 2.68269711e+01]
 [5.83176055e+01 1.06016468e+01]
 [7.04643053e+01 8.30666886e+00]
 [7.07409588e+00 3.29968040e+01]
 [6.16784942e+01 9.95395502e+00]
 [7.64913006e+01 7.61132999e+00]
 [2.05528226e+01 2.32543913e+01]
 [1.04976551e+01 2.98948891e+01]
 [4.83307391e+01 1.30055861e+01]
 [3.09838326e+01 1.84529702e+01]
 [9.12337203e+00 3.15838444e+01]
 [9.65869014e+01 5.29510110e+00]
 [3.17043014e+01 1.83835391e+01]
 [8.61160919e+00 3.19010647e+01]
 [1.93888691e-01 4.71300901e+01]
 [3.01435576e+00 3.87437753e+01]
 [1.17329489e+02 4.34324222e+00]
 [4.66951383e+00 3.58988353e+01]
 [5.69893656e+01 1.08917859e+01]
 [2.62542348e+00 3.94629533e+01]
 [6.83382844e+01 8.64617576e+00]
 [2.13531304e+01 2.26859973e+01]
 [5.00504672e+01 1.25116603e+01]
 [1.88251444e+01 2.41843976e+01]
 [6.00929066e+00 3.48282781e+01]
 [5.13824242e-01 4.54694508e+01]
 [2.58119506e+00 3.96677531e+01]
 [4.03239394e+00 3.69383522e+01]
 [2.38404433e+01 2.15314788e+01]
 [4.75859928e+01 1.32989730e+01]
 [8.64919865e+01 6.15676129e+00]
 [3.36542071e+01 1.74010150e+01]
 [3.20537255e+00 3.81544643e+01]
 [4.94481916e+00 3.56141364e+01]
 [2.83518875e+01 1.95538827e+01]
 [1.27649019e+01 2.80997480e+01]
 [6.48609556e+01 9.26874806e+00]
 [5.05834735e+01 1.23675360e+01]
 [3.43372301e+01 1.71514592e+01]
 [1.93779981e+01 2.37564183e+01]
 [6.33070848e+01 9.61319687e+00]
 [5.40210633e+01 1.15365319e+01]
 [1.10958087e+01 2.96911065e+01]
 [3.12500802e+01 1.84325539e+01]
 [6.43486652e+01 9.37801384e+00]
 [1.20306667e+01 2.85309140e+01]
 [7.44505565e+01 7.63696884e+00]
 [4.67329773e+01 1.33736789e+01]
 [3.88029074e+01 1.58309290e+01]
 [3.01727971e+01 1.87087766e+01]
 [1.34130912e+00 4.22112876e+01]
 [4.93661976e-01 4.58807307e+01]
 [2.15113580e+01 2.25891640e+01]
 [3.35921562e-01 4.59875418e+01]
 [5.79757966e+01 1.06536827e+01]
 [4.76391019e+01 1.32669915e+01]
 [9.12935351e+00 3.13889598e+01]
 [2.15758789e+01 2.25489721e+01]
 [2.66596827e+01 2.02184574e+01]
 [7.79711709e+00 3.22085453e+01]
 [4.45625951e+01 1.40918550e+01]
 [9.29939777e+00 3.10579557e+01]
 [6.96871304e+01 8.40558730e+00]
 [2.47211051e+01 2.10275627e+01]
 [3.79945778e+01 1.59323796e+01]
 [8.62804999e+00 3.15900942e+01]
 [1.31969028e+01 2.76972815e+01]
 [4.52728522e+01 1.39555049e+01]
 [1.05494764e+01 2.98658082e+01]
 [2.77386830e+00 3.89277638e+01]
 [4.67663491e+01 1.33526234e+01]
 [2.37216027e+01 2.17945128e+01]
 [4.21620745e+01 1.46265005e+01]
 [3.75361146e+00 3.72747338e+01]
 [5.38580768e+01 1.16485177e+01]
 [6.96135576e+01 8.42397176e+00]
 [3.26021873e+01 1.77876950e+01]
 [8.02485554e+01 7.11869063e+00]
 [3.27101692e+01 1.77589149e+01]
 [7.01730799e+01 8.31113849e+00]
 [3.91416147e+01 1.55467138e+01]
 [1.79816284e+01 2.45904349e+01]
 [5.32432904e+01 1.18283137e+01]
 [4.85225852e+01 1.28804983e+01]
 [7.31468432e+00 3.27292786e+01]
 [4.58044941e+01 1.37804118e+01]
 [4.47479273e+01 1.40715397e+01]
 [3.68549336e+01 1.62921878e+01]
 [6.41424907e+01 9.40435277e+00]
 [5.28286330e+00 3.51379314e+01]
 [1.74246031e+01 2.48824867e+01]
 [4.69648118e+01 1.33307060e+01]
 [1.17876619e+01 2.87648825e+01]
 [4.25947270e+01 1.45006945e+01]
 [2.10533290e+01 2.28195666e+01]
 [7.28065592e+01 7.86773610e+00]
 [4.08113148e+01 1.50502274e+01]
 [2.41955520e+01 2.13357021e+01]
 [5.46285931e-01 4.53577815e+01]
 [4.15908805e+01 1.48006597e+01]
 [2.31225818e+00 4.04655500e+01]
 [3.90188062e+01 1.57738253e+01]
 [6.68975353e+01 8.94224798e+00]
 [6.82222188e+01 8.65266254e+00]
 [2.39727152e+00 4.01154599e+01]
 [4.32416343e+01 1.43419002e+01]
 [1.43323003e+01 2.68712605e+01]
 [5.50428545e-01 4.50805285e+01]
 [2.01906056e+01 2.32746507e+01]
 [1.80768092e+01 2.45080336e+01]
 [6.86619778e+01 8.57425337e+00]
 [1.37947413e+01 2.72148183e+01]
 [2.25082280e+01 2.20851953e+01]
 [2.71977410e+01 1.99227969e+01]
 [3.55621447e+01 1.67347724e+01]
 [1.28499292e+01 2.80288985e+01]
 [7.41117055e-01 4.40986663e+01]
 [6.03824652e-01 4.48254055e+01]
 [6.76883475e+00 3.33129643e+01]
 [6.77426528e+01 8.76195214e+00]
 [8.33114037e+01 6.45954589e+00]
 [3.51594120e+01 1.69843740e+01]
 [1.04243846e+00 4.31513915e+01]
 [7.37640803e+01 7.74323277e+00]
 [1.36272578e+01 2.73063713e+01]
 [5.94682055e+01 1.04486476e+01]
 [1.17467236e+01 2.89022442e+01]
 [6.49650837e-02 4.82142207e+01]
 [2.03328060e-01 4.69979652e+01]
 [1.71618482e+01 2.50126975e+01]
 [3.34797410e+01 1.74587400e+01]
 [1.73185311e+00 4.17384970e+01]
 [6.85805131e+01 8.60897637e+00]
 [5.11859861e+01 1.22071628e+01]
 [3.39338750e+01 1.73303461e+01]
 [5.09221033e+01 1.22715874e+01]
 [5.65688954e+01 1.10015720e+01]
 [1.25469005e+01 2.84408153e+01]
 [2.30440651e+01 2.18407781e+01]
 [1.73898773e+01 2.49858647e+01]
 [2.92028528e-01 4.68614829e+01]
 [3.72792301e+01 1.61861672e+01]
 [7.85349425e+01 7.14132899e+00]
 [6.30889280e+00 3.45775868e+01]
 [4.94780894e+01 1.28085744e+01]
 [4.87841446e+01 1.28166096e+01]
 [7.37027740e+01 7.78013933e+00]
 [5.21323237e+01 1.21909371e+01]
 [9.16250326e+00 3.10699912e+01]
 [5.86721430e+01 1.05207321e+01]
 [6.62205437e+01 9.05271208e+00]
 [3.51678343e+01 1.68591936e+01]
 [3.75380020e+01 1.60636970e+01]
 [7.79015964e+00 3.22289537e+01]
 [3.57400664e+00 3.76987599e+01]
 [3.58726403e+00 3.75703148e+01]
 [1.12072634e+02 4.44179837e+00]
 [1.06868054e-01 4.77890930e+01]
 [2.39199604e+01 2.14247882e+01]
 [2.26837314e-01 4.68987055e+01]
 [2.99988435e+01 1.89986728e+01]
 [3.20960305e+01 1.81169798e+01]
 [1.05179287e+02 4.78890762e+00]
 [7.00459022e-01 4.42574613e+01]
 [3.67200883e-02 4.89039560e+01]
 [1.35759493e+01 2.73404271e+01]
 [2.52887624e+01 2.08528852e+01]
 [2.88279841e+01 1.94225235e+01]
 [4.37406710e+01 1.42624202e+01]
 [4.41331353e+00 3.62495340e+01]
 [7.46921589e+00 3.26945151e+01]
 [1.08412423e+02 4.56352030e+00]
 [5.31437408e+01 1.18694693e+01]
 [6.54680499e+01 9.19772644e+00]
 [1.12862158e+01 2.94113693e+01]
 [6.56367110e+01 9.12406978e+00]
 [2.82227631e+01 1.97755805e+01]
 [1.58643776e+01 2.58024233e+01]
 [6.89424895e+01 8.54928054e+00]
 [6.18221236e+01 9.86570819e+00]
 [8.42840933e+01 6.40051170e+00]
 [6.29695428e+01 9.76164640e+00]
 [3.45624914e+01 1.70736646e+01]
 [3.01727038e-01 4.66807805e+01]
 [3.81936781e+01 1.58510228e+01]
 [3.28044116e+00 3.80419354e+01]
 [1.92948904e+01 2.39864747e+01]
 [4.45044225e+01 1.42189527e+01]
 [4.25579461e-02 4.87411344e+01]
 [6.63632648e-01 4.44098912e+01]
 [1.86317031e+00 4.10436044e+01]
 [2.76421788e+00 3.89355574e+01]
 [4.60999708e+01 1.35756432e+01]
 [7.15190894e+01 8.10409073e+00]
 [7.18159214e+00 3.29003407e+01]
 [9.32082695e+01 5.56562031e+00]
 [1.53504359e+01 2.61574163e+01]
 [1.95873285e+01 2.36320524e+01]
 [2.45027177e+01 2.11302950e+01]
 [1.50730352e+01 2.65569782e+01]
 [3.48229687e+01 1.70256442e+01]
 [1.16229631e+01 2.89373089e+01]
 [6.04648969e+01 1.01414570e+01]
 [8.07604318e+00 3.20593467e+01]
 [1.02561307e+02 4.92573171e+00]
 [4.78503972e+01 1.30699574e+01]
 [7.01646442e+01 8.40254037e+00]
 [1.00173509e+00 4.32144345e+01]
 [3.08337182e+01 1.87064602e+01]
 [9.47361214e+01 5.40221893e+00]
 [3.22901346e+00 3.81116322e+01]
 [2.41457434e+00 3.98409760e+01]
 [8.16075811e+01 6.77712061e+00]
 [8.04919113e+00 3.21072003e+01]
 [3.43360069e+01 1.73047250e+01]
 [1.54938409e+00 4.17931137e+01]
 [2.23147903e-02 4.90140592e+01]
 [2.56058696e+01 2.06435299e+01]
 [1.20283077e+01 2.85583029e+01]
 [8.05428839e+01 6.96651482e+00]
 [5.10535489e+01 1.22474026e+01]
 [2.63096562e+01 2.03144396e+01]
 [9.84752017e+00 3.09786944e+01]
 [1.17986946e+02 4.23216392e+00]
 [1.08751909e+01 2.97371089e+01]
 [4.63761575e+00 3.60650555e+01]
 [1.67328557e+01 2.52744399e+01]
 [9.84968427e+01 5.19067407e+00]
 [1.01529413e+02 4.98238516e+00]
 [1.11069214e+00 4.30190184e+01]
 [1.69558879e+00 4.17780295e+01]
 [9.41475815e+01 5.49370763e+00]
 [6.45280233e-01 4.44871430e+01]
 [5.96438575e+01 1.04296244e+01]
 [1.40786402e+01 2.69904223e+01]
 [4.58109946e+01 1.36701505e+01]
 [7.70897700e+00 3.25945260e+01]
 [1.00530639e+01 3.03479850e+01]
 [2.12435374e+01 2.27448558e+01]
 [6.18081829e+01 9.94100760e+00]
 [1.05279668e+02 4.77138592e+00]
 [2.17401153e+01 2.24655281e+01]
 [8.98525176e+01 5.96642054e+00]
 [2.60517187e+01 2.04654267e+01]
 [2.16398794e+01 2.25287344e+01]
 [2.00991609e+00 4.09285895e+01]
 [1.79009030e+01 2.46347356e+01]
 [5.92835610e+01 1.04932135e+01]
 [2.73706539e+01 1.98490020e+01]
 [2.94435570e+01 1.93135725e+01]
 [1.52187456e+01 2.63280927e+01]
 [2.07569373e+00 4.05837622e+01]
 [2.83692514e+01 1.94941958e+01]
 [5.00391474e+01 1.25968772e+01]
 [7.70244360e+01 7.54890346e+00]
 [9.02862367e+01 5.82332187e+00]
 [8.22725182e+01 6.55782353e+00]
 [1.84017924e+01 2.43251177e+01]
 [2.12665349e+01 2.27242018e+01]
 [5.00997646e+01 1.24759949e+01]
 [8.74114851e+01 6.05054507e+00]
 [6.65700204e+01 8.96189905e+00]
 [2.50620579e+01 2.08920102e+01]
 [3.25759448e+01 1.80959699e+01]
 [5.27029562e+01 1.19363276e+01]
 [5.29882064e+00 3.51173953e+01]
 [4.59016257e+01 1.36101763e+01]
 [2.43530852e+01 2.12506182e+01]
 [1.29083620e+00 4.23812985e+01]]
