[[0.62822678 4.53414591 9.09509548 1.55636897]
 [1.52433924 1.41875043 9.37709581 4.04857475]
 [1.68005678 1.30700616 9.63388057 2.58191717]
 [1.96738037 0.6264795  9.82988943 2.02613749]
 [0.43379929 4.02635043 8.65190854 0.52291692]
 [0.61487094 5.83122883 9.86812923 1.14777559]
 [0.43415516 4.31974722 8.65548967 0.6925475 ]
 [1.68005678 1.30700616 9.63388057 3.61504416]
 [1.61993706 1.5157577  9.13428109 3.47821948]
 [1.97342905 0.61293002 9.8897005  4.25523815]
 [0.80245064 1.86709885 9.70171865 1.92627141]
 [0.43379929 4.02635043 8.64035931 0.60741463]
 [0.67049203 3.14117386 9.68068034 3.8344797 ]
 [1.96738037 0.6264795  9.46111558 2.32339015]
 [0.94254657 4.14342059 9.79844592 1.31986466]
 [0.43415516 4.30853261 5.92494222 0.6925475 ]
 [0.5889785  3.12143446 9.50297734 3.07038439]
 [0.40030464 4.50302247 9.4931013  2.75960279]
 [4.06741122 0.32811389 9.92138164 4.32365206]
 [0.56368719 5.37141327 9.30263115 1.55771819]
 [0.45600149 2.97243018 9.05033947 1.48675811]
 [1.02679196 4.36709776 9.83954561 2.7857815 ]
 [3.02143698 0.3660331  9.99484515 4.99194174]]
