[[1.86260211e-03 3.45560727e-03 1.79353495e+00]
 [4.30247271e-03 9.73802078e-03 2.35560178e+00]
 [1.98569888e-03 4.26701009e-03 1.68669248e+00]
 [5.41559379e-03 9.74740371e-03 2.27320880e+00]
 [3.66543097e-03 8.62346253e-03 2.38535544e+00]
 [3.81016124e-03 7.49858311e-03 2.02228296e+00]
 [2.74119775e-03 5.60529991e-03 2.34345957e+00]
 [4.44117107e-03 8.28135361e-03 1.85269631e+00]
 [4.32981507e-03 9.09311989e-03 2.21095800e+00]
 [1.15103041e-03 2.27001165e-03 2.19196477e+00]
 [3.72748802e-03 7.10354578e-03 1.91128685e+00]
 [1.01581476e-03 2.25806922e-03 2.94264094e+00]
 [4.79737567e-03 9.46676679e-03 2.10686741e+00]
 [8.48018217e-04 2.02463036e-03 2.70847595e+00]
 [2.31462936e-03 4.26821349e-03 1.49622293e+00]
 [9.04097157e-04 1.28975984e-03 1.21052505e+00]
 [4.93963846e-04 1.50455028e-03 1.79070095e+00]
 [2.37214058e-03 5.39490891e-03 2.49856157e+00]
 [1.08067485e-03 1.91272052e-03 1.77409247e+00]
 [2.78504172e-03 6.14781891e-03 2.33033671e+00]
 [1.55528584e-03 3.17817550e-03 1.68796635e+00]
 [1.84748152e-03 4.30973654e-03 2.74649084e+00]
 [4.28335214e-03 9.35427012e-03 2.67768967e+00]
 [3.31014434e-03 6.59709804e-03 1.93308698e+00]
 [3.20354290e-03 5.51737971e-03 1.37643883e+00]
 [2.15209660e-03 3.71923011e-03 1.77971078e+00]
 [1.48733563e-03 3.05945447e-03 1.59448289e+00]
 [3.22853469e-03 5.54881977e-03 1.34331261e+00]
 [4.41843803e-03 8.64550653e-03 2.08696437e+00]
 [4.75723627e-03 9.23611865e-03 1.83336897e+00]
 [4.45487109e-03 9.96700671e-03 2.64536596e+00]
 [5.57136104e-04 9.91535214e-04 2.72618944e+00]
 [2.72504328e-03 5.68286435e-03 2.34368277e+00]
 [5.24909639e-04 1.35343864e-03 2.83357023e+00]
 [2.48262465e-03 5.71673216e-03 2.57300153e+00]
 [2.14132554e-03 4.14055988e-03 1.77564987e+00]
 [2.89031078e-03 5.90546522e-03 1.83251769e+00]
 [7.35015907e-04 1.74125804e-03 2.15217354e+00]
 [1.45531506e-03 2.91981668e-03 2.30273072e+00]
 [1.99075225e-03 4.66675510e-03 2.26571057e+00]
 [3.45369616e-03 6.86473244e-03 1.84607300e+00]
 [4.44117107e-03 8.78239259e-03 1.85269631e+00]
 [2.76289539e-03 5.22781009e-03 1.84629574e+00]
 [1.87008600e-03 2.83438022e-03 1.39408735e+00]
 [8.87677061e-04 1.63478437e-03 1.21920950e+00]
 [4.29783949e-03 7.99620321e-03 1.91054607e+00]
 [2.74119775e-03 5.59828447e-03 2.17002367e+00]
 [6.41874602e-03 9.96700671e-03 2.74757132e+00]
 [3.64605074e-03 7.68451120e-03 2.20717260e+00]
 [7.81414084e-04 1.97442838e-03 2.16921071e+00]
 [1.70016561e-03 3.50260506e-03 2.54379854e+00]
 [3.91493015e-03 8.63084315e-03 2.27763838e+00]
 [2.06445635e-03 3.99949605e-03 1.99527577e+00]
 [2.92433714e-03 6.63575242e-03 2.42334258e+00]
 [9.74128924e-04 2.64297483e-03 2.82528029e+00]
 [1.15103041e-03 2.27001165e-03 2.19698538e+00]
 [1.61760659e-03 3.77624015e-03 2.14630885e+00]
 [1.55528584e-03 3.17817550e-03 1.84417818e+00]
 [2.46120427e-03 5.54481437e-03 1.93147814e+00]
 [5.55728801e-04 1.45330671e-03 1.78300343e+00]
 [4.52268651e-03 7.84731228e-03 1.52875238e+00]
 [5.28716055e-04 1.39188849e-03 2.55660178e+00]
 [6.06146930e-03 9.90406197e-03 2.98454435e+00]]
