[[-248.83688465  116.48112983]
 [-238.41968481  103.8802946 ]
 [-254.47549328  116.85870845]
 [-254.28380567  116.84704251]
 [ -37.37243235   13.77525356]
 [ -46.47616684   20.59284175]
 [ -38.27658262   17.44676109]
 [-217.62260452   57.07736028]
 [ -36.39188717   12.90956355]
 [-233.25794316  103.5329093 ]
 [ -74.9912979    23.46329906]
 [ -38.10218072   16.72991921]
 [-224.42803391   57.37112463]
 [-173.82324465   48.34087574]
 [ -38.66765969   19.88194063]
 [-214.86604557   54.81598188]
 [-189.52991099   52.6468142 ]
 [-136.7470166    23.90571625]]
