[[1.45988514e+01 1.87473437e-03]
 [4.86621314e+00 6.48194950e-03]
 [5.84779630e+01 5.05021991e-04]
 [3.18032647e+01 6.57607673e-04]
 [3.23474214e+01 6.42435431e-04]
 [5.26519165e+01 5.15072990e-04]
 [8.42493582e+00 2.79476072e-03]
 [1.38583616e+01 1.92456864e-03]
 [1.62072948e+01 1.34727829e-03]
 [1.26053579e+01 1.94096797e-03]
 [2.83554818e+01 6.62963010e-04]
 [2.76348290e+01 6.84043540e-04]
 [3.51388962e+01 5.71369936e-04]
 [1.12851767e+01 2.01371956e-03]
 [9.68850433e+00 2.64062629e-03]
 [3.57445835e+01 5.28503135e-04]
 [2.06266175e+01 9.38223700e-04]
 [2.66036690e+01 7.46584554e-04]
 [3.06470111e+01 6.59872864e-04]
 [8.16722202e+00 4.98301366e-03]
 [2.20441027e+01 9.28116770e-04]
 [1.75844392e+01 1.34526732e-03]
 [1.55854286e+02 4.82086400e-04]
 [2.45235523e+01 8.35621306e-04]]
