[[1.86260211e-03 3.45560727e-03 1.79353495e+00]
 [4.30247271e-03 9.73802078e-03 2.35560178e+00]
 [3.66543097e-03 8.62346253e-03 2.38535544e+00]
 [3.81016124e-03 7.49858311e-03 2.02228296e+00]
 [4.32981507e-03 9.09311989e-03 2.21095800e+00]
 [1.15103041e-03 2.27001165e-03 2.19196477e+00]
 [2.64436917e-03 5.60529991e-03 2.34345957e+00]
 [1.75877564e-03 3.24142887e-03 1.58691834e+00]
 [4.67534814e-03 9.74740371e-03 2.27320880e+00]
 [3.31846298e-03 7.70322525e-03 2.45637860e+00]
 [6.25845224e-04 1.69911779e-03 2.70096263e+00]
 [1.30996845e-03 2.12936762e-03 1.68947331e+00]
 [4.84428446e-03 9.07445395e-03 1.86629301e+00]
 [1.26329519e-03 2.63055939e-03 2.01386877e+00]
 [5.41559379e-03 9.82142532e-03 2.34609554e+00]
 [3.25989812e-03 6.23655820e-03 1.86992705e+00]
 [4.02392520e-03 9.04686160e-03 2.31662286e+00]
 [1.20063925e-03 2.59366655e-03 2.26324764e+00]
 [4.67534814e-03 9.74496455e-03 2.28072989e+00]
 [8.16239827e-04 1.38352901e-03 1.16617715e+00]
 [1.71877189e-03 3.99684936e-03 2.37091423e+00]
 [6.30959200e-03 9.93539194e-03 2.67054088e+00]
 [5.79771613e-03 9.97004824e-03 2.86529523e+00]
 [1.89448708e-03 3.47715855e-03 1.79353495e+00]
 [9.94969275e-04 1.91389863e-03 1.99486204e+00]
 [4.05087582e-03 9.00699562e-03 2.12751468e+00]
 [5.29945427e-04 9.57582081e-04 1.91854449e+00]
 [3.81016124e-03 7.49858311e-03 2.09400690e+00]
 [1.26329519e-03 2.15393723e-03 2.01814915e+00]
 [1.55478594e-03 2.77415844e-03 1.43220374e+00]
 [1.75527505e-03 3.24142887e-03 1.48646693e+00]
 [1.98569888e-03 4.26701009e-03 2.49446937e+00]
 [5.29375293e-03 9.65811462e-03 1.96489156e+00]
 [9.78289955e-04 1.30773191e-03 1.40524870e+00]
 [1.04637080e-03 1.46103642e-03 1.14880994e+00]
 [6.25845224e-04 1.69911779e-03 2.82012666e+00]
 [5.79771613e-03 9.97004824e-03 2.86057895e+00]
 [4.67080672e-03 9.71791652e-03 1.99450019e+00]
 [5.27279194e-03 9.77414323e-03 2.28016346e+00]
 [4.48236926e-03 9.17133784e-03 1.98908747e+00]
 [1.43398041e-03 2.65942939e-03 2.05690454e+00]
 [9.78289955e-04 1.43259811e-03 1.40524870e+00]
 [4.44117107e-03 8.29233977e-03 1.85003332e+00]
 [3.24953742e-03 5.53871367e-03 1.39696751e+00]
 [1.57800370e-03 3.10765822e-03 2.17328001e+00]
 [9.94969275e-04 1.91389863e-03 2.02581959e+00]
 [8.72285963e-04 1.33238467e-03 2.00034624e+00]
 [1.85828536e-03 3.48127998e-03 1.72646434e+00]
 [4.47893526e-03 9.14493944e-03 2.01641773e+00]
 [8.16239827e-04 1.38352901e-03 2.16283495e+00]
 [9.39430823e-04 2.06368367e-03 1.84550532e+00]
 [4.74759097e-03 9.24575396e-03 1.98814410e+00]
 [1.13948307e-03 2.28959582e-03 1.73732792e+00]
 [4.31993646e-03 9.64147420e-03 2.21095800e+00]
 [5.00789564e-03 8.94105911e-03 1.71734830e+00]
 [2.64436917e-03 5.24395235e-03 2.34345957e+00]
 [1.30996845e-03 2.12405884e-03 1.68947331e+00]
 [3.74746621e-03 7.67720571e-03 1.83649009e+00]
 [2.20128674e-03 4.05622268e-03 1.71193646e+00]
 [2.52873239e-03 4.43506158e-03 2.16909453e+00]
 [3.47949895e-03 6.23767049e-03 1.88210464e+00]
 [3.79234214e-03 6.83464900e-03 1.79739353e+00]
 [1.24059060e-03 2.52065834e-03 1.68696978e+00]
 [2.00944336e-03 4.29361906e-03 2.78428658e+00]
 [5.57707357e-03 9.96387360e-03 1.68630007e+00]
 [1.04657338e-03 1.46755891e-03 1.15206164e+00]
 [1.15103041e-03 2.20818795e-03 2.19196477e+00]
 [3.39750081e-03 7.96453776e-03 2.54787307e+00]
 [4.71693026e-03 7.71517483e-03 1.47373741e+00]
 [4.21627367e-03 9.80316489e-03 2.84510809e+00]
 [9.73678697e-04 2.06454059e-03 2.00405671e+00]
 [1.64683111e-03 3.50792523e-03 2.24665403e+00]
 [5.43849323e-03 9.93539194e-03 2.62333922e+00]
 [2.79097588e-03 4.77469772e-03 2.28782958e+00]
 [3.69689027e-03 8.07099325e-03 2.49915689e+00]]
