[[2.08511002e+00 2.16097348e+00]
 [9.31301057e-01 1.03668218e+00]
 [2.09597257e+00 2.05565850e+00]
 [7.01934693e-01 5.94304467e-01]
 [1.05814058e+00 7.96639978e-01]
 [1.63322451e+00 1.58117431e+00]
 [3.45448459e+00 2.99196855e+00]
 [9.94006692e-02 7.86329606e-02]
 [2.76410989e+00 2.52609268e+00]
 [6.20866576e-01 8.37551037e-01]
 [2.92879636e+00 2.90878724e+00]
 [2.99588448e-01 3.64030367e-01]
 [1.19923880e+00 1.48130914e+00]
 [2.62335155e+00 2.77442391e+00]
 [3.08389179e+00 2.84704896e+00]
 [8.80981278e-01 9.96190723e-01]
 [2.91007090e+00 2.63649595e+00]
 [2.16838174e+00 2.42208159e+00]
 [1.42788141e+00 1.76050002e+00]
 [9.92849442e-01 1.28010303e+00]
 [2.63857323e+00 2.40648325e+00]
 [2.07924359e+00 1.85005520e+00]
 [2.96716225e+00 2.53152129e+00]
 [2.32500741e+00 2.84264682e+00]
 [1.10716367e+00 8.01216059e-01]
 [9.16632146e-02 2.00174993e-01]
 [7.27791156e-01 4.73190210e-01]
 [4.52904748e+00 2.96986554e+00]
 [7.33961867e-01 7.92892448e-01]
 [2.58633799e+00 2.74921756e+00]
 [2.85357926e+00 2.99026028e+00]
 [2.46035901e+00 2.19027363e+00]
 [1.69354013e+00 1.57168841e+00]
 [2.42214223e+00 2.57795342e+00]
 [1.33139423e-01 3.32761107e-01]
 [4.02647636e-01 6.95106931e-01]
 [2.01610236e+00 2.27624079e+00]
 [3.58464501e+00 2.96197852e+00]
 [1.87437972e+00 2.31096758e+00]
 [2.00932962e+00 2.09192406e+00]
 [6.03835922e-01 6.60851963e-01]
 [6.91773449e-01 8.70433389e-01]
 [1.72849411e+00 2.02491481e+00]
 [1.10741028e+00 1.40173747e+00]
 [1.57382844e+00 1.88056681e+00]
 [2.86636136e+00 2.82828773e+00]
 [2.45772575e+00 2.57010749e+00]
 [2.09289013e+00 2.05039470e+00]
 [1.47644397e+00 1.63236415e+00]
 [2.43960746e+00 2.56606924e+00]
 [2.57087522e+00 2.62599818e+00]
 [9.19767208e-01 1.38851736e+00]
 [2.14018735e+00 1.79780927e+00]
 [2.89680270e+00 2.77411254e+00]
 [1.14602514e+00 1.30165013e+00]
 [3.15479600e+00 2.94277103e+00]
 [1.99609303e+00 2.39088676e+00]
 [1.90540746e+00 1.97803481e+00]
 [3.54592002e-01 4.57811961e-01]
 [1.60513157e+00 1.67373598e+00]
 [1.98643533e-01 2.11000325e-01]
 [2.69824555e+00 2.68578110e+00]
 [1.64180695e+00 1.64269281e+00]
 [2.40691370e+00 2.04927027e+00]
 [1.72849411e+00 2.06802784e+00]
 [2.14018735e+00 1.89338206e+00]
 [9.43725334e-01 1.14289043e+00]
 [2.58353180e+00 2.82618866e+00]
 [2.30892101e+00 2.84184485e+00]
 [2.20952140e+00 2.02446552e+00]
 [2.25597772e+00 2.11681185e+00]
 [1.11496804e+00 1.74407678e+00]
 [3.75518033e-01 4.60380134e-01]
 [1.89935371e+00 1.98692141e+00]
 [2.48272705e+00 2.75479885e+00]
 [2.00932962e+00 2.28429779e+00]
 [2.40782039e+00 2.38832683e+00]
 [8.49703571e-01 6.53183403e-01]
 [3.13654297e+00 2.90274045e+00]
 [1.37492073e+00 1.57168841e+00]
 [1.11024570e+00 1.45762954e+00]
 [3.08389179e+00 2.99863450e+00]
 [2.72732483e+00 2.91655702e+00]
 [1.72368326e+00 1.57772858e+00]
 [6.18704739e-01 6.81929209e-01]
 [2.45847101e+00 2.03783622e+00]
 [1.87474461e+00 2.09192406e+00]
 [2.88152132e+00 2.90600274e+00]
 [1.62153658e+00 1.86523017e+00]
 [2.88862146e+00 2.63649595e+00]
 [1.63322451e+00 1.60776511e+00]
 [3.22116010e+00 2.94152001e+00]
 [7.37652273e-01 6.78724713e-01]
 [2.88206785e+00 2.82828773e+00]
 [9.19734803e-01 8.80842445e-01]
 [4.47222868e+00 2.97752330e+00]
 [1.77448237e+00 1.63094124e+00]
 [1.26277197e+00 1.27904446e+00]
 [2.66508246e-02 1.16053039e-02]
 [1.48665691e+00 1.27818221e+00]
 [2.43961935e+00 2.43942120e+00]
 [5.08687896e-01 6.89234676e-01]
 [1.62567321e+00 1.63236415e+00]
 [3.91374707e+00 2.98639587e+00]
 [3.26276638e+00 2.99196855e+00]
 [7.09400975e-01 6.12895465e-01]
 [2.77949973e+00 2.79863514e+00]
 [2.59136325e+00 2.40688007e+00]
 [6.73469367e-01 9.20677540e-01]
 [2.97813002e+00 2.88814780e+00]
 [4.61262941e+00 2.98100526e+00]
 [1.54098666e+00 1.75159684e+00]
 [2.42494977e+00 2.40749890e+00]
 [1.62007830e+00 1.66751792e+00]
 [1.11024570e+00 1.47444864e+00]
 [2.55709149e+00 2.76201467e+00]
 [2.96660460e+00 2.82506728e+00]
 [1.93334204e+00 2.05565850e+00]
 [2.96716225e+00 2.50299301e+00]
 [1.28682750e+00 8.75423178e-01]
 [3.46854636e+00 2.89439408e+00]
 [2.11699179e+00 1.97743291e+00]
 [2.29539126e+00 2.68636869e+00]
 [4.00372284e+00 2.99677474e+00]
 [3.47544346e+00 2.99740754e+00]
 [9.94006692e-02 1.43494775e-01]
 [3.26276638e+00 2.99285454e+00]
 [1.17812176e+00 1.48102241e+00]
 [3.23819585e+00 2.88846487e+00]
 [3.42298538e+00 2.86703080e+00]
 [2.00739792e+00 2.09537703e+00]
 [3.88123073e+00 2.94597819e+00]
 [3.28253373e+00 2.94102172e+00]
 [2.25597772e+00 2.45336898e+00]
 [3.58175519e+00 2.96153540e+00]
 [1.75587609e+00 1.72002650e+00]
 [1.80404559e+00 1.61159395e+00]
 [3.67903415e+00 2.99196855e+00]
 [1.00228722e+00 8.68194060e-01]
 [6.24112716e-01 9.53981422e-01]
 [4.55379883e+00 2.98100526e+00]
 [1.39705812e+00 1.76948997e+00]
 [9.94460793e-01 1.20276326e+00]
 [1.78235287e+00 1.65486654e+00]
 [3.30759495e+00 2.90258186e+00]
 [3.26276638e+00 2.93214646e+00]
 [2.79411374e+00 2.82618866e+00]
 [1.71841022e+00 2.08478267e+00]
 [2.37839677e+00 2.37849078e+00]
 [9.86250254e-01 8.52607467e-01]
 [2.75474110e+00 2.61170502e+00]
 [2.16251942e+00 1.88422859e+00]
 [2.02431534e+00 2.10619126e+00]
 [4.37411048e-01 6.47976910e-01]
 [2.40897755e+00 2.04927027e+00]
 [2.20966014e+00 2.15878336e+00]
 [2.45203277e+00 2.82618866e+00]
 [2.28768363e+00 2.69273180e+00]
 [2.16469254e+00 1.94785963e+00]
 [9.43769385e-02 3.17361403e-02]
 [4.03932324e+00 2.99756229e+00]
 [1.65288604e+00 1.40213555e+00]
 [1.65235411e+00 1.48130914e+00]
 [1.54836035e+00 1.42683877e+00]
 [2.66508246e-02 7.82249585e-02]
 [2.74047892e-01 2.72539541e-01]
 [2.49161791e+00 2.29067407e+00]
 [2.04293000e+00 2.46871694e+00]
 [2.29940133e+00 2.26824753e+00]
 [2.97394432e+00 2.87867900e+00]
 [7.27880804e-01 4.73190210e-01]
 [1.57622402e+00 1.39351610e+00]
 [1.53417814e+00 2.01994138e+00]
 [1.84026848e+00 1.85005520e+00]
 [2.57928508e+00 2.35165515e+00]
 [1.26790875e+00 1.50371220e+00]
 [3.70456335e+00 2.93496377e+00]
 [2.88206785e+00 2.82941981e+00]
 [3.43974287e+00 2.94152001e+00]
 [2.61929169e+00 2.23820638e+00]
 [2.63927537e+00 2.41445589e+00]
 [3.47877835e+00 2.85929451e+00]
 [1.64639245e+00 1.79288360e+00]
 [1.22159008e+00 1.48362716e+00]
 [1.89007622e+00 2.06834943e+00]
 [1.00743965e+00 8.75083003e-01]
 [1.17596007e+00 8.71545116e-01]
 [3.68020668e+00 2.93837900e+00]
 [7.68708413e-02 2.45906520e-03]
 [1.90940840e+00 1.76050002e+00]
 [1.78911084e+00 1.98692141e+00]
 [3.08287663e+00 2.74195579e+00]
 [3.86270797e-01 4.57811961e-01]
 [1.01447930e+00 1.28010303e+00]
 [2.91573848e+00 2.82506728e+00]
 [8.72509060e-01 1.16846934e+00]
 [8.66890068e-01 8.59535664e-01]
 [5.90131911e-01 8.52607467e-01]
 [3.89227669e+00 2.95126974e+00]
 [3.86888725e+00 2.99756229e+00]
 [1.26162872e+00 1.16322632e+00]
 [1.47488820e+00 1.60679637e+00]
 [3.45448459e+00 2.99447016e+00]
 [2.18892944e-01 2.00174993e-01]
 [1.52219483e-01 2.23458322e-01]
 [2.60864269e+00 2.76872094e+00]
 [2.82506525e+00 2.98616996e+00]
 [3.47544346e+00 2.98491917e+00]
 [1.86833036e+00 1.65815758e+00]
 [2.62335155e+00 2.68589350e+00]
 [4.82197058e-01 7.38450619e-01]
 [1.23542399e+00 1.21927496e+00]
 [1.62711092e-01 2.67058676e-01]
 [1.78052287e-01 1.57539011e-01]
 [2.92503210e+00 2.63649595e+00]
 [1.35922352e+00 9.95887848e-01]
 [2.26000006e+00 2.50763231e+00]
 [4.32686259e+00 2.99851315e+00]
 [7.57661979e-01 4.73347305e-01]
 [7.75517355e-02 7.82249585e-02]
 [2.15711718e+00 1.67606949e+00]
 [1.19923880e+00 1.49322635e+00]
 [3.60598140e+00 2.97571410e+00]
 [1.09619356e+00 1.13862191e+00]
 [3.55987445e+00 2.96153540e+00]
 [1.69856097e+00 1.74675223e+00]
 [3.13271611e+00 2.97467944e+00]
 [3.67167398e+00 2.99321089e+00]
 [2.81498137e+00 2.78815381e+00]
 [5.08687896e-01 5.74342712e-01]
 [1.90508062e+00 2.13017854e+00]
 [1.87005449e+00 1.72430465e+00]
 [2.99744976e+00 2.92231885e+00]
 [2.74557837e+00 2.68353209e+00]
 [2.20966014e+00 2.10655678e+00]
 [1.73075209e+00 1.86748771e+00]
 [3.08890835e+00 2.90274045e+00]
 [9.94460793e-01 1.15809595e+00]
 [3.24303965e-02 7.95049780e-02]
 [2.80579915e+00 2.79741166e+00]
 [2.04512704e+00 2.28860945e+00]
 [3.08389179e+00 2.96633230e+00]
 [1.37492073e+00 1.67158955e+00]
 [1.33570158e+00 1.13124780e+00]
 [3.61076798e+00 2.97645162e+00]
 [3.97983471e+00 2.98323024e+00]
 [3.05742698e+00 2.90274045e+00]
 [3.23192022e-01 3.22482387e-01]
 [2.83742191e+00 2.79863514e+00]
 [2.13753046e+00 2.30412385e+00]
 [1.84248069e+00 1.80058648e+00]
 [1.84026848e+00 1.85785178e+00]
 [2.59458937e+00 2.43942120e+00]
 [1.78235287e+00 1.96665461e+00]
 [2.07988971e+00 2.14249769e+00]
 [2.55756840e+00 2.35165515e+00]
 [2.59490622e+00 2.77639342e+00]
 [8.04841160e-01 8.72455334e-01]
 [2.93529770e-01 4.39282065e-01]
 [2.37839677e+00 2.43050353e+00]
 [1.74490370e+00 1.59324012e+00]
 [1.53639126e+00 1.45983206e+00]
 [1.99858812e+00 2.34460296e+00]
 [3.01747700e-01 2.29761131e-01]
 [4.25496039e+00 2.92077381e+00]
 [2.32777603e+00 1.94689424e+00]
 [9.31301057e-01 1.13590880e+00]
 [1.29799396e+00 1.52497869e+00]
 [2.62280311e+00 2.32378482e+00]
 [4.86915943e+00 2.97752330e+00]
 [2.39658412e+00 2.17859241e+00]
 [2.42494977e+00 2.21032700e+00]
 [4.08627701e-03 4.93451336e-03]
 [4.81280884e-01 6.43539110e-01]
 [4.55111700e+00 2.98871806e+00]
 [2.55692630e+00 2.40650718e+00]
 [2.57928508e+00 2.52011515e+00]
 [3.66262058e-01 5.26083382e-01]
 [2.47270424e+00 2.74921756e+00]
 [2.55525525e+00 2.79863514e+00]
 [7.99168252e-01 8.37668199e-01]
 [8.49723577e-01 6.60851963e-01]
 [9.19734803e-01 8.55418297e-01]
 [2.72357231e+00 2.81403122e+00]
 [3.80930044e+00 2.95431820e+00]
 [8.15802025e-01 1.16846934e+00]
 [5.08080899e-01 4.75991990e-01]
 [4.83039779e-01 5.33324491e-01]
 [1.28699837e+00 8.75423178e-01]
 [1.75296563e+00 1.56283828e+00]
 [2.07238978e+00 2.46871694e+00]
 [1.26790875e+00 1.50387480e+00]
 [1.34850851e+00 9.97422787e-01]
 [1.71757991e+00 1.42723994e+00]]
