[[1.52610864e-02 2.65060857e+04]
 [4.48927166e-02 9.16056255e+03]
 [1.69870331e-02 2.59225653e+04]
 [3.39946541e-02 1.19017793e+04]
 [2.69897406e-02 1.55173060e+04]
 [8.65147059e-03 5.46644892e+04]
 [3.70128177e-02 1.09776149e+04]
 [4.18541489e-02 9.65590185e+03]
 [1.07192317e-02 3.87363394e+04]
 [6.65579178e-03 8.01334124e+04]
 [2.36734457e-02 1.87026776e+04]
 [8.73430708e-03 4.97827473e+04]
 [3.18475519e-02 1.27103137e+04]
 [2.37449270e-02 1.84067872e+04]
 [1.43554420e-02 3.11420376e+04]
 [4.32187055e-02 9.61828434e+03]
 [8.60609459e-03 5.64053051e+04]
 [1.24331129e-02 3.48359139e+04]
 [2.40888730e-02 1.82543809e+04]
 [2.92779704e-02 1.45481340e+04]
 [9.53004426e-03 4.71928852e+04]
 [4.39023171e-02 9.28318563e+03]
 [2.53087553e-02 1.67645040e+04]
 [1.81672266e-02 2.30260364e+04]
 [3.31118770e-02 1.24056797e+04]
 [5.81766897e-03 8.42556765e+04]
 [5.27015238e-02 8.72989427e+03]
 [5.55456896e-02 8.60608774e+03]
 [2.92782595e-02 1.41405101e+04]
 [4.07066915e-02 1.00991351e+04]
 [2.77525628e-02 1.46030264e+04]
 [3.14986385e-02 1.32939396e+04]
 [3.23452077e-02 1.24866393e+04]
 [5.92147078e-03 8.21621965e+04]
 [4.85087070e-02 8.85177474e+03]
 [1.31848686e-02 3.30313100e+04]
 [1.79370873e-02 2.56692473e+04]
 [6.52083816e-03 8.14505119e+04]
 [8.40730542e-03 5.76917568e+04]
 [3.47402147e-02 1.16191695e+04]
 [9.57779645e-03 4.47932402e+04]
 [1.77811087e-02 2.56963156e+04]
 [2.00807287e-02 2.10232428e+04]
 [2.34808490e-02 1.94571194e+04]
 [3.68525323e-02 1.12986494e+04]
 [1.42875187e-02 3.15216629e+04]
 [6.66858473e-03 7.50269746e+04]
 [2.22964630e-02 2.04080365e+04]
 [9.20324785e-03 4.72045628e+04]
 [1.52009030e-02 2.84761086e+04]
 [2.51777480e-02 1.72992015e+04]
 [2.25004981e-02 2.04069739e+04]
 [4.33699206e-02 9.37941959e+03]
 [2.94164406e-02 1.36514753e+04]
 [1.68395301e-02 2.61846660e+04]
 [1.30933042e-02 3.37590464e+04]
 [1.43623874e-02 3.02500697e+04]
 [3.80580563e-02 1.05606911e+04]
 [3.08798065e-02 1.33529564e+04]
 [7.64603129e-02 8.51843816e+03]
 [4.59100038e-02 8.96196397e+03]
 [3.15145677e-02 1.30232688e+04]
 [6.81772713e-03 7.22297077e+04]
 [7.32925396e-03 5.84636007e+04]
 [3.45467364e-02 1.17639970e+04]
 [1.09660198e-02 3.70599535e+04]]
