[[1.86260211e-03 3.45560727e-03 1.79353495e+00]
 [3.81016124e-03 7.49858311e-03 2.02228296e+00]
 [4.28768775e-03 8.24009870e-03 2.25299232e+00]
 [2.74119775e-03 5.60529991e-03 2.34345957e+00]
 [4.44117107e-03 8.28135361e-03 1.85269631e+00]
 [4.32981507e-03 9.09311989e-03 2.21095800e+00]
 [1.15103041e-03 2.27001165e-03 2.19196477e+00]
 [3.93884008e-03 6.88955048e-03 1.80800322e+00]
 [3.72748802e-03 7.10354578e-03 1.91128685e+00]
 [6.05212895e-03 9.90406197e-03 2.54783250e+00]
 [1.01581476e-03 2.25806922e-03 2.94264094e+00]
 [4.06288428e-03 7.43749196e-03 1.57597376e+00]
 [4.79737567e-03 9.46676679e-03 2.10686741e+00]
 [8.48018217e-04 2.02463036e-03 2.70847595e+00]
 [2.31462936e-03 4.26821349e-03 1.49622293e+00]
 [9.04097157e-04 1.28975984e-03 1.21052505e+00]
 [4.93963846e-04 1.50455028e-03 1.79070095e+00]
 [2.37214058e-03 5.39490891e-03 2.49856157e+00]
 [1.32906238e-03 2.83462432e-03 2.60128235e+00]
 [1.08067485e-03 1.91272052e-03 1.77409247e+00]
 [2.78504172e-03 6.14781891e-03 2.33033671e+00]
 [1.55528584e-03 3.17817550e-03 1.68796635e+00]
 [6.56219990e-04 1.80729214e-03 2.38861388e+00]
 [1.50739659e-03 2.43763977e-03 2.09336914e+00]
 [1.84748152e-03 4.30973654e-03 2.74649084e+00]
 [1.54124668e-03 3.17817550e-03 1.68796635e+00]
 [4.43996501e-03 9.48637611e-03 2.11318332e+00]
 [7.51343465e-04 2.10770942e-03 2.00564877e+00]
 [1.84748152e-03 4.30973654e-03 2.73430435e+00]
 [1.32556459e-03 2.36164804e-03 2.59271885e+00]
 [1.26329519e-03 1.90736660e-03 1.89956665e+00]
 [3.34765986e-03 6.20468201e-03 1.64657871e+00]
 [3.64523448e-03 7.33366094e-03 2.03786320e+00]
 [6.30959200e-03 9.82011595e-03 2.94189274e+00]
 [2.51401184e-03 5.09898378e-03 2.07663213e+00]
 [4.44117107e-03 8.28135361e-03 1.83707061e+00]
 [2.40427199e-03 5.61129682e-03 2.49476547e+00]
 [4.88787886e-03 9.85645776e-03 2.10668790e+00]
 [4.89564961e-03 9.09619263e-03 1.66420517e+00]
 [2.90738834e-03 6.59520096e-03 2.03644335e+00]
 [2.37214058e-03 5.29352741e-03 2.49856157e+00]
 [4.25913995e-03 9.84521895e-03 2.64634171e+00]
 [2.37255841e-03 4.00879540e-03 1.34953175e+00]
 [7.72166079e-04 1.61628585e-03 2.68933446e+00]
 [5.05212089e-04 1.26713384e-03 2.75060386e+00]
 [2.74119775e-03 5.60529991e-03 2.40498514e+00]
 [4.38185438e-03 9.89783641e-03 2.50966586e+00]
 [1.15103041e-03 2.97996373e-03 2.01492175e+00]
 [4.32981507e-03 8.75888144e-03 2.21095800e+00]
 [2.29735694e-03 4.40547110e-03 1.85964795e+00]
 [1.89418022e-03 3.44341014e-03 2.20005975e+00]
 [3.88266768e-03 7.39339856e-03 1.98927725e+00]
 [3.20986375e-03 5.16692035e-03 1.40564518e+00]
 [4.86608790e-03 9.42356833e-03 1.75601934e+00]
 [3.00545183e-03 6.83323483e-03 2.23999797e+00]
 [2.75593214e-03 6.06671111e-03 2.45584389e+00]
 [1.85289239e-03 4.41691082e-03 1.99898524e+00]
 [3.21890342e-03 7.71849597e-03 2.50124864e+00]
 [8.50177178e-04 1.50455028e-03 1.79070095e+00]
 [1.55243469e-03 3.17817550e-03 1.83342254e+00]
 [1.21868413e-03 2.06454059e-03 1.15237762e+00]
 [4.61799410e-03 9.72558344e-03 2.16938323e+00]
 [3.08335729e-03 6.85716438e-03 2.40862680e+00]
 [2.00506740e-03 4.95112363e-03 2.23511046e+00]]
