[[3.60699608e+01 1.65566552e+01]
 [7.76812641e+00 3.22621992e+01]
 [2.61940879e+01 2.05456462e+01]
 [3.44753316e+01 1.71025222e+01]
 [2.86511655e+01 1.95368564e+01]
 [3.38364045e+00 3.78835185e+01]
 [7.01718697e+00 3.32064912e+01]
 [2.06701379e+01 2.30235463e+01]
 [8.35413583e+01 6.42080819e+00]
 [6.42545421e-02 4.82357273e+01]
 [5.60857909e+01 1.11194220e+01]
 [6.81555654e+01 8.66305532e+00]
 [8.89085385e-01 4.35860832e+01]
 [6.14466549e-01 4.47011988e+01]
 [1.45298019e+01 2.68269711e+01]
 [5.83176055e+01 1.06016468e+01]
 [7.04643053e+01 8.30666886e+00]
 [7.07409588e+00 3.29968040e+01]
 [6.16784942e+01 9.95395502e+00]
 [5.10129214e+01 1.23026655e+01]
 [4.83307391e+01 1.30055861e+01]
 [3.09838326e+01 1.84529702e+01]
 [9.65869014e+01 5.29510110e+00]
 [1.93888691e-01 4.71300901e+01]
 [3.56757064e+01 1.67682477e+01]
 [3.01435576e+00 3.87437753e+01]
 [1.17329489e+02 4.34324222e+00]
 [4.66951383e+00 3.58988353e+01]
 [5.69893656e+01 1.08917859e+01]
 [2.62542348e+00 3.94629533e+01]
 [6.83382844e+01 8.64617576e+00]
 [4.34026601e+01 1.43443386e+01]
 [2.13531304e+01 2.26859973e+01]
 [5.00504672e+01 1.25116603e+01]
 [1.88251444e+01 2.41843976e+01]
 [5.13824242e-01 4.54694508e+01]
 [4.03239394e+00 3.69383522e+01]
 [2.38404433e+01 2.15314788e+01]
 [4.75859928e+01 1.32989730e+01]
 [8.64919865e+01 6.15676129e+00]
 [3.36542071e+01 1.74010150e+01]
 [3.20537255e+00 3.81544643e+01]
 [4.94481916e+00 3.56141364e+01]
 [2.83518875e+01 1.95538827e+01]
 [1.27649019e+01 2.80997480e+01]
 [2.40538698e+01 2.14695150e+01]
 [6.48609556e+01 9.26874806e+00]
 [5.05834735e+01 1.23675360e+01]
 [3.43372301e+01 1.71514592e+01]
 [1.93779981e+01 2.37564183e+01]
 [5.01455835e+01 1.24796289e+01]
 [6.33070848e+01 9.61319687e+00]
 [5.40210633e+01 1.15365319e+01]
 [6.83013424e+00 3.33587758e+01]
 [3.12500802e+01 1.84325539e+01]
 [6.43486652e+01 9.37801384e+00]
 [1.20306667e+01 2.85309140e+01]
 [7.44505565e+01 7.63696884e+00]
 [5.89411434e+01 1.05818184e+01]
 [4.67329773e+01 1.33736789e+01]
 [3.01727971e+01 1.87087766e+01]
 [1.34130912e+00 4.22112876e+01]
 [2.15113580e+01 2.25891640e+01]
 [7.93024178e+01 7.29668767e+00]
 [3.35921562e-01 4.59875418e+01]
 [5.79757966e+01 1.06536827e+01]
 [4.76391019e+01 1.32669915e+01]
 [9.12935351e+00 3.13889598e+01]
 [2.15758789e+01 2.25489721e+01]
 [2.66596827e+01 2.02184574e+01]
 [2.58182713e+01 2.08055238e+01]
 [7.79711709e+00 3.22085453e+01]
 [4.45625951e+01 1.40918550e+01]
 [6.96871304e+01 8.40558730e+00]
 [2.47211051e+01 2.10275627e+01]
 [3.79945778e+01 1.59323796e+01]
 [1.31969028e+01 2.76972815e+01]
 [1.05494764e+01 2.98658082e+01]
 [2.77386830e+00 3.89277638e+01]
 [4.67663491e+01 1.33526234e+01]
 [4.21620745e+01 1.46265005e+01]
 [3.75361146e+00 3.72747338e+01]
 [5.38580768e+01 1.16485177e+01]
 [6.96135576e+01 8.42397176e+00]
 [3.26021873e+01 1.77876950e+01]
 [8.02485554e+01 7.11869063e+00]
 [3.27101692e+01 1.77589149e+01]
 [6.91123586e+01 8.55038487e+00]
 [7.01730799e+01 8.31113849e+00]
 [3.91416147e+01 1.55467138e+01]
 [1.79816284e+01 2.45904349e+01]
 [5.32432904e+01 1.18283137e+01]
 [1.14352050e+02 4.60422727e+00]
 [6.91922583e-01 4.44418788e+01]
 [7.19408245e+01 8.01237546e+00]
 [2.02291111e+00 4.05086490e+01]
 [2.62728519e-01 4.64450476e+01]
 [4.13293070e+00 3.68514178e+01]
 [5.34718436e+01 1.16612434e+01]
 [4.50652135e+01 1.38072019e+01]
 [1.21033246e+01 2.84498708e+01]
 [1.02984042e+00 4.31941739e+01]
 [4.28413418e+00 3.64353428e+01]
 [6.06772742e+01 1.00926354e+01]
 [5.17815690e+01 1.20756660e+01]
 [5.00753781e+01 1.24841183e+01]
 [3.64208919e+01 1.64783257e+01]
 [2.05031630e+01 2.31204647e+01]
 [5.52778958e+01 1.14322952e+01]
 [2.08699861e+01 2.29201545e+01]
 [1.19158618e+01 2.86011782e+01]
 [3.60147008e+01 1.66956781e+01]
 [1.41624463e+00 4.19642958e+01]
 [2.18207191e+00 4.01005677e+01]
 [1.11394377e+02 4.68970831e+00]
 [7.09630621e+01 8.18251721e+00]
 [7.32905725e+01 7.80331402e+00]
 [4.81591284e+01 1.31756947e+01]
 [6.39186693e+01 9.46243930e+00]
 [2.99171409e+01 1.88154538e+01]
 [5.50142592e-01 4.53919096e+01]
 [5.68011641e+00 3.48922452e+01]
 [5.79406439e+01 1.06615388e+01]
 [6.17388396e+01 9.88386160e+00]
 [2.76710956e+01 1.97216465e+01]
 [3.78735500e+01 1.60826086e+01]
 [3.39703682e+01 1.72797952e+01]
 [3.11710112e+01 1.84462971e+01]
 [1.14221603e+01 2.90338290e+01]
 [7.29884071e+01 7.85652240e+00]
 [6.65957702e+00 3.35761655e+01]
 [6.60622646e+01 9.04404406e+00]
 [7.26387335e+00 3.28149341e+01]
 [1.89935255e+01 2.39542084e+01]
 [1.87070036e+00 4.11537541e+01]
 [8.98290597e+01 5.87262957e+00]
 [1.59957415e+00 4.15930845e+01]
 [4.90219390e+01 1.27469474e+01]
 [3.07163213e+01 1.85980647e+01]
 [4.64265309e+01 1.34264990e+01]
 [1.51849824e+01 2.62457580e+01]
 [1.42757879e+01 2.68825864e+01]
 [3.72009529e+01 1.61897965e+01]
 [3.17354115e+01 1.81485282e+01]
 [2.43779936e+00 3.95935045e+01]
 [9.15401703e+00 3.10240831e+01]
 [1.75210694e+01 2.48550859e+01]
 [4.90329696e+01 1.27447142e+01]
 [3.98748676e+01 1.53214381e+01]
 [5.05675235e+00 3.54073223e+01]
 [1.39730904e+01 2.73822381e+01]
 [7.92591256e+00 3.20759247e+01]
 [4.14497823e+01 1.48385144e+01]
 [4.82223931e+01 1.30942588e+01]
 [4.28508637e+01 1.44752980e+01]
 [3.79642675e+01 1.60486930e+01]
 [3.15691010e+01 1.82067529e+01]
 [3.22447793e+01 1.79948701e+01]
 [8.49153904e+01 6.29937427e+00]
 [7.77052835e-01 4.40130615e+01]
 [9.33899079e+01 5.60044114e+00]
 [1.62928581e+01 2.55324298e+01]
 [1.84741980e+01 2.43343181e+01]
 [3.87879008e+01 1.57459037e+01]
 [4.48266125e+01 1.38760734e+01]
 [3.68876682e+01 1.62810484e+01]
 [5.12333735e+01 1.22695709e+01]
 [4.98856027e+01 1.26258827e+01]
 [6.39469520e+01 9.44282440e+00]
 [2.72206450e+01 1.99713468e+01]
 [1.53126962e+00 4.16429655e+01]
 [5.68984683e+01 1.08929197e+01]
 [2.21274669e+01 2.22998921e+01]
 [2.84363870e+00 3.88763356e+01]
 [6.08449140e+01 1.00553281e+01]
 [6.14743114e+01 9.96046765e+00]
 [4.85545558e+00 3.57049546e+01]
 [9.49439631e-03 4.93459938e+01]
 [8.21343120e+00 3.18852995e+01]
 [3.15271716e+01 1.82514136e+01]
 [3.50881118e+01 1.70924049e+01]
 [4.38640407e+01 1.41380113e+01]
 [3.54085642e-01 4.58882790e+01]
 [2.75576101e+00 3.91377180e+01]
 [2.37320637e+01 2.16371087e+01]
 [9.96908795e+01 5.18937208e+00]
 [6.24139818e+01 9.77068021e+00]
 [3.33210693e+01 1.77158370e+01]
 [4.32725079e-02 4.87106033e+01]
 [1.42848376e+01 2.68759485e+01]
 [2.97585851e+01 1.90074721e+01]
 [7.28252909e+00 3.27388335e+01]
 [8.60847607e+00 3.15022392e+01]
 [3.10310717e+00 3.83199880e+01]
 [6.49677161e+01 9.24739610e+00]
 [3.07483964e+01 1.84784045e+01]
 [4.76160952e+01 1.32854627e+01]
 [5.64611983e+01 1.10962278e+01]
 [8.30715438e+01 6.47377660e+00]
 [7.91218350e+00 3.21419364e+01]
 [2.94350474e+01 1.90094105e+01]
 [5.95828644e+01 1.03530201e+01]
 [5.98217287e+00 3.43413304e+01]
 [4.38065065e+01 1.43335166e+01]
 [4.87725494e+01 1.29062625e+01]
 [7.66777647e+00 3.26110043e+01]
 [1.03593708e+01 3.02924111e+01]
 [4.98406566e+01 1.26489485e+01]
 [5.07793190e+00 3.53372641e+01]
 [1.09717545e+01 2.93825731e+01]
 [2.23970129e+01 2.21356374e+01]
 [9.94069755e+01 5.25221658e+00]
 [7.60239382e+01 7.37616094e+00]
 [5.90561479e+01 1.04596231e+01]
 [7.42546910e+01 7.68563852e+00]
 [6.66769541e+01 8.96049171e+00]
 [3.33852342e+01 1.74903405e+01]
 [1.02442153e+01 3.05922810e+01]
 [8.22823875e+01 7.01407598e+00]
 [6.69448806e+01 8.88570528e+00]
 [1.80662819e+01 2.44613874e+01]
 [2.67593842e+01 2.01934662e+01]
 [8.00159082e+01 7.18537006e+00]
 [1.29439588e+01 2.78638164e+01]
 [1.11235523e+01 2.92526834e+01]
 [5.26200223e+01 1.19363589e+01]
 [1.16833935e+01 2.88982436e+01]
 [3.52524532e+01 1.68364075e+01]
 [5.99296690e+01 1.02487261e+01]
 [4.04385078e+01 1.51633797e+01]
 [1.40560179e-01 4.75798091e+01]
 [5.15810619e+01 1.21567375e+01]
 [3.24225341e+01 1.78868063e+01]
 [2.29731088e+01 2.19396110e+01]
 [3.59631894e+00 3.75050373e+01]
 [2.91958305e+01 1.91211539e+01]
 [8.98505208e+01 5.87191442e+00]
 [1.04416210e+01 2.98678235e+01]
 [1.47056476e+01 2.66738423e+01]
 [1.08606427e+01 2.95105120e+01]
 [1.17299212e+02 4.40171882e+00]
 [1.74130300e+00 4.12196024e+01]
 [6.94781750e+01 8.45706839e+00]
 [6.94220899e+01 8.45858286e+00]
 [2.01363289e+01 2.33752783e+01]
 [5.02739543e+01 1.24322057e+01]
 [4.64827272e+01 1.34113868e+01]
 [4.24036765e+00 3.64998446e+01]
 [1.68183690e+01 2.52093013e+01]
 [4.62464083e+00 3.59747539e+01]
 [2.57645564e+01 2.08352366e+01]
 [4.54596475e-01 4.54786549e+01]
 [2.32903186e+01 2.17730916e+01]
 [3.85208970e+01 1.57777982e+01]
 [3.12951351e+01 1.83054082e+01]
 [1.01989652e+02 4.88969060e+00]
 [4.59816894e+00 3.59902798e+01]
 [4.31523781e+01 1.43480969e+01]
 [7.57049534e+01 7.44441021e+00]
 [1.72264780e+01 2.50127243e+01]
 [2.40012340e-01 4.67996708e+01]
 [9.56179122e+00 3.08369892e+01]]
