[[2.08511002 2.16097348]
 [0.93130106 1.03668218]
 [2.09597257 2.0556585 ]
 [0.70193469 0.59430447]
 [1.05814058 0.79663998]
 [1.63322451 1.58117431]
 [3.45448459 2.99196855]
 [0.09940067 0.07863296]
 [2.76410989 2.52609268]
 [2.92879636 2.90878724]
 [0.29958845 0.36403037]
 [0.22275939 0.32248239]
 [3.08389179 2.84704896]
 [1.95003857 1.457972  ]
 [0.88098128 0.99619072]
 [2.9100709  2.63649595]
 [0.99284944 1.28010303]
 [2.63857323 2.40648325]
 [2.59505814 2.31265173]
 [2.07924359 1.8500552 ]
 [4.33304137 2.84941797]
 [3.91374707 2.97141535]
 [1.23866451 0.78651925]
 [1.10716367 0.80121606]
 [0.09166321 0.20017499]
 [1.9742524  2.24081549]
 [0.72779116 0.47319021]
 [4.52904748 2.96986554]
 [0.73396187 0.79289245]
 [2.58633799 2.74921756]
 [2.85357926 2.99026028]
 [1.69354013 1.57168841]
 [2.42214223 2.57795342]
 [1.37059888 1.68158997]
 [0.13313942 0.33276111]
 [0.79916825 0.60780638]
 [1.85077089 1.59209232]
 [2.63951989 2.22023263]
 [2.01610236 2.27624079]
 [3.58464501 2.96197852]
 [2.00932962 2.09192406]
 [0.60383592 0.66085196]
 [0.69177345 0.87043339]
 [1.72849411 2.02491481]
 [1.10741028 1.40173747]
 [2.86636136 2.82828773]
 [2.45772575 2.57010749]
 [2.09289013 2.0503947 ]
 [1.47644397 1.63236415]
 [2.43960746 2.56606924]
 [2.92674229 2.69461514]
 [2.57087522 2.62599818]
 [0.80755385 1.02732192]
 [2.14018735 1.79780927]
 [2.8968027  2.77411254]
 [1.14602514 1.30165013]
 [3.154796   2.94277103]
 [2.49966186 2.33129469]
 [1.99609303 2.39088676]
 [1.90540746 1.97803481]
 [0.354592   0.45781196]
 [0.08287941 0.34138907]
 [1.60513157 1.67373598]
 [0.19864353 0.21100032]
 [2.69824555 2.6857811 ]
 [2.23317523 2.63110317]
 [1.64180695 1.64269281]
 [1.93002006 1.71462628]
 [4.37062968 2.85340686]
 [0.19929963 0.40437935]
 [0.967082   1.0069914 ]
 [3.01091827 2.89070126]
 [1.72839607 1.78687529]
 [2.24368629 2.1129402 ]
 [0.88339447 1.17329737]
 [1.17538818 1.38480624]
 [0.98916392 1.28799217]
 [0.61386065 0.56270968]
 [2.35248838 2.48140801]
 [1.93494617 1.47864262]
 [2.29978366 2.29161815]
 [0.63356692 0.73279999]
 [2.73227295 2.44932719]
 [3.02153422 2.87640755]
 [1.96942004 2.06686514]
 [1.95305249 2.08881025]
 [3.06556168 2.8072088 ]
 [2.98444262 2.93877052]
 [2.2050331  2.21883589]
 [0.35271022 0.22039996]
 [3.02606448 2.97121859]
 [0.4449911  0.55471677]
 [0.18931294 0.17275052]
 [0.82659245 0.59158904]
 [2.58099231 2.58967945]
 [2.32566972 2.42024043]
 [1.28330495 1.17429109]
 [0.28987907 0.41644955]
 [0.72892716 0.73464192]
 [2.78634115 2.72132717]
 [2.60156818 2.48540444]
 [2.52889693 2.47457569]
 [2.03144214 2.23124759]
 [1.55506534 1.64546727]
 [1.64573001 1.58400419]
 [1.15731468 1.28046405]
 [0.45204858 0.38692795]
 [0.52631263 0.51818239]
 [4.39533201 2.92055658]
 [3.02711004 2.92871479]
 [3.09559817 2.95633474]
 [2.66824538 2.21816336]
 [2.75997514 2.89174767]
 [1.98231345 1.8840697 ]
 [0.34892989 0.12563271]
 [2.68001287 2.70234934]
 [1.17760978 0.88780516]
 [2.82866073 2.7264241 ]
 [1.86249383 1.8571189 ]
 [2.33775027 2.00082763]
 [2.06835082 2.05292887]
 [2.12862206 1.80602352]
 [1.09576903 1.28640208]
 [3.09696083 2.94209711]
 [1.02461073 0.78426214]
 [2.85504381 2.8921084 ]
 [0.87666296 1.02344047]
 [1.48064962 1.59876768]
 [0.3354473  0.59594479]
 [1.36200425 1.79636675]
 [3.70982118 2.94864236]
 [2.08050386 1.5947504 ]
 [0.36257764 0.51810326]
 [2.47747491 2.47337883]
 [1.69770434 2.11349159]
 [0.66453119 0.8503873 ]
 [2.09974127 1.80836029]
 [2.40722949 2.41078388]
 [1.40096318 1.35408558]
 [1.3981059  1.27053016]
 [2.21751921 2.09352497]
 [1.89054293 2.08798953]
 [0.51409184 0.5875027 ]
 [0.94569187 1.18075024]
 [1.37237056 1.58014758]
 [2.48782192 2.46353089]
 [2.2022028  2.26252508]
 [0.7337369  0.85194968]
 [1.5109075  1.10019594]
 [1.00798317 0.98257217]
 [2.28852644 2.26386668]
 [2.63452673 2.26160721]
 [4.29305852 2.84262465]
 [1.37059888 1.47836652]
 [0.82694747 0.86968454]
 [0.04822677 0.09329123]
 [2.24977509 2.42024043]
 [2.70561804 2.57998456]
 [3.06286379 2.94323927]
 [1.87015533 1.74949159]
 [1.1683307  1.00163234]
 [1.48064962 1.51755971]
 [2.81334627 2.60148955]
 [3.67346612 2.93915788]
 [2.40722949 2.29878711]
 [2.81696893 2.82581388]
 [2.74090358 2.48744889]
 [1.50537622 1.86828071]
 [1.42857901 1.56013716]
 [0.7337369  0.71279462]
 [2.2170593  2.01730647]
 [4.772758   2.93600189]
 [1.68286165 1.62218443]
 [0.57027128 0.56460959]
 [3.1779064  2.93083745]
 [2.58099231 2.65481219]
 [1.9899532  1.97127577]
 [2.75643687 2.72132717]
 [0.05434388 0.04993915]
 [1.4296577  1.25378271]
 [2.76887464 2.94612381]
 [4.43794759 2.93099155]
 [2.49966186 2.29073626]
 [1.28330495 1.0586722 ]
 [3.58464501 2.96725917]
 [2.2224062  2.09352497]
 [2.6821124  2.44237993]
 [1.84526282 1.76651908]
 [2.51540198 1.98004567]
 [3.19990642 2.92336874]
 [2.72511294 2.54338624]
 [1.09237773 1.0273133 ]
 [3.87585692 2.87856105]
 [2.66824538 2.38442823]
 [1.46761013 1.53794924]
 [1.14267817 0.78651925]
 [1.57861727 1.52128664]
 [4.3274555  2.8477933 ]
 [2.00573813 1.96297601]
 [2.01610236 1.81724802]
 [2.32363566 1.95925314]
 [2.55430478 2.47097561]
 [1.86298698 2.0259732 ]
 [1.36730237 1.77416155]
 [2.34024777 2.22492672]
 [1.8771151  1.62125898]
 [1.25191141 1.40173747]
 [2.62700612 2.48629254]
 [3.16139356 2.96926089]
 [0.40308671 0.34189728]
 [2.26158124 2.52461464]
 [1.86220193 1.85238304]
 [0.63356692 0.64657122]
 [1.89330832 1.88514341]
 [0.52063367 0.50474847]
 [2.29978366 2.36547462]
 [1.78826722 1.66263222]
 [3.22180542 2.94878557]
 [0.99913358 1.3552811 ]
 [2.22609192 2.49720981]
 [1.79583144 2.0492231 ]
 [2.02800346 2.23124759]
 [0.29598732 0.34979816]
 [1.34840237 1.40740332]
 [0.71523969 0.93970144]
 [3.34366385 2.93908176]
 [2.83417075 2.51137684]
 [1.65827873 1.46773436]
 [3.02595781 2.82904588]
 [2.50987112 2.63701847]
 [2.23433982 2.13896694]
 [0.1345917  0.07863296]
 [0.20974691 0.17082096]
 [4.23684733 2.84953917]
 [4.37974496 2.89730959]
 [2.68001287 2.71706885]
 [2.75048609 2.76300574]
 [2.75237366 2.54119805]
 [2.50888595 2.27348052]
 [1.37108632 1.53074951]
 [0.97104385 1.32429381]
 [4.05314552 2.90766229]
 [2.62092807 2.51009117]
 [4.39959176 2.84953917]
 [1.70309807 1.95249377]
 [2.9731916  2.79118459]
 [3.9295582  2.89564657]
 [4.52904748 2.94191918]
 [3.48094835 2.88851121]
 [0.65498422 0.60520073]
 [2.32766936 2.32698509]
 [1.0960412  0.65492455]
 [2.96615296 2.73911199]
 [2.89093072 2.72082669]
 [0.38186741 0.22039996]
 [0.29810107 0.40088407]
 [0.6416981  0.41647863]
 [2.0572022  2.11599472]
 [1.41665168 1.2905338 ]
 [1.89226079 1.5915651 ]
 [2.25984965 2.3230194 ]
 [1.1515684  1.05803798]
 [2.21330374 2.23848042]
 [1.02747835 1.21799883]
 [3.40437068 2.85532708]
 [2.72078164 2.53298985]
 [1.25017972 0.97574782]
 [0.595934   0.76333892]
 [1.78333709 1.78314411]
 [1.18303925 0.83147648]
 [2.9744213  2.94391298]
 [2.40722949 2.52597017]
 [1.87376475 1.92030745]
 [1.12445738 1.37220517]
 [2.16439177 2.20051479]
 [2.96598873 2.93877052]
 [1.9250694  1.95650802]]
