[[2.08511002e+00 2.16097348e+00]
 [9.31301057e-01 1.03668218e+00]
 [2.09597257e+00 2.05565850e+00]
 [7.01934693e-01 5.94304467e-01]
 [1.05814058e+00 7.96639978e-01]
 [1.63322451e+00 1.58117431e+00]
 [3.45448459e+00 2.99196855e+00]
 [9.94006692e-02 7.86329606e-02]
 [2.76410989e+00 2.52609268e+00]
 [2.92879636e+00 2.90878724e+00]
 [2.99588448e-01 3.64030367e-01]
 [2.22759393e-01 3.22482387e-01]
 [1.19923880e+00 1.48130914e+00]
 [3.09977859e+00 2.48694270e+00]
 [2.62335155e+00 2.77442391e+00]
 [3.08389179e+00 2.84704896e+00]
 [1.95003857e+00 1.45797200e+00]
 [8.80981278e-01 9.96190723e-01]
 [2.91007090e+00 2.63649595e+00]
 [9.92849442e-01 1.28010303e+00]
 [2.63857323e+00 2.40648325e+00]
 [2.07924359e+00 1.85005520e+00]
 [4.33304137e+00 2.84941797e+00]
 [3.91374707e+00 2.97141535e+00]
 [9.16632146e-02 2.00174993e-01]
 [1.97425240e+00 2.24081549e+00]
 [7.27791156e-01 4.73190210e-01]
 [4.52904748e+00 2.96986554e+00]
 [7.33961867e-01 7.92892448e-01]
 [2.58633799e+00 2.74921756e+00]
 [4.37411048e-01 6.81929209e-01]
 [2.85357926e+00 2.99026028e+00]
 [2.46035901e+00 2.19027363e+00]
 [1.69354013e+00 1.57168841e+00]
 [2.42214223e+00 2.57795342e+00]
 [1.37059888e+00 1.68158997e+00]
 [1.33139423e-01 3.32761107e-01]
 [4.02647636e-01 6.95106931e-01]
 [2.17652979e+00 2.77036865e+00]
 [7.99168252e-01 6.07806376e-01]
 [1.85077089e+00 1.59209232e+00]
 [2.63951989e+00 2.22023263e+00]
 [2.01610236e+00 2.27624079e+00]
 [3.58464501e+00 2.96197852e+00]
 [1.87437972e+00 2.31096758e+00]
 [2.00932962e+00 2.09192406e+00]
 [6.03835922e-01 6.60851963e-01]
 [6.91773449e-01 8.70433389e-01]
 [1.72849411e+00 2.02491481e+00]
 [1.10741028e+00 1.40173747e+00]
 [1.57382844e+00 1.88056681e+00]
 [2.86636136e+00 2.82828773e+00]
 [2.45772575e+00 2.57010749e+00]
 [2.09289013e+00 2.05039470e+00]
 [1.47644397e+00 1.63236415e+00]
 [2.43960746e+00 2.56606924e+00]
 [2.92674229e+00 2.69461514e+00]
 [2.57087522e+00 2.62599818e+00]
 [9.19767208e-01 1.38851736e+00]
 [8.07553852e-01 1.02732192e+00]
 [2.14018735e+00 1.79780927e+00]
 [2.89680270e+00 2.77411254e+00]
 [2.64972713e-01 5.98486638e-01]
 [1.14602514e+00 1.30165013e+00]
 [3.15479600e+00 2.94277103e+00]
 [2.51754755e+00 2.89779920e+00]
 [2.49966186e+00 2.33129469e+00]
 [1.99609303e+00 2.39088676e+00]
 [1.90540746e+00 1.97803481e+00]
 [3.54592002e-01 4.57811961e-01]
 [1.60513157e+00 1.67373598e+00]
 [3.49811591e+00 2.75477577e+00]
 [1.98643533e-01 2.11000325e-01]
 [2.69824555e+00 2.68578110e+00]
 [2.23317523e+00 2.63110317e+00]
 [1.26790875e+00 8.21429112e-01]
 [1.64180695e+00 1.64269281e+00]
 [1.93002006e+00 1.71462628e+00]
 [4.37062968e+00 2.85340686e+00]
 [1.55851459e+00 2.00638982e+00]
 [9.67081995e-01 1.00699140e+00]
 [2.16177797e+00 2.54310140e+00]
 [1.24145364e+00 8.85235726e-01]
 [1.13500583e+00 1.78794716e+00]
 [3.01091827e+00 2.89070126e+00]
 [1.72839607e+00 1.78687529e+00]
 [1.52644150e+00 1.11496373e+00]
 [2.24368629e+00 2.11294020e+00]
 [1.17538818e+00 1.38480624e+00]
 [1.00363744e+00 1.58863983e+00]
 [1.64922281e+00 2.04922310e+00]
 [9.89163923e-01 1.28799217e+00]
 [6.13860647e-01 5.62709678e-01]
 [2.35248838e+00 2.48140801e+00]
 [1.93494617e+00 1.47864262e+00]
 [2.29978366e+00 2.29161815e+00]
 [6.33566919e-01 7.32799990e-01]
 [3.02153422e+00 2.87640755e+00]
 [1.96942004e+00 2.06686514e+00]
 [3.50266536e+00 2.79167946e+00]
 [1.95305249e+00 2.08881025e+00]
 [2.98444262e+00 2.93877052e+00]
 [2.20503310e+00 2.21883589e+00]
 [1.38600052e+00 1.60449670e+00]
 [2.74526722e+00 2.40298367e+00]
 [4.48021746e+00 2.91816106e+00]
 [3.52710224e-01 2.20399963e-01]
 [3.02606448e+00 2.97121859e+00]
 [4.44991104e-01 5.54716771e-01]
 [4.00329829e+00 2.79960701e+00]
 [1.89312939e-01 1.72750517e-01]
 [8.26592452e-01 5.91589039e-01]
 [2.58099231e+00 2.58967945e+00]
 [1.39164065e+00 1.91992371e+00]
 [2.32566972e+00 2.42024043e+00]
 [1.28330495e+00 1.17429109e+00]
 [2.89879067e-01 4.16449554e-01]
 [7.28927156e-01 7.34641916e-01]
 [2.78634115e+00 2.72132717e+00]
 [2.60156818e+00 2.48540444e+00]
 [2.52889693e+00 2.47457569e+00]
 [2.03144214e+00 2.23124759e+00]
 [1.43993440e+00 9.43251667e-01]
 [1.55506534e+00 1.64546727e+00]
 [3.52963683e+00 2.68481856e+00]
 [1.64573001e+00 1.58400419e+00]
 [1.15731468e+00 1.28046405e+00]
 [1.95132352e+00 2.27947619e+00]
 [4.52048578e-01 3.86927952e-01]
 [5.26312633e-01 5.18182390e-01]
 [4.39533201e+00 2.92055658e+00]
 [3.02711004e+00 2.92871479e+00]
 [3.09559817e+00 2.95633474e+00]
 [2.75997514e+00 2.89174767e+00]
 [1.98231345e+00 1.88406970e+00]
 [3.48929893e-01 1.25632711e-01]
 [1.70487080e+00 1.89486224e+00]
 [4.23027300e+00 2.88178415e+00]
 [1.84717303e+00 2.02655933e+00]
 [1.87413075e+00 2.11602512e+00]
 [4.36534074e+00 2.90952812e+00]
 [1.54292957e+00 1.19019285e+00]
 [1.31968658e+00 9.14981928e-01]
 [7.88614694e-01 7.32799990e-01]
 [2.94495418e+00 2.81295699e+00]
 [3.64836862e+00 2.86265273e+00]
 [3.18022753e+00 2.94277103e+00]
 [2.41064813e+00 2.50162271e+00]
 [6.24112716e-01 8.60682348e-01]
 [2.84821997e-01 6.45187992e-01]
 [1.29328515e+00 9.32608412e-01]
 [3.04260530e+00 2.40204930e+00]
 [2.48369924e+00 2.74921756e+00]
 [3.08769933e+00 2.71830319e+00]
 [2.89680270e+00 2.97905881e+00]
 [2.86240523e+00 2.82828773e+00]
 [2.77671415e+00 2.47572565e+00]
 [1.62286329e+00 1.86387643e+00]
 [9.31629603e-01 1.13603778e+00]
 [2.31480471e+00 2.58336926e+00]
 [4.35071656e+00 2.84625685e+00]
 [1.07998639e+00 1.26951263e+00]
 [1.23036462e+00 1.66205947e+00]
 [2.08955349e+00 2.45212311e+00]
 [4.37411048e-01 6.50187584e-01]
 [2.75997514e+00 2.72246672e+00]
 [2.49683650e+00 2.19027363e+00]
 [1.18898461e+00 1.35656195e+00]
 [1.63591786e+00 1.58699282e+00]
 [1.00440774e+00 1.04319951e+00]
 [2.40612792e+00 2.34559219e+00]
 [1.03468998e+00 8.87967333e-01]
 [2.41363637e+00 1.91051930e+00]
 [1.47346021e+00 1.60653005e+00]
 [2.56190497e-01 3.86927952e-01]
 [3.15052409e+00 2.86346521e+00]
 [2.91284156e+00 2.91888258e+00]
 [2.77814232e+00 2.72890657e+00]
 [2.16490753e+00 1.79127095e+00]
 [3.57923153e+00 2.99136116e+00]
 [9.94006692e-02 9.50693491e-02]
 [1.93605644e+00 1.82998197e+00]
 [3.46804506e+00 2.80862164e+00]
 [2.63951989e+00 2.23148274e+00]
 [6.02549077e-01 2.52849154e-01]
 [1.45831873e+00 1.58510051e+00]
 [4.54986112e+00 2.92650871e+00]
 [2.92257141e+00 2.96735314e+00]
 [2.75407963e+00 2.40306908e+00]
 [2.54722496e+00 2.25492121e+00]
 [2.45044640e+00 2.80589032e+00]
 [2.61069606e+00 2.71782383e+00]
 [7.58624355e-01 9.61956237e-01]
 [3.90714867e+00 2.79828869e+00]
 [2.88517559e+00 2.85782568e+00]
 [2.55573535e+00 2.54941204e+00]
 [2.27772608e+00 2.09666135e+00]
 [1.87580283e+00 2.23600329e+00]
 [1.92844319e+00 1.88492711e+00]
 [4.92191725e+00 2.97928359e+00]
 [3.07752130e+00 2.90965963e+00]
 [8.55454836e-01 8.37551037e-01]
 [2.22836478e+00 1.89380777e+00]
 [4.02472061e+00 2.80882396e+00]
 [2.41408808e+00 2.04911690e+00]
 [1.74704776e+00 1.78687529e+00]
 [1.72135115e+00 1.63117417e+00]
 [2.83468096e+00 2.68765865e+00]
 [2.01640647e+00 1.99063500e+00]
 [1.92846036e+00 2.24250055e+00]
 [4.01661909e+00 2.94277103e+00]
 [1.01135408e+00 1.04329758e+00]
 [1.44785974e+00 1.37884520e+00]
 [2.45693946e+00 1.99681868e+00]
 [1.66393828e+00 1.87419752e+00]
 [1.41134919e+00 1.65440651e+00]
 [1.51842161e+00 1.20611702e+00]
 [2.99588448e-01 3.25672714e-01]
 [2.75424614e+00 2.92891325e+00]
 [1.44760982e+00 1.30602967e+00]
 [5.05342906e-01 2.12821908e-01]
 [1.15913936e+00 5.87795839e-01]
 [2.77333655e+00 2.71378743e+00]
 [1.55957804e-03 7.83738400e-02]
 [2.38792515e+00 2.17433328e+00]
 [2.58939556e+00 2.23119922e+00]
 [2.84910092e+00 2.83752071e+00]
 [1.47425395e-01 2.77835978e-01]
 [6.02004384e-01 4.59219094e-01]
 [2.70510174e+00 2.47450061e+00]]
