[[1.52610864e-02 2.65060857e+04]
 [1.69870331e-02 2.59225653e+04]
 [3.93752889e-02 1.06532184e+04]
 [3.39946541e-02 1.19017793e+04]
 [2.69897406e-02 1.55173060e+04]
 [3.69601535e-02 1.15706902e+04]
 [3.70128177e-02 1.09776149e+04]
 [4.18541489e-02 9.65590185e+03]
 [1.07192317e-02 3.87363394e+04]
 [6.65579178e-03 8.01334124e+04]
 [2.36734457e-02 1.87026776e+04]
 [3.15247391e-02 1.32695640e+04]
 [3.18475519e-02 1.27103137e+04]
 [5.58102404e-02 8.67738208e+03]
 [2.37449270e-02 1.84067872e+04]
 [3.13492445e-02 1.34289154e+04]
 [4.37664957e-02 9.35419140e+03]
 [9.94202140e-03 4.21205463e+04]
 [1.75662574e-02 2.46631743e+04]
 [5.80348224e-03 8.04541568e+04]
 [5.25064956e-03 9.90916651e+04]
 [3.07168005e-02 1.42185288e+04]
 [2.57065886e-02 1.59723699e+04]
 [2.40249579e-02 1.80470326e+04]
 [8.62407872e-03 4.80120660e+04]
 [2.84826754e-02 1.42657777e+04]
 [1.29877897e-02 3.30752248e+04]
 [1.24606059e-02 3.63709236e+04]
 [2.15610606e-02 1.97547574e+04]
 [2.00856849e-02 2.06869885e+04]
 [3.56085010e-02 1.16295266e+04]
 [2.07522829e-02 2.05724108e+04]
 [3.97959865e-02 1.02540708e+04]
 [2.26753111e-02 1.89846451e+04]
 [7.20580814e-03 6.09012681e+04]
 [5.30404150e-02 8.67812624e+03]
 [7.13228430e-02 8.60943878e+03]
 [4.44961282e-02 9.00682551e+03]
 [7.31648501e-03 5.97872593e+04]
 [3.49807642e-02 1.16340432e+04]
 [8.00177098e-03 5.47116613e+04]
 [1.92737741e-02 2.14716629e+04]
 [4.22279139e-02 9.54843223e+03]
 [1.76777662e-02 2.41045671e+04]
 [1.41935393e-02 3.01928760e+04]
 [4.03002113e-02 9.94269453e+03]
 [3.10010209e-02 1.39409442e+04]
 [3.89223969e-02 1.06837186e+04]
 [2.55866248e-02 1.66634668e+04]
 [7.55369908e-03 5.94455362e+04]
 [3.27802510e-02 1.22379763e+04]
 [4.94612253e-02 8.72423516e+03]
 [3.11914809e-02 1.38687768e+04]
 [1.92570596e-02 2.18456632e+04]
 [1.19970563e-02 3.69103778e+04]
 [2.38501922e-02 1.82735452e+04]
 [2.49799563e-02 1.69136166e+04]
 [1.27082775e-02 3.45197633e+04]
 [1.42936376e-02 3.00463553e+04]
 [7.80661066e-03 5.73791491e+04]
 [6.72452933e-03 6.42365742e+04]
 [4.66359982e-02 8.86526745e+03]
 [3.20713627e-02 1.25878803e+04]
 [4.75756796e-02 8.85399283e+03]
 [3.16626371e-02 1.29160310e+04]]
