[[3.60699608e+01 1.65566552e+01]
 [7.76812641e+00 3.22621992e+01]
 [2.61940879e+01 2.05456462e+01]
 [3.44753316e+01 1.71025222e+01]
 [2.86511655e+01 1.95368564e+01]
 [3.38364045e+00 3.78835185e+01]
 [7.01718697e+00 3.32064912e+01]
 [2.06701379e+01 2.30235463e+01]
 [8.35413583e+01 6.42080819e+00]
 [6.42545421e-02 4.82357273e+01]
 [5.60857909e+01 1.11194220e+01]
 [6.81555654e+01 8.66305532e+00]
 [8.89085385e-01 4.35860832e+01]
 [6.14466549e-01 4.47011988e+01]
 [1.59864835e+01 2.67843790e+01]
 [1.45298019e+01 2.68269711e+01]
 [5.83176055e+01 1.06016468e+01]
 [7.04643053e+01 8.30666886e+00]
 [2.37133311e+01 2.18482271e+01]
 [7.07409588e+00 3.29968040e+01]
 [1.04976551e+01 2.98948891e+01]
 [5.10129214e+01 1.23026655e+01]
 [4.83307391e+01 1.30055861e+01]
 [3.09838326e+01 1.84529702e+01]
 [1.07577721e+02 5.06983686e+00]
 [9.65869014e+01 5.29510110e+00]
 [3.17043014e+01 1.83835391e+01]
 [1.93888691e-01 4.71300901e+01]
 [3.56757064e+01 1.67682477e+01]
 [3.01435576e+00 3.87437753e+01]
 [1.17329489e+02 4.34324222e+00]
 [4.66951383e+00 3.58988353e+01]
 [5.69893656e+01 1.08917859e+01]
 [2.62542348e+00 3.94629533e+01]
 [6.83382844e+01 8.64617576e+00]
 [4.34026601e+01 1.43443386e+01]
 [2.13531304e+01 2.26859973e+01]
 [5.00504672e+01 1.25116603e+01]
 [6.00929066e+00 3.48282781e+01]
 [5.13824242e-01 4.54694508e+01]
 [2.38404433e+01 2.15314788e+01]
 [8.64919865e+01 6.15676129e+00]
 [3.36542071e+01 1.74010150e+01]
 [3.20537255e+00 3.81544643e+01]
 [4.94481916e+00 3.56141364e+01]
 [2.83518875e+01 1.95538827e+01]
 [1.27649019e+01 2.80997480e+01]
 [2.40538698e+01 2.14695150e+01]
 [6.48609556e+01 9.26874806e+00]
 [5.05834735e+01 1.23675360e+01]
 [3.43372301e+01 1.71514592e+01]
 [1.93779981e+01 2.37564183e+01]
 [5.01455835e+01 1.24796289e+01]
 [5.40210633e+01 1.15365319e+01]
 [6.83013424e+00 3.33587758e+01]
 [3.12500802e+01 1.84325539e+01]
 [6.43486652e+01 9.37801384e+00]
 [1.20306667e+01 2.85309140e+01]
 [2.25733983e+01 2.24263055e+01]
 [7.44505565e+01 7.63696884e+00]
 [5.89411434e+01 1.05818184e+01]
 [4.67329773e+01 1.33736789e+01]
 [3.01727971e+01 1.87087766e+01]
 [1.34130912e+00 4.22112876e+01]
 [4.93661976e-01 4.58807307e+01]
 [2.15113580e+01 2.25891640e+01]
 [3.35921562e-01 4.59875418e+01]
 [5.79757966e+01 1.06536827e+01]
 [2.15758789e+01 2.25489721e+01]
 [2.66596827e+01 2.02184574e+01]
 [1.08977338e+02 5.00396913e+00]
 [2.58182713e+01 2.08055238e+01]
 [8.12972023e-01 4.41664531e+01]
 [7.79711709e+00 3.22085453e+01]
 [4.45625951e+01 1.40918550e+01]
 [9.29939777e+00 3.10579557e+01]
 [6.96871304e+01 8.40558730e+00]
 [2.47211051e+01 2.10275627e+01]
 [1.42926711e+01 2.71591155e+01]
 [3.79945778e+01 1.59323796e+01]
 [1.31969028e+01 2.76972815e+01]
 [1.41242585e+01 2.76082919e+01]
 [1.05494764e+01 2.98658082e+01]
 [2.77386830e+00 3.89277638e+01]
 [4.67663491e+01 1.33526234e+01]
 [2.37216027e+01 2.17945128e+01]
 [4.21620745e+01 1.46265005e+01]
 [3.75361146e+00 3.72747338e+01]
 [5.38580768e+01 1.16485177e+01]
 [6.96135576e+01 8.42397176e+00]
 [3.26021873e+01 1.77876950e+01]
 [3.27101692e+01 1.77589149e+01]
 [6.91123586e+01 8.55038487e+00]
 [7.01730799e+01 8.31113849e+00]
 [3.91416147e+01 1.55467138e+01]
 [1.79816284e+01 2.45904349e+01]
 [5.32432904e+01 1.18283137e+01]
 [1.14352050e+02 4.60422727e+00]
 [6.91922583e-01 4.44418788e+01]
 [1.65221373e+01 2.61863567e+01]
 [7.19408245e+01 8.01237546e+00]
 [2.02291111e+00 4.05086490e+01]
 [9.54567866e+01 5.83514359e+00]
 [2.62728519e-01 4.64450476e+01]
 [5.34718436e+01 1.16612434e+01]
 [2.24910830e+01 2.25071271e+01]
 [4.50652135e+01 1.38072019e+01]
 [1.21033246e+01 2.84498708e+01]
 [1.02984042e+00 4.31941739e+01]
 [4.28413418e+00 3.64353428e+01]
 [6.06772742e+01 1.00926354e+01]
 [5.17815690e+01 1.20756660e+01]
 [5.00753781e+01 1.24841183e+01]
 [3.64208919e+01 1.64783257e+01]
 [2.05031630e+01 2.31204647e+01]
 [5.52778958e+01 1.14322952e+01]
 [2.08699861e+01 2.29201545e+01]
 [1.19158618e+01 2.86011782e+01]
 [3.60147008e+01 1.66956781e+01]
 [1.41624463e+00 4.19642958e+01]
 [2.18207191e+00 4.01005677e+01]
 [1.11394377e+02 4.68970831e+00]
 [7.09630621e+01 8.18251721e+00]
 [7.32905725e+01 7.80331402e+00]
 [6.39186693e+01 9.46243930e+00]
 [2.99171409e+01 1.88154538e+01]
 [5.50142592e-01 4.53919096e+01]
 [5.68011641e+00 3.48922452e+01]
 [5.79406439e+01 1.06615388e+01]
 [2.76710956e+01 1.97216465e+01]
 [3.78735500e+01 1.60826086e+01]
 [3.39703682e+01 1.72797952e+01]
 [3.11710112e+01 1.84462971e+01]
 [4.17584919e+01 1.48478127e+01]
 [1.14221603e+01 2.90338290e+01]
 [7.29884071e+01 7.85652240e+00]
 [6.65957702e+00 3.35761655e+01]
 [6.60622646e+01 9.04404406e+00]
 [7.26387335e+00 3.28149341e+01]
 [1.87070036e+00 4.11537541e+01]
 [2.03279564e+01 2.34982790e+01]
 [8.98290597e+01 5.87262957e+00]
 [2.74869006e+01 2.01191825e+01]
 [1.59957415e+00 4.15930845e+01]
 [4.90219390e+01 1.27469474e+01]
 [6.17230124e+01 9.88151067e+00]
 [2.26656636e+01 2.23414196e+01]
 [6.68187507e+01 8.95021146e+00]
 [9.64018279e+01 5.69414361e+00]
 [5.35697158e-02 4.83767844e+01]
 [5.94583248e+01 1.04166624e+01]
 [2.17441078e+00 4.01468746e+01]
 [4.26055431e+01 1.45001484e+01]
 [8.53032283e+01 6.37077843e+00]
 [6.77206407e+01 8.75107899e+00]
 [7.98197056e+00 3.20263861e+01]
 [1.08477718e+01 2.96744148e+01]
 [8.02172815e+01 7.01323253e+00]
 [1.89834952e+01 2.39378000e+01]
 [5.53140682e+01 1.13640168e+01]
 [1.17048462e+02 4.35061439e+00]
 [4.89367950e+01 1.27938716e+01]
 [1.65828598e+01 2.55323886e+01]
 [4.58826888e+01 1.35816890e+01]
 [8.14288248e+01 6.79500709e+00]
 [2.91756972e+01 1.94328304e+01]
 [3.53132811e+01 1.68807344e+01]
 [3.95765318e+01 1.54144439e+01]
 [7.76622618e+01 7.33308788e+00]
 [2.49463721e+01 2.09990611e+01]
 [2.70157787e-02 4.89457073e+01]
 [1.31171356e+02 4.14014705e+00]
 [2.50477157e+00 3.95914609e+01]
 [1.20763221e+00 4.29711159e+01]
 [1.71233942e+01 2.52080589e+01]
 [4.96745669e+01 1.25839392e+01]
 [2.03688655e+01 2.31878058e+01]
 [2.26440532e+00 4.00577504e+01]
 [6.06412729e+01 1.01125918e+01]
 [7.36666923e+00 3.27093582e+01]
 [5.79233766e+01 1.06980012e+01]
 [3.87976974e+01 1.56704541e+01]
 [4.02578349e+00 3.68243442e+01]
 [2.26901021e+01 2.20175407e+01]
 [3.20242885e+01 1.80254963e+01]
 [4.23557773e+01 1.45904005e+01]
 [5.68847270e+01 1.09418339e+01]
 [7.84499498e+00 3.21612573e+01]
 [2.08675554e+01 2.29973531e+01]
 [3.83164908e+01 1.58484801e+01]
 [6.14902580e+01 9.92959348e+00]
 [8.05257329e+01 6.81851061e+00]
 [1.16864112e+02 4.42342290e+00]
 [3.81423908e+01 1.59308480e+01]
 [2.63047547e+00 3.94144827e+01]
 [1.86753765e+01 2.41302368e+01]
 [5.08488953e+00 3.53405875e+01]
 [5.04515597e+01 1.24135788e+01]
 [8.27044052e+01 6.69501159e+00]
 [2.43443490e+01 2.12416769e+01]
 [1.87648523e+01 2.41079121e+01]
 [6.08262542e+01 1.00594612e+01]
 [2.37008843e+01 2.20061854e+01]
 [7.85823213e+01 7.17947335e+00]
 [7.50769209e+01 7.57724029e+00]
 [8.89819727e+01 5.95856782e+00]
 [5.53633714e+01 1.12886264e+01]
 [5.49969973e+01 1.14388099e+01]
 [4.73577822e+01 1.31790228e+01]
 [5.48582910e-01 4.54622616e+01]
 [3.73014899e+00 3.73240385e+01]
 [2.86787041e+00 3.87953958e+01]
 [6.32768425e+01 9.58172682e+00]
 [6.20517894e+00 3.41819814e+01]
 [5.31452548e+01 1.19423358e+01]
 [6.37869141e+01 9.50485884e+00]
 [3.51329141e+01 1.70656657e+01]
 [5.74814086e+01 1.07599956e+01]
 [1.01383602e+01 3.04215997e+01]
 [3.63849078e+01 1.65494914e+01]
 [1.02751282e+01 2.99278345e+01]
 [6.89004249e+00 3.33011159e+01]
 [9.88717288e+00 3.07360638e+01]
 [5.98117216e+01 1.03078551e+01]
 [4.86860868e+01 1.29384684e+01]
 [3.32218720e+01 1.75541984e+01]
 [2.00433768e+01 2.35027041e+01]
 [3.99762672e+01 1.52910390e+01]
 [7.53318763e+00 3.25384453e+01]
 [1.29062257e+01 2.78462070e+01]
 [3.18821740e+01 1.81524257e+01]
 [6.84324813e+01 8.61348425e+00]
 [8.14536363e+00 3.18740448e+01]
 [1.64071581e+01 2.63628905e+01]
 [7.44806210e+01 7.63257499e+00]
 [1.09861892e-01 4.76858988e+01]
 [3.69779668e+01 1.62720422e+01]
 [8.34244898e+01 6.54003428e+00]
 [1.04632203e+02 5.11080371e+00]
 [8.74584427e+00 3.13796918e+01]
 [8.53118610e+00 3.15051360e+01]
 [5.21346707e+01 1.19860989e+01]
 [2.11022872e+01 2.28942329e+01]
 [4.78748853e+01 1.30701893e+01]
 [4.40191263e+01 1.40924002e+01]
 [3.97938887e+01 1.53592126e+01]
 [3.58657084e+00 3.75671123e+01]
 [5.93335388e+01 1.04863371e+01]
 [2.59527890e+01 2.06089789e+01]
 [7.25078131e+00 3.29542379e+01]
 [1.16451163e+01 2.88346116e+01]
 [3.13931212e+01 1.83849319e+01]
 [3.88136503e+01 1.56514312e+01]
 [4.46931523e+01 1.39597098e+01]]
