[[2.08511002 2.16097348]
 [0.93130106 1.03668218]
 [1.98383737 1.6164502 ]
 [2.09597257 2.0556585 ]
 [2.08652401 1.67606949]
 [0.70193469 0.59430447]
 [1.05814058 0.79663998]
 [1.63322451 1.58117431]
 [3.45448459 2.99196855]
 [0.09940067 0.07863296]
 [2.92879636 2.90878724]
 [0.29958845 0.36403037]
 [0.22275939 0.32248239]
 [2.62335155 2.77442391]
 [3.08389179 2.84704896]
 [1.95003857 1.457972  ]
 [0.88098128 0.99619072]
 [2.9100709  2.63649595]
 [0.99284944 1.28010303]
 [2.63857323 2.40648325]
 [2.59505814 2.31265173]
 [0.80485718 1.40064007]
 [2.07924359 1.8500552 ]
 [3.91374707 2.97141535]
 [1.10716367 0.80121606]
 [0.09166321 0.20017499]
 [1.9742524  2.24081549]
 [4.52904748 2.96986554]
 [0.73396187 0.79289245]
 [2.58633799 2.74921756]
 [0.43741105 0.68192921]
 [2.85357926 2.99026028]
 [2.46035901 2.19027363]
 [1.69354013 1.57168841]
 [2.42214223 2.57795342]
 [1.37059888 1.68158997]
 [0.13313942 0.33276111]
 [0.79916825 0.60780638]
 [1.85077089 1.59209232]
 [2.63951989 2.22023263]
 [2.01610236 2.27624079]
 [3.58464501 2.96197852]
 [2.00932962 2.09192406]
 [0.60383592 0.66085196]
 [0.69177345 0.87043339]
 [1.72849411 2.02491481]
 [1.10741028 1.40173747]
 [1.57382844 1.88056681]
 [2.86636136 2.82828773]
 [2.45772575 2.57010749]
 [2.09289013 2.0503947 ]
 [1.47644397 1.63236415]
 [2.43960746 2.56606924]
 [2.92674229 2.69461514]
 [2.57087522 2.62599818]
 [0.91976721 1.38851736]
 [0.80755385 1.02732192]
 [2.14018735 1.79780927]
 [2.8968027  2.77411254]
 [1.14602514 1.30165013]
 [3.154796   2.94277103]
 [2.49966186 2.33129469]
 [1.90540746 1.97803481]
 [0.354592   0.45781196]
 [0.08287941 0.34138907]
 [1.60513157 1.67373598]
 [3.49811591 2.75477577]
 [0.19864353 0.21100032]
 [2.69824555 2.6857811 ]
 [2.23317523 2.63110317]
 [1.64180695 1.64269281]
 [1.93002006 1.71462628]
 [1.55851459 2.00638982]
 [0.19929963 0.40437935]
 [0.967082   1.0069914 ]
 [2.16177797 2.5431014 ]
 [3.01091827 2.89070126]
 [1.72839607 1.78687529]
 [2.24368629 2.1129402 ]
 [0.88339447 1.17329737]
 [1.17538818 1.38480624]
 [0.98916392 1.28799217]
 [1.97441131 1.38473913]
 [0.61386065 0.56270968]
 [2.35248838 2.48140801]
 [1.93494617 1.47864262]
 [2.29978366 2.29161815]
 [0.63356692 0.73279999]
 [2.73227295 2.44932719]
 [3.02153422 2.87640755]
 [1.96942004 2.06686514]
 [3.50266536 2.79167946]
 [1.95305249 2.08881025]
 [2.98444262 2.93877052]
 [2.2050331  2.21883589]
 [1.38600052 1.6044967 ]
 [0.35271022 0.22039996]
 [3.02606448 2.97121859]
 [0.4449911  0.55471677]
 [0.18931294 0.17275052]
 [0.82659245 0.59158904]
 [2.58099231 2.58967945]
 [2.32566972 2.42024043]
 [1.28330495 1.17429109]
 [0.72892716 0.73464192]
 [2.78634115 2.72132717]
 [2.60156818 2.48540444]
 [2.52889693 2.47457569]
 [2.03144214 2.23124759]
 [1.55506534 1.64546727]
 [1.64573001 1.58400419]
 [1.15731468 1.28046405]
 [0.45204858 0.38692795]
 [0.52631263 0.51818239]
 [3.02711004 2.92871479]
 [3.09559817 2.95633474]
 [2.75997514 2.89174767]
 [1.98231345 1.8840697 ]
 [0.34892989 0.12563271]
 [0.99099615 0.66178225]
 [2.68001287 2.70234934]
 [1.17760978 0.88780516]
 [2.82866073 2.7264241 ]
 [1.86249383 1.8571189 ]
 [2.33775027 2.00082763]
 [2.06835082 2.05292887]
 [2.12862206 1.80602352]
 [1.09576903 1.28640208]
 [3.09696083 2.94209711]
 [1.02461073 0.78426214]
 [2.85504381 2.8921084 ]
 [0.87666296 1.02344047]
 [1.48064962 1.59876768]
 [0.3354473  0.59594479]
 [3.70982118 2.94864236]
 [2.08050386 1.5947504 ]
 [0.36257764 0.51810326]
 [2.47747491 2.47337883]
 [1.69770434 2.11349159]
 [0.66453119 0.8503873 ]
 [1.39379204 0.94394282]
 [2.09974127 1.80836029]
 [2.40722949 2.41078388]
 [1.40096318 1.35408558]
 [1.3981059  1.27053016]
 [1.89054293 2.08798953]
 [0.51409184 0.5875027 ]
 [0.94569187 1.18075024]
 [1.37237056 1.58014758]
 [2.48782192 2.46353089]
 [2.2022028  2.26252508]
 [1.95386537 1.4017157 ]
 [0.7337369  0.85194968]
 [1.00798317 0.98257217]
 [2.28852644 2.26386668]
 [1.37731013 1.52822574]
 [1.77451255 1.9605931 ]
 [2.71308206 2.65216864]
 [0.95636026 1.1611387 ]
 [0.99116145 0.85714949]
 [2.54321393 2.44932719]
 [2.03460997 2.20743759]
 [4.57162464 2.96986554]
 [2.98669135 2.89035046]
 [2.78892288 2.8072088 ]
 [4.3730166  2.95176805]
 [1.4647422  1.34369675]
 [2.66972838 2.61524541]
 [2.76110879 2.72349828]
 [4.37784691 2.95167015]
 [3.17962099 2.90878724]
 [2.08341479 2.29975906]
 [4.189855   2.91527348]
 [2.76999911 2.47700786]
 [3.93548956 2.93299133]
 [0.75440122 0.79317374]
 [1.94804988 2.04880494]
 [0.42594841 0.62641756]
 [0.74158967 0.4981145 ]
 [3.09696083 2.90559825]
 [2.7359159  2.75863513]
 [2.52986364 2.09006915]
 [0.19720766 0.08564214]
 [2.74806175 2.89466518]
 [2.41681077 2.73042882]
 [1.28106435 1.33094161]
 [2.53052691 2.47337883]
 [2.56073018 2.22065363]
 [2.63397678 2.49370739]
 [0.46670249 0.38692795]
 [2.48246488 2.55691978]
 [2.8939467  2.78482429]
 [1.40196784 1.77253703]
 [3.43936206 2.97561139]
 [3.21512491 2.95450203]
 [2.11376331 1.78140975]
 [0.942342   1.07294467]
 [1.26155949 1.18244353]
 [3.91374707 2.97166177]
 [2.76410989 2.56736606]
 [1.96357015 1.74091147]
 [1.27330912 1.38480624]
 [2.76251179 2.93954864]
 [1.6514155  1.93168693]
 [3.85681254 2.92443839]
 [1.55038402 1.47356952]
 [2.59447186 2.62599818]
 [3.83094183 2.91442199]
 [3.19064545 2.9443888 ]
 [2.77333655 2.96008081]
 [2.58001301 2.38629444]
 [2.60905501 2.74921756]
 [1.31059196 1.28151137]
 [1.49071092 1.74741093]
 [2.15683568 2.15530385]
 [2.23210403 2.00082763]
 [2.36318472 2.52637664]
 [3.5880386  2.95426594]
 [1.08407832 1.07575948]
 [2.66824538 2.95925428]
 [2.55455398 2.85739695]
 [0.70883783 0.59624817]
 [1.99743668 2.02491481]
 [1.02917716 1.25817943]
 [2.86745061 2.56512516]
 [1.63728278 1.52372276]
 [2.20421317 2.24118589]
 [2.24883823 1.92926446]
 [1.81237164 1.69414824]
 [0.58746803 0.83755104]
 [3.39505949 2.94277103]
 [1.3190403  1.6044967 ]
 [2.88488923 2.57054635]
 [1.44311268 1.27889712]
 [1.62142823 2.04025286]
 [2.54578699 2.52566334]
 [1.26820499 1.41806919]
 [0.73396187 0.7629368 ]
 [2.53509979 2.34735516]
 [3.69777244 2.94277103]
 [0.67066934 0.43688478]
 [0.95113566 0.74527274]
 [2.18815055 2.32006745]
 [0.65498422 0.54869783]
 [4.01481619 2.98765458]
 [1.46264314 1.39162932]
 [2.09974127 1.86492471]
 [0.354592   0.35978848]
 [0.92891184 1.37059381]
 [0.62086658 0.48351813]
 [1.93642011 1.40426489]
 [1.7847133  2.04280173]
 [1.52689759 1.59630752]
 [2.95520538 2.90878724]
 [2.04340155 2.06010255]
 [2.86074562 2.84941797]
 [2.58633799 2.8609489 ]
 [1.61407036 1.69586901]
 [0.34761986 0.1534406 ]
 [0.56225578 0.70982555]
 [1.50326402 1.57470951]
 [2.04050269 2.05380036]
 [0.46046593 0.44250752]
 [1.48251558 1.26171111]
 [0.60296597 0.61501411]
 [2.64572474 2.85622901]
 [0.6883137  0.53708743]
 [2.07924359 1.99499099]
 [2.26508678 2.39477638]
 [2.00909226 2.27624079]
 [2.92674229 2.69178463]]
