[[1.52610864e-02 2.65060857e+04]
 [2.92718806e-02 1.46826065e+04]
 [4.48927166e-02 9.16056255e+03]
 [1.69870331e-02 2.59225653e+04]
 [4.91232333e-02 8.96634650e+03]
 [3.39946541e-02 1.19017793e+04]
 [2.69897406e-02 1.55173060e+04]
 [3.70128177e-02 1.09776149e+04]
 [4.18541489e-02 9.65590185e+03]
 [1.31546121e-02 3.47853465e+04]
 [1.07192317e-02 3.87363394e+04]
 [6.65579178e-03 8.01334124e+04]
 [2.54769990e-02 1.74213262e+04]
 [3.15247391e-02 1.32695640e+04]
 [8.73430708e-03 4.97827473e+04]
 [3.18475519e-02 1.27103137e+04]
 [4.07460234e-02 1.02767420e+04]
 [3.59675581e-02 1.13958427e+04]
 [3.04233430e-02 1.35380867e+04]
 [5.05953992e-02 8.59822374e+03]
 [3.14799917e-02 1.33114091e+04]
 [3.16154699e-02 1.31855204e+04]
 [1.17570909e-02 3.74183468e+04]
 [4.92494051e-02 8.91985461e+03]
 [1.35735384e-02 3.25158524e+04]
 [4.09186651e-02 9.94989719e+03]
 [3.05215116e-02 1.34334287e+04]
 [3.24221056e-02 1.25256996e+04]
 [3.05483456e-02 1.34240008e+04]
 [1.55476725e-02 2.62446164e+04]
 [3.53639480e-02 1.15157355e+04]
 [2.61139513e-02 1.61599188e+04]
 [1.09068751e-02 3.77587280e+04]
 [3.30072205e-02 1.22299642e+04]
 [3.50166274e-02 1.15586340e+04]
 [8.97031699e-03 4.60519657e+04]
 [1.01026192e-02 4.05969867e+04]
 [3.36906838e-02 1.20274136e+04]
 [2.40128809e-02 1.78700900e+04]
 [7.67577326e-03 5.33508563e+04]
 [3.04477217e-02 1.34395522e+04]
 [5.14959283e-02 8.56712866e+03]
 [1.51693621e-02 2.79194689e+04]
 [4.50201055e-02 9.12376915e+03]
 [3.88523054e-02 1.04874307e+04]
 [1.99727055e-02 2.10174143e+04]
 [1.29955931e-02 3.72451575e+04]
 [5.84795568e-02 8.56539513e+03]
 [2.19092092e-02 1.83927158e+04]
 [1.93015413e-02 2.40677661e+04]
 [5.71199808e-03 9.31515731e+04]
 [4.48316129e-02 9.18867443e+03]
 [6.51148393e-03 8.88494370e+04]
 [2.81265412e-02 1.50313696e+04]
 [1.36639555e-02 3.00267063e+04]
 [9.74348723e-03 4.16254730e+04]
 [6.93561859e-03 6.39961152e+04]
 [3.06324071e-02 1.33980966e+04]
 [1.93876034e-02 2.31737438e+04]
 [9.64937313e-03 4.55827482e+04]
 [3.49492514e-02 1.17104538e+04]
 [4.68660171e-02 9.09471216e+03]
 [9.84541637e-03 4.12449714e+04]
 [4.31761794e-02 9.40392706e+03]
 [1.76134220e-02 2.53944765e+04]]
