[[1.86260211e-03 3.45560727e-03 1.79353495e+00]
 [1.86260211e-03 3.46564910e-03 1.79353495e+00]
 [1.86260211e-03 3.15999309e-03 1.79353495e+00]
 [3.67221444e-03 7.48861310e-03 2.05503744e+00]
 [6.65364814e-04 1.50261870e-03 2.45124096e+00]
 [8.30050591e-04 1.69830420e-03 2.30755885e+00]
 [2.81590523e-03 5.86862740e-03 1.67877699e+00]
 [6.65364814e-04 1.50261870e-03 2.49358250e+00]
 [9.88862390e-04 2.25517382e-03 2.29239198e+00]
 [3.81016124e-03 7.49858311e-03 2.11453363e+00]
 [8.30050591e-04 1.84168094e-03 2.38032638e+00]
 [9.81363518e-04 2.25517382e-03 2.58117972e+00]
 [2.34106042e-03 5.86833341e-03 2.48698078e+00]
 [9.87957627e-04 2.25517382e-03 2.60065407e+00]
 [3.95953698e-03 8.18220947e-03 2.24757789e+00]
 [1.86260211e-03 3.22965916e-03 1.77961795e+00]
 [2.34106042e-03 5.86833341e-03 2.56529167e+00]
 [1.86260211e-03 3.11471655e-03 1.72706142e+00]
 [2.98128843e-03 6.80365797e-03 2.53061589e+00]
 [1.05430141e-03 2.41213315e-03 2.48377439e+00]
 [3.81016124e-03 7.46015399e-03 2.11453363e+00]
 [3.61788417e-03 8.40625391e-03 2.53503531e+00]
 [8.30050591e-04 1.83891007e-03 2.35688938e+00]
 [1.11885444e-03 2.31628065e-03 2.31590428e+00]
 [1.26329519e-03 2.54607752e-03 2.11370027e+00]
 [4.94064463e-03 9.37686426e-03 1.93587794e+00]
 [7.72542277e-04 1.69830420e-03 2.30755885e+00]
 [2.51207841e-03 5.85759271e-03 2.60543541e+00]
 [2.69368451e-03 5.89939244e-03 2.50349468e+00]
 [2.33493381e-03 5.86833341e-03 2.56529167e+00]
 [1.86260211e-03 3.22965916e-03 1.78155691e+00]
 [4.94168635e-03 9.98613299e-03 2.65160312e+00]
 [2.88852494e-03 6.29068194e-03 2.30979757e+00]
 [1.86260211e-03 3.78545030e-03 1.78155691e+00]
 [8.30050591e-04 1.69830420e-03 2.22676379e+00]
 [4.28292536e-03 8.43140119e-03 2.12230043e+00]
 [4.74654893e-03 9.37686426e-03 1.84968066e+00]
 [2.37982483e-03 5.88897336e-03 2.56805130e+00]
 [1.11885444e-03 2.45730861e-03 2.41523927e+00]
 [3.05107143e-03 6.81168360e-03 2.56064900e+00]
 [1.10717458e-03 1.95378058e-03 1.85248375e+00]
 [1.26243319e-03 2.54607752e-03 2.17933472e+00]
 [7.33779340e-04 1.69830420e-03 2.21341404e+00]
 [2.43059947e-03 5.94934989e-03 2.41626585e+00]
 [4.69596595e-03 9.36095933e-03 1.93587794e+00]
 [1.84727487e-03 3.15999309e-03 1.78713125e+00]
 [1.41577366e-03 3.17690254e-03 2.15511721e+00]
 [9.06018369e-04 1.84186971e-03 2.14790879e+00]
 [1.86260211e-03 3.22965916e-03 1.82524277e+00]
 [2.51207841e-03 5.85759271e-03 2.61925654e+00]
 [9.88862390e-04 1.77508588e-03 1.81790718e+00]
 [1.19270001e-03 2.53700989e-03 2.42786621e+00]
 [1.86260211e-03 4.27933242e-03 2.47038569e+00]
 [1.05430141e-03 2.30322536e-03 2.50850600e+00]
 [2.85636467e-03 6.31387897e-03 2.36549320e+00]
 [8.30050591e-04 1.69830420e-03 2.30724895e+00]
 [1.86768166e-03 4.30335304e-03 2.38535544e+00]
 [3.81016124e-03 7.87454000e-03 2.11453363e+00]
 [4.76434616e-03 9.93134152e-03 2.60221886e+00]
 [1.86260211e-03 3.79734987e-03 2.10863473e+00]
 [1.86260211e-03 3.10800634e-03 1.72163665e+00]
 [4.67306461e-03 9.88861089e-03 2.21736597e+00]
 [1.80297431e-03 4.19420238e-03 2.27527734e+00]
 [1.24905133e-03 2.59096050e-03 2.41523927e+00]
 [2.38855777e-03 4.13713940e-03 1.80197802e+00]
 [3.66035143e-03 8.18003341e-03 2.47038569e+00]
 [1.80297431e-03 3.95140627e-03 2.51470610e+00]
 [2.07476351e-03 4.66434171e-03 2.50004353e+00]
 [4.59401046e-03 9.41241947e-03 1.94823893e+00]
 [2.91234085e-03 6.79816578e-03 2.48048574e+00]
 [2.85576282e-03 6.39677818e-03 2.47576577e+00]
 [7.33779340e-04 1.67380749e-03 2.27308140e+00]
 [1.89645618e-03 3.78691445e-03 1.83027898e+00]
 [5.84211880e-04 1.46079627e-03 2.28920921e+00]
 [4.72215258e-03 9.91184310e-03 2.18044686e+00]
 [4.60776891e-03 9.98613299e-03 2.33465454e+00]
 [2.42510930e-03 5.32757268e-03 2.32125197e+00]
 [1.81563662e-03 4.15392969e-03 2.52173209e+00]
 [4.94168635e-03 9.98982759e-03 2.70399581e+00]
 [6.62568590e-04 1.42174535e-03 2.27022968e+00]
 [1.32534551e-03 3.17690254e-03 2.35109681e+00]
 [2.07476351e-03 4.66434171e-03 2.40506319e+00]
 [6.35781709e-04 1.52605877e-03 2.13101283e+00]
 [2.09380556e-03 4.37421647e-03 2.49476311e+00]
 [2.42510930e-03 5.32757268e-03 2.30637879e+00]
 [4.74996229e-03 9.93835830e-03 2.18044686e+00]
 [1.26310767e-03 2.91652714e-03 2.48233972e+00]
 [1.30697656e-03 2.99355476e-03 2.38947910e+00]
 [1.01149124e-03 2.25517382e-03 2.34051322e+00]
 [1.10717458e-03 2.09128017e-03 1.75992447e+00]
 [8.07380961e-03 9.98761120e-03 2.92202022e+00]
 [4.83674627e-03 9.87857456e-03 2.05503744e+00]
 [4.94168635e-03 9.98613299e-03 2.64863096e+00]
 [4.74654893e-03 9.37686426e-03 1.80396955e+00]
 [1.10717458e-03 2.19428274e-03 1.90600203e+00]
 [5.66626863e-04 1.22553090e-03 2.28920921e+00]
 [2.85576282e-03 6.48532581e-03 2.20668583e+00]
 [7.89850091e-04 1.23408041e-03 1.10360537e+00]
 [4.67306461e-03 9.90392563e-03 2.21736597e+00]
 [5.28100237e-03 9.96667922e-03 2.87064146e+00]
 [2.34106042e-03 4.72498453e-03 2.56969845e+00]
 [7.65167968e-04 1.67380749e-03 2.27308140e+00]
 [6.05446168e-04 1.41342592e-03 1.68728329e+00]
 [9.06018369e-04 1.84186971e-03 2.16142672e+00]
 [6.46117795e-04 1.43776790e-03 2.51470610e+00]
 [1.71043406e-03 3.85873569e-03 1.97761432e+00]
 [3.69552517e-03 8.20982765e-03 2.38162634e+00]
 [2.07476351e-03 4.66434171e-03 2.23976141e+00]
 [8.28454514e-04 1.80679700e-03 2.27310767e+00]
 [4.76434616e-03 9.99804274e-03 2.10646578e+00]
 [9.86811826e-04 1.98529721e-03 1.90907786e+00]
 [3.93426304e-03 8.13537143e-03 2.11453363e+00]
 [8.07380961e-03 9.99778320e-03 2.96396024e+00]
 [3.92667232e-03 9.74694322e-03 2.95845996e+00]
 [3.80704474e-03 7.49858311e-03 2.02228296e+00]
 [1.10669995e-03 2.09128017e-03 1.82955696e+00]
 [1.11030498e-03 2.19428274e-03 1.92729792e+00]
 [4.74654893e-03 9.37686426e-03 1.90270850e+00]
 [1.41632523e-03 3.24607743e-03 1.91566112e+00]
 [5.06410441e-03 9.99647914e-03 2.70399581e+00]
 [2.80876404e-03 5.82812232e-03 2.32095089e+00]
 [5.36918723e-04 1.46807544e-03 1.76425755e+00]
 [2.34106042e-03 4.72498453e-03 2.55311721e+00]
 [6.08342044e-04 1.41999770e-03 2.41445133e+00]
 [4.52900852e-03 9.92254489e-03 2.96869613e+00]
 [2.84293507e-03 6.42169143e-03 2.60543541e+00]
 [5.81245789e-04 1.46807544e-03 2.27194537e+00]
 [1.82412118e-03 4.28958597e-03 2.36935499e+00]
 [3.71864557e-03 8.40625391e-03 2.29651104e+00]
 [8.30050591e-04 1.69830420e-03 2.08797926e+00]
 [1.05430141e-03 2.41213315e-03 2.47937344e+00]
 [1.81648685e-03 3.44829220e-03 1.79353495e+00]]
