[[3.60699608e+01 1.65566552e+01]
 [7.76812641e+00 3.22621992e+01]
 [2.61940879e+01 2.05456462e+01]
 [3.44753316e+01 1.71025222e+01]
 [2.86511655e+01 1.95368564e+01]
 [3.38364045e+00 3.78835185e+01]
 [7.01718697e+00 3.32064912e+01]
 [3.22853364e+01 1.82240390e+01]
 [2.06701379e+01 2.30235463e+01]
 [8.35413583e+01 6.42080819e+00]
 [6.42545421e-02 4.82357273e+01]
 [5.60857909e+01 1.11194220e+01]
 [6.81555654e+01 8.66305532e+00]
 [8.89085385e-01 4.35860832e+01]
 [6.14466549e-01 4.47011988e+01]
 [1.45298019e+01 2.68269711e+01]
 [5.83176055e+01 1.06016468e+01]
 [7.04643053e+01 8.30666886e+00]
 [2.37133311e+01 2.18482271e+01]
 [7.07409588e+00 3.29968040e+01]
 [6.16784942e+01 9.95395502e+00]
 [7.64913006e+01 7.61132999e+00]
 [5.10129214e+01 1.23026655e+01]
 [4.83307391e+01 1.30055861e+01]
 [3.09838326e+01 1.84529702e+01]
 [1.07577721e+02 5.06983686e+00]
 [8.61160919e+00 3.19010647e+01]
 [1.93888691e-01 4.71300901e+01]
 [3.56757064e+01 1.67682477e+01]
 [4.66951383e+00 3.58988353e+01]
 [5.69893656e+01 1.08917859e+01]
 [6.83382844e+01 8.64617576e+00]
 [4.34026601e+01 1.43443386e+01]
 [2.13531304e+01 2.26859973e+01]
 [5.00504672e+01 1.25116603e+01]
 [1.88251444e+01 2.41843976e+01]
 [6.00929066e+00 3.48282781e+01]
 [5.13824242e-01 4.54694508e+01]
 [2.58119506e+00 3.96677531e+01]
 [4.03239394e+00 3.69383522e+01]
 [2.38404433e+01 2.15314788e+01]
 [3.69837635e+01 1.63225093e+01]
 [8.64919865e+01 6.15676129e+00]
 [3.54154819e+01 1.70003975e+01]
 [3.36542071e+01 1.74010150e+01]
 [3.20537255e+00 3.81544643e+01]
 [4.94481916e+00 3.56141364e+01]
 [2.83518875e+01 1.95538827e+01]
 [1.27649019e+01 2.80997480e+01]
 [6.48609556e+01 9.26874806e+00]
 [5.05834735e+01 1.23675360e+01]
 [3.43372301e+01 1.71514592e+01]
 [1.93779981e+01 2.37564183e+01]
 [5.01455835e+01 1.24796289e+01]
 [6.33070848e+01 9.61319687e+00]
 [5.40210633e+01 1.15365319e+01]
 [1.10958087e+01 2.96911065e+01]
 [6.83013424e+00 3.33587758e+01]
 [6.43486652e+01 9.37801384e+00]
 [1.71358718e+00 4.17938033e+01]
 [1.20306667e+01 2.85309140e+01]
 [7.44505565e+01 7.63696884e+00]
 [5.89411434e+01 1.05818184e+01]
 [4.67329773e+01 1.33736789e+01]
 [3.88029074e+01 1.58309290e+01]
 [3.01727971e+01 1.87087766e+01]
 [1.34130912e+00 4.22112876e+01]
 [2.15113580e+01 2.25891640e+01]
 [3.35921562e-01 4.59875418e+01]
 [5.79757966e+01 1.06536827e+01]
 [9.12935351e+00 3.13889598e+01]
 [2.15758789e+01 2.25489721e+01]
 [2.66596827e+01 2.02184574e+01]
 [2.58182713e+01 2.08055238e+01]
 [7.79711709e+00 3.22085453e+01]
 [4.45625951e+01 1.40918550e+01]
 [9.29939777e+00 3.10579557e+01]
 [6.96871304e+01 8.40558730e+00]
 [2.47211051e+01 2.10275627e+01]
 [1.42926711e+01 2.71591155e+01]
 [3.79945778e+01 1.59323796e+01]
 [8.62804999e+00 3.15900942e+01]
 [6.34288930e+00 3.46317578e+01]
 [1.31969028e+01 2.76972815e+01]
 [2.32632100e+01 2.22242980e+01]
 [2.77386830e+00 3.89277638e+01]
 [4.67663491e+01 1.33526234e+01]
 [2.37216027e+01 2.17945128e+01]
 [4.21620745e+01 1.46265005e+01]
 [3.75361146e+00 3.72747338e+01]
 [5.38580768e+01 1.16485177e+01]
 [6.96135576e+01 8.42397176e+00]
 [3.26021873e+01 1.77876950e+01]
 [8.02485554e+01 7.11869063e+00]
 [3.27101692e+01 1.77589149e+01]
 [6.91123586e+01 8.55038487e+00]
 [7.01730799e+01 8.31113849e+00]
 [3.91416147e+01 1.55467138e+01]
 [6.91922583e-01 4.44418788e+01]
 [7.19408245e+01 8.01237546e+00]
 [2.02291111e+00 4.05086490e+01]
 [2.62728519e-01 4.64450476e+01]
 [5.34718436e+01 1.16612434e+01]
 [4.50652135e+01 1.38072019e+01]
 [1.21033246e+01 2.84498708e+01]
 [1.02984042e+00 4.31941739e+01]
 [4.28413418e+00 3.64353428e+01]
 [6.06772742e+01 1.00926354e+01]
 [5.17815690e+01 1.20756660e+01]
 [5.00753781e+01 1.24841183e+01]
 [3.64208919e+01 1.64783257e+01]
 [2.05031630e+01 2.31204647e+01]
 [5.52778958e+01 1.14322952e+01]
 [2.08699861e+01 2.29201545e+01]
 [1.19158618e+01 2.86011782e+01]
 [3.60147008e+01 1.66956781e+01]
 [1.41624463e+00 4.19642958e+01]
 [2.18207191e+00 4.01005677e+01]
 [1.11394377e+02 4.68970831e+00]
 [7.09630621e+01 8.18251721e+00]
 [7.32905725e+01 7.80331402e+00]
 [6.39186693e+01 9.46243930e+00]
 [2.99171409e+01 1.88154538e+01]
 [5.50142592e-01 4.53919096e+01]
 [5.68011641e+00 3.48922452e+01]
 [5.79406439e+01 1.06615388e+01]
 [8.69985118e+00 3.15208134e+01]
 [6.17388396e+01 9.88386160e+00]
 [2.76710956e+01 1.97216465e+01]
 [3.78735500e+01 1.60826086e+01]
 [3.39703682e+01 1.72797952e+01]
 [4.17584919e+01 1.48478127e+01]
 [1.14221603e+01 2.90338290e+01]
 [7.29884071e+01 7.85652240e+00]
 [6.65957702e+00 3.35761655e+01]
 [6.60622646e+01 9.04404406e+00]
 [7.26387335e+00 3.28149341e+01]
 [1.89935255e+01 2.39542084e+01]
 [1.87070036e+00 4.11537541e+01]
 [2.03279564e+01 2.34982790e+01]
 [8.98290597e+01 5.87262957e+00]
 [3.71727767e+01 1.61820990e+01]
 [2.90479246e+01 1.93155191e+01]
 [3.05569080e+01 1.85741898e+01]
 [7.51611625e+00 3.24933675e+01]
 [3.10366439e+01 1.84212371e+01]
 [6.06416846e+01 1.00968028e+01]
 [1.14663587e+02 4.41862138e+00]
 [8.26212752e+00 3.19292809e+01]
 [4.40766168e+00 3.64175373e+01]
 [4.75632878e+01 1.31255369e+01]
 [1.53047483e+01 2.61659841e+01]
 [2.23206005e+01 2.22298659e+01]
 [4.73523617e+01 1.31800994e+01]
 [1.14957373e+00 4.28360907e+01]
 [5.74547268e+01 1.07841825e+01]
 [5.28327249e+01 1.18999807e+01]
 [4.12133274e+00 3.67174310e+01]
 [6.72971952e+01 8.81696794e+00]
 [8.28325553e+01 6.64899149e+00]
 [5.60363926e+00 3.54983954e+01]
 [2.12225273e+01 2.27442033e+01]
 [7.69914102e+01 7.47950328e+00]
 [5.95438926e+01 1.03463872e+01]
 [6.69806918e+01 8.99849878e+00]
 [4.54663292e+01 1.36964113e+01]
 [6.38753492e+01 9.53456805e+00]
 [1.33899272e+02 4.29426019e+00]
 [3.08893663e+01 1.85324982e+01]
 [4.90497513e+01 1.27398427e+01]
 [2.67469448e+01 2.01418453e+01]
 [1.45091080e-01 4.75111704e+01]
 [6.41982852e+01 9.40573788e+00]
 [3.16232824e+01 1.82821443e+01]
 [9.50956977e+01 5.36297350e+00]
 [1.75798533e+00 4.13073439e+01]
 [8.29884266e+01 6.60268868e+00]
 [1.16198285e+02 4.34017625e+00]
 [3.32854265e-01 4.62920178e+01]
 [7.76270266e+01 7.38483691e+00]
 [1.13774839e+00 4.28823803e+01]
 [1.78149472e+01 2.47615896e+01]
 [1.97010998e+00 4.05777833e+01]
 [7.77579692e+01 7.19107596e+00]
 [2.62386240e+00 3.92855386e+01]
 [4.81068968e+01 1.30308693e+01]
 [4.07464789e+01 1.52830195e+01]
 [2.48458922e+00 3.98842615e+01]
 [2.71490161e+01 2.00830162e+01]
 [1.35509534e+01 2.74928760e+01]
 [9.99517418e+00 3.02843853e+01]
 [6.49464736e+01 9.25969919e+00]
 [2.54143347e+01 2.09936020e+01]
 [9.04588760e+01 5.80363942e+00]
 [4.39886348e+01 1.40990604e+01]
 [7.35782184e+01 7.75417859e+00]
 [1.03904946e+01 2.98182691e+01]
 [5.95864596e+01 1.03289219e+01]
 [2.58939945e+01 2.06950941e+01]
 [1.17101926e+02 4.32292131e+00]
 [6.62087836e+01 9.02686059e+00]
 [3.65656549e-01 4.58396066e+01]
 [4.32479558e+01 1.44663571e+01]
 [1.79800024e+01 2.45352852e+01]
 [1.64713540e+01 2.56967722e+01]
 [7.40532087e-01 4.41024838e+01]
 [4.34170732e+01 1.42876579e+01]
 [3.11288610e+01 1.83399582e+01]
 [1.96392508e-01 4.69339552e+01]
 [4.92723018e+01 1.26859935e+01]
 [2.38904488e+01 2.14131478e+01]
 [8.12161127e-01 4.39980447e+01]
 [4.67225927e+01 1.36805977e+01]
 [4.16536085e+01 1.51923211e+01]
 [2.93156896e+01 1.90570018e+01]
 [5.31444421e+01 1.18219302e+01]
 [6.16047457e+01 9.96721329e+00]
 [9.64859421e+01 5.25361686e+00]
 [7.30392087e+00 3.27339894e+01]
 [5.83326528e-01 4.51807507e+01]
 [8.54157729e+01 6.34484629e+00]
 [7.16261069e+01 8.09955077e+00]
 [6.58004111e+01 9.12113799e+00]
 [4.80283248e+01 1.30631468e+01]
 [2.41186471e+01 2.13813094e+01]
 [3.58089226e+01 1.66964403e+01]
 [6.02846649e+01 1.01777780e+01]
 [3.81637587e+01 1.58640072e+01]
 [8.70746028e+01 6.13817458e+00]
 [1.08766130e+02 4.72379203e+00]
 [5.01699034e+01 1.24692772e+01]
 [1.98216317e+00 4.05657014e+01]
 [1.14294800e+02 4.46083985e+00]
 [2.89629250e+01 1.93541933e+01]
 [3.44166626e+01 1.71429707e+01]
 [3.66033779e+00 3.74417925e+01]
 [4.20286834e+01 1.47848574e+01]
 [2.91343991e+00 3.87138217e+01]
 [2.92297309e+01 1.91021522e+01]]
