[[3.85385340e+01 4.39193922e-04]
 [4.88354311e+00 6.67060588e-03]
 [4.92905004e+00 5.14484287e-03]
 [4.92719306e+00 6.51573411e-03]
 [4.96899151e+00 4.29970243e-03]
 [5.06376251e+00 4.09070110e-03]
 [5.61704606e+00 3.33987549e-03]
 [3.06653096e+01 6.15215167e-04]
 [2.84521397e+01 6.22337769e-04]
 [3.18590702e+01 5.33848768e-04]
 [3.35827714e+01 5.28503491e-04]
 [1.34355788e+01 1.26860416e-03]
 [1.98293917e+01 8.50506891e-04]
 [1.29309944e+01 1.34860006e-03]
 [3.67352554e+01 4.61588832e-04]
 [2.30597501e+01 7.40771916e-04]
 [1.43699602e+01 1.20715469e-03]
 [8.99197168e+00 2.06928284e-03]
 [6.45917571e+00 2.84342232e-03]
 [2.22603142e+01 8.29091971e-04]
 [2.64468756e+01 6.77868890e-04]
 [6.23650112e+00 3.03288763e-03]
 [9.56570824e+00 1.91130837e-03]
 [2.13968237e+01 8.37912537e-04]
 [1.08783234e+01 1.63990095e-03]
 [3.75897540e+01 4.49506386e-04]
 [2.78407435e+01 6.26352427e-04]
 [2.68610201e+01 6.52357880e-04]
 [6.95786094e+00 2.79124006e-03]
 [3.13747967e+01 5.72094367e-04]
 [7.92846905e+00 2.27550219e-03]
 [7.84825982e+00 2.48704213e-03]
 [2.50587208e+01 6.81245902e-04]
 [1.12449400e+01 1.54172206e-03]
 [3.56013003e+01 4.70006728e-04]
 [2.37769318e+01 7.22756464e-04]
 [1.22393739e+01 1.43868618e-03]
 [6.18624924e+00 3.14533745e-03]
 [1.16682396e+01 1.49549583e-03]
 [3.46729633e+01 4.98890622e-04]
 [2.44284567e+01 7.17379784e-04]
 [7.25574066e+00 2.68641510e-03]
 [3.41291703e+01 5.09871063e-04]
 [9.87780720e+00 1.83835069e-03]
 [4.99183161e+00 4.18069492e-03]
 [1.75342962e+01 1.02864611e-03]
 [1.02466701e+01 1.72781284e-03]
 [1.82837521e+01 9.39460214e-04]
 [1.49543049e+01 1.17134884e-03]
 [1.03537938e+01 1.70817181e-03]
 [1.59350035e+01 1.09585958e-03]
 [8.62893581e+00 2.11574818e-03]
 [8.22346705e+00 2.26066068e-03]
 [3.52499846e+01 4.74632487e-04]
 [5.87884216e+00 3.22043883e-03]
 [1.76627826e+01 1.00690445e-03]
 [1.66341120e+01 1.03623324e-03]
 [1.92435929e+01 9.28336409e-04]
 [1.65322317e+01 1.04205900e-03]
 [3.84037579e+01 4.39336300e-04]]
