[[1.86260211e-03 3.45560727e-03 1.79353495e+00]
 [4.30247271e-03 9.73802078e-03 2.35560178e+00]
 [1.98569888e-03 4.26701009e-03 1.68669248e+00]
 [5.41559379e-03 9.74740371e-03 2.27320880e+00]
 [3.66543097e-03 8.62346253e-03 2.38535544e+00]
 [3.81016124e-03 7.49858311e-03 2.02228296e+00]
 [2.74119775e-03 5.60529991e-03 2.34345957e+00]
 [4.44117107e-03 8.28135361e-03 1.85269631e+00]
 [4.32981507e-03 9.09311989e-03 2.21095800e+00]
 [1.15103041e-03 2.27001165e-03 2.19196477e+00]
 [3.93884008e-03 6.88955048e-03 1.80800322e+00]
 [6.05212895e-03 9.90406197e-03 2.54783250e+00]
 [4.06288428e-03 7.43749196e-03 1.57597376e+00]
 [4.79737567e-03 9.46676679e-03 2.10686741e+00]
 [8.48018217e-04 2.02463036e-03 2.70847595e+00]
 [9.04097157e-04 1.28975984e-03 1.21052505e+00]
 [2.37214058e-03 5.39490891e-03 2.49856157e+00]
 [1.32906238e-03 2.83462432e-03 2.60128235e+00]
 [1.93864860e-03 4.95112363e-03 2.27024992e+00]
 [1.08067485e-03 1.91272052e-03 1.77409247e+00]
 [2.78504172e-03 6.14781891e-03 2.33033671e+00]
 [1.55528584e-03 3.17817550e-03 1.68796635e+00]
 [2.26789321e-03 4.08181403e-03 2.36612810e+00]
 [6.56219990e-04 1.80729214e-03 2.38861388e+00]
 [1.84748152e-03 4.30973654e-03 2.74649084e+00]
 [4.28335214e-03 9.35427012e-03 2.67768967e+00]
 [3.31014434e-03 6.59709804e-03 1.93308698e+00]
 [9.85390106e-04 1.35597047e-03 1.31872041e+00]
 [9.04097157e-04 1.28975984e-03 1.23247515e+00]
 [8.48018217e-04 2.02463036e-03 2.70701034e+00]
 [2.31462936e-03 4.26659319e-03 1.49622293e+00]
 [2.85004453e-03 5.95156472e-03 2.33033671e+00]
 [1.32161142e-03 2.06454059e-03 1.06883635e+00]
 [1.54418977e-03 2.75311761e-03 1.61396942e+00]
 [4.32710920e-03 7.11462589e-03 1.47293930e+00]
 [1.04953668e-03 2.08638311e-03 2.07597544e+00]
 [4.44117107e-03 8.28135361e-03 1.82453427e+00]
 [3.68894719e-03 7.10354578e-03 1.91128685e+00]
 [4.13748405e-03 8.33426057e-03 1.80623373e+00]
 [3.97518643e-03 7.46429643e-03 1.60126458e+00]
 [3.77871146e-03 6.63602632e-03 1.90027381e+00]
 [5.03983009e-03 9.58937621e-03 2.62257497e+00]
 [2.72292290e-03 5.39661150e-03 1.91210123e+00]
 [2.35077637e-03 4.69614918e-03 2.15717116e+00]
 [4.17269716e-03 8.61210790e-03 2.17443865e+00]
 [2.31462936e-03 4.26821349e-03 1.44318293e+00]
 [3.18674370e-03 6.07441894e-03 1.98712096e+00]
 [2.35077637e-03 4.74222701e-03 1.56982154e+00]
 [7.90536633e-03 9.74306196e-03 2.95908742e+00]
 [2.80287677e-03 6.18181842e-03 2.22875913e+00]
 [9.94507511e-04 2.27001165e-03 2.18812492e+00]
 [1.81364229e-03 2.90297997e-03 1.43378298e+00]
 [5.03215387e-03 8.69272357e-03 1.69094344e+00]
 [4.78064687e-03 9.81173268e-03 2.69583263e+00]
 [5.29945427e-04 1.55242067e-03 1.84661375e+00]
 [5.12041294e-03 9.58802516e-03 1.71936115e+00]
 [4.93963846e-04 9.56469427e-04 1.87109590e+00]
 [2.36381483e-03 5.09873973e-03 2.28886317e+00]
 [3.91212530e-03 7.49858311e-03 2.04809317e+00]
 [9.62564684e-03 9.84126544e-03 2.74557886e+00]
 [8.87612150e-04 1.35597047e-03 1.81998538e+00]
 [3.96950575e-03 7.77687158e-03 1.77605954e+00]
 [2.80192635e-03 5.48135655e-03 2.09995555e+00]
 [1.72604620e-03 4.08486206e-03 1.98799981e+00]
 [5.11436832e-03 9.03401915e-03 1.63779900e+00]
 [2.41945367e-03 4.21399864e-03 1.87357675e+00]
 [1.12173159e-03 2.16340404e-03 1.77401978e+00]
 [1.98185453e-03 3.14376616e-03 1.34953175e+00]
 [2.77833198e-03 6.06345882e-03 2.34294034e+00]]
