[[1.52610864e-02 2.65060857e+04]
 [4.48927166e-02 9.16056255e+03]
 [1.69870331e-02 2.59225653e+04]
 [4.91232333e-02 8.96634650e+03]
 [3.93752889e-02 1.06532184e+04]
 [5.26285058e-02 8.93022581e+03]
 [3.70128177e-02 1.09776149e+04]
 [1.07192317e-02 3.87363394e+04]
 [3.15247391e-02 1.32695640e+04]
 [3.18475519e-02 1.27103137e+04]
 [5.58102404e-02 8.67738208e+03]
 [3.13492445e-02 1.34289154e+04]
 [4.37664957e-02 9.35419140e+03]
 [9.94202140e-03 4.21205463e+04]
 [5.80348224e-03 8.04541568e+04]
 [5.30174139e-02 8.90322283e+03]
 [2.57065886e-02 1.59723699e+04]
 [1.42412880e-02 3.02360048e+04]
 [8.62407872e-03 4.80120660e+04]
 [2.84826754e-02 1.42657777e+04]
 [1.29877897e-02 3.30752248e+04]
 [7.73724338e-03 5.94455362e+04]
 [2.15610606e-02 1.97547574e+04]
 [5.13100196e-02 8.93622558e+03]
 [4.73555666e-02 9.12917325e+03]
 [2.90637842e-02 1.38857811e+04]
 [2.29386051e-02 1.91868348e+04]
 [2.54285229e-02 1.71379457e+04]
 [1.70144863e-02 2.46728070e+04]
 [2.29153110e-02 1.94586274e+04]
 [3.99419006e-02 1.02608016e+04]
 [4.02208390e-02 1.00900194e+04]
 [1.59397233e-02 2.59556692e+04]
 [4.85420263e-02 9.08735764e+03]
 [4.17519553e-02 9.65590185e+03]
 [1.22625148e-02 3.57583929e+04]
 [2.14235706e-02 1.98829430e+04]
 [7.89825181e-03 5.60377829e+04]
 [1.79276398e-02 2.37722748e+04]
 [6.06317045e-03 7.31242112e+04]
 [4.72250140e-02 9.14607321e+03]
 [1.84834521e-02 2.24075976e+04]
 [3.38067359e-02 1.18977451e+04]
 [7.92291147e-03 5.58912994e+04]
 [1.13894889e-02 3.62653348e+04]
 [7.60597937e-02 8.52018754e+03]
 [1.71138380e-02 2.38016977e+04]
 [2.46581633e-02 1.71431771e+04]
 [5.91563220e-03 7.81334073e+04]
 [2.74835822e-02 1.50820610e+04]
 [3.02055367e-02 1.34785376e+04]
 [1.48161569e-02 2.77549157e+04]
 [1.99593276e-02 2.16695115e+04]
 [2.54886321e-02 1.63808590e+04]
 [7.81248512e-03 5.69715653e+04]
 [3.63912599e-02 1.12272385e+04]
 [1.39156096e-02 3.03817638e+04]
 [3.99888992e-02 1.02564325e+04]
 [5.55668944e-02 8.75598393e+03]
 [6.72266803e-03 5.98839123e+04]
 [5.12482607e-02 8.95101406e+03]
 [2.69219933e-02 1.53903729e+04]
 [2.21861334e-02 1.97360318e+04]
 [3.55600725e-02 1.17229436e+04]
 [1.30307349e-02 3.28633328e+04]
 [1.10151730e-02 3.85517010e+04]
 [2.79810894e-02 1.47121713e+04]
 [2.61569638e-02 1.59145492e+04]
 [6.57495049e-02 8.58150336e+03]
 [2.01878962e-02 2.01832008e+04]
 [1.37350255e-02 3.28232408e+04]
 [4.33824428e-02 9.38403886e+03]
 [3.35637653e-02 1.23466930e+04]
 [3.27984286e-02 1.24224741e+04]
 [5.10616841e-03 8.23705383e+04]
 [2.29499135e-02 1.77599494e+04]
 [3.87031323e-02 1.09612677e+04]
 [3.91275860e-02 1.09182857e+04]
 [8.35449879e-03 4.91852198e+04]
 [1.03245363e-02 4.08324996e+04]]
