[[1.52610864e-02 2.65060857e+04]
 [3.39946541e-02 1.19017793e+04]
 [3.70128177e-02 1.09776149e+04]
 [4.18541489e-02 9.65590185e+03]
 [3.60068990e-02 1.12436204e+04]
 [2.36419892e-02 1.81196144e+04]
 [4.09797362e-02 9.84118423e+03]
 [4.35505965e-02 9.43285662e+03]
 [3.23388407e-02 1.28831645e+04]
 [3.25301022e-02 1.26961461e+04]
 [3.41270037e-02 1.18838652e+04]
 [4.53039793e-02 9.10560780e+03]
 [3.76161081e-02 1.08397463e+04]
 [3.54578651e-02 1.13546009e+04]
 [3.19044669e-02 1.33085707e+04]
 [1.05093570e-02 3.86410673e+04]
 [5.54677317e-02 8.48000030e+03]
 [2.45387574e-02 1.64499946e+04]
 [3.84303633e-02 1.04984153e+04]
 [3.24643149e-02 1.26966818e+04]
 [2.69750656e-02 1.52609352e+04]
 [5.02530381e-02 8.68692535e+03]
 [1.04352125e-02 4.20069757e+04]
 [4.29230310e-02 9.45774026e+03]
 [1.18699414e-02 3.77217708e+04]
 [5.52421519e-02 8.52649873e+03]
 [1.20777885e-02 3.44886909e+04]
 [5.42469033e-03 8.20827182e+04]
 [4.44309521e-02 9.16056255e+03]
 [1.74688808e-02 2.43197310e+04]
 [5.35041387e-03 9.63125715e+04]
 [4.15042667e-02 9.68151115e+03]
 [1.25130766e-02 3.31646046e+04]
 [3.94563585e-02 1.04399065e+04]
 [1.67076481e-02 2.52074367e+04]
 [1.10276390e-02 3.84568461e+04]
 [3.45760340e-02 1.16088166e+04]
 [1.39290584e-02 3.03111443e+04]
 [2.17386235e-02 1.93554450e+04]
 [2.59898955e-02 1.57166027e+04]
 [2.62403774e-02 1.54998385e+04]
 [4.39809493e-02 9.19207828e+03]
 [2.31880400e-02 1.88606450e+04]
 [4.53585700e-02 8.94271873e+03]
 [8.66255510e-03 4.86826412e+04]
 [5.35344312e-02 8.59765631e+03]
 [6.62625241e-03 6.42831377e+04]
 [4.74662867e-02 8.85660346e+03]
 [1.81820877e-02 2.38191282e+04]
 [2.19132369e-02 1.93508175e+04]
 [1.52772097e-02 2.64051419e+04]
 [1.79310837e-02 2.38378536e+04]
 [1.20930561e-02 3.44560986e+04]
 [3.55313598e-02 1.13018403e+04]
 [1.18529517e-02 3.78973206e+04]
 [1.82867272e-02 2.30588503e+04]
 [8.28040057e-03 5.13225306e+04]
 [1.88136185e-02 2.21783232e+04]
 [3.99239717e-02 1.00670353e+04]
 [2.85386107e-02 1.40989435e+04]
 [4.90875318e-02 8.77127054e+03]
 [2.39775774e-02 1.72269235e+04]
 [9.93254934e-03 4.57084374e+04]
 [1.95896722e-02 2.05867102e+04]
 [3.70019814e-02 1.11942186e+04]
 [1.44960517e-02 2.81526489e+04]
 [5.53318679e-02 8.51666639e+03]
 [3.17320648e-02 1.34862253e+04]
 [5.51103852e-03 7.42017425e+04]]
