[[3.60699608e+01 1.65566552e+01]
 [7.76812641e+00 3.22621992e+01]
 [3.44753316e+01 1.71025222e+01]
 [3.38364045e+00 3.78835185e+01]
 [7.01718697e+00 3.32064912e+01]
 [2.06701379e+01 2.30235463e+01]
 [8.35413583e+01 6.42080819e+00]
 [6.42545421e-02 4.82357273e+01]
 [5.60857909e+01 1.11194220e+01]
 [6.81555654e+01 8.66305532e+00]
 [8.89085385e-01 4.35860832e+01]
 [6.14466549e-01 4.47011988e+01]
 [1.45298019e+01 2.68269711e+01]
 [5.83176055e+01 1.06016468e+01]
 [7.04643053e+01 8.30666886e+00]
 [7.07409588e+00 3.29968040e+01]
 [6.16784942e+01 9.95395502e+00]
 [4.22734344e+01 1.46637253e+01]
 [1.04976551e+01 2.98948891e+01]
 [5.10129214e+01 1.23026655e+01]
 [3.09838326e+01 1.84529702e+01]
 [9.65869014e+01 5.29510110e+00]
 [8.61160919e+00 3.19010647e+01]
 [7.47103428e+00 3.27839613e+01]
 [1.93888691e-01 4.71300901e+01]
 [3.56757064e+01 1.67682477e+01]
 [1.17329489e+02 4.34324222e+00]
 [4.66951383e+00 3.58988353e+01]
 [5.69893656e+01 1.08917859e+01]
 [6.83382844e+01 8.64617576e+00]
 [4.34026601e+01 1.43443386e+01]
 [4.18005687e+01 1.50087135e+01]
 [5.00504672e+01 1.25116603e+01]
 [1.88251444e+01 2.41843976e+01]
 [3.69837635e+01 1.63225093e+01]
 [8.64919865e+01 6.15676129e+00]
 [3.54154819e+01 1.70003975e+01]
 [3.36542071e+01 1.74010150e+01]
 [3.20537255e+00 3.81544643e+01]
 [4.94481916e+00 3.56141364e+01]
 [1.27649019e+01 2.80997480e+01]
 [2.40538698e+01 2.14695150e+01]
 [1.76416094e+01 2.47118499e+01]
 [3.65897047e+01 1.63953110e+01]
 [3.90543284e+01 1.57619739e+01]
 [3.45522876e+01 1.70747341e+01]
 [6.60570199e+00 3.36094052e+01]
 [1.80423365e+01 2.44961765e+01]
 [1.96258891e+01 2.36721204e+01]
 [2.60715938e+01 2.04413110e+01]
 [1.13176479e+02 4.40008233e+00]
 [5.52125248e+01 1.12655947e+01]
 [2.19397108e+01 2.24050852e+01]
 [3.00598014e+01 1.88419209e+01]
 [3.41220303e+01 1.73264801e+01]
 [1.89103910e+01 2.41424607e+01]
 [2.51428834e+01 2.08746567e+01]
 [6.14235598e-02 4.82813899e+01]
 [2.84959722e+00 3.90117507e+01]
 [2.13232687e+01 2.26786613e+01]
 [1.05562019e+01 2.98345246e+01]
 [9.91132729e+01 5.12795428e+00]
 [3.53394773e+01 1.70225438e+01]
 [6.07910075e+01 1.01272148e+01]
 [4.35830025e+01 1.42356392e+01]
 [1.18207969e+01 2.86550871e+01]
 [6.02067113e-02 4.82869931e+01]
 [6.87080823e+01 8.56563835e+00]
 [1.92769759e+01 2.38044020e+01]
 [6.53059256e+01 9.25440570e+00]
 [1.16136248e+01 2.88783037e+01]
 [4.88686889e+01 1.29074273e+01]
 [5.52254902e+00 3.51745212e+01]
 [6.17827016e+01 9.86777630e+00]
 [1.56636918e+01 2.60452050e+01]
 [2.11283489e+01 2.28432704e+01]
 [6.71978336e+01 8.86631112e+00]
 [6.64498105e+01 8.97418929e+00]
 [4.45339494e+01 1.40904317e+01]
 [9.72571192e+00 3.04775604e+01]
 [6.91554131e+01 8.53926699e+00]
 [2.21705622e+01 2.22802567e+01]
 [1.17990228e+02 4.28342383e+00]
 [4.70299152e+01 1.32659999e+01]
 [4.17076378e-01 4.55778117e+01]
 [3.41784983e+00 3.78601004e+01]
 [1.39775352e+00 4.20314746e+01]
 [5.89167768e+00 3.43119390e+01]
 [9.53016759e+01 5.38611861e+00]
 [1.00532219e-01 4.77961137e+01]
 [7.67313213e+01 7.27839354e+00]
 [7.94451631e+01 6.94835380e+00]
 [2.94541152e+01 1.89931148e+01]
 [3.09201809e+01 1.86871985e+01]
 [3.69900386e+00 3.73381855e+01]
 [8.65699994e+01 6.14336016e+00]
 [8.13686633e+01 6.80776519e+00]
 [4.60642037e+01 1.36250967e+01]
 [1.06973314e+01 2.96483450e+01]
 [8.76690229e-01 4.36349352e+01]
 [2.04029693e+01 2.32180012e+01]
 [1.99827991e+01 2.33871717e+01]
 [5.98447710e+01 1.02950872e+01]
 [3.09617006e+01 1.84656271e+01]
 [5.31194394e-01 4.50211649e+01]
 [7.78394491e+01 7.14256044e+00]
 [2.95577095e+00 3.86329926e+01]
 [5.66482752e+01 1.09576032e+01]
 [4.54689423e+01 1.37729981e+01]
 [3.81851500e+01 1.60348679e+01]
 [1.34433833e+00 4.24384982e+01]
 [1.01708974e+01 3.00485427e+01]
 [3.23537906e+01 1.80733690e+01]
 [9.41419369e+01 5.44807997e+00]
 [5.25739338e+01 1.18726667e+01]
 [4.13397701e+00 3.66621966e+01]
 [2.16858084e+01 2.25000538e+01]
 [5.47710096e+01 1.14526893e+01]
 [3.60106319e+01 1.66410474e+01]
 [2.46777189e+01 2.12268796e+01]
 [4.56961161e+01 1.36881000e+01]
 [6.22383946e+01 9.80821158e+00]
 [2.52772557e+01 2.07729872e+01]
 [3.24665811e+01 1.80050435e+01]
 [5.92050177e+01 1.04203521e+01]
 [1.59207133e+01 2.58995575e+01]
 [1.35773354e+01 2.73747997e+01]
 [1.00303461e+01 3.02708879e+01]
 [6.25279244e+01 9.74187124e+00]
 [2.18221184e+00 4.03269216e+01]
 [3.17591337e-01 4.63503988e+01]
 [1.61529083e+00 4.14494234e+01]
 [7.45506966e+01 7.65912474e+00]
 [3.60573972e+01 1.66077516e+01]
 [8.86284070e+01 5.92459880e+00]
 [6.81219650e+01 8.67176585e+00]
 [1.11324716e+02 4.56157900e+00]
 [5.42839887e+01 1.15810542e+01]
 [6.20613469e+00 3.39390168e+01]
 [1.22719250e+01 2.83102602e+01]
 [1.26212431e+02 4.10545056e+00]
 [2.91748114e+01 1.91464069e+01]
 [7.84486127e+01 7.03955505e+00]
 [5.45303474e+01 1.15345881e+01]
 [1.02494700e+02 4.87926434e+00]
 [1.35446192e+01 2.76557467e+01]
 [5.23138877e+00 3.52360939e+01]
 [9.67983835e+01 5.28048517e+00]
 [2.75473422e+01 1.99245607e+01]
 [4.70289251e+01 1.34829731e+01]
 [8.44022283e+01 6.41761601e+00]
 [8.72705287e+01 6.02464249e+00]
 [9.87473406e+01 5.13285283e+00]
 [7.41312026e+01 7.66004609e+00]
 [2.27153268e+01 2.20881677e+01]
 [7.11955367e+01 8.13602142e+00]
 [4.80357938e+01 1.30008941e+01]
 [3.31149886e+01 1.79112520e+01]
 [1.70631780e+01 2.50956189e+01]
 [5.45954634e+01 1.14982500e+01]
 [2.09145057e+01 2.29576861e+01]
 [5.15863899e+01 1.22810885e+01]
 [1.39148620e+00 4.20387026e+01]
 [1.52434656e+01 2.64713461e+01]
 [6.77112903e+01 8.74562471e+00]
 [8.23022139e+01 6.57158874e+00]
 [5.68782401e+01 1.09427866e+01]
 [8.95122463e+01 5.83503548e+00]
 [6.74092125e+01 8.79706888e+00]
 [1.02632960e+01 2.99749267e+01]
 [8.32134705e+01 6.48300686e+00]
 [2.13719522e+01 2.26757405e+01]
 [4.91645553e+01 1.27407092e+01]
 [4.97835454e+01 1.26438058e+01]
 [4.27713176e+00 3.65082193e+01]
 [9.07698441e+01 5.77539861e+00]
 [1.08113582e+02 4.59851827e+00]
 [7.10348869e+01 8.18022774e+00]
 [3.32130735e+01 1.75642115e+01]
 [2.45985877e+01 2.13189734e+01]
 [9.91321053e-01 4.35138053e+01]
 [6.27849248e+01 9.69309691e+00]
 [1.89652596e+01 2.39918921e+01]
 [7.63110091e+00 3.26386328e+01]
 [2.29393727e+01 2.18780217e+01]
 [5.75957878e+01 1.07939390e+01]
 [2.82060060e+01 1.95538402e+01]
 [5.54387035e+00 3.51374657e+01]
 [1.25653319e+01 2.82289664e+01]
 [2.79263355e+01 1.96212375e+01]
 [8.32400228e-01 4.38182766e+01]
 [1.20645933e+02 4.20284639e+00]
 [7.26545105e+00 3.28073601e+01]
 [7.68627140e+01 7.25962181e+00]
 [4.24634078e+01 1.45858418e+01]
 [2.04189460e+01 2.31824051e+01]
 [1.75011909e+00 4.12470875e+01]
 [5.37936120e+01 1.15893577e+01]
 [5.01397109e+01 1.24907350e+01]
 [3.34854197e-01 4.61835172e+01]
 [2.85914091e+01 1.93778175e+01]
 [7.91974167e+00 3.20977461e+01]
 [1.22731790e+00 4.31924036e+01]
 [8.92436399e+01 5.86257072e+00]
 [9.93986956e-01 4.34237805e+01]
 [1.74049274e+01 2.49530843e+01]
 [7.48418569e+00 3.27778133e+01]
 [5.17007613e+01 1.20870319e+01]
 [5.71714075e+01 1.08494985e+01]
 [3.16164426e+01 1.81446648e+01]
 [1.42226093e+01 2.70401377e+01]
 [5.57056063e+01 1.12214255e+01]
 [2.57109346e+01 2.05774151e+01]
 [5.35065726e+01 1.16639006e+01]
 [9.32750331e+01 5.51561727e+00]
 [6.41578671e+01 9.48889427e+00]
 [2.75619430e+01 1.98153569e+01]
 [9.12073640e+01 5.67284971e+00]
 [2.65372710e+00 3.91606984e+01]
 [2.55544003e+01 2.07370769e+01]
 [5.03556134e+00 3.54086005e+01]
 [1.47418240e+01 2.65363532e+01]
 [3.80059363e+00 3.71651153e+01]
 [4.90642325e+01 1.27681305e+01]
 [1.00053916e+02 5.05413312e+00]
 [1.02555529e+02 4.84928076e+00]
 [4.18258145e+01 1.48676062e+01]
 [3.12141197e-01 4.66144125e+01]
 [9.57344479e+01 5.30159754e+00]
 [4.40421771e+01 1.41091970e+01]
 [6.91195408e+00 3.32068192e+01]
 [1.24566291e+01 2.82948793e+01]
 [7.92612896e+01 7.03942326e+00]
 [1.30351188e+01 2.77917396e+01]
 [3.71569284e+00 3.73103188e+01]
 [5.61551491e+01 1.11124926e+01]
 [5.58394684e+01 1.11656560e+01]
 [2.76774156e+01 1.97932288e+01]
 [2.65189154e+01 2.02465188e+01]
 [1.62922876e+01 2.56179586e+01]
 [1.02128613e+02 4.91192385e+00]
 [2.30349301e+01 2.18313682e+01]
 [7.27638873e-01 4.43171745e+01]
 [2.08926034e+00 4.08713540e+01]
 [3.42406589e-02 4.87026632e+01]
 [4.96276206e+00 3.55955282e+01]
 [3.61082007e+00 3.74953582e+01]
 [4.58966590e+00 3.63066227e+01]
 [7.79426206e+01 7.12496072e+00]
 [3.44882336e+00 3.78143519e+01]
 [3.83112092e+01 1.58518721e+01]
 [2.26230563e+01 2.22505771e+01]
 [1.56905172e+00 4.15688669e+01]
 [6.60377958e+01 9.05146247e+00]
 [2.88022912e+01 1.92948222e+01]
 [1.99394572e+01 2.34104350e+01]
 [6.06550833e+01 1.01607216e+01]
 [6.92790585e+01 8.49457713e+00]
 [7.22222980e+01 7.96464481e+00]
 [1.36988463e+01 2.72802532e+01]
 [7.81150841e+01 7.09568166e+00]
 [3.33333390e+01 1.75199032e+01]
 [5.36311917e+01 1.16380299e+01]
 [6.62793903e+01 9.00793880e+00]
 [4.32912344e+00 3.63698651e+01]
 [4.10300791e+00 3.67988152e+01]
 [9.15191549e+00 3.08971101e+01]
 [5.76294563e+01 1.07595807e+01]
 [8.17561554e+01 6.66659342e+00]
 [9.75652269e+01 5.20618703e+00]
 [3.72474975e+01 1.61616069e+01]
 [1.90403455e+00 4.09451615e+01]
 [1.91751545e+00 4.09053493e+01]
 [6.50532915e+01 9.30796142e+00]
 [4.62452815e+01 1.34921528e+01]
 [1.06839573e+02 4.71030008e+00]
 [1.46782318e+01 2.65805570e+01]
 [3.99829841e+01 1.53583276e+01]
 [2.01538405e+01 2.33173687e+01]
 [1.60944329e+01 2.56609210e+01]
 [5.16920575e+01 1.22593291e+01]
 [6.35423353e+01 9.53524701e+00]
 [2.33824386e+01 2.16762126e+01]
 [2.28157364e+01 2.19426034e+01]
 [3.49005389e+00 3.77705637e+01]
 [9.48912217e+01 5.41622700e+00]
 [8.76098312e+00 3.12776254e+01]
 [2.68214047e+01 2.01119035e+01]
 [2.92571547e+01 1.91224907e+01]
 [1.23363867e+02 4.15087255e+00]
 [3.10709582e+01 1.83564188e+01]
 [3.96413764e+00 3.69373211e+01]
 [5.24045711e+01 1.19566664e+01]
 [2.76637100e+01 1.98137531e+01]
 [6.45257577e+01 9.38371352e+00]
 [6.29490099e+01 9.63543877e+00]
 [1.31955187e+02 4.03175330e+00]
 [1.91179677e+01 2.38629804e+01]
 [5.58742462e+00 3.47309368e+01]
 [7.76577138e+01 7.18231020e+00]
 [3.69395604e+00 3.74259765e+01]
 [1.21761665e+01 2.85331778e+01]
 [7.57567886e+01 7.42807746e+00]
 [1.42639421e+01 2.69332586e+01]
 [6.13793725e+01 1.00919327e+01]
 [1.72323283e+01 2.50714837e+01]
 [1.07434213e+01 2.95314680e+01]
 [2.37298669e+00 3.97013960e+01]
 [3.64829604e-02 4.86714497e+01]
 [8.29593141e+01 6.51965112e+00]
 [4.46341932e-01 4.54066203e+01]
 [1.01319936e+02 4.91991940e+00]
 [8.58231214e+01 6.28811330e+00]
 [3.14981847e+01 1.81894750e+01]
 [5.81029169e+01 1.06665878e+01]
 [1.44269818e+00 4.18692788e+01]
 [5.56055495e+01 1.12457757e+01]
 [2.37073672e+01 2.15052744e+01]
 [1.75050324e+01 2.48124215e+01]
 [1.49934220e+01 2.64876447e+01]
 [8.99631979e+01 5.81823686e+00]
 [1.26221711e+02 4.10388930e+00]
 [8.73551133e+01 6.01050292e+00]
 [1.03677574e+02 4.82447195e+00]
 [1.01724170e+01 2.99938267e+01]
 [7.39945931e+01 7.69800033e+00]
 [1.09592649e+02 4.56576439e+00]
 [2.51054198e+00 3.94298124e+01]
 [7.57138247e+01 7.45508892e+00]
 [2.58807659e-01 4.70542717e+01]
 [4.74455360e+01 1.31560670e+01]
 [5.33606998e+01 1.17448927e+01]
 [3.93647543e+00 3.69705296e+01]
 [1.53878815e+01 2.62978329e+01]]
