[[4.86621314e+00 6.48194950e-03]
 [3.18032647e+01 6.57607673e-04]
 [3.23474214e+01 6.42435431e-04]
 [2.23930593e+01 9.50885037e-04]
 [8.42493582e+00 2.79476072e-03]
 [1.62072948e+01 1.34727829e-03]
 [1.26053579e+01 1.94096797e-03]
 [2.49856601e+01 8.35621306e-04]
 [1.05192484e+01 2.36960019e-03]
 [2.91230719e+01 8.07504146e-04]
 [4.54851524e+00 1.18642502e-02]
 [7.26432609e+01 4.66790677e-04]
 [3.24231895e+01 6.37194763e-04]
 [1.61928121e+01 1.35145983e-03]
 [3.30354987e+01 6.07731469e-04]
 [6.21855677e+00 4.32041620e-03]
 [2.06190854e+01 1.06992833e-03]
 [6.70616807e+01 4.69028511e-04]
 [1.13099674e+01 2.04270402e-03]
 [1.83545376e+01 1.33762002e-03]
 [2.30500484e+01 8.60952245e-04]
 [3.48996576e+01 6.04068731e-04]
 [1.99585730e+01 1.08831165e-03]
 [3.52215916e+01 5.25618888e-04]
 [3.04652233e+01 8.01750723e-04]
 [5.03067417e+01 4.71943293e-04]
 [1.95458482e+01 1.17838898e-03]
 [1.56583972e+01 1.53931552e-03]
 [4.01366685e+01 5.06344271e-04]
 [1.31206269e+01 1.64726504e-03]
 [2.23398863e+01 1.02269345e-03]]
