[[8.86397957e+00 3.02645768e-03]
 [5.08211665e+01 4.75982484e-04]
 [1.96290348e+01 9.15566812e-04]
 [1.23027685e+01 1.54979057e-03]
 [2.70279191e+01 6.19794954e-04]
 [4.83057131e+00 6.48194950e-03]
 [9.36557507e+00 2.65846500e-03]
 [7.90253424e+01 4.75238635e-04]
 [3.15182258e+01 6.12193258e-04]
 [2.06029296e+01 9.03640673e-04]
 [4.02813071e+01 5.08476492e-04]
 [6.72606090e+00 6.47342078e-03]
 [2.42105786e+01 8.47663709e-04]
 [1.89437229e+01 1.32129235e-03]
 [4.09622093e+01 4.76390969e-04]
 [7.89754860e+01 4.75951455e-04]
 [3.40601632e+01 5.39374463e-04]
 [2.53592182e+01 6.58274367e-04]
 [3.55651701e+01 5.29363610e-04]
 [1.88501664e+01 1.34600184e-03]]
