[[1.52610864e-02 2.65060857e+04]
 [4.48927166e-02 9.16056255e+03]
 [1.69870331e-02 2.59225653e+04]
 [4.91232333e-02 8.96634650e+03]
 [3.93752889e-02 1.06532184e+04]
 [3.39946541e-02 1.19017793e+04]
 [2.69897406e-02 1.55173060e+04]
 [3.69601535e-02 1.15706902e+04]
 [3.70128177e-02 1.09776149e+04]
 [4.18541489e-02 9.65590185e+03]
 [1.07192317e-02 3.87363394e+04]
 [6.65579178e-03 8.01334124e+04]
 [2.36734457e-02 1.87026776e+04]
 [3.15247391e-02 1.32695640e+04]
 [3.18475519e-02 1.27103137e+04]
 [2.37449270e-02 1.84067872e+04]
 [4.37664957e-02 9.35419140e+03]
 [9.94202140e-03 4.21205463e+04]
 [1.75662574e-02 2.46631743e+04]
 [5.80348224e-03 8.04541568e+04]
 [5.30174139e-02 8.90322283e+03]
 [2.57065886e-02 1.59723699e+04]
 [2.40249579e-02 1.80470326e+04]
 [1.42412880e-02 3.02360048e+04]
 [2.11989407e-02 2.09003634e+04]
 [8.62407872e-03 4.80120660e+04]
 [2.84826754e-02 1.42657777e+04]
 [2.28060361e-02 1.98800597e+04]
 [1.29877897e-02 3.30752248e+04]
 [2.10250921e-02 2.12776263e+04]
 [7.73724338e-03 5.94455362e+04]
 [1.83140111e-02 2.32253935e+04]
 [1.11229260e-02 3.67084186e+04]
 [1.79009391e-02 2.39357661e+04]
 [9.61467883e-03 4.24121054e+04]
 [4.82502039e-03 8.70872191e+04]
 [7.33146244e-02 8.62068593e+03]
 [1.05707656e-02 3.96689526e+04]
 [1.24979682e-02 3.64795034e+04]
 [3.41365114e-02 1.18604701e+04]
 [1.90932465e-02 2.18854992e+04]
 [3.95410284e-02 1.02568604e+04]
 [8.29872605e-03 5.84096201e+04]
 [1.42343650e-02 3.02390827e+04]
 [7.05739411e-03 6.31889098e+04]
 [2.93273038e-02 1.41688920e+04]
 [1.49228907e-02 2.96997424e+04]
 [1.65888378e-02 2.64833576e+04]
 [3.69288802e-02 1.15722411e+04]
 [5.44444815e-02 8.62253628e+03]
 [2.50419531e-02 1.70315692e+04]
 [4.29418928e-02 9.43140955e+03]
 [2.13757287e-02 1.99166192e+04]
 [4.26013773e-02 9.54599326e+03]
 [5.03778327e-03 8.66184762e+04]
 [5.25139794e-02 8.93008003e+03]
 [2.77616477e-02 1.45930237e+04]
 [3.00404953e-02 1.33793467e+04]]
