[[0.62822678 4.53414591 9.09509548 1.55636897]
 [0.43379929 4.27441307 8.65190854 0.52291692]
 [1.52433924 1.41875043 9.37709581 4.04857475]
 [1.4989948  1.86709885 9.70171865 3.74195519]
 [1.36438273 0.93245491 8.65502654 2.30850721]
 [1.68005678 1.30700616 9.63388057 2.58191717]
 [0.55867567 3.33434245 9.48881637 0.91937637]
 [1.18582585 2.56987231 9.60000241 1.2892189 ]
 [1.68005678 1.33410659 9.63388057 2.53643049]
 [1.67840347 2.38951652 9.83932293 2.87747423]
 [0.55867567 3.33434245 9.11930987 0.91937637]
 [0.62822678 4.53414591 9.11475638 1.55636897]
 [0.62388034 4.19915428 8.93640226 2.15907107]
 [0.69752944 1.74904056 9.35620339 3.19180207]
 [0.26009473 7.95087267 9.81596361 4.79609743]
 [0.43379929 4.34702759 8.61239873 0.55482563]
 [0.40507758 7.27914992 9.04891083 2.17106815]
 [0.75457527 3.17481379 9.22199366 1.42486367]
 [2.91902764 0.36814881 9.83934589 4.59784436]
 [0.43379929 4.27441307 8.59856458 0.52291692]
 [0.86148828 5.34361319 9.4407429  1.99407863]]
