[[4.86621314e+00 6.48194950e-03]
 [2.66856846e+01 8.74207489e-04]
 [2.37880913e+01 9.82461569e-04]
 [1.69437895e+01 1.58340932e-03]
 [4.15087065e+01 5.30915070e-04]
 [4.39695122e+00 7.34894514e-03]
 [1.72903768e+01 1.20656690e-03]
 [1.14296192e+01 2.41822023e-03]
 [3.08522317e+01 6.32017965e-04]
 [3.53887616e+00 1.71257667e-02]
 [3.27406757e+01 5.44359658e-04]
 [2.41333778e+01 8.84919127e-04]
 [4.60424946e+01 4.82323290e-04]
 [1.32456971e+01 1.65179014e-03]
 [4.61095333e+01 4.56979945e-04]
 [1.48686785e+01 1.62304495e-03]
 [2.21921763e+01 1.14178393e-03]
 [2.23825130e+01 9.86875144e-04]
 [1.58762781e+02 4.50579439e-04]
 [4.22778014e+01 5.24495993e-04]
 [9.08398556e+00 2.90209926e-03]
 [4.10996182e+01 5.31104648e-04]
 [2.74047537e+01 7.80482071e-04]
 [1.29721594e+01 1.96852294e-03]
 [1.85046743e+01 1.15676424e-03]]
