[[1.52610864e-02 2.65060857e+04]
 [4.48927166e-02 9.16056255e+03]
 [1.69870331e-02 2.59225653e+04]
 [3.93752889e-02 1.06532184e+04]
 [4.17531679e-02 1.03584766e+04]
 [3.39946541e-02 1.19017793e+04]
 [3.99955887e-02 1.06219886e+04]
 [2.69897406e-02 1.55173060e+04]
 [8.65147059e-03 5.46644892e+04]
 [3.70128177e-02 1.09776149e+04]
 [4.18541489e-02 9.65590185e+03]
 [1.31546121e-02 3.47853465e+04]
 [1.07192317e-02 3.87363394e+04]
 [3.15247391e-02 1.32695640e+04]
 [8.73430708e-03 4.97827473e+04]
 [3.18475519e-02 1.27103137e+04]
 [5.58102404e-02 8.67738208e+03]
 [2.37449270e-02 1.84067872e+04]
 [2.89231505e-02 1.45152970e+04]
 [4.37664957e-02 9.35419140e+03]
 [9.94202140e-03 4.21205463e+04]
 [1.75662574e-02 2.46631743e+04]
 [5.80348224e-03 8.04541568e+04]
 [5.30174139e-02 8.90322283e+03]
 [2.57065886e-02 1.59723699e+04]
 [2.87598217e-02 1.46498564e+04]
 [2.40249579e-02 1.80470326e+04]
 [1.42412880e-02 3.02360048e+04]
 [1.45492137e-02 2.89461304e+04]
 [2.56973444e-02 1.59736733e+04]
 [6.80047475e-03 7.52976258e+04]
 [2.08532574e-02 1.93781922e+04]
 [1.33633814e-02 3.41912557e+04]
 [3.38971204e-02 1.20189240e+04]
 [2.17895617e-02 1.92772050e+04]
 [3.63310204e-02 1.15301934e+04]
 [2.92639746e-02 1.41848622e+04]
 [3.37540711e-02 1.20432693e+04]
 [1.18196361e-02 3.64089738e+04]
 [3.17863930e-02 1.30318096e+04]
 [4.40620204e-02 9.23259660e+03]
 [2.52678743e-02 1.69211727e+04]
 [5.77033604e-02 8.61117534e+03]
 [5.10218155e-03 9.37772150e+04]
 [3.60437691e-02 1.18635364e+04]
 [4.50619921e-02 9.00779631e+03]
 [1.74208689e-02 2.56232459e+04]
 [5.54495473e-02 8.82239526e+03]
 [2.76162714e-02 1.50482317e+04]
 [7.37082602e-02 8.59976683e+03]
 [6.10460727e-03 7.57500898e+04]
 [1.23860261e-02 3.56385372e+04]
 [1.92191919e-02 2.20472615e+04]
 [4.81293147e-02 8.90636964e+03]
 [2.21178648e-02 1.85766953e+04]
 [4.15956695e-02 1.04044492e+04]
 [3.10792577e-02 1.34228897e+04]]
