[[4.99813992e+00 2.99999886e+00]
 [1.05584995e-02 1.82551572e-04]
 [2.85220762e+00 2.91727194e+00]
 [2.44942224e+00 2.98998192e+00]
 [1.63921084e+00 1.84526201e+00]
 [4.60849286e+00 2.99808580e+00]
 [4.46184339e+00 2.95970425e+00]
 [9.15972699e-01 7.76159316e-01]
 [6.76510556e-01 5.25731682e-01]
 [8.38435391e-01 1.09633733e-01]
 [3.66375857e+00 2.98568093e+00]
 [1.38492023e+00 1.73520219e+00]
 [1.72918561e+00 1.91405822e+00]
 [3.35194484e+00 2.83775750e+00]
 [2.72360490e+00 2.59069646e+00]
 [3.01509456e+00 2.92873289e+00]
 [2.79787499e+00 2.30475765e+00]
 [9.89880371e-01 8.61253118e-01]
 [3.53375946e+00 2.99196855e+00]
 [1.48005535e+00 1.10248629e+00]
 [2.79439765e+00 2.38575674e+00]
 [3.76179289e+00 2.99896344e+00]
 [1.56555861e+00 1.72387289e+00]
 [2.43402143e+00 2.38837386e+00]
 [2.07801486e+00 2.13993995e+00]
 [4.01775562e+00 2.99999942e+00]
 [8.84717304e-01 1.48650163e+00]
 [3.57254067e-01 3.35790737e-01]
 [2.07801486e+00 2.01054647e+00]
 [4.19952499e+00 2.99262529e+00]
 [1.34885885e+00 1.11187901e+00]
 [1.33379143e+00 1.58952277e+00]
 [3.92401396e+00 2.99300064e+00]
 [1.95967125e+00 1.96358472e+00]
 [2.60186885e+00 2.36262894e+00]
 [2.09201869e+00 2.20276221e+00]
 [4.88273714e+00 2.99999886e+00]
 [3.07889728e+00 2.76995506e+00]
 [3.58637677e-01 4.50932360e-01]
 [3.12410643e+00 2.94293655e+00]
 [8.19691717e-01 6.84479844e-01]
 [3.39935219e+00 2.92873289e+00]
 [1.48005535e+00 1.32268706e+00]
 [3.84128907e+00 2.99995745e+00]
 [1.97010130e+00 2.04721765e+00]
 [1.56555861e+00 1.70469366e+00]
 [4.81144862e+00 2.99991221e+00]
 [9.77823710e-01 1.05876490e+00]
 [4.71943989e+00 2.99816574e+00]
 [2.48759321e-01 3.35790737e-01]
 [1.18755326e-01 1.39639524e-01]
 [8.01908728e-01 5.50095816e-01]
 [1.48005535e+00 1.20819258e+00]
 [2.53164779e+00 2.38837386e+00]
 [1.24409725e+00 1.00186979e+00]
 [4.32024225e+00 2.99666937e+00]
 [1.72918561e+00 2.00804042e+00]
 [4.14769709e+00 2.95112308e+00]
 [5.30432820e-01 7.35552746e-01]
 [4.96893930e+00 2.99999888e+00]
 [9.25145351e-01 5.04830701e-01]
 [3.11335787e+00 2.99818266e+00]
 [1.14183967e-01 7.68220549e-04]
 [4.97067814e-01 3.95959954e-01]
 [1.73094562e+00 2.08840585e+00]
 [2.36614809e+00 2.22732297e+00]
 [2.33415683e+00 2.38274007e+00]
 [1.34737536e+00 7.76159316e-01]
 [2.24904361e+00 2.44837079e+00]
 [4.32024225e+00 2.99999942e+00]]
