[[1.86260211e-03 3.45560727e-03 1.79353495e+00]
 [4.30247271e-03 9.73802078e-03 2.35560178e+00]
 [1.98569888e-03 4.26701009e-03 1.68669248e+00]
 [2.74119775e-03 5.60529991e-03 2.34345957e+00]
 [4.44117107e-03 8.28135361e-03 1.85269631e+00]
 [4.32981507e-03 9.09311989e-03 2.21095800e+00]
 [1.15103041e-03 2.27001165e-03 2.19196477e+00]
 [3.93884008e-03 6.88955048e-03 1.80800322e+00]
 [3.72748802e-03 7.10354578e-03 1.91128685e+00]
 [6.05212895e-03 9.90406197e-03 2.54783250e+00]
 [4.06288428e-03 7.43749196e-03 1.57597376e+00]
 [4.79737567e-03 9.46676679e-03 2.10686741e+00]
 [8.48018217e-04 2.02463036e-03 2.70847595e+00]
 [2.31462936e-03 4.26821349e-03 1.49622293e+00]
 [9.04097157e-04 1.28975984e-03 1.21052505e+00]
 [2.37214058e-03 5.39490891e-03 2.49856157e+00]
 [1.32906238e-03 2.83462432e-03 2.60128235e+00]
 [1.93864860e-03 4.95112363e-03 2.27024992e+00]
 [1.08067485e-03 1.91272052e-03 1.77409247e+00]
 [2.78504172e-03 6.14781891e-03 2.33033671e+00]
 [1.84748152e-03 4.30973654e-03 2.74649084e+00]
 [4.28335214e-03 9.35427012e-03 2.67768967e+00]
 [3.31014434e-03 6.59709804e-03 1.93308698e+00]
 [3.20354290e-03 5.51737971e-03 1.37643883e+00]
 [4.42640511e-03 8.83028509e-03 2.10835270e+00]
 [5.33403497e-03 9.69823435e-03 2.51810802e+00]
 [3.81016124e-03 7.09986962e-03 2.02228296e+00]
 [5.40609303e-04 1.35019104e-03 1.76133331e+00]
 [3.69310687e-03 7.47469072e-03 2.08703364e+00]
 [1.45528281e-03 2.71784778e-03 2.50034483e+00]
 [1.68069859e-03 4.30973654e-03 2.74649084e+00]
 [3.75331604e-03 8.57046012e-03 2.45719788e+00]
 [4.46117219e-03 9.00926910e-03 1.86209440e+00]
 [1.35551447e-03 2.75193031e-03 1.87817420e+00]
 [4.69243220e-03 9.27288510e-03 2.07168313e+00]
 [5.72467344e-04 1.50455028e-03 1.85882821e+00]
 [9.04097157e-04 1.43094618e-03 1.21052505e+00]
 [6.96424702e-03 9.98668565e-03 2.10686741e+00]
 [3.67342537e-03 7.47042467e-03 2.16543304e+00]
 [4.17433503e-03 7.59735978e-03 1.77579677e+00]
 [4.35488204e-03 8.18969463e-03 1.72886550e+00]
 [7.09993346e-04 1.79591126e-03 2.48811934e+00]
 [1.40386939e-03 2.31136857e-03 1.38480258e+00]
 [3.06986531e-03 5.63126250e-03 1.56986429e+00]
 [1.08067485e-03 1.99649595e-03 1.77409247e+00]
 [1.82481307e-03 3.38920775e-03 2.00228734e+00]
 [6.89708060e-03 9.85145194e-03 2.74980510e+00]
 [2.31703141e-03 4.14600867e-03 1.39731431e+00]
 [1.86260211e-03 3.45560727e-03 1.56291229e+00]
 [2.49122847e-03 5.91387182e-03 2.16088831e+00]
 [4.00286859e-03 9.86246782e-03 2.72414116e+00]
 [2.14397904e-03 4.30387547e-03 1.86779763e+00]
 [1.38247132e-03 2.74474113e-03 2.05343172e+00]
 [2.33748917e-03 5.73789864e-03 2.19018913e+00]
 [4.19724801e-03 8.88106487e-03 2.03606512e+00]
 [8.55732285e-04 1.65336976e-03 1.97034398e+00]
 [9.63312972e-04 2.24494268e-03 2.11587787e+00]
 [6.14791014e-03 9.88861089e-03 2.49633131e+00]
 [2.09722509e-03 3.44351470e-03 2.10426879e+00]
 [4.26952796e-03 7.95178490e-03 1.99646091e+00]
 [3.71059915e-03 7.08413428e-03 2.01082548e+00]
 [1.84748152e-03 4.23563817e-03 2.74649084e+00]]
