[[0.43379929 4.27441307 8.65190854 0.52291692]
 [1.52433924 1.41875043 9.37709581 4.04857475]
 [1.4989948  1.86709885 9.70171865 3.74195519]
 [1.68005678 1.30700616 9.63388057 2.58191717]
 [0.55867567 3.33434245 9.48881637 0.91937637]
 [1.18582585 2.56987231 9.60000241 1.2892189 ]
 [1.04256965 1.81511829 9.40087105 1.9611576 ]
 [0.454131   4.41948928 9.29574171 1.40800301]
 [1.25823323 1.90660622 9.63603167 2.93609384]
 [0.57152466 2.80940531 8.87781336 1.32397866]
 [0.52797523 5.26156423 9.81340468 2.07869755]
 [0.39593035 4.4276475  9.05537059 2.68806764]
 [2.23285751 1.35280204 9.68883045 4.28124718]
 [0.69874219 3.83870982 9.46979811 1.53328995]
 [1.5823115  3.59271047 9.98701956 4.51651714]
 [1.68005678 1.30700616 9.57478006 2.59181752]
 [0.43379929 4.27441307 7.74230708 0.52291692]
 [0.43960396 5.55744082 8.53905944 0.81770264]
 [2.23285751 1.40080939 9.88080091 4.28124718]
 [0.57152466 2.80940531 9.01175101 1.32397866]
 [0.86128992 1.95554023 9.33824205 4.68679689]
 [2.35929404 1.92476457 9.92108219 4.81587025]
 [0.62409755 4.41948928 9.29574171 2.05653139]
 [0.68705545 2.16016436 6.68106337 1.18331612]
 [1.11648156 2.49566142 9.25073079 2.49790988]
 [2.00062974 1.00560008 9.7119661  2.96761707]
 [1.42608558 0.80894177 8.55507593 2.26333412]
 [3.58614214 0.64972075 9.62037843 4.93365357]
 [0.54273368 2.99655972 9.98333583 3.35339575]
 [0.53222926 6.22943483 9.99189995 1.90710102]]
