[[3.60699608e+01 1.65566552e+01]
 [7.76812641e+00 3.22621992e+01]
 [2.61940879e+01 2.05456462e+01]
 [3.44753316e+01 1.71025222e+01]
 [2.86511655e+01 1.95368564e+01]
 [3.38364045e+00 3.78835185e+01]
 [2.06701379e+01 2.30235463e+01]
 [8.35413583e+01 6.42080819e+00]
 [6.42545421e-02 4.82357273e+01]
 [5.60857909e+01 1.11194220e+01]
 [6.81555654e+01 8.66305532e+00]
 [8.89085385e-01 4.35860832e+01]
 [6.14466549e-01 4.47011988e+01]
 [1.45298019e+01 2.68269711e+01]
 [5.83176055e+01 1.06016468e+01]
 [7.04643053e+01 8.30666886e+00]
 [2.37133311e+01 2.18482271e+01]
 [7.07409588e+00 3.29968040e+01]
 [6.16784942e+01 9.95395502e+00]
 [1.04976551e+01 2.98948891e+01]
 [5.10129214e+01 1.23026655e+01]
 [4.83307391e+01 1.30055861e+01]
 [3.09838326e+01 1.84529702e+01]
 [9.65869014e+01 5.29510110e+00]
 [7.47103428e+00 3.27839613e+01]
 [1.93888691e-01 4.71300901e+01]
 [3.56757064e+01 1.67682477e+01]
 [1.17329489e+02 4.34324222e+00]
 [4.66951383e+00 3.58988353e+01]
 [5.69893656e+01 1.08917859e+01]
 [2.62542348e+00 3.94629533e+01]
 [6.83382844e+01 8.64617576e+00]
 [4.34026601e+01 1.43443386e+01]
 [2.13531304e+01 2.26859973e+01]
 [5.00504672e+01 1.25116603e+01]
 [1.88251444e+01 2.41843976e+01]
 [5.13824242e-01 4.54694508e+01]
 [4.03239394e+00 3.69383522e+01]
 [2.38404433e+01 2.15314788e+01]
 [4.75859928e+01 1.32989730e+01]
 [8.64919865e+01 6.15676129e+00]
 [3.36542071e+01 1.74010150e+01]
 [3.20537255e+00 3.81544643e+01]
 [4.94481916e+00 3.56141364e+01]
 [2.83518875e+01 1.95538827e+01]
 [1.27649019e+01 2.80997480e+01]
 [2.40538698e+01 2.14695150e+01]
 [6.48609556e+01 9.26874806e+00]
 [5.05834735e+01 1.23675360e+01]
 [3.43372301e+01 1.71514592e+01]
 [1.93779981e+01 2.37564183e+01]
 [5.01455835e+01 1.24796289e+01]
 [6.33070848e+01 9.61319687e+00]
 [5.40210633e+01 1.15365319e+01]
 [6.83013424e+00 3.33587758e+01]
 [6.43486652e+01 9.37801384e+00]
 [1.20306667e+01 2.85309140e+01]
 [7.44505565e+01 7.63696884e+00]
 [5.89411434e+01 1.05818184e+01]
 [4.67329773e+01 1.33736789e+01]
 [3.01727971e+01 1.87087766e+01]
 [1.34130912e+00 4.22112876e+01]
 [4.93661976e-01 4.58807307e+01]
 [2.15113580e+01 2.25891640e+01]
 [3.35921562e-01 4.59875418e+01]
 [5.79757966e+01 1.06536827e+01]
 [4.76391019e+01 1.32669915e+01]
 [9.12935351e+00 3.13889598e+01]
 [2.15758789e+01 2.25489721e+01]
 [2.66596827e+01 2.02184574e+01]
 [2.58182713e+01 2.08055238e+01]
 [8.12972023e-01 4.41664531e+01]
 [7.79711709e+00 3.22085453e+01]
 [6.96871304e+01 8.40558730e+00]
 [2.47211051e+01 2.10275627e+01]
 [3.79945778e+01 1.59323796e+01]
 [8.62804999e+00 3.15900942e+01]
 [1.31969028e+01 2.76972815e+01]
 [2.77386830e+00 3.89277638e+01]
 [4.67663491e+01 1.33526234e+01]
 [2.37216027e+01 2.17945128e+01]
 [4.21620745e+01 1.46265005e+01]
 [3.75361146e+00 3.72747338e+01]
 [5.38580768e+01 1.16485177e+01]
 [6.96135576e+01 8.42397176e+00]
 [3.26021873e+01 1.77876950e+01]
 [3.27101692e+01 1.77589149e+01]
 [6.91123586e+01 8.55038487e+00]
 [7.01730799e+01 8.31113849e+00]
 [3.91416147e+01 1.55467138e+01]
 [1.79816284e+01 2.45904349e+01]
 [5.32432904e+01 1.18283137e+01]
 [7.19408245e+01 8.01237546e+00]
 [2.02291111e+00 4.05086490e+01]
 [2.62728519e-01 4.64450476e+01]
 [4.13293070e+00 3.68514178e+01]
 [5.34718436e+01 1.16612434e+01]
 [4.50652135e+01 1.38072019e+01]
 [1.21033246e+01 2.84498708e+01]
 [1.02984042e+00 4.31941739e+01]
 [4.28413418e+00 3.64353428e+01]
 [6.06772742e+01 1.00926354e+01]
 [5.17815690e+01 1.20756660e+01]
 [5.00753781e+01 1.24841183e+01]
 [3.64208919e+01 1.64783257e+01]
 [2.05031630e+01 2.31204647e+01]
 [5.52778958e+01 1.14322952e+01]
 [2.08699861e+01 2.29201545e+01]
 [1.19158618e+01 2.86011782e+01]
 [3.60147008e+01 1.66956781e+01]
 [1.41624463e+00 4.19642958e+01]
 [2.18207191e+00 4.01005677e+01]
 [7.09630621e+01 8.18251721e+00]
 [7.32905725e+01 7.80331402e+00]
 [6.39186693e+01 9.46243930e+00]
 [2.99171409e+01 1.88154538e+01]
 [5.50142592e-01 4.53919096e+01]
 [5.68011641e+00 3.48922452e+01]
 [5.79406439e+01 1.06615388e+01]
 [8.69985118e+00 3.15208134e+01]
 [6.17388396e+01 9.88386160e+00]
 [2.76710956e+01 1.97216465e+01]
 [3.78735500e+01 1.60826086e+01]
 [3.39703682e+01 1.72797952e+01]
 [3.11710112e+01 1.84462971e+01]
 [4.17584919e+01 1.48478127e+01]
 [1.14221603e+01 2.90338290e+01]
 [6.65957702e+00 3.35761655e+01]
 [6.60622646e+01 9.04404406e+00]
 [7.26387335e+00 3.28149341e+01]
 [1.89935255e+01 2.39542084e+01]
 [1.87070036e+00 4.11537541e+01]
 [2.03279564e+01 2.34982790e+01]
 [8.98290597e+01 5.87262957e+00]
 [1.59957415e+00 4.15930845e+01]
 [4.90219390e+01 1.27469474e+01]
 [2.93961870e+01 1.92370874e+01]
 [4.65904102e+00 3.60155754e+01]
 [1.13347372e+01 2.94563357e+01]
 [4.64265309e+01 1.34264990e+01]
 [1.51849824e+01 2.62457580e+01]
 [1.42757879e+01 2.68825864e+01]
 [3.72009529e+01 1.61897965e+01]
 [3.17354115e+01 1.81485282e+01]
 [2.43779936e+00 3.95935045e+01]
 [9.15401703e+00 3.10240831e+01]
 [1.75210694e+01 2.48550859e+01]
 [4.90329696e+01 1.27447142e+01]
 [3.98748676e+01 1.53214381e+01]
 [5.05675235e+00 3.54073223e+01]
 [1.39730904e+01 2.73822381e+01]
 [7.92591256e+00 3.20759247e+01]
 [3.51218619e+01 1.69154871e+01]
 [5.55901455e+01 1.12758297e+01]
 [1.25133654e+01 2.81150694e+01]
 [3.43097829e+00 3.78043052e+01]
 [5.75492308e+01 1.07777319e+01]
 [2.61023647e+01 2.06083270e+01]
 [1.57233238e+01 2.59068524e+01]
 [6.77887556e+00 3.34538324e+01]
 [5.33575921e+01 1.17514839e+01]
 [8.65091800e+01 6.12689422e+00]
 [5.71384408e+00 3.46587177e+01]
 [7.91789729e+01 7.11126084e+00]
 [3.09704844e+01 1.84730243e+01]
 [1.55388082e+01 2.61022482e+01]
 [6.86683074e+00 3.31915019e+01]
 [8.27046788e+01 6.65452061e+00]
 [2.13172355e+01 2.29108598e+01]
 [1.12408415e+02 4.42571446e+00]
 [1.85414468e+01 2.44161462e+01]
 [1.04845706e+02 4.92399778e+00]
 [1.76674298e+01 2.47001549e+01]
 [3.26054647e+01 1.77841184e+01]
 [4.89144932e+01 1.29428735e+01]
 [6.76373641e+01 8.75917911e+00]
 [1.86230117e+00 4.14603101e+01]
 [1.07136091e+02 4.83625773e+00]
 [2.40553564e+01 2.13823121e+01]
 [3.73887057e+01 1.61117098e+01]
 [1.56282742e+01 2.59533720e+01]
 [4.44852748e+01 1.39918047e+01]
 [4.79434650e+01 1.30258317e+01]
 [4.20174759e+01 1.47729215e+01]
 [5.72915672e+00 3.45081097e+01]
 [1.00620939e+01 3.02362628e+01]
 [4.00484837e+01 1.52768235e+01]
 [4.18485278e+01 1.48090573e+01]
 [4.59369937e+01 1.35794774e+01]
 [8.10015422e+00 3.19002654e+01]
 [3.11798102e+01 1.83140813e+01]
 [2.30098232e+01 2.20776462e+01]
 [1.17485153e+02 4.31671229e+00]
 [1.04020937e+00 4.30825128e+01]
 [1.05303319e+01 2.97641346e+01]
 [9.73510915e+01 5.19890323e+00]
 [5.03261955e+01 1.24415360e+01]
 [1.08853167e+01 2.94630847e+01]
 [8.43138981e+00 3.18400911e+01]
 [1.51183876e+01 2.63845116e+01]
 [2.97282443e+00 3.86754186e+01]
 [9.25547181e+01 5.54851778e+00]
 [6.42767789e+01 9.37995855e+00]
 [5.98704317e-01 4.48536344e+01]
 [6.30216222e+00 3.38679178e+01]
 [8.93367412e+01 6.02397519e+00]
 [6.01032849e+01 1.02188232e+01]
 [7.49192957e+01 7.55571647e+00]
 [5.90621202e+01 1.04839094e+01]
 [1.79230414e+01 2.46124466e+01]
 [4.92839570e+01 1.27408591e+01]
 [9.94516013e+00 3.06881929e+01]
 [9.20703036e+01 5.59159008e+00]
 [7.29148233e+01 7.85063385e+00]
 [3.88816688e+01 1.56380229e+01]
 [4.23682035e+01 1.45666989e+01]
 [1.69249761e+01 2.51717435e+01]
 [4.76928397e+01 1.32221812e+01]
 [6.37807406e+01 9.54987827e+00]
 [6.85318584e-01 4.44004278e+01]
 [6.00719622e+01 1.04835121e+01]
 [3.45739130e+01 1.70668430e+01]
 [3.04664583e+01 1.85930726e+01]
 [1.92950749e+01 2.37847894e+01]
 [8.06636595e+01 6.75320921e+00]
 [3.90409455e+01 1.55782621e+01]
 [1.60808097e+01 2.56998965e+01]
 [3.85251296e+00 3.71015378e+01]
 [2.78733899e+01 1.97159370e+01]
 [3.69328964e+01 1.63213096e+01]
 [1.78453095e+01 2.46640780e+01]
 [3.96518303e+00 3.70069644e+01]
 [2.45891240e+00 3.95437275e+01]
 [7.51539382e+01 7.51554053e+00]
 [4.46810024e+01 1.39496871e+01]
 [1.99105746e+01 2.35400494e+01]
 [5.14227592e+01 1.22069438e+01]
 [2.30255671e+01 2.18663383e+01]
 [2.53626552e+01 2.09940565e+01]
 [1.17644149e+02 4.28976257e+00]
 [1.71098775e+01 2.50505324e+01]
 [3.86126058e+01 1.57671185e+01]
 [3.54195833e+00 3.75990895e+01]
 [4.08346529e+01 1.52183124e+01]
 [3.92620519e+01 1.55093745e+01]
 [6.72503520e+01 8.95369499e+00]
 [4.09801455e+01 1.52125006e+01]
 [1.40300457e+00 4.20757664e+01]
 [1.51811282e+01 2.62461318e+01]
 [7.77124329e+01 7.15176360e+00]
 [2.65027074e+01 2.03780441e+01]
 [3.25267417e+01 1.78617963e+01]
 [3.37168835e+01 1.73748203e+01]
 [2.22152804e+01 2.24190402e+01]
 [7.10722386e+01 8.15639324e+00]
 [4.77059141e+01 1.30894123e+01]
 [5.65433614e+01 1.10175745e+01]
 [3.50002004e+00 3.77359623e+01]
 [3.35190907e+01 1.75667396e+01]
 [5.31200110e+01 1.18675313e+01]
 [1.97327104e+01 2.36553837e+01]
 [1.63191244e+01 2.55161187e+01]
 [1.15585875e+01 2.88520493e+01]
 [5.65303130e+01 1.10731093e+01]
 [4.63470685e+01 1.34983431e+01]
 [2.82827760e+01 1.96278402e+01]
 [2.72472456e+01 1.99715142e+01]
 [1.04824380e+02 4.99027316e+00]
 [3.15927426e+00 3.86177274e+01]
 [2.45390025e+01 2.11205991e+01]
 [1.07524073e+02 4.61968775e+00]
 [6.69260053e+01 8.95854215e+00]]
