[[1.45988514e+01 1.87473437e-03]
 [2.82625999e+01 9.41106884e-04]
 [5.84779630e+01 5.05021991e-04]
 [3.18032647e+01 6.57607673e-04]
 [3.23474214e+01 6.42435431e-04]
 [1.62713356e+01 1.46668769e-03]
 [2.23930593e+01 9.50885037e-04]
 [8.42493582e+00 2.79476072e-03]
 [7.98818067e+00 3.02282587e-03]
 [1.23300659e+01 2.35139394e-03]
 [3.17049726e+01 6.59910965e-04]
 [8.42144935e+00 2.79542379e-03]
 [5.98914989e+00 5.25490810e-03]
 [1.51712762e+01 1.48977113e-03]
 [3.15792670e+01 8.60252365e-04]
 [1.74080952e+01 1.32249209e-03]
 [1.88677367e+02 5.04996956e-04]
 [3.67293459e+01 5.15072990e-04]
 [3.23779567e+01 6.41160765e-04]
 [4.73032714e+00 5.54624608e-03]]
