[[2.08511002 2.16097348]
 [0.93130106 1.03668218]
 [2.09597257 2.0556585 ]
 [2.08652401 1.67606949]
 [0.70193469 0.59430447]
 [1.05814058 0.79663998]
 [1.63322451 1.58117431]
 [3.45448459 2.99196855]
 [0.09940067 0.07863296]
 [2.76410989 2.52609268]
 [0.62086658 0.83755104]
 [2.92879636 2.90878724]
 [0.29958845 0.36403037]
 [0.22275939 0.32248239]
 [1.1992388  1.48130914]
 [2.62335155 2.77442391]
 [0.88098128 0.99619072]
 [2.9100709  2.63649595]
 [2.16838174 2.42208159]
 [1.42788141 1.76050002]
 [0.99284944 1.28010303]
 [2.63857323 2.40648325]
 [2.59505814 2.31265173]
 [2.07924359 1.8500552 ]
 [3.91374707 2.97141535]
 [2.2095214  1.74473222]
 [1.23866451 0.78651925]
 [1.10716367 0.80121606]
 [0.09166321 0.20017499]
 [1.9742524  2.24081549]
 [0.72779116 0.47319021]
 [4.52904748 2.96986554]
 [0.73396187 0.79289245]
 [2.58633799 2.74921756]
 [2.85357926 2.99026028]
 [2.46035901 2.19027363]
 [1.69354013 1.57168841]
 [2.42214223 2.57795342]
 [1.37059888 1.68158997]
 [1.07056068 0.59684377]
 [0.79916825 0.60780638]
 [1.85077089 1.59209232]
 [2.01610236 2.27624079]
 [3.58464501 2.96197852]
 [2.00932962 2.09192406]
 [0.60383592 0.66085196]
 [0.69177345 0.87043339]
 [1.72849411 2.02491481]
 [1.10741028 1.40173747]
 [1.57382844 1.88056681]
 [2.86636136 2.82828773]
 [2.45772575 2.57010749]
 [2.09289013 2.0503947 ]
 [1.47644397 1.63236415]
 [2.43960746 2.56606924]
 [2.92674229 2.69461514]
 [2.57087522 2.62599818]
 [0.80755385 1.02732192]
 [2.14018735 1.79780927]
 [2.8968027  2.77411254]
 [1.14602514 1.30165013]
 [3.154796   2.94277103]
 [2.51754755 2.8977992 ]
 [2.49966186 2.33129469]
 [1.90540746 1.97803481]
 [0.354592   0.45781196]
 [1.60513157 1.67373598]
 [0.19864353 0.21100032]
 [2.69824555 2.6857811 ]
 [1.26790875 0.82142911]
 [1.64180695 1.64269281]
 [1.93002006 1.71462628]
 [0.19929963 0.40437935]
 [0.967082   1.0069914 ]
 [2.16177797 2.5431014 ]
 [1.24145364 0.88523573]
 [3.01091827 2.89070126]
 [1.72839607 1.78687529]
 [1.5264415  1.11496373]
 [2.24368629 2.1129402 ]
 [0.88339447 1.17329737]
 [0.57517506 1.1202214 ]
 [1.17538818 1.38480624]
 [1.64922281 2.0492231 ]
 [0.98916392 1.28799217]
 [0.61386065 0.56270968]
 [2.7762473  2.90117107]
 [2.37003145 2.23279578]
 [2.63857323 2.38270886]
 [1.72368326 1.99207814]
 [1.51048366 1.50712587]
 [4.05983348 2.99093616]
 [1.56869417 1.81504206]
 [1.75600637 1.83816385]
 [1.31910317 1.26586958]
 [0.73396187 0.81731113]
 [0.86005158 0.50419119]
 [2.89939609 2.9331212 ]
 [1.68837863 1.97097891]
 [2.92758089 2.82828773]
 [1.17538818 1.42396343]
 [0.91888786 1.14975988]
 [0.53957534 0.59430447]
 [4.84724741 2.9888152 ]
 [1.3631425  1.63236415]
 [2.49795176 2.65110744]
 [1.26275551 0.88523573]
 [1.8649164  2.25540473]
 [0.81079493 0.58060791]
 [3.45448459 2.99805118]
 [0.25699672 0.19493291]
 [2.3741378  2.1857786 ]
 [1.58619765 1.7536418 ]
 [0.88098128 0.94512681]
 [2.17233894 2.59405843]
 [2.86321402 2.63649595]
 [2.41450642 2.54121254]
 [1.23500032 1.29928298]
 [2.99482434 2.99196855]
 [0.73362095 0.47185623]
 [2.76410989 2.53571115]
 [2.7700671  2.67723188]
 [3.42291289 2.86568651]
 [1.26348138 1.64675406]
 [0.86364038 1.23993988]
 [1.74394558 1.77562897]
 [2.36465229 2.23787161]
 [0.11906062 0.02712796]
 [2.43960746 2.10539421]
 [2.46844519 2.25439675]
 [1.9911447  2.01479514]
 [4.47410096 2.96936166]
 [3.924724   2.97141535]
 [0.84892849 1.05503716]
 [4.92859623 2.99074332]
 [3.72000103 2.96197852]
 [0.66738496 1.09482875]
 [2.63745398 2.81801634]
 [0.27426819 0.20017499]
 [2.8955939  2.80700784]
 [1.64332998 1.88056681]
 [2.03352855 1.75249063]
 [2.12203536 1.67401246]
 [2.19822427 2.41539595]
 [2.44462012 2.66376975]
 [0.32219019 0.66256888]
 [2.54792922 2.52609268]
 [2.56249099 2.66567149]
 [2.14005986 2.1784377 ]
 [0.55136356 0.55618515]
 [2.77253599 2.87285359]
 [0.90316029 1.25530002]
 [1.71923299 1.59925855]
 [4.89069165 2.99074332]
 [2.14228009 2.05273741]
 [4.03081581 2.99767361]
 [3.89980125 2.94286725]
 [3.79307484 2.96265614]
 [1.49611358 1.44391721]
 [0.80057958 0.83755104]
 [0.90545068 1.29970818]
 [0.36595222 0.65447646]
 [1.80737767 1.92799896]
 [4.53073087 2.96986554]
 [2.70587158 2.92818628]
 [0.09940067 0.16326652]
 [2.86321402 2.79129705]
 [2.78060027 2.53152129]
 [0.59100611 0.81825377]
 [1.64332998 1.73023612]
 [2.39456247 2.46558991]
 [2.69824555 2.79049371]
 [4.67687395 2.96721814]
 [3.3759595  2.99196855]
 [2.39286637 2.06286563]
 [2.26032808 2.37285183]
 [2.53930373 2.52609268]
 [1.31648385 1.21405768]
 [1.44968518 1.63236415]
 [3.04048051 2.88961429]
 [1.61018743 1.47688474]
 [1.92046688 2.1168525 ]
 [3.63468861 2.9781613 ]
 [1.72839607 1.88999964]
 [2.71361972 2.79678278]
 [1.72169598 1.91413673]
 [0.8110126  0.66201681]
 [0.42702948 0.48603897]
 [3.71169797 2.99680816]
 [1.54320974 1.71383171]
 [2.97513659 2.8404093 ]
 [0.57704886 1.1202214 ]
 [3.39508507 2.86568651]
 [2.81558672 2.97938203]
 [0.06534879 0.06665716]
 [3.09372886 2.94224311]
 [3.53461774 2.96197852]
 [2.17931998 1.79733092]
 [0.24704738 0.21100032]
 [0.43741105 0.41890167]
 [0.71259169 0.8674625 ]
 [0.17927688 0.51717997]
 [1.95646184 1.71053068]
 [2.3529394  2.28632072]
 [2.53987404 2.1248634 ]
 [2.56776535 2.3759463 ]
 [1.31894273 1.52442206]
 [1.06811269 1.64184775]
 [1.88068978 2.1997352 ]
 [1.93828347 2.54121254]
 [4.83727529 2.9888152 ]
 [1.65116266 1.92669969]
 [3.4212285  2.86568651]
 [0.97504073 1.40100297]
 [1.10716367 1.20972582]
 [0.42602196 0.4483404 ]
 [0.55422729 0.62433747]
 [0.28427338 0.21847082]
 [3.12410647 2.98759488]
 [1.85403592 2.01198588]
 [0.29584377 0.21100032]
 [2.95113068 2.81995288]
 [2.87044148 2.60409153]
 [1.95585143 2.06144935]
 [1.67499344 1.93430268]
 [2.6818978  2.92251554]
 [2.21955287 2.5594188 ]
 [2.81832676 2.90303777]
 [1.42204244 1.39940611]
 [1.63322451 1.66735394]
 [0.73477977 0.47168746]
 [1.5122416  1.72563697]
 [3.00706829 2.58529392]
 [4.8418497  2.96986554]
 [2.52259585 2.45174721]
 [0.29958845 0.26651407]
 [1.74897113 1.90200037]
 [2.27035103 2.11935046]
 [4.28637318 2.97149773]
 [1.94952763 2.18439625]
 [1.20500759 1.09970865]
 [1.3643181  1.03363579]
 [1.90925773 1.49655071]
 [0.71244625 0.88084245]
 [1.68582454 1.95460479]
 [0.25699672 0.25812826]
 [1.68883712 1.48639422]
 [1.51266031 1.24615974]
 [2.53559712 2.76004106]
 [1.42386365 1.63903732]
 [0.54490003 0.3828157 ]
 [1.58001732 1.57904705]
 [2.53183429 2.53683429]]
