[[1.45988514e+01 1.87473437e-03]
 [4.86621314e+00 6.48194950e-03]
 [1.38583616e+01 1.92456864e-03]
 [1.62072948e+01 1.34727829e-03]
 [1.26053579e+01 1.94096797e-03]
 [2.50369376e+01 8.25637430e-04]
 [8.16706362e+00 2.66875219e-03]
 [1.89244417e+01 1.30205802e-03]
 [6.61353597e+01 4.80022540e-04]
 [3.80331592e+01 5.51176448e-04]
 [3.44809391e+00 1.02694655e-02]
 [1.53253735e+01 1.80320263e-03]
 [4.43968051e+01 5.09495650e-04]
 [4.91883684e+01 4.93968865e-04]
 [2.84928982e+01 7.23829416e-04]
 [2.22076425e+01 8.33503060e-04]
 [1.18242823e+01 2.39250315e-03]
 [1.58877112e+01 1.37273288e-03]
 [2.95523992e+01 6.02821672e-04]]
