[[3.60699608e+01 1.65566552e+01]
 [7.76812641e+00 3.22621992e+01]
 [2.61940879e+01 2.05456462e+01]
 [3.44753316e+01 1.71025222e+01]
 [3.38364045e+00 3.78835185e+01]
 [7.01718697e+00 3.32064912e+01]
 [2.06701379e+01 2.30235463e+01]
 [8.35413583e+01 6.42080819e+00]
 [6.42545421e-02 4.82357273e+01]
 [5.60857909e+01 1.11194220e+01]
 [6.81555654e+01 8.66305532e+00]
 [8.89085385e-01 4.35860832e+01]
 [6.14466549e-01 4.47011988e+01]
 [7.04643053e+01 8.30666886e+00]
 [7.07409588e+00 3.29968040e+01]
 [6.16784942e+01 9.95395502e+00]
 [5.10129214e+01 1.23026655e+01]
 [4.83307391e+01 1.30055861e+01]
 [3.09838326e+01 1.84529702e+01]
 [9.65869014e+01 5.29510110e+00]
 [3.17043014e+01 1.83835391e+01]
 [8.61160919e+00 3.19010647e+01]
 [7.47103428e+00 3.27839613e+01]
 [1.93888691e-01 4.71300901e+01]
 [4.66951383e+00 3.58988353e+01]
 [5.69893656e+01 1.08917859e+01]
 [2.62542348e+00 3.94629533e+01]
 [6.83382844e+01 8.64617576e+00]
 [4.34026601e+01 1.43443386e+01]
 [2.13531304e+01 2.26859973e+01]
 [5.00504672e+01 1.25116603e+01]
 [1.88251444e+01 2.41843976e+01]
 [4.03239394e+00 3.69383522e+01]
 [3.69837635e+01 1.63225093e+01]
 [8.64919865e+01 6.15676129e+00]
 [3.36542071e+01 1.74010150e+01]
 [3.20537255e+00 3.81544643e+01]
 [4.94481916e+00 3.56141364e+01]
 [2.83518875e+01 1.95538827e+01]
 [1.27649019e+01 2.80997480e+01]
 [2.40538698e+01 2.14695150e+01]
 [6.48609556e+01 9.26874806e+00]
 [5.05834735e+01 1.23675360e+01]
 [3.43372301e+01 1.71514592e+01]
 [1.93779981e+01 2.37564183e+01]
 [5.01455835e+01 1.24796289e+01]
 [6.33070848e+01 9.61319687e+00]
 [5.40210633e+01 1.15365319e+01]
 [6.83013424e+00 3.33587758e+01]
 [3.12500802e+01 1.84325539e+01]
 [6.43486652e+01 9.37801384e+00]
 [1.20306667e+01 2.85309140e+01]
 [7.44505565e+01 7.63696884e+00]
 [5.89411434e+01 1.05818184e+01]
 [4.67329773e+01 1.33736789e+01]
 [3.01727971e+01 1.87087766e+01]
 [1.34130912e+00 4.22112876e+01]
 [4.93661976e-01 4.58807307e+01]
 [2.15113580e+01 2.25891640e+01]
 [3.35921562e-01 4.59875418e+01]
 [5.79757966e+01 1.06536827e+01]
 [2.15758789e+01 2.25489721e+01]
 [2.66596827e+01 2.02184574e+01]
 [2.58182713e+01 2.08055238e+01]
 [7.79711709e+00 3.22085453e+01]
 [4.45625951e+01 1.40918550e+01]
 [6.96871304e+01 8.40558730e+00]
 [2.47211051e+01 2.10275627e+01]
 [3.79945778e+01 1.59323796e+01]
 [8.62804999e+00 3.15900942e+01]
 [1.31969028e+01 2.76972815e+01]
 [1.05494764e+01 2.98658082e+01]
 [2.77386830e+00 3.89277638e+01]
 [4.67663491e+01 1.33526234e+01]
 [4.21620745e+01 1.46265005e+01]
 [3.75361146e+00 3.72747338e+01]
 [5.38580768e+01 1.16485177e+01]
 [6.96135576e+01 8.42397176e+00]
 [3.26021873e+01 1.77876950e+01]
 [3.27101692e+01 1.77589149e+01]
 [6.91123586e+01 8.55038487e+00]
 [7.01730799e+01 8.31113849e+00]
 [3.91416147e+01 1.55467138e+01]
 [1.79816284e+01 2.45904349e+01]
 [5.32432904e+01 1.18283137e+01]
 [6.91922583e-01 4.44418788e+01]
 [7.19408245e+01 8.01237546e+00]
 [2.02291111e+00 4.05086490e+01]
 [2.62728519e-01 4.64450476e+01]
 [5.34718436e+01 1.16612434e+01]
 [4.50652135e+01 1.38072019e+01]
 [1.21033246e+01 2.84498708e+01]
 [1.02984042e+00 4.31941739e+01]
 [4.28413418e+00 3.64353428e+01]
 [6.06772742e+01 1.00926354e+01]
 [5.17815690e+01 1.20756660e+01]
 [5.00753781e+01 1.24841183e+01]
 [3.64208919e+01 1.64783257e+01]
 [2.05031630e+01 2.31204647e+01]
 [5.52778958e+01 1.14322952e+01]
 [2.08699861e+01 2.29201545e+01]
 [1.19158618e+01 2.86011782e+01]
 [3.60147008e+01 1.66956781e+01]
 [1.41624463e+00 4.19642958e+01]
 [2.18207191e+00 4.01005677e+01]
 [1.11394377e+02 4.68970831e+00]
 [7.09630621e+01 8.18251721e+00]
 [7.32905725e+01 7.80331402e+00]
 [6.39186693e+01 9.46243930e+00]
 [2.99171409e+01 1.88154538e+01]
 [5.79406439e+01 1.06615388e+01]
 [8.69985118e+00 3.15208134e+01]
 [6.17388396e+01 9.88386160e+00]
 [2.76710956e+01 1.97216465e+01]
 [3.78735500e+01 1.60826086e+01]
 [3.39703682e+01 1.72797952e+01]
 [3.11710112e+01 1.84462971e+01]
 [1.14221603e+01 2.90338290e+01]
 [7.29884071e+01 7.85652240e+00]
 [6.65957702e+00 3.35761655e+01]
 [6.60622646e+01 9.04404406e+00]
 [7.26387335e+00 3.28149341e+01]
 [1.89935255e+01 2.39542084e+01]
 [2.03279564e+01 2.34982790e+01]
 [8.98290597e+01 5.87262957e+00]
 [1.59957415e+00 4.15930845e+01]
 [4.90219390e+01 1.27469474e+01]
 [4.65904102e+00 3.60155754e+01]
 [1.13347372e+01 2.94563357e+01]
 [3.07163213e+01 1.85980647e+01]
 [4.64265309e+01 1.34264990e+01]
 [1.51849824e+01 2.62457580e+01]
 [3.72009529e+01 1.61897965e+01]
 [3.17354115e+01 1.81485282e+01]
 [2.43779936e+00 3.95935045e+01]
 [9.15401703e+00 3.10240831e+01]
 [4.90329696e+01 1.27447142e+01]
 [3.98748676e+01 1.53214381e+01]
 [5.05675235e+00 3.54073223e+01]
 [7.92591256e+00 3.20759247e+01]
 [4.14497823e+01 1.48385144e+01]
 [1.69298285e+01 2.51770984e+01]
 [2.79712804e+01 1.96417636e+01]
 [5.75792510e+01 1.07423058e+01]
 [9.05147208e+00 3.10878785e+01]
 [6.86842505e+00 3.32339969e+01]
 [1.63030094e+01 2.55336468e+01]
 [1.28464337e+01 2.78687432e+01]
 [3.97672525e+00 3.70862842e+01]
 [4.78486607e+01 1.30789748e+01]
 [6.02354757e+01 1.03378875e+01]
 [2.37184900e+01 2.15006854e+01]
 [3.99554597e+00 3.70488245e+01]
 [6.00819875e-02 4.82947230e+01]
 [2.88822055e+00 3.87144616e+01]
 [5.37710108e-01 4.50197357e+01]
 [4.86124948e+01 1.29409779e+01]
 [1.05546994e+01 2.96721623e+01]
 [3.04608941e+01 1.86549541e+01]
 [2.48211394e+01 2.09974032e+01]
 [8.28583428e+00 3.19330592e+01]
 [1.70910407e+01 2.51039867e+01]
 [2.27445405e+01 2.20655207e+01]
 [3.47824136e+01 1.69928502e+01]
 [5.52701050e+00 3.50973573e+01]
 [6.09122021e+01 1.00882579e+01]
 [1.03366797e+02 4.88577675e+00]
 [1.01306673e+01 3.00633523e+01]
 [1.22276009e+01 2.83954002e+01]
 [2.02359948e+01 2.35191729e+01]
 [6.86281011e-01 4.45620068e+01]
 [4.97727086e-01 4.53467107e+01]
 [1.57612293e+01 2.58897857e+01]
 [4.30556001e+01 1.44229566e+01]
 [1.15962712e+02 4.31708134e+00]
 [1.83865329e+01 2.42916484e+01]
 [3.54540976e+01 1.67642648e+01]
 [5.29330837e+01 1.19126729e+01]
 [4.33021410e+01 1.43549402e+01]
 [1.08339389e+01 2.95650990e+01]
 [1.07949116e+02 4.81911655e+00]
 [2.54346652e+01 2.08074692e+01]
 [3.93671316e+01 1.54884400e+01]
 [8.81983625e+01 6.10441619e+00]
 [3.34563601e+01 1.76610805e+01]
 [1.42165073e+01 2.69423279e+01]
 [7.90077663e+01 7.00694844e+00]
 [5.92510952e+01 1.03835904e+01]
 [6.85394218e+01 8.62923019e+00]
 [5.67102382e+00 3.46266935e+01]
 [4.01525109e+01 1.52598965e+01]
 [8.11491084e+01 6.83946712e+00]
 [5.31336098e+01 1.18291149e+01]
 [1.53504646e+01 2.62219167e+01]
 [4.27345664e+01 1.44593283e+01]
 [1.58408751e+00 4.16830131e+01]
 [4.10430711e+01 1.49783286e+01]
 [5.63060399e+01 1.10288679e+01]
 [2.41983861e+01 2.13062074e+01]
 [1.57883073e+01 2.58737528e+01]
 [6.37869191e+00 3.39261409e+01]
 [5.59650459e+01 1.12964985e+01]
 [5.12322190e+01 1.22855112e+01]
 [5.73579225e+01 1.07981076e+01]
 [1.08791456e+01 2.95235540e+01]
 [1.32479417e+02 4.01906703e+00]
 [7.48967298e+01 7.55806227e+00]
 [3.66569406e+01 1.63992044e+01]
 [4.49153064e+00 3.63987151e+01]
 [5.26557118e+00 3.51600467e+01]
 [3.29940591e+01 1.76648593e+01]
 [4.75324201e+01 1.31361713e+01]
 [1.82055101e+01 2.43942958e+01]
 [9.24230392e+01 5.64776134e+00]
 [1.32458014e+01 2.75766618e+01]
 [1.39622844e+00 4.20585775e+01]
 [6.90971524e-01 4.44863048e+01]
 [2.62576013e+01 2.03489902e+01]
 [2.65019040e+01 2.02313092e+01]
 [7.55846701e+01 7.52546948e+00]
 [1.91979234e+00 4.07511913e+01]
 [2.83771020e+01 1.95218819e+01]
 [1.95584718e+01 2.36383165e+01]
 [9.52307673e+01 5.40257844e+00]
 [6.48798070e+01 9.26649647e+00]
 [1.03945424e+01 2.98847729e+01]
 [6.75400422e+01 8.80527469e+00]
 [2.43459317e+01 2.12614357e+01]
 [6.22858404e+01 9.82172630e+00]
 [7.34592595e+01 7.78367271e+00]
 [6.45455961e+01 9.35130366e+00]
 [7.75890575e+01 7.27141580e+00]
 [2.18444218e+01 2.24879947e+01]
 [1.42751921e+01 2.68688011e+01]
 [1.21058548e+00 4.31688957e+01]
 [2.58971129e+01 2.07472123e+01]
 [1.44464946e+01 2.67363167e+01]
 [6.93819582e+01 8.45133614e+00]
 [7.81193155e-01 4.40952197e+01]
 [2.94544669e+01 1.89878956e+01]
 [1.29127363e+02 4.18629577e+00]
 [1.75107029e+01 2.47954390e+01]
 [6.95926112e+01 8.43653491e+00]
 [2.71136796e+01 1.99742594e+01]
 [9.47696640e+00 3.09652644e+01]
 [3.82267706e+01 1.58382273e+01]
 [2.20796010e+01 2.22951526e+01]
 [2.61782104e+01 2.06465462e+01]
 [1.01980083e+01 2.99876182e+01]
 [5.87787044e+00 3.43264602e+01]
 [4.75852956e+01 1.31196004e+01]
 [1.37010334e+01 2.72624901e+01]
 [4.72246780e+01 1.32156861e+01]
 [5.52857308e+00 3.48829433e+01]
 [4.58025597e+01 1.36045394e+01]
 [5.03764348e+01 1.24066808e+01]
 [9.13435682e+01 5.67972362e+00]
 [4.05759817e+01 1.51233960e+01]
 [2.34452193e+01 2.16276139e+01]
 [6.04828936e+01 1.01705727e+01]
 [3.18182992e+01 1.80719311e+01]
 [1.32146015e+00 4.26401650e+01]
 [4.09847748e+00 3.67140909e+01]
 [1.13123708e+02 4.63295323e+00]
 [5.48450295e+01 1.14364718e+01]
 [9.68265086e-01 4.33957094e+01]
 [5.56361611e+01 1.13646114e+01]
 [2.91598428e+01 1.91068886e+01]
 [1.02026122e+00 4.32270112e+01]
 [6.50124932e+01 9.25932772e+00]
 [3.73747944e+01 1.61350750e+01]
 [2.99455510e+01 1.87968693e+01]
 [5.12651201e+01 1.22842342e+01]
 [5.01651318e+01 1.24622316e+01]
 [2.10901875e-01 4.69260115e+01]
 [5.35932726e+01 1.16486681e+01]
 [2.24752960e+01 2.21220321e+01]
 [5.82231798e+01 1.06006386e+01]
 [1.59995289e-02 4.91380835e+01]
 [6.50215345e+01 9.23895078e+00]
 [9.77818161e+01 5.19356644e+00]
 [2.31567348e+01 2.19677879e+01]
 [3.87771841e+01 1.56689212e+01]
 [7.14609064e+01 8.09129310e+00]
 [7.46152342e+01 7.63174479e+00]
 [2.45591739e+01 2.12367624e+01]
 [1.28120276e-01 4.76042371e+01]
 [5.22163659e+01 1.19606358e+01]
 [1.20198215e+02 4.23543166e+00]
 [1.66657386e+01 2.54300785e+01]
 [1.13879725e+02 4.36151592e+00]
 [1.86331721e+00 4.10973999e+01]
 [7.61589523e+00 3.26578173e+01]
 [1.37512873e+01 2.72554821e+01]
 [5.89230187e+01 1.05851066e+01]
 [4.00763976e+01 1.53108058e+01]
 [1.10378365e+02 4.70810007e+00]]
