[[3.99128904e+00 5.55579437e-03]
 [4.01077006e+01 4.39126268e-04]
 [2.15837141e+01 8.00190802e-04]
 [6.33960449e+00 2.93460454e-03]
 [1.43384258e+01 1.31323532e-03]
 [5.47596408e+00 3.57371335e-03]
 [3.10848451e+01 5.59411948e-04]
 [8.03509024e+00 2.31051998e-03]
 [2.76498662e+01 6.38689453e-04]
 [2.42077141e+01 7.09690766e-04]
 [4.03443713e+00 5.37405847e-03]
 [8.77333847e+00 2.11308174e-03]
 [1.00965383e+01 1.82349362e-03]
 [4.14396110e+00 4.78491063e-03]
 [5.44864425e+00 4.13035723e-03]
 [3.51343762e+01 5.03472541e-04]
 [4.65108240e+00 4.18954427e-03]
 [1.12879608e+01 1.69868847e-03]
 [3.71793417e+01 4.87474327e-04]
 [4.63572384e+00 4.70407905e-03]]
