[[4.40849202 1.55157734 2.38130946 0.62638964 4.44604712 4.36896456]
 [4.04958609 1.72833693 1.97682792 2.48733538 4.26759188 3.69879363]
 [3.60629274 0.93761916 1.05075891 0.09085765 4.84789909 1.81612851]
 [4.82869509 1.12755854 2.66919554 1.54770073 4.97020813 7.56520558]
 [2.38488485 2.04266622 3.72645703 0.22560206 1.2590752  1.14646385]
 [0.60196798 2.13882946 2.37736979 1.60752302 4.47607564 1.91163627]
 [3.43422675 1.93467744 3.82187296 0.62314831 1.3549506  2.24284222]
 [2.02158106 1.98947923 3.72645533 0.04353565 1.04460522 1.14646385]
 [4.82869509 1.12755854 3.98571229 0.48480191 4.77936441 8.14826211]
 [3.89473484 1.09724897 2.14303661 0.8240924  1.62062136 5.62722931]
 [1.10233707 1.28975984 3.29714798 1.03636478 1.54604039 3.34066728]
 [3.60587545 0.93761916 1.05075891 0.09085765 4.84789909 1.81239112]
 [4.40849202 1.55157734 2.38130946 0.62638964 4.46123591 4.43389069]
 [3.00107699 2.66269034 2.00033523 1.37497249 1.20559703 1.80810896]
 [0.85831643 2.24869634 2.4700026  0.91960109 1.50030152 4.27702973]
 [3.43023333 1.03681181 3.81897294 0.97543559 1.41418991 2.6255241 ]
 [1.59912301 0.70786207 3.15086381 1.74578018 1.41816416 1.69881347]
 [4.60962128 1.13656707 3.3794956  0.94127435 4.06337205 6.47856381]]
