[[2.08511002e+00 2.16097348e+00]
 [9.31301057e-01 1.03668218e+00]
 [1.98383737e+00 1.61645020e+00]
 [2.09597257e+00 2.05565850e+00]
 [2.08652401e+00 1.67606949e+00]
 [7.01934693e-01 5.94304467e-01]
 [1.05814058e+00 7.96639978e-01]
 [1.63322451e+00 1.58117431e+00]
 [3.45448459e+00 2.99196855e+00]
 [9.94006692e-02 7.86329606e-02]
 [2.76410989e+00 2.52609268e+00]
 [2.92879636e+00 2.90878724e+00]
 [2.99588448e-01 3.64030367e-01]
 [2.22759393e-01 3.22482387e-01]
 [1.19923880e+00 1.48130914e+00]
 [2.62335155e+00 2.77442391e+00]
 [3.08389179e+00 2.84704896e+00]
 [8.80981278e-01 9.96190723e-01]
 [9.92849442e-01 1.28010303e+00]
 [2.63857323e+00 2.40648325e+00]
 [2.59505814e+00 2.31265173e+00]
 [2.07924359e+00 1.85005520e+00]
 [3.91374707e+00 2.97141535e+00]
 [1.10716367e+00 8.01216059e-01]
 [9.16632146e-02 2.00174993e-01]
 [4.52904748e+00 2.96986554e+00]
 [7.33961867e-01 7.92892448e-01]
 [4.37411048e-01 6.81929209e-01]
 [2.85357926e+00 2.99026028e+00]
 [1.69354013e+00 1.57168841e+00]
 [2.42214223e+00 2.57795342e+00]
 [1.37059888e+00 1.68158997e+00]
 [1.33139423e-01 3.32761107e-01]
 [7.99168252e-01 6.07806376e-01]
 [2.01610236e+00 2.27624079e+00]
 [3.58464501e+00 2.96197852e+00]
 [2.00932962e+00 2.09192406e+00]
 [6.03835922e-01 6.60851963e-01]
 [6.91773449e-01 8.70433389e-01]
 [1.72849411e+00 2.02491481e+00]
 [1.10741028e+00 1.40173747e+00]
 [1.57382844e+00 1.88056681e+00]
 [2.86636136e+00 2.82828773e+00]
 [2.45772575e+00 2.57010749e+00]
 [2.09289013e+00 2.05039470e+00]
 [1.47644397e+00 1.63236415e+00]
 [2.43960746e+00 2.56606924e+00]
 [2.92674229e+00 2.69461514e+00]
 [2.57087522e+00 2.62599818e+00]
 [8.07553852e-01 1.02732192e+00]
 [2.14018735e+00 1.79780927e+00]
 [2.89680270e+00 2.77411254e+00]
 [1.14602514e+00 1.30165013e+00]
 [3.15479600e+00 2.94277103e+00]
 [1.90540746e+00 1.97803481e+00]
 [3.54592002e-01 4.57811961e-01]
 [8.28794145e-02 3.41389069e-01]
 [1.60513157e+00 1.67373598e+00]
 [1.98643533e-01 2.11000325e-01]
 [2.69824555e+00 2.68578110e+00]
 [1.64180695e+00 1.64269281e+00]
 [1.93002006e+00 1.71462628e+00]
 [1.99299633e-01 4.04379354e-01]
 [9.67081995e-01 1.00699140e+00]
 [2.16177797e+00 2.54310140e+00]
 [1.72839607e+00 1.78687529e+00]
 [2.24368629e+00 2.11294020e+00]
 [1.17538818e+00 1.38480624e+00]
 [9.89163923e-01 1.28799217e+00]
 [6.13860647e-01 5.62709678e-01]
 [2.35248838e+00 2.48140801e+00]
 [2.29978366e+00 2.29161815e+00]
 [6.33566919e-01 7.32799990e-01]
 [2.73227295e+00 2.44932719e+00]
 [3.02153422e+00 2.87640755e+00]
 [1.96942004e+00 2.06686514e+00]
 [1.95305249e+00 2.08881025e+00]
 [3.06556168e+00 2.80720880e+00]
 [2.98444262e+00 2.93877052e+00]
 [2.20503310e+00 2.21883589e+00]
 [1.38600052e+00 1.60449670e+00]
 [2.74526722e+00 2.40298367e+00]
 [4.48021746e+00 2.91816106e+00]
 [3.52710224e-01 2.20399963e-01]
 [3.02606448e+00 2.97121859e+00]
 [4.44991104e-01 5.54716771e-01]
 [1.89312939e-01 1.72750517e-01]
 [8.26592452e-01 5.91589039e-01]
 [2.58099231e+00 2.58967945e+00]
 [2.32566972e+00 2.42024043e+00]
 [1.28330495e+00 1.17429109e+00]
 [2.89879067e-01 4.16449554e-01]
 [7.28927156e-01 7.34641916e-01]
 [2.78634115e+00 2.72132717e+00]
 [2.60156818e+00 2.48540444e+00]
 [2.52889693e+00 2.47457569e+00]
 [2.03144214e+00 2.23124759e+00]
 [1.55506534e+00 1.64546727e+00]
 [2.39868784e+00 2.84003004e+00]
 [1.64573001e+00 1.58400419e+00]
 [1.15731468e+00 1.28046405e+00]
 [4.52048578e-01 3.86927952e-01]
 [5.26312633e-01 5.18182390e-01]
 [3.02711004e+00 2.92871479e+00]
 [3.09559817e+00 2.95633474e+00]
 [2.75997514e+00 2.89174767e+00]
 [1.98231345e+00 1.88406970e+00]
 [9.90996147e-01 6.61782246e-01]
 [2.68001287e+00 2.70234934e+00]
 [1.17760978e+00 8.87805156e-01]
 [2.82866073e+00 2.72642410e+00]
 [1.86249383e+00 1.85711890e+00]
 [2.33775027e+00 2.00082763e+00]
 [2.06835082e+00 2.05292887e+00]
 [2.12862206e+00 1.80602352e+00]
 [1.09576903e+00 1.28640208e+00]
 [3.09696083e+00 2.94209711e+00]
 [1.02461073e+00 7.84262143e-01]
 [2.85504381e+00 2.89210840e+00]
 [8.76662959e-01 1.02344047e+00]
 [1.48064962e+00 1.59876768e+00]
 [3.35447302e-01 5.95944793e-01]
 [1.36200425e+00 1.79636675e+00]
 [3.70982118e+00 2.94864236e+00]
 [2.08050386e+00 1.59475040e+00]
 [3.62577640e-01 5.18103264e-01]
 [2.47747491e+00 2.47337883e+00]
 [6.64531188e-01 8.50387297e-01]
 [2.09974127e+00 1.80836029e+00]
 [2.40722949e+00 2.41078388e+00]
 [1.40096318e+00 1.35408558e+00]
 [1.39810590e+00 1.27053016e+00]
 [2.21751921e+00 2.09352497e+00]
 [1.89054293e+00 2.08798953e+00]
 [5.14091837e-01 5.87502701e-01]
 [9.45691875e-01 1.18075024e+00]
 [1.37237056e+00 1.58014758e+00]
 [2.48782192e+00 2.46353089e+00]
 [2.20220280e+00 2.26252508e+00]
 [7.33736899e-01 8.51949676e-01]
 [1.51090750e+00 1.10019594e+00]
 [1.00798317e+00 9.82572168e-01]
 [2.28852644e+00 2.26386668e+00]
 [1.37731013e+00 1.52822574e+00]
 [1.77451255e+00 1.96059310e+00]
 [2.71308206e+00 2.65216864e+00]
 [9.56360259e-01 1.16113870e+00]
 [3.48439163e+00 2.71742525e+00]
 [9.91161451e-01 8.57149486e-01]
 [2.23764190e+00 2.55371299e+00]
 [1.39179665e+00 1.46241390e+00]
 [1.25480769e+00 1.27947884e+00]
 [5.79133734e-01 8.11655981e-01]
 [2.52881674e+00 2.35950229e+00]
 [2.94454352e+00 2.52755463e+00]
 [1.68360545e+00 1.75928826e+00]
 [8.11224997e-01 5.83781206e-01]
 [7.54465382e-02 9.65832116e-02]
 [5.76467127e-01 6.24292230e-01]
 [2.13148409e-01 2.98320772e-01]
 [1.17451110e+00 1.12214015e+00]
 [2.06139464e+00 1.83463230e+00]
 [2.43212287e+00 2.09743970e+00]
 [1.82085149e+00 1.69993667e+00]
 [1.00815880e+00 1.24938767e+00]
 [7.25866465e-01 1.00404160e+00]
 [1.13394660e+00 1.22454421e+00]
 [7.53698296e-01 7.31291932e-01]
 [2.71270117e+00 2.64745852e+00]
 [2.10745505e+00 1.66531329e+00]
 [2.31042096e+00 2.26770329e+00]
 [2.39569639e+00 2.44222126e+00]
 [1.84777607e+00 1.98126230e+00]
 [2.30899705e+00 2.67689262e+00]
 [9.45406419e-01 1.03535773e+00]
 [1.19040063e+00 1.16413458e+00]
 [3.35175257e+00 2.89174767e+00]
 [2.30148997e+00 2.33614302e+00]
 [1.02461073e+00 7.78325414e-01]
 [1.42788141e+00 1.66052971e+00]
 [2.72196095e+00 2.68310552e+00]
 [1.28330495e+00 1.72767399e+00]
 [1.57927649e+00 1.67064128e+00]
 [1.64567465e+00 1.82860283e+00]
 [1.29254238e+00 1.50370686e+00]
 [1.55899766e+00 1.51722605e+00]
 [1.22898459e-01 1.64292378e-01]
 [2.62786904e+00 2.40987037e+00]
 [1.72839607e+00 1.83472699e+00]
 [1.11988206e+00 9.40133551e-01]
 [2.17233684e+00 2.00546108e+00]
 [2.48087559e+00 2.38020822e+00]
 [3.86815960e-02 1.69639282e-01]
 [4.24054322e+00 2.99284140e+00]
 [1.88266485e+00 2.12294829e+00]
 [1.55308318e+00 1.85761428e+00]
 [2.68051428e+00 2.89210840e+00]
 [1.17538818e+00 1.29835979e+00]
 [2.21751921e+00 1.99937675e+00]
 [1.90118248e+00 2.05677669e+00]
 [2.08899218e+00 2.42125563e+00]
 [1.19908529e+00 1.23428591e+00]
 [2.33775027e+00 2.34275965e+00]
 [2.83717282e+00 2.76751349e+00]
 [2.69083607e+00 2.85295553e+00]
 [3.33659346e+00 2.80747968e+00]
 [2.65049405e+00 2.74921756e+00]
 [5.79133734e-01 6.20251244e-01]
 [1.07369528e+00 1.22966883e+00]
 [2.67615490e-01 3.67229312e-01]
 [8.02610458e-02 5.89498914e-02]
 [1.29800220e+00 1.24938767e+00]
 [2.37003145e+00 2.46034362e+00]
 [7.00768367e-01 1.00404160e+00]
 [7.68588563e-02 5.68400604e-03]
 [2.06795859e+00 1.91747817e+00]
 [2.00511183e+00 2.26927230e+00]
 [3.09050566e+00 2.94303905e+00]
 [2.12882364e+00 2.24870824e+00]
 [5.69592998e-01 6.98118048e-01]
 [2.23953366e-02 2.18823639e-02]
 [2.57135749e+00 2.52304874e+00]
 [4.89646811e+00 2.99982454e+00]
 [4.29539083e-02 6.77645748e-02]
 [2.44984131e+00 2.17776817e+00]
 [1.66805114e+00 1.55105758e+00]
 [2.58633799e+00 2.72235885e+00]
 [4.58730883e+00 2.98984741e+00]
 [1.85991755e+00 1.72577437e+00]
 [8.77219672e-01 1.05067252e+00]
 [4.02240560e+00 2.94763500e+00]
 [1.00815880e+00 1.24495015e+00]
 [1.95305249e+00 2.21444649e+00]
 [2.55567516e+00 2.20877450e+00]
 [8.04857184e-01 1.34292993e+00]
 [1.28780100e+00 1.18492637e+00]
 [2.48956772e+00 2.45991025e+00]
 [5.92791295e-01 7.02511144e-01]
 [2.52840196e+00 2.67078332e+00]
 [2.14397580e+00 2.27727748e+00]
 [3.41566156e+00 2.75738420e+00]
 [2.41425355e+00 2.23600329e+00]
 [1.93932964e+00 1.71492214e+00]
 [2.13250920e-02 2.53762004e-04]
 [1.24430546e-01 2.05425291e-01]
 [1.91099897e-01 4.03639263e-01]
 [2.65956846e+00 2.53185684e+00]
 [1.86944541e+00 1.99810999e+00]
 [2.85958175e+00 2.93157975e+00]
 [2.55999615e+00 2.36000149e+00]
 [3.03507730e+00 2.74521475e+00]
 [3.34563216e+00 2.93416642e+00]
 [1.52148372e+00 1.79636675e+00]
 [2.11125900e+00 2.11864334e+00]
 [2.75249727e+00 2.67447729e+00]
 [2.65895950e+00 2.67391291e+00]
 [4.22500441e+00 2.90861404e+00]
 [2.29788554e+00 2.36679305e+00]
 [1.02168967e+00 9.94560708e-01]
 [1.21051825e+00 1.47864262e+00]
 [1.10741028e+00 1.11820064e+00]
 [3.44663041e+00 2.95947771e+00]
 [2.36962914e+00 2.68578110e+00]
 [6.20866576e-01 6.25584651e-01]
 [1.34720349e+00 1.57013763e+00]
 [2.79746822e+00 2.79382572e+00]
 [2.98048008e+00 2.80720880e+00]
 [2.48191699e+00 2.69350193e+00]
 [1.75065625e+00 1.54074755e+00]
 [1.95121200e+00 1.93828665e+00]
 [3.48227838e+00 2.71742525e+00]
 [1.70520713e+00 1.48837185e+00]
 [2.13763637e+00 2.24201928e+00]
 [1.77212062e+00 1.58359486e+00]
 [1.65193124e+00 1.53862543e+00]
 [2.51181624e+00 2.74889987e+00]
 [2.17952770e+00 2.53278002e+00]
 [2.94652768e+00 2.95502432e+00]
 [2.20220280e+00 2.56429240e+00]
 [1.36311699e+00 1.63421485e+00]
 [4.55045736e+00 2.97158459e+00]
 [3.57950518e+00 2.77172207e+00]
 [1.43816607e+00 1.41108941e+00]
 [1.34083342e+00 1.78237819e+00]
 [4.37411048e-01 4.14693643e-01]
 [1.64289270e+00 1.73288739e+00]
 [2.85292187e+00 2.83054253e+00]
 [1.37875221e+00 1.11496373e+00]
 [2.59535813e+00 2.17903680e+00]
 [2.03859282e+00 2.24081549e+00]
 [3.72204985e+00 2.99196855e+00]
 [1.30731235e+00 1.52741821e+00]
 [6.00429720e-01 6.19798072e-01]]
