[[1.45988514e+01 1.87473437e-03]
 [3.89650248e+01 6.05456647e-04]
 [4.23732353e+01 6.00404419e-04]
 [2.23930593e+01 9.50885037e-04]
 [8.42493582e+00 2.79476072e-03]
 [1.38583616e+01 1.92456864e-03]
 [1.62072948e+01 1.34727829e-03]
 [1.26053579e+01 1.94096797e-03]
 [2.49856601e+01 8.35621306e-04]
 [1.05192484e+01 2.36960019e-03]
 [2.19991349e+01 9.51537452e-04]
 [7.28965412e+00 4.13045292e-03]
 [4.86502222e+00 6.48194950e-03]
 [2.80638997e+01 6.76630579e-04]
 [2.93274506e+01 6.34550596e-04]
 [4.66009185e+01 5.14492076e-04]
 [1.45659074e+01 1.87964032e-03]
 [4.28486986e+01 5.92636372e-04]
 [2.92052273e+01 6.39932896e-04]
 [5.67277330e+01 4.75182809e-04]
 [4.50636316e+01 5.60485676e-04]
 [2.57525397e+01 8.17573068e-04]
 [1.80005793e+01 1.00569259e-03]
 [2.31517377e+01 8.70668613e-04]
 [3.12312717e+01 6.33231448e-04]
 [7.03688207e+00 4.46276904e-03]
 [1.56988213e+01 1.58383232e-03]
 [9.70944775e+00 2.52259577e-03]
 [7.47217793e+00 3.45071386e-03]]
