[[1.52610864e-02 2.65060857e+04]
 [4.48927166e-02 9.16056255e+03]
 [1.69870331e-02 2.59225653e+04]
 [4.91232333e-02 8.96634650e+03]
 [3.93752889e-02 1.06532184e+04]
 [3.39946541e-02 1.19017793e+04]
 [5.26285058e-02 8.93022581e+03]
 [3.99955887e-02 1.06219886e+04]
 [2.69897406e-02 1.55173060e+04]
 [3.70128177e-02 1.09776149e+04]
 [4.18541489e-02 9.65590185e+03]
 [1.07192317e-02 3.87363394e+04]
 [2.54769990e-02 1.74213262e+04]
 [3.15247391e-02 1.32695640e+04]
 [3.18475519e-02 1.27103137e+04]
 [1.20622167e-02 3.74183468e+04]
 [3.13492445e-02 1.34289154e+04]
 [9.94202140e-03 4.21205463e+04]
 [1.75662574e-02 2.46631743e+04]
 [5.80348224e-03 8.04541568e+04]
 [5.25064956e-03 9.90916651e+04]
 [5.30174139e-02 8.90322283e+03]
 [2.57065886e-02 1.59723699e+04]
 [2.40249579e-02 1.80470326e+04]
 [1.42412880e-02 3.02360048e+04]
 [8.62407872e-03 4.80120660e+04]
 [2.84826754e-02 1.42657777e+04]
 [1.29877897e-02 3.30752248e+04]
 [7.73724338e-03 5.94455362e+04]
 [1.24606059e-02 3.63709236e+04]
 [8.89796726e-03 4.79153534e+04]
 [2.35314401e-02 1.81161875e+04]
 [3.28064572e-02 1.22054955e+04]
 [1.96273831e-02 2.09138997e+04]
 [3.37488538e-02 1.19896260e+04]
 [5.12523370e-02 8.95523057e+03]
 [2.18486942e-02 1.97280144e+04]
 [3.51156246e-02 1.15118864e+04]
 [1.13292282e-02 3.81406223e+04]
 [1.88838119e-02 2.14330251e+04]
 [5.27947953e-03 9.20156265e+04]
 [1.45491053e-02 2.94854374e+04]
 [8.37211147e-03 4.90727180e+04]
 [1.49247591e-02 2.74011244e+04]
 [4.36648554e-02 9.16967554e+03]
 [5.32649653e-02 8.81408502e+03]
 [5.56050142e-02 8.57230742e+03]
 [1.32124948e-02 3.20093070e+04]
 [7.50909001e-03 6.43427669e+04]
 [6.16698457e-03 7.63712707e+04]
 [9.42916443e-03 4.30961677e+04]
 [2.18827602e-02 1.92242225e+04]
 [4.11976081e-02 1.00389977e+04]
 [1.65554536e-02 2.61858832e+04]
 [7.94880962e-03 5.28596827e+04]
 [2.83641914e-02 1.47202876e+04]
 [1.25285481e-02 3.32740686e+04]
 [6.48690925e-03 7.16329602e+04]
 [1.21458053e-02 3.69779105e+04]
 [3.68061261e-02 1.14818869e+04]
 [2.09535103e-02 1.99963334e+04]
 [7.91315517e-02 8.55424512e+03]
 [2.93011033e-02 1.41925047e+04]
 [4.08606202e-02 1.04871545e+04]]
