[[1.86260211e-03 3.45560727e-03 1.79353495e+00]
 [5.41559379e-03 9.74740371e-03 2.27320880e+00]
 [3.66543097e-03 8.62346253e-03 2.38535544e+00]
 [3.81016124e-03 7.49858311e-03 2.02228296e+00]
 [2.74119775e-03 5.60529991e-03 2.34345957e+00]
 [4.44117107e-03 8.28135361e-03 1.85269631e+00]
 [4.32981507e-03 9.09311989e-03 2.21095800e+00]
 [1.15103041e-03 2.27001165e-03 2.19196477e+00]
 [3.93884008e-03 6.88955048e-03 1.80800322e+00]
 [3.72748802e-03 7.10354578e-03 1.91128685e+00]
 [6.05212895e-03 9.90406197e-03 2.54783250e+00]
 [1.01581476e-03 2.25806922e-03 2.94264094e+00]
 [4.06288428e-03 7.43749196e-03 1.57597376e+00]
 [8.48018217e-04 2.02463036e-03 2.70847595e+00]
 [9.04097157e-04 1.28975984e-03 1.21052505e+00]
 [4.93963846e-04 1.50455028e-03 1.79070095e+00]
 [2.37214058e-03 5.39490891e-03 2.49856157e+00]
 [1.32906238e-03 2.83462432e-03 2.60128235e+00]
 [1.08067485e-03 1.91272052e-03 1.77409247e+00]
 [2.78504172e-03 6.14781891e-03 2.33033671e+00]
 [1.55528584e-03 3.17817550e-03 1.68796635e+00]
 [5.33403497e-03 9.63241565e-03 2.51810802e+00]
 [3.31014434e-03 6.59709804e-03 1.93308698e+00]
 [3.20354290e-03 5.51737971e-03 1.37643883e+00]
 [2.15209660e-03 3.71923011e-03 1.77971078e+00]
 [1.48733563e-03 3.05945447e-03 1.59448289e+00]
 [3.22853469e-03 5.54881977e-03 1.34331261e+00]
 [2.11771291e-03 5.28300693e-03 2.33713705e+00]
 [4.75723627e-03 9.23611865e-03 1.83336897e+00]
 [4.23510053e-03 9.29901087e-03 2.32003045e+00]
 [2.65370129e-03 4.54239113e-03 1.50198312e+00]
 [1.68649511e-03 2.68579527e-03 1.62129526e+00]
 [6.05212895e-03 9.90521371e-03 2.33315392e+00]
 [1.35039021e-03 3.05510661e-03 2.09514912e+00]
 [1.99018409e-03 4.10784069e-03 1.65994646e+00]
 [1.01728873e-03 1.50455028e-03 1.79070095e+00]
 [5.23276852e-04 1.35079158e-03 1.94216267e+00]
 [1.31076033e-03 2.98049731e-03 2.59921691e+00]
 [1.10936028e-03 1.71845721e-03 1.84550532e+00]
 [2.22560497e-03 4.57374932e-03 2.04779227e+00]
 [5.24234569e-03 9.76840657e-03 2.54893721e+00]
 [3.20999765e-03 5.58356907e-03 1.46212086e+00]
 [1.57324059e-03 3.81646428e-03 2.72328990e+00]
 [3.11702918e-03 5.68538867e-03 1.73746204e+00]
 [2.24202839e-03 4.47799829e-03 1.61774550e+00]
 [4.28335214e-03 9.35427012e-03 2.32655926e+00]
 [4.06288428e-03 7.43691973e-03 1.69350049e+00]
 [4.93963846e-04 1.26267068e-03 1.78426334e+00]
 [2.45304461e-03 4.85502113e-03 2.36665849e+00]
 [5.07874273e-04 1.32925055e-03 2.53694036e+00]
 [4.84525197e-03 9.44264523e-03 1.63951454e+00]
 [2.31462936e-03 4.10192042e-03 1.55159153e+00]
 [1.67821164e-03 3.88979139e-03 2.11503795e+00]
 [6.46090721e-03 9.94692600e-03 2.90418217e+00]
 [4.62429650e-03 9.73783538e-03 2.20110480e+00]
 [5.45142093e-03 9.63542389e-03 2.46016512e+00]
 [2.66499924e-03 5.57126881e-03 2.37146793e+00]
 [8.48018217e-04 2.04216873e-03 2.73051462e+00]
 [7.95828107e-04 1.64629266e-03 2.16659992e+00]
 [3.89752769e-03 7.60342966e-03 1.61220534e+00]
 [1.19874020e-03 2.76657408e-03 2.63817836e+00]
 [1.84748152e-03 4.31948281e-03 2.31811121e+00]
 [5.01450469e-03 9.12690966e-03 1.69473884e+00]
 [3.13474424e-03 5.87829044e-03 2.18969427e+00]
 [3.42566580e-03 6.55325369e-03 1.93308698e+00]
 [4.43905879e-03 8.07698409e-03 1.73453335e+00]
 [4.20298355e-03 7.42357633e-03 1.79598128e+00]
 [6.30959200e-03 9.92438636e-03 2.66692166e+00]
 [2.22383194e-03 4.59085688e-03 1.89161379e+00]]
