[[0.09550344 1.00830481]
 [0.97586049 0.1791425 ]
 [1.01034417 0.08785841]
 [0.9463186  0.18910591]
 [0.76150838 0.73200724]
 [0.99173336 0.17891146]
 [0.54432217 0.78726169]
 [0.82654744 0.52207151]
 [1.01665298 0.07688303]
 [0.09390425 1.05802723]
 [1.04149484 0.06416486]
 [0.78492906 0.53600548]
 [0.83658273 0.49693702]
 [0.31745006 0.96835846]
 [0.26025516 0.97370397]
 [0.93409408 0.19637525]
 [0.7835871  0.57860838]
 [0.76071132 0.75146593]
 [0.44309511 0.9561998 ]
 [0.84676802 0.49132784]
 [0.08820313 1.06052549]
 [0.66987752 0.78444086]
 [0.50344134 0.82188049]
 [1.01257255 0.08130774]
 [0.77416296 0.63088957]
 [0.47601725 0.93148003]]
