[[3.60699608e+01 1.65566552e+01]
 [7.76812641e+00 3.22621992e+01]
 [3.44753316e+01 1.71025222e+01]
 [3.38364045e+00 3.78835185e+01]
 [7.01718697e+00 3.32064912e+01]
 [2.06701379e+01 2.30235463e+01]
 [8.35413583e+01 6.42080819e+00]
 [6.42545421e-02 4.82357273e+01]
 [4.34786818e+00 3.65027909e+01]
 [6.81555654e+01 8.66305532e+00]
 [8.89085385e-01 4.35860832e+01]
 [6.14466549e-01 4.47011988e+01]
 [1.45298019e+01 2.68269711e+01]
 [5.83176055e+01 1.06016468e+01]
 [7.04643053e+01 8.30666886e+00]
 [7.07409588e+00 3.29968040e+01]
 [6.16784942e+01 9.95395502e+00]
 [6.12996297e+01 1.02237281e+01]
 [5.10129214e+01 1.23026655e+01]
 [4.83307391e+01 1.30055861e+01]
 [9.65869014e+01 5.29510110e+00]
 [3.17043014e+01 1.83835391e+01]
 [6.08506073e+01 1.02258165e+01]
 [7.47103428e+00 3.27839613e+01]
 [1.93888691e-01 4.71300901e+01]
 [3.56757064e+01 1.67682477e+01]
 [3.01435576e+00 3.87437753e+01]
 [1.17329489e+02 4.34324222e+00]
 [4.66951383e+00 3.58988353e+01]
 [5.69893656e+01 1.08917859e+01]
 [2.62542348e+00 3.94629533e+01]
 [6.83382844e+01 8.64617576e+00]
 [4.34026601e+01 1.43443386e+01]
 [2.13531304e+01 2.26859973e+01]
 [4.18005687e+01 1.50087135e+01]
 [5.00504672e+01 1.25116603e+01]
 [6.00929066e+00 3.48282781e+01]
 [5.13824242e-01 4.54694508e+01]
 [2.58119506e+00 3.96677531e+01]
 [4.03239394e+00 3.69383522e+01]
 [4.75859928e+01 1.32989730e+01]
 [8.64919865e+01 6.15676129e+00]
 [3.36542071e+01 1.74010150e+01]
 [3.20537255e+00 3.81544643e+01]
 [4.94481916e+00 3.56141364e+01]
 [2.83518875e+01 1.95538827e+01]
 [1.27649019e+01 2.80997480e+01]
 [2.40538698e+01 2.14695150e+01]
 [6.48609556e+01 9.26874806e+00]
 [5.05834735e+01 1.23675360e+01]
 [3.43372301e+01 1.71514592e+01]
 [1.93779981e+01 2.37564183e+01]
 [5.01455835e+01 1.24796289e+01]
 [6.33070848e+01 9.61319687e+00]
 [5.40210633e+01 1.15365319e+01]
 [1.10958087e+01 2.96911065e+01]
 [6.83013424e+00 3.33587758e+01]
 [6.43486652e+01 9.37801384e+00]
 [1.71358718e+00 4.17938033e+01]
 [1.20306667e+01 2.85309140e+01]
 [7.44505565e+01 7.63696884e+00]
 [5.89411434e+01 1.05818184e+01]
 [4.67329773e+01 1.33736789e+01]
 [3.88029074e+01 1.58309290e+01]
 [3.01727971e+01 1.87087766e+01]
 [1.34130912e+00 4.22112876e+01]
 [4.93661976e-01 4.58807307e+01]
 [2.15113580e+01 2.25891640e+01]
 [7.93024178e+01 7.29668767e+00]
 [3.35921562e-01 4.59875418e+01]
 [5.79757966e+01 1.06536827e+01]
 [4.76391019e+01 1.32669915e+01]
 [2.15758789e+01 2.25489721e+01]
 [2.66596827e+01 2.02184574e+01]
 [8.12972023e-01 4.41664531e+01]
 [7.79711709e+00 3.22085453e+01]
 [9.29939777e+00 3.10579557e+01]
 [6.96871304e+01 8.40558730e+00]
 [2.47211051e+01 2.10275627e+01]
 [3.79945778e+01 1.59323796e+01]
 [8.62804999e+00 3.15900942e+01]
 [1.31969028e+01 2.76972815e+01]
 [2.76770048e+01 1.99347921e+01]
 [5.33891708e+01 1.18889492e+01]
 [2.77386830e+00 3.89277638e+01]
 [4.67663491e+01 1.33526234e+01]
 [4.21620745e+01 1.46265005e+01]
 [3.75361146e+00 3.72747338e+01]
 [5.48558002e+01 1.13633086e+01]
 [1.02157410e+00 4.32326082e+01]
 [1.07012758e+02 4.66898666e+00]
 [2.92971313e+01 1.92233229e+01]
 [3.65457974e+01 1.64453988e+01]
 [3.42035448e+01 1.72851288e+01]
 [3.12188752e-01 4.61272473e+01]
 [9.65039663e-01 4.33529246e+01]
 [2.31936839e+01 2.17934378e+01]
 [2.11895612e+00 4.04278689e+01]
 [5.50351219e+00 3.50127366e+01]
 [3.79395709e+01 1.61793660e+01]
 [6.75027395e+01 8.78142648e+00]
 [3.70235440e+00 3.73229409e+01]
 [2.27422678e+01 2.21342855e+01]
 [1.24555240e+01 2.83164315e+01]
 [3.23266194e+01 1.79395495e+01]
 [3.22188851e+01 1.80251195e+01]
 [6.26078416e+01 9.79324153e+00]
 [5.80725766e+01 1.06333720e+01]
 [1.05231932e+02 4.75089670e+00]
 [6.65197305e+01 8.95857126e+00]
 [1.20197625e+00 4.26223612e+01]
 [1.79640539e+01 2.46564239e+01]
 [1.34395125e+01 2.74832846e+01]
 [3.33267937e+01 1.75117067e+01]
 [4.46456927e+01 1.39147373e+01]
 [8.74941564e+00 3.12715681e+01]
 [1.17625953e+02 4.29283930e+00]
 [1.22660665e+01 2.83319598e+01]
 [1.12096933e+01 2.94382812e+01]
 [4.46421395e+01 1.40657951e+01]
 [5.91865675e+01 1.04011807e+01]
 [3.94371800e+01 1.56445834e+01]
 [3.48381595e+01 1.69836051e+01]
 [4.84187242e+01 1.29658825e+01]
 [4.34398008e+01 1.43339251e+01]
 [6.50908359e+01 9.24546467e+00]
 [1.73191659e+01 2.49028383e+01]
 [1.91941453e+01 2.40345312e+01]
 [4.84700726e+01 1.29231735e+01]
 [2.49532236e+01 2.10104501e+01]
 [7.46252811e+01 7.60652563e+00]
 [5.51774505e+01 1.12694820e+01]
 [9.97457723e+01 5.05520943e+00]
 [5.91282702e+01 1.05545702e+01]
 [1.03210249e+02 4.87867113e+00]
 [5.15865449e+01 1.21155173e+01]
 [5.96751567e+01 1.03337514e+01]
 [1.04159749e+01 2.97832211e+01]
 [3.06485130e+00 3.85020852e+01]
 [4.78964634e+01 1.30694191e+01]
 [1.00724252e+02 5.02960765e+00]
 [4.21443338e+01 1.48831976e+01]
 [3.42906050e+01 1.71678040e+01]
 [4.10045380e+01 1.50214483e+01]
 [1.45431613e+01 2.66755992e+01]
 [5.12027501e+01 1.22194778e+01]
 [6.53760470e+01 9.17600105e+00]
 [1.83091268e+01 2.44127111e+01]
 [6.40122853e+01 9.42952412e+00]
 [3.07378910e+01 1.84814512e+01]
 [6.65421216e+01 8.95770879e+00]
 [1.16289939e+02 4.37118119e+00]
 [1.70158702e+01 2.52243460e+01]
 [3.66926201e+01 1.63906627e+01]
 [6.85089503e+01 8.61035619e+00]
 [6.22490777e+01 9.84033647e+00]
 [1.26798427e+02 4.12144377e+00]
 [5.42063728e+00 3.53977115e+01]
 [6.58602055e+01 9.13170435e+00]
 [3.88564172e+01 1.56748609e+01]
 [1.88871799e+00 4.07823832e+01]
 [1.01846941e+01 3.00101255e+01]
 [6.63603275e+01 8.98911820e+00]
 [3.62798109e+01 1.64793495e+01]
 [1.54098393e+01 2.61001255e+01]
 [4.31517549e+00 3.66363534e+01]
 [6.28127085e+01 9.73498701e+00]
 [1.04172885e+02 4.83941595e+00]
 [1.49053173e+01 2.66453764e+01]
 [5.24963731e+01 1.19126460e+01]
 [1.50635588e+01 2.63228049e+01]
 [1.24925247e+00 4.24300643e+01]
 [2.59826813e+01 2.04992627e+01]
 [1.14278961e+01 2.92936293e+01]
 [4.53234845e+01 1.37296112e+01]
 [6.39142329e+01 9.45537041e+00]
 [3.44318540e-01 4.59412349e+01]
 [4.09075328e+01 1.54620970e+01]
 [2.12159895e+00 4.02335429e+01]
 [5.82236451e+01 1.06215780e+01]
 [1.64275812e+01 2.55112644e+01]
 [6.78554916e+01 8.71934128e+00]
 [8.53857499e+01 6.34757775e+00]
 [8.32287740e+01 6.45173887e+00]
 [2.44897341e+01 2.11746689e+01]
 [1.04817245e+02 4.77165905e+00]
 [7.31152403e+01 7.82846441e+00]
 [1.42305474e+01 2.71178632e+01]
 [8.18974485e+00 3.18325584e+01]
 [3.87213277e+00 3.72373325e+01]
 [1.76550170e+01 2.47032035e+01]
 [4.91881651e+01 1.27522792e+01]
 [4.43882495e+01 1.40812323e+01]
 [2.19867830e+01 2.24244308e+01]
 [6.30729052e+01 9.61836503e+00]
 [1.86181503e+01 2.41459515e+01]
 [9.56365683e+01 5.58354362e+00]
 [3.09806114e+01 1.84314406e+01]
 [7.99279107e+01 7.17684360e+00]
 [2.04730112e+01 2.31822694e+01]
 [1.09652688e+02 4.57759921e+00]
 [5.35040888e+01 1.16542626e+01]
 [5.47142033e+01 1.14284772e+01]
 [2.98620961e+01 1.88284483e+01]
 [4.07742867e+00 3.67718210e+01]
 [2.01297250e+01 2.33120137e+01]
 [9.86272361e+01 5.11952966e+00]
 [5.60191391e+01 1.10809309e+01]
 [1.16405314e+02 4.34417257e+00]
 [2.54015704e+01 2.07292147e+01]
 [1.85052421e+00 4.08542106e+01]
 [2.08803557e+01 2.30163884e+01]
 [6.29240791e+00 3.42175157e+01]
 [4.51996145e+01 1.38515586e+01]
 [2.38210439e+01 2.14800193e+01]
 [3.14530888e+01 1.84194493e+01]
 [7.05352128e+01 8.29566805e+00]
 [7.72269556e+01 7.46092557e+00]
 [4.35682795e-02 4.86988324e+01]
 [2.82117134e+01 1.95664278e+01]
 [5.46013180e+00 3.50319788e+01]
 [2.58293441e+01 2.06628978e+01]
 [3.07024553e+01 1.85612262e+01]
 [1.18141263e+02 4.25989529e+00]
 [5.18400938e+01 1.20539100e+01]
 [3.18896238e+01 1.80610467e+01]
 [3.68178415e+01 1.63022029e+01]
 [6.47182946e+01 9.31912045e+00]
 [1.00733227e+01 3.07661378e+01]
 [5.21370157e+01 1.19794154e+01]
 [1.60253061e+01 2.57631493e+01]
 [2.27980161e+01 2.19486534e+01]
 [1.95029294e+01 2.36820850e+01]
 [1.10235413e+02 4.56123961e+00]
 [6.87534490e+01 8.55670126e+00]
 [4.32457308e+01 1.43799885e+01]
 [1.18428814e+01 2.86466707e+01]
 [1.59800001e+00 4.18381258e+01]
 [2.68640663e+01 2.00665641e+01]
 [5.13959470e-01 4.51656677e+01]
 [6.03403084e+01 1.03256865e+01]
 [9.32506118e+01 5.89933245e+00]
 [7.37978151e+01 7.77795914e+00]
 [8.04045823e+01 7.07657254e+00]
 [9.23901119e+01 6.06963891e+00]
 [7.27590018e+01 7.93298214e+00]
 [3.53394584e+01 1.68013697e+01]
 [5.17510784e+01 1.20963973e+01]
 [2.03220988e+01 2.32048909e+01]
 [7.85249539e+01 7.38454582e+00]
 [2.12507675e+01 2.28451788e+01]
 [3.29245254e+01 1.76879642e+01]
 [6.81544480e+01 8.68148280e+00]
 [1.09579976e+00 4.31305194e+01]
 [5.60121645e+01 1.12654106e+01]
 [8.19757312e+01 6.59472651e+00]
 [1.44437589e-01 4.73552539e+01]
 [2.86113807e+01 1.95014371e+01]
 [4.25736858e+01 1.45984517e+01]
 [3.66644650e+01 1.64219820e+01]
 [6.31635896e+00 3.38757451e+01]]
