[[2.08511002 2.16097348]
 [0.93130106 1.03668218]
 [1.98383737 1.6164502 ]
 [2.09597257 2.0556585 ]
 [2.08652401 1.67606949]
 [0.70193469 0.59430447]
 [1.05814058 0.79663998]
 [2.24956067 1.73516884]
 [1.63322451 1.58117431]
 [3.45448459 2.99196855]
 [0.09940067 0.07863296]
 [2.76410989 2.52609268]
 [2.92879636 2.90878724]
 [0.29958845 0.36403037]
 [0.22275939 0.32248239]
 [1.1992388  1.48130914]
 [2.62335155 2.77442391]
 [0.88098128 0.99619072]
 [2.9100709  2.63649595]
 [0.99284944 1.28010303]
 [2.63857323 2.40648325]
 [2.59505814 2.31265173]
 [2.07924359 1.8500552 ]
 [1.29849197 0.7712079 ]
 [3.91374707 2.97141535]
 [2.2095214  1.74473222]
 [1.23866451 0.78651925]
 [1.10716367 0.80121606]
 [0.09166321 0.20017499]
 [1.9742524  2.24081549]
 [0.72779116 0.47319021]
 [4.52904748 2.96986554]
 [0.73396187 0.79289245]
 [2.58633799 2.74921756]
 [0.43741105 0.68192921]
 [2.85357926 2.99026028]
 [2.46035901 2.19027363]
 [1.69354013 1.57168841]
 [1.37059888 1.68158997]
 [1.07056068 0.59684377]
 [0.13313942 0.33276111]
 [0.79916825 0.60780638]
 [1.85077089 1.59209232]
 [2.63951989 2.22023263]
 [2.01610236 2.27624079]
 [3.58464501 2.96197852]
 [2.00932962 2.09192406]
 [0.60383592 0.66085196]
 [0.69177345 0.87043339]
 [1.72849411 2.02491481]
 [1.10741028 1.40173747]
 [1.57382844 1.88056681]
 [2.86636136 2.82828773]
 [2.45772575 2.57010749]
 [2.09289013 2.0503947 ]
 [1.47644397 1.63236415]
 [2.43960746 2.56606924]
 [2.92674229 2.69461514]
 [2.57087522 2.62599818]
 [0.91976721 1.38851736]
 [0.80755385 1.02732192]
 [2.14018735 1.79780927]
 [2.8968027  2.77411254]
 [1.14602514 1.30165013]
 [1.91233729 1.40936712]
 [3.154796   2.94277103]
 [2.51754755 2.8977992 ]
 [2.49966186 2.33129469]
 [1.99609303 2.39088676]
 [1.90540746 1.97803481]
 [0.354592   0.45781196]
 [0.08287941 0.34138907]
 [1.60513157 1.67373598]
 [0.19864353 0.21100032]
 [2.69824555 2.6857811 ]
 [2.23317523 2.63110317]
 [1.26790875 0.82142911]
 [1.64180695 1.64269281]
 [1.93002006 1.71462628]
 [0.19929963 0.40437935]
 [0.967082   1.0069914 ]
 [2.16177797 2.5431014 ]
 [3.01091827 2.89070126]
 [1.72839607 1.78687529]
 [1.5264415  1.11496373]
 [2.24368629 2.1129402 ]
 [0.88339447 1.17329737]
 [1.17538818 1.38480624]
 [1.00363744 1.58863983]
 [1.64922281 2.0492231 ]
 [0.98916392 1.28799217]
 [0.61386065 0.56270968]
 [2.35248838 2.48140801]
 [1.93494617 1.47864262]
 [2.29978366 2.29161815]
 [0.63356692 0.73279999]
 [2.73227295 2.44932719]
 [3.02153422 2.87640755]
 [1.96942004 2.06686514]
 [3.50266536 2.79167946]
 [1.95305249 2.08881025]
 [3.06556168 2.8072088 ]
 [2.98444262 2.93877052]
 [2.2050331  2.21883589]
 [1.38600052 1.6044967 ]
 [2.74526722 2.40298367]
 [0.35271022 0.22039996]
 [3.02606448 2.97121859]
 [0.4449911  0.55471677]
 [0.18931294 0.17275052]
 [0.82659245 0.59158904]
 [2.58099231 2.58967945]
 [1.39164065 1.91992371]
 [2.32566972 2.42024043]
 [1.28330495 1.17429109]
 [0.28987907 0.41644955]
 [0.72892716 0.73464192]
 [2.78634115 2.72132717]
 [2.60156818 2.48540444]
 [2.52889693 2.47457569]
 [2.03144214 2.23124759]
 [1.55506534 1.64546727]
 [2.39868784 2.84003004]
 [1.64573001 1.58400419]
 [1.15731468 1.28046405]
 [1.95132352 2.27947619]
 [0.45204858 0.38692795]
 [0.52631263 0.51818239]
 [4.39533201 2.92055658]
 [3.02711004 2.92871479]
 [3.09559817 2.95633474]
 [2.66824538 2.21816336]
 [2.75997514 2.89174767]
 [1.98231345 1.8840697 ]
 [0.34892989 0.12563271]
 [0.99099615 0.66178225]
 [2.68001287 2.70234934]
 [2.94919566 2.82130238]
 [0.63594363 1.08652963]
 [2.17396052 2.40056767]
 [0.79687512 0.83925686]
 [2.03575705 2.09662378]
 [2.57147985 2.89530782]
 [1.03397347 0.71919134]
 [2.42214223 2.58984664]
 [1.27090429 1.65377071]
 [1.35002638 0.99425806]
 [2.93136427 2.76706203]
 [0.06841229 0.02625405]
 [2.45097656 2.54889871]
 [2.01420568 1.84693912]
 [1.81356926 2.09516411]
 [2.89529022 2.53152129]
 [3.64631945 2.87109713]
 [1.99609303 2.48969159]
 [2.3825264  2.44398977]
 [1.276353   1.39643455]
 [0.5390695  0.43085402]
 [1.12381198 1.10377888]
 [2.84428995 2.52870749]
 [2.2050331  2.22777601]
 [1.48788658 1.47997556]
 [1.85646881 2.03067723]
 [2.88343089 2.57960193]
 [1.67726584 1.36925209]
 [2.78634115 2.5782351 ]
 [2.98345439 2.80569122]
 [3.13759511 2.88126596]
 [1.95305249 1.63279146]
 [1.98787547 1.57574916]
 [3.02606448 2.92538449]
 [2.5312865  2.63649595]
 [2.87866414 2.68866921]
 [3.49811591 2.82125203]
 [0.0674874  0.20017499]
 [0.49610454 0.6098797 ]
 [0.83868343 1.03126218]
 [2.31948088 2.79419312]
 [2.16235134 1.9516722 ]
 [1.60003209 1.79702167]
 [3.73812249 2.99196855]
 [3.89741474 2.97141535]
 [1.64418609 1.17891899]
 [2.20900484 2.41783041]
 [1.15269999 0.99545051]
 [2.40307584 2.66704369]
 [2.42290208 2.3664125 ]
 [2.24291445 2.63110317]
 [2.12324558 2.41674939]
 [2.28710772 2.64757267]
 [1.61521598 1.17891899]
 [1.00378756 1.7214654 ]
 [2.55852643 2.40891455]
 [2.43960746 2.81029432]
 [2.43204811 2.62914824]
 [2.46035901 2.18263719]
 [1.32360445 0.92334559]
 [1.22363859 1.67385279]
 [0.45445885 0.41613539]
 [1.47811294 1.86889993]
 [0.06632292 0.07251872]
 [2.4967599  2.58560554]
 [2.44979146 2.23124759]
 [2.08391524 2.08987533]
 [1.38821693 1.10784454]
 [3.19523027 2.96902443]
 [2.93080815 2.99566067]
 [1.62983604 2.04630914]
 [3.0271896  2.92871479]
 [1.26919441 1.15045066]
 [0.65769494 0.81285176]
 [4.37701931 2.97459163]
 [0.96647246 0.83816156]
 [4.4589006  2.98261315]
 [1.80353142 1.85309752]
 [1.88759777 2.16610117]
 [0.69638174 0.35704604]
 [1.23978978 0.97060885]
 [2.7678931  2.89070126]
 [0.04030413 0.06931397]
 [3.07214705 2.87257773]
 [2.22836478 2.40990379]
 [1.91840445 1.8840697 ]
 [1.53470773 1.83567205]
 [3.64191651 2.94211575]
 [1.57514741 1.88056681]
 [0.63033906 0.91498193]
 [2.46357008 2.26502196]
 [2.21902599 1.94149898]
 [3.3504396  2.87841182]
 [4.230273   2.96650025]
 [3.39828842 2.95633474]
 [0.79413969 1.12024927]
 [1.68798036 1.42670292]
 [1.84249024 1.6455307 ]
 [1.70613    2.02343943]
 [0.40035217 0.58469443]
 [2.01610236 2.26107013]]
