[[4.22756785e-03 9.99866285e-03 2.99600929e+00]
 [3.89576111e-04 9.06245540e-04 2.44489278e+00]
 [1.33431540e-03 2.22454910e-03 2.73156838e+00]
 [8.80054289e-04 1.80619669e-03 2.15003995e+00]
 [3.69572028e-03 8.15325728e-03 2.46072901e+00]
 [1.34402557e-03 3.50891698e-03 2.49741523e+00]
 [4.18562809e-03 9.78762088e-03 2.44811793e+00]
 [2.71737944e-03 4.52540449e-03 1.73732193e+00]
 [1.36510533e-03 3.41027336e-03 2.99037344e+00]
 [6.87102464e-04 1.39613810e-03 1.54819412e+00]
 [6.15710715e-04 1.02579023e-03 1.54545284e+00]
 [8.39716199e-04 1.66510133e-03 1.81861416e+00]
 [2.77563434e-03 5.69432132e-03 1.84019643e+00]
 [8.24597461e-04 1.66510133e-03 1.73720717e+00]
 [3.97631943e-03 9.39237182e-03 2.99617760e+00]
 [4.10993049e-03 7.21096311e-03 2.00799666e+00]
 [6.91613891e-04 1.40897286e-03 1.65906506e+00]
 [7.11983009e-04 1.30304279e-03 2.03332081e+00]
 [3.70725482e-03 6.16639188e-03 1.92771792e+00]
 [6.91613891e-04 1.40897286e-03 1.85545738e+00]]
