[[4.86621314e+00 6.48194950e-03]
 [1.82222444e+01 1.36486604e-03]
 [2.79294881e+01 8.15115987e-04]
 [2.17470174e+01 1.08072894e-03]
 [2.29357482e+01 1.02014595e-03]
 [8.87293956e+00 3.35259021e-03]
 [2.56532510e+01 9.54345464e-04]
 [2.87146742e+01 6.59743677e-04]
 [3.50750853e+01 4.87077618e-04]
 [6.70093810e+00 4.69632811e-03]
 [3.07183895e+01 5.86149286e-04]
 [3.01307063e+01 6.50327332e-04]
 [1.39005483e+01 1.53563339e-03]
 [6.25825621e+01 4.65995651e-04]
 [1.79194739e+01 1.38482834e-03]
 [1.90771185e+01 1.15705140e-03]
 [1.34639111e+01 1.69218212e-03]
 [3.36206356e+01 5.62264394e-04]
 [5.93686361e+01 4.86609425e-04]]
