[[0.62681647 2.17817801 9.99419515 1.60051849]
 [0.45983223 2.49180025 9.77903982 1.56947028]
 [0.69109926 1.46909605 9.69893467 1.33227726]
 [0.49388739 2.17817801 9.75379676 1.58022397]
 [0.57419876 1.7218757  9.99185504 0.71081698]
 [0.6259054  1.73699042 9.92946688 2.67874145]
 [1.26626409 1.06381272 9.57084851 3.44402414]
 [0.64630669 1.91202976 8.55871952 0.71081698]
 [0.61750404 2.61218483 9.79641961 0.92038358]
 [0.49388739 2.17445197 9.75307842 1.58022397]
 [1.33535284 0.81922437 9.99318734 4.91203239]
 [0.69123354 1.5157577  9.8062564  2.5928677 ]
 [0.69109926 1.46909605 9.69785953 1.33227726]
 [0.6259054  1.98017379 9.73936123 1.99030036]
 [0.6260729  1.91149623 9.96901465 2.73769451]
 [0.73754343 1.51235482 9.68121529 4.55595666]
 [0.50109023 2.18228874 9.68270386 0.67462886]
 [0.6259054  1.81244855 9.98905638 2.52607639]
 [1.22234511 0.81922437 9.68749129 4.00574839]
 [0.77020918 1.28293103 9.9143542  2.77439962]
 [1.26626409 1.06381272 9.85268983 3.44402414]
 [0.6083339  2.0399851  9.6939755  1.39897943]
 [1.47113616 0.8752545  9.98441263 1.81507355]
 [0.94774234 1.02261383 9.57459433 2.38738736]
 [0.76372434 1.74056533 9.75717408 0.86917443]
 [0.77827586 1.73756876 9.98720869 2.17468917]
 [0.50429654 1.9949711  9.99185504 0.72206301]
 [0.67288632 1.91181269 9.84520299 0.81388372]
 [0.6259054  1.99080019 9.73936123 1.99809983]
 [1.22138684 0.81922437 9.68749129 4.04343668]
 [1.30804723 0.80173762 9.68270386 1.44424891]
 [0.6259054  1.72523733 9.81647883 2.40386041]
 [0.6260729  1.91149623 9.96901465 2.73000373]
 [0.46581372 2.61218483 9.73152721 0.47800458]
 [0.57732607 1.89626936 9.99185504 4.10617637]
 [1.22234511 0.81922437 9.94205517 4.00574839]
 [0.53189219 2.39719105 9.73152721 0.99178375]
 [0.57966216 1.72293219 9.9968952  4.58343091]
 [1.21067297 1.3855125  9.97076288 4.33920031]
 [0.6259054  1.81244855 9.99554347 2.58906795]
 [0.62891386 2.17817801 9.98569418 1.60051849]
 [0.73251488 1.84755307 9.99185504 1.00696973]
 [0.79399448 1.73699042 9.92992052 2.84380955]
 [0.76372434 1.74056533 9.75717408 1.39918074]
 [0.73754343 1.51235482 9.68275151 4.55595666]
 [0.69109926 1.46909605 9.73012115 1.33025153]
 [0.67039488 1.81750043 9.98720869 1.15770418]
 [1.33535284 0.81922437 9.99545757 4.99749092]
 [0.5175786  2.0399851  9.91985533 1.13388514]
 [0.81755284 1.3863126  9.99976157 4.99400699]
 [1.22234511 0.81922437 9.95019963 1.29267653]
 [0.64630669 1.67090359 9.73343632 1.10547813]
 [0.49388739 2.08615295 9.98505228 1.58022397]
 [0.70775511 1.4881612  9.91511251 2.05976794]
 [0.76987324 1.85507432 9.95934054 2.94226043]
 [0.73754343 1.52002287 9.7445431  4.55595666]
 [0.79399448 1.73699042 9.93996767 2.89960683]
 [0.62681647 2.01238041 9.99697208 1.65842585]
 [0.57419876 1.72099646 9.99412949 0.71081698]
 [1.02939088 1.4881612  9.91511251 1.91251128]
 [0.69219253 1.53724484 9.95155467 3.47197752]
 [0.57419876 1.91373286 9.9800969  1.15168297]
 [0.64044373 1.66638221 9.99669099 3.45354115]
 [0.6259054  1.72523733 9.81647883 2.54036318]
 [0.6271823  2.32110423 9.928807   0.8480503 ]
 [0.53189219 2.16712562 9.73152721 1.04701419]
 [1.22234511 0.81922437 9.97364772 4.00574839]
 [0.46581372 2.61218483 9.73010576 0.68407238]
 [0.62799607 1.73699042 9.97804974 0.7358361 ]
 [0.72621364 1.73711859 9.9968952  4.64458787]
 [0.44929821 2.5910194  9.8647639  1.74060904]
 [0.69622334 1.51544764 9.9878044  1.46104151]]
