[[3.60699608e+01 1.65566552e+01]
 [7.76812641e+00 3.22621992e+01]
 [3.44753316e+01 1.71025222e+01]
 [3.38364045e+00 3.78835185e+01]
 [7.01718697e+00 3.32064912e+01]
 [2.06701379e+01 2.30235463e+01]
 [8.35413583e+01 6.42080819e+00]
 [6.42545421e-02 4.82357273e+01]
 [5.60857909e+01 1.11194220e+01]
 [6.81555654e+01 8.66305532e+00]
 [8.89085385e-01 4.35860832e+01]
 [6.14466549e-01 4.47011988e+01]
 [5.83176055e+01 1.06016468e+01]
 [7.04643053e+01 8.30666886e+00]
 [7.07409588e+00 3.29968040e+01]
 [1.04976551e+01 2.98948891e+01]
 [4.83307391e+01 1.30055861e+01]
 [3.09838326e+01 1.84529702e+01]
 [9.65869014e+01 5.29510110e+00]
 [7.47103428e+00 3.27839613e+01]
 [1.93888691e-01 4.71300901e+01]
 [3.56757064e+01 1.67682477e+01]
 [1.17329489e+02 4.34324222e+00]
 [4.66951383e+00 3.58988353e+01]
 [5.69893656e+01 1.08917859e+01]
 [2.62542348e+00 3.94629533e+01]
 [6.83382844e+01 8.64617576e+00]
 [4.34026601e+01 1.43443386e+01]
 [2.13531304e+01 2.26859973e+01]
 [5.00504672e+01 1.25116603e+01]
 [4.03239394e+00 3.69383522e+01]
 [4.75859928e+01 1.32989730e+01]
 [3.69837635e+01 1.63225093e+01]
 [8.64919865e+01 6.15676129e+00]
 [3.20537255e+00 3.81544643e+01]
 [4.94481916e+00 3.56141364e+01]
 [1.27649019e+01 2.80997480e+01]
 [6.48609556e+01 9.26874806e+00]
 [5.05834735e+01 1.23675360e+01]
 [3.43372301e+01 1.71514592e+01]
 [1.93779981e+01 2.37564183e+01]
 [5.01455835e+01 1.24796289e+01]
 [6.33070848e+01 9.61319687e+00]
 [5.40210633e+01 1.15365319e+01]
 [3.12500802e+01 1.84325539e+01]
 [6.43486652e+01 9.37801384e+00]
 [1.20306667e+01 2.85309140e+01]
 [2.25733983e+01 2.24263055e+01]
 [7.44505565e+01 7.63696884e+00]
 [5.89411434e+01 1.05818184e+01]
 [4.67329773e+01 1.33736789e+01]
 [3.01727971e+01 1.87087766e+01]
 [1.34130912e+00 4.22112876e+01]
 [2.15113580e+01 2.25891640e+01]
 [3.35921562e-01 4.59875418e+01]
 [5.79757966e+01 1.06536827e+01]
 [4.76391019e+01 1.32669915e+01]
 [2.15758789e+01 2.25489721e+01]
 [2.66596827e+01 2.02184574e+01]
 [8.12972023e-01 4.41664531e+01]
 [7.79711709e+00 3.22085453e+01]
 [4.45625951e+01 1.40918550e+01]
 [6.96871304e+01 8.40558730e+00]
 [2.47211051e+01 2.10275627e+01]
 [3.79945778e+01 1.59323796e+01]
 [8.62804999e+00 3.15900942e+01]
 [1.31969028e+01 2.76972815e+01]
 [2.77386830e+00 3.89277638e+01]
 [4.67663491e+01 1.33526234e+01]
 [4.21620745e+01 1.46265005e+01]
 [3.75361146e+00 3.72747338e+01]
 [5.38580768e+01 1.16485177e+01]
 [6.96135576e+01 8.42397176e+00]
 [3.26021873e+01 1.77876950e+01]
 [3.27101692e+01 1.77589149e+01]
 [6.91123586e+01 8.55038487e+00]
 [7.01730799e+01 8.31113849e+00]
 [3.91416147e+01 1.55467138e+01]
 [1.79816284e+01 2.45904349e+01]
 [6.91922583e-01 4.44418788e+01]
 [7.19408245e+01 8.01237546e+00]
 [2.02291111e+00 4.05086490e+01]
 [2.62728519e-01 4.64450476e+01]
 [5.34718436e+01 1.16612434e+01]
 [4.50652135e+01 1.38072019e+01]
 [1.21033246e+01 2.84498708e+01]
 [1.02984042e+00 4.31941739e+01]
 [4.28413418e+00 3.64353428e+01]
 [6.06772742e+01 1.00926354e+01]
 [5.17815690e+01 1.20756660e+01]
 [5.00753781e+01 1.24841183e+01]
 [3.64208919e+01 1.64783257e+01]
 [2.05031630e+01 2.31204647e+01]
 [2.08699861e+01 2.29201545e+01]
 [1.19158618e+01 2.86011782e+01]
 [1.41624463e+00 4.19642958e+01]
 [2.18207191e+00 4.01005677e+01]
 [7.09630621e+01 8.18251721e+00]
 [7.32905725e+01 7.80331402e+00]
 [6.39186693e+01 9.46243930e+00]
 [2.99171409e+01 1.88154538e+01]
 [5.79406439e+01 1.06615388e+01]
 [8.69985118e+00 3.15208134e+01]
 [6.17388396e+01 9.88386160e+00]
 [2.76710956e+01 1.97216465e+01]
 [3.39703682e+01 1.72797952e+01]
 [3.11710112e+01 1.84462971e+01]
 [1.14221603e+01 2.90338290e+01]
 [7.29884071e+01 7.85652240e+00]
 [6.65957702e+00 3.35761655e+01]
 [6.60622646e+01 9.04404406e+00]
 [7.26387335e+00 3.28149341e+01]
 [1.89935255e+01 2.39542084e+01]
 [1.87070036e+00 4.11537541e+01]
 [2.03279564e+01 2.34982790e+01]
 [8.98290597e+01 5.87262957e+00]
 [1.59957415e+00 4.15930845e+01]
 [4.90219390e+01 1.27469474e+01]
 [4.65904102e+00 3.60155754e+01]
 [3.07163213e+01 1.85980647e+01]
 [4.64265309e+01 1.34264990e+01]
 [1.51849824e+01 2.62457580e+01]
 [1.42757879e+01 2.68825864e+01]
 [3.72009529e+01 1.61897965e+01]
 [3.17354115e+01 1.81485282e+01]
 [2.43779936e+00 3.95935045e+01]
 [9.15401703e+00 3.10240831e+01]
 [1.75210694e+01 2.48550859e+01]
 [4.90329696e+01 1.27447142e+01]
 [3.98748676e+01 1.53214381e+01]
 [5.05675235e+00 3.54073223e+01]
 [1.39730904e+01 2.73822381e+01]
 [7.92591256e+00 3.20759247e+01]
 [4.14497823e+01 1.48385144e+01]
 [1.69298285e+01 2.51770984e+01]
 [2.79712804e+01 1.96417636e+01]
 [5.75792510e+01 1.07423058e+01]
 [9.05147208e+00 3.10878785e+01]
 [6.86842505e+00 3.32339969e+01]
 [4.61139651e+01 1.36149424e+01]
 [1.63030094e+01 2.55336468e+01]
 [1.28464337e+01 2.78687432e+01]
 [3.97672525e+00 3.70862842e+01]
 [6.02354757e+01 1.03378875e+01]
 [2.37184900e+01 2.15006854e+01]
 [3.99554597e+00 3.70488245e+01]
 [6.00819875e-02 4.82947230e+01]
 [2.88822055e+00 3.87144616e+01]
 [5.37710108e-01 4.50197357e+01]
 [1.05546994e+01 2.96721623e+01]
 [3.04608941e+01 1.86549541e+01]
 [4.12578997e+01 1.50188493e+01]
 [2.48211394e+01 2.09974032e+01]
 [1.03094148e+01 3.00018891e+01]
 [8.28583428e+00 3.19330592e+01]
 [1.11413737e+01 2.92004353e+01]
 [4.41139604e+00 3.62529467e+01]
 [5.74711369e+01 1.07661874e+01]
 [4.19220930e+01 1.46992807e+01]
 [4.68152236e+01 1.33246294e+01]
 [9.37380160e+00 3.09691382e+01]
 [2.18915653e+01 2.24621758e+01]
 [3.15088335e+01 1.81856401e+01]
 [1.23065755e+02 4.33604217e+00]
 [1.04989802e+01 2.98406001e+01]
 [3.25575891e+01 1.81045232e+01]
 [8.43296107e+01 6.41808789e+00]
 [2.09228537e+00 4.03991319e+01]
 [1.01886215e+01 3.01121802e+01]
 [4.31609386e+01 1.46196436e+01]
 [5.41388482e+00 3.50363618e+01]
 [2.28034222e+00 3.98954234e+01]
 [4.95447481e+01 1.26144906e+01]
 [2.88233422e+01 1.92431730e+01]
 [2.66741846e+01 2.01538858e+01]
 [5.29748565e+01 1.18171756e+01]
 [1.12810275e+00 4.28304969e+01]
 [5.67951946e+01 1.09519203e+01]
 [3.58328227e+01 1.66398305e+01]
 [7.56915477e+00 3.25727180e+01]
 [6.76740635e+00 3.33074777e+01]
 [2.53933753e+01 2.08843012e+01]
 [3.50996143e+01 1.69143548e+01]
 [2.26326020e+01 2.22735825e+01]
 [4.19200471e+01 1.47073315e+01]
 [2.76368241e+01 1.97363803e+01]
 [1.91751933e+01 2.38542040e+01]
 [7.57682569e+01 7.41708649e+00]
 [5.66211375e+00 3.46065696e+01]
 [8.90242757e+01 6.07685387e+00]
 [1.63952102e+01 2.54741345e+01]
 [6.64454959e+01 8.97468686e+00]
 [4.05605697e+00 3.67740948e+01]
 [4.37968594e+01 1.42565986e+01]
 [9.47212673e+01 5.53226284e+00]
 [1.66260172e+01 2.53280308e+01]
 [9.86976703e+01 5.14707709e+00]
 [4.77493773e+01 1.30759020e+01]
 [1.39764548e+01 2.73534780e+01]
 [4.13689420e+01 1.48639360e+01]
 [6.80835138e+01 8.69207231e+00]
 [8.69820004e-01 4.36627579e+01]
 [2.03538579e+01 2.32520223e+01]
 [1.99945288e+01 2.35157870e+01]
 [4.84812918e+01 1.29228542e+01]
 [4.87819281e+01 1.28124801e+01]
 [6.16559111e+01 9.89145308e+00]
 [1.17152333e+02 4.42568137e+00]
 [6.21321178e+01 9.80250854e+00]
 [1.11136876e+02 4.57718988e+00]
 [1.05684862e+02 4.69277803e+00]
 [4.12190251e+01 1.52162534e+01]
 [6.04293664e+01 1.02996537e+01]
 [2.59903111e+01 2.05040196e+01]
 [5.42266290e+01 1.14902537e+01]
 [3.32917391e+01 1.76860471e+01]
 [9.24554874e+01 5.59376830e+00]
 [2.41135763e+00 3.96426559e+01]
 [2.63392800e+01 2.03156307e+01]
 [8.57139989e+00 3.17582656e+01]
 [3.08414288e+01 1.85023000e+01]
 [3.62188679e+01 1.65462143e+01]
 [3.52770876e-01 4.59069783e+01]
 [1.65580292e-01 4.71799605e+01]
 [3.48621328e+01 1.70232236e+01]
 [1.10648781e+01 2.95258499e+01]
 [6.26963335e+01 9.73340172e+00]
 [7.89091264e+00 3.21835577e+01]
 [6.19232487e+00 3.40071426e+01]
 [2.28568529e+01 2.19430995e+01]
 [2.34137746e+01 2.16442170e+01]
 [6.36830327e+01 9.61285512e+00]
 [4.44723442e+00 3.62115866e+01]
 [2.73796217e+01 1.98656452e+01]
 [1.87336027e+01 2.40837954e+01]
 [5.03868229e+01 1.24337742e+01]
 [6.10630695e+00 3.40676474e+01]
 [5.09098433e+01 1.22850902e+01]
 [1.52070296e+00 4.17389524e+01]
 [8.92894780e+00 3.12135537e+01]
 [4.63673392e+01 1.34608873e+01]
 [4.83787798e-01 4.54454240e+01]
 [3.33762276e+00 3.79198249e+01]
 [2.90476283e+01 1.91518896e+01]
 [3.96451270e-01 4.56592039e+01]
 [9.22168987e+01 5.78399970e+00]
 [3.36408997e+01 1.73997459e+01]
 [1.16798840e+01 2.88081029e+01]
 [1.74689123e+01 2.49187830e+01]
 [1.11474345e+01 2.91837759e+01]
 [4.86738258e+01 1.28426888e+01]
 [4.69533719e+01 1.33024806e+01]
 [5.18849301e+01 1.20541517e+01]
 [2.47459420e+00 3.95099878e+01]
 [2.74440397e+00 3.90117834e+01]
 [5.13563957e+01 1.21656361e+01]
 [5.54922415e+01 1.12098563e+01]
 [1.47803616e+01 2.66024082e+01]
 [1.44518510e+01 2.67623607e+01]
 [6.98944749e-02 4.81685775e+01]
 [6.05730067e+01 1.02714930e+01]
 [8.27556168e+01 6.84277916e+00]
 [4.43572028e+01 1.42382064e+01]
 [3.93512851e+01 1.54816846e+01]
 [1.00828163e+01 3.03023480e+01]
 [2.81445326e+01 1.95324993e+01]
 [1.15863232e+01 2.88616804e+01]
 [2.12537169e+01 2.27976286e+01]
 [6.41486415e+01 9.42715371e+00]
 [9.59373412e+00 3.08037335e+01]
 [8.26739373e+01 6.96795322e+00]
 [7.35151902e+01 7.76464746e+00]
 [6.22444652e-01 4.46059054e+01]
 [5.44832879e+01 1.14272957e+01]
 [1.55053418e+01 2.60719980e+01]
 [1.12126618e+02 4.43036222e+00]
 [2.92769710e+01 1.90615780e+01]
 [1.33919751e+00 4.22178002e+01]
 [6.59891028e+01 9.10721815e+00]
 [6.00446583e+01 1.04475428e+01]
 [1.41272467e+01 2.69680641e+01]
 [3.78011183e+01 1.59755245e+01]
 [2.71146401e+01 2.00205840e+01]
 [1.12338026e+01 2.91287029e+01]
 [2.54919809e+01 2.07017927e+01]
 [5.94779198e+01 1.04508910e+01]
 [7.29565963e+01 7.89571849e+00]
 [3.47941669e-03 4.95840536e+01]
 [2.39469804e+01 2.14027944e+01]
 [1.30212719e+02 4.02354174e+00]
 [3.87135144e+01 1.57514891e+01]
 [1.57098236e+01 2.59074152e+01]
 [5.04805835e+00 3.55210182e+01]
 [7.93138948e+01 7.06201840e+00]
 [1.95695104e+01 2.36317322e+01]
 [6.84007590e+01 8.63181610e+00]
 [3.66070080e+00 3.76602453e+01]
 [3.55622470e+01 1.68238868e+01]
 [3.56993583e+01 1.67169033e+01]
 [3.95928113e+01 1.54189047e+01]
 [9.88469130e+00 3.07396028e+01]
 [3.30251617e+00 3.80225955e+01]
 [6.39143232e+01 9.48632951e+00]
 [7.68864511e+01 7.29596419e+00]
 [5.38139361e-02 4.83810452e+01]
 [6.63167333e+01 9.01107616e+00]
 [1.17874058e+00 4.26251129e+01]
 [1.04818582e+02 4.75085495e+00]]
