[[4.86621314e+00 6.48194950e-03]
 [2.82625999e+01 9.41106884e-04]
 [5.84779630e+01 5.05021991e-04]
 [3.23474214e+01 6.42435431e-04]
 [5.26519165e+01 5.15072990e-04]
 [8.42493582e+00 2.79476072e-03]
 [1.62072948e+01 1.34727829e-03]
 [9.40262668e+01 4.57505446e-04]
 [3.10245188e+01 6.57607673e-04]
 [1.31500006e+01 1.87473437e-03]
 [4.57179993e+00 7.09297359e-03]
 [2.03176362e+01 1.16587322e-03]
 [2.19570784e+01 9.45997333e-04]
 [1.57059729e+01 1.57501993e-03]
 [3.44594632e+01 5.60102304e-04]
 [2.06540184e+01 1.05062986e-03]
 [2.83162418e+01 9.35555938e-04]
 [4.32284308e+01 5.28175354e-04]
 [2.85331606e+01 7.29390896e-04]
 [3.29485582e+01 5.73107250e-04]]
