[[3.60699608e+01 1.65566552e+01]
 [7.76812641e+00 3.22621992e+01]
 [3.44753316e+01 1.71025222e+01]
 [2.86511655e+01 1.95368564e+01]
 [3.38364045e+00 3.78835185e+01]
 [7.01718697e+00 3.32064912e+01]
 [2.06701379e+01 2.30235463e+01]
 [8.35413583e+01 6.42080819e+00]
 [6.42545421e-02 4.82357273e+01]
 [5.60857909e+01 1.11194220e+01]
 [6.81555654e+01 8.66305532e+00]
 [8.89085385e-01 4.35860832e+01]
 [6.14466549e-01 4.47011988e+01]
 [1.45298019e+01 2.68269711e+01]
 [5.83176055e+01 1.06016468e+01]
 [7.04643053e+01 8.30666886e+00]
 [6.16784942e+01 9.95395502e+00]
 [1.04976551e+01 2.98948891e+01]
 [5.10129214e+01 1.23026655e+01]
 [4.83307391e+01 1.30055861e+01]
 [3.09838326e+01 1.84529702e+01]
 [8.61160919e+00 3.19010647e+01]
 [1.93888691e-01 4.71300901e+01]
 [1.17329489e+02 4.34324222e+00]
 [4.66951383e+00 3.58988353e+01]
 [5.69893656e+01 1.08917859e+01]
 [6.83382844e+01 8.64617576e+00]
 [4.34026601e+01 1.43443386e+01]
 [2.13531304e+01 2.26859973e+01]
 [5.00504672e+01 1.25116603e+01]
 [1.88251444e+01 2.41843976e+01]
 [5.13824242e-01 4.54694508e+01]
 [4.03239394e+00 3.69383522e+01]
 [8.64919865e+01 6.15676129e+00]
 [3.36542071e+01 1.74010150e+01]
 [3.20537255e+00 3.81544643e+01]
 [4.94481916e+00 3.56141364e+01]
 [2.83518875e+01 1.95538827e+01]
 [1.27649019e+01 2.80997480e+01]
 [2.40538698e+01 2.14695150e+01]
 [6.48609556e+01 9.26874806e+00]
 [5.05834735e+01 1.23675360e+01]
 [3.43372301e+01 1.71514592e+01]
 [1.93779981e+01 2.37564183e+01]
 [5.01455835e+01 1.24796289e+01]
 [6.33070848e+01 9.61319687e+00]
 [5.40210633e+01 1.15365319e+01]
 [6.83013424e+00 3.33587758e+01]
 [6.43486652e+01 9.37801384e+00]
 [1.20306667e+01 2.85309140e+01]
 [7.44505565e+01 7.63696884e+00]
 [4.67329773e+01 1.33736789e+01]
 [3.01727971e+01 1.87087766e+01]
 [1.34130912e+00 4.22112876e+01]
 [2.15113580e+01 2.25891640e+01]
 [7.93024178e+01 7.29668767e+00]
 [3.35921562e-01 4.59875418e+01]
 [5.79757966e+01 1.06536827e+01]
 [2.15758789e+01 2.25489721e+01]
 [2.66596827e+01 2.02184574e+01]
 [8.12972023e-01 4.41664531e+01]
 [7.79711709e+00 3.22085453e+01]
 [6.96871304e+01 8.40558730e+00]
 [2.47211051e+01 2.10275627e+01]
 [3.79945778e+01 1.59323796e+01]
 [8.62804999e+00 3.15900942e+01]
 [1.31969028e+01 2.76972815e+01]
 [2.77386830e+00 3.89277638e+01]
 [4.67663491e+01 1.33526234e+01]
 [4.21620745e+01 1.46265005e+01]
 [3.75361146e+00 3.72747338e+01]
 [6.96135576e+01 8.42397176e+00]
 [3.26021873e+01 1.77876950e+01]
 [8.02485554e+01 7.11869063e+00]
 [3.27101692e+01 1.77589149e+01]
 [7.01730799e+01 8.31113849e+00]
 [3.91416147e+01 1.55467138e+01]
 [5.32432904e+01 1.18283137e+01]
 [6.91922583e-01 4.44418788e+01]
 [7.19408245e+01 8.01237546e+00]
 [2.02291111e+00 4.05086490e+01]
 [2.62728519e-01 4.64450476e+01]
 [4.13293070e+00 3.68514178e+01]
 [5.34718436e+01 1.16612434e+01]
 [4.50652135e+01 1.38072019e+01]
 [1.21033246e+01 2.84498708e+01]
 [1.02984042e+00 4.31941739e+01]
 [4.28413418e+00 3.64353428e+01]
 [6.06772742e+01 1.00926354e+01]
 [5.17815690e+01 1.20756660e+01]
 [5.00753781e+01 1.24841183e+01]
 [3.64208919e+01 1.64783257e+01]
 [2.05031630e+01 2.31204647e+01]
 [2.08699861e+01 2.29201545e+01]
 [1.19158618e+01 2.86011782e+01]
 [1.41624463e+00 4.19642958e+01]
 [2.18207191e+00 4.01005677e+01]
 [1.11394377e+02 4.68970831e+00]
 [7.09630621e+01 8.18251721e+00]
 [7.32905725e+01 7.80331402e+00]
 [6.39186693e+01 9.46243930e+00]
 [2.99171409e+01 1.88154538e+01]
 [5.79406439e+01 1.06615388e+01]
 [8.69985118e+00 3.15208134e+01]
 [6.17388396e+01 9.88386160e+00]
 [2.76710956e+01 1.97216465e+01]
 [3.78735500e+01 1.60826086e+01]
 [3.39703682e+01 1.72797952e+01]
 [3.11710112e+01 1.84462971e+01]
 [1.14221603e+01 2.90338290e+01]
 [7.29884071e+01 7.85652240e+00]
 [6.65957702e+00 3.35761655e+01]
 [6.60622646e+01 9.04404406e+00]
 [7.26387335e+00 3.28149341e+01]
 [1.89935255e+01 2.39542084e+01]
 [2.03279564e+01 2.34982790e+01]
 [2.74869006e+01 2.01191825e+01]
 [1.59957415e+00 4.15930845e+01]
 [4.90219390e+01 1.27469474e+01]
 [4.65904102e+00 3.60155754e+01]
 [3.07163213e+01 1.85980647e+01]
 [4.64265309e+01 1.34264990e+01]
 [1.51849824e+01 2.62457580e+01]
 [1.42757879e+01 2.68825864e+01]
 [3.72009529e+01 1.61897965e+01]
 [3.17354115e+01 1.81485282e+01]
 [2.43779936e+00 3.95935045e+01]
 [1.75210694e+01 2.48550859e+01]
 [4.90329696e+01 1.27447142e+01]
 [3.98748676e+01 1.53214381e+01]
 [5.05675235e+00 3.54073223e+01]
 [1.39730904e+01 2.73822381e+01]
 [7.92591256e+00 3.20759247e+01]
 [4.14497823e+01 1.48385144e+01]
 [1.69298285e+01 2.51770984e+01]
 [2.79712804e+01 1.96417636e+01]
 [5.75792510e+01 1.07423058e+01]
 [9.05147208e+00 3.10878785e+01]
 [6.86842505e+00 3.32339969e+01]
 [4.61139651e+01 1.36149424e+01]
 [1.63030094e+01 2.55336468e+01]
 [1.28464337e+01 2.78687432e+01]
 [3.97672525e+00 3.70862842e+01]
 [4.78486607e+01 1.30789748e+01]
 [6.02354757e+01 1.03378875e+01]
 [2.37184900e+01 2.15006854e+01]
 [3.99554597e+00 3.70488245e+01]
 [6.00819875e-02 4.82947230e+01]
 [2.88822055e+00 3.87144616e+01]
 [5.37710108e-01 4.50197357e+01]
 [1.05546994e+01 2.96721623e+01]
 [3.04608941e+01 1.86549541e+01]
 [1.03094148e+01 3.00018891e+01]
 [8.28583428e+00 3.19330592e+01]
 [1.11413737e+01 2.92004353e+01]
 [7.97871243e+01 7.25158970e+00]
 [4.41139604e+00 3.62529467e+01]
 [5.74711369e+01 1.07661874e+01]
 [4.19220930e+01 1.46992807e+01]
 [4.68152236e+01 1.33246294e+01]
 [4.96067394e+01 1.26582504e+01]
 [2.18915653e+01 2.24621758e+01]
 [3.15088335e+01 1.81856401e+01]
 [1.04989802e+01 2.98406001e+01]
 [8.43296107e+01 6.41808789e+00]
 [2.09228537e+00 4.03991319e+01]
 [1.01886215e+01 3.01121802e+01]
 [3.78123507e+00 3.72273719e+01]
 [9.82885404e+00 3.03112796e+01]
 [5.65025069e+00 3.48239846e+01]
 [3.51899526e+00 3.76391761e+01]
 [3.55762246e+01 1.67207941e+01]
 [8.65364998e+01 6.14911027e+00]
 [7.18442992e-01 4.44007580e+01]
 [9.59965575e+01 5.27125713e+00]
 [2.13745902e+00 4.03137080e+01]
 [3.75146034e+01 1.61639185e+01]
 [3.30648415e+00 3.80885946e+01]
 [3.59237315e+01 1.66662836e+01]
 [1.08956888e+01 2.94718693e+01]
 [7.54883288e+01 7.45548895e+00]
 [1.06785456e+01 2.95640660e+01]
 [6.89999061e+01 8.51353520e+00]
 [4.22975975e+01 1.46146391e+01]
 [4.79130454e+01 1.30328659e+01]
 [1.46074907e+00 4.18222197e+01]
 [1.23773012e+01 2.83160929e+01]
 [5.48442398e+01 1.13451526e+01]
 [5.13724144e+01 1.22279820e+01]
 [1.19772120e+00 4.25852859e+01]
 [3.38285852e+01 1.73350359e+01]
 [6.41259092e+01 9.41891222e+00]
 [2.93228222e+01 1.92238511e+01]
 [1.12129766e+02 4.47110577e+00]
 [9.60073271e+00 3.07813344e+01]
 [5.72574840e+01 1.08440414e+01]
 [7.04169062e+00 3.29965121e+01]
 [5.35562593e+00 3.51363253e+01]
 [7.49387613e+00 3.25275428e+01]
 [3.76805948e+00 3.72556585e+01]
 [6.56668133e+01 9.12767895e+00]
 [7.37079877e+00 3.26905077e+01]
 [2.48025717e+01 2.09875526e+01]
 [4.92822043e-01 4.56871714e+01]
 [1.29112730e+00 4.23242681e+01]
 [6.33540969e+01 9.57287106e+00]
 [7.75066419e+01 7.37026503e+00]
 [1.11807923e-01 4.76635535e+01]
 [4.30375987e+01 1.44980238e+01]
 [2.23567922e+01 2.22336930e+01]
 [3.85475454e+01 1.57811821e+01]
 [1.43593318e+00 4.19163111e+01]
 [1.39730238e+00 4.20212464e+01]
 [4.41135074e+01 1.40772706e+01]
 [1.66315635e+01 2.53228657e+01]
 [5.52769139e+01 1.12472251e+01]
 [9.05930390e+01 5.74151467e+00]
 [7.99363824e+01 7.13792703e+00]
 [6.54299641e+01 9.16067354e+00]
 [4.98255194e+00 3.55136408e+01]
 [4.71368318e+01 1.32730505e+01]
 [8.03852392e+01 6.96711834e+00]
 [7.67125705e+00 3.23369346e+01]
 [1.85568878e+00 4.08398887e+01]
 [2.55983341e+00 3.93275368e+01]
 [5.62560007e+01 1.11081556e+01]
 [6.69722399e+01 8.93536124e+00]
 [9.15023684e+00 3.10092255e+01]
 [2.76333631e+01 1.98298196e+01]
 [1.01673336e+01 3.01738262e+01]
 [6.09262088e+01 1.00389208e+01]
 [2.56317501e+01 2.06280146e+01]
 [1.89711248e+01 2.39675315e+01]
 [2.26155317e+01 2.20604879e+01]
 [7.31358833e+01 7.83012005e+00]
 [5.34599432e+01 1.16677034e+01]
 [5.70256720e+00 3.47731849e+01]
 [1.00630671e+01 3.02505175e+01]
 [1.64008963e+01 2.54800118e+01]
 [1.88502385e+00 4.08376404e+01]
 [9.28816489e-01 4.34269701e+01]
 [2.33279881e+01 2.18173287e+01]
 [2.63669763e-02 4.90901859e+01]
 [6.49484619e+00 3.37379609e+01]
 [6.27409392e+00 3.38594687e+01]
 [2.10669877e-01 4.68954629e+01]
 [4.89869500e+01 1.28331261e+01]
 [5.05415541e+01 1.23988715e+01]
 [8.04304087e+01 6.82424262e+00]
 [2.87505961e+01 1.92776352e+01]
 [6.64549718e+01 8.97318409e+00]
 [9.23074972e+00 3.08489314e+01]
 [1.77874729e+00 4.13683886e+01]
 [1.60333095e+01 2.57239336e+01]
 [8.18412058e+01 6.62050934e+00]
 [8.74228564e+00 3.15188220e+01]
 [8.95831395e+01 5.84893436e+00]
 [1.07947645e+01 2.95613446e+01]
 [5.94502992e+01 1.03443144e+01]
 [3.69246820e+01 1.62912363e+01]
 [4.12576773e+01 1.49531124e+01]
 [1.17349617e+02 4.33980376e+00]
 [3.48221324e+01 1.70890990e+01]
 [1.06640975e+02 4.83765771e+00]
 [5.17401408e+01 1.21272244e+01]
 [4.54278404e+01 1.37601066e+01]
 [4.83946220e+01 1.29112089e+01]
 [1.81755817e+01 2.44083446e+01]
 [1.41179467e+01 2.73350817e+01]
 [6.77021112e+00 3.35412013e+01]
 [1.78905319e+01 2.45655260e+01]
 [3.27217268e+01 1.77345195e+01]
 [5.71067240e+01 1.08454423e+01]
 [2.58978656e+01 2.05058823e+01]
 [2.34984550e+01 2.17579464e+01]
 [6.01447477e+00 3.41664759e+01]
 [1.70919846e+01 2.50442590e+01]
 [9.68747131e+00 3.04918829e+01]
 [2.47790632e+01 2.10145138e+01]
 [1.55541067e+01 2.61187388e+01]
 [8.74530697e+01 6.02094606e+00]
 [5.37955036e+01 1.15859349e+01]
 [3.20550513e+01 1.81163923e+01]
 [6.29353707e+01 9.63974703e+00]
 [6.73872473e+01 8.81338676e+00]
 [3.92903034e+01 1.55236036e+01]
 [1.49578879e+01 2.63918301e+01]
 [1.66299975e+01 2.53475963e+01]
 [1.26497681e+02 4.08263895e+00]
 [5.72736246e+00 3.46225647e+01]
 [5.58923307e+01 1.12315895e+01]
 [3.93968347e+01 1.54678368e+01]
 [1.55003619e+01 2.61831838e+01]
 [3.35579725e+01 1.74432900e+01]
 [6.48520624e+01 9.37562670e+00]
 [3.12431890e+01 1.83306681e+01]
 [2.50546014e+01 2.08703417e+01]
 [2.12896234e-01 4.68415853e+01]
 [1.22795597e+02 4.17772408e+00]
 [3.25251290e+01 1.78439430e+01]
 [9.97588744e+01 5.13603536e+00]
 [5.89081958e+01 1.04641769e+01]
 [6.13945128e+01 9.98585384e+00]
 [3.33857473e+01 1.74947158e+01]
 [3.74214642e-02 4.89915143e+01]
 [4.71858473e+01 1.32628796e+01]
 [3.49961208e+01 1.69189259e+01]
 [3.64958559e+01 1.64152358e+01]
 [2.35931250e+01 2.16124970e+01]
 [1.21609463e+02 4.27553913e+00]
 [3.09515067e+01 1.85968416e+01]]
