[[3.60699608e+01 1.65566552e+01]
 [7.76812641e+00 3.22621992e+01]
 [2.61940879e+01 2.05456462e+01]
 [3.44753316e+01 1.71025222e+01]
 [3.38364045e+00 3.78835185e+01]
 [7.01718697e+00 3.32064912e+01]
 [2.06701379e+01 2.30235463e+01]
 [8.35413583e+01 6.42080819e+00]
 [6.42545421e-02 4.82357273e+01]
 [5.60857909e+01 1.11194220e+01]
 [4.34786818e+00 3.65027909e+01]
 [6.81555654e+01 8.66305532e+00]
 [8.89085385e-01 4.35860832e+01]
 [6.14466549e-01 4.47011988e+01]
 [1.45298019e+01 2.68269711e+01]
 [5.83176055e+01 1.06016468e+01]
 [7.04643053e+01 8.30666886e+00]
 [2.37133311e+01 2.18482271e+01]
 [7.07409588e+00 3.29968040e+01]
 [6.16784942e+01 9.95395502e+00]
 [4.22734344e+01 1.46637253e+01]
 [1.04976551e+01 2.98948891e+01]
 [5.10129214e+01 1.23026655e+01]
 [4.83307391e+01 1.30055861e+01]
 [3.09838326e+01 1.84529702e+01]
 [9.12337203e+00 3.15838444e+01]
 [9.65869014e+01 5.29510110e+00]
 [7.47103428e+00 3.27839613e+01]
 [1.93888691e-01 4.71300901e+01]
 [3.56757064e+01 1.67682477e+01]
 [3.01435576e+00 3.87437753e+01]
 [1.17329489e+02 4.34324222e+00]
 [4.66951383e+00 3.58988353e+01]
 [5.69893656e+01 1.08917859e+01]
 [2.62542348e+00 3.94629533e+01]
 [6.83382844e+01 8.64617576e+00]
 [2.13531304e+01 2.26859973e+01]
 [5.00504672e+01 1.25116603e+01]
 [1.88251444e+01 2.41843976e+01]
 [4.03239394e+00 3.69383522e+01]
 [2.38404433e+01 2.15314788e+01]
 [4.75859928e+01 1.32989730e+01]
 [3.69837635e+01 1.63225093e+01]
 [3.36542071e+01 1.74010150e+01]
 [3.20537255e+00 3.81544643e+01]
 [4.94481916e+00 3.56141364e+01]
 [6.48609556e+01 9.26874806e+00]
 [5.05834735e+01 1.23675360e+01]
 [3.43372301e+01 1.71514592e+01]
 [1.93779981e+01 2.37564183e+01]
 [5.01455835e+01 1.24796289e+01]
 [6.33070848e+01 9.61319687e+00]
 [5.40210633e+01 1.15365319e+01]
 [6.83013424e+00 3.33587758e+01]
 [3.12500802e+01 1.84325539e+01]
 [6.43486652e+01 9.37801384e+00]
 [1.20306667e+01 2.85309140e+01]
 [7.44505565e+01 7.63696884e+00]
 [4.67329773e+01 1.33736789e+01]
 [3.88029074e+01 1.58309290e+01]
 [3.01727971e+01 1.87087766e+01]
 [1.34130912e+00 4.22112876e+01]
 [2.15113580e+01 2.25891640e+01]
 [3.35921562e-01 4.59875418e+01]
 [5.79757966e+01 1.06536827e+01]
 [4.76391019e+01 1.32669915e+01]
 [9.12935351e+00 3.13889598e+01]
 [2.15758789e+01 2.25489721e+01]
 [2.66596827e+01 2.02184574e+01]
 [8.12972023e-01 4.41664531e+01]
 [7.79711709e+00 3.22085453e+01]
 [4.45625951e+01 1.40918550e+01]
 [9.29939777e+00 3.10579557e+01]
 [6.96871304e+01 8.40558730e+00]
 [2.47211051e+01 2.10275627e+01]
 [1.42926711e+01 2.71591155e+01]
 [3.79945778e+01 1.59323796e+01]
 [8.62804999e+00 3.15900942e+01]
 [4.52728522e+01 1.39555049e+01]
 [1.46810397e+01 2.66150587e+01]
 [4.47006245e+01 1.39813849e+01]
 [1.81420986e+00 4.09316919e+01]
 [4.92050166e+01 1.27985208e+01]
 [2.38949271e+01 2.14272190e+01]
 [1.45136082e+01 2.68686187e+01]
 [3.44732364e+01 1.71501434e+01]
 [4.45139901e+01 1.41078268e+01]
 [1.78703748e+01 2.48121804e+01]
 [1.05615642e+02 4.79382213e+00]
 [1.67528342e+00 4.15088226e+01]
 [1.03835634e+01 3.00292677e+01]
 [2.19959430e+01 2.23961264e+01]
 [5.37197625e+01 1.16494780e+01]
 [7.54687927e-01 4.41666017e+01]
 [4.87582697e+01 1.28182330e+01]
 [2.74109486e+00 3.91940672e+01]
 [4.53000920e+01 1.39491921e+01]
 [4.11292062e+01 1.49811573e+01]
 [6.40666028e+01 9.42186357e+00]
 [6.18915873e+01 9.89671472e+00]
 [1.89662845e+01 2.40162687e+01]
 [6.58662730e+01 9.13190899e+00]
 [6.40990766e+00 3.37784324e+01]
 [7.74611694e+01 7.27674777e+00]
 [3.21973132e+01 1.79744290e+01]
 [6.93288404e+01 8.52792402e+00]
 [2.93424868e+01 1.92017996e+01]
 [8.22106977e+01 6.62687552e+00]
 [5.49027245e+01 1.13330028e+01]
 [1.75941926e+01 2.51093191e+01]
 [2.38596950e+01 2.15232938e+01]
 [4.23160098e+01 1.46083114e+01]
 [4.24894188e+01 1.45935690e+01]
 [6.50271994e+01 9.26664746e+00]
 [1.12516149e+01 2.91605155e+01]
 [5.40214658e+00 3.53181173e+01]
 [2.29093092e+01 2.18849720e+01]
 [2.78771111e+01 2.00532815e+01]
 [6.26216137e+01 9.71884040e+00]
 [9.14545728e+01 5.71276230e+00]
 [6.35785907e+01 9.51333791e+00]
 [1.34346535e+01 2.74520477e+01]
 [2.99528441e+01 1.87910724e+01]
 [1.25543165e+01 2.80935818e+01]
 [3.59896376e+01 1.66602337e+01]
 [1.07819115e+01 2.95742099e+01]
 [7.03623342e+01 8.32253597e+00]
 [1.56867577e+01 2.59338568e+01]
 [2.54071554e+01 2.08911752e+01]
 [4.55850789e+01 1.36788285e+01]
 [8.37127977e+01 6.39212873e+00]
 [1.01920082e+02 5.03820950e+00]
 [5.41929433e+00 3.51585391e+01]
 [3.16435418e+01 1.81752111e+01]
 [2.73167828e+01 2.00649119e+01]
 [4.06785886e+01 1.51699333e+01]
 [8.14033103e+00 3.19348856e+01]
 [2.84403659e+01 1.94482732e+01]
 [7.75801550e+00 3.25043275e+01]
 [2.09965682e+01 2.28528308e+01]
 [1.53255576e+01 2.64024064e+01]
 [1.53376934e+01 2.62544434e+01]
 [3.55732295e+01 1.68058560e+01]
 [2.04784656e+01 2.31278882e+01]
 [9.79221345e-02 4.78724125e+01]
 [8.77631539e+01 6.07012669e+00]
 [4.99471295e+01 1.25139802e+01]
 [6.17052363e+01 9.91589313e+00]
 [9.48313544e+01 5.39839161e+00]
 [7.74932602e+00 3.26579693e+01]
 [5.38317625e+01 1.16068269e+01]
 [5.64138604e+01 1.09978402e+01]
 [1.26478435e+01 2.80307255e+01]
 [3.08352723e+01 1.84600895e+01]
 [4.35089652e+00 3.63384035e+01]
 [6.26559252e+01 9.71228713e+00]
 [7.89997086e+01 7.09678398e+00]
 [6.46004463e+01 9.34946246e+00]
 [8.79451280e+01 6.00624324e+00]
 [1.10359109e+02 4.56148204e+00]
 [1.10821547e+01 2.93563331e+01]
 [9.51088968e+00 3.06965105e+01]
 [2.40014429e+01 2.13695152e+01]
 [1.21518933e+01 2.84001037e+01]
 [4.98984400e+01 1.25723272e+01]
 [5.86645711e+01 1.05105089e+01]
 [1.82429550e+01 2.43683632e+01]
 [1.33796262e+02 4.27152467e+00]
 [2.97366337e+01 1.90448659e+01]
 [4.72301205e-01 4.52959850e+01]
 [1.02673488e+01 3.00915515e+01]
 [1.62993450e+01 2.56987156e+01]
 [5.15439425e+01 1.22734929e+01]
 [4.48875405e+00 3.63303228e+01]
 [1.67549439e+01 2.56468571e+01]
 [2.68390696e-02 4.91640703e+01]
 [1.00736820e+02 5.05269407e+00]
 [6.23204945e+01 9.78738059e+00]
 [2.28958194e+01 2.21162175e+01]
 [4.54407462e+01 1.37098991e+01]
 [6.33482390e+00 3.38576647e+01]
 [3.39175105e+00 3.78456412e+01]
 [3.48719924e+01 1.69802528e+01]
 [5.85082597e-02 4.83316667e+01]
 [8.42939168e+01 6.38210656e+00]
 [5.60303393e+00 3.48120225e+01]
 [2.03331245e+01 2.36191378e+01]
 [1.92762214e+00 4.06985353e+01]
 [6.80552254e+01 8.68604928e+00]
 [1.69872340e+01 2.52018181e+01]
 [5.65499039e+01 1.09812761e+01]
 [2.09974503e+00 4.03031480e+01]
 [1.17883204e+01 2.90995959e+01]
 [5.32253836e+01 1.17252663e+01]
 [5.34694110e+01 1.16891987e+01]
 [7.86784020e+01 7.14698616e+00]
 [5.65428802e+01 1.09931006e+01]
 [2.28515160e+01 2.22392735e+01]
 [4.92955489e+01 1.27162109e+01]
 [8.02741637e+01 6.80228272e+00]
 [5.22620246e+01 1.19478450e+01]
 [2.09406721e+01 2.29471040e+01]
 [1.07073771e+01 2.96718082e+01]
 [1.37403877e+01 2.72501219e+01]
 [4.22644362e+01 1.47253555e+01]
 [4.02545313e+01 1.52273604e+01]
 [7.72389198e+01 7.31485039e+00]
 [1.43803705e+01 2.70470024e+01]
 [7.23306439e-01 4.44477060e+01]
 [1.75990524e+01 2.48713647e+01]
 [5.59180811e+01 1.11644212e+01]
 [8.15427753e+00 3.18784701e+01]
 [1.31649357e+01 2.76869565e+01]
 [4.26600406e+01 1.45692277e+01]
 [1.03265565e+02 4.91190628e+00]
 [6.58756949e+01 9.09257537e+00]
 [4.33497133e+01 1.42814846e+01]
 [5.05889602e+01 1.23540532e+01]
 [2.81169357e+01 1.95393031e+01]
 [9.21403714e+01 5.58044722e+00]
 [8.40035197e+00 3.16890129e+01]
 [2.44627011e+01 2.11482803e+01]
 [1.92061562e+01 2.39417444e+01]
 [6.31576175e+01 9.62429269e+00]
 [9.11557305e+01 5.80229143e+00]
 [2.32153801e+01 2.18777597e+01]
 [1.12632771e+01 2.91363190e+01]
 [7.37467729e+01 7.76810659e+00]
 [3.34653486e+01 1.74722997e+01]
 [2.80906165e+01 1.97943649e+01]
 [3.73209694e-01 4.57773556e+01]
 [5.86325659e+01 1.05305781e+01]
 [2.82600188e+01 1.95372811e+01]
 [2.43522028e+00 3.96239133e+01]
 [6.03946518e+01 1.01465842e+01]
 [7.54088732e+01 7.55227934e+00]
 [6.75017116e+01 8.78027572e+00]
 [6.25101415e+00 3.39216876e+01]
 [1.03705420e+02 4.90074152e+00]
 [5.94629653e+01 1.03799373e+01]
 [3.92316236e+01 1.55807479e+01]
 [6.34777008e+01 9.53656371e+00]
 [1.21892660e+00 4.31102735e+01]
 [2.17687852e+01 2.25031398e+01]
 [9.13247849e+00 3.11613723e+01]
 [4.21218127e+01 1.49214750e+01]
 [1.27078293e+01 2.79730684e+01]
 [9.09219721e+01 5.80545455e+00]
 [8.63406427e+01 6.13646906e+00]
 [6.52825497e+00 3.35741285e+01]
 [1.16503319e+02 4.48649019e+00]
 [4.00005282e+01 1.52794178e+01]
 [2.78819312e+01 1.99237321e+01]
 [4.10718388e+01 1.50642619e+01]
 [1.09748181e+02 4.67569932e+00]
 [2.56842379e+01 2.06185756e+01]
 [1.95636812e+01 2.36766428e+01]]
