[[ -69.50141586   21.84526214]
 [ -53.51873259   19.49067087]
 [ -30.62900393   15.17492031]
 [ -44.0007602    19.35374278]
 [-212.62921325   44.35997868]
 [-107.14985147   22.39437902]
 [ -33.16774089   15.90547711]
 [ -30.45239481   14.49421482]
 [ -20.67311475   11.10880796]
 [ -17.41529879    9.34811979]
 [ -17.32502398    7.02308376]
 [-111.86250076   24.31524614]
 [ -63.61417962   19.5461223 ]
 [-207.11865606   34.35294405]
 [ -20.33023663    9.65924186]
 [ -77.20073502   22.28134372]
 [ -53.19198969   19.41530997]
 [ -26.67207529   13.35577884]
 [-188.55312666   29.40571323]
 [-179.33449461   25.89461739]
 [-184.02369559   28.065541  ]
 [-139.75201457   25.26318912]
 [-204.26249662   31.14731343]
 [-208.92347975   35.47334081]
 [-212.63162659   63.87500435]
 [ -75.45040773   22.05441427]
 [-197.38451913   30.10128021]
 [-180.5229074    27.02778194]
 [ -43.63380189   16.77261468]
 [-108.1268126    22.65684922]
 [-156.49859712   25.43169214]
 [-210.95915957   42.07382929]
 [ -67.96011671   20.71179398]
 [-192.36017866   29.97228805]
 [-212.24568994   43.68409483]
 [-204.55900065   31.25208968]
 [-190.88689248   29.75608895]]
