[[2.28501682e+01 1.08072894e-03]
 [1.06998121e+01 5.46139961e-03]
 [1.62713356e+01 1.46668769e-03]
 [4.75176461e+00 6.33104886e-03]
 [2.03290559e+01 1.19387170e-03]
 [1.14140837e+01 5.41959374e-03]
 [4.57873504e+01 4.83961542e-04]
 [3.18061608e+01 5.35170903e-04]
 [6.56098823e+01 4.47746522e-04]
 [1.17724487e+01 3.76057069e-03]
 [2.37544628e+01 8.27075016e-04]
 [4.45441712e+00 6.84343178e-03]
 [1.61997779e+01 1.47560128e-03]
 [2.93632972e+01 6.11317910e-04]
 [2.81482584e+01 6.15631397e-04]
 [1.44928058e+01 1.66312564e-03]
 [4.99569730e+01 4.76877321e-04]
 [4.42599928e+01 4.95949380e-04]]
