[[1.86260211e-03 3.45560727e-03 1.79353495e+00]
 [4.30247271e-03 9.73802078e-03 2.35560178e+00]
 [1.98569888e-03 4.26701009e-03 1.68669248e+00]
 [3.66543097e-03 8.62346253e-03 2.38535544e+00]
 [3.81016124e-03 7.49858311e-03 2.02228296e+00]
 [2.74119775e-03 5.60529991e-03 2.34345957e+00]
 [4.44117107e-03 8.28135361e-03 1.85269631e+00]
 [4.32981507e-03 9.09311989e-03 2.21095800e+00]
 [1.15103041e-03 2.27001165e-03 2.19196477e+00]
 [3.72748802e-03 7.10354578e-03 1.91128685e+00]
 [6.05212895e-03 9.90406197e-03 2.54783250e+00]
 [1.01581476e-03 2.25806922e-03 2.94264094e+00]
 [4.06288428e-03 7.43749196e-03 1.57597376e+00]
 [4.79737567e-03 9.46676679e-03 2.10686741e+00]
 [8.48018217e-04 2.02463036e-03 2.70847595e+00]
 [2.31462936e-03 4.26821349e-03 1.49622293e+00]
 [9.04097157e-04 1.28975984e-03 1.21052505e+00]
 [2.37214058e-03 5.39490891e-03 2.49856157e+00]
 [1.86155670e-03 4.71819063e-03 2.96364884e+00]
 [1.32906238e-03 2.83462432e-03 2.60128235e+00]
 [2.78504172e-03 6.14781891e-03 2.33033671e+00]
 [1.55528584e-03 3.17817550e-03 1.68796635e+00]
 [2.26789321e-03 4.08181403e-03 2.36612810e+00]
 [6.56219990e-04 1.80729214e-03 2.38861388e+00]
 [1.50739659e-03 2.43763977e-03 2.09336914e+00]
 [4.24771114e-03 7.87067098e-03 1.85688495e+00]
 [1.55528584e-03 3.17817550e-03 1.80867622e+00]
 [2.09225942e-03 4.23618451e-03 2.45432608e+00]
 [2.77137174e-03 5.28323933e-03 1.99310831e+00]
 [7.82838990e-04 1.28975984e-03 1.25932698e+00]
 [6.82147701e-04 1.30948031e-03 2.01550443e+00]
 [1.78508814e-03 2.85380203e-03 1.41357863e+00]
 [4.93963846e-04 1.20673876e-03 1.79322847e+00]
 [4.32981507e-03 9.02252016e-03 2.22287576e+00]
 [3.64063064e-03 6.99119283e-03 1.93962332e+00]
 [1.03609171e-03 1.91272052e-03 1.77409247e+00]
 [4.66801194e-03 8.16852532e-03 1.66789737e+00]
 [3.54456967e-03 6.88955048e-03 1.80800322e+00]
 [2.30812824e-03 5.27714646e-03 2.14579827e+00]
 [4.40163181e-03 7.45238569e-03 1.64443469e+00]
 [4.32981507e-03 8.77725482e-03 2.21095800e+00]
 [8.95034315e-03 9.72720353e-03 2.99844710e+00]
 [2.37214058e-03 5.39490891e-03 2.41168401e+00]
 [4.26107975e-03 9.02916833e-03 2.06922888e+00]
 [1.81088565e-03 3.91883828e-03 2.83552142e+00]
 [2.28045100e-03 4.17769109e-03 1.68669248e+00]
 [3.80961115e-03 8.21838067e-03 2.23451472e+00]
 [4.91933820e-03 9.82733536e-03 2.21762331e+00]
 [1.04656399e-03 1.58788778e-03 1.32369543e+00]
 [3.74875944e-03 8.05125388e-03 2.49602625e+00]
 [2.73737628e-03 5.58424061e-03 2.48340960e+00]
 [5.55293008e-03 9.80283241e-03 2.34023907e+00]
 [2.19768163e-03 5.05763349e-03 2.20677431e+00]
 [1.53018144e-03 2.43763977e-03 1.99079724e+00]
 [2.31462936e-03 4.26821349e-03 1.48783163e+00]
 [4.76218190e-03 9.75222342e-03 2.26476547e+00]
 [4.43124260e-03 8.29680006e-03 1.70783518e+00]
 [1.75332592e-03 3.41111239e-03 2.04377996e+00]
 [5.19925534e-03 9.80923676e-03 2.64452346e+00]
 [2.94486932e-03 4.88590311e-03 1.50767776e+00]
 [2.56171268e-03 5.25229615e-03 2.29458718e+00]]
