[[3.60699608e+01 1.65566552e+01]
 [7.76812641e+00 3.22621992e+01]
 [2.61940879e+01 2.05456462e+01]
 [3.44753316e+01 1.71025222e+01]
 [2.86511655e+01 1.95368564e+01]
 [3.38364045e+00 3.78835185e+01]
 [7.01718697e+00 3.32064912e+01]
 [3.22853364e+01 1.82240390e+01]
 [2.06701379e+01 2.30235463e+01]
 [8.35413583e+01 6.42080819e+00]
 [6.42545421e-02 4.82357273e+01]
 [5.60857909e+01 1.11194220e+01]
 [6.81555654e+01 8.66305532e+00]
 [8.89085385e-01 4.35860832e+01]
 [6.14466549e-01 4.47011988e+01]
 [1.59864835e+01 2.67843790e+01]
 [1.45298019e+01 2.68269711e+01]
 [5.83176055e+01 1.06016468e+01]
 [7.04643053e+01 8.30666886e+00]
 [7.07409588e+00 3.29968040e+01]
 [1.04976551e+01 2.98948891e+01]
 [5.10129214e+01 1.23026655e+01]
 [4.83307391e+01 1.30055861e+01]
 [3.09838326e+01 1.84529702e+01]
 [9.65869014e+01 5.29510110e+00]
 [7.47103428e+00 3.27839613e+01]
 [1.93888691e-01 4.71300901e+01]
 [3.01435576e+00 3.87437753e+01]
 [1.17329489e+02 4.34324222e+00]
 [4.66951383e+00 3.58988353e+01]
 [5.69893656e+01 1.08917859e+01]
 [2.62542348e+00 3.94629533e+01]
 [6.83382844e+01 8.64617576e+00]
 [4.34026601e+01 1.43443386e+01]
 [2.13531304e+01 2.26859973e+01]
 [5.00504672e+01 1.25116603e+01]
 [1.88251444e+01 2.41843976e+01]
 [5.13824242e-01 4.54694508e+01]
 [2.58119506e+00 3.96677531e+01]
 [4.03239394e+00 3.69383522e+01]
 [2.38404433e+01 2.15314788e+01]
 [3.69837635e+01 1.63225093e+01]
 [8.64919865e+01 6.15676129e+00]
 [3.36542071e+01 1.74010150e+01]
 [3.20537255e+00 3.81544643e+01]
 [4.94481916e+00 3.56141364e+01]
 [2.83518875e+01 1.95538827e+01]
 [1.27649019e+01 2.80997480e+01]
 [2.40538698e+01 2.14695150e+01]
 [6.48609556e+01 9.26874806e+00]
 [5.05834735e+01 1.23675360e+01]
 [3.43372301e+01 1.71514592e+01]
 [1.93779981e+01 2.37564183e+01]
 [5.01455835e+01 1.24796289e+01]
 [6.33070848e+01 9.61319687e+00]
 [5.40210633e+01 1.15365319e+01]
 [6.83013424e+00 3.33587758e+01]
 [3.12500802e+01 1.84325539e+01]
 [6.43486652e+01 9.37801384e+00]
 [1.71358718e+00 4.17938033e+01]
 [1.20306667e+01 2.85309140e+01]
 [2.25733983e+01 2.24263055e+01]
 [7.44505565e+01 7.63696884e+00]
 [4.67329773e+01 1.33736789e+01]
 [3.88029074e+01 1.58309290e+01]
 [3.01727971e+01 1.87087766e+01]
 [1.34130912e+00 4.22112876e+01]
 [4.93661976e-01 4.58807307e+01]
 [2.15113580e+01 2.25891640e+01]
 [7.93024178e+01 7.29668767e+00]
 [3.35921562e-01 4.59875418e+01]
 [5.79757966e+01 1.06536827e+01]
 [2.15758789e+01 2.25489721e+01]
 [2.66596827e+01 2.02184574e+01]
 [8.12972023e-01 4.41664531e+01]
 [7.79711709e+00 3.22085453e+01]
 [4.45625951e+01 1.40918550e+01]
 [9.29939777e+00 3.10579557e+01]
 [1.79399730e+01 2.52554634e+01]
 [6.96871304e+01 8.40558730e+00]
 [2.47211051e+01 2.10275627e+01]
 [1.42926711e+01 2.71591155e+01]
 [3.79945778e+01 1.59323796e+01]
 [8.62804999e+00 3.15900942e+01]
 [1.31969028e+01 2.76972815e+01]
 [1.41242585e+01 2.76082919e+01]
 [1.05494764e+01 2.98658082e+01]
 [2.77386830e+00 3.89277638e+01]
 [4.67663491e+01 1.33526234e+01]
 [2.37216027e+01 2.17945128e+01]
 [4.21620745e+01 1.46265005e+01]
 [3.75361146e+00 3.72747338e+01]
 [6.96135576e+01 8.42397176e+00]
 [3.26021873e+01 1.77876950e+01]
 [8.02485554e+01 7.11869063e+00]
 [3.27101692e+01 1.77589149e+01]
 [6.91123586e+01 8.55038487e+00]
 [7.01730799e+01 8.31113849e+00]
 [3.91416147e+01 1.55467138e+01]
 [1.79816284e+01 2.45904349e+01]
 [7.19408245e+01 8.01237546e+00]
 [2.02291111e+00 4.05086490e+01]
 [9.54567866e+01 5.83514359e+00]
 [2.62728519e-01 4.64450476e+01]
 [4.13293070e+00 3.68514178e+01]
 [5.34718436e+01 1.16612434e+01]
 [2.24910830e+01 2.25071271e+01]
 [4.50652135e+01 1.38072019e+01]
 [1.21033246e+01 2.84498708e+01]
 [1.02984042e+00 4.31941739e+01]
 [4.28413418e+00 3.64353428e+01]
 [6.06772742e+01 1.00926354e+01]
 [5.17815690e+01 1.20756660e+01]
 [5.00753781e+01 1.24841183e+01]
 [3.64208919e+01 1.64783257e+01]
 [2.05031630e+01 2.31204647e+01]
 [5.52778958e+01 1.14322952e+01]
 [7.86663475e+01 7.52203294e+00]
 [2.08699861e+01 2.29201545e+01]
 [1.19158618e+01 2.86011782e+01]
 [3.60147008e+01 1.66956781e+01]
 [1.41624463e+00 4.19642958e+01]
 [2.18207191e+00 4.01005677e+01]
 [1.11394377e+02 4.68970831e+00]
 [7.09630621e+01 8.18251721e+00]
 [7.32905725e+01 7.80331402e+00]
 [4.81591284e+01 1.31756947e+01]
 [6.39186693e+01 9.46243930e+00]
 [2.99171409e+01 1.88154538e+01]
 [5.50142592e-01 4.53919096e+01]
 [5.79406439e+01 1.06615388e+01]
 [8.69985118e+00 3.15208134e+01]
 [6.17388396e+01 9.88386160e+00]
 [2.76710956e+01 1.97216465e+01]
 [3.39703682e+01 1.72797952e+01]
 [3.11710112e+01 1.84462971e+01]
 [4.17584919e+01 1.48478127e+01]
 [1.95649350e+01 2.36226100e+01]
 [1.76017217e+00 4.11835090e+01]
 [1.20174916e+01 2.85855167e+01]
 [2.65234952e+01 2.02895728e+01]
 [2.30724378e+01 2.18386582e+01]
 [1.95224445e-01 4.69247961e+01]
 [5.94199565e+01 1.03482790e+01]
 [1.09128361e+02 4.71652558e+00]
 [6.47793798e+01 9.30334151e+00]
 [1.28745690e+01 2.79867614e+01]
 [4.18496486e+01 1.47194502e+01]
 [3.74048691e+01 1.62589425e+01]
 [7.33766481e+01 7.78846074e+00]
 [4.72030728e+01 1.32821911e+01]
 [6.77350765e-01 4.43506795e+01]
 [1.69304826e+01 2.53468106e+01]
 [1.89750986e+01 2.39987194e+01]
 [4.66456358e+01 1.34216555e+01]
 [1.02451418e+01 2.99669390e+01]
 [1.29262068e+02 4.18567028e+00]
 [5.58249409e+01 1.11310511e+01]
 [9.67929229e-03 4.93210070e+01]
 [5.68941086e+01 1.09272574e+01]
 [3.34306878e+01 1.74767381e+01]
 [8.13712176e+01 7.03822733e+00]
 [9.55086616e+01 5.80069459e+00]
 [2.40969013e-01 4.66126034e+01]
 [5.37297383e+01 1.16027422e+01]
 [2.02477550e+01 2.32917191e+01]
 [9.08895184e+01 5.84955903e+00]
 [5.87606544e-01 4.48073194e+01]
 [1.23502527e+00 4.24700117e+01]
 [2.43443385e+01 2.12097639e+01]
 [2.41665860e+01 2.12806186e+01]
 [2.68765632e+00 3.91913687e+01]
 [6.14659086e+01 9.94789719e+00]
 [7.42077070e-01 4.41755926e+01]
 [8.54421724e+01 6.22872133e+00]
 [5.76366730e+01 1.07310275e+01]
 [6.01905909e+01 1.01889237e+01]
 [5.62968457e+00 3.46454897e+01]
 [3.76503677e+01 1.60800120e+01]
 [2.79028890e+01 1.96973071e+01]
 [2.05277847e+01 2.31053177e+01]
 [6.09522407e+01 1.00394390e+01]
 [1.51652799e-01 4.78684994e+01]
 [9.32173834e-01 4.35573797e+01]
 [5.83638520e+01 1.05907481e+01]
 [4.40156258e+01 1.41680675e+01]
 [3.14486933e+01 1.83594378e+01]
 [3.55205974e+01 1.67403348e+01]
 [6.78308904e+01 8.85204833e+00]
 [2.03632669e+01 2.31968708e+01]
 [1.16020148e+02 4.38742439e+00]
 [4.10308525e+01 1.50770646e+01]
 [1.61430820e+01 2.63683987e+01]
 [1.09872293e+01 2.93487247e+01]
 [6.16639388e+00 3.40171519e+01]
 [4.75460452e+01 1.32054300e+01]
 [2.56347302e+01 2.07747186e+01]
 [3.44122316e+01 1.71230481e+01]
 [4.29470278e+00 3.64198704e+01]
 [4.98680882e+00 3.55386861e+01]
 [3.32419603e+01 1.75876334e+01]
 [8.37326444e+01 6.39651530e+00]
 [3.24083660e+01 1.79663001e+01]
 [1.13384759e+01 2.90291932e+01]
 [5.63326273e+01 1.10121995e+01]
 [1.23663407e+01 2.82389118e+01]
 [1.31142472e+02 4.01981522e+00]
 [8.74312597e+00 3.13031411e+01]
 [5.54523188e+01 1.13385303e+01]
 [4.13555277e+01 1.48660749e+01]
 [4.83391475e+00 3.58662369e+01]
 [5.86110745e+01 1.05359484e+01]
 [1.46429501e+01 2.67883952e+01]
 [1.84867066e+01 2.44501953e+01]
 [3.74747772e+01 1.61096786e+01]
 [8.27660870e+00 3.17994155e+01]
 [4.49118205e+01 1.38932075e+01]
 [1.64291657e+01 2.54539837e+01]
 [6.42706710e+01 9.42162641e+00]
 [4.49154461e+01 1.38492961e+01]
 [9.77516986e+00 3.10088110e+01]
 [5.28746656e+01 1.18135062e+01]
 [2.64949464e+01 2.05131706e+01]
 [6.63158633e+01 8.99934278e+00]
 [1.64110540e+01 2.58399342e+01]
 [1.78205522e+01 2.53001875e+01]
 [9.98546489e+00 3.01691430e+01]
 [9.93830144e+01 5.11346558e+00]
 [2.70902108e+01 2.00071519e+01]
 [2.75989653e-01 4.63757792e+01]
 [6.16661148e+01 9.92105397e+00]
 [7.46986103e+01 7.57157819e+00]
 [1.20597287e+01 2.84727103e+01]
 [2.59339406e+01 2.06982004e+01]
 [4.62852194e+01 1.37219414e+01]
 [4.35199812e+00 3.63459823e+01]
 [1.12461520e+02 4.41268687e+00]
 [7.56917993e+00 3.26757499e+01]
 [7.28989016e+01 7.85868902e+00]
 [5.10632487e+00 3.54498857e+01]
 [5.36204399e+01 1.16279227e+01]
 [3.48597733e+01 1.69661729e+01]
 [4.94610536e+01 1.26470850e+01]
 [5.35722490e-02 4.84267171e+01]
 [4.87038473e+00 3.58597998e+01]
 [1.91122308e+01 2.39245190e+01]
 [6.28925867e+01 9.74735176e+00]
 [2.38419379e+01 2.15069658e+01]
 [1.00786177e+02 4.95909498e+00]
 [8.70776004e+01 6.08914108e+00]
 [9.62861975e+01 5.31662703e+00]
 [3.88050255e+01 1.56533070e+01]]
