[[1.45988514e+01 1.87473437e-03]
 [4.86621314e+00 6.48194950e-03]
 [3.18032647e+01 6.57607673e-04]
 [3.23474214e+01 6.42435431e-04]
 [1.62713356e+01 1.46668769e-03]
 [2.23930593e+01 9.50885037e-04]
 [8.42493582e+00 2.79476072e-03]
 [1.38583616e+01 1.92456864e-03]
 [2.21867126e+01 9.67937587e-04]
 [2.97605157e+01 8.00879186e-04]
 [8.14162827e+00 3.14843578e-03]
 [1.46261364e+01 1.86262889e-03]
 [1.86989301e+01 1.42468558e-03]
 [2.35669986e+01 8.39729053e-04]
 [5.03115540e+01 4.83935273e-04]
 [5.12144617e+00 6.19362914e-03]
 [2.14316793e+01 1.36461994e-03]
 [1.28543629e+01 1.96438370e-03]
 [3.47374307e+01 5.01211635e-04]
 [4.84168883e+00 6.60333805e-03]
 [2.19005765e+01 1.30831796e-03]]
