[[1.45988514e+01 1.87473437e-03]
 [3.18032647e+01 6.57607673e-04]
 [3.23474214e+01 6.42435431e-04]
 [1.62713356e+01 1.46668769e-03]
 [4.21729119e+01 5.29383823e-04]
 [1.48829710e+01 1.66289818e-03]
 [4.90678876e+01 5.05021991e-04]
 [3.30041422e+01 5.96065696e-04]
 [1.41849453e+01 3.57056271e-03]
 [6.19260118e+01 4.97781465e-04]
 [2.63258096e+01 7.30756604e-04]
 [4.08414759e+01 5.31529970e-04]
 [4.80675154e+00 6.48194950e-03]
 [1.65498896e+02 4.75036351e-04]
 [1.18842783e+01 3.90381559e-03]
 [2.01023088e+01 1.23807364e-03]
 [2.11738113e+01 9.62389857e-04]
 [3.09849037e+01 6.78504443e-04]
 [1.02942905e+01 4.09226593e-03]
 [8.64250401e+01 4.77007468e-04]
 [2.26644435e+01 8.96722929e-04]
 [2.04244310e+01 1.12673086e-03]
 [3.57030951e+01 5.32102985e-04]
 [2.96726758e+01 7.19010132e-04]
 [4.22195195e+01 5.27035062e-04]]
