[[3.18032647e+01 6.57607673e-04]
 [3.23474214e+01 6.42435431e-04]
 [3.89650248e+01 6.05456647e-04]
 [4.23732353e+01 6.00404419e-04]
 [8.42493582e+00 2.79476072e-03]
 [1.62072948e+01 1.34727829e-03]
 [2.02584400e+01 8.37151108e-04]
 [4.95093205e+01 5.05719694e-04]
 [5.01587620e+01 4.85635437e-04]
 [4.58672837e+01 5.64942687e-04]
 [3.15133025e+01 6.77530945e-04]
 [4.24859861e+01 5.88865656e-04]
 [5.33533420e+01 4.46375819e-04]
 [9.35104972e+00 2.60614078e-03]
 [4.85893893e+00 6.48194950e-03]
 [1.31013535e+01 1.72906933e-03]
 [2.80096410e+01 7.61654403e-04]
 [3.71118171e+01 6.18417375e-04]]
