[[2.08511002e+00 2.16097348e+00]
 [9.31301057e-01 1.03668218e+00]
 [1.98383737e+00 1.61645020e+00]
 [2.09597257e+00 2.05565850e+00]
 [2.08652401e+00 1.67606949e+00]
 [7.01934693e-01 5.94304467e-01]
 [1.05814058e+00 7.96639978e-01]
 [1.63322451e+00 1.58117431e+00]
 [3.45448459e+00 2.99196855e+00]
 [9.94006692e-02 7.86329606e-02]
 [2.76410989e+00 2.52609268e+00]
 [2.92879636e+00 2.90878724e+00]
 [2.99588448e-01 3.64030367e-01]
 [2.22759393e-01 3.22482387e-01]
 [1.19923880e+00 1.48130914e+00]
 [2.62335155e+00 2.77442391e+00]
 [3.08389179e+00 2.84704896e+00]
 [1.95003857e+00 1.45797200e+00]
 [8.80981278e-01 9.96190723e-01]
 [2.91007090e+00 2.63649595e+00]
 [3.39534418e+00 2.75580533e+00]
 [9.92849442e-01 1.28010303e+00]
 [2.63857323e+00 2.40648325e+00]
 [2.07924359e+00 1.85005520e+00]
 [3.91374707e+00 2.97141535e+00]
 [2.20952140e+00 1.74473222e+00]
 [1.10716367e+00 8.01216059e-01]
 [9.16632146e-02 2.00174993e-01]
 [1.97425240e+00 2.24081549e+00]
 [7.27791156e-01 4.73190210e-01]
 [7.33961867e-01 7.92892448e-01]
 [2.58633799e+00 2.74921756e+00]
 [4.37411048e-01 6.81929209e-01]
 [2.85357926e+00 2.99026028e+00]
 [1.69354013e+00 1.57168841e+00]
 [2.42214223e+00 2.57795342e+00]
 [1.37059888e+00 1.68158997e+00]
 [1.33139423e-01 3.32761107e-01]
 [7.99168252e-01 6.07806376e-01]
 [1.85077089e+00 1.59209232e+00]
 [2.01610236e+00 2.27624079e+00]
 [3.58464501e+00 2.96197852e+00]
 [1.87437972e+00 2.31096758e+00]
 [2.00932962e+00 2.09192406e+00]
 [6.03835922e-01 6.60851963e-01]
 [6.91773449e-01 8.70433389e-01]
 [1.72849411e+00 2.02491481e+00]
 [1.10741028e+00 1.40173747e+00]
 [1.57382844e+00 1.88056681e+00]
 [2.86636136e+00 2.82828773e+00]
 [2.45772575e+00 2.57010749e+00]
 [2.09289013e+00 2.05039470e+00]
 [1.47644397e+00 1.63236415e+00]
 [2.43960746e+00 2.56606924e+00]
 [2.92674229e+00 2.69461514e+00]
 [2.57087522e+00 2.62599818e+00]
 [8.07553852e-01 1.02732192e+00]
 [2.89680270e+00 2.77411254e+00]
 [1.14602514e+00 1.30165013e+00]
 [1.91233729e+00 1.40936712e+00]
 [3.15479600e+00 2.94277103e+00]
 [2.51754755e+00 2.89779920e+00]
 [2.49966186e+00 2.33129469e+00]
 [1.99609303e+00 2.39088676e+00]
 [1.90540746e+00 1.97803481e+00]
 [3.54592002e-01 4.57811961e-01]
 [8.28794145e-02 3.41389069e-01]
 [1.60513157e+00 1.67373598e+00]
 [3.49811591e+00 2.75477577e+00]
 [1.98643533e-01 2.11000325e-01]
 [2.69824555e+00 2.68578110e+00]
 [1.64180695e+00 1.64269281e+00]
 [1.93002006e+00 1.71462628e+00]
 [1.99299633e-01 4.04379354e-01]
 [9.67081995e-01 1.00699140e+00]
 [2.16177797e+00 2.54310140e+00]
 [3.01091827e+00 2.89070126e+00]
 [1.72839607e+00 1.78687529e+00]
 [2.24368629e+00 2.11294020e+00]
 [8.83394465e-01 1.17329737e+00]
 [1.17538818e+00 1.38480624e+00]
 [9.89163923e-01 1.28799217e+00]
 [6.13860647e-01 5.62709678e-01]
 [2.35248838e+00 2.48140801e+00]
 [1.93494617e+00 1.47864262e+00]
 [2.29978366e+00 2.29161815e+00]
 [6.33566919e-01 7.32799990e-01]
 [3.02153422e+00 2.87640755e+00]
 [1.96942004e+00 2.06686514e+00]
 [3.50266536e+00 2.79167946e+00]
 [1.95305249e+00 2.08881025e+00]
 [3.06556168e+00 2.80720880e+00]
 [2.98444262e+00 2.93877052e+00]
 [2.20503310e+00 2.21883589e+00]
 [1.38600052e+00 1.60449670e+00]
 [4.48021746e+00 2.91816106e+00]
 [3.52710224e-01 2.20399963e-01]
 [3.02606448e+00 2.97121859e+00]
 [4.44991104e-01 5.54716771e-01]
 [1.89312939e-01 1.72750517e-01]
 [8.26592452e-01 5.91589039e-01]
 [2.58099231e+00 2.58967945e+00]
 [1.39164065e+00 1.91992371e+00]
 [2.32566972e+00 2.42024043e+00]
 [1.28330495e+00 1.17429109e+00]
 [2.89879067e-01 4.16449554e-01]
 [7.28927156e-01 7.34641916e-01]
 [2.78634115e+00 2.72132717e+00]
 [2.60156818e+00 2.48540444e+00]
 [2.52889693e+00 2.47457569e+00]
 [2.03144214e+00 2.23124759e+00]
 [1.55506534e+00 1.64546727e+00]
 [1.64573001e+00 1.58400419e+00]
 [1.15731468e+00 1.28046405e+00]
 [4.52048578e-01 3.86927952e-01]
 [5.26312633e-01 5.18182390e-01]
 [3.02711004e+00 2.92871479e+00]
 [3.09559817e+00 2.95633474e+00]
 [2.75997514e+00 2.89174767e+00]
 [1.98231345e+00 1.88406970e+00]
 [3.48929893e-01 1.25632711e-01]
 [9.90996147e-01 6.61782246e-01]
 [2.68001287e+00 2.70234934e+00]
 [1.17760978e+00 8.87805156e-01]
 [2.82866073e+00 2.72642410e+00]
 [1.86249383e+00 1.85711890e+00]
 [2.33775027e+00 2.00082763e+00]
 [2.06835082e+00 2.05292887e+00]
 [1.09576903e+00 1.28640208e+00]
 [3.09696083e+00 2.94209711e+00]
 [1.02461073e+00 7.84262143e-01]
 [2.85504381e+00 2.89210840e+00]
 [8.76662959e-01 1.02344047e+00]
 [1.48064962e+00 1.59876768e+00]
 [3.35447302e-01 5.95944793e-01]
 [3.70982118e+00 2.94864236e+00]
 [2.08050386e+00 1.59475040e+00]
 [3.62577640e-01 5.18103264e-01]
 [2.47747491e+00 2.47337883e+00]
 [6.64531188e-01 8.50387297e-01]
 [1.39379204e+00 9.43942820e-01]
 [2.09974127e+00 1.80836029e+00]
 [2.40722949e+00 2.41078388e+00]
 [1.40096318e+00 1.35408558e+00]
 [1.39810590e+00 1.27053016e+00]
 [2.21751921e+00 2.09352497e+00]
 [1.89054293e+00 2.08798953e+00]
 [5.14091837e-01 5.87502701e-01]
 [9.45691875e-01 1.18075024e+00]
 [1.37237056e+00 1.58014758e+00]
 [2.48782192e+00 2.46353089e+00]
 [2.20220280e+00 2.26252508e+00]
 [7.33736899e-01 8.51949676e-01]
 [1.00798317e+00 9.82572168e-01]
 [2.28852644e+00 2.26386668e+00]
 [1.77451255e+00 1.96059310e+00]
 [2.71308206e+00 2.65216864e+00]
 [9.56360259e-01 1.16113870e+00]
 [9.91161451e-01 8.57149486e-01]
 [2.23764190e+00 2.55371299e+00]
 [1.39179665e+00 1.46241390e+00]
 [1.64543583e-01 3.40233003e-01]
 [1.25480769e+00 1.27947884e+00]
 [5.79133734e-01 8.11655981e-01]
 [2.52881674e+00 2.35950229e+00]
 [1.30299663e-01 1.17326649e-01]
 [6.64531188e-01 8.48511540e-01]
 [2.74825117e+00 2.99026028e+00]
 [1.63538912e+00 1.57168841e+00]
 [1.46956831e+00 1.78123198e+00]
 [1.07850467e+00 8.47284092e-01]
 [2.40574033e+00 2.11294020e+00]
 [2.61797307e+00 2.75998767e+00]
 [2.64712441e+00 2.53007058e+00]
 [2.71513655e-01 4.16449554e-01]
 [2.29978366e+00 2.02273464e+00]
 [1.73684710e+00 2.07544035e+00]
 [2.28852644e+00 2.29818019e+00]
 [1.35432194e+00 1.51075970e+00]
 [2.50274705e+00 2.82008935e+00]
 [6.04995902e-01 4.48626468e-01]
 [1.30126818e+00 1.35408558e+00]
 [2.99000641e+00 2.96235367e+00]
 [2.54084496e-01 2.90056394e-01]
 [1.64182891e+00 1.98655331e+00]
 [1.83065989e+00 1.95340275e+00]
 [2.53204580e+00 2.70472202e+00]
 [3.52383846e+00 2.74830174e+00]
 [1.60874521e+00 1.88955906e+00]
 [2.50619623e+00 2.40298367e+00]
 [2.32566972e+00 2.20862851e+00]
 [1.89389905e+00 1.68289694e+00]
 [1.11165762e+00 1.03855252e+00]
 [2.74205071e+00 2.86143918e+00]
 [2.19968525e+00 2.51250187e+00]
 [2.85665868e+00 2.85335201e+00]
 [2.73359175e+00 2.62292225e+00]
 [2.05220266e+00 2.43216370e+00]
 [5.54784645e-01 5.18182390e-01]
 [4.21402592e+00 2.99757587e+00]
 [2.71794500e+00 2.65216864e+00]
 [1.04616190e-01 7.86329606e-02]
 [1.03183369e+00 1.28616463e+00]
 [2.67042453e+00 2.48140801e+00]
 [2.63178142e+00 2.34358620e+00]
 [1.36823086e-01 3.44954511e-01]
 [1.98515772e+00 1.61645020e+00]
 [2.95096022e+00 2.89985793e+00]
 [2.11617745e+00 1.81944064e+00]
 [1.18682739e+00 1.23285973e+00]
 [2.07548267e-01 1.89281668e-01]
 [4.24363284e-01 3.68520295e-01]
 [2.85971538e+00 2.95026255e+00]
 [2.09507333e+00 1.96860464e+00]
 [1.24077525e+00 9.30159202e-01]
 [1.85439970e+00 1.51946922e+00]
 [5.85355891e-01 4.49220533e-01]
 [3.66414091e+00 2.96598796e+00]
 [6.73921033e-01 1.02921192e+00]
 [2.66196149e+00 2.77370649e+00]
 [3.11385189e+00 2.85532708e+00]
 [1.33624352e+00 1.44372805e+00]
 [4.35596366e-01 4.12445591e-01]
 [3.01665149e+00 2.70895714e+00]
 [2.92692539e+00 2.84255113e+00]
 [1.41127690e+00 1.70371853e+00]
 [4.70076561e+00 2.96986554e+00]
 [9.73170339e-01 9.17550556e-01]
 [1.19923880e+00 1.41682728e+00]
 [2.14546956e+00 2.08729264e+00]
 [1.55945150e+00 1.38388579e+00]
 [2.78555143e+00 2.91989772e+00]
 [2.53107825e+00 2.42141602e+00]
 [2.45772575e+00 2.59241295e+00]
 [1.21742852e+00 1.26852544e+00]
 [1.20098448e+00 1.27031180e+00]
 [2.30178488e+00 2.02154702e+00]
 [3.93109413e+00 2.98744084e+00]
 [2.31298372e+00 2.54363721e+00]
 [1.78382409e+00 2.00486697e+00]
 [4.26194334e+00 2.92871479e+00]
 [7.26445638e-01 9.69631985e-01]
 [2.06310089e+00 2.41244182e+00]
 [3.78076982e+00 2.95550966e+00]
 [6.33403527e-02 4.89983195e-02]
 [7.00804362e-01 1.02344047e+00]
 [2.03596025e+00 1.66355549e+00]
 [8.95507273e-01 1.12022140e+00]
 [2.34053019e+00 2.31115562e+00]
 [2.75120350e+00 2.45667770e+00]
 [1.20397065e+00 1.02323066e+00]
 [1.91165239e+00 1.88406970e+00]
 [3.58695798e+00 2.96197852e+00]
 [3.26748252e-01 3.26508629e-01]
 [2.84656017e+00 2.93877052e+00]
 [2.42157887e+00 2.22223514e+00]
 [2.31431320e+00 2.79558335e+00]
 [4.48021746e+00 2.98916017e+00]
 [4.70544173e+00 2.97591112e+00]
 [5.09555498e-03 2.81991902e-03]
 [1.68221197e+00 1.49741457e+00]
 [3.90663471e+00 2.97029777e+00]
 [2.62335155e+00 2.84302844e+00]
 [2.79465515e+00 2.42217387e+00]
 [5.24418106e-01 3.75503310e-01]
 [2.06728455e+00 2.03755326e+00]
 [2.76802458e+00 2.66948202e+00]
 [1.52321683e+00 1.28224168e+00]
 [2.32855634e+00 2.56826623e+00]
 [2.33214203e+00 2.62992774e+00]
 [2.75661986e-01 4.04379354e-01]
 [3.32340194e+00 2.86552880e+00]
 [5.71972653e-01 5.91007260e-01]
 [3.66149893e-02 6.54460268e-02]
 [4.27985173e+00 2.84884103e+00]
 [1.48714330e+00 1.41837741e+00]
 [9.76827832e-02 7.36385039e-02]
 [1.30240031e+00 1.34365435e+00]
 [2.66279707e+00 2.93128209e+00]]
