[[1.52610864e-02 2.65060857e+04]
 [4.48927166e-02 9.16056255e+03]
 [3.39946541e-02 1.19017793e+04]
 [2.69897406e-02 1.55173060e+04]
 [3.70128177e-02 1.09776149e+04]
 [4.18541489e-02 9.65590185e+03]
 [1.07192317e-02 3.87363394e+04]
 [3.15247391e-02 1.32695640e+04]
 [8.73430708e-03 4.97827473e+04]
 [1.09637208e-02 3.84698808e+04]
 [1.49599333e-02 2.72729625e+04]
 [2.10911804e-02 2.04626541e+04]
 [4.50712278e-02 9.07941170e+03]
 [1.26980091e-02 3.29483020e+04]
 [3.77918747e-02 1.09550488e+04]
 [3.96997025e-02 1.03178116e+04]
 [4.05667519e-02 1.01458390e+04]
 [3.02977196e-02 1.37050601e+04]
 [3.22289972e-02 1.25256973e+04]
 [5.33765575e-02 8.68783422e+03]
 [2.50053693e-02 1.60192295e+04]
 [3.67568746e-02 1.10440367e+04]
 [3.01247532e-02 1.43015064e+04]
 [8.02801756e-03 4.98685805e+04]
 [6.59200065e-03 6.55152959e+04]
 [2.24820229e-02 1.93311568e+04]
 [1.70435926e-02 2.34887817e+04]
 [3.00483379e-02 1.43587115e+04]
 [6.51375878e-03 6.57911219e+04]
 [9.71423237e-03 4.55557086e+04]
 [2.22005755e-02 1.98652962e+04]
 [2.44575218e-02 1.68405673e+04]
 [1.12963814e-02 3.63795496e+04]
 [7.67521709e-03 5.85868588e+04]
 [3.19882381e-02 1.31036965e+04]
 [3.47386091e-02 1.16340432e+04]
 [2.32366219e-02 1.73540989e+04]
 [4.12885691e-02 9.87513164e+03]
 [3.81170681e-02 1.06513792e+04]
 [1.73797401e-02 2.30405025e+04]
 [6.48202091e-03 6.84633014e+04]
 [1.23619118e-02 3.55478067e+04]
 [5.36064395e-02 8.62123291e+03]
 [4.14634142e-02 9.82997236e+03]
 [1.47703249e-02 2.82823624e+04]
 [1.34524327e-02 3.15192756e+04]
 [1.46218467e-02 3.00027010e+04]
 [4.30951087e-02 9.43498069e+03]
 [5.07038393e-02 8.74799601e+03]
 [2.31806709e-02 1.74325676e+04]
 [5.74710533e-03 8.02292099e+04]
 [2.68791645e-02 1.57166409e+04]
 [3.38489932e-02 1.20051478e+04]
 [1.66998686e-02 2.52823067e+04]
 [3.57488268e-02 1.13687207e+04]
 [2.70787446e-02 1.49602291e+04]
 [2.10901396e-02 2.04631971e+04]
 [5.45391596e-03 8.68220246e+04]
 [7.20421672e-03 5.96812841e+04]
 [7.78593892e-03 5.60569980e+04]
 [1.63133234e-02 2.57545087e+04]
 [3.32711556e-02 1.20512368e+04]
 [1.30131634e-02 3.23481323e+04]
 [4.38389526e-02 9.17817530e+03]
 [1.66623103e-02 2.56002548e+04]
 [3.16422756e-02 1.31628973e+04]
 [1.09889421e-02 3.82195951e+04]
 [1.96495485e-02 2.06061771e+04]
 [5.41778316e-03 9.01478599e+04]
 [9.17241157e-03 4.74078123e+04]
 [2.28721120e-02 1.87686722e+04]
 [1.47157256e-02 2.84687953e+04]
 [2.10540361e-02 2.05451250e+04]
 [4.85988227e-02 8.90301220e+03]
 [1.59992123e-02 2.63958843e+04]
 [1.09642699e-02 3.84693201e+04]
 [1.35867525e-02 3.03281636e+04]
 [2.90812300e-02 1.46372177e+04]
 [3.10934807e-02 1.35910270e+04]
 [5.75521297e-02 8.50256483e+03]
 [3.91757006e-02 1.04904297e+04]
 [2.21669469e-02 2.00246950e+04]
 [1.11804983e-02 3.71620325e+04]]
