[[0.94325798 0.44926606]
 [0.78492906 0.54484695]
 [0.49300488 0.8480941 ]
 [0.74051872 0.77311021]
 [0.05009815 1.04320849]
 [0.14455497 1.017687  ]
 [0.95973869 0.13980164]
 [0.5540714  0.77773461]
 [0.77827586 0.63455245]
 [0.46088441 0.93341406]
 [0.77780222 0.69946243]
 [0.07225764 1.01948431]
 [0.86109579 0.50167589]
 [0.14908142 0.96643802]
 [0.74956328 0.74078752]
 [0.94877753 0.16424047]
 [0.97014619 0.12441655]
 [0.79082683 0.53573155]
 [0.46381372 0.92320748]
 [0.92934165 0.46578439]
 [0.53915938 0.82452497]
 [0.92853833 0.48022035]
 [0.96996394 0.12646263]]
