[[1.45988514e+01 1.87473437e-03]
 [1.06998121e+01 5.46139961e-03]
 [4.86621314e+00 6.48194950e-03]
 [1.62713356e+01 1.46668769e-03]
 [1.38434025e+01 2.00605434e-03]
 [1.52372996e+02 4.67617444e-04]
 [3.26159908e+01 6.14559717e-04]
 [1.17910188e+01 3.60801662e-03]
 [3.00642475e+01 6.41426499e-04]
 [4.55228386e+00 1.04407688e-02]
 [1.30796867e+01 2.50734242e-03]
 [2.02796954e+01 1.37356054e-03]
 [3.66730699e+01 5.56158518e-04]
 [2.07051555e+01 1.01777569e-03]
 [3.68277141e+01 4.78382621e-04]
 [1.10268390e+01 4.88297285e-03]
 [1.19187283e+01 2.66135122e-03]
 [1.15176517e+01 3.68252669e-03]
 [6.26044259e+00 6.35882406e-03]
 [1.01296127e+01 5.75442281e-03]
 [2.46851867e+01 9.19109159e-04]
 [2.05384074e+01 1.33233273e-03]
 [4.52782766e+00 1.06616408e-02]
 [5.88098951e+01 4.67950266e-04]
 [2.58490168e+01 7.91469333e-04]
 [1.57150964e+01 1.53167213e-03]
 [2.10998311e+01 9.37263487e-04]
 [3.54867243e+01 5.60335437e-04]
 [2.68472608e+01 6.97001070e-04]]
