[[3.60699608e+01 1.65566552e+01]
 [7.76812641e+00 3.22621992e+01]
 [2.61940879e+01 2.05456462e+01]
 [3.44753316e+01 1.71025222e+01]
 [2.86511655e+01 1.95368564e+01]
 [3.38364045e+00 3.78835185e+01]
 [7.01718697e+00 3.32064912e+01]
 [2.06701379e+01 2.30235463e+01]
 [8.35413583e+01 6.42080819e+00]
 [6.42545421e-02 4.82357273e+01]
 [6.81555654e+01 8.66305532e+00]
 [8.89085385e-01 4.35860832e+01]
 [6.14466549e-01 4.47011988e+01]
 [5.83176055e+01 1.06016468e+01]
 [7.04643053e+01 8.30666886e+00]
 [2.37133311e+01 2.18482271e+01]
 [7.07409588e+00 3.29968040e+01]
 [6.16784942e+01 9.95395502e+00]
 [1.04976551e+01 2.98948891e+01]
 [5.10129214e+01 1.23026655e+01]
 [4.83307391e+01 1.30055861e+01]
 [1.04383508e+01 3.05546152e+01]
 [3.09838326e+01 1.84529702e+01]
 [9.65869014e+01 5.29510110e+00]
 [7.47103428e+00 3.27839613e+01]
 [1.93888691e-01 4.71300901e+01]
 [3.56757064e+01 1.67682477e+01]
 [1.17329489e+02 4.34324222e+00]
 [4.66951383e+00 3.58988353e+01]
 [5.69893656e+01 1.08917859e+01]
 [2.62542348e+00 3.94629533e+01]
 [6.83382844e+01 8.64617576e+00]
 [4.34026601e+01 1.43443386e+01]
 [2.13531304e+01 2.26859973e+01]
 [5.00504672e+01 1.25116603e+01]
 [1.88251444e+01 2.41843976e+01]
 [5.13824242e-01 4.54694508e+01]
 [4.03239394e+00 3.69383522e+01]
 [2.38404433e+01 2.15314788e+01]
 [4.75859928e+01 1.32989730e+01]
 [3.69837635e+01 1.63225093e+01]
 [8.64919865e+01 6.15676129e+00]
 [3.36542071e+01 1.74010150e+01]
 [3.20537255e+00 3.81544643e+01]
 [4.94481916e+00 3.56141364e+01]
 [2.83518875e+01 1.95538827e+01]
 [1.27649019e+01 2.80997480e+01]
 [2.40538698e+01 2.14695150e+01]
 [6.48609556e+01 9.26874806e+00]
 [5.05834735e+01 1.23675360e+01]
 [3.43372301e+01 1.71514592e+01]
 [1.93779981e+01 2.37564183e+01]
 [5.01455835e+01 1.24796289e+01]
 [6.33070848e+01 9.61319687e+00]
 [5.40210633e+01 1.15365319e+01]
 [1.10958087e+01 2.96911065e+01]
 [6.83013424e+00 3.33587758e+01]
 [3.12500802e+01 1.84325539e+01]
 [6.43486652e+01 9.37801384e+00]
 [1.20306667e+01 2.85309140e+01]
 [7.44505565e+01 7.63696884e+00]
 [4.67329773e+01 1.33736789e+01]
 [3.01727971e+01 1.87087766e+01]
 [1.34130912e+00 4.22112876e+01]
 [4.93661976e-01 4.58807307e+01]
 [2.15113580e+01 2.25891640e+01]
 [7.93024178e+01 7.29668767e+00]
 [3.35921562e-01 4.59875418e+01]
 [5.79757966e+01 1.06536827e+01]
 [4.76391019e+01 1.32669915e+01]
 [2.15758789e+01 2.25489721e+01]
 [2.66596827e+01 2.02184574e+01]
 [2.58182713e+01 2.08055238e+01]
 [8.12972023e-01 4.41664531e+01]
 [7.79711709e+00 3.22085453e+01]
 [4.45625951e+01 1.40918550e+01]
 [6.96871304e+01 8.40558730e+00]
 [2.47211051e+01 2.10275627e+01]
 [3.79945778e+01 1.59323796e+01]
 [8.62804999e+00 3.15900942e+01]
 [1.31969028e+01 2.76972815e+01]
 [1.05494764e+01 2.98658082e+01]
 [2.32632100e+01 2.22242980e+01]
 [2.77386830e+00 3.89277638e+01]
 [4.67663491e+01 1.33526234e+01]
 [2.37216027e+01 2.17945128e+01]
 [4.21620745e+01 1.46265005e+01]
 [3.75361146e+00 3.72747338e+01]
 [5.38580768e+01 1.16485177e+01]
 [6.96135576e+01 8.42397176e+00]
 [3.26021873e+01 1.77876950e+01]
 [8.02485554e+01 7.11869063e+00]
 [3.27101692e+01 1.77589149e+01]
 [7.01730799e+01 8.31113849e+00]
 [3.91416147e+01 1.55467138e+01]
 [1.79816284e+01 2.45904349e+01]
 [6.91922583e-01 4.44418788e+01]
 [7.19408245e+01 8.01237546e+00]
 [2.02291111e+00 4.05086490e+01]
 [2.62728519e-01 4.64450476e+01]
 [4.13293070e+00 3.68514178e+01]
 [5.34718436e+01 1.16612434e+01]
 [4.50652135e+01 1.38072019e+01]
 [1.21033246e+01 2.84498708e+01]
 [4.28413418e+00 3.64353428e+01]
 [6.06772742e+01 1.00926354e+01]
 [5.17815690e+01 1.20756660e+01]
 [5.00753781e+01 1.24841183e+01]
 [3.64208919e+01 1.64783257e+01]
 [2.05031630e+01 2.31204647e+01]
 [2.08699861e+01 2.29201545e+01]
 [1.19158618e+01 2.86011782e+01]
 [1.41624463e+00 4.19642958e+01]
 [2.18207191e+00 4.01005677e+01]
 [7.09630621e+01 8.18251721e+00]
 [7.32905725e+01 7.80331402e+00]
 [6.39186693e+01 9.46243930e+00]
 [2.99171409e+01 1.88154538e+01]
 [5.50142592e-01 4.53919096e+01]
 [5.68011641e+00 3.48922452e+01]
 [5.79406439e+01 1.06615388e+01]
 [8.69985118e+00 3.15208134e+01]
 [6.17388396e+01 9.88386160e+00]
 [2.76710956e+01 1.97216465e+01]
 [3.78735500e+01 1.60826086e+01]
 [3.39703682e+01 1.72797952e+01]
 [3.11710112e+01 1.84462971e+01]
 [1.14221603e+01 2.90338290e+01]
 [7.29884071e+01 7.85652240e+00]
 [6.65957702e+00 3.35761655e+01]
 [6.60622646e+01 9.04404406e+00]
 [7.26387335e+00 3.28149341e+01]
 [1.89935255e+01 2.39542084e+01]
 [1.87070036e+00 4.11537541e+01]
 [8.98290597e+01 5.87262957e+00]
 [2.74869006e+01 2.01191825e+01]
 [1.59957415e+00 4.15930845e+01]
 [4.90219390e+01 1.27469474e+01]
 [2.93961870e+01 1.92370874e+01]
 [4.65904102e+00 3.60155754e+01]
 [1.13347372e+01 2.94563357e+01]
 [3.07163213e+01 1.85980647e+01]
 [4.64265309e+01 1.34264990e+01]
 [1.51849824e+01 2.62457580e+01]
 [1.42757879e+01 2.68825864e+01]
 [3.17354115e+01 1.81485282e+01]
 [2.43779936e+00 3.95935045e+01]
 [9.15401703e+00 3.10240831e+01]
 [1.75210694e+01 2.48550859e+01]
 [4.90329696e+01 1.27447142e+01]
 [3.98748676e+01 1.53214381e+01]
 [2.31295871e+01 2.22265861e+01]
 [5.05675235e+00 3.54073223e+01]
 [7.92591256e+00 3.20759247e+01]
 [4.14497823e+01 1.48385144e+01]
 [1.69298285e+01 2.51770984e+01]
 [2.79712804e+01 1.96417636e+01]
 [5.75792510e+01 1.07423058e+01]
 [9.05147208e+00 3.10878785e+01]
 [6.86842505e+00 3.32339969e+01]
 [4.98685631e+01 1.25417296e+01]
 [3.60496737e+01 1.65919429e+01]
 [1.18879413e+02 4.30495139e+00]
 [6.90978041e+01 8.50403289e+00]
 [6.26340483e+01 9.69719528e+00]
 [1.11344835e+02 4.58836228e+00]
 [1.58039627e+01 2.58666012e+01]
 [5.58678329e+01 1.11172202e+01]
 [6.01646584e+01 1.01950940e+01]
 [1.11511601e+02 4.58272963e+00]
 [7.42841315e+01 7.68695052e+00]
 [3.85180357e+01 1.57977704e+01]
 [1.04214817e+02 5.00241959e+00]
 [5.52338520e+01 1.13383933e+01]
 [9.63620650e+01 5.40570731e+00]
 [4.79298318e+00 3.57224961e+01]
 [3.19700001e+01 1.80239518e+01]
 [2.29532402e+00 4.00501713e+01]
 [3.19229316e+00 3.84010316e+01]
 [7.21346703e+01 8.00807678e+00]
 [6.03812144e+01 1.01497933e+01]
 [4.30743963e+01 1.45692712e+01]
 [1.84901744e-01 4.72177275e+01]
 [6.37237194e+01 9.50366062e+00]
 [5.31848633e+01 1.18238200e+01]
 [1.36501258e+01 2.72924718e+01]
 [5.00846773e+01 1.24821118e+01]
 [4.59545664e+01 1.36748035e+01]
 [5.26256408e+01 1.18795685e+01]
 [1.47009782e+00 4.18312200e+01]
 [5.08018826e+01 1.23066240e+01]
 [6.45206954e+01 9.34246391e+00]
 [2.04296054e+01 2.33623526e+01]
 [8.27338979e+01 6.53374005e+00]
 [7.62644416e+01 7.36984105e+00]
 [3.05656640e+01 1.86896855e+01]
 [8.15687486e+00 3.18863520e+01]
 [1.19588201e+01 2.85496749e+01]
 [9.65927594e+01 5.29410138e+00]
 [5.69266879e+01 1.09169125e+01]
 [2.75455219e+01 1.98415643e+01]
 [1.41560177e+01 2.69578508e+01]
 [6.50896706e+01 9.25181326e+00]
 [2.58343503e+01 2.06275632e+01]
 [9.37093714e+01 5.61483356e+00]
 [1.83003910e+01 2.43355623e+01]
 [5.45086028e+01 1.14224503e+01]
 [9.26798833e+01 5.71633263e+00]
 [7.53985751e+01 7.49930131e+00]
 [6.58138961e+01 9.11930041e+00]
 [4.94034731e+01 1.26877938e+01]
 [5.74614610e+01 1.07826395e+01]
 [1.34396907e+01 2.74388894e+01]
 [2.11026561e+01 2.28944454e+01]
 [3.71890994e+01 1.61758795e+01]
 [3.59423985e+01 1.66562830e+01]
 [4.78688838e+01 1.30716073e+01]
 [8.64068330e+01 6.17866284e+00]
 [9.32993708e+00 3.07341062e+01]
 [6.35068771e+01 9.60172272e+00]
 [5.87618535e+01 1.05709541e+01]
 [3.43185177e+00 3.78071030e+01]
 [3.23601332e+01 1.78665183e+01]
 [1.05688844e+01 2.97686552e+01]
 [5.92085604e+01 1.04763824e+01]
 [2.00097039e+01 2.33923705e+01]
 [3.95258795e+01 1.54274793e+01]
 [3.51173389e+01 1.69983079e+01]
 [2.46193168e+01 2.10896304e+01]
 [4.18644173e+00 3.67964197e+01]
 [8.07453210e+01 6.80802510e+00]
 [1.72571078e+01 2.50789070e+01]
 [5.97211777e+01 1.03759386e+01]
 [1.48726082e+01 2.64980541e+01]
 [2.71666450e+01 2.01748503e+01]
 [5.14400269e+01 1.21455034e+01]
 [1.44770565e+01 2.67565224e+01]
 [4.48309035e+00 3.61517859e+01]
 [4.77472288e+01 1.31122577e+01]
 [8.93336893e+01 5.92798767e+00]
 [2.56266269e+00 3.95651245e+01]
 [5.84036203e+00 3.44960065e+01]
 [4.06828633e+01 1.50885358e+01]
 [2.92029457e+00 3.86932531e+01]
 [1.00179315e+02 5.02012126e+00]
 [1.63038285e+01 2.55332325e+01]
 [3.15474303e+01 1.82401978e+01]
 [1.02073295e+00 4.31113784e+01]
 [1.09656184e+01 2.97463481e+01]
 [2.47706035e+00 3.95754180e+01]
 [2.28867308e+01 2.23148328e+01]
 [2.94329619e+01 1.90830902e+01]
 [1.95184558e+01 2.36475629e+01]
 [6.87771283e+01 8.55435582e+00]
 [3.36780496e+01 1.73844714e+01]
 [6.52121932e+01 9.20141234e+00]
 [5.94966912e+01 1.04013039e+01]
 [2.19247793e+01 2.23818011e+01]
 [5.77534335e-01 4.51337790e+01]
 [3.27993553e+00 3.80991705e+01]
 [1.89580510e+01 2.39597775e+01]
 [3.35269885e+01 1.74387167e+01]
 [1.63136710e+00 4.13781073e+01]
 [1.51590694e+01 2.63475005e+01]
 [2.96724122e+00 3.85620096e+01]
 [6.06316141e+01 1.01383661e+01]
 [3.04895467e+00 3.85082273e+01]
 [3.32129719e+01 1.75608971e+01]
 [4.34622882e+01 1.42669404e+01]
 [3.68708955e+01 1.63643933e+01]
 [6.32460998e+01 9.62625571e+00]]
