[[1.45988514e+01 1.87473437e-03]
 [4.86621314e+00 6.48194950e-03]
 [2.23930593e+01 9.50885037e-04]
 [8.42493582e+00 2.79476072e-03]
 [1.38583616e+01 1.92456864e-03]
 [1.62072948e+01 1.34727829e-03]
 [1.26053579e+01 1.94096797e-03]
 [1.05192484e+01 2.36960019e-03]
 [2.05235936e+01 1.11743859e-03]
 [1.84486156e+01 1.17398816e-03]
 [3.55909152e+01 5.73035553e-04]
 [2.63742577e+01 7.84469503e-04]
 [3.62324711e+01 5.65385773e-04]
 [3.10348490e+01 6.13323351e-04]
 [4.90192145e+00 4.54373731e-03]
 [4.03591639e+01 5.03712551e-04]
 [2.68400515e+01 6.74837591e-04]
 [9.75133652e+00 2.59397584e-03]
 [2.39284771e+01 8.35621306e-04]
 [4.60082757e+01 4.59586466e-04]
 [1.20695618e+01 1.96266757e-03]
 [2.51866928e+01 8.33207183e-04]
 [2.06586231e+01 1.06145457e-03]]
