[[0.62822678 4.53414591 9.09509548 1.55636897]
 [1.4989948  1.86709885 9.70171865 3.74195519]
 [1.36438273 0.93245491 8.65502654 2.30850721]
 [1.68005678 1.30700616 9.63388057 2.58191717]
 [0.68705545 2.16016436 7.48043347 2.09160731]
 [0.33604486 4.91576336 9.88320562 4.76830969]
 [0.68705545 2.11916338 7.52409913 2.08986264]
 [0.48826936 3.37524463 8.65190854 0.52291692]
 [0.61039887 4.59689332 9.93973894 2.78709517]
 [1.61148239 1.33497306 9.63388057 4.54152635]
 [0.82613284 5.27778446 9.4407429  0.95381673]
 [0.63664913 3.28228779 6.74545777 1.76369794]
 [2.13059795 0.6682965  8.86409107 3.54325389]
 [1.20988847 1.01415209 8.61359351 2.22652525]
 [0.64340386 4.58383984 9.09509548 1.55644744]
 [0.68705545 2.11916338 7.52359367 2.08986264]
 [0.98341555 1.55707717 8.72027136 2.30850721]
 [0.95359418 4.68210728 9.78444746 4.93909857]
 [0.65985491 2.19138109 7.91779925 2.07360203]
 [0.68705545 2.27357412 7.48043347 2.04099119]
 [1.19036453 1.94578677 8.74093523 1.8253767 ]
 [1.20988847 1.01415209 8.52443027 2.22652525]
 [1.79276754 1.68319601 9.63082483 4.68809113]
 [1.12268919 1.85406748 9.49778658 2.47344894]
 [0.33216377 4.41991527 9.83287967 0.53930204]
 [1.58909412 1.16899568 9.57702264 2.76863653]
 [1.78518674 0.86849247 9.68417717 2.05490474]
 [1.39614908 1.11266494 9.72417696 3.67663135]
 [1.68005678 1.32851542 9.43669962 2.58191717]
 [1.46023296 1.86709885 9.89887802 3.74195519]]
