[[1.13450384e+01 2.08308041e-03]
 [2.06668438e+01 9.48553647e-04]
 [1.34717582e+01 1.54186513e-03]
 [3.25873380e+00 1.29404717e-02]
 [1.49988427e+01 1.36387548e-03]
 [1.45265238e+01 1.44057451e-03]
 [1.59344928e+01 1.24920914e-03]
 [3.02343721e+00 1.29773073e-02]
 [2.63386736e+01 7.32674166e-04]
 [1.27309278e+01 1.75785901e-03]
 [7.49294280e+00 5.10109006e-03]
 [2.91303905e+01 5.71498361e-04]
 [3.31335429e+01 4.99284930e-04]
 [2.87613201e+00 1.31497090e-02]
 [1.71098475e+01 1.15736137e-03]
 [1.46345927e+01 1.42596356e-03]
 [2.04240678e+01 9.80663317e-04]
 [2.80017979e+00 1.42050947e-02]
 [7.26627248e+00 8.99946743e-03]
 [4.54404122e+01 4.56266540e-04]
 [4.73604440e+01 4.45427049e-04]
 [1.24181584e+01 1.87473437e-03]
 [1.84361988e+01 1.12335103e-03]
 [9.44500194e+00 2.25485741e-03]
 [8.59624244e+00 2.98921998e-03]
 [1.91052515e+01 1.00873075e-03]
 [3.32850834e+00 1.25479608e-02]
 [2.70505946e+01 6.60115592e-04]
 [4.13076973e+01 4.57599043e-04]
 [2.71333885e+01 6.45471643e-04]
 [2.67398417e+01 7.27843644e-04]
 [2.12878486e+01 8.64071134e-04]
 [3.53403747e+01 4.68891214e-04]
 [2.00146744e+01 9.89832985e-04]]
