[[1.52610864e-02 2.65060857e+04]
 [1.52817071e-02 2.64292835e+04]
 [1.46540495e-02 2.89857034e+04]
 [3.36287001e-02 1.19180975e+04]
 [7.09943800e-03 5.75281216e+04]
 [8.10417608e-03 5.13388426e+04]
 [2.36829750e-02 1.83530842e+04]
 [7.17323146e-03 5.73620287e+04]
 [1.01991899e-02 4.06758309e+04]
 [3.47788559e-02 1.18015638e+04]
 [8.61855711e-03 4.71170215e+04]
 [1.09143862e-02 3.80431655e+04]
 [2.67566967e-02 1.61798830e+04]
 [1.09972094e-02 3.80061086e+04]
 [3.82954051e-02 1.07013847e+04]
 [1.47473148e-02 2.84132135e+04]
 [2.72818732e-02 1.58252117e+04]
 [1.43311856e-02 2.96793725e+04]
 [3.26242703e-02 1.26431410e+04]
 [1.14226291e-02 3.59606423e+04]
 [3.46889675e-02 1.18623566e+04]
 [4.00412854e-02 1.03269279e+04]
 [8.56178607e-03 4.74634733e+04]
 [1.10144137e-02 3.76203859e+04]
 [1.16688461e-02 3.47598942e+04]
 [4.23866725e-02 9.60268135e+03]
 [7.83860951e-03 5.18081066e+04]
 [2.83390157e-02 1.46288998e+04]
 [2.86148202e-02 1.46025303e+04]
 [2.72527600e-02 1.58667353e+04]
 [1.47542435e-02 2.84057956e+04]
 [5.20151804e-02 8.56187551e+03]
 [2.91755891e-02 1.38578960e+04]
 [1.58897379e-02 2.63916136e+04]
 [7.94556637e-03 5.16378304e+04]
 [3.91745998e-02 1.04888738e+04]
 [4.06345315e-02 1.00390966e+04]
 [2.75415961e-02 1.55555868e+04]
 [1.16515675e-02 3.52361080e+04]
 [3.32160201e-02 1.26083419e+04]
 [8.99359980e-03 4.65312558e+04]
 [1.18556014e-02 3.45708023e+04]
 [7.47940703e-03 5.62945957e+04]
 [2.69162400e-02 1.59140859e+04]
 [4.12647068e-02 9.77652475e+03]
 [1.45643603e-02 2.90103679e+04]
 [1.39804999e-02 2.97829543e+04]
 [8.47742875e-03 4.79107072e+04]
 [1.49110752e-02 2.82444015e+04]
 [2.84336088e-02 1.46190112e+04]
 [8.02773025e-03 5.14368922e+04]
 [1.22423735e-02 3.41032325e+04]
 [2.01616539e-02 2.04347271e+04]
 [1.11977069e-02 3.73920845e+04]
 [2.94890078e-02 1.37561786e+04]
 [8.10356463e-03 5.13399329e+04]
 [1.98288203e-02 2.09075441e+04]
 [3.56582457e-02 1.12381177e+04]
 [5.04213244e-02 8.62962407e+03]
 [1.72842710e-02 2.33163416e+04]
 [1.42992091e-02 2.97670097e+04]
 [4.54255097e-02 8.87477866e+03]
 [1.87209860e-02 2.24355734e+04]
 [1.26093040e-02 3.34184916e+04]
 [1.90050179e-02 2.21150463e+04]
 [3.90093173e-02 1.05507931e+04]
 [1.92121576e-02 2.17880181e+04]
 [2.23460007e-02 1.84725810e+04]
 [4.10520018e-02 9.94215473e+03]
 [3.18889635e-02 1.30306316e+04]
 [3.05140708e-02 1.34879555e+04]
 [7.53254182e-03 5.51668449e+04]
 [1.62403995e-02 2.53460036e+04]
 [6.34168821e-03 6.89217472e+04]
 [4.52894330e-02 8.87949244e+03]
 [4.67036272e-02 8.71506175e+03]
 [2.46808895e-02 1.64309858e+04]
 [1.98539833e-02 2.07178755e+04]
 [5.26599972e-02 8.53823537e+03]
 [6.57432309e-03 6.14858387e+04]
 [1.42660822e-02 2.97802780e+04]
 [2.18327775e-02 1.87071228e+04]
 [6.47382626e-03 6.69035208e+04]
 [2.16273265e-02 1.97035532e+04]
 [2.45900936e-02 1.65103150e+04]
 [4.54797307e-02 8.85580226e+03]
 [1.37514648e-02 3.00284548e+04]
 [1.38438504e-02 2.98390488e+04]
 [1.04275422e-02 3.91519783e+04]
 [9.07155062e-03 4.48545220e+04]
 [7.08401817e-02 8.46600273e+03]
 [4.43277054e-02 9.04860568e+03]
 [5.19792992e-02 8.56307243e+03]
 [4.01684195e-02 1.02491245e+04]
 [9.62875930e-03 4.19935061e+04]
 [5.67292819e-03 7.12343054e+04]
 [2.87579932e-02 1.44984971e+04]
 [5.11533146e-03 9.52055294e+04]
 [4.54627617e-02 8.86105531e+03]
 [5.62979071e-02 8.49982972e+03]
 [2.41588531e-02 1.81681174e+04]
 [7.67695304e-03 5.29037973e+04]
 [5.40066031e-03 8.49936940e+04]
 [8.50582145e-03 4.78574659e+04]
 [6.94372631e-03 5.98798395e+04]
 [1.61834686e-02 2.63832410e+04]
 [3.84102978e-02 1.05786718e+04]
 [2.09524881e-02 1.97305938e+04]
 [8.29842886e-03 4.88619916e+04]
 [4.48516634e-02 9.00913215e+03]
 [8.65233789e-03 4.70536551e+04]
 [3.68298496e-02 1.08778078e+04]
 [7.14692819e-02 8.44492217e+03]
 [4.99746282e-02 8.66390153e+03]
 [3.39806854e-02 1.19017793e+04]
 [9.22822574e-03 4.35953906e+04]
 [9.69427635e-03 4.14984130e+04]
 [4.11802064e-02 9.80917750e+03]
 [1.32961380e-02 3.26924768e+04]
 [5.32702334e-02 8.53255413e+03]
 [2.77182913e-02 1.49464302e+04]
 [5.32449149e-03 9.23037619e+04]
 [2.40649388e-02 1.81836797e+04]
 [6.55324839e-03 6.36189285e+04]
 [5.36435852e-02 8.50757009e+03]
 [3.14926882e-02 1.33438577e+04]
 [6.31802103e-03 6.96703408e+04]
 [1.95121622e-02 2.15135546e+04]
 [3.82076557e-02 1.08019179e+04]
 [7.67706028e-03 5.22296167e+04]
 [1.14103367e-02 3.60067220e+04]
 [1.50439099e-02 2.69108901e+04]]
