[[3.42688908 0.68209348 2.51169672 0.47775647 4.93126845 1.81612851]
 [4.60433993 1.27821662 2.45229329 1.36884981 4.39001041 3.4147408 ]
 [0.4067748  1.75739067 3.3021446  2.86051572 4.91907893 0.70737134]
 [4.83688633 1.01351733 1.41183216 0.69376623 2.97964458 6.22024983]
 [4.83688633 1.01351733 4.84745616 0.56229633 2.97964458 6.17521562]
 [3.29311699 0.82488234 1.921652   0.76628394 4.03503261 3.30662447]
 [3.48196162 0.68209348 3.33149693 0.52492315 4.93126845 1.2560577 ]
 [1.01883476 1.2348631  2.10574561 0.29426087 1.55240273 2.02297085]
 [0.90409716 1.29090172 1.42105011 0.45606312 1.50572356 4.65513445]
 [3.35106698 2.54072434 2.70947871 1.36305213 1.22292099 1.58275569]
 [3.73017265 1.80033084 2.28727985 0.49390462 2.6345489  5.24731858]
 [4.83688633 1.01351733 3.01157135 0.69376623 3.21690001 6.08440782]]
