[[2.24328825e+01 1.08072894e-03]
 [2.68628846e+01 6.47480758e-04]
 [1.36724739e+01 1.73838579e-03]
 [1.29781699e+01 1.85052240e-03]
 [1.28593249e+01 1.86908999e-03]
 [1.91018557e+01 1.27862876e-03]
 [1.24129861e+01 2.24187582e-03]
 [2.16574639e+01 1.13022814e-03]
 [1.51830954e+01 1.63676477e-03]
 [9.58049712e+00 3.77910399e-03]
 [4.80957217e+00 6.48194950e-03]
 [6.25180972e+01 4.62268628e-04]
 [1.91361216e+01 1.16717321e-03]
 [1.30261192e+01 1.79973897e-03]
 [1.55109665e+01 1.45615253e-03]
 [2.30536561e+01 8.59793650e-04]
 [4.33439630e+00 7.49771000e-03]
 [6.80327444e+00 4.39390763e-03]
 [4.35783718e+01 4.75408138e-04]
 [3.30405104e+01 5.34716411e-04]
 [3.61469171e+01 5.29209909e-04]
 [1.12936345e+01 2.70070547e-03]
 [2.68297135e+01 6.47994811e-04]
 [1.42042152e+01 1.65504933e-03]
 [4.69727884e+00 6.48918545e-03]
 [1.01188624e+02 4.50986521e-04]
 [4.39378750e+01 4.71755819e-04]
 [3.82816653e+00 9.91964878e-03]]
