[[1.86260211e-03 3.45560727e-03 1.79353495e+00]
 [4.30247271e-03 9.73802078e-03 2.35560178e+00]
 [5.41559379e-03 9.74740371e-03 2.27320880e+00]
 [3.81016124e-03 7.49858311e-03 2.02228296e+00]
 [2.74119775e-03 5.60529991e-03 2.34345957e+00]
 [4.32981507e-03 9.09311989e-03 2.21095800e+00]
 [1.15103041e-03 2.27001165e-03 2.19196477e+00]
 [2.53888621e-03 5.91387182e-03 1.85759032e+00]
 [3.72748802e-03 7.10354578e-03 1.91128685e+00]
 [2.69654701e-03 5.90546522e-03 1.76106815e+00]
 [8.48018217e-04 2.02463036e-03 2.70847595e+00]
 [9.04097157e-04 1.28975984e-03 1.21052505e+00]
 [2.37214058e-03 5.39490891e-03 2.49856157e+00]
 [1.86155670e-03 4.71819063e-03 2.96364884e+00]
 [1.32906238e-03 2.83462432e-03 2.60128235e+00]
 [1.08067485e-03 1.91272052e-03 1.77409247e+00]
 [2.78504172e-03 6.14781891e-03 2.33033671e+00]
 [1.55528584e-03 3.17817550e-03 1.68796635e+00]
 [1.84748152e-03 4.30973654e-03 2.74649084e+00]
 [4.28335214e-03 9.35427012e-03 2.67768967e+00]
 [3.31014434e-03 6.59709804e-03 1.93308698e+00]
 [3.20354290e-03 5.51737971e-03 1.37643883e+00]
 [9.85390106e-04 1.35597047e-03 1.31872041e+00]
 [2.15209660e-03 3.71923011e-03 1.77971078e+00]
 [4.41843803e-03 8.64550653e-03 2.08696437e+00]
 [2.11771291e-03 5.28300693e-03 2.33713705e+00]
 [4.75723627e-03 9.23611865e-03 1.83336897e+00]
 [4.45487109e-03 9.96700671e-03 2.64536596e+00]
 [5.57136104e-04 9.91535214e-04 2.72618944e+00]
 [2.12546317e-03 3.99949605e-03 1.99527577e+00]
 [9.98426140e-04 1.57873936e-03 1.38964904e+00]
 [3.86572133e-03 6.97723974e-03 1.84847834e+00]
 [2.35566237e-03 4.13195920e-03 1.61598206e+00]
 [3.01007943e-03 6.12504840e-03 2.02712954e+00]
 [2.22168282e-03 5.29168180e-03 2.57300153e+00]
 [3.87049553e-03 8.09344126e-03 2.15192608e+00]
 [1.08067485e-03 1.91272052e-03 1.76142851e+00]
 [1.88018591e-03 3.23657696e-03 1.79365722e+00]
 [1.84748152e-03 4.21613468e-03 2.74649084e+00]
 [3.61077714e-04 9.37366761e-04 2.96792276e+00]
 [1.35562724e-03 2.64839845e-03 2.49323223e+00]
 [3.02629939e-03 6.05530833e-03 1.60067895e+00]
 [3.71249988e-03 8.07512272e-03 2.37516259e+00]
 [7.98005749e-04 2.03659166e-03 2.65082454e+00]
 [2.71934608e-03 5.96738597e-03 2.10658423e+00]
 [1.30738068e-03 2.52980113e-03 2.17866693e+00]
 [3.43851937e-03 5.59019064e-03 1.48304249e+00]
 [7.19742797e-04 1.88756369e-03 2.13620092e+00]
 [1.64585933e-03 2.52325745e-03 1.51723344e+00]
 [4.24941696e-03 9.09311989e-03 2.25488373e+00]
 [4.93963846e-04 1.12968653e-03 1.77228086e+00]
 [3.71654577e-03 8.36922920e-03 2.41349231e+00]
 [4.42754275e-03 9.45275589e-03 2.42981181e+00]
 [6.49941538e-04 1.94395021e-03 2.52736305e+00]
 [1.32906238e-03 2.83462432e-03 1.69825843e+00]
 [1.88975122e-03 3.65392421e-03 1.79403371e+00]
 [1.00387626e-03 1.95293680e-03 1.78294751e+00]
 [1.75886928e-03 4.20079399e-03 2.68011605e+00]
 [4.55410195e-03 8.24263861e-03 1.77196598e+00]
 [2.69654701e-03 5.90546522e-03 1.79586878e+00]
 [4.95497435e-03 8.68398333e-03 1.45430964e+00]
 [4.45487109e-03 9.90223030e-03 2.64536596e+00]
 [1.92566745e-03 4.04956904e-03 2.09428536e+00]
 [1.93996631e-03 3.31576457e-03 1.69174020e+00]
 [4.32981507e-03 9.08821617e-03 2.26368475e+00]
 [2.46199339e-03 4.12328153e-03 1.51442950e+00]
 [3.57833016e-03 7.11801832e-03 2.05442166e+00]
 [4.32183714e-03 9.42511143e-03 2.13268955e+00]
 [4.59281228e-03 9.46676679e-03 2.10686741e+00]
 [4.72055252e-03 8.67937280e-03 1.83336897e+00]
 [2.82478313e-03 5.89321175e-03 1.90899119e+00]
 [4.46712128e-03 9.98009969e-03 2.78313487e+00]
 [2.88755737e-03 6.58723980e-03 2.44813833e+00]
 [4.62084193e-03 7.90725943e-03 1.48070262e+00]
 [8.48018217e-04 2.02920738e-03 2.70847595e+00]
 [4.18496818e-03 8.23097127e-03 1.95487591e+00]
 [1.01581476e-03 2.25806922e-03 2.84451940e+00]
 [2.14983040e-03 4.29350711e-03 2.03712757e+00]
 [1.89809170e-03 4.69134440e-03 2.58063925e+00]
 [2.67183211e-03 6.05202776e-03 2.42955927e+00]
 [2.31462936e-03 3.96732437e-03 1.49622293e+00]
 [4.17710996e-03 8.41138367e-03 2.07681572e+00]
 [5.29945427e-04 1.47601636e-03 1.84804495e+00]
 [1.86260211e-03 3.51538706e-03 1.80923449e+00]
 [4.45487109e-03 9.97321098e-03 2.72755372e+00]]
