[[0.43379929 4.27441307 8.65190854 0.52291692]
 [1.68005678 1.30700616 9.63388057 2.58191717]
 [0.55867567 3.33434245 9.48881637 0.91937637]
 [1.67840347 2.38951652 9.56459388 2.87747423]
 [1.18582585 2.56987231 9.60000241 1.2892189 ]
 [1.04256965 1.81511829 9.40087105 1.9611576 ]
 [0.43379929 4.27441307 8.08004651 0.52291692]
 [1.16536769 2.56987231 9.59944932 1.2892189 ]
 [0.47762212 3.33434245 8.40249966 1.55472309]
 [0.55867567 3.33434245 9.26105887 0.91937637]
 [1.38775414 1.0569416  9.76195029 4.35649922]
 [0.43379929 4.14914708 8.52867644 0.52291692]
 [1.30562144 1.15518038 9.85851735 4.09180054]
 [1.36438273 0.93245491 8.00335907 2.30844811]
 [0.75256657 3.3705421  9.5225802  2.85139499]
 [1.59473452 0.9908856  9.02295352 2.76510197]
 [1.04256965 1.81511829 9.40087105 1.97588667]
 [3.30059209 0.23284127 9.82653337 4.89507592]
 [0.82111725 2.73911355 8.71489829 2.50596626]
 [0.62822678 4.39097022 9.09509548 1.55636897]]
