[[4.86621314e+00 6.48194950e-03]
 [3.18032647e+01 6.57607673e-04]
 [3.23474214e+01 6.42435431e-04]
 [8.42493582e+00 2.79476072e-03]
 [1.62072948e+01 1.34727829e-03]
 [1.26053579e+01 1.94096797e-03]
 [2.49856601e+01 8.35621306e-04]
 [1.05192484e+01 2.36960019e-03]
 [2.05235936e+01 1.11743859e-03]
 [2.91230719e+01 8.07504146e-04]
 [7.26432609e+01 4.66790677e-04]
 [1.78579152e+01 1.18565043e-03]
 [1.66872867e+01 1.30270332e-03]
 [4.30137252e+00 1.02624443e-02]
 [3.52928640e+01 5.02531603e-04]
 [1.17283018e+01 2.31770688e-03]
 [3.25025102e+01 6.01126849e-04]
 [2.23214723e+01 8.65864970e-04]
 [1.58645444e+01 1.45863962e-03]
 [1.31036488e+01 1.78188553e-03]
 [3.00201437e+01 7.74127993e-04]
 [8.60579292e+01 4.54206068e-04]]
