[[0.43379929 4.27441307 8.65190854 0.52291692]
 [1.02679196 8.45817405 9.82763891 4.57948067]
 [1.4989948  1.86709885 9.70171865 3.74195519]
 [0.90872519 7.19075923 9.70912511 4.65655809]
 [0.55867567 3.33434245 9.48881637 0.91937637]
 [1.04256965 1.81511829 9.40087105 1.9611576 ]
 [0.454131   4.41948928 9.29574171 1.40800301]
 [0.57152466 2.80940531 8.87781336 1.32397866]
 [0.28601646 7.90294615 7.13085972 0.5102795 ]
 [2.23285751 1.35280204 9.68883045 4.28124718]
 [0.53113514 2.27981547 9.83873827 2.7885751 ]
 [0.35336236 4.50733675 9.09509548 0.72583734]
 [1.50253572 1.86709885 9.92886356 3.70675771]
 [1.07771872 5.85545338 9.73242051 4.25329041]
 [4.91990936 5.51545285 9.9554634  4.94076985]
 [0.30083303 5.37017835 7.89922128 0.3247324 ]
 [0.64791147 2.99043883 8.89852971 2.01286414]
 [1.52433924 1.38202841 9.37709581 3.99974643]
 [0.35987631 4.94909288 9.86820638 2.16394437]
 [1.03138632 2.44856867 9.70811234 1.28783302]
 [0.57607749 3.33434245 9.5446587  0.59656632]
 [1.40780274 0.81059026 9.83715801 3.0111932 ]
 [1.54360817 1.29390991 9.37709581 4.04857475]
 [0.89963439 4.90484079 9.93051544 1.70528635]
 [1.4989948  1.86709885 9.76189664 3.41045358]
 [1.33201758 1.3503299  9.99499428 2.70445757]
 [1.79436513 4.80728029 9.92108219 4.81587025]
 [0.90742898 7.19075923 9.64046506 4.37752681]]
