[[2.33132463e+01 7.07587516e-04]
 [1.31499434e+01 1.40617163e-03]
 [8.41590571e+00 2.27550743e-03]
 [2.16700190e+01 7.64459363e-04]
 [3.13579526e+01 5.23275906e-04]
 [8.49175365e+00 2.27272803e-03]
 [2.16618434e+01 7.64513929e-04]
 [7.09751639e+00 2.73316974e-03]
 [2.45877874e+01 6.74410994e-04]
 [8.66957419e+00 2.11522155e-03]
 [1.33893671e+01 1.32949202e-03]
 [2.36700661e+01 7.06171074e-04]
 [1.07602004e+01 1.77289966e-03]
 [3.13249789e+01 5.55738195e-04]
 [4.01782218e+00 1.35772348e-02]
 [3.60277111e+01 4.68144118e-04]
 [3.09797428e+01 5.62572867e-04]
 [8.56160288e+00 2.19346472e-03]
 [4.79257720e+00 4.07983059e-03]
 [7.83173928e+00 2.36831766e-03]
 [4.66812200e+00 7.19393575e-03]
 [7.37465325e+00 2.51461285e-03]
 [1.33814697e+01 1.32952661e-03]
 [2.99400740e+01 5.82710495e-04]
 [2.48893757e+01 6.65806860e-04]
 [3.04638089e+01 5.72225092e-04]
 [1.36603060e+01 1.29036571e-03]
 [7.07595691e+00 2.76396466e-03]
 [1.84020257e+01 9.67828397e-04]
 [1.11776934e+01 1.59993506e-03]
 [5.87567671e+00 3.29353920e-03]
 [3.60384468e+01 4.54087632e-04]
 [2.31135804e+01 7.16194356e-04]
 [6.56917480e+00 2.92922393e-03]
 [6.80128757e+00 2.77599784e-03]
 [3.32247331e+01 5.04037326e-04]
 [8.49962985e+00 2.23782780e-03]
 [9.86072657e+00 1.91267064e-03]
 [2.36607592e+01 7.07353852e-04]
 [3.93522780e+01 4.39226437e-04]
 [3.61809231e+01 4.48997941e-04]
 [7.64883770e+00 2.45226383e-03]
 [2.06132977e+01 8.69498578e-04]
 [7.30285981e+00 2.68138818e-03]
 [2.27195564e+01 7.26478350e-04]
 [1.49637462e+01 1.19745869e-03]
 [3.31059901e+01 5.09751697e-04]
 [1.17816489e+01 1.47602333e-03]
 [4.85867613e+00 4.05816592e-03]
 [9.71874297e+00 1.91816152e-03]
 [9.49994874e+00 1.96530261e-03]
 [3.84768890e+01 4.45516590e-04]
 [8.11791648e+00 2.30448975e-03]
 [2.73507277e+01 5.99704013e-04]
 [3.52558555e+01 4.87528121e-04]
 [1.77769294e+01 1.01686349e-03]
 [2.98531495e+01 5.95789556e-04]
 [1.94296276e+01 9.13611085e-04]
 [7.32294038e+00 2.64199751e-03]
 [2.66290821e+01 6.20085487e-04]
 [1.31723892e+01 1.39862127e-03]
 [9.69049880e+00 1.95921353e-03]
 [3.52642833e+01 4.86132511e-04]
 [1.46433725e+01 1.20775207e-03]
 [2.45334103e+01 6.75389496e-04]
 [1.91216938e+01 9.40282389e-04]
 [3.29135538e+01 5.10083461e-04]
 [1.91352892e+01 9.20216705e-04]
 [6.19732268e+00 3.03411831e-03]
 [1.55770197e+01 1.11900373e-03]
 [2.03496354e+01 8.90473712e-04]
 [1.52721195e+01 1.16871634e-03]
 [9.23154328e+00 1.97389362e-03]
 [3.33950115e+01 4.90114417e-04]
 [6.60310566e+00 2.92833524e-03]
 [3.86375645e+01 4.43933714e-04]
 [4.23252150e+01 4.39190322e-04]
 [1.68275922e+01 1.10502722e-03]
 [2.86132088e+01 5.98948337e-04]
 [4.21935231e+01 4.39204132e-04]
 [4.53390276e+00 7.34649760e-03]
 [6.06341134e+00 3.25037712e-03]
 [6.72623427e+00 2.90491184e-03]
 [1.50951574e+01 1.17788673e-03]
 [3.55070408e+01 4.84012665e-04]
 [8.28193532e+00 2.27630550e-03]
 [1.51144915e+01 1.17390652e-03]
 [2.08524832e+01 7.99892111e-04]]
