[[1.86260211e-03 3.45560727e-03 1.79353495e+00]
 [4.30247271e-03 9.73802078e-03 2.35560178e+00]
 [1.98569888e-03 4.26701009e-03 1.68669248e+00]
 [5.41559379e-03 9.74740371e-03 2.27320880e+00]
 [3.66543097e-03 8.62346253e-03 2.38535544e+00]
 [3.81016124e-03 7.49858311e-03 2.02228296e+00]
 [4.44117107e-03 8.28135361e-03 1.85269631e+00]
 [4.32981507e-03 9.09311989e-03 2.21095800e+00]
 [1.15103041e-03 2.27001165e-03 2.19196477e+00]
 [3.72748802e-03 7.10354578e-03 1.91128685e+00]
 [4.79737567e-03 9.46676679e-03 2.10686741e+00]
 [8.48018217e-04 2.02463036e-03 2.70847595e+00]
 [9.04097157e-04 1.28975984e-03 1.21052505e+00]
 [4.93963846e-04 1.50455028e-03 1.79070095e+00]
 [2.37214058e-03 5.39490891e-03 2.49856157e+00]
 [1.93864860e-03 4.95112363e-03 2.27024992e+00]
 [1.08067485e-03 1.91272052e-03 1.77409247e+00]
 [2.78504172e-03 6.14781891e-03 2.33033671e+00]
 [1.84748152e-03 4.30973654e-03 2.74649084e+00]
 [3.31014434e-03 6.59709804e-03 1.93308698e+00]
 [9.85390106e-04 1.35597047e-03 1.31872041e+00]
 [2.15209660e-03 3.71923011e-03 1.77971078e+00]
 [4.41843803e-03 8.64550653e-03 2.08696437e+00]
 [4.75723627e-03 9.23611865e-03 1.83336897e+00]
 [4.45487109e-03 9.96700671e-03 2.64536596e+00]
 [5.57136104e-04 9.91535214e-04 2.72618944e+00]
 [2.12546317e-03 3.99949605e-03 1.99527577e+00]
 [1.79359544e-03 2.94838769e-03 1.77397960e+00]
 [9.24309269e-04 1.23495016e-03 1.55287280e+00]
 [4.90434789e-04 1.45146864e-03 1.95005910e+00]
 [5.19015984e-03 9.71560263e-03 2.20956061e+00]
 [3.26789217e-03 6.75696703e-03 2.18180120e+00]
 [1.84748152e-03 4.53229538e-03 2.78001753e+00]
 [4.05861720e-03 7.71718482e-03 2.08717447e+00]
 [2.61148567e-03 5.36453954e-03 2.32134723e+00]
 [3.34428201e-03 5.52087710e-03 1.63264771e+00]
 [4.27355832e-03 8.47306514e-03 1.85269631e+00]
 [5.27605134e-03 8.76692107e-03 1.60479617e+00]
 [8.75204792e-04 1.54079827e-03 1.83373309e+00]
 [2.49686126e-03 5.27160210e-03 1.63485533e+00]
 [6.65364814e-04 1.43391849e-03 2.33505314e+00]
 [2.31895300e-03 4.08181403e-03 1.54868135e+00]
 [5.17400671e-03 9.36925266e-03 1.59329663e+00]
 [1.19683277e-03 2.51059372e-03 2.29830674e+00]
 [4.53629206e-03 9.46676679e-03 2.10686741e+00]
 [2.99944097e-03 5.74035769e-03 1.60565704e+00]
 [5.11726808e-03 9.49931213e-03 1.76570392e+00]
 [1.79163533e-03 4.47212219e-03 2.41612406e+00]
 [1.16802515e-03 2.62173084e-03 2.48962441e+00]
 [4.96979910e-03 9.58802516e-03 1.78564589e+00]
 [4.17199584e-03 7.94012630e-03 1.79598128e+00]
 [3.85153438e-03 7.63070592e-03 2.07201699e+00]
 [4.33395196e-03 7.88429914e-03 1.85959974e+00]
 [2.74119775e-03 5.60529991e-03 2.50870644e+00]
 [1.31826504e-03 2.83462432e-03 2.60128235e+00]
 [5.62722029e-03 8.98136417e-03 1.40103261e+00]
 [3.03765760e-03 5.40168822e-03 1.54969336e+00]
 [1.15103041e-03 2.27001165e-03 2.19244734e+00]
 [9.04097157e-04 1.28975984e-03 1.24702426e+00]
 [1.89452230e-03 4.28800693e-03 2.69874220e+00]
 [1.93864860e-03 4.95112363e-03 2.19580523e+00]
 [8.48018217e-04 2.19042137e-03 2.70847595e+00]
 [4.27737329e-03 7.86451799e-03 1.82893940e+00]
 [3.17798707e-03 5.22174321e-03 1.37643883e+00]
 [4.62839119e-03 8.48280550e-03 1.99457837e+00]
 [9.04097157e-04 1.28975984e-03 1.25989163e+00]
 [3.42327191e-03 7.17888820e-03 1.94467281e+00]
 [2.76486361e-03 5.87501614e-03 2.13146429e+00]
 [1.94033755e-03 3.14741028e-03 1.66443997e+00]
 [3.46873333e-03 6.59709804e-03 1.93308698e+00]
 [3.20206654e-03 6.54008159e-03 2.21496016e+00]
 [3.81016124e-03 7.34886278e-03 2.02228296e+00]
 [4.06168927e-03 9.94144763e-03 2.95956313e+00]
 [8.96306989e-04 2.43967848e-03 2.14358711e+00]
 [1.70400303e-03 2.94838769e-03 2.28560554e+00]
 [3.12501378e-03 6.89193923e-03 2.38380159e+00]
 [1.13944050e-03 2.27001165e-03 2.18521798e+00]
 [4.14219928e-03 9.23100683e-03 2.49232028e+00]]
