[[1.45988514e+01 1.87473437e-03]
 [4.86621314e+00 6.48194950e-03]
 [5.84779630e+01 5.05021991e-04]
 [8.42493582e+00 2.79476072e-03]
 [1.38583616e+01 1.92456864e-03]
 [1.26053579e+01 1.94096797e-03]
 [2.49856601e+01 8.35621306e-04]
 [1.05192484e+01 2.36960019e-03]
 [2.05235936e+01 1.11743859e-03]
 [4.45167597e+01 5.07755876e-04]
 [1.24517759e+01 2.02215271e-03]
 [3.15477829e+01 5.83276246e-04]
 [5.34619834e+00 4.73749322e-03]
 [6.01475787e+01 4.71820204e-04]
 [1.21123009e+01 2.10740844e-03]
 [2.13715392e+01 8.53359025e-04]
 [3.89692060e+00 6.96384872e-03]
 [4.09260876e+01 5.41999336e-04]
 [2.05446556e+01 1.11048098e-03]
 [3.29889294e+01 5.82834013e-04]
 [1.58418668e+01 1.34727829e-03]
 [2.79057964e+01 7.30986653e-04]
 [1.92165873e+01 1.24997564e-03]]
