[[1.35925583e+02 4.00000804e+00]
 [4.46060946e-04 4.98927010e+01]
 [6.65822555e+01 8.95076828e+00]
 [5.97586449e+01 1.05456196e+01]
 [2.43680163e+01 2.12472755e+01]
 [1.20906900e+02 4.16093831e+00]
 [1.14671583e+02 4.45241927e+00]
 [5.76571707e+00 3.45201091e+01]
 [2.93624133e+00 3.87116380e+01]
 [2.85997384e+00 4.12343022e+01]
 [8.93496699e+01 5.84302248e+00]
 [1.97157227e+01 2.37277065e+01]
 [2.66148069e+01 2.02212635e+01]
 [7.71536073e+01 7.39137845e+00]
 [5.65189273e+01 1.09867182e+01]
 [7.06730862e+01 8.22999704e+00]
 [5.25600492e+01 1.21136859e+01]
 [6.88648033e+00 3.32102852e+01]
 [8.57573270e+01 6.18205161e+00]
 [1.36241594e+01 2.75806235e+01]
 [5.40019739e+01 1.16989495e+01]
 [9.25794698e+01 5.53730416e+00]
 [2.16908460e+01 2.25283965e+01]
 [4.65151599e+01 1.34048372e+01]
 [3.55899551e+01 1.67179406e+01]
 [1.00569427e+02 4.96480634e+00]
 [1.19696472e+01 2.92802225e+01]
 [9.61543551e-01 4.33099378e+01]
 [3.34417715e+01 1.74748295e+01]
 [1.06367265e+02 4.67031346e+00]
 [1.22227805e+01 2.84483165e+01]
 [1.72223288e+01 2.50724402e+01]
 [9.74237537e+01 5.18579238e+00]
 [3.07839054e+01 1.84634167e+01]
 [4.94069482e+01 1.27067591e+01]
 [3.69148142e+01 1.62808945e+01]
 [1.31364460e+02 4.01375516e+00]
 [6.86090380e+01 8.66373610e+00]
 [1.32784391e+00 4.22362606e+01]
 [7.36836661e+01 7.75048672e+00]
 [4.56162867e+00 3.60986916e+01]
 [8.05322865e+01 6.85222086e+00]
 [1.57602596e+01 2.59126408e+01]
 [9.50209856e+01 5.34278122e+00]
 [3.22895969e+01 1.78992098e+01]
 [2.14278170e+01 2.26544315e+01]
 [1.28598044e+02 4.03590280e+00]
 [8.30848928e+00 3.17112362e+01]
 [1.25048443e+02 4.08605439e+00]
 [6.98546477e-01 4.43291360e+01]
 [1.34408097e-01 4.74496535e+01]
 [3.78265206e+00 3.74256176e+01]
 [1.46011726e+01 2.67678139e+01]
 [4.84542808e+01 1.29133538e+01]
 [1.02060842e+01 3.00918506e+01]
 [1.10578082e+02 4.47540422e+00]
 [2.80892368e+01 1.96500489e+01]
 [1.03650074e+02 4.92431689e+00]
 [3.28958727e+00 3.81625412e+01]
 [1.34761404e+02 4.00096925e+00]
 [4.44299183e+00 3.68109874e+01]
 [7.47283859e+01 7.56669120e+00]
 [5.21542735e-02 4.88635167e+01]
 [1.61544279e+00 4.14735830e+01]
 [2.94304469e+01 1.91640970e+01]
 [4.22384976e+01 1.46249138e+01]
 [4.45029534e+01 1.39567693e+01]
 [9.67137456e+00 3.11824969e+01]
 [4.42108667e+01 1.40785727e+01]
 [1.10657958e+02 4.46207292e+00]]
