[[3.60699608e+01 1.65566552e+01]
 [7.76812641e+00 3.22621992e+01]
 [2.61940879e+01 2.05456462e+01]
 [3.44753316e+01 1.71025222e+01]
 [2.86511655e+01 1.95368564e+01]
 [3.38364045e+00 3.78835185e+01]
 [7.01718697e+00 3.32064912e+01]
 [2.06701379e+01 2.30235463e+01]
 [8.35413583e+01 6.42080819e+00]
 [6.42545421e-02 4.82357273e+01]
 [5.60857909e+01 1.11194220e+01]
 [6.81555654e+01 8.66305532e+00]
 [8.89085385e-01 4.35860832e+01]
 [6.14466549e-01 4.47011988e+01]
 [1.45298019e+01 2.68269711e+01]
 [5.83176055e+01 1.06016468e+01]
 [7.04643053e+01 8.30666886e+00]
 [7.07409588e+00 3.29968040e+01]
 [6.16784942e+01 9.95395502e+00]
 [7.64913006e+01 7.61132999e+00]
 [1.04976551e+01 2.98948891e+01]
 [5.10129214e+01 1.23026655e+01]
 [4.83307391e+01 1.30055861e+01]
 [3.09838326e+01 1.84529702e+01]
 [9.65869014e+01 5.29510110e+00]
 [7.47103428e+00 3.27839613e+01]
 [1.93888691e-01 4.71300901e+01]
 [3.56757064e+01 1.67682477e+01]
 [1.17329489e+02 4.34324222e+00]
 [4.66951383e+00 3.58988353e+01]
 [5.69893656e+01 1.08917859e+01]
 [2.62542348e+00 3.94629533e+01]
 [6.83382844e+01 8.64617576e+00]
 [2.13531304e+01 2.26859973e+01]
 [5.00504672e+01 1.25116603e+01]
 [1.88251444e+01 2.41843976e+01]
 [5.13824242e-01 4.54694508e+01]
 [4.03239394e+00 3.69383522e+01]
 [4.75859928e+01 1.32989730e+01]
 [3.69837635e+01 1.63225093e+01]
 [8.64919865e+01 6.15676129e+00]
 [3.36542071e+01 1.74010150e+01]
 [3.20537255e+00 3.81544643e+01]
 [4.94481916e+00 3.56141364e+01]
 [2.83518875e+01 1.95538827e+01]
 [1.27649019e+01 2.80997480e+01]
 [6.48609556e+01 9.26874806e+00]
 [5.05834735e+01 1.23675360e+01]
 [3.43372301e+01 1.71514592e+01]
 [1.93779981e+01 2.37564183e+01]
 [5.01455835e+01 1.24796289e+01]
 [6.33070848e+01 9.61319687e+00]
 [5.40210633e+01 1.15365319e+01]
 [6.83013424e+00 3.33587758e+01]
 [6.43486652e+01 9.37801384e+00]
 [1.20306667e+01 2.85309140e+01]
 [2.25733983e+01 2.24263055e+01]
 [7.44505565e+01 7.63696884e+00]
 [4.67329773e+01 1.33736789e+01]
 [3.01727971e+01 1.87087766e+01]
 [1.34130912e+00 4.22112876e+01]
 [2.15113580e+01 2.25891640e+01]
 [3.35921562e-01 4.59875418e+01]
 [5.79757966e+01 1.06536827e+01]
 [2.15758789e+01 2.25489721e+01]
 [7.79711709e+00 3.22085453e+01]
 [4.45625951e+01 1.40918550e+01]
 [6.96871304e+01 8.40558730e+00]
 [2.47211051e+01 2.10275627e+01]
 [3.79945778e+01 1.59323796e+01]
 [1.31969028e+01 2.76972815e+01]
 [2.77386830e+00 3.89277638e+01]
 [4.67663491e+01 1.33526234e+01]
 [4.21620745e+01 1.46265005e+01]
 [3.75361146e+00 3.72747338e+01]
 [5.38580768e+01 1.16485177e+01]
 [6.96135576e+01 8.42397176e+00]
 [3.26021873e+01 1.77876950e+01]
 [3.27101692e+01 1.77589149e+01]
 [6.91123586e+01 8.55038487e+00]
 [7.01730799e+01 8.31113849e+00]
 [3.91416147e+01 1.55467138e+01]
 [1.79816284e+01 2.45904349e+01]
 [5.32432904e+01 1.18283137e+01]
 [1.14352050e+02 4.60422727e+00]
 [7.19408245e+01 8.01237546e+00]
 [2.02291111e+00 4.05086490e+01]
 [2.62728519e-01 4.64450476e+01]
 [4.13293070e+00 3.68514178e+01]
 [5.34718436e+01 1.16612434e+01]
 [4.50652135e+01 1.38072019e+01]
 [1.21033246e+01 2.84498708e+01]
 [1.02984042e+00 4.31941739e+01]
 [4.28413418e+00 3.64353428e+01]
 [6.06772742e+01 1.00926354e+01]
 [5.17815690e+01 1.20756660e+01]
 [5.00753781e+01 1.24841183e+01]
 [3.64208919e+01 1.64783257e+01]
 [2.05031630e+01 2.31204647e+01]
 [2.08699861e+01 2.29201545e+01]
 [1.19158618e+01 2.86011782e+01]
 [1.41624463e+00 4.19642958e+01]
 [2.18207191e+00 4.01005677e+01]
 [1.11394377e+02 4.68970831e+00]
 [7.09630621e+01 8.18251721e+00]
 [7.32905725e+01 7.80331402e+00]
 [6.39186693e+01 9.46243930e+00]
 [2.99171409e+01 1.88154538e+01]
 [5.79406439e+01 1.06615388e+01]
 [8.69985118e+00 3.15208134e+01]
 [6.17388396e+01 9.88386160e+00]
 [2.76710956e+01 1.97216465e+01]
 [3.39703682e+01 1.72797952e+01]
 [1.14221603e+01 2.90338290e+01]
 [7.29884071e+01 7.85652240e+00]
 [6.65957702e+00 3.35761655e+01]
 [6.60622646e+01 9.04404406e+00]
 [7.26387335e+00 3.28149341e+01]
 [1.89935255e+01 2.39542084e+01]
 [2.03279564e+01 2.34982790e+01]
 [8.98290597e+01 5.87262957e+00]
 [1.59957415e+00 4.15930845e+01]
 [4.90219390e+01 1.27469474e+01]
 [2.93961870e+01 1.92370874e+01]
 [4.65904102e+00 3.60155754e+01]
 [3.07163213e+01 1.85980647e+01]
 [4.64265309e+01 1.34264990e+01]
 [1.51849824e+01 2.62457580e+01]
 [1.42757879e+01 2.68825864e+01]
 [3.72009529e+01 1.61897965e+01]
 [2.43779936e+00 3.95935045e+01]
 [9.15401703e+00 3.10240831e+01]
 [1.75210694e+01 2.48550859e+01]
 [4.90329696e+01 1.27447142e+01]
 [3.98748676e+01 1.53214381e+01]
 [5.05675235e+00 3.54073223e+01]
 [7.92591256e+00 3.20759247e+01]
 [4.14497823e+01 1.48385144e+01]
 [1.69298285e+01 2.51770984e+01]
 [2.79712804e+01 1.96417636e+01]
 [5.75792510e+01 1.07423058e+01]
 [9.05147208e+00 3.10878785e+01]
 [7.81015401e+01 7.50721621e+00]
 [6.86842505e+00 3.32339969e+01]
 [1.63030094e+01 2.55336468e+01]
 [1.28464337e+01 2.78687432e+01]
 [3.97672525e+00 3.70862842e+01]
 [4.78486607e+01 1.30789748e+01]
 [2.37184900e+01 2.15006854e+01]
 [3.99554597e+00 3.70488245e+01]
 [6.00819875e-02 4.82947230e+01]
 [2.88822055e+00 3.87144616e+01]
 [5.37710108e-01 4.50197357e+01]
 [1.05546994e+01 2.96721623e+01]
 [3.04608941e+01 1.86549541e+01]
 [4.12578997e+01 1.50188493e+01]
 [2.48211394e+01 2.09974032e+01]
 [1.03094148e+01 3.00018891e+01]
 [6.13992663e+00 3.42359010e+01]
 [1.11413737e+01 2.92004353e+01]
 [4.41139604e+00 3.62529467e+01]
 [5.74711369e+01 1.07661874e+01]
 [2.88585406e+01 1.94869517e+01]
 [4.19220930e+01 1.46992807e+01]
 [4.68152236e+01 1.33246294e+01]
 [4.96067394e+01 1.26582504e+01]
 [9.37380160e+00 3.09691382e+01]
 [2.18915653e+01 2.24621758e+01]
 [3.15088335e+01 1.81856401e+01]
 [1.23065755e+02 4.33604217e+00]
 [1.04989802e+01 2.98406001e+01]
 [3.25575891e+01 1.81045232e+01]
 [2.09228537e+00 4.03991319e+01]
 [1.01886215e+01 3.01121802e+01]
 [1.76404694e+00 4.12952197e+01]
 [1.36102434e+00 4.21905707e+01]
 [2.86408946e+01 1.95404427e+01]
 [3.77092330e+01 1.60428206e+01]
 [2.40952650e+01 2.14238719e+01]
 [3.15028066e+01 1.81932203e+01]
 [3.69837612e+00 3.73329867e+01]
 [4.21739197e+01 1.46230245e+01]
 [4.61723057e+01 1.34976987e+01]
 [3.51092315e+00 3.77044407e+01]
 [5.56896461e+00 3.48648716e+01]
 [7.52436640e-01 4.41270870e+01]
 [3.18393554e+00 3.85666738e+01]
 [2.78327071e+01 1.97143043e+01]
 [5.55368604e+01 1.12324534e+01]
 [3.52525486e+01 1.68394548e+01]
 [2.54913133e+01 2.06790963e+01]
 [3.50454890e+01 1.69565078e+01]
 [2.99272305e+01 1.87993519e+01]
 [4.05767810e+01 1.51024710e+01]
 [3.41628782e+01 1.72275348e+01]
 [4.84242289e+00 3.56544968e+01]
 [3.76573812e+01 1.60647408e+01]
 [7.25415274e+01 7.91542327e+00]
 [6.35738587e+01 9.51534479e+00]
 [1.01141059e+02 4.93484350e+00]
 [6.42746359e+01 9.37937240e+00]
 [2.67883916e+01 2.01090202e+01]
 [7.01404560e+01 8.31610855e+00]
 [6.50389926e+01 9.23831354e+00]
 [3.37191451e+01 1.73718866e+01]
 [8.37081087e+01 6.39291087e+00]
 [9.89330525e+00 3.02434286e+01]
 [9.80794472e+00 3.03490703e+01]
 [2.96409026e+01 1.91314965e+01]
 [2.56323413e+01 2.06199982e+01]
 [8.59258121e+00 3.15641993e+01]
 [2.38283675e+01 2.14536693e+01]
 [4.33325329e+01 1.43247443e+01]
 [7.41220244e+01 7.67723858e+00]
 [3.24167067e-02 4.89216442e+01]
 [7.28293682e+01 7.88102086e+00]
 [3.59593572e+01 1.66603761e+01]
 [6.47092205e+01 9.31127239e+00]
 [6.73125926e+01 8.84838877e+00]
 [5.15944903e+01 1.21325091e+01]
 [4.84085820e+01 1.29171603e+01]
 [5.14752033e+01 1.21372310e+01]
 [3.72574438e+01 1.61750753e+01]
 [2.74199040e+01 1.99251860e+01]
 [5.52111926e+01 1.12618327e+01]
 [7.10124873e+01 8.16864240e+00]
 [6.25678133e+01 9.74337036e+00]
 [1.78918187e+00 4.10575424e+01]
 [6.15654639e+00 3.39945698e+01]
 [5.50636117e+01 1.13048270e+01]
 [1.25851198e+01 2.82596273e+01]
 [1.73629843e+01 2.50544330e+01]
 [1.53748345e+01 2.61508828e+01]
 [2.65512903e+01 2.02110764e+01]
 [9.46144302e+00 3.08725337e+01]
 [1.37051649e+01 2.73174750e+01]
 [6.78209119e-01 4.43463705e+01]
 [6.10855511e-01 4.49972121e+01]
 [2.27055789e+00 3.99156225e+01]
 [6.71653679e+01 8.86850885e+00]
 [1.52237241e+01 2.62209189e+01]
 [4.23512735e+01 1.45768404e+01]
 [9.97590554e+01 5.08432491e+00]
 [6.34820874e+01 9.54015129e+00]
 [1.16156943e+02 4.46982241e+00]
 [3.29463502e+01 1.76541327e+01]
 [2.98806243e+01 1.88266175e+01]
 [2.51821145e+01 2.08971155e+01]
 [7.22893622e+01 7.95338368e+00]
 [5.10363886e+01 1.22601533e+01]
 [7.58627417e+00 3.24662073e+01]
 [3.36802299e+01 1.73833816e+01]
 [1.04893097e+02 4.83277442e+00]
 [5.60774843e+01 1.12023951e+01]
 [1.83709540e+01 2.43546477e+01]
 [1.77399360e+00 4.11776100e+01]
 [2.29782030e+01 2.19918831e+01]
 [1.04340090e+01 2.99938470e+01]
 [1.30121867e+02 4.04983835e+00]
 [1.40986307e+01 2.71511394e+01]
 [2.34218043e+01 2.16473236e+01]
 [8.26359396e+01 6.55265075e+00]
 [5.75650320e+00 3.46088938e+01]
 [4.61104070e+01 1.35168397e+01]
 [5.95146909e+01 1.03355685e+01]
 [6.97951141e+01 8.38563043e+00]
 [8.24420071e+00 3.17936183e+01]
 [2.73555450e+00 3.91745182e+01]
 [2.62041789e+00 3.95817355e+01]
 [4.91891943e+01 1.27315856e+01]
 [8.76808653e+01 6.04877146e+00]
 [7.81592498e+00 3.22003271e+01]
 [2.34522625e+01 2.16285213e+01]
 [5.00307928e+01 1.25375595e+01]
 [9.29161798e+01 5.56802802e+00]
 [5.90248801e+00 3.44396142e+01]
 [9.64430035e-03 4.93874683e+01]
 [4.76338336e+01 1.32245230e+01]
 [5.62959047e+01 1.10226514e+01]
 [7.86483379e+01 7.02497730e+00]
 [9.60110630e+01 5.47430319e+00]
 [6.67678372e+01 8.91592582e+00]
 [1.16655332e+01 2.87658760e+01]
 [5.87977956e+01 1.05216787e+01]
 [5.22720291e+00 3.51515009e+01]
 [3.84491386e+01 1.57750351e+01]
 [4.37550924e+01 1.42042638e+01]
 [1.48633078e+01 2.64625063e+01]
 [1.02611616e+01 3.00398887e+01]
 [2.13769624e+00 4.03866167e+01]
 [3.81455820e+00 3.72071604e+01]
 [1.17337623e+02 4.34185245e+00]
 [3.56957154e-02 4.86859738e+01]
 [5.97671546e+01 1.02840342e+01]
 [3.16245905e+01 1.81415678e+01]
 [3.65642367e-01 4.58261407e+01]
 [5.28694974e+01 1.19037645e+01]
 [2.52188321e+01 2.08612020e+01]
 [4.25305030e+00 3.66402751e+01]
 [3.01003431e+00 3.86614021e+01]
 [6.81143732e+01 8.68332654e+00]
 [3.48495736e+01 1.70911407e+01]
 [9.06198152e+01 5.82973824e+00]
 [1.30326648e+01 2.77361736e+01]
 [3.09990327e+01 1.83804014e+01]
 [8.09222045e+01 6.76320196e+00]]
