[[2.28501682e+01 1.08072894e-03]
 [4.86621314e+00 6.48194950e-03]
 [3.79448060e+01 5.12973662e-04]
 [1.53953202e+02 4.52613970e-04]
 [4.66326001e+01 5.07081352e-04]
 [2.59653880e+01 8.27691286e-04]
 [3.21182701e+01 5.99704613e-04]
 [2.87779331e+01 6.14434540e-04]
 [9.20108256e+00 3.05872550e-03]
 [1.55559074e+01 1.39688163e-03]
 [1.89239625e+01 1.26665826e-03]
 [1.45974217e+01 1.54690947e-03]
 [2.49197551e+01 9.04235142e-04]
 [2.07520231e+01 1.09139110e-03]
 [2.30850364e+01 1.01939336e-03]
 [5.39681472e+00 6.38247600e-03]
 [2.75610052e+01 6.30936003e-04]
 [3.22839438e+01 5.90052919e-04]
 [1.72340716e+01 1.30824262e-03]
 [2.64747758e+01 7.98555369e-04]
 [1.22554190e+01 2.30813002e-03]
 [4.89608726e+01 5.05021991e-04]
 [5.19837069e+01 4.56194507e-04]]
