[[0.78492906 0.54484695]
 [0.80497371 0.51592813]
 [1.06794923 0.08236806]
 [0.14343474 1.01894971]
 [0.04383016 1.04021613]
 [0.59517203 0.78324021]
 [0.67687089 0.7736844 ]
 [0.95755354 0.28822515]
 [0.75870824 0.74445929]
 [0.77945747 0.60240201]
 [0.75067974 0.75185954]
 [1.06569476 0.08432741]
 [0.81369123 0.51515007]
 [0.9716303  0.16073716]
 [0.20839703 0.96991751]
 [0.498493   0.8875364 ]
 [0.9390148  0.44653281]
 [0.54378222 0.79386038]
 [0.87759677 0.48145381]
 [0.14803192 0.99235463]
 [0.24539569 0.96814406]
 [0.84031163 0.49916735]
 [0.78037207 0.57825272]
 [0.73682307 0.76464053]
 [0.98621512 0.11299027]
 [0.9745402  0.13324824]
 [0.88930873 0.47871322]
 [0.47909806 0.95215422]]
