[[1.58871066 1.5157577  9.02295352 2.76510197]
 [0.79947911 2.97243018 6.17732379 1.70517533]
 [1.36438273 0.93245491 8.65502654 2.30850721]
 [0.43597292 3.71646957 8.62648163 0.54012879]
 [0.66441955 3.81864272 9.23884162 2.33165273]
 [0.63664913 3.94984669 6.02198476 1.85476292]
 [0.78015492 5.18836454 9.94956445 4.60522691]
 [1.22744891 0.80894177 9.79506246 4.36475601]
 [1.08943483 8.7121632  9.94306839 4.98747342]
 [0.79947911 2.92046523 6.99547322 1.70517533]
 [1.11424856 0.92863435 9.20844951 3.39914474]
 [0.43597292 3.71646957 8.62648163 0.49968815]
 [1.34914318 0.93245491 8.637564   2.30850721]
 [1.67703119 0.83960321 9.78886077 3.82834017]
 [0.58822249 1.86709885 9.96079273 3.60804233]
 [1.33999141 0.93245491 8.66022885 2.03217418]
 [4.19554229 0.80894177 9.78886077 4.90762048]
 [0.78015492 5.0774954  9.97290847 4.46242822]]
