[[2.08511002e+00 2.16097348e+00]
 [7.33779454e-01 2.77015784e-01]
 [9.31301057e-01 1.03668218e+00]
 [1.98383737e+00 1.61645020e+00]
 [2.09597257e+00 2.05565850e+00]
 [7.01934693e-01 5.94304467e-01]
 [1.05814058e+00 7.96639978e-01]
 [2.24956067e+00 1.73516884e+00]
 [1.63322451e+00 1.58117431e+00]
 [3.45448459e+00 2.99196855e+00]
 [9.94006692e-02 7.86329606e-02]
 [2.76410989e+00 2.52609268e+00]
 [6.20866576e-01 8.37551037e-01]
 [2.92879636e+00 2.90878724e+00]
 [2.99588448e-01 3.64030367e-01]
 [2.22759393e-01 3.22482387e-01]
 [1.19923880e+00 1.48130914e+00]
 [2.62335155e+00 2.77442391e+00]
 [3.08389179e+00 2.84704896e+00]
 [1.95003857e+00 1.45797200e+00]
 [8.80981278e-01 9.96190723e-01]
 [2.91007090e+00 2.63649595e+00]
 [3.39534418e+00 2.75580533e+00]
 [3.02358050e+00 2.48653742e+00]
 [1.42788141e+00 1.76050002e+00]
 [2.63857323e+00 2.40648325e+00]
 [2.59505814e+00 2.31265173e+00]
 [2.07924359e+00 1.85005520e+00]
 [4.33304137e+00 2.84941797e+00]
 [1.29849197e+00 7.71207896e-01]
 [3.91374707e+00 2.97141535e+00]
 [2.20952140e+00 1.74473222e+00]
 [1.23866451e+00 7.86519251e-01]
 [2.96716225e+00 2.53152129e+00]
 [1.10716367e+00 8.01216059e-01]
 [9.16632146e-02 2.00174993e-01]
 [7.27791156e-01 4.73190210e-01]
 [4.52904748e+00 2.96986554e+00]
 [7.33961867e-01 7.92892448e-01]
 [2.58633799e+00 2.74921756e+00]
 [4.37411048e-01 6.81929209e-01]
 [2.85357926e+00 2.99026028e+00]
 [2.46035901e+00 2.19027363e+00]
 [1.69354013e+00 1.57168841e+00]
 [2.42214223e+00 2.57795342e+00]
 [1.37059888e+00 1.68158997e+00]
 [1.07056068e+00 5.96843770e-01]
 [1.33139423e-01 3.32761107e-01]
 [4.02647636e-01 6.95106931e-01]
 [7.99168252e-01 6.07806376e-01]
 [1.85077089e+00 1.59209232e+00]
 [2.63951989e+00 2.22023263e+00]
 [2.01610236e+00 2.27624079e+00]
 [3.58464501e+00 2.96197852e+00]
 [2.00932962e+00 2.09192406e+00]
 [6.03835922e-01 6.60851963e-01]
 [6.91773449e-01 8.70433389e-01]
 [1.72849411e+00 2.02491481e+00]
 [1.10741028e+00 1.40173747e+00]
 [1.57382844e+00 1.88056681e+00]
 [2.86636136e+00 2.82828773e+00]
 [2.45772575e+00 2.57010749e+00]
 [2.09289013e+00 2.05039470e+00]
 [1.47644397e+00 1.63236415e+00]
 [2.43960746e+00 2.56606924e+00]
 [2.92674229e+00 2.69461514e+00]
 [2.57087522e+00 2.62599818e+00]
 [8.07553852e-01 1.02732192e+00]
 [2.14018735e+00 1.79780927e+00]
 [2.89680270e+00 2.77411254e+00]
 [2.64972713e-01 5.98486638e-01]
 [1.14602514e+00 1.30165013e+00]
 [1.91233729e+00 1.40936712e+00]
 [3.15479600e+00 2.94277103e+00]
 [2.51754755e+00 2.89779920e+00]
 [2.49966186e+00 2.33129469e+00]
 [1.90540746e+00 1.97803481e+00]
 [3.54592002e-01 4.57811961e-01]
 [1.60513157e+00 1.67373598e+00]
 [1.98643533e-01 2.11000325e-01]
 [2.69824555e+00 2.68578110e+00]
 [2.23317523e+00 2.63110317e+00]
 [1.26790875e+00 8.21429112e-01]
 [1.64180695e+00 1.64269281e+00]
 [1.93002006e+00 1.71462628e+00]
 [4.37062968e+00 2.85340686e+00]
 [1.99299633e-01 4.04379354e-01]
 [9.67081995e-01 1.00699140e+00]
 [2.16177797e+00 2.54310140e+00]
 [3.01091827e+00 2.89070126e+00]
 [1.72839607e+00 1.78687529e+00]
 [8.83394465e-01 1.17329737e+00]
 [5.75175060e-01 1.12022140e+00]
 [1.17538818e+00 1.38480624e+00]
 [2.14221238e+00 2.59405843e+00]
 [1.64922281e+00 2.04922310e+00]
 [1.97441131e+00 1.38473913e+00]
 [6.13860647e-01 5.62709678e-01]
 [2.35248838e+00 2.48140801e+00]
 [1.93494617e+00 1.47864262e+00]
 [2.29978366e+00 2.29161815e+00]
 [6.33566919e-01 7.32799990e-01]
 [3.02153422e+00 2.87640755e+00]
 [1.96942004e+00 2.06686514e+00]
 [1.95305249e+00 2.08881025e+00]
 [3.06556168e+00 2.80720880e+00]
 [2.98444262e+00 2.93877052e+00]
 [2.20503310e+00 2.21883589e+00]
 [1.38600052e+00 1.60449670e+00]
 [3.24791527e+00 2.79434104e+00]
 [3.52710224e-01 2.20399963e-01]
 [3.02606448e+00 2.97121859e+00]
 [4.44991104e-01 5.54716771e-01]
 [1.89312939e-01 1.72750517e-01]
 [8.26592452e-01 5.91589039e-01]
 [2.58099231e+00 2.58967945e+00]
 [1.39164065e+00 1.91992371e+00]
 [1.10316312e+00 1.21834111e+00]
 [1.73347441e+00 1.09419599e+00]
 [2.70488806e-01 4.42482586e-01]
 [2.86636136e+00 2.90174780e+00]
 [2.49459047e+00 2.20088524e+00]
 [1.37059888e+00 1.68473828e+00]
 [2.80474378e+00 2.31037189e+00]
 [4.52923985e+00 2.97281402e+00]
 [1.92775421e+00 1.72982029e+00]
 [9.28343707e-01 1.20531916e+00]
 [2.77519578e+00 2.92321041e+00]
 [3.37584065e+00 2.86674920e+00]
 [3.30743318e+00 2.88051665e+00]
 [1.33005803e+00 9.05257077e-01]
 [2.57087522e+00 2.61194976e+00]
 [2.71074631e+00 2.54759506e+00]
 [1.12366661e-01 3.26490498e-01]
 [2.89680270e+00 2.79469293e+00]
 [1.36970578e+00 1.57780134e+00]
 [1.90387688e+00 1.58714180e+00]
 [2.14569974e+00 2.06618793e+00]
 [7.09897331e-02 1.76106961e-01]
 [2.64319383e+00 2.55146458e+00]
 [9.94006692e-02 3.86536435e-03]
 [1.89187974e+00 2.27606196e+00]
 [1.60909982e+00 1.61852110e+00]
 [1.19723118e+00 1.26805327e+00]
 [1.42227089e+00 1.88056681e+00]
 [2.33434526e-01 5.87574869e-01]
 [2.87512258e+00 2.96357200e+00]
 [1.95737506e+00 2.24081549e+00]
 [1.15033048e+00 1.51718860e+00]
 [3.83894489e+00 2.89582184e+00]
 [1.31082124e+00 1.34364692e+00]
 [3.97858233e+00 2.94391907e+00]
 [2.15271763e+00 2.33306406e+00]
 [1.87437972e+00 2.14337961e+00]
 [2.14164140e+00 2.08722167e+00]
 [2.09740785e+00 2.00765681e+00]
 [4.52391904e+00 2.95014388e+00]
 [2.14449687e+00 2.35991849e+00]
 [4.59256316e-01 4.73207749e-01]
 [2.21945475e+00 2.32582888e+00]
 [2.90821167e+00 2.63649595e+00]
 [2.84821997e-01 7.37386140e-01]
 [3.06762950e+00 2.81560667e+00]
 [2.75645312e+00 2.37603784e+00]
 [2.86487049e+00 2.81800133e+00]
 [1.76500463e+00 1.80423760e+00]
 [1.05503273e+00 1.22464136e+00]
 [7.83956973e-01 5.23512958e-01]
 [4.39293932e+00 2.88124754e+00]
 [2.51237508e+00 2.29161815e+00]
 [2.99870172e+00 2.58992733e+00]
 [9.79119367e-01 1.28585649e+00]
 [2.60048351e+00 2.84704896e+00]
 [2.23174698e+00 2.06828241e+00]
 [3.80513786e+00 2.97810262e+00]
 [2.54181971e+00 2.53048238e+00]
 [4.42218612e+00 2.96984468e+00]
 [1.50480002e+00 1.18472153e+00]
 [1.86080080e+00 1.71658187e+00]
 [2.58099231e+00 2.56965022e+00]
 [1.38012666e+00 1.38435048e+00]
 [1.27026422e+00 1.03380951e+00]
 [1.91857704e+00 1.86483852e+00]
 [3.30332566e+00 2.96203519e+00]
 [2.19949311e+00 1.63942228e+00]
 [3.45448459e+00 2.99695419e+00]
 [1.96942004e+00 1.42403619e+00]
 [2.03374431e+00 1.86885641e+00]
 [2.16469254e+00 2.19076218e+00]
 [2.33451076e+00 2.63667003e+00]
 [3.54592002e-01 4.42375166e-01]
 [2.26791090e+00 2.12354914e+00]]
