[[0.04398634 1.03908082]
 [0.48700061 0.86694754]
 [0.18499294 0.94023383]
 [0.7782087  0.58834383]
 [0.70300867 0.76691469]
 [0.92844933 0.45086437]
 [0.53321001 0.78830338]
 [0.66835398 0.7719921 ]
 [0.05424019 1.03188041]
 [0.9046341  0.462371  ]
 [0.50737121 0.81562337]
 [0.18011313 0.95427819]
 [0.10977025 0.98480203]
 [0.49638124 0.83405356]
 [0.98063718 0.14999118]
 [0.98114167 0.11504887]
 [0.83301455 0.5074592 ]
 [0.15503949 0.97968278]
 [0.15349902 0.98007975]
 [0.96848019 0.15668676]
 [0.95393967 0.16682719]
 [0.94443541 0.17215188]
 [0.91144716 0.46027124]
 [0.81704552 0.5075483 ]
 [0.84172426 0.50243566]
 [0.99678852 0.10649043]
 [0.09188022 1.00557593]
 [0.93426719 0.18578533]
 [0.79621573 0.52237475]
 [0.75251871 0.76577608]]
