[[0.62822678 4.53414591 9.09509548 1.55636897]
 [0.43379929 4.27441307 8.65190854 0.52291692]
 [1.68005678 1.30700616 9.63388057 2.58191717]
 [0.55867567 3.33434245 9.48881637 0.91937637]
 [1.18582585 2.56987231 9.60000241 1.2892189 ]
 [1.04256965 1.81511829 9.40087105 1.9611576 ]
 [0.454131   4.41948928 9.29574171 1.40800301]
 [1.25823323 1.90660622 9.63603167 2.93609384]
 [0.57152466 2.80940531 8.87781336 1.32397866]
 [0.52797523 5.26156423 9.81340468 2.07869755]
 [2.73608437 1.00560008 9.7119661  2.96761707]
 [0.28601646 7.90294615 7.13085972 0.5102795 ]
 [3.88296641 0.80818543 9.58200182 4.18162109]
 [1.12686363 4.03936036 9.4407429  4.43710571]
 [1.30226219 2.05224383 9.18544505 4.74411928]
 [1.04256965 2.39368081 9.8320664  1.9611576 ]
 [0.33627821 5.26156423 9.81340468 2.06629402]
 [1.21146147 4.77910173 9.54699921 4.92166427]
 [1.3341491  1.76483138 9.87212608 3.74195519]
 [0.44826954 4.27441307 8.65190854 0.52653969]
 [0.88318527 3.05118803 9.93464544 2.25960951]
 [4.20960008 1.15518038 9.86241818 4.61685621]
 [1.379171   5.58197022 9.86810671 4.94735785]
 [0.24153092 7.54796849 9.73520026 4.44032509]
 [0.91137301 1.82469797 8.66029844 2.12234318]
 [4.18333615 9.3975456  9.85690262 4.99524867]
 [0.57152466 2.80940531 8.87781336 1.24541669]
 [0.851934   2.10549566 9.36619608 0.9956373 ]
 [1.18570513 0.916016   8.54755077 4.59210493]
 [0.74877171 3.37418331 9.2932204  1.71312105]
 [1.56560943 1.25557095 9.37709581 4.00892968]]
