[[1.52610864e-02 2.65060857e+04]
 [4.48927166e-02 9.16056255e+03]
 [1.69870331e-02 2.59225653e+04]
 [3.93752889e-02 1.06532184e+04]
 [3.39946541e-02 1.19017793e+04]
 [2.69897406e-02 1.55173060e+04]
 [3.69601535e-02 1.15706902e+04]
 [3.70128177e-02 1.09776149e+04]
 [4.18541489e-02 9.65590185e+03]
 [1.31546121e-02 3.47853465e+04]
 [6.52197554e-03 9.00845527e+04]
 [1.07192317e-02 3.87363394e+04]
 [6.65579178e-03 8.01334124e+04]
 [3.18475519e-02 1.27103137e+04]
 [5.58102404e-02 8.67738208e+03]
 [1.75154935e-02 2.36498383e+04]
 [3.76403932e-02 1.07967377e+04]
 [1.36668482e-02 3.23923659e+04]
 [7.68381342e-02 8.45357640e+03]
 [8.02271676e-03 6.17181737e+04]
 [3.00288242e-02 1.35298983e+04]
 [1.83565147e-02 2.35424335e+04]
 [2.52946628e-02 1.59350273e+04]
 [3.85502456e-02 1.07317629e+04]
 [1.41144767e-02 3.00839701e+04]
 [1.38361576e-02 3.13981848e+04]
 [1.17138665e-02 3.70660133e+04]
 [1.51527887e-02 2.76227596e+04]
 [6.33091689e-03 9.51922886e+04]
 [5.05286750e-03 9.66414716e+04]
 [1.94729068e-02 2.22362676e+04]
 [2.07184447e-02 2.00763643e+04]
 [1.10856311e-02 3.87341760e+04]
 [8.32100913e-03 5.79005120e+04]
 [5.59014465e-02 8.64828446e+03]
 [4.53887154e-02 9.13517771e+03]
 [3.30992868e-02 1.21545189e+04]
 [2.70467381e-02 1.53740282e+04]
 [5.35865228e-02 8.74877770e+03]
 [8.40311293e-03 5.30197951e+04]
 [2.08712506e-02 1.97240354e+04]
 [2.84540107e-02 1.41915308e+04]
 [2.00169340e-02 2.01734526e+04]
 [4.37375538e-02 9.32363851e+03]
 [2.66525331e-02 1.58925461e+04]
 [1.74563579e-02 2.37548899e+04]
 [1.37672445e-02 3.16783418e+04]
 [9.20474572e-03 4.60767975e+04]
 [1.34001970e-02 3.33187978e+04]
 [3.37613476e-02 1.19344368e+04]
 [1.20417738e-02 3.58750890e+04]
 [1.19476037e-02 3.65109797e+04]
 [6.71333755e-03 6.61522000e+04]
 [4.60762098e-02 9.01766872e+03]
 [1.45983792e-02 2.95320512e+04]
 [3.90376472e-02 1.06751363e+04]
 [8.64966301e-03 4.93614956e+04]
 [2.52010238e-02 1.59892696e+04]
 [3.01864430e-02 1.35078251e+04]
 [3.15035258e-02 1.27493827e+04]
 [2.75323432e-02 1.51582961e+04]
 [4.81617862e-02 8.75555906e+03]
 [3.01802730e-02 1.35086768e+04]
 [5.60565738e-02 8.59667071e+03]
 [2.28806954e-02 1.77620346e+04]
 [1.83789287e-02 2.34836921e+04]
 [5.48916361e-02 8.68679995e+03]
 [8.23559648e-03 5.79821077e+04]
 [2.46033248e-02 1.65968621e+04]
 [1.05700414e-02 4.49300077e+04]
 [4.62823649e-02 8.84916059e+03]
 [3.99115114e-02 1.02120869e+04]
 [4.32341571e-02 9.47282935e+03]
 [3.98214016e-02 1.03334138e+04]
 [9.41973661e-03 4.57490878e+04]
 [5.81185882e-02 8.46768726e+03]
 [8.00673059e-03 6.21419838e+04]
 [3.40681533e-02 1.18917776e+04]
 [4.77114551e-02 8.81499084e+03]]
