[[1.86260211e-03 3.45560727e-03 1.79353495e+00]
 [3.81016124e-03 7.49858311e-03 2.02228296e+00]
 [2.74119775e-03 5.60529991e-03 2.34345957e+00]
 [4.44117107e-03 8.28135361e-03 1.85269631e+00]
 [4.32981507e-03 9.09311989e-03 2.21095800e+00]
 [1.15103041e-03 2.27001165e-03 2.19196477e+00]
 [3.93884008e-03 6.88955048e-03 1.80800322e+00]
 [3.72748802e-03 7.10354578e-03 1.91128685e+00]
 [4.06288428e-03 7.43749196e-03 1.57597376e+00]
 [4.79737567e-03 9.46676679e-03 2.10686741e+00]
 [8.48018217e-04 2.02463036e-03 2.70847595e+00]
 [9.04097157e-04 1.28975984e-03 1.21052505e+00]
 [2.37214058e-03 5.39490891e-03 2.49856157e+00]
 [1.32906238e-03 2.83462432e-03 2.60128235e+00]
 [1.08067485e-03 1.91272052e-03 1.77409247e+00]
 [2.78504172e-03 6.14781891e-03 2.33033671e+00]
 [1.84748152e-03 4.30973654e-03 2.74649084e+00]
 [3.31014434e-03 6.59709804e-03 1.93308698e+00]
 [3.20354290e-03 5.51737971e-03 1.37643883e+00]
 [3.60526305e-03 5.63706255e-03 1.47717119e+00]
 [9.85390106e-04 1.35597047e-03 1.31872041e+00]
 [2.15209660e-03 3.71923011e-03 1.77971078e+00]
 [1.48733563e-03 3.05945447e-03 1.59448289e+00]
 [3.22853469e-03 5.54881977e-03 1.34331261e+00]
 [4.41843803e-03 8.64550653e-03 2.08696437e+00]
 [4.75723627e-03 9.23611865e-03 1.83336897e+00]
 [4.45487109e-03 9.96700671e-03 2.64536596e+00]
 [5.57136104e-04 9.91535214e-04 2.72618944e+00]
 [2.12546317e-03 3.99949605e-03 1.99527577e+00]
 [1.34546421e-03 2.55925663e-03 2.29390574e+00]
 [4.43396376e-03 8.95086809e-03 2.08309231e+00]
 [2.03948372e-03 3.99970660e-03 1.82706364e+00]
 [1.95714671e-03 3.71923011e-03 1.81837416e+00]
 [1.31805835e-03 2.44857724e-03 1.42700261e+00]
 [4.17140145e-04 1.02364642e-03 2.30357855e+00]
 [4.02148470e-03 9.86379686e-03 2.76359725e+00]
 [1.55528584e-03 3.17749014e-03 1.68796635e+00]
 [4.67790357e-03 9.85562794e-03 2.17447928e+00]
 [1.32161142e-03 2.06454059e-03 1.49840133e+00]
 [1.83821420e-03 4.22382254e-03 2.33520336e+00]
 [1.73244272e-03 3.50882394e-03 1.90072877e+00]
 [3.36721090e-03 5.86429421e-03 1.46846576e+00]
 [1.42578539e-03 2.88181359e-03 2.19169983e+00]
 [1.07148676e-03 2.33141572e-03 2.74958122e+00]
 [7.80421270e-04 1.98101489e-03 2.05594757e+00]
 [2.15209660e-03 3.71923011e-03 1.77581085e+00]
 [1.50739659e-03 2.61864770e-03 2.09336914e+00]
 [5.09041861e-04 9.51916848e-04 2.74257192e+00]
 [2.24645357e-03 4.19332298e-03 2.29206051e+00]
 [3.01007943e-03 6.54390074e-03 2.03557345e+00]
 [2.83363369e-03 5.95269781e-03 1.91787421e+00]
 [1.84664270e-03 4.22634682e-03 2.74649084e+00]
 [3.72748802e-03 7.10354578e-03 2.05594743e+00]
 [1.32354808e-03 2.53933856e-03 1.58601367e+00]
 [2.75473867e-03 5.58486939e-03 1.70145634e+00]
 [6.16778357e-03 9.90956389e-03 2.89508185e+00]
 [9.01846784e-04 1.69830420e-03 1.17108103e+00]
 [3.13384378e-03 7.07306110e-03 2.41255300e+00]
 [1.32536962e-03 2.91987449e-03 2.78759983e+00]
 [6.79346274e-04 1.50303277e-03 2.31032148e+00]
 [4.61552293e-03 9.70182077e-03 2.54921659e+00]
 [3.81016124e-03 7.86469812e-03 2.02545165e+00]
 [4.30663419e-03 8.77553371e-03 1.95226673e+00]
 [4.95497435e-03 8.53537403e-03 1.51421648e+00]
 [2.90232993e-03 6.43037487e-03 2.30166251e+00]
 [2.91233426e-03 5.37007117e-03 1.73196669e+00]
 [1.15103041e-03 2.27001165e-03 2.12754948e+00]
 [4.26574001e-03 8.87246814e-03 2.23241863e+00]
 [4.45487109e-03 9.83506657e-03 2.64536596e+00]]
