[[4.99720582e+00 2.99810647e+00]
 [2.22026590e-04 1.13099936e-03]
 [1.98771948e+00 1.91934545e+00]
 [4.68819115e+00 2.99976115e+00]
 [4.12493884e-01 2.97403735e-01]
 [4.47187647e+00 2.99338852e+00]
 [5.87223246e-01 4.70818568e-01]
 [2.51747380e+00 2.23767518e+00]
 [2.17581589e+00 2.03331815e+00]
 [7.21283562e-01 7.60437772e-01]
 [2.22064342e+00 2.03879109e+00]
 [1.53285938e+00 1.46721278e+00]
 [3.21078668e+00 2.96477131e+00]
 [3.77500497e+00 2.99772092e+00]
 [2.29191948e+00 2.23767518e+00]
 [3.74252377e+00 2.82650408e+00]
 [3.92158796e+00 2.99771273e+00]
 [1.95375605e-01 8.65587215e-02]
 [6.81868017e-01 1.15667156e+00]
 [1.58563869e+00 1.78235456e+00]
 [2.31237986e+00 2.96324931e+00]
 [4.81905364e+00 2.99972514e+00]
 [1.98771948e+00 1.78235456e+00]
 [9.59391953e-01 1.35618035e+00]
 [9.81428464e-01 1.19031939e+00]
 [6.14088634e-01 1.05157039e+00]
 [2.72680998e+00 2.69391655e+00]
 [4.35751430e+00 2.98777872e+00]
 [2.26860766e+00 2.27112145e+00]
 [4.15195977e+00 2.99939586e+00]
 [3.98153127e-01 1.87823193e-01]
 [3.45238093e+00 2.95173284e+00]
 [3.66829628e+00 2.99189102e+00]
 [3.63168015e-02 3.15193465e-01]
 [1.32842418e+00 1.36854145e+00]
 [9.59391953e-01 1.05157039e+00]
 [4.90200839e+00 2.99972514e+00]
 [2.75873915e+00 2.99938535e+00]
 [1.55734607e+00 1.61557688e+00]
 [4.39557728e-01 8.44533085e-01]
 [2.69046799e+00 2.98962245e+00]
 [3.03981662e+00 2.99717837e+00]
 [2.77814848e+00 2.80181857e+00]
 [2.33878910e+00 2.69158122e+00]
 [1.72131514e+00 1.78235456e+00]
 [1.54081117e+00 2.11460086e+00]
 [1.38225153e+00 1.46721278e+00]
 [2.80517720e+00 2.70160385e+00]
 [1.36404809e+00 1.87410471e+00]
 [2.69527338e+00 2.18962480e+00]]
