[[1.45988514e+01 1.87473437e-03]
 [4.86621314e+00 6.48194950e-03]
 [1.62713356e+01 1.46668769e-03]
 [2.23930593e+01 9.50885037e-04]
 [2.58580930e+01 8.56824059e-04]
 [2.55725161e+01 9.21344731e-04]
 [2.87184505e+01 6.27290436e-04]
 [2.25243157e+01 9.32583727e-04]
 [2.77653633e+01 7.89305692e-04]
 [6.85221961e+01 4.57134432e-04]
 [2.22460344e+01 1.09766355e-03]
 [3.95949909e+01 5.15148153e-04]
 [1.23351699e+01 2.01051265e-03]
 [2.44884063e+01 9.28256777e-04]
 [1.42975008e+01 1.92523405e-03]
 [3.02184814e+01 5.78869719e-04]
 [1.07253372e+01 2.99067771e-03]
 [2.57879250e+01 8.85873128e-04]
 [2.23405179e+01 9.59934182e-04]
 [4.08699309e+01 4.67232485e-04]
 [5.84700302e+00 5.22904911e-03]
 [6.82544491e+01 4.65681005e-04]
 [1.67592762e+01 1.38815650e-03]
 [1.89778187e+01 1.15425606e-03]
 [1.66775613e+01 1.45259462e-03]
 [2.20424454e+01 1.13954963e-03]]
