[[4.44846335e-03 9.99992677e-03 2.99919605e+00]
 [5.27405859e-04 9.53958227e-04 1.66526340e+00]
 [2.06666831e-03 3.98064638e-03 1.76660049e+00]
 [1.43628848e-03 2.65615180e-03 2.37088779e+00]
 [2.58917758e-03 4.66231893e-03 1.63695894e+00]
 [1.47976609e-03 2.54840671e-03 1.69482013e+00]
 [1.38129091e-03 3.99858759e-03 2.26961204e+00]
 [5.27405859e-04 9.85868998e-04 1.98009768e+00]
 [8.75601602e-04 2.02359498e-03 2.74330265e+00]
 [4.18266695e-03 9.99992677e-03 2.99261479e+00]
 [4.64956996e-03 9.93073301e-03 2.28347184e+00]
 [8.70882984e-04 1.88147712e-03 1.66767894e+00]
 [6.03035446e-04 1.28788602e-03 2.27291066e+00]
 [1.45716144e-03 1.91338789e-03 1.71009067e+00]
 [2.57011351e-03 6.05490819e-03 2.26190013e+00]
 [2.13470842e-03 6.04897412e-03 2.09206056e+00]
 [8.75601602e-04 2.11380016e-03 1.85780957e+00]
 [2.47485862e-03 6.67330702e-03 1.90498293e+00]
 [2.47485862e-03 6.05490819e-03 2.71898401e+00]
 [4.78104425e-03 9.81695800e-03 1.84566185e+00]
 [4.47984582e-03 9.94728439e-03 1.66652998e+00]
 [5.25364964e-04 1.04500537e-03 2.31137963e+00]
 [8.75601602e-04 2.11380016e-03 1.98215236e+00]
 [6.22697432e-04 1.46431049e-03 1.87004259e+00]
 [6.22185262e-04 1.29550530e-03 1.84899010e+00]
 [3.87763646e-04 8.76916465e-04 2.52560156e+00]
 [5.27405859e-04 1.10060203e-03 2.00417865e+00]
 [4.45086647e-03 9.93073301e-03 2.28748052e+00]
 [3.20455315e-03 7.51143972e-03 2.44896438e+00]
 [3.14471318e-03 6.75557453e-03 2.36766372e+00]]
