[[1.11720487e-02 4.94400704e+01]
 [1.29749459e+02 4.03486801e+00]
 [1.24836398e+02 4.09007787e+00]
 [1.17999550e+02 4.23005917e+00]
 [1.07332949e+02 4.63001544e+00]
 [1.21628679e+02 4.16171775e+00]
 [1.11457345e+02 4.52216127e+00]
 [9.11683946e+01 5.72254074e+00]
 [9.37424571e+01 5.58959314e+00]
 [5.64380167e+00 3.48234902e+01]
 [1.12455296e+02 4.49054832e+00]
 [9.00999743e+00 3.12274610e+01]
 [5.60857909e+01 1.11194220e+01]
 [5.77020936e+01 1.07199626e+01]
 [2.91668253e+01 1.91336830e+01]
 [3.68023317e+01 1.63052273e+01]
 [1.14951986e+02 4.45551047e+00]
 [6.21137620e+00 3.39404058e+01]
 [5.82804573e+00 3.43961095e+01]
 [5.49997115e+01 1.13625498e+01]
 [3.80758135e+01 1.59666405e+01]
 [2.77618454e+00 3.89732547e+01]
 [9.70800875e+01 5.19850601e+00]
 [5.36453750e+01 1.16214744e+01]
 [2.82482075e+01 2.00136547e+01]
 [2.56339237e+00 3.96364946e+01]
 [3.43707662e+01 1.72128222e+01]
 [9.58113262e+00 3.05727137e+01]
 [3.35173942e+01 1.75331335e+01]
 [2.60573298e+01 2.04228277e+01]
 [1.13524079e+00 4.28099790e+01]
 [4.82139236e+01 1.30327116e+01]
 [5.19780318e+00 3.54550092e+01]
 [4.33400517e+00 3.64141181e+01]
 [8.17213496e+00 3.19275277e+01]
 [8.47935748e+01 6.27551247e+00]
 [4.16622415e+01 1.48651672e+01]
 [2.26248099e+01 2.20677850e+01]
 [3.02806264e+01 1.89895905e+01]
 [7.65811603e+01 7.29642327e+00]
 [9.89741897e+01 5.18725597e+00]
 [8.22140736e+01 6.66701403e+00]
 [9.63539504e+01 5.28657217e+00]
 [2.86511655e+01 1.95368564e+01]
 [1.27947454e+01 2.79563631e+01]
 [4.37572508e-01 4.55406700e+01]
 [2.70896135e+01 2.02111401e+01]
 [5.18285533e+01 1.22078480e+01]
 [1.14702743e-01 4.77505230e+01]
 [4.73143759e+01 1.33271037e+01]
 [5.06999369e+01 1.25290046e+01]
 [1.23903816e+02 4.10422940e+00]
 [2.10751189e+01 2.28184860e+01]
 [8.54673618e+01 6.21040762e+00]
 [4.13316287e+00 3.67254294e+01]
 [2.36557429e+01 2.15332805e+01]
 [1.04911466e+02 4.74909884e+00]
 [7.07409588e+00 3.29968040e+01]
 [1.33443323e+01 2.75785918e+01]
 [1.88221703e+01 2.41125630e+01]
 [1.05225624e+01 2.97099856e+01]
 [6.63313136e+01 8.99509216e+00]
 [1.93908173e+01 2.37108773e+01]
 [5.10129214e+01 1.23026655e+01]
 [9.01212373e+01 5.77287589e+00]
 [1.14212630e+01 2.89586026e+01]
 [6.73717117e+01 8.81342157e+00]
 [2.90833111e+00 3.87247462e+01]
 [6.50331388e+01 9.25359581e+00]
 [4.01365120e-02 4.86203749e+01]
 [2.13029840e+00 4.03960199e+01]
 [2.24882154e+01 2.24368900e+01]
 [1.82229266e+01 2.44690264e+01]
 [2.20517548e+00 4.01405979e+01]
 [7.20302293e+01 8.00969934e+00]
 [8.78878119e+01 5.96680339e+00]
 [1.66506485e+01 2.54558744e+01]
 [7.27817770e+01 7.87280967e+00]
 [3.86126301e+01 1.58990357e+01]
 [1.09293271e+01 2.93586382e+01]
 [7.41412186e+00 3.26191141e+01]
 [4.66951383e+00 3.58988353e+01]
 [8.35711222e+01 6.41581684e+00]
 [3.61168660e+00 3.75230996e+01]
 [4.28212433e+01 1.44629539e+01]
 [1.16299599e+02 4.27833214e+00]
 [3.26575310e-01 4.61421491e+01]
 [1.02872254e+02 4.89880415e+00]
 [8.64389078e+01 6.10421324e+00]
 [1.37058138e+00 4.22635907e+01]
 [1.01702145e+02 4.90055336e+00]
 [1.43597017e+00 4.18857324e+01]
 [4.32273007e+01 1.43406952e+01]
 [3.92088768e+01 1.56941254e+01]
 [7.39484116e+01 7.68701959e+00]
 [7.76413886e+01 7.15242035e+00]
 [8.29333854e+01 6.52841207e+00]
 [1.68415843e+01 2.52029270e+01]
 [4.38808850e+01 1.41917059e+01]
 [4.59394827e+00 3.60029288e+01]
 [2.44506779e+00 3.98269460e+01]
 [1.25726377e+00 4.24695766e+01]
 [4.99254486e+00 3.54802174e+01]
 [1.04236256e+02 4.80670650e+00]
 [4.07962573e+01 1.50589498e+01]
 [7.92172159e+01 7.00190209e+00]
 [9.92869623e+01 5.13329974e+00]
 [7.52486830e-01 4.40897949e+01]
 [2.83090615e+01 1.96583522e+01]
 [8.57128466e+00 3.14610648e+01]
 [4.86540168e+01 1.28941501e+01]
 [2.54054400e+01 2.07284663e+01]
 [1.49586221e+01 2.64438270e+01]
 [9.41785722e+01 5.41360549e+00]
 [1.17891332e+01 2.87865759e+01]
 [2.17016851e+01 2.26291013e+01]
 [9.51040853e+01 5.33922930e+00]
 [1.91222552e+01 2.40620420e+01]
 [1.75779468e-01 4.70862585e+01]
 [7.49847972e+01 7.54239034e+00]
 [6.89357679e+01 8.53725054e+00]
 [1.54562828e+01 2.62209280e+01]
 [2.00285700e+01 2.33935311e+01]
 [6.21068335e+01 9.81345494e+00]
 [1.75820681e+01 2.47652479e+01]
 [2.46768830e+01 2.10891384e+01]
 [5.22712954e+01 1.19556594e+01]
 [7.99195522e+01 6.85349334e+00]
 [8.95101317e+01 5.85160741e+00]
 [6.40234086e+01 9.46118731e+00]
 [2.74035647e-02 4.90241177e+01]
 [6.11156007e+01 1.00477198e+01]
 [2.66807354e+01 2.02609490e+01]
 [1.11718731e+01 2.92708184e+01]
 [1.58773170e+01 2.61733466e+01]
 [1.03299667e+02 4.81029365e+00]
 [1.00270845e+00 4.32923189e+01]
 [8.10497427e+01 6.70451028e+00]
 [4.05711447e+01 1.51082241e+01]
 [6.48125840e+01 9.36150808e+00]
 [6.42812663e-01 4.46002213e+01]
 [6.02551520e+01 1.01756689e+01]
 [3.48628170e+01 1.69647944e+01]
 [7.61443493e-01 4.40209167e+01]
 [8.87963389e+01 5.88832442e+00]
 [4.91921800e+01 1.27599282e+01]
 [3.55545409e+01 1.67280268e+01]
 [3.30362768e+00 3.79776111e+01]
 [1.51884451e+00 4.16698973e+01]
 [4.78013334e-01 4.53811671e+01]
 [7.10851590e+01 8.19058836e+00]
 [1.35136213e+01 2.74853118e+01]
 [3.93048593e+01 1.55047296e+01]
 [1.97171496e+01 2.35524521e+01]
 [1.00468540e+02 5.08797815e+00]
 [6.59972168e+01 9.08356726e+00]
 [1.59097906e+01 2.58080944e+01]
 [1.01140664e+02 4.93856570e+00]
 [3.03803078e+01 1.87115879e+01]
 [2.17733377e-01 4.67608122e+01]
 [1.42419563e+01 2.69861234e+01]
 [1.48513767e+01 2.66235025e+01]
 [4.97590072e+01 1.26280337e+01]
 [2.05528226e+01 2.32543913e+01]
 [1.61914472e+00 4.14071626e+01]
 [1.06019275e+02 4.70381401e+00]
 [6.53700647e+00 3.35609597e+01]
 [5.89344799e+01 1.04793147e+01]
 [3.99810908e+01 1.53372941e+01]
 [8.89085385e-01 4.35860832e+01]
 [9.97693523e+00 3.01594758e+01]
 [7.13225644e+01 8.11594487e+00]
 [1.82865403e+00 4.09753021e+01]
 [2.31614454e+01 2.18234829e+01]
 [5.85681602e+01 1.05683310e+01]
 [3.63460322e+01 1.64625098e+01]
 [7.40315144e+01 7.67412944e+00]
 [6.98337711e+01 8.37441074e+00]
 [3.24592054e+01 1.78765434e+01]
 [1.71884209e+00 4.12104315e+01]
 [3.22406423e+01 1.80538680e+01]
 [4.72393765e+01 1.34649340e+01]
 [4.58401773e+01 1.36893576e+01]
 [6.72852298e+00 3.33620488e+01]
 [7.01718697e+00 3.32064912e+01]
 [3.19437581e+00 3.83601949e+01]
 [2.49380640e-01 4.65766949e+01]
 [6.93822517e+01 8.48742524e+00]
 [8.05543975e+00 3.21594768e+01]
 [3.60699608e+01 1.65566552e+01]
 [3.05831605e+01 1.85596519e+01]
 [2.17703380e+01 2.24511876e+01]
 [3.15935686e+00 3.84113397e+01]
 [2.32108267e+01 2.17637273e+01]
 [1.03891976e-01 4.81085586e+01]
 [3.29799785e+01 1.76559362e+01]
 [1.15877201e+02 4.32952707e+00]
 [2.42718491e+01 2.13574991e+01]
 [5.81219391e+01 1.07031356e+01]
 [9.95859907e+00 3.02694444e+01]
 [6.29066634e+01 9.64340295e+00]
 [2.85398091e-01 4.63009986e+01]
 [3.15630984e+01 1.81929909e+01]
 [6.26751821e+01 9.70840783e+00]
 [1.15449844e+02 4.45071521e+00]
 [1.96334959e+00 4.07473685e+01]
 [8.64346864e+01 6.10491861e+00]
 [4.22734344e+01 1.46637253e+01]
 [7.53025976e+01 7.52164150e+00]
 [3.39401404e+00 3.78643330e+01]
 [1.06577740e+02 4.64506411e+00]
 [1.22745416e+02 4.12004902e+00]
 [1.71591184e+01 2.50002908e+01]
 [6.15924506e+01 9.91899669e+00]
 [7.76812641e+00 3.22621992e+01]
 [9.66957306e+00 3.05053884e+01]
 [5.62942270e-02 4.83422576e+01]
 [1.22711421e+02 4.12572123e+00]
 [4.52146613e+01 1.37832570e+01]
 [1.57377625e-01 4.73514336e+01]
 [6.76861964e+01 8.77021800e+00]
 [3.10897448e+01 1.83530992e+01]
 [1.45011960e-02 4.91856639e+01]
 [8.03166391e+01 6.80483327e+00]
 [3.47677944e+01 1.70082618e+01]
 [4.21945174e+01 1.46895369e+01]
 [1.03149787e+01 2.98781834e+01]
 [1.39371141e+01 2.72445943e+01]
 [1.25463838e+01 2.81193054e+01]
 [2.06701379e+01 2.30235463e+01]
 [5.25610697e+01 1.18822784e+01]
 [6.00269290e+01 1.02223457e+01]
 [5.32183184e+01 1.17282027e+01]
 [3.97722202e+01 1.53505414e+01]
 [3.27799938e+01 1.77368178e+01]
 [7.26741361e+01 7.91136628e+00]
 [6.81906581e+01 8.66267994e+00]
 [9.48892374e+01 5.37808357e+00]
 [2.41905867e+01 2.13780896e+01]
 [8.57909584e+00 3.14539775e+01]]
