[[1.29048388e-03 1.29131134e-06]
 [4.99945311e+00 2.99999999e+00]
 [4.11278737e+00 2.97445179e+00]
 [1.06727612e+00 9.42609226e-01]
 [2.16974655e+00 2.18402131e+00]
 [4.47887662e+00 2.99999999e+00]
 [1.55836176e+00 1.69249594e+00]
 [2.16974655e+00 1.80269255e+00]
 [8.55149994e-01 6.75703238e-01]
 [5.96860538e-01 6.26054657e-01]
 [1.34181686e+00 1.05195760e+00]
 [2.47011772e+00 2.15259886e+00]
 [2.16168662e+00 1.98470417e+00]
 [3.37320620e+00 2.98094128e+00]
 [2.07586779e+00 1.60979104e+00]
 [2.07586779e+00 1.49376065e+00]
 [3.43116339e-01 2.47846281e-01]
 [3.85414833e+00 2.99795482e+00]
 [4.68856334e+00 2.99999999e+00]
 [2.81392539e+00 2.65449362e+00]
 [1.73109883e-01 7.60511255e-02]
 [2.55082965e+00 2.23735757e+00]
 [2.54393014e+00 2.73462637e+00]
 [3.24880618e+00 2.92114048e+00]
 [3.03598033e+00 2.93784322e+00]
 [1.05114050e+00 6.75703238e-01]
 [3.62754463e+00 2.88487894e+00]
 [3.09200826e+00 2.72375431e+00]
 [2.16974655e+00 2.85476665e+00]
 [3.79822542e+00 2.99903122e+00]
 [2.57855128e+00 2.99915715e+00]
 [4.50845996e+00 2.99503954e+00]
 [4.96177762e+00 2.99750194e+00]
 [4.61269776e-01 6.05578923e-01]
 [1.54807217e-01 8.30567210e-02]
 [1.56354673e+00 1.38874821e+00]
 [4.80059306e+00 2.99820883e+00]
 [3.16609319e+00 2.92114048e+00]
 [2.28015065e-03 1.29131134e-06]
 [3.62754463e+00 2.99960626e+00]]
