[[4.9480155  1.00617245 2.01723137 0.06563979 4.75038082 8.02161084]
 [4.9480155  1.00617245 2.30923338 0.06563979 2.72302759 8.10143861]
 [4.98602407 1.00617245 2.01723137 0.06563979 4.75038082 8.02161084]
 [4.98483101 1.00617245 2.01723137 0.06736825 4.75038082 8.02161084]
 [2.91578023 1.02173349 1.26874364 0.08168653 1.15390841 1.13210078]
 [3.17490437 0.99111334 1.81306769 0.83198767 1.50092559 1.81612851]
 [3.01539824 1.96925759 1.26874364 0.47855794 1.16437915 1.13210078]
 [4.75125977 0.99020826 2.01677589 0.61329267 4.85532709 2.34620213]
 [2.89411516 1.02173349 1.2686898  0.08168653 1.15316421 0.73735165]
 [4.91278659 1.00617245 2.30923338 0.06563979 2.72302759 8.10143861]
 [3.55829255 1.5062535  2.38236243 0.51961598 1.12892375 1.14583298]
 [2.89411516 1.01046631 2.32530622 0.08168653 1.16534475 0.74914912]
 [4.78577765 1.15831281 2.69782755 0.6335537  4.93574508 1.04140532]
 [4.44481796 1.49122967 4.33279039 0.3905118  1.01134453 2.5322546 ]
 [3.047923   0.81941951 1.82543121 1.01871487 1.50092559 1.81601238]
 [4.75125977 1.00391175 1.95124841 0.97865408 4.82160839 1.79461195]
 [4.56464316 1.05696266 2.47438561 0.9090828  4.53244192 1.78931035]
 [4.21875459 0.8654155  1.76584334 0.56879643 1.16811289 0.74341249]]
