[[3.42688908 0.68209348 2.51169672 0.47775647 4.93126845 1.81612851]
 [0.4067748  1.75739067 3.3021446  2.86051572 4.91907893 0.70737134]
 [0.92430927 1.23495016 2.10574561 0.29426087 1.58058746 4.75029548]
 [4.83688633 1.01351733 1.41183216 0.69376623 2.97964458 6.22024983]
 [4.70155583 1.28506557 2.33755381 1.61157754 3.14323873 4.19807935]
 [4.70155583 1.27044853 2.15982638 1.61157754 3.14542155 4.19807935]
 [3.65696297 1.69963118 3.65709032 0.49000309 2.37315476 4.73103309]
 [0.96579034 1.35805475 1.10423973 0.09139706 1.09787153 4.72533014]
 [1.8504335  0.25480059 2.51243435 1.4475609  1.41127347 1.95834234]
 [3.35106698 1.12301102 3.19329619 1.35834514 1.25809518 4.2279371 ]
 [4.74294701 1.01351733 1.30435635 0.69376623 2.97964458 6.22024983]
 [1.74235423 0.79976411 2.12263021 1.50237172 1.00243457 1.70966846]]
