[[3.90117029 0.68209348 2.51169672 0.47775647 4.61590812 1.88332756]
 [3.90117029 0.68209348 2.51169672 0.47775647 4.71942135 1.88332756]
 [3.90552212 0.75211587 2.50113497 2.73671654 1.1783565  1.58033299]
 [4.68563371 1.04941655 2.00612906 0.13592732 1.50572356 5.61122957]
 [4.17466974 0.79592867 2.01692942 0.36372793 2.86726612 4.47898916]
 [0.91123355 1.98947923 3.46930515 2.23145917 1.18334862 1.10920369]
 [3.81423536 1.50993536 2.50113497 2.73671654 1.1783565  1.12189112]
 [0.92177364 2.04998731 1.408562   1.10549938 1.34654934 3.43788103]
 [3.90117029 0.75211587 2.50113497 2.75531627 1.05885577 1.5892647 ]
 [3.63571079 2.35701042 1.99372619 0.47737378 1.24718352 1.84516725]
 [4.68563371 1.02444688 2.00612906 0.60673307 1.17211575 5.61122957]
 [2.97379817 1.99159551 1.42105011 1.10846522 1.19972527 1.39656173]
 [3.90117029 0.68209348 2.67593991 0.47775647 4.70344057 1.91024254]]
