[[1.52610864e-02 2.65060857e+04]
 [4.48927166e-02 9.16056255e+03]
 [1.69870331e-02 2.59225653e+04]
 [3.93752889e-02 1.06532184e+04]
 [3.39946541e-02 1.19017793e+04]
 [2.69897406e-02 1.55173060e+04]
 [3.70128177e-02 1.09776149e+04]
 [4.18541489e-02 9.65590185e+03]
 [1.07192317e-02 3.87363394e+04]
 [3.18475519e-02 1.27103137e+04]
 [5.58102404e-02 8.67738208e+03]
 [1.20622167e-02 3.74183468e+04]
 [3.13492445e-02 1.34289154e+04]
 [4.37664957e-02 9.35419140e+03]
 [9.94202140e-03 4.21205463e+04]
 [1.75662574e-02 2.46631743e+04]
 [5.80348224e-03 8.04541568e+04]
 [2.57065886e-02 1.59723699e+04]
 [2.40249579e-02 1.80470326e+04]
 [1.42412880e-02 3.02360048e+04]
 [2.84826754e-02 1.42657777e+04]
 [1.29877897e-02 3.30752248e+04]
 [2.10250921e-02 2.12776263e+04]
 [7.73724338e-03 5.94455362e+04]
 [1.24606059e-02 3.63709236e+04]
 [3.53318761e-02 1.15445413e+04]
 [1.33959469e-02 3.12114944e+04]
 [2.10457160e-02 2.03923062e+04]
 [2.41665485e-02 1.69412463e+04]
 [5.35690870e-03 8.50748894e+04]
 [6.00166209e-03 6.81992187e+04]
 [1.25145606e-02 3.43381428e+04]
 [4.64301132e-03 9.89753289e+04]
 [4.18058643e-02 9.72261679e+03]
 [3.14406959e-02 1.28742615e+04]
 [8.42899294e-03 4.80120660e+04]
 [3.61156427e-02 1.14190762e+04]
 [2.97940368e-02 1.36992082e+04]
 [2.29700534e-02 1.83299671e+04]
 [3.33793318e-02 1.25638639e+04]
 [4.10876742e-02 1.00033866e+04]
 [7.54891663e-02 8.66968316e+03]
 [2.51647248e-02 1.63289748e+04]
 [3.99406704e-02 1.02153692e+04]
 [2.06616449e-02 2.16465303e+04]
 [1.80914329e-02 2.25720303e+04]
 [3.75741317e-02 1.07647503e+04]
 [4.64057076e-02 8.92993966e+03]
 [7.04377443e-03 6.31421996e+04]
 [3.93239346e-02 1.07041179e+04]
 [2.78382152e-02 1.54438653e+04]
 [5.06815523e-02 8.87474142e+03]
 [2.22933091e-02 1.88393967e+04]
 [1.22675662e-02 3.67263307e+04]
 [1.75297178e-02 2.47852419e+04]
 [4.60337903e-02 8.96734095e+03]
 [3.56928638e-02 1.14942652e+04]
 [1.56370783e-02 2.61096131e+04]
 [5.26646767e-02 8.71918622e+03]
 [2.14278681e-02 1.96478814e+04]
 [2.49597398e-02 1.66150355e+04]]
