[[1.52610864e-02 2.65060857e+04]
 [4.48927166e-02 9.16056255e+03]
 [1.69870331e-02 2.59225653e+04]
 [3.93752889e-02 1.06532184e+04]
 [4.17531679e-02 1.03584766e+04]
 [3.39946541e-02 1.19017793e+04]
 [3.99955887e-02 1.06219886e+04]
 [4.18541489e-02 9.65590185e+03]
 [1.31546121e-02 3.47853465e+04]
 [1.07192317e-02 3.87363394e+04]
 [6.65579178e-03 8.01334124e+04]
 [3.15247391e-02 1.32695640e+04]
 [3.18475519e-02 1.27103137e+04]
 [1.20622167e-02 3.74183468e+04]
 [2.89231505e-02 1.45152970e+04]
 [3.01721906e-02 1.43592869e+04]
 [9.94202140e-03 4.21205463e+04]
 [1.75662574e-02 2.46631743e+04]
 [5.80348224e-03 8.04541568e+04]
 [4.57552919e-02 8.94603158e+03]
 [2.27073119e-02 1.80169024e+04]
 [3.08245954e-02 1.32908397e+04]
 [9.82353578e-03 4.26081358e+04]
 [3.02673359e-02 1.42702184e+04]
 [8.72585280e-03 4.93989297e+04]
 [4.76087404e-03 9.08825351e+04]
 [4.01819167e-02 1.04108084e+04]
 [2.56579577e-02 1.58582308e+04]
 [2.73163105e-02 1.54222455e+04]
 [4.41589360e-02 9.28153510e+03]
 [1.32056236e-02 3.32251637e+04]
 [8.58775475e-03 5.11061678e+04]
 [4.21974416e-02 9.57313556e+03]
 [4.46411705e-02 9.19660089e+03]
 [3.38101020e-02 1.22585165e+04]
 [1.89538151e-02 2.34372245e+04]
 [3.68007490e-02 1.09761278e+04]
 [4.59890794e-02 8.89389678e+03]
 [2.65093207e-02 1.54485016e+04]
 [4.33276698e-02 9.33610694e+03]
 [4.40724343e-02 9.28751163e+03]
 [4.51687850e-02 9.11254137e+03]
 [7.86359738e-03 6.06315361e+04]
 [9.19285170e-03 4.63782358e+04]
 [1.15943866e-02 3.76653322e+04]
 [1.36538834e-02 3.14383466e+04]
 [8.49368931e-03 5.21175620e+04]
 [2.21467373e-02 1.86353027e+04]
 [2.77910992e-02 1.53525842e+04]
 [2.21754423e-02 1.83445409e+04]
 [3.24194235e-02 1.24571364e+04]
 [1.76328783e-02 2.38121383e+04]
 [7.12291296e-03 6.30284525e+04]
 [2.84451905e-02 1.48737518e+04]
 [7.97789127e-03 5.94802376e+04]
 [4.77117780e-02 8.80667317e+03]
 [3.07007411e-02 1.35692935e+04]
 [3.60470463e-02 1.17361770e+04]
 [8.66193186e-03 4.99544440e+04]
 [2.87368842e-02 1.46207119e+04]
 [7.59094149e-02 8.53092687e+03]
 [5.22070959e-02 8.54415252e+03]
 [5.52141158e-03 8.20827182e+04]
 [6.83404807e-03 7.07932337e+04]
 [4.12126337e-02 1.03834245e+04]
 [6.88198333e-03 6.30812384e+04]
 [4.08093269e-02 1.03839507e+04]
 [3.76809875e-02 1.07047837e+04]
 [2.03079142e-02 2.02412534e+04]
 [2.50331788e-02 1.69766081e+04]
 [1.75335427e-02 2.46943267e+04]
 [1.44052834e-02 2.84769649e+04]
 [3.62983950e-02 1.11075026e+04]
 [5.09170434e-02 8.79958011e+03]
 [6.70568127e-03 7.79588864e+04]]
