[[0.47998042 0.86384443]
 [0.52453762 0.79705211]
 [0.55867622 0.77649589]
 [0.18429217 0.93194081]
 [0.80810842 0.51616518]
 [0.1383792  0.97611412]
 [0.78112657 0.60798125]
 [0.65508591 0.77426838]
 [0.7937461  0.52169621]
 [0.10071314 1.00021278]
 [0.86510519 0.49164608]
 [0.96096342 0.13754673]
 [0.94206501 0.17371376]
 [0.78171532 0.58858394]
 [0.76627151 0.73525187]
 [0.97955826 0.12856004]
 [0.11081423 0.99465241]
 [0.09605976 1.00054409]
 [0.78594052 0.54733124]
 [0.82500131 0.51383722]
 [0.13898805 0.96032137]
 [0.11119664 0.99264105]
 [0.94175898 0.19074564]
 [1.00314083 0.11264336]
 [1.0541409  0.07179645]
 [0.94140317 0.23289539]
 [0.8494276  0.50954036]
 [0.18074892 0.94644911]
 [0.0811838  1.02546281]
 [0.07522712 1.06370917]]
