[[1.52610864e-02 2.65060857e+04]
 [2.92718806e-02 1.46826065e+04]
 [4.48927166e-02 9.16056255e+03]
 [3.39946541e-02 1.19017793e+04]
 [1.44905309e-02 3.23704646e+04]
 [2.69897406e-02 1.55173060e+04]
 [3.70128177e-02 1.09776149e+04]
 [4.18541489e-02 9.65590185e+03]
 [1.31546121e-02 3.47853465e+04]
 [1.07192317e-02 3.87363394e+04]
 [2.54769990e-02 1.74213262e+04]
 [2.36734457e-02 1.87026776e+04]
 [3.15247391e-02 1.32695640e+04]
 [3.18475519e-02 1.27103137e+04]
 [2.37449270e-02 1.84067872e+04]
 [6.22251176e-02 8.62118366e+03]
 [8.50740822e-03 4.97827473e+04]
 [3.15869181e-02 1.32556894e+04]
 [2.17337397e-02 1.93457341e+04]
 [2.00331343e-02 2.11149193e+04]
 [4.66159985e-02 8.79742870e+03]
 [3.49421259e-02 1.15077821e+04]
 [2.95153327e-02 1.40430200e+04]
 [2.59583797e-02 1.67756834e+04]
 [7.69090044e-03 5.94969958e+04]
 [1.95990886e-02 2.18600876e+04]
 [1.42045614e-02 3.24201842e+04]
 [3.09790915e-02 1.32942508e+04]
 [3.84267140e-02 1.07643077e+04]
 [1.64301854e-02 2.55326164e+04]
 [2.69895012e-02 1.55173434e+04]
 [4.84840417e-02 8.67471600e+03]
 [2.37617757e-02 1.75531901e+04]
 [2.56621694e-02 1.70561630e+04]
 [7.49547222e-03 6.30620826e+04]
 [4.25297324e-02 9.49674681e+03]
 [3.63043337e-02 1.14425898e+04]
 [3.83013858e-02 1.09507953e+04]
 [1.65143749e-02 2.49190980e+04]
 [3.53057506e-02 1.14656425e+04]
 [3.01367392e-02 1.36998618e+04]
 [6.55760650e-02 8.61135098e+03]
 [5.53812499e-03 7.38656896e+04]
 [1.94177753e-02 2.26336539e+04]
 [1.13848130e-02 3.81019068e+04]
 [1.51047532e-02 2.81224894e+04]
 [3.34694028e-02 1.26669842e+04]
 [1.97466968e-02 2.15004206e+04]
 [3.88152489e-02 1.03430840e+04]
 [2.74299745e-02 1.49696778e+04]
 [8.80461945e-03 4.56608076e+04]
 [4.27655122e-02 9.46264248e+03]
 [6.56318423e-02 8.60903728e+03]
 [1.46023685e-02 3.10737404e+04]
 [1.78290486e-02 2.48572764e+04]
 [7.50026712e-03 6.29612706e+04]
 [4.15138434e-02 1.01275240e+04]
 [4.74683985e-02 8.71659108e+03]
 [1.79018375e-02 2.32768364e+04]
 [2.64959008e-02 1.66978721e+04]
 [1.55522457e-02 2.62051138e+04]
 [1.57179277e-02 2.60967974e+04]
 [8.48365950e-03 5.32785727e+04]
 [6.58915383e-02 8.60309436e+03]
 [4.53235562e-02 9.05122661e+03]
 [2.06903863e-02 2.03432822e+04]
 [1.19808820e-02 3.70554109e+04]]
