[[2.08511002 2.16097348]
 [0.93130106 1.03668218]
 [1.98383737 1.6164502 ]
 [2.09597257 2.0556585 ]
 [0.70193469 0.59430447]
 [1.05814058 0.79663998]
 [1.63322451 1.58117431]
 [3.45448459 2.99196855]
 [0.09940067 0.07863296]
 [2.76410989 2.52609268]
 [0.62086658 0.83755104]
 [2.92879636 2.90878724]
 [0.29958845 0.36403037]
 [0.22275939 0.32248239]
 [1.1992388  1.48130914]
 [2.62335155 2.77442391]
 [3.08389179 2.84704896]
 [0.88098128 0.99619072]
 [2.9100709  2.63649595]
 [2.16838174 2.42208159]
 [1.42788141 1.76050002]
 [0.99284944 1.28010303]
 [2.63857323 2.40648325]
 [2.59505814 2.31265173]
 [0.80485718 1.40064007]
 [2.07924359 1.8500552 ]
 [3.91374707 2.97141535]
 [1.10716367 0.80121606]
 [0.09166321 0.20017499]
 [0.72779116 0.47319021]
 [4.52904748 2.96986554]
 [0.73396187 0.79289245]
 [2.58633799 2.74921756]
 [0.43741105 0.68192921]
 [2.85357926 2.99026028]
 [2.46035901 2.19027363]
 [1.69354013 1.57168841]
 [2.42214223 2.57795342]
 [1.37059888 1.68158997]
 [1.07056068 0.59684377]
 [0.13313942 0.33276111]
 [0.79916825 0.60780638]
 [1.85077089 1.59209232]
 [2.63951989 2.22023263]
 [2.01610236 2.27624079]
 [3.58464501 2.96197852]
 [2.00932962 2.09192406]
 [0.60383592 0.66085196]
 [0.69177345 0.87043339]
 [1.10741028 1.40173747]
 [1.57382844 1.88056681]
 [2.86636136 2.82828773]
 [2.45772575 2.57010749]
 [2.09289013 2.0503947 ]
 [1.47644397 1.63236415]
 [2.43960746 2.56606924]
 [2.92674229 2.69461514]
 [2.57087522 2.62599818]
 [0.91976721 1.38851736]
 [0.80755385 1.02732192]
 [2.14018735 1.79780927]
 [2.8968027  2.77411254]
 [0.26497271 0.59848664]
 [3.154796   2.94277103]
 [2.49966186 2.33129469]
 [1.99609303 2.39088676]
 [1.90540746 1.97803481]
 [0.354592   0.45781196]
 [0.08287941 0.34138907]
 [1.60513157 1.67373598]
 [3.49811591 2.75477577]
 [0.19864353 0.21100032]
 [2.69824555 2.6857811 ]
 [2.23317523 2.63110317]
 [1.26790875 0.82142911]
 [1.64180695 1.64269281]
 [1.93002006 1.71462628]
 [0.19929963 0.40437935]
 [0.967082   1.0069914 ]
 [3.01091827 2.89070126]
 [1.72839607 1.78687529]
 [1.5264415  1.11496373]
 [2.64683295 2.72793597]
 [1.51426323 2.02157606]
 [0.50504325 0.59378125]
 [2.70610467 2.40648325]
 [3.96661824 2.96633377]
 [0.9216351  0.86013495]
 [0.36199938 0.23764917]
 [1.47644397 1.44297295]
 [4.37062968 2.8649389 ]
 [1.69354013 1.57321966]
 [3.91374707 2.96891521]
 [1.44780898 1.66821069]
 [0.94005287 0.82385187]
 [2.88908452 2.89452014]
 [2.6229927  2.67852992]
 [1.5264415  1.10404161]
 [0.31245251 0.45781196]
 [3.01091827 2.89069435]
 [2.00932962 2.11790321]
 [0.03017399 0.06081678]
 [2.66571361 2.38608179]
 [2.62176926 2.8232629 ]
 [1.39933498 1.3040855 ]
 [1.82983634 1.6354734 ]
 [0.09940067 0.01500496]
 [1.18908512 1.38447394]
 [2.7791036  2.72083477]
 [3.45448459 2.99392876]
 [2.83157027 2.75854919]
 [2.13154419 2.36633925]
 [4.52904748 2.93709524]
 [1.72586026 1.65458158]
 [1.87909276 1.82050052]
 [2.25866574 2.26334009]
 [3.26554274 2.89377531]
 [0.42071865 0.1981781 ]
 [2.21381549 2.22331917]
 [0.43596334 0.36403037]
 [2.86636136 2.7265625 ]
 [2.93569455 2.91841826]
 [1.2960289  1.30378492]
 [2.77333655 2.6420676 ]
 [1.43939421 1.62933703]
 [2.27308796 2.566977  ]
 [2.35832228 2.17613644]
 [1.56786259 1.39967599]
 [2.88508846 2.67195501]
 [0.77190913 0.96152301]
 [2.86420686 2.99833697]
 [0.09108882 0.21100032]
 [2.5726011  2.61876713]
 [0.94775851 1.09608209]
 [1.80137677 1.51722605]
 [0.30136986 0.29498368]
 [3.01091827 2.981768  ]
 [2.86636136 2.49150318]
 [1.24737869 1.2026212 ]
 [2.92703491 2.90837385]
 [0.67539579 0.72717503]
 [4.53907926 2.91628278]
 [2.44043586 2.25835554]
 [2.66963053 2.76642649]
 [2.98825931 2.93599272]
 [1.88067992 1.61604552]
 [2.3255896  2.42249124]
 [2.47773745 2.7674975 ]
 [2.09597257 2.19112873]
 [2.43305269 2.37356574]
 [0.09940067 0.06996588]
 [1.99609303 2.16076891]
 [3.6571547  2.97141535]
 [2.38153223 2.55362718]
 [1.58973051 1.80371439]
 [1.64947936 1.33235132]
 [1.31803855 1.49393398]
 [1.38204014 1.44926594]
 [2.42386393 2.23184031]
 [4.24853301 2.902682  ]
 [3.01651322 2.86111633]
 [3.6571547  2.97038378]
 [3.05925116 2.97425494]
 [3.75983837 2.99559966]
 [3.26554274 2.89991341]
 [0.62411272 0.68238025]
 [3.01091827 2.96598111]
 [2.6229927  2.59820186]
 [2.42214223 2.56978104]
 [2.07099651 2.04123484]
 [3.85119367 2.97876809]
 [0.66147383 0.30564386]
 [0.75324748 0.86890953]
 [2.39492667 2.58883229]
 [1.47479338 1.28753136]
 [2.51116548 2.72083477]
 [1.58724902 1.97782721]
 [1.72849411 2.05065191]
 [1.89055868 2.15812547]
 [1.99625826 2.24104438]
 [0.72779116 0.46126953]
 [1.00347406 0.73231608]
 [2.93706329 2.67115359]
 [1.12142184 1.23849767]
 [2.72155123 2.49417125]
 [1.04723159 1.30165013]
 [1.63379752 1.97689599]
 [2.85357926 2.99162148]
 [2.67455221 2.82910819]
 [2.5032087  2.12083895]
 [1.28438614 0.90024314]
 [3.53178631 2.77368555]
 [3.58942963 2.93998715]
 [2.38037434 2.59113592]
 [2.91523949 2.65592361]
 [1.74173845 1.73244446]
 [1.83577385 1.8971873 ]
 [4.53907926 2.98771397]
 [0.26617503 0.15293637]
 [2.47068417 2.60892866]
 [0.95684996 1.18175519]
 [1.92991507 2.08437065]
 [1.91497327 1.94493827]
 [3.96661824 2.97111599]
 [0.9660973  0.67511987]
 [2.32500741 2.61721145]
 [1.90540746 2.07244286]
 [2.06398062 1.91832042]
 [3.92141037 2.94314351]
 [2.763607   2.57494151]
 [2.01688328 2.0574902 ]
 [2.01610236 2.19760932]
 [0.36867497 0.31603526]
 [0.67042356 0.60018457]
 [0.82723227 0.9654864 ]
 [1.48500041 1.69431881]
 [2.68337508 2.52609268]
 [2.55570739 2.54318202]
 [1.1868353  0.87757855]
 [2.58576339 2.8732982 ]
 [2.220416   2.25642287]
 [3.4627276  2.8120674 ]
 [0.50808111 0.59378125]
 [3.88638329 2.93154753]
 [0.90997136 1.03555295]
 [0.56724339 0.47450912]
 [2.86636136 2.81785363]
 [2.00247074 1.90074979]
 [3.69661682 2.96197852]
 [1.88352514 1.60813069]
 [0.28075735 0.64325367]
 [1.62664254 2.17186554]
 [4.11417622 2.902682  ]
 [2.13154419 2.54894757]
 [2.12492895 2.02803926]
 [4.56928763 2.99515694]
 [1.90025858 1.86136012]
 [2.15809674 2.32633411]
 [3.36241836 2.84920228]
 [1.31816619 1.42508357]
 [3.45448459 2.95074198]
 [1.49788787 1.17127222]
 [4.15642147 2.88698711]
 [1.47123581 1.25709154]
 [0.03017399 0.05986324]
 [1.72693437 1.64958357]
 [0.17297721 0.21100032]
 [1.96430989 2.22261913]
 [4.50639305 2.87332198]
 [1.56890851 1.32165805]
 [3.51276915 2.81051268]
 [2.47376315 2.29441497]
 [1.58828592 2.07696785]
 [1.14602514 1.33013267]]
