[[0.62822678 4.53414591 9.09509548 1.55636897]
 [0.43379929 4.27441307 8.65190854 0.52291692]
 [1.68005678 1.30700616 9.63388057 2.58191717]
 [1.04256965 1.81511829 9.40087105 1.9611576 ]
 [0.454131   4.41948928 9.29574171 1.40800301]
 [0.57152466 2.80940531 8.87781336 1.32397866]
 [4.18333615 9.3975456  9.85959642 4.69692922]
 [1.29573909 1.86709885 9.70171865 4.81726356]
 [0.39004665 5.37593333 9.54922226 1.02441607]
 [0.43379929 3.10773559 8.65190854 0.93092923]
 [1.36438273 0.93245491 8.73380419 2.21569863]
 [0.55638346 4.73829504 9.9934521  2.07869755]
 [1.32322267 0.93245491 8.65502654 2.30850721]
 [2.69218427 3.34491055 9.64206501 4.99650371]
 [0.7697199  1.90660622 9.63603167 2.93609384]
 [1.04256965 1.84407596 9.38863785 2.43177973]
 [0.24153092 7.86220145 9.95888196 2.82830408]
 [0.45677699 4.80279252 9.36619608 1.35057106]
 [0.55867567 3.30234705 9.48881637 0.91937637]
 [1.25823323 2.01832943 9.94426105 2.32740126]
 [0.31871147 5.3687516  8.52924518 0.45429442]
 [1.68005678 1.29447418 9.63388057 2.64945386]
 [1.43252468 1.59471666 9.79688521 2.18807198]
 [1.18582585 2.10351353 9.60000241 1.2892189 ]
 [0.56459786 6.03370643 9.48881637 1.08611422]
 [1.57884329 1.86709885 9.72957291 3.01626506]
 [0.37497135 4.27441307 7.76287848 0.49542707]
 [1.77844566 0.69241885 9.78886077 4.01293788]]
