[[0.43379929 4.27441307 8.65190854 0.52291692]
 [1.00490449 3.74232248 9.82763891 4.57948067]
 [1.40780274 0.80894177 9.98172051 2.1934728 ]
 [0.71289601 3.13116127 6.30653729 1.70517533]
 [1.47354661 0.83382875 9.66753    1.9028301 ]
 [0.49061771 3.25864813 6.84473155 1.71995722]
 [1.00490449 3.74232248 9.82357948 4.57948067]
 [0.42757628 4.9535335  8.39880142 1.49909814]
 [1.56437544 5.8142708  9.86146119 4.96696056]
 [0.91174475 5.72190498 9.9308916  4.80050445]
 [1.37222368 0.80894177 9.98172051 3.86366049]
 [1.15172333 8.07952338 9.920832   4.95739002]
 [1.40780274 0.87961428 9.98172051 1.53482956]
 [1.0552201  0.87961428 9.98172051 2.08474705]
 [1.58574929 1.5157577  9.81155008 2.79646469]
 [0.72780672 3.19994721 9.63590792 2.64797092]
 [2.43414241 1.95946112 9.95395645 4.68523197]
 [0.89737383 3.13873451 9.66133984 4.79518737]
 [0.82647717 1.64008188 9.04659798 3.43145977]
 [0.7702958  2.90743062 8.05105798 1.57007536]
 [1.41748941 0.64453557 9.99206913 2.35588705]
 [0.72037892 4.46652812 9.84947325 4.57788526]
 [0.71289601 3.13116127 6.9205951  1.70517533]
 [0.81069926 2.19004412 6.10846524 1.66412824]
 [1.38296141 0.80894177 9.98885901 3.86366049]
 [0.74870364 4.83322647 9.84947325 4.25707541]
 [1.15172333 8.07952338 9.920832   4.98172033]
 [0.6956162  2.08166788 9.29077591 1.58694715]
 [1.33348849 0.69166838 9.99372502 3.99949725]
 [1.03246711 3.87834125 9.979567   4.63815216]]
