[[3.60699608e+01 1.65566552e+01]
 [7.76812641e+00 3.22621992e+01]
 [2.61940879e+01 2.05456462e+01]
 [3.44753316e+01 1.71025222e+01]
 [2.86511655e+01 1.95368564e+01]
 [3.38364045e+00 3.78835185e+01]
 [7.01718697e+00 3.32064912e+01]
 [3.22853364e+01 1.82240390e+01]
 [2.06701379e+01 2.30235463e+01]
 [8.35413583e+01 6.42080819e+00]
 [6.42545421e-02 4.82357273e+01]
 [5.60857909e+01 1.11194220e+01]
 [6.81555654e+01 8.66305532e+00]
 [8.89085385e-01 4.35860832e+01]
 [6.14466549e-01 4.47011988e+01]
 [1.45298019e+01 2.68269711e+01]
 [6.31740452e+01 9.92629840e+00]
 [5.83176055e+01 1.06016468e+01]
 [7.04643053e+01 8.30666886e+00]
 [2.37133311e+01 2.18482271e+01]
 [7.07409588e+00 3.29968040e+01]
 [6.16784942e+01 9.95395502e+00]
 [7.64913006e+01 7.61132999e+00]
 [2.05528226e+01 2.32543913e+01]
 [1.04976551e+01 2.98948891e+01]
 [5.10129214e+01 1.23026655e+01]
 [4.83307391e+01 1.30055861e+01]
 [3.09838326e+01 1.84529702e+01]
 [9.65869014e+01 5.29510110e+00]
 [7.47103428e+00 3.27839613e+01]
 [1.93888691e-01 4.71300901e+01]
 [3.56757064e+01 1.67682477e+01]
 [9.35145122e+01 6.12205135e+00]
 [3.01435576e+00 3.87437753e+01]
 [1.17329489e+02 4.34324222e+00]
 [4.66951383e+00 3.58988353e+01]
 [5.69893656e+01 1.08917859e+01]
 [2.62542348e+00 3.94629533e+01]
 [6.83382844e+01 8.64617576e+00]
 [2.13531304e+01 2.26859973e+01]
 [4.18005687e+01 1.50087135e+01]
 [5.00504672e+01 1.25116603e+01]
 [1.88251444e+01 2.41843976e+01]
 [5.13824242e-01 4.54694508e+01]
 [2.58119506e+00 3.96677531e+01]
 [4.03239394e+00 3.69383522e+01]
 [2.38404433e+01 2.15314788e+01]
 [4.75859928e+01 1.32989730e+01]
 [3.69837635e+01 1.63225093e+01]
 [8.64919865e+01 6.15676129e+00]
 [3.36542071e+01 1.74010150e+01]
 [3.20537255e+00 3.81544643e+01]
 [4.94481916e+00 3.56141364e+01]
 [2.83518875e+01 1.95538827e+01]
 [1.27649019e+01 2.80997480e+01]
 [6.48609556e+01 9.26874806e+00]
 [5.05834735e+01 1.23675360e+01]
 [3.43372301e+01 1.71514592e+01]
 [1.93779981e+01 2.37564183e+01]
 [5.01455835e+01 1.24796289e+01]
 [6.33070848e+01 9.61319687e+00]
 [5.40210633e+01 1.15365319e+01]
 [6.83013424e+00 3.33587758e+01]
 [3.12500802e+01 1.84325539e+01]
 [6.43486652e+01 9.37801384e+00]
 [1.71358718e+00 4.17938033e+01]
 [1.20306667e+01 2.85309140e+01]
 [2.25733983e+01 2.24263055e+01]
 [7.44505565e+01 7.63696884e+00]
 [5.89411434e+01 1.05818184e+01]
 [4.67329773e+01 1.33736789e+01]
 [3.88029074e+01 1.58309290e+01]
 [3.01727971e+01 1.87087766e+01]
 [1.34130912e+00 4.22112876e+01]
 [4.93661976e-01 4.58807307e+01]
 [2.15113580e+01 2.25891640e+01]
 [3.35921562e-01 4.59875418e+01]
 [5.79757966e+01 1.06536827e+01]
 [4.76391019e+01 1.32669915e+01]
 [2.15758789e+01 2.25489721e+01]
 [2.66596827e+01 2.02184574e+01]
 [8.12972023e-01 4.41664531e+01]
 [7.79711709e+00 3.22085453e+01]
 [9.29939777e+00 3.10579557e+01]
 [6.96871304e+01 8.40558730e+00]
 [2.47211051e+01 2.10275627e+01]
 [1.42926711e+01 2.71591155e+01]
 [3.79945778e+01 1.59323796e+01]
 [8.62804999e+00 3.15900942e+01]
 [6.34288930e+00 3.46317578e+01]
 [1.31969028e+01 2.76972815e+01]
 [1.41242585e+01 2.76082919e+01]
 [2.76770048e+01 1.99347921e+01]
 [1.05494764e+01 2.98658082e+01]
 [2.77386830e+00 3.89277638e+01]
 [2.37216027e+01 2.17945128e+01]
 [4.21620745e+01 1.46265005e+01]
 [3.75361146e+00 3.72747338e+01]
 [6.96135576e+01 8.42397176e+00]
 [3.26021873e+01 1.77876950e+01]
 [8.02485554e+01 7.11869063e+00]
 [3.27101692e+01 1.77589149e+01]
 [6.91123586e+01 8.55038487e+00]
 [7.01730799e+01 8.31113849e+00]
 [3.91416147e+01 1.55467138e+01]
 [1.79816284e+01 2.45904349e+01]
 [5.32432904e+01 1.18283137e+01]
 [1.14352050e+02 4.60422727e+00]
 [6.91922583e-01 4.44418788e+01]
 [7.19408245e+01 8.01237546e+00]
 [2.02291111e+00 4.05086490e+01]
 [2.62728519e-01 4.64450476e+01]
 [4.13293070e+00 3.68514178e+01]
 [5.34718436e+01 1.16612434e+01]
 [2.24910830e+01 2.25071271e+01]
 [4.50652135e+01 1.38072019e+01]
 [1.21033246e+01 2.84498708e+01]
 [1.02984042e+00 4.31941739e+01]
 [4.28413418e+00 3.64353428e+01]
 [6.06772742e+01 1.00926354e+01]
 [5.17815690e+01 1.20756660e+01]
 [5.00753781e+01 1.24841183e+01]
 [5.37735675e+01 1.16335380e+01]
 [4.32148490e+01 1.43200234e+01]
 [8.24997055e+00 3.18480404e+01]
 [4.02343095e+01 1.52125254e+01]
 [1.77246208e+00 4.17276889e+01]
 [4.17486614e+01 1.51430636e+01]
 [2.33163691e+00 3.97859546e+01]
 [3.74522989e+01 1.62305068e+01]
 [4.86639651e+01 1.28542093e+01]
 [6.59442346e+01 9.06595054e+00]
 [2.95905939e+01 1.89375681e+01]
 [5.97472337e+01 1.04032550e+01]
 [6.68403514e+01 8.93316456e+00]
 [5.00398641e+01 1.25345445e+01]
 [9.37426633e+01 5.84611172e+00]
 [4.80551084e+01 1.30102136e+01]
 [5.23571049e+01 1.19935321e+01]
 [8.04329044e+01 6.86337943e+00]
 [5.92701804e+01 1.04095714e+01]
 [2.50698801e+01 2.09849769e+01]
 [4.59682030e+01 1.37273706e+01]
 [1.43056839e+01 2.68649506e+01]
 [1.43116143e+01 2.68580169e+01]
 [1.99186403e+01 2.36324011e+01]
 [5.78944611e+01 1.06871690e+01]
 [5.02307246e+01 1.24747233e+01]
 [1.04179643e+02 4.80644134e+00]
 [1.16007103e+01 2.89657046e+01]
 [4.05384499e+01 1.51437700e+01]
 [5.51145136e+00 3.48043504e+01]
 [4.01944820e+01 1.53912710e+01]
 [4.95996451e+01 1.26187807e+01]
 [2.58072508e+01 2.06961761e+01]
 [4.20461830e+01 1.48182509e+01]
 [6.68687609e+00 3.37572336e+01]
 [2.39921500e+01 2.13867306e+01]
 [3.02767653e+00 3.84618318e+01]
 [5.17401419e-02 4.84049064e+01]
 [1.01110489e+01 3.02757591e+01]
 [1.11647490e+02 4.67777453e+00]
 [7.10544996e+01 8.16604321e+00]
 [2.40720246e+01 2.13699765e+01]
 [6.50399446e+00 3.42052071e+01]
 [1.43603315e+01 2.68498598e+01]
 [2.60988131e+01 2.06876802e+01]
 [1.09769510e+01 2.93983806e+01]
 [6.69964576e+00 3.37155919e+01]
 [4.79160922e+01 1.31253989e+01]
 [3.16315781e+01 1.82396773e+01]
 [4.61637052e+01 1.36176757e+01]
 [9.42088636e+01 5.56993949e+00]
 [6.50318538e+01 9.25392324e+00]
 [3.37392001e+01 1.73680390e+01]
 [5.40930527e+01 1.15177354e+01]
 [4.63643491e+01 1.34800190e+01]
 [4.84356868e+01 1.29130139e+01]
 [4.14745386e+00 3.67499499e+01]
 [4.37254591e+01 1.42372480e+01]
 [8.48449849e+00 3.16301329e+01]
 [2.68175899e+00 3.93745425e+01]
 [6.42613130e+01 9.38377475e+00]
 [4.42209567e+01 1.40401315e+01]
 [2.68358027e+00 3.90994959e+01]
 [2.29639505e+01 2.18716787e+01]
 [1.34610446e+02 4.01541105e+00]
 [9.10496002e+00 3.12868929e+01]
 [2.18386389e-01 4.67918976e+01]
 [1.49554309e+01 2.68053799e+01]
 [3.79458051e+01 1.59488015e+01]
 [4.03535932e+00 3.68568421e+01]
 [3.52279775e+01 1.68449918e+01]
 [1.74752741e+01 2.55230076e+01]
 [3.77970584e+01 1.59832572e+01]
 [4.91457238e+01 1.27160181e+01]
 [3.70636867e+01 1.62924843e+01]
 [3.23151835e+01 1.79048758e+01]
 [7.30245915e+01 7.84209906e+00]
 [1.02797532e+02 4.89339263e+00]
 [1.54907813e+01 2.60423321e+01]
 [4.67404853e+01 1.33434645e+01]
 [1.78832191e+01 2.50680780e+01]
 [2.97444628e+01 1.88937921e+01]
 [1.91094430e+00 4.07893375e+01]
 [7.66891189e+01 7.27978795e+00]]
