[[2.23930593e+01 9.50885037e-04]
 [8.42493582e+00 2.79476072e-03]
 [2.49856601e+01 8.35621306e-04]
 [1.05192484e+01 2.36960019e-03]
 [2.05235936e+01 1.11743859e-03]
 [3.25473709e+01 6.25036631e-04]
 [1.38652865e+01 1.71436376e-03]
 [4.40484169e+00 2.03754485e-02]
 [4.83397185e+00 6.48194950e-03]
 [1.09235689e+01 1.92456864e-03]
 [2.32303165e+01 9.00723807e-04]
 [2.88344649e+01 6.39595630e-04]
 [3.55539967e+01 4.90053372e-04]
 [8.11562987e+01 4.81435193e-04]
 [2.72019138e+01 7.20938804e-04]
 [2.10190066e+01 9.98333867e-04]
 [6.00953034e+00 5.65899834e-03]
 [1.64342651e+01 1.21366622e-03]
 [1.52569863e+01 1.29487772e-03]]
