[[3.42688908 0.68209348 2.51169672 0.47775647 4.93126845 1.81612851]
 [1.8504335  0.6180169  4.47528531 0.1739196  1.09473454 1.67514952]
 [3.64832629 0.84283051 1.88435035 2.45838757 1.35308579 3.71198615]
 [2.19785355 0.13476705 1.57403125 0.88734434 1.14958905 1.03941458]
 [4.14571307 1.42046916 4.2025647  0.48634286 2.88625097 8.57802652]
 [0.55777952 2.34790707 1.54551734 0.50451813 3.10808982 4.52802684]
 [3.22827081 2.00111515 3.77694895 2.14416359 1.12763396 1.10920369]
 [3.8533552  2.12385802 3.07134104 0.09554736 3.84887423 5.6449832 ]
 [1.8504335  0.62619802 2.81400952 0.65426299 1.21617226 1.42203536]
 [3.95364433 1.07170787 3.86569633 2.53642609 3.68734859 5.78415842]
 [0.4829754  2.28651838 3.15672434 0.80797614 2.78048946 4.25048258]
 [4.01219768 1.31721043 3.6071571  2.41594111 1.07156662 5.11362126]
 [1.8504335  0.60924354 4.49681552 0.1739196  1.09473454 2.31651925]]
