[[1.86260211e-03 3.45560727e-03 1.79353495e+00]
 [4.30247271e-03 9.73802078e-03 2.35560178e+00]
 [3.81016124e-03 7.49858311e-03 2.02228296e+00]
 [2.74119775e-03 5.60529991e-03 2.34345957e+00]
 [4.44117107e-03 8.28135361e-03 1.85269631e+00]
 [4.32981507e-03 9.09311989e-03 2.21095800e+00]
 [1.15103041e-03 2.27001165e-03 2.19196477e+00]
 [3.93884008e-03 6.88955048e-03 1.80800322e+00]
 [3.72748802e-03 7.10354578e-03 1.91128685e+00]
 [4.79737567e-03 9.46676679e-03 2.10686741e+00]
 [8.48018217e-04 2.02463036e-03 2.70847595e+00]
 [2.31462936e-03 4.26821349e-03 1.49622293e+00]
 [9.04097157e-04 1.28975984e-03 1.21052505e+00]
 [2.37214058e-03 5.39490891e-03 2.49856157e+00]
 [1.86155670e-03 4.71819063e-03 2.96364884e+00]
 [1.32906238e-03 2.83462432e-03 2.60128235e+00]
 [1.08067485e-03 1.91272052e-03 1.77409247e+00]
 [2.78504172e-03 6.14781891e-03 2.33033671e+00]
 [2.26789321e-03 4.08181403e-03 2.36612810e+00]
 [1.84748152e-03 4.30973654e-03 2.74649084e+00]
 [3.31014434e-03 6.59709804e-03 1.93308698e+00]
 [9.85390106e-04 1.35597047e-03 1.31872041e+00]
 [2.15209660e-03 3.71923011e-03 1.77971078e+00]
 [4.41843803e-03 8.64550653e-03 2.08696437e+00]
 [2.11771291e-03 5.28300693e-03 2.33713705e+00]
 [4.75723627e-03 9.23611865e-03 1.83336897e+00]
 [4.45487109e-03 9.96700671e-03 2.64536596e+00]
 [2.74119775e-03 5.60529991e-03 2.34144237e+00]
 [4.40997129e-03 7.63709598e-03 1.61476296e+00]
 [4.30247271e-03 9.78270742e-03 2.38384092e+00]
 [2.74355810e-03 6.31593765e-03 2.47509396e+00]
 [3.92972998e-03 8.34233151e-03 2.29015680e+00]
 [2.42222546e-03 5.06930387e-03 1.80039077e+00]
 [1.57530347e-03 3.77526454e-03 2.54519220e+00]
 [2.15347885e-03 3.71329557e-03 1.56946805e+00]
 [4.20843752e-03 8.38696566e-03 2.03502538e+00]
 [4.80466463e-03 9.95281352e-03 2.20535871e+00]
 [3.10021539e-03 5.07186636e-03 1.76226712e+00]
 [5.59419684e-04 1.11536689e-03 1.95462501e+00]
 [1.94352578e-03 4.92149458e-03 2.25238686e+00]
 [2.32740122e-03 4.07017166e-03 1.62591587e+00]
 [8.46454880e-04 2.03715713e-03 2.00564877e+00]
 [1.15103041e-03 2.48571365e-03 2.19196477e+00]
 [2.18128168e-03 3.42980862e-03 1.37879618e+00]
 [3.32213200e-03 6.53844706e-03 2.22772680e+00]
 [1.77489074e-03 3.02858305e-03 1.47165735e+00]
 [1.07121363e-03 2.24847923e-03 2.51839210e+00]
 [2.37214058e-03 5.52100961e-03 2.49856157e+00]
 [6.80857742e-04 1.32917736e-03 2.80869052e+00]
 [3.39563042e-03 5.31580278e-03 1.67943912e+00]
 [1.25336514e-03 2.60971088e-03 2.23669174e+00]
 [4.69955685e-03 8.53836653e-03 1.68331669e+00]
 [7.51051969e-04 1.35079158e-03 2.01132433e+00]
 [3.20354290e-03 5.72914730e-03 1.47334073e+00]
 [2.16772785e-03 4.55835582e-03 2.59460207e+00]
 [2.58081754e-03 5.87939745e-03 2.49761837e+00]
 [2.88890820e-03 5.74889593e-03 1.63804629e+00]
 [1.84748152e-03 4.56841405e-03 2.73376586e+00]
 [9.83281902e-03 9.99711517e-03 2.81252079e+00]
 [3.65468809e-03 7.94663613e-03 2.16814632e+00]
 [2.26789321e-03 4.08181403e-03 2.25642523e+00]
 [3.18747943e-03 6.05896361e-03 1.62228732e+00]
 [5.00562433e-03 8.98930381e-03 1.93725669e+00]
 [3.72748802e-03 6.68604475e-03 1.84643860e+00]
 [9.05277724e-04 1.73302748e-03 1.77409247e+00]
 [4.73219616e-03 9.33090756e-03 2.12405402e+00]
 [2.33752692e-03 5.55900211e-03 2.07353664e+00]
 [8.73944903e-04 1.99495546e-03 2.00066472e+00]]
