[[1.45988514e+01 1.87473437e-03]
 [4.86621314e+00 6.48194950e-03]
 [2.23930593e+01 9.50885037e-04]
 [1.62072948e+01 1.34727829e-03]
 [1.26053579e+01 1.94096797e-03]
 [1.05192484e+01 2.36960019e-03]
 [2.33809404e+02 4.87621294e-04]
 [3.91394634e+01 4.99031153e-04]
 [1.00224131e+01 2.46089852e-03]
 [7.27518483e+00 3.64100828e-03]
 [1.58196678e+01 1.48714410e-03]
 [2.03475622e+01 1.05812307e-03]
 [1.61573848e+01 1.46668769e-03]
 [6.69835927e+01 4.90114684e-04]
 [2.28990389e+01 8.35621306e-04]
 [1.96175033e+01 1.09079239e-03]
 [3.01322016e+01 7.85807627e-04]
 [1.25499679e+01 1.97818506e-03]
 [8.40047527e+00 2.79476072e-03]
 [2.13658566e+01 9.59147236e-04]
 [4.21309109e+00 7.78762250e-03]
 [2.28177384e+01 9.26646221e-04]
 [1.96980609e+01 1.06696072e-03]
 [1.28562228e+01 1.92456864e-03]
 [1.20578513e+01 2.36571524e-03]
 [2.75440285e+01 7.90174954e-04]
 [4.04520929e+00 9.47165786e-03]
 [3.01859828e+01 5.83196894e-04]]
