[[4.30247271e-03 9.73802078e-03 2.35560178e+00]
 [1.98569888e-03 4.26701009e-03 1.68669248e+00]
 [5.41559379e-03 9.74740371e-03 2.27320880e+00]
 [3.81016124e-03 7.49858311e-03 2.02228296e+00]
 [2.74119775e-03 5.60529991e-03 2.34345957e+00]
 [1.32161142e-03 2.06454059e-03 1.15237762e+00]
 [4.44117107e-03 8.28135361e-03 1.85269631e+00]
 [4.32981507e-03 9.09311989e-03 2.21095800e+00]
 [1.15103041e-03 2.27001165e-03 2.19196477e+00]
 [2.53888621e-03 5.91387182e-03 1.85759032e+00]
 [3.93884008e-03 6.88955048e-03 1.80800322e+00]
 [8.96306989e-04 2.10770942e-03 2.00564877e+00]
 [3.72748802e-03 7.10354578e-03 1.91128685e+00]
 [6.05212895e-03 9.90406197e-03 2.54783250e+00]
 [2.69654701e-03 5.90546522e-03 1.76106815e+00]
 [3.14417222e-03 6.05896361e-03 2.18969427e+00]
 [8.48018217e-04 2.02463036e-03 2.70847595e+00]
 [2.31462936e-03 4.26821349e-03 1.49622293e+00]
 [9.04097157e-04 1.28975984e-03 1.21052505e+00]
 [4.93963846e-04 1.50455028e-03 1.79070095e+00]
 [4.50140846e-03 8.96324816e-03 2.01528408e+00]
 [3.45809532e-03 6.97368876e-03 2.18791406e+00]
 [3.19542346e-03 5.04519170e-03 1.56583615e+00]
 [4.26261855e-03 9.64318428e-03 2.35560178e+00]
 [6.20491193e-04 1.84982966e-03 2.68852001e+00]
 [2.43040949e-03 5.82681431e-03 1.83169744e+00]
 [2.58031652e-03 5.91387182e-03 1.85759032e+00]
 [2.00727488e-03 4.13500390e-03 2.78886484e+00]
 [3.31926684e-03 6.33809505e-03 2.07353664e+00]
 [3.15173797e-03 4.54317438e-03 1.49697552e+00]
 [4.36780204e-03 9.73437180e-03 2.33606028e+00]
 [2.03528954e-03 4.26957749e-03 1.68271818e+00]
 [4.46597795e-03 8.71706223e-03 1.79057209e+00]
 [2.84774111e-03 6.18236857e-03 2.34769802e+00]
 [3.72748802e-03 7.10354578e-03 1.94808886e+00]
 [1.26329519e-03 2.47230100e-03 2.01132433e+00]
 [1.15103041e-03 2.19021701e-03 2.19196477e+00]
 [5.14727349e-04 1.75338261e-03 2.54865675e+00]
 [6.05212895e-03 9.96767711e-03 2.70765170e+00]
 [1.09355206e-03 1.89571738e-03 2.16686728e+00]
 [2.74119775e-03 5.61825902e-03 2.37756381e+00]
 [3.75189840e-03 8.18303191e-03 2.37872618e+00]
 [1.66552612e-03 3.38708025e-03 2.04779227e+00]
 [3.41145897e-03 6.69071341e-03 2.00568038e+00]
 [5.41559379e-03 9.63425776e-03 2.26999143e+00]
 [1.27654718e-03 2.66026770e-03 2.19196477e+00]
 [1.99770389e-03 4.76334282e-03 1.89134591e+00]
 [1.43668282e-03 2.93393080e-03 2.39736757e+00]
 [2.62181882e-03 5.86125563e-03 2.42502677e+00]
 [3.94115122e-04 1.16880338e-03 2.71934830e+00]
 [2.36435498e-03 5.50273144e-03 2.31137844e+00]
 [5.97643327e-03 9.91139003e-03 1.99326238e+00]
 [2.55970482e-03 4.76584842e-03 2.43529632e+00]
 [9.94405629e-04 1.39551854e-03 1.27225933e+00]
 [3.92972998e-03 7.85586787e-03 2.09023237e+00]
 [5.21981798e-03 9.79437481e-03 2.46922958e+00]
 [2.40919142e-03 4.26821349e-03 1.50013589e+00]
 [3.90547832e-04 1.22324941e-03 2.79148085e+00]
 [1.04878076e-03 1.29634048e-03 1.99804043e+00]
 [5.04038333e-03 9.83964103e-03 1.89180349e+00]
 [8.96306989e-04 2.10770942e-03 2.08754091e+00]
 [1.70131178e-03 3.90988430e-03 2.78886484e+00]
 [2.59904890e-03 5.50627640e-03 2.22007341e+00]
 [8.58064340e-03 9.88947854e-03 2.99853402e+00]
 [5.56984127e-04 1.44803513e-03 1.74476979e+00]]
