[[2.08511002 2.16097348]
 [0.93130106 1.03668218]
 [2.09597257 2.0556585 ]
 [2.08652401 1.67606949]
 [0.70193469 0.59430447]
 [1.05814058 0.79663998]
 [1.63322451 1.58117431]
 [3.45448459 2.99196855]
 [0.09940067 0.07863296]
 [2.76410989 2.52609268]
 [2.92879636 2.90878724]
 [0.29958845 0.36403037]
 [0.22275939 0.32248239]
 [2.62335155 2.77442391]
 [3.08389179 2.84704896]
 [1.95003857 1.457972  ]
 [0.88098128 0.99619072]
 [2.9100709  2.63649595]
 [2.63857323 2.40648325]
 [2.59505814 2.31265173]
 [3.91374707 2.97141535]
 [1.23866451 0.78651925]
 [0.09166321 0.20017499]
 [1.9742524  2.24081549]
 [4.52904748 2.96986554]
 [0.73396187 0.79289245]
 [2.58633799 2.74921756]
 [0.43741105 0.68192921]
 [2.85357926 2.99026028]
 [1.69354013 1.57168841]
 [2.42214223 2.57795342]
 [1.37059888 1.68158997]
 [0.13313942 0.33276111]
 [0.79916825 0.60780638]
 [2.63951989 2.22023263]
 [2.01610236 2.27624079]
 [3.58464501 2.96197852]
 [1.87437972 2.31096758]
 [2.00932962 2.09192406]
 [0.60383592 0.66085196]
 [0.69177345 0.87043339]
 [1.72849411 2.02491481]
 [1.10741028 1.40173747]
 [1.57382844 1.88056681]
 [2.86636136 2.82828773]
 [2.45772575 2.57010749]
 [2.09289013 2.0503947 ]
 [1.47644397 1.63236415]
 [2.43960746 2.56606924]
 [2.92674229 2.69461514]
 [2.57087522 2.62599818]
 [0.80755385 1.02732192]
 [2.8968027  2.77411254]
 [1.14602514 1.30165013]
 [3.154796   2.94277103]
 [2.51754755 2.8977992 ]
 [2.49966186 2.33129469]
 [1.90540746 1.97803481]
 [0.354592   0.45781196]
 [1.60513157 1.67373598]
 [3.49811591 2.75477577]
 [0.19864353 0.21100032]
 [2.69824555 2.6857811 ]
 [2.23317523 2.63110317]
 [1.64180695 1.64269281]
 [1.93002006 1.71462628]
 [0.19929963 0.40437935]
 [0.967082   1.0069914 ]
 [3.01091827 2.89070126]
 [1.72839607 1.78687529]
 [2.24368629 2.1129402 ]
 [0.88339447 1.17329737]
 [1.17538818 1.38480624]
 [1.97441131 1.38473913]
 [0.61386065 0.56270968]
 [2.35248838 2.48140801]
 [2.29978366 2.29161815]
 [0.63356692 0.73279999]
 [3.02153422 2.87640755]
 [1.96942004 2.06686514]
 [3.50266536 2.79167946]
 [1.95305249 2.08881025]
 [3.06556168 2.8072088 ]
 [2.98444262 2.93877052]
 [2.2050331  2.21883589]
 [1.38600052 1.6044967 ]
 [2.74526722 2.40298367]
 [0.35271022 0.22039996]
 [3.02606448 2.97121859]
 [0.4449911  0.55471677]
 [0.18931294 0.17275052]
 [0.82659245 0.59158904]
 [2.58099231 2.58967945]
 [2.32566972 2.42024043]
 [1.28330495 1.17429109]
 [0.28987907 0.41644955]
 [0.72892716 0.73464192]
 [2.78634115 2.72132717]
 [2.60156818 2.48540444]
 [2.52889693 2.47457569]
 [2.03144214 2.23124759]
 [1.55506534 1.64546727]
 [2.39868784 2.84003004]
 [1.64573001 1.58400419]
 [1.15731468 1.28046405]
 [0.45204858 0.38692795]
 [0.52631263 0.51818239]
 [3.02711004 2.92871479]
 [3.09559817 2.95633474]
 [2.75997514 2.89174767]
 [1.98231345 1.8840697 ]
 [0.99099615 0.66178225]
 [2.68001287 2.70234934]
 [1.17760978 0.88780516]
 [2.82866073 2.7264241 ]
 [1.86249383 1.8571189 ]
 [2.33775027 2.00082763]
 [2.06835082 2.05292887]
 [1.09576903 1.28640208]
 [3.09696083 2.94209711]
 [2.85504381 2.8921084 ]
 [0.87666296 1.02344047]
 [1.48064962 1.59876768]
 [0.3354473  0.59594479]
 [3.70982118 2.94864236]
 [2.08050386 1.5947504 ]
 [0.36257764 0.51810326]
 [2.47747491 2.47337883]
 [0.66453119 0.8503873 ]
 [2.09974127 1.80836029]
 [2.40722949 2.41078388]
 [1.40096318 1.35408558]
 [1.3981059  1.27053016]
 [2.21751921 2.09352497]
 [1.89054293 2.08798953]
 [0.51409184 0.5875027 ]
 [0.94569187 1.18075024]
 [1.37237056 1.58014758]
 [2.48782192 2.46353089]
 [2.2022028  2.26252508]
 [1.95386537 1.4017157 ]
 [0.7337369  0.85194968]
 [1.5109075  1.10019594]
 [1.00798317 0.98257217]
 [2.28852644 2.26386668]
 [1.37731013 1.52822574]
 [1.77451255 1.9605931 ]
 [2.71308206 2.65216864]
 [0.95636026 1.1611387 ]
 [0.99116145 0.85714949]
 [1.39179665 1.4624139 ]
 [1.25480769 1.27947884]
 [0.57913373 0.81165598]
 [2.52881674 2.35950229]
 [2.94454352 2.52755463]
 [1.68360545 1.75928826]
 [0.811225   0.58378121]
 [0.07544654 0.09658321]
 [0.57646713 0.62429223]
 [0.21314841 0.29832077]
 [2.31237233 2.60884226]
 [1.1745111  1.12214015]
 [2.06139464 1.8346323 ]
 [2.43212287 2.0974397 ]
 [1.82085149 1.69993667]
 [1.0081588  1.24938767]
 [1.15470854 0.85913139]
 [0.72586646 1.0040416 ]
 [1.1339466  1.22454421]
 [0.7536983  0.73129193]
 [2.71270117 2.64745852]
 [2.31042096 2.26770329]
 [2.39569639 2.44222126]
 [2.60890605 2.3654374 ]
 [1.97731858 1.99183824]
 [4.70424605 2.93879361]
 [0.92374076 1.29292096]
 [0.43339383 0.57900011]
 [0.99822785 1.24526966]
 [0.54683828 0.52062794]
 [3.08712853 2.95613997]
 [1.71968294 2.05161965]
 [2.44792016 2.78043847]
 [0.88288504 0.81061544]
 [0.1113282  0.33276111]
 [4.892676   2.92135468]
 [0.40918648 0.40061813]
 [0.10020787 0.02236814]
 [1.98627929 1.6706608 ]
 [2.43797897 2.68325743]
 [1.9979779  1.8346323 ]
 [1.00423803 1.31949244]
 [1.94609642 1.44993657]
 [1.17907319 1.21213735]
 [0.39366822 0.25134163]
 [2.07534827 2.1636314 ]
 [1.32320772 1.35743964]
 [0.36539419 0.38094572]
 [2.30073606 2.62424286]
 [3.93357589 2.97141535]
 [1.2993007  1.37754812]
 [2.29812545 2.26770329]
 [2.38163096 2.41078388]
 [0.66403742 0.63707167]
 [2.85504381 2.95399649]
 [3.47612482 2.99142416]
 [4.48916403 2.96986554]
 [0.80797357 0.82757443]
 [0.56355062 0.4867489 ]
 [3.54711842 2.7741972 ]
 [1.58746534 1.73516884]
 [1.3864752  1.41078028]
 [1.05175435 1.52544604]
 [3.18121514 2.99196855]
 [2.71277686 2.54316304]
 [3.01162279 2.99719008]
 [4.3380846  2.97048314]
 [1.14913988 1.39466289]
 [1.9500943  1.41960578]
 [1.94728495 1.59386343]
 [2.58204884 2.72302103]
 [0.45506622 0.42318081]
 [1.68465308 1.79299097]
 [3.86962515 2.94052063]
 [1.64848603 1.64932029]
 [1.67478231 1.55137832]
 [0.91139125 0.89125064]
 [1.96778923 1.57922801]
 [1.38402273 1.52822574]
 [2.47157279 2.95665269]
 [4.27358042 2.96816673]
 [0.07544654 0.04355911]
 [3.75010882 2.96408809]
 [1.34525807 1.58863983]
 [0.99604742 0.74527274]
 [0.93027641 0.95349428]
 [3.15428844 2.98524874]
 [2.2773101  2.22067656]
 [1.90745289 2.02491481]
 [2.61760703 2.48540444]
 [0.62086658 0.79507352]
 [0.1684327  0.34618555]
 [0.42372555 0.19289076]
 [2.71270117 2.59693875]
 [2.8227656  2.57931364]
 [1.52149699 1.439425  ]
 [2.92879636 2.61216326]
 [1.01799167 0.79216377]
 [2.2051673  2.03608814]
 [1.95811204 2.00398709]
 [1.85531701 1.73098442]
 [2.18439378 2.26510543]
 [3.13630309 2.92931989]
 [1.55506534 1.52768581]
 [1.72060566 1.57893772]
 [1.1856804  1.44560248]
 [2.33101521 2.3654374 ]
 [2.50437851 2.57795342]
 [1.24010516 1.44357203]
 [2.05907346 1.61031435]
 [1.37059888 1.5962797 ]
 [2.40568562 2.20769497]
 [1.2532374  1.48706588]
 [1.07089267 1.21411376]
 [3.154796   2.98835178]
 [1.71946827 1.8840697 ]
 [1.68910571 1.3708971 ]
 [1.59388668 2.08798953]
 [2.61443585 2.56897017]
 [2.8099383  2.68568914]
 [1.01904062 1.39026346]
 [3.45884882 2.80975079]
 [1.4820506  1.44623757]
 [0.52739037 0.5875027 ]
 [3.58464501 2.98711518]
 [2.84310216 2.9736909 ]
 [4.91294895 2.99293797]
 [2.02000805 1.81631742]
 [3.2421457  2.91438553]
 [4.07232365 2.99978918]
 [1.07693931 1.09051078]
 [0.64656057 1.00917752]
 [1.62766938 1.62993263]
 [2.76069404 2.75821003]
 [1.25441254 1.47222035]
 [3.16730417 2.90368179]
 [2.78105213 2.57494151]
 [0.8956312  1.01234296]
 [1.56323731 1.59209232]
 [1.87152323 2.13867553]
 [0.78365716 0.59637148]
 [2.40300596 2.24529151]
 [2.92868399 2.74582296]
 [0.18913506 0.12621165]
 [2.4117308  2.1951858 ]
 [2.16592975 2.23972584]
 [2.88020871 2.78050671]
 [1.96466069 1.84710069]
 [1.38600052 1.59573996]
 [1.32914619 1.36321479]
 [1.00783901 1.1640013 ]
 [0.38241096 0.21679427]
 [1.15454225 0.99548954]
 [0.86118428 0.68830854]
 [3.91374707 2.98132666]
 [2.04710211 2.03773127]
 [1.7427156  1.78794716]
 [0.13007832 0.23883401]
 [1.41201749 1.05457688]
 [1.0218446  0.93756552]
 [2.60120582 2.30735705]
 [2.2022028  2.19716809]]
