[[2.08511002 2.16097348]
 [0.93130106 1.03668218]
 [2.09597257 2.0556585 ]
 [0.70193469 0.59430447]
 [1.05814058 0.79663998]
 [1.63322451 1.58117431]
 [3.45448459 2.99196855]
 [0.09940067 0.07863296]
 [2.76410989 2.52609268]
 [0.62086658 0.83755104]
 [2.92879636 2.90878724]
 [0.29958845 0.36403037]
 [1.1992388  1.48130914]
 [2.62335155 2.77442391]
 [3.08389179 2.84704896]
 [0.88098128 0.99619072]
 [0.99284944 1.28010303]
 [2.63857323 2.40648325]
 [2.59505814 2.31265173]
 [2.07924359 1.8500552 ]
 [3.91374707 2.97141535]
 [2.2095214  1.74473222]
 [1.23866451 0.78651925]
 [0.09166321 0.20017499]
 [1.9742524  2.24081549]
 [0.73396187 0.79289245]
 [2.58633799 2.74921756]
 [0.43741105 0.68192921]
 [2.85357926 2.99026028]
 [1.69354013 1.57168841]
 [0.62411272 0.93750414]
 [2.42214223 2.57795342]
 [1.37059888 1.68158997]
 [1.07056068 0.59684377]
 [0.40264764 0.69510693]
 [2.17652979 2.77036865]
 [0.79916825 0.60780638]
 [2.07039228 1.63970708]
 [0.70193469 0.5917696 ]
 [2.8987261  2.69976899]
 [1.27210233 1.36232258]
 [2.09594011 2.0860769 ]
 [2.53582151 2.64908587]
 [4.52904748 2.98557853]
 [0.556823   0.70088185]
 [0.23014273 0.08433129]
 [1.64008962 1.69415487]
 [1.56911466 1.73360342]
 [1.72784949 1.8500552 ]
 [2.95224999 2.90878724]
 [1.29684572 1.430647  ]
 [0.19691734 0.07863296]
 [2.06732269 1.85841967]
 [1.78695997 1.84463471]
 [2.98717334 2.92178455]
 [2.52722508 2.09927508]
 [1.5343132  1.4838118 ]
 [3.64284073 2.99196855]
 [1.86316149 1.6164502 ]
 [2.10739871 2.05547988]
 [3.31897323 2.88012874]
 [3.76506098 2.96986554]
 [3.31359906 2.90311365]
 [2.85357926 2.99806769]
 [1.97521358 2.23785374]
 [2.42214223 2.56362411]
 [2.84334427 2.63649595]
 [0.55687264 0.37898856]
 [3.00600847 2.71120283]
 [0.51975706 0.35892627]
 [4.10824003 2.93276965]
 [2.84369359 2.80162573]
 [2.07046291 2.47375181]
 [2.06079433 2.31577344]
 [2.51338814 2.68065868]
 [1.01375263 0.59684377]
 [0.62411272 0.80889942]
 [2.61275394 2.88353735]
 [0.86430649 1.08807822]
 [4.52904748 2.99951774]
 [1.73560417 1.73193567]
 [0.96349169 1.29150804]
 [2.07083461 1.63473597]
 [0.70021884 0.50020216]
 [0.73396187 0.92054107]
 [3.31855083 2.84600049]
 [0.66793229 0.80328563]
 [1.28450544 1.55710485]
 [1.22091865 0.80121606]
 [0.93482047 0.96799709]
 [1.57226126 1.41731353]
 [2.42645963 2.57795342]
 [1.30325785 1.35667077]
 [1.62464315 1.64566434]
 [2.34314171 2.30456301]
 [4.84505425 2.98557853]
 [0.78393604 1.22753848]
 [3.37282012 2.67562005]
 [3.67811739 2.99914964]
 [4.26061462 2.97688183]
 [2.90793094 2.87258163]
 [0.36654041 0.4627198 ]
 [0.44565478 0.48044405]
 [2.52259585 2.75101382]
 [2.94204934 2.52383844]
 [0.90177701 1.41845259]
 [3.31359906 2.8549272 ]
 [3.74396947 2.97141535]
 [4.45420103 2.96986554]
 [2.30592375 2.48062538]
 [4.04743243 2.95164259]
 [0.73365354 0.64473415]
 [2.63137762 2.73328598]
 [2.36702134 2.32588471]
 [4.51952478 2.97963859]
 [0.21182418 0.3176172 ]
 [0.09940067 0.12667008]
 [0.68216315 0.37892519]
 [1.77722815 2.00195255]
 [3.00600847 2.9810149 ]
 [3.46982265 2.99196855]
 [2.00156539 2.03630533]
 [4.10824003 2.9770218 ]
 [1.61445495 1.54288161]
 [3.76555157 2.97337129]
 [0.70193469 0.61933287]
 [2.50027311 2.76589441]
 [1.27192719 1.63904045]
 [1.61445495 1.24395966]
 [4.1988905  2.98022661]
 [3.43250464 2.8685063 ]
 [4.52765233 2.98104784]
 [1.7209543  1.75103583]
 [2.33631749 2.75107702]
 [2.02079863 2.46305484]
 [0.78516517 0.60001013]
 [3.23923091 2.89247638]
 [1.32101477 0.79663998]
 [1.57350899 1.94882274]
 [2.66293865 2.87663913]
 [3.44137792 2.95725303]
 [3.67304241 2.95383417]
 [3.55781902 2.97860452]
 [2.13290415 1.86817929]
 [2.07046291 2.47169866]
 [3.49398919 2.98774905]
 [3.65981806 2.98648853]
 [2.07856797 1.9098132 ]
 [3.91374707 2.93575651]
 [2.44757295 2.57494151]
 [1.32072797 1.55710485]
 [0.97770705 1.47134264]
 [2.33272376 2.11343368]
 [1.77379053 2.31287253]
 [3.84811942 2.95896602]
 [3.77978418 2.97337129]
 [1.84225406 1.92154619]
 [1.5512581  1.24039189]
 [1.15341985 1.44571284]
 [0.70193469 0.65104593]
 [1.64473049 1.70698587]
 [4.29223606 2.9921951 ]
 [2.87275818 2.80162573]
 [2.96533417 2.71929705]
 [1.32693449 1.38048716]
 [2.50427324 2.91474383]
 [1.29875182 1.58117431]
 [2.87370977 2.94585141]
 [2.0973253  2.07001657]
 [1.47271023 1.0976786 ]
 [3.67804636 2.9835316 ]
 [3.46982265 2.98551829]
 [2.52067427 2.90311365]
 [2.19661681 1.7661174 ]
 [0.26882296 0.18413144]
 [2.15900231 2.09608791]
 [1.58199455 1.55440122]
 [2.59800735 2.93040852]
 [3.91565066 2.99894452]
 [1.72480851 1.85448882]
 [0.34742474 0.64799895]
 [1.07056068 0.73238922]
 [2.21367731 2.37911563]
 [1.77634459 1.84749504]
 [3.89801911 2.9770218 ]
 [2.80465961 2.91954865]
 [2.73722054 2.9422139 ]
 [2.89633003 2.79614954]
 [2.01123048 2.12516743]
 [4.25908099 2.97665528]
 [3.01214227 2.97232498]
 [1.25799051 1.36232258]
 [2.1692938  2.13678984]
 [2.45582422 2.655012  ]
 [0.98787263 1.20089819]
 [1.77322803 1.80863513]
 [0.84661095 1.13522904]
 [0.32859257 0.48044405]
 [2.86687271 2.94660236]
 [2.11453345 2.31815188]
 [2.2234768  2.01006817]
 [2.61389247 2.96007563]
 [3.28565803 2.81777796]
 [2.15332448 2.21185692]
 [0.47188862 0.21486551]
 [0.68742015 1.1312478 ]
 [3.48828451 2.94585141]
 [0.13133098 0.09524448]
 [2.58285771 2.41859025]
 [1.2691303  1.63904045]
 [1.54325649 1.61093   ]
 [2.81344045 2.91768476]
 [2.5686147  2.88353735]
 [1.18733078 1.45549006]
 [2.29943949 2.46305484]
 [0.70021884 0.58097154]
 [3.1375665  2.74922618]
 [4.10824003 2.92524071]
 [0.49058223 0.34487938]
 [0.97770705 1.27108648]
 [2.77020823 2.98025034]
 [3.66740609 2.95432802]
 [2.61905542 2.74264004]
 [1.86316149 2.00505786]
 [0.63862092 0.5050911 ]
 [0.23376972 0.10807613]
 [3.12064401 2.80287082]
 [2.33731134 2.38623681]
 [0.22273559 0.36631609]
 [1.96369445 1.68280327]
 [1.86391172 1.88976488]
 [2.25210789 2.2042359 ]
 [1.29684572 1.08319219]
 [4.46814096 2.98874036]
 [1.34058053 1.19311229]
 [1.79598328 1.74875896]
 [1.93108837 1.73193567]
 [2.88035975 2.66373153]
 [0.3959411  0.68192921]
 [4.16881418 2.97474485]
 [0.08766765 0.20087599]
 [2.96318474 2.61774681]
 [2.65592497 2.20158832]
 [1.58124186 1.61573892]
 [1.0277656  1.43887991]
 [2.13201932 2.2042359 ]
 [0.73778942 0.62823904]
 [0.97502254 1.32304603]
 [0.29905776 0.18413144]
 [1.76806332 1.69415487]
 [1.61627357 1.81386104]
 [3.37561712 2.9752235 ]
 [1.42788141 1.69389197]
 [3.93063177 2.99899624]
 [0.77810383 1.01576181]
 [2.4200974  2.08386284]
 [3.39534418 2.6736913 ]
 [4.59492886 2.99738599]
 [3.29097666 2.91848768]
 [1.72784949 1.86614757]
 [1.03272257 0.66033515]
 [1.60413517 1.36506182]
 [2.9141947  2.74170128]
 [2.29269162 2.03042126]
 [0.25453097 0.47734516]
 [2.50427324 2.31844009]
 [4.95862603 2.98557853]
 [2.52259585 2.03233924]
 [0.28708826 0.25842242]
 [1.77722815 1.61334489]
 [3.44956566 2.95725303]
 [2.95216849 2.4831528 ]
 [2.73058493 2.57491835]
 [0.28121389 0.36403037]
 [4.41389138 2.96821525]
 [1.08451567 1.45710056]
 [4.76391837 2.97341062]
 [1.91229384 1.89182617]
 [4.47788534 2.97395448]
 [0.95145043 1.14776029]
 [0.66793229 0.8239353 ]
 [2.72567435 2.87447775]
 [2.21805495 2.67619721]
 [0.7054916  0.53344757]
 [1.60948025 1.92154619]
 [1.99364006 2.14964573]
 [0.66793229 0.6961982 ]
 [0.14118159 0.10645859]
 [2.51044136 2.63581005]
 [1.29875182 1.46996278]]
