[[3.60699608e+01 1.65566552e+01]
 [7.76812641e+00 3.22621992e+01]
 [2.61940879e+01 2.05456462e+01]
 [3.44753316e+01 1.71025222e+01]
 [3.38364045e+00 3.78835185e+01]
 [7.01718697e+00 3.32064912e+01]
 [2.06701379e+01 2.30235463e+01]
 [8.35413583e+01 6.42080819e+00]
 [6.42545421e-02 4.82357273e+01]
 [6.81555654e+01 8.66305532e+00]
 [8.89085385e-01 4.35860832e+01]
 [6.14466549e-01 4.47011988e+01]
 [1.59864835e+01 2.67843790e+01]
 [1.45298019e+01 2.68269711e+01]
 [5.83176055e+01 1.06016468e+01]
 [7.04643053e+01 8.30666886e+00]
 [7.07409588e+00 3.29968040e+01]
 [6.16784942e+01 9.95395502e+00]
 [1.04976551e+01 2.98948891e+01]
 [5.10129214e+01 1.23026655e+01]
 [4.83307391e+01 1.30055861e+01]
 [3.09838326e+01 1.84529702e+01]
 [1.07577721e+02 5.06983686e+00]
 [9.65869014e+01 5.29510110e+00]
 [8.61160919e+00 3.19010647e+01]
 [7.47103428e+00 3.27839613e+01]
 [1.93888691e-01 4.71300901e+01]
 [3.56757064e+01 1.67682477e+01]
 [3.01435576e+00 3.87437753e+01]
 [1.17329489e+02 4.34324222e+00]
 [4.66951383e+00 3.58988353e+01]
 [5.69893656e+01 1.08917859e+01]
 [2.62542348e+00 3.94629533e+01]
 [6.83382844e+01 8.64617576e+00]
 [4.34026601e+01 1.43443386e+01]
 [2.13531304e+01 2.26859973e+01]
 [4.18005687e+01 1.50087135e+01]
 [5.00504672e+01 1.25116603e+01]
 [1.88251444e+01 2.41843976e+01]
 [6.00929066e+00 3.48282781e+01]
 [5.13824242e-01 4.54694508e+01]
 [4.03239394e+00 3.69383522e+01]
 [2.38404433e+01 2.15314788e+01]
 [4.75859928e+01 1.32989730e+01]
 [3.69837635e+01 1.63225093e+01]
 [8.64919865e+01 6.15676129e+00]
 [3.36542071e+01 1.74010150e+01]
 [3.20537255e+00 3.81544643e+01]
 [4.94481916e+00 3.56141364e+01]
 [2.83518875e+01 1.95538827e+01]
 [1.27649019e+01 2.80997480e+01]
 [2.40538698e+01 2.14695150e+01]
 [6.48609556e+01 9.26874806e+00]
 [5.05834735e+01 1.23675360e+01]
 [3.43372301e+01 1.71514592e+01]
 [1.93779981e+01 2.37564183e+01]
 [5.01455835e+01 1.24796289e+01]
 [6.33070848e+01 9.61319687e+00]
 [5.40210633e+01 1.15365319e+01]
 [1.10958087e+01 2.96911065e+01]
 [6.83013424e+00 3.33587758e+01]
 [6.43486652e+01 9.37801384e+00]
 [1.20306667e+01 2.85309140e+01]
 [7.44505565e+01 7.63696884e+00]
 [4.67329773e+01 1.33736789e+01]
 [3.01727971e+01 1.87087766e+01]
 [1.34130912e+00 4.22112876e+01]
 [4.93661976e-01 4.58807307e+01]
 [2.15113580e+01 2.25891640e+01]
 [7.93024178e+01 7.29668767e+00]
 [3.35921562e-01 4.59875418e+01]
 [5.79757966e+01 1.06536827e+01]
 [4.76391019e+01 1.32669915e+01]
 [2.15758789e+01 2.25489721e+01]
 [2.66596827e+01 2.02184574e+01]
 [1.08977338e+02 5.00396913e+00]
 [2.58182713e+01 2.08055238e+01]
 [8.12972023e-01 4.41664531e+01]
 [7.79711709e+00 3.22085453e+01]
 [9.29939777e+00 3.10579557e+01]
 [6.96871304e+01 8.40558730e+00]
 [2.47211051e+01 2.10275627e+01]
 [3.79945778e+01 1.59323796e+01]
 [8.62804999e+00 3.15900942e+01]
 [1.31969028e+01 2.76972815e+01]
 [1.41242585e+01 2.76082919e+01]
 [1.05494764e+01 2.98658082e+01]
 [2.77386830e+00 3.89277638e+01]
 [4.67663491e+01 1.33526234e+01]
 [4.21620745e+01 1.46265005e+01]
 [3.75361146e+00 3.72747338e+01]
 [5.38580768e+01 1.16485177e+01]
 [6.96135576e+01 8.42397176e+00]
 [3.26021873e+01 1.77876950e+01]
 [3.27101692e+01 1.77589149e+01]
 [7.01730799e+01 8.31113849e+00]
 [3.91416147e+01 1.55467138e+01]
 [1.79816284e+01 2.45904349e+01]
 [6.91922583e-01 4.44418788e+01]
 [1.65221373e+01 2.61863567e+01]
 [7.19408245e+01 8.01237546e+00]
 [2.02291111e+00 4.05086490e+01]
 [9.54567866e+01 5.83514359e+00]
 [2.62728519e-01 4.64450476e+01]
 [4.13293070e+00 3.68514178e+01]
 [5.34718436e+01 1.16612434e+01]
 [4.50652135e+01 1.38072019e+01]
 [1.21033246e+01 2.84498708e+01]
 [1.02984042e+00 4.31941739e+01]
 [4.28413418e+00 3.64353428e+01]
 [6.06772742e+01 1.00926354e+01]
 [5.17815690e+01 1.20756660e+01]
 [5.00753781e+01 1.24841183e+01]
 [3.64208919e+01 1.64783257e+01]
 [1.18525391e+01 2.91312741e+01]
 [9.05826760e+01 6.10585272e+00]
 [2.05031630e+01 2.31204647e+01]
 [5.52778958e+01 1.14322952e+01]
 [2.08699861e+01 2.29201545e+01]
 [1.19158618e+01 2.86011782e+01]
 [3.60147008e+01 1.66956781e+01]
 [1.41624463e+00 4.19642958e+01]
 [2.18207191e+00 4.01005677e+01]
 [7.09630621e+01 8.18251721e+00]
 [7.32905725e+01 7.80331402e+00]
 [2.30516848e+01 2.18615505e+01]
 [1.41967395e+01 2.69064568e+01]
 [5.44995008e+01 1.14344878e+01]
 [2.59143902e+01 2.07148806e+01]
 [8.83113870e+00 3.12376285e+01]
 [4.84902077e+01 1.29596160e+01]
 [2.33115904e+00 3.97908240e+01]
 [2.76479258e+01 1.97423418e+01]
 [8.07978854e+01 6.75587349e+00]
 [4.44285577e+01 1.40680558e+01]
 [4.92798822e+01 1.27138375e+01]
 [4.12398911e+01 1.50506018e+01]
 [1.01759793e+01 3.00838346e+01]
 [1.01008228e+01 3.02669058e+01]
 [9.84291403e+01 5.24433821e+00]
 [1.00441021e+02 5.23257878e+00]
 [5.72490219e+01 1.08539184e+01]
 [5.91917958e+01 1.05203349e+01]
 [5.60608361e+01 1.10744674e+01]
 [2.91161114e+01 1.91350298e+01]
 [3.30318287e+00 3.80643198e+01]
 [2.27906498e+01 2.19900653e+01]
 [5.02741942e+01 1.24593385e+01]
 [3.23724600e+01 1.80673539e+01]
 [1.87759474e+00 4.15732860e+01]
 [3.64656417e+01 1.64621637e+01]
 [3.83437421e+01 1.58208417e+01]
 [2.00167865e+01 2.34582918e+01]
 [1.17613714e+02 4.29490983e+00]
 [5.19845652e+01 1.20360442e+01]
 [6.29493485e+01 9.63697316e+00]
 [1.84333226e+01 2.42498120e+01]
 [1.11372838e+02 4.45358625e+00]
 [7.32754490e+00 3.29112929e+01]
 [7.63264091e+01 7.60712563e+00]
 [3.23095166e+00 3.81077092e+01]
 [5.55115213e+00 3.48792060e+01]
 [2.52101411e+00 3.96288644e+01]
 [6.84823213e+01 8.61003819e+00]
 [4.78439145e+01 1.30932185e+01]
 [5.87858652e+01 1.05546311e+01]
 [3.94023667e+00 3.71861620e+01]
 [2.99878990e+01 1.88783394e+01]
 [2.51926198e+01 2.08102439e+01]
 [5.26055127e+00 3.52384725e+01]
 [3.48645510e+01 1.69641955e+01]
 [7.62842696e+00 3.23804063e+01]
 [1.18467991e+01 2.91566076e+01]
 [6.69245093e+01 8.89472948e+00]
 [5.67647114e+01 1.09580900e+01]
 [2.11211553e+01 2.27849395e+01]
 [1.09786632e+02 4.51959235e+00]
 [3.67643924e+01 1.63519185e+01]
 [2.98024587e+00 3.87511825e+01]
 [9.18164640e+01 6.10209954e+00]
 [5.56583946e+01 1.11818050e+01]
 [7.77855568e+01 7.45462134e+00]
 [1.74370358e+01 2.48358899e+01]
 [5.31439025e+01 1.18116357e+01]
 [9.56969697e+01 5.81557063e+00]
 [2.72899019e+01 1.99781418e+01]
 [3.71566469e+01 1.62614210e+01]
 [3.96772793e+01 1.54613786e+01]
 [3.77556915e+01 1.60743835e+01]
 [9.87197493e+00 3.02954337e+01]
 [6.33709954e+00 3.38106570e+01]
 [8.11626802e+00 3.19422880e+01]
 [8.33111938e-01 4.38148100e+01]
 [5.42706972e+01 1.14778496e+01]
 [7.99564571e+01 6.87687427e+00]
 [1.61671428e+00 4.16471931e+01]
 [6.61439530e-02 4.82043684e+01]
 [1.93407588e+00 4.11820153e+01]
 [5.26466833e+01 1.18658856e+01]
 [3.45239729e+01 1.70875095e+01]
 [2.33534564e+01 2.17048001e+01]
 [4.21471277e+00 3.66334729e+01]
 [1.91070988e+01 2.38716899e+01]
 [4.45878979e+00 3.61843715e+01]
 [5.75396322e+01 1.07608449e+01]
 [6.28950395e+01 9.66658889e+00]
 [6.23508127e+01 9.88639929e+00]
 [2.23377679e+01 2.21645711e+01]
 [1.62723203e+01 2.63395494e+01]
 [6.58376249e+01 9.11775738e+00]
 [7.22535462e+01 7.97895962e+00]
 [7.94908138e+01 6.93484298e+00]
 [3.02582974e+01 1.86761942e+01]
 [5.24005001e+01 1.19338759e+01]
 [4.06821889e-02 4.88458541e+01]
 [2.83954760e+01 1.94749442e+01]
 [5.72544303e+01 1.08268971e+01]
 [5.65036666e+01 1.09786853e+01]
 [8.17838044e+01 6.63017684e+00]
 [7.30389129e+01 7.91353812e+00]
 [6.90323736e+01 8.51593754e+00]
 [2.89626670e+01 1.94310900e+01]
 [6.37361999e+01 9.50225759e+00]
 [2.58282765e+01 2.07193263e+01]
 [4.91587012e+01 1.28167782e+01]
 [1.22748426e+01 2.83267320e+01]
 [4.37598153e+01 1.43213237e+01]
 [4.29325459e+01 1.45743263e+01]
 [9.39089137e+01 5.95373123e+00]
 [5.06884443e+01 1.23296163e+01]
 [1.68565716e+01 2.54758248e+01]
 [9.00131720e+01 6.15119654e+00]
 [3.10043216e+01 1.83821800e+01]
 [6.08679587e+00 3.40879926e+01]
 [4.73327182e+01 1.33448069e+01]
 [4.48739246e+01 1.40487220e+01]
 [5.50413172e+00 3.51796713e+01]
 [1.76740319e+01 2.48139019e+01]
 [3.01375073e-01 4.62320389e+01]
 [3.15835412e+01 1.82020436e+01]]
