[[5.17371413e-02 8.45124385e+03]
 [4.61054512e-03 8.95568765e+04]
 [1.87001862e-02 2.26935542e+04]
 [3.95857703e-02 1.02000521e+04]
 [4.26493418e-02 9.67645415e+03]
 [1.29030162e-02 3.10993248e+04]
 [6.80878677e-03 5.96277012e+04]
 [3.18405093e-02 1.29076338e+04]
 [2.73458326e-02 1.48227568e+04]
 [6.21032986e-03 6.79598232e+04]
 [4.49153933e-02 8.92776846e+03]
 [1.21645492e-02 3.35571529e+04]
 [1.17099294e-02 3.53799883e+04]
 [3.75316723e-02 1.09418404e+04]
 [2.01969850e-02 2.02470542e+04]
 [4.98935836e-02 8.52772701e+03]
 [1.72173305e-02 2.33499620e+04]
 [4.76475815e-02 8.91298112e+03]
 [9.52947182e-03 4.54113602e+04]
 [4.78201750e-03 8.44897862e+04]
 [1.09859259e-02 3.78214370e+04]
 [8.44114548e-03 5.01193733e+04]
 [2.53027985e-02 1.65361703e+04]
 [2.97924612e-02 1.36414088e+04]
 [2.36806072e-02 1.70170109e+04]
 [5.84234610e-03 7.16048662e+04]
 [1.08787801e-02 3.97240879e+04]
 [2.91902441e-02 1.39481938e+04]
 [5.78235138e-03 7.27994024e+04]
 [7.76081545e-03 5.27727295e+04]
 [2.61310965e-02 1.55714924e+04]
 [5.01683790e-03 8.02291679e+04]
 [1.00289155e-02 4.16005541e+04]
 [6.48866799e-03 6.38476612e+04]
 [3.53184028e-02 1.14255130e+04]
 [8.86740630e-03 4.70468410e+04]
 [5.60441477e-03 7.64885876e+04]
 [9.82571776e-03 4.28548078e+04]
 [4.83809168e-03 8.41620380e+04]
 [1.67707196e-02 2.55174155e+04]
 [3.50848739e-02 1.14922133e+04]
 [2.15344602e-02 1.86257278e+04]
 [6.45956772e-03 6.61654751e+04]
 [1.50242236e-02 2.74600215e+04]
 [3.32264248e-02 1.23809205e+04]
 [3.83841808e-02 1.04493130e+04]
 [4.82610904e-02 8.61722085e+03]
 [1.45056632e-02 2.97145898e+04]
 [7.50892370e-03 5.44905936e+04]
 [5.04560755e-03 7.94861960e+04]
 [5.38860972e-03 7.68228205e+04]
 [7.29538090e-03 5.74440105e+04]
 [2.07788815e-02 2.00496900e+04]
 [8.48175083e-03 4.83386407e+04]
 [1.58725750e-02 2.56678217e+04]
 [2.29106566e-02 1.80142396e+04]
 [1.52383092e-02 2.64579775e+04]
 [1.45128561e-02 2.97040579e+04]
 [7.26618216e-03 5.79992551e+04]
 [2.23177337e-02 1.81770997e+04]]
