[[1.86260211e-03 3.45560727e-03 1.79353495e+00]
 [4.30247271e-03 9.73802078e-03 2.35560178e+00]
 [3.66543097e-03 8.62346253e-03 2.38535544e+00]
 [3.81016124e-03 7.49858311e-03 2.02228296e+00]
 [4.44117107e-03 8.28135361e-03 1.85269631e+00]
 [4.32981507e-03 9.09311989e-03 2.21095800e+00]
 [1.15103041e-03 2.27001165e-03 2.19196477e+00]
 [8.96306989e-04 2.10770942e-03 2.00564877e+00]
 [3.72748802e-03 7.10354578e-03 1.91128685e+00]
 [6.05212895e-03 9.90406197e-03 2.54783250e+00]
 [3.14417222e-03 6.05896361e-03 2.18969427e+00]
 [4.79737567e-03 9.46676679e-03 2.10686741e+00]
 [8.48018217e-04 2.02463036e-03 2.70847595e+00]
 [2.31462936e-03 4.26821349e-03 1.49622293e+00]
 [4.30471783e-03 7.97971788e-03 1.98210623e+00]
 [7.72449151e-04 1.99495546e-03 1.85906272e+00]
 [2.00727488e-03 4.97474498e-03 2.78886484e+00]
 [1.35541706e-03 3.39583623e-03 1.82162270e+00]
 [1.08749801e-03 1.56330863e-03 1.30031946e+00]
 [5.86833659e-03 9.82480624e-03 2.74980510e+00]
 [4.27605447e-03 9.83126471e-03 2.51523600e+00]
 [6.55171296e-03 9.89257759e-03 2.77960640e+00]
 [4.87193909e-03 8.19678786e-03 1.52399941e+00]
 [4.79737567e-03 9.38331851e-03 2.10686741e+00]
 [1.86260211e-03 3.67309988e-03 1.79353495e+00]
 [2.39885927e-03 5.84993364e-03 1.84959068e+00]
 [1.97700402e-03 4.26701009e-03 1.74380004e+00]
 [3.74875944e-03 7.94673790e-03 2.49277675e+00]
 [3.32192601e-03 5.90546522e-03 1.73362052e+00]
 [1.47906890e-03 3.26644902e-03 2.18313129e+00]
 [6.09055845e-04 1.26306865e-03 1.74681426e+00]
 [1.43954858e-03 2.41648801e-03 1.17587737e+00]
 [2.47732902e-03 4.00684412e-03 2.21255744e+00]
 [4.68710700e-03 7.98618814e-03 1.58417165e+00]
 [2.76627790e-03 5.77800903e-03 2.16292269e+00]
 [4.88909881e-03 9.73783538e-03 2.20943220e+00]
 [7.72449151e-04 2.01293495e-03 1.82770972e+00]
 [2.00727488e-03 4.97474498e-03 2.72881823e+00]
 [4.44117107e-03 8.28135361e-03 1.85331923e+00]
 [4.16226627e-03 9.09311989e-03 2.21095800e+00]
 [1.44517368e-03 2.06454059e-03 1.46284496e+00]
 [3.72748802e-03 7.46530476e-03 1.91128685e+00]
 [4.25702254e-03 9.30559819e-03 2.17705053e+00]
 [1.08063878e-03 1.56330863e-03 1.65405493e+00]
 [4.15719766e-03 8.69269700e-03 1.84525565e+00]
 [1.36852122e-03 3.08557432e-03 2.07284698e+00]
 [3.14417222e-03 6.05896361e-03 2.11938081e+00]
 [2.32812185e-03 4.26701009e-03 1.68669248e+00]
 [3.08196241e-03 6.09997571e-03 2.02228296e+00]
 [2.73938712e-03 5.51038812e-03 1.73392165e+00]
 [4.01248991e-03 8.62444183e-03 2.26873862e+00]
 [6.55171296e-03 9.95672581e-03 2.63408795e+00]
 [1.15103041e-03 2.21549509e-03 2.18254377e+00]
 [1.43781061e-03 2.41789959e-03 1.40250785e+00]
 [6.11782276e-04 1.50455028e-03 1.79070095e+00]
 [2.91941439e-03 6.34303786e-03 2.34345957e+00]
 [2.42446355e-03 4.20546018e-03 2.33676887e+00]
 [1.99792849e-03 4.75576655e-03 2.78886484e+00]
 [3.40624545e-03 6.76636830e-03 2.03802325e+00]
 [1.62895267e-03 2.67984991e-03 1.93957808e+00]
 [1.84851036e-03 3.21001418e-03 1.90703180e+00]
 [6.15977026e-04 1.09664346e-03 1.92456961e+00]
 [8.86983223e-04 1.95661021e-03 2.00564877e+00]
 [1.24702259e-03 2.41655299e-03 2.36221289e+00]
 [1.61510770e-03 3.42440641e-03 2.26445841e+00]
 [9.29387769e-03 9.90044049e-03 2.93500749e+00]]
