[[0.43379929 4.27441307 8.65190854 0.52291692]
 [1.07214875 0.97392202 9.48685894 2.27822559]
 [0.4202239  4.77234814 6.60685102 0.52291692]
 [1.40780274 0.80894177 9.8354081  4.78283978]
 [0.79947911 2.95880077 7.21215025 1.70517533]
 [0.65885919 1.86267917 9.86753384 1.76917474]
 [0.4195487  4.53414591 9.09509548 1.55636897]
 [1.16305051 0.97392202 9.28443064 2.27822559]
 [4.08267666 1.18876213 9.96953292 4.79154101]
 [0.65358789 1.77245652 9.9510247  3.85141375]
 [1.64262194 0.56554371 9.2117621  3.30108146]
 [4.019132   9.45213408 9.97180576 4.96461271]
 [0.82714445 1.94115775 6.17732379 1.70517533]
 [0.43379929 4.24649946 7.88920342 0.48816255]
 [0.79336581 2.92472033 9.68000074 2.99969141]
 [1.26169642 1.4119192  9.16067285 1.45577234]
 [1.49999978 0.59476486 9.5066307  3.75886543]
 [2.68276776 0.48373814 9.73086304 3.80869487]
 [1.35013669 0.77858988 9.99877362 4.22582251]
 [0.43379929 4.31822706 8.32148884 0.52291692]
 [1.2307353  1.64523027 6.41971768 1.72190104]
 [0.4202239  4.77234814 6.70664448 0.52291692]
 [1.53726788 0.64958023 9.82763891 2.6911493 ]
 [0.72175293 6.47966665 9.83099933 4.82377878]]
