[[4.86621314e+00 6.48194950e-03]
 [3.18032647e+01 6.57607673e-04]
 [3.23474214e+01 6.42435431e-04]
 [2.23930593e+01 9.50885037e-04]
 [8.42493582e+00 2.79476072e-03]
 [1.62072948e+01 1.34727829e-03]
 [2.49856601e+01 8.35621306e-04]
 [1.05192484e+01 2.36960019e-03]
 [4.54851524e+00 1.18642502e-02]
 [7.26432609e+01 4.66790677e-04]
 [1.99123806e+01 1.20062906e-03]
 [4.32893188e+01 5.29895628e-04]
 [8.57437304e+00 2.78237186e-03]
 [8.25769129e+00 3.48608026e-03]
 [3.31864340e+01 6.31603439e-04]
 [2.48632568e+01 8.49955463e-04]
 [2.67397798e+01 6.68846457e-04]
 [1.89357006e+01 1.30803750e-03]
 [2.52624741e+01 8.07504146e-04]
 [4.33796045e+01 4.91424082e-04]
 [1.20343356e+01 1.78393568e-03]
 [7.75200890e+01 4.57715900e-04]
 [1.16803576e+01 1.88175979e-03]
 [9.52297507e+00 2.69546571e-03]
 [2.01241762e+01 1.08951633e-03]
 [6.48573303e+01 4.76494054e-04]
 [5.21279506e+00 6.04784056e-03]
 [3.52514082e+01 5.63737629e-04]
 [3.48633849e+01 6.05456647e-04]]
