[[1.52610864e-02 2.65060857e+04]
 [4.48927166e-02 9.16056255e+03]
 [1.69870331e-02 2.59225653e+04]
 [2.69897406e-02 1.55173060e+04]
 [3.70128177e-02 1.09776149e+04]
 [4.18541489e-02 9.65590185e+03]
 [1.07192317e-02 3.87363394e+04]
 [3.15247391e-02 1.32695640e+04]
 [3.18475519e-02 1.27103137e+04]
 [5.58102404e-02 8.67738208e+03]
 [3.13492445e-02 1.34289154e+04]
 [4.37664957e-02 9.35419140e+03]
 [9.94202140e-03 4.21205463e+04]
 [1.75662574e-02 2.46631743e+04]
 [5.80348224e-03 8.04541568e+04]
 [2.57065886e-02 1.59723699e+04]
 [1.42412880e-02 3.02360048e+04]
 [2.11989407e-02 2.09003634e+04]
 [8.62407872e-03 4.80120660e+04]
 [2.84826754e-02 1.42657777e+04]
 [2.15610606e-02 1.97547574e+04]
 [4.73555666e-02 9.12917325e+03]
 [2.90637842e-02 1.38857811e+04]
 [2.29386051e-02 1.91868348e+04]
 [4.06199083e-02 1.00271374e+04]
 [5.14883490e-02 8.87557839e+03]
 [3.30951483e-02 1.25701577e+04]
 [5.09748989e-03 9.18010622e+04]
 [3.39605343e-02 1.18679529e+04]
 [1.41837205e-02 3.17019219e+04]
 [2.07518073e-02 2.10230083e+04]
 [4.03562203e-02 1.01802644e+04]
 [3.87257109e-02 1.06226590e+04]
 [1.18455758e-02 3.47147241e+04]
 [4.24691714e-02 9.57979914e+03]
 [5.70076574e-03 8.29007283e+04]
 [6.02516597e-03 7.63712707e+04]
 [5.47753142e-02 8.86720095e+03]
 [3.45270090e-02 1.17956460e+04]
 [3.37522733e-02 1.20847799e+04]
 [3.53337857e-02 1.15755907e+04]
 [8.16040397e-03 5.33323083e+04]
 [9.89057558e-03 4.35468046e+04]
 [2.36728295e-02 1.78326971e+04]
 [8.79468886e-03 4.59974205e+04]
 [1.57481132e-02 2.63844237e+04]
 [6.23037766e-02 8.64093896e+03]
 [1.69413543e-02 2.61737700e+04]
 [1.44106437e-02 2.95044477e+04]
 [2.54073081e-02 1.68907313e+04]
 [4.79917209e-02 8.87628549e+03]
 [1.85831995e-02 2.20480771e+04]
 [1.24849297e-02 3.24191290e+04]
 [2.44748340e-02 1.78155144e+04]
 [3.89845030e-02 1.05042097e+04]
 [7.46892652e-03 5.42610499e+04]
 [9.61293929e-03 4.44022022e+04]
 [5.55799060e-02 8.71508797e+03]
 [1.75015735e-02 2.57219942e+04]
 [3.68427218e-02 1.12521218e+04]
 [3.25215425e-02 1.26122146e+04]
 [2.13444802e-02 2.01003476e+04]]
