[[1.86260211e-03 3.45560727e-03 1.79353495e+00]
 [2.85576282e-03 5.86833341e-03 2.50004353e+00]
 [3.81016124e-03 7.49858311e-03 2.02228296e+00]
 [2.74119775e-03 5.60529991e-03 2.34345957e+00]
 [4.28768775e-03 8.24009870e-03 2.03395513e+00]
 [4.66768264e-03 8.59561668e-03 1.92639157e+00]
 [7.05438374e-03 9.99440117e-03 2.72246121e+00]
 [2.03176211e-03 4.20620377e-03 2.35813767e+00]
 [3.81016124e-03 7.82806531e-03 2.00760357e+00]
 [1.86260211e-03 3.45560727e-03 1.96247147e+00]
 [4.76155935e-03 8.68281475e-03 1.75779194e+00]
 [4.37648356e-03 9.73802078e-03 2.35560178e+00]
 [1.23844280e-03 2.64942139e-03 2.64099357e+00]
 [1.98808752e-03 4.19817309e-03 2.21730504e+00]
 [4.46092508e-03 9.73802078e-03 2.35262755e+00]
 [1.92634661e-03 4.26701009e-03 1.81299406e+00]
 [2.48881403e-03 6.20788036e-03 2.26837781e+00]
 [2.70096275e-03 5.30697438e-03 1.94810852e+00]
 [2.70096275e-03 5.29788902e-03 1.94810852e+00]
 [4.78929668e-03 8.66360717e-03 1.65322429e+00]
 [4.75802233e-03 8.40280974e-03 1.62584446e+00]
 [7.09888304e-03 9.99762930e-03 2.72246121e+00]
 [7.05438374e-03 9.99760197e-03 2.72246121e+00]
 [1.35743452e-03 3.10982513e-03 2.42349202e+00]
 [1.73616007e-03 3.36658697e-03 1.76069923e+00]
 [1.74685108e-03 3.85710072e-03 2.35813767e+00]
 [1.28768482e-03 2.61394076e-03 1.95844673e+00]
 [8.62738297e-04 1.88005124e-03 2.41829254e+00]
 [1.98569888e-03 4.06405241e-03 1.73421582e+00]
 [4.49413673e-03 8.76204809e-03 2.00013473e+00]
 [5.55871100e-04 1.67538610e-03 2.55842862e+00]
 [1.26266874e-03 2.70203555e-03 1.92649929e+00]
 [3.11766077e-03 7.23647820e-03 2.02228296e+00]
 [1.32161142e-03 2.69392680e-03 1.73878878e+00]
 [2.44039818e-03 6.04840090e-03 2.76181820e+00]
 [6.99769296e-03 9.96551255e-03 2.72246121e+00]
 [4.94814594e-03 8.61394857e-03 1.68591337e+00]
 [8.09597578e-04 1.87488037e-03 2.59943228e+00]
 [4.33904365e-03 7.66330907e-03 1.61575321e+00]
 [1.22089949e-03 2.22845324e-03 1.62361894e+00]
 [1.62499323e-03 3.10344125e-03 2.01132433e+00]
 [2.03176211e-03 4.71637105e-03 2.51946559e+00]
 [9.54578905e-04 2.14322591e-03 2.18804583e+00]
 [3.81016124e-03 7.60829764e-03 2.13136838e+00]
 [1.86260211e-03 3.45560727e-03 1.89054522e+00]
 [7.33172201e-04 1.77696306e-03 2.33120180e+00]
 [1.23844280e-03 2.46034564e-03 2.43161728e+00]
 [4.40804955e-03 7.65906128e-03 1.61575321e+00]
 [1.05934910e-03 2.65766834e-03 2.91376385e+00]
 [4.46092508e-03 9.89661083e-03 2.40847865e+00]
 [9.64113849e-04 2.26703915e-03 2.23265179e+00]
 [1.30425452e-03 3.10935054e-03 2.26185142e+00]
 [1.85694963e-03 4.30014994e-03 2.41529342e+00]
 [1.72197837e-03 3.45560727e-03 1.96247147e+00]
 [2.79183679e-03 5.85759271e-03 2.27685385e+00]
 [2.20482822e-03 4.26701009e-03 1.81299406e+00]
 [2.70096275e-03 5.25009261e-03 2.22793614e+00]
 [3.77674629e-03 7.63742301e-03 2.00760357e+00]
 [1.26405668e-03 2.64307867e-03 2.44503055e+00]
 [2.06433431e-03 4.27066967e-03 2.04518826e+00]
 [6.46707159e-04 1.76040920e-03 2.23992555e+00]
 [4.28352618e-03 9.73802078e-03 2.32696126e+00]
 [4.75802233e-03 8.40280974e-03 1.65106878e+00]
 [8.59118878e-04 1.34934656e-03 1.21803753e+00]
 [4.82096269e-03 9.50832241e-03 1.88904149e+00]
 [8.47294058e-04 1.88005124e-03 2.49343866e+00]
 [1.26329073e-03 2.80848762e-03 2.57193860e+00]
 [9.17180684e-04 1.91293591e-03 2.39693213e+00]
 [7.99928462e-04 1.34934656e-03 1.31527782e+00]
 [1.31233046e-03 2.36756943e-03 1.60925676e+00]
 [3.79230845e-04 1.02230885e-03 2.75628501e+00]
 [2.03176211e-03 4.61276896e-03 2.48966693e+00]
 [2.66330928e-03 6.20238411e-03 2.33072975e+00]
 [4.94204118e-03 9.89386842e-03 2.68145161e+00]
 [5.26579741e-03 9.29134701e-03 1.72688175e+00]
 [1.97829146e-03 4.30014994e-03 2.46119666e+00]
 [4.66768264e-03 8.98765788e-03 1.94780661e+00]
 [1.99464488e-03 4.06405241e-03 1.73421582e+00]
 [2.48881403e-03 6.17485163e-03 2.23776853e+00]
 [4.80236376e-03 9.92651848e-03 2.55731302e+00]
 [2.58125042e-03 4.96511118e-03 1.63252823e+00]
 [5.30236355e-04 1.22474195e-03 2.74453450e+00]
 [4.46263441e-03 9.86942054e-03 2.37226440e+00]
 [1.69386840e-03 3.85710072e-03 2.35744894e+00]
 [3.03121164e-03 5.30697438e-03 2.12365227e+00]
 [8.94910277e-04 1.68235090e-03 1.77911166e+00]
 [9.11809747e-04 1.83669609e-03 2.31561914e+00]
 [3.81016124e-03 7.65476575e-03 1.72591351e+00]
 [1.76088429e-03 3.58280890e-03 2.39951672e+00]
 [4.38581472e-03 9.72193365e-03 2.42664028e+00]
 [2.79458387e-03 5.23053916e-03 2.11403593e+00]
 [1.22089949e-03 2.22845324e-03 2.18121025e+00]
 [4.92250912e-04 1.40622332e-03 2.15162659e+00]
 [5.39612938e-03 9.73216986e-03 1.73992897e+00]
 [4.46092508e-03 9.89661083e-03 2.40696090e+00]
 [2.49011519e-03 6.22399213e-03 2.26837781e+00]
 [2.96265949e-03 6.48797800e-03 2.35560178e+00]
 [8.06167390e-04 1.56974890e-03 1.59550467e+00]
 [2.63612916e-03 5.32630086e-03 1.90996482e+00]
 [4.75866198e-03 8.92235673e-03 1.90303359e+00]
 [5.26358771e-04 9.41604774e-04 2.64584158e+00]
 [6.46707159e-04 1.76040920e-03 2.25293454e+00]
 [4.94846332e-03 9.98604672e-03 2.66339462e+00]
 [2.03121750e-03 3.52600301e-03 1.82603095e+00]
 [4.47584180e-03 9.86798229e-03 2.48761158e+00]
 [2.58931244e-03 5.30697438e-03 1.93853320e+00]
 [4.67184544e-03 9.32669183e-03 1.99338313e+00]
 [6.85860335e-03 9.96057848e-03 2.72351219e+00]
 [4.57664224e-03 9.57119426e-03 2.26660305e+00]
 [3.57160149e-03 8.26636675e-03 2.54889741e+00]
 [2.74119775e-03 5.60529991e-03 2.34414831e+00]
 [1.69179775e-03 2.69392680e-03 1.73878878e+00]
 [4.75866198e-03 8.17126394e-03 1.62584446e+00]
 [6.37932251e-04 9.85522916e-04 2.36639357e+00]
 [1.95912426e-03 3.50239226e-03 1.54343598e+00]
 [8.10078464e-04 1.77696306e-03 2.33120180e+00]]
