[[1.40539493e-02 4.91804019e+01]
 [1.35862257e+02 4.00084337e+00]
 [1.25625042e+02 4.08363674e+00]
 [1.35832380e+02 4.00084890e+00]
 [1.04559511e+02 4.91946370e+00]
 [1.00155881e+02 5.00572545e+00]
 [1.15960943e+02 4.34589247e+00]
 [1.23633198e+02 4.10486318e+00]
 [1.56444109e+00 4.17914181e+01]
 [1.16267940e+00 4.28637167e+01]
 [1.17999284e+02 4.25955155e+00]
 [9.01878818e+01 5.77481409e+00]
 [1.12692686e+02 4.38850491e+00]
 [7.01718697e+00 3.32064912e+01]
 [6.61395361e+00 3.37400490e+01]
 [2.47648417e+00 3.96537038e+01]
 [4.38262951e+01 1.41585839e+01]
 [4.33940212e+00 3.63828118e+01]
 [8.79659646e+01 5.95749915e+00]
 [1.21041120e+02 4.17373094e+00]
 [3.76232586e+01 1.60407220e+01]
 [4.61909786e+01 1.36505360e+01]
 [3.02347585e-01 4.67440309e+01]
 [3.72547609e-01 4.58704753e+01]
 [1.82598191e+00 4.10932814e+01]
 [9.22301747e+01 5.65986041e+00]
 [3.82484097e+01 1.58692897e+01]
 [4.74865881e+01 1.34267820e+01]
 [5.67583437e+00 3.45805808e+01]
 [7.60983448e+01 7.38371587e+00]
 [4.63237762e+00 3.59404114e+01]
 [3.92116327e+01 1.55370894e+01]
 [6.14466549e-01 4.47011988e+01]
 [7.05979073e+01 8.28962721e+00]
 [3.96620995e+00 3.69093437e+01]
 [2.46094164e+00 4.05068376e+01]
 [4.96264200e+01 1.27670512e+01]
 [4.06221612e+01 1.52323262e+01]
 [4.27422972e+01 1.45092148e+01]
 [1.66843273e+01 2.52952455e+01]
 [5.61414580e+00 3.52713553e+01]
 [2.24916512e+01 2.21814825e+01]
 [8.03490621e+01 6.79588622e+00]
 [1.83475217e+01 2.43379167e+01]
 [4.88990666e+00 3.55978913e+01]
 [9.94835498e+00 3.01842873e+01]
 [1.31566209e+01 2.77999097e+01]
 [8.15708747e+01 6.66620755e+00]
 [1.19571305e+02 4.22046624e+00]
 [6.91537270e+01 8.48800400e+00]
 [7.17889533e+01 8.06944862e+00]
 [2.17018688e+01 2.26309201e+01]
 [8.06125230e+00 3.19394617e+01]
 [1.37069442e+01 2.74779435e+01]
 [1.26852635e-01 4.78202255e+01]
 [7.47103428e+00 3.27839613e+01]
 [9.09284879e+01 5.69068252e+00]
 [4.61957693e-01 4.53411374e+01]
 [4.00008798e+01 1.54899917e+01]
 [5.44989998e-02 4.83654649e+01]
 [1.12163146e+01 2.92108830e+01]
 [9.05083799e+00 3.10833112e+01]
 [7.37668090e-01 4.41237135e+01]
 [3.65915133e+01 1.63758177e+01]
 [8.62783868e+01 6.12548021e+00]
 [2.00472962e+00 4.05235051e+01]
 [3.52545364e+00 3.77039285e+01]
 [7.48842733e+01 7.55132157e+00]
 [3.34896832e+01 1.74520468e+01]
 [1.08523090e+02 4.57099293e+00]
 [2.50781770e+01 2.09414582e+01]
 [1.49492952e+01 2.64335808e+01]
 [3.56757064e+01 1.67682477e+01]
 [6.26095031e+01 9.73970296e+00]
 [2.64451731e+01 2.04016889e+01]
 [6.11027537e+00 3.41103574e+01]
 [8.73788028e+01 6.00859462e+00]
 [5.83176055e+01 1.06016468e+01]
 [5.60857909e+01 1.11194220e+01]
 [8.26923274e+01 6.52434271e+00]
 [1.61583137e-01 4.73584603e+01]
 [2.19917148e+01 2.24024700e+01]
 [9.76630107e-01 4.33559988e+01]
 [4.12832831e+01 1.50276397e+01]
 [9.61641030e+01 5.27275658e+00]
 [1.02057584e+01 2.99729667e+01]
 [7.78969456e+01 7.18282707e+00]
 [8.44411999e+00 3.15638367e+01]
 [8.38642743e+01 6.41900725e+00]
 [9.50774725e+01 5.34151553e+00]
 [5.68086808e+01 1.09166238e+01]
 [9.34124378e+01 5.48329792e+00]
 [7.83728923e+00 3.21642661e+01]
 [5.39716285e-01 4.50002840e+01]
 [3.50683514e+01 1.69773104e+01]
 [1.08757657e+01 2.95509535e+01]
 [8.61378033e+00 3.14163007e+01]
 [2.55580907e+00 3.93407830e+01]
 [2.30153779e+01 2.19038192e+01]
 [4.84611228e+01 1.28968911e+01]
 [6.42199772e+01 9.38932690e+00]
 [1.55565970e+01 2.61905187e+01]
 [4.54759232e+01 1.38153216e+01]
 [3.74692505e+00 3.72710180e+01]
 [1.15331657e+01 2.89981770e+01]
 [2.73267104e+00 3.90595461e+01]
 [1.08580002e+01 2.97772473e+01]
 [3.45771923e+01 1.70930485e+01]
 [1.27060103e+01 2.79752581e+01]
 [1.21162076e+01 2.84540202e+01]
 [5.54926978e+01 1.12001178e+01]
 [1.80070586e+01 2.45660040e+01]
 [3.16281019e+01 1.81549091e+01]
 [4.46641037e+01 1.39521656e+01]
 [1.10012414e+02 4.51258319e+00]
 [2.85074392e+00 3.87891652e+01]
 [7.10227790e+01 8.18344013e+00]
 [2.70603948e+01 2.00802086e+01]
 [9.87064047e+01 5.13262958e+00]
 [5.48456629e+01 1.13447457e+01]
 [9.92576037e+01 5.07117165e+00]
 [1.05502658e+02 4.74885616e+00]
 [1.05734663e+02 4.70185816e+00]
 [4.99746306e+01 1.25081684e+01]
 [5.91001510e+01 1.04177585e+01]
 [1.72388914e+01 2.50011983e+01]
 [3.27626854e+01 1.77309311e+01]
 [7.81643602e-02 4.81256366e+01]
 [5.19254920e+00 3.52922704e+01]
 [9.77106166e+01 5.16870283e+00]
 [5.37238072e+01 1.16216041e+01]
 [4.16251576e+01 1.48556842e+01]
 [1.37786199e+01 2.72059844e+01]
 [7.38174030e+01 7.73555680e+00]
 [2.87544410e+01 1.94426430e+01]
 [4.16872640e-01 4.57429280e+01]
 [2.09681323e+01 2.28715434e+01]
 [1.09634419e+02 4.52670271e+00]
 [1.89333942e+01 2.40388344e+01]
 [3.60471089e+01 1.65609459e+01]
 [3.02478713e+01 1.86905770e+01]
 [6.19373690e+01 9.92309816e+00]
 [2.55455020e+01 2.06474793e+01]
 [6.51497628e+01 9.28814195e+00]
 [1.66707128e+00 4.14455227e+01]
 [1.06991878e+02 4.64858698e+00]
 [1.98085519e+01 2.35914805e+01]
 [2.90763285e+01 1.91612099e+01]
 [7.87388519e+01 7.02086688e+00]
 [7.45629146e+01 7.62596546e+00]
 [9.57858357e+00 3.05960441e+01]
 [7.71606818e+01 7.32698221e+00]
 [1.46212914e+01 2.66228562e+01]
 [4.07998439e-02 4.88862232e+01]
 [8.50280012e-01 4.36925468e+01]
 [2.78673666e+01 1.96413410e+01]
 [7.72631027e+00 3.25198965e+01]
 [1.11342396e+02 4.46899131e+00]
 [9.20745135e+00 3.08457716e+01]
 [1.93888691e-01 4.71300901e+01]
 [8.21757964e+01 6.57336786e+00]
 [1.07660935e+02 4.62035719e+00]
 [3.11050389e+01 1.83469180e+01]
 [6.80421689e+01 8.68314347e+00]
 [2.97576535e+01 1.89369693e+01]
 [7.26500285e+01 7.90769534e+00]
 [2.34744841e+01 2.16315002e+01]
 [1.12460047e+02 4.42746101e+00]
 [2.82962954e+01 1.94615571e+01]
 [5.20990085e+01 1.19984703e+01]
 [6.04467612e+01 1.01362906e+01]
 [3.41476325e+01 1.73139789e+01]
 [1.41951941e+01 2.70775786e+01]
 [6.74934714e+01 8.84171924e+00]
 [3.36031806e+00 3.78980819e+01]
 [8.56432052e+01 6.19101526e+00]
 [3.00329744e+00 3.85256847e+01]
 [5.34600682e+01 1.17209697e+01]
 [5.72698036e+01 1.08178315e+01]
 [5.16826134e+01 1.21659233e+01]
 [1.59829717e+01 2.57446345e+01]
 [5.99258664e+01 1.02708714e+01]
 [8.52314732e+01 6.23709107e+00]
 [2.59992010e+01 2.04637892e+01]
 [6.37305712e+01 9.48360100e+00]
 [6.33661666e+01 9.65732648e+00]
 [2.00587479e+01 2.33469868e+01]
 [1.62697065e+01 2.55577259e+01]
 [7.96967653e+01 6.88145600e+00]
 [3.90670227e+00 3.71648745e+01]
 [4.81542940e+01 1.32922034e+01]
 [6.83773605e+01 8.62535010e+00]
 [8.46270664e+01 6.30158226e+00]
 [2.32345437e+01 2.17543306e+01]
 [6.08249378e+01 1.00793327e+01]
 [5.85601674e+00 3.43604311e+01]
 [2.76423743e-01 4.68794902e+01]
 [9.68565313e+01 5.22360680e+00]
 [1.08578594e+00 4.30596048e+01]
 [6.65020589e+01 8.99533754e+00]
 [1.11348497e+02 4.43783331e+00]
 [2.38474861e+01 2.14552528e+01]
 [2.04509114e+01 2.31401682e+01]
 [6.57645780e+01 9.10157109e+00]
 [3.19851611e+01 1.80060971e+01]
 [4.19622173e+01 1.46893345e+01]
 [4.48704970e+01 1.38772956e+01]
 [3.22415554e+01 1.79491217e+01]
 [7.33605721e+01 7.78813439e+00]
 [3.27611059e+00 3.80817989e+01]
 [5.10129214e+01 1.23026655e+01]
 [1.45298019e+01 2.68269711e+01]
 [5.44210464e+01 1.14757418e+01]
 [6.88785663e+01 8.53475050e+00]
 [1.17322031e+01 2.87198819e+01]
 [2.49017499e+01 2.11818166e+01]
 [1.17708172e+01 2.86835064e+01]
 [3.15612014e+00 3.82314675e+01]
 [7.72708390e+01 7.24028914e+00]
 [6.13541451e+01 1.00150970e+01]
 [2.42081361e+01 2.12681042e+01]
 [1.62782794e+00 4.15731256e+01]
 [1.24150286e+01 2.81933415e+01]
 [1.93782092e+01 2.37927823e+01]
 [1.57272185e+01 2.60253136e+01]
 [8.44664294e+01 6.40837613e+00]
 [4.83307391e+01 1.30055861e+01]
 [9.57224928e+00 3.07389347e+01]
 [9.44053989e+01 5.39203431e+00]
 [2.06701379e+01 2.30235463e+01]]
