[[1.52610864e-02 2.65060857e+04]
 [3.39946541e-02 1.19017793e+04]
 [3.99955887e-02 1.06219886e+04]
 [2.69897406e-02 1.55173060e+04]
 [3.70128177e-02 1.09776149e+04]
 [4.18541489e-02 9.65590185e+03]
 [1.07192317e-02 3.87363394e+04]
 [3.15247391e-02 1.32695640e+04]
 [3.18475519e-02 1.27103137e+04]
 [5.58102404e-02 8.67738208e+03]
 [1.20622167e-02 3.74183468e+04]
 [3.13492445e-02 1.34289154e+04]
 [4.37664957e-02 9.35419140e+03]
 [9.94202140e-03 4.21205463e+04]
 [1.75662574e-02 2.46631743e+04]
 [5.80348224e-03 8.04541568e+04]
 [5.25064956e-03 9.90916651e+04]
 [2.57065886e-02 1.59723699e+04]
 [1.42412880e-02 3.02360048e+04]
 [8.62407872e-03 4.80120660e+04]
 [2.84826754e-02 1.42657777e+04]
 [1.29877897e-02 3.30752248e+04]
 [7.73724338e-03 5.94455362e+04]
 [1.24606059e-02 3.63709236e+04]
 [2.15610606e-02 1.97547574e+04]
 [1.29268378e-02 3.33765057e+04]
 [4.22636218e-02 9.64328313e+03]
 [8.08564387e-03 5.93877853e+04]
 [2.14989977e-02 1.97650835e+04]
 [1.28814184e-02 3.63069408e+04]
 [9.68859629e-03 4.73995445e+04]
 [2.64338234e-02 1.56948527e+04]
 [3.30115627e-02 1.21512070e+04]
 [6.18424823e-02 8.60432227e+03]
 [2.30829380e-02 1.74137463e+04]
 [3.68699890e-02 1.09987498e+04]
 [2.64158745e-02 1.57190527e+04]
 [4.50824628e-02 8.98449910e+03]
 [3.88704746e-02 1.06350630e+04]
 [2.80126450e-02 1.51621540e+04]
 [2.54337460e-02 1.62782723e+04]
 [4.82794266e-02 8.68657295e+03]
 [1.67491915e-02 2.63693172e+04]
 [8.35935696e-03 5.28072306e+04]
 [6.16110839e-03 6.98665835e+04]
 [2.73936473e-02 1.54568206e+04]
 [4.74312369e-02 8.70058230e+03]
 [1.18584713e-02 3.86233108e+04]
 [4.10430895e-02 1.00243705e+04]
 [1.94360025e-02 2.06501459e+04]
 [1.69687119e-02 2.55201343e+04]
 [3.38065108e-02 1.21107161e+04]
 [2.25224126e-02 1.90014692e+04]
 [4.03004800e-02 1.02247088e+04]
 [3.05409347e-02 1.36195910e+04]
 [2.90223260e-02 1.42380230e+04]
 [1.81580501e-02 2.41457747e+04]
 [3.59773027e-02 1.17190155e+04]
 [6.81176682e-03 6.09012681e+04]
 [1.34682860e-02 3.09188192e+04]
 [8.22301638e-03 5.92813274e+04]
 [4.42459476e-02 9.08428589e+03]
 [3.22800766e-02 1.26321631e+04]
 [2.13108354e-02 2.04487800e+04]]
