[[0.51715239 2.45183549 9.99992382 4.99947619]
 [0.21441876 6.35673586 9.55694381 0.24062738]
 [0.46904414 2.36341649 9.79953151 0.56510323]
 [0.21441876 7.47335539 9.5440361  0.41193052]
 [0.24119814 7.10420797 9.71033551 0.3160714 ]
 [0.21441876 6.35673586 9.99534336 0.24062738]
 [0.22773314 7.34137244 9.98548885 0.25872646]
 [0.24119814 6.77379342 9.99182204 0.3160714 ]
 [0.36094714 3.77192327 9.98258558 0.79378161]
 [0.22773314 7.34137244 9.814928   0.25872646]
 [0.63309176 2.17561619 9.87119646 3.64429474]
 [0.45896955 2.24523725 9.99337464 0.74316084]
 [1.17636708 1.22073131 9.99982017 3.38419056]
 [0.60669225 2.16410925 9.99770143 4.99947619]
 [0.53704675 2.07300095 9.80690221 0.94929306]
 [0.49500424 2.03433447 9.98212229 1.42202166]
 [0.22369625 7.28393181 9.99937148 0.33101159]
 [0.63343161 2.02843127 9.86313928 4.09275084]
 [0.46909344 2.60307627 9.99534336 2.50335169]
 [0.21550059 6.64335354 9.99775663 0.35796546]
 [1.17636708 1.22073131 9.99982017 4.91906158]
 [0.63253195 1.61666459 9.87119646 1.76860777]
 [0.5806718  1.85676293 9.98506395 0.67707837]
 [0.66782922 2.36349642 9.78292721 1.52867099]
 [0.97603864 2.17805615 9.988754   2.9121013 ]
 [0.46435691 2.36141406 9.99641496 1.0946549 ]
 [0.49178186 2.72782189 9.87942586 2.93769459]
 [0.6345341  1.83029359 9.99916459 2.21987241]
 [0.66784515 2.36349642 9.94234253 1.52867099]
 [0.49178186 2.53448714 9.87942586 2.86997754]
 [0.6345341  1.83029359 9.99593585 2.30816084]
 [0.6075372  1.59971881 9.9932433  1.80885362]
 [0.53346573 2.40434529 9.99941039 0.56646185]
 [0.55070626 2.40434529 9.99941039 2.36081319]
 [0.54336218 2.53347701 9.99252301 0.61496029]
 [0.47195729 2.45329668 9.99990982 0.69639377]
 [0.69832462 2.02440603 9.9888236  3.82141213]
 [0.45936861 2.43774799 9.99713043 3.16963092]
 [0.66977017 2.0752305  9.99199496 2.06400747]
 [0.93365585 2.07156461 9.98717896 4.06754736]
 [0.52333271 2.48253602 9.99897757 4.01056183]
 [0.63698566 2.44226813 9.99823691 1.29223231]
 [0.46435691 2.53347701 9.89803695 0.61496029]
 [0.4638832  2.44530034 9.66065153 1.24122819]
 [0.63230779 2.02843127 9.86265238 1.88256287]
 [0.46567259 2.53358373 9.94295512 4.47122101]
 [0.66977017 2.0752305  9.80760497 2.06400747]
 [0.46488066 2.87949268 9.95203141 4.47122101]
 [0.97603864 2.16957855 9.98877835 4.09006981]
 [0.51117812 2.71344565 9.9547006  4.30774644]
 [0.45992693 2.40434529 9.90342921 0.56646185]
 [0.22299225 6.47632689 9.99411162 0.33101159]
 [0.54680629 2.55414559 9.98749902 0.92296788]
 [0.5389322  2.40986957 9.99995069 2.74801253]
 [0.6680277  2.36480158 9.79937707 1.28505932]
 [0.45936861 2.43774799 9.98937739 2.35992642]
 [0.47673611 2.2259905  9.9961703  0.98401289]
 [0.60808107 2.1586704  9.95542448 3.27188841]
 [0.49178186 2.4535591  9.87992448 2.63962314]
 [0.67500047 2.03433447 9.98659727 1.93456974]
 [0.69832462 1.86011412 9.84144793 3.82040911]
 [0.6396899  2.21295903 9.99302582 0.98575156]
 [0.46435691 2.53894701 9.78911047 1.07866945]
 [0.48501514 2.51848824 9.74903873 1.29223231]
 [0.60809701 2.1586704  9.95542448 3.65255629]
 [0.47263518 2.24646895 9.71478334 1.29067012]
 [0.46432408 2.53572263 9.94295512 4.41419823]
 [0.46567259 2.71344565 9.94295512 4.57464868]
 [0.48905583 2.28132909 9.74894991 1.24602218]
 [0.97603864 2.17805615 9.988754   4.08543983]
 [0.45609199 2.53572263 9.94295512 0.62184859]
 [0.52745175 2.4535591  9.94836483 2.64166622]
 [0.66784515 2.36081865 9.99886451 4.61033678]
 [0.23774277 6.85408239 9.99835989 0.35796546]
 [0.46136807 2.53894701 9.75824923 1.07866945]
 [0.65817841 1.82120554 9.87665316 2.82689571]
 [1.17636708 1.22073131 9.99983572 4.8931923 ]
 [0.47135222 2.52854549 9.94295512 3.72290284]
 [0.69832462 2.03275244 9.98345009 3.82040911]
 [0.49178186 2.63982678 9.99829363 2.63962314]]
