[[-144.38255618   29.67607466]
 [ -73.78826611   21.44201048]
 [-184.89792153   32.78637809]
 [ -74.40946466   23.33679219]
 [ -59.03126936   16.69280623]
 [ -35.24942893   10.96649611]
 [-139.46124783   28.34414639]
 [ -65.66873942   20.11131359]
 [-184.07324998   31.24035566]
 [-225.0208763    37.34963286]
 [-111.52976226   24.15560271]
 [-121.61447042   27.13361335]
 [-182.05780203   30.64122093]
 [ -64.03296995   19.98683464]
 [-181.64955436   30.32884685]
 [-194.65946404   34.6286634 ]
 [ -32.36755603   10.96570936]]
