[[2.08511002e+00 2.16097348e+00]
 [9.31301057e-01 1.03668218e+00]
 [2.09597257e+00 2.05565850e+00]
 [7.01934693e-01 5.94304467e-01]
 [1.05814058e+00 7.96639978e-01]
 [1.63322451e+00 1.58117431e+00]
 [3.45448459e+00 2.99196855e+00]
 [9.94006692e-02 7.86329606e-02]
 [2.76410989e+00 2.52609268e+00]
 [2.92879636e+00 2.90878724e+00]
 [2.99588448e-01 3.64030367e-01]
 [2.22759393e-01 3.22482387e-01]
 [1.19923880e+00 1.48130914e+00]
 [2.62335155e+00 2.77442391e+00]
 [3.08389179e+00 2.84704896e+00]
 [8.80981278e-01 9.96190723e-01]
 [2.91007090e+00 2.63649595e+00]
 [2.16838174e+00 2.42208159e+00]
 [2.63857323e+00 2.40648325e+00]
 [2.59505814e+00 2.31265173e+00]
 [2.07924359e+00 1.85005520e+00]
 [3.91374707e+00 2.97141535e+00]
 [1.10716367e+00 8.01216059e-01]
 [9.16632146e-02 2.00174993e-01]
 [7.27791156e-01 4.73190210e-01]
 [4.52904748e+00 2.96986554e+00]
 [7.33961867e-01 7.92892448e-01]
 [2.58633799e+00 2.74921756e+00]
 [4.37411048e-01 6.81929209e-01]
 [2.85357926e+00 2.99026028e+00]
 [2.46035901e+00 2.19027363e+00]
 [1.69354013e+00 1.57168841e+00]
 [2.42214223e+00 2.57795342e+00]
 [1.37059888e+00 1.68158997e+00]
 [1.33139423e-01 3.32761107e-01]
 [1.85077089e+00 1.59209232e+00]
 [2.63951989e+00 2.22023263e+00]
 [2.01610236e+00 2.27624079e+00]
 [3.58464501e+00 2.96197852e+00]
 [2.00932962e+00 2.09192406e+00]
 [6.03835922e-01 6.60851963e-01]
 [6.91773449e-01 8.70433389e-01]
 [1.72849411e+00 2.02491481e+00]
 [1.10741028e+00 1.40173747e+00]
 [2.86636136e+00 2.82828773e+00]
 [2.45772575e+00 2.57010749e+00]
 [2.09289013e+00 2.05039470e+00]
 [1.98995320e+00 1.51722605e+00]
 [1.47644397e+00 1.63236415e+00]
 [2.43960746e+00 2.56606924e+00]
 [2.92674229e+00 2.69461514e+00]
 [2.57087522e+00 2.62599818e+00]
 [8.07553852e-01 1.02732192e+00]
 [2.14018735e+00 1.79780927e+00]
 [2.89680270e+00 2.77411254e+00]
 [1.14602514e+00 1.30165013e+00]
 [3.15479600e+00 2.94277103e+00]
 [2.49966186e+00 2.33129469e+00]
 [1.90540746e+00 1.97803481e+00]
 [3.54592002e-01 4.57811961e-01]
 [1.60513157e+00 1.67373598e+00]
 [2.21192267e+00 2.04815885e+00]
 [4.25221057e-01 4.00681657e-01]
 [3.67673299e+00 2.90178834e+00]
 [2.52419306e+00 2.59618981e+00]
 [2.55505789e+00 2.97395263e+00]
 [1.62894847e+00 1.58200398e+00]
 [1.73203439e+00 2.08729264e+00]
 [1.11702228e-02 5.09465861e-02]
 [8.65885662e-01 1.20589252e+00]
 [2.47789832e+00 2.21458070e+00]
 [2.13024863e+00 2.28475113e+00]
 [7.78862498e-01 6.84617200e-01]
 [2.99588448e-01 3.73254585e-01]
 [1.03227029e+00 9.75425717e-01]
 [2.76410989e+00 2.45324972e+00]
 [1.47972189e-01 3.58702529e-02]
 [2.19418923e+00 2.35657419e+00]
 [2.54144992e+00 2.76556060e+00]
 [1.50149355e+00 1.35755763e+00]
 [2.50563014e+00 2.01056249e+00]
 [2.63299099e+00 2.29700206e+00]
 [6.04148932e-01 3.93893181e-01]
 [4.05383210e+00 2.97195742e+00]
 [2.01168663e+00 2.02175963e+00]
 [2.66696119e+00 2.63315275e+00]
 [3.42182503e+00 2.79591621e+00]
 [2.59993827e+00 2.83212991e+00]
 [2.66678841e+00 2.40648325e+00]
 [2.09597257e+00 2.06103950e+00]
 [1.56226440e+00 1.75966512e+00]
 [5.04235183e-01 3.78988558e-01]
 [3.92786016e+00 2.99026028e+00]
 [2.11569653e+00 1.87282998e+00]
 [2.89853110e+00 2.90878724e+00]
 [3.29888840e-01 3.60900802e-01]
 [2.86808358e+00 2.86442796e+00]
 [1.91645225e+00 2.05039470e+00]
 [4.53622121e+00 2.97747250e+00]
 [2.89522416e+00 2.90613663e+00]
 [1.13774718e+00 1.28585649e+00]
 [5.23501803e-01 1.99507164e-01]
 [1.54843955e+00 1.58117431e+00]
 [2.46035901e+00 2.54757282e+00]
 [2.75004701e+00 2.49676767e+00]
 [5.99529131e-01 4.10653560e-01]
 [3.28368970e+00 2.97607907e+00]
 [2.89680270e+00 2.64562453e+00]
 [3.36452856e+00 2.96197852e+00]
 [1.17777404e+00 1.49416687e+00]
 [4.82020250e+00 2.99026028e+00]
 [7.54468778e-02 7.33858705e-02]
 [3.05501210e+00 2.96986554e+00]
 [2.08873061e+00 2.25860852e+00]
 [1.37802249e+00 1.53078325e+00]
 [2.67652574e+00 2.77442391e+00]
 [1.29849197e+00 9.35953982e-01]
 [7.48625957e-01 9.50113482e-01]
 [4.37709781e+00 2.97747250e+00]
 [2.62335155e+00 2.77552801e+00]
 [2.12317265e+00 2.26426466e+00]
 [5.86066717e-01 8.06177512e-01]
 [2.06392191e+00 2.14963775e+00]
 [1.74368413e+00 1.86325281e+00]
 [3.08600415e+00 2.85556053e+00]
 [5.77586224e-01 4.47597479e-01]
 [2.49204682e+00 2.78376602e+00]
 [2.54000365e+00 2.34703214e+00]
 [7.60676443e-01 6.09141717e-01]
 [2.14406054e+00 2.39932961e+00]
 [1.55980358e+00 1.82878398e+00]
 [8.49703571e-01 6.41278390e-01]
 [1.43611397e+00 1.58560047e+00]
 [1.62427968e+00 1.53536833e+00]
 [1.41463968e+00 1.76050002e+00]
 [1.87887397e+00 1.74272934e+00]
 [9.89216843e-01 1.30252583e+00]
 [9.31949114e-01 6.57430920e-01]
 [4.05844856e+00 2.97195742e+00]
 [1.21182355e+00 1.22185962e+00]
 [1.98383737e+00 1.74071594e+00]
 [6.24112716e-01 8.48647536e-01]
 [4.57531847e+00 2.97381305e+00]
 [3.82306946e-01 2.91912616e-01]
 [1.98393137e+00 2.09792287e+00]
 [2.09349161e+00 2.15735577e+00]
 [3.51096763e+00 2.98369316e+00]
 [5.81136943e-01 8.38917602e-01]
 [2.98867958e-01 2.79492995e-01]
 [2.57928508e+00 2.73138443e+00]
 [2.11988000e+00 2.09047321e+00]
 [3.66661656e+00 2.98258238e+00]
 [3.32766605e+00 2.95068930e+00]
 [8.91366387e-01 1.29785198e+00]
 [4.22982440e+00 2.97203047e+00]
 [2.72445525e+00 2.72255404e+00]
 [9.29312187e-01 1.01219271e+00]
 [2.23071514e+00 2.09096128e+00]
 [2.75004701e+00 2.51346077e+00]
 [2.51868687e+00 2.39866371e+00]
 [2.53438746e+00 2.22181123e+00]
 [1.18046992e+00 1.49416687e+00]
 [4.84784554e-01 5.68617026e-01]
 [3.13710137e+00 2.97607907e+00]
 [1.32925828e+00 7.74339671e-01]
 [1.14602514e+00 1.34826822e+00]
 [3.84829490e+00 2.95852434e+00]
 [2.84520449e+00 2.95957955e+00]
 [2.67076756e+00 2.98285328e+00]
 [1.69557459e-03 3.87649454e-02]
 [2.08718777e+00 2.31919548e+00]
 [2.04439442e+00 1.65331446e+00]
 [1.55669429e+00 1.59009827e+00]
 [3.08277212e+00 2.91374153e+00]
 [2.48782268e+00 2.67622211e+00]
 [9.73929710e-01 1.62195095e+00]
 [2.42214223e+00 2.39194202e+00]
 [1.98050590e+00 2.45762372e+00]
 [4.33614770e+00 2.96541218e+00]
 [2.84584499e+00 2.54189263e+00]
 [2.24185171e+00 2.42512629e+00]
 [7.28178941e-01 8.90967117e-01]
 [2.27992025e+00 2.33320842e+00]
 [1.60513157e+00 1.70891603e+00]
 [9.03477633e-01 8.45698192e-01]
 [8.62664164e-01 8.58042391e-01]
 [1.70364973e+00 1.71763892e+00]
 [1.36616177e+00 1.19724187e+00]
 [1.56226440e+00 1.43560001e+00]
 [3.32766605e+00 2.95933668e+00]
 [2.61776408e+00 2.95971834e+00]
 [6.75236196e-02 7.33858705e-02]
 [7.27791156e-01 5.98344069e-01]
 [2.45019627e-01 2.92697630e-01]
 [6.24112716e-01 7.82751969e-01]
 [3.15749321e+00 2.85515650e+00]
 [1.78024245e+00 1.45797200e+00]
 [8.62664164e-01 9.43630536e-01]
 [3.08389179e+00 2.79895822e+00]
 [2.10884891e+00 1.68422061e+00]
 [1.75404518e+00 1.89790836e+00]
 [3.86877162e+00 2.98227170e+00]
 [3.10627290e+00 2.91599951e+00]
 [2.96444689e+00 2.88895102e+00]
 [2.06027500e+00 2.17219867e+00]
 [1.62570927e+00 1.58572295e+00]
 [2.01168663e+00 2.00841606e+00]
 [1.54964391e+00 1.84625726e+00]
 [1.38200011e+00 1.56864918e+00]
 [1.89460408e+00 1.87282998e+00]
 [3.11314271e+00 2.97562416e+00]
 [8.29742962e-01 6.02579585e-01]
 [8.91366387e-01 1.30257112e+00]
 [2.42214223e+00 2.37326373e+00]
 [1.05088790e+00 1.29143243e+00]
 [2.26056629e+00 2.42512629e+00]
 [1.73831177e+00 2.06844790e+00]
 [3.34731962e-01 4.67914748e-01]
 [4.67885479e-01 3.72297858e-01]
 [2.53083000e+00 2.53152129e+00]
 [1.00768046e-03 6.21000263e-02]
 [6.01443870e-01 3.14336219e-01]
 [6.54744458e-01 9.30733022e-01]
 [7.58579538e-01 4.54931205e-01]
 [3.47843262e+00 2.96197852e+00]
 [2.28858885e+00 2.19027363e+00]
 [7.04830508e-01 9.51556151e-01]
 [3.27363587e+00 2.98369316e+00]
 [2.77992080e+00 2.64637350e+00]
 [7.61196772e-01 8.83662055e-01]
 [2.16907048e+00 2.42208159e+00]
 [2.93770082e+00 2.64555638e+00]
 [4.82020250e+00 2.99171496e+00]
 [2.31563444e+00 2.39911357e+00]
 [4.64197438e+00 2.99496559e+00]
 [7.22107050e-01 6.00566121e-01]
 [2.55266501e+00 2.82402148e+00]
 [2.02047095e+00 1.84062557e+00]
 [4.02786849e-01 4.57811961e-01]
 [1.55367016e+00 1.35172322e+00]
 [2.19146291e+00 2.07436458e+00]
 [2.79533006e+00 2.80815354e+00]
 [1.81140927e+00 1.86523330e+00]
 [3.28413575e+00 2.88341097e+00]
 [1.72273976e+00 1.74071594e+00]
 [1.71260777e+00 1.57915039e+00]
 [1.52395618e-01 2.69869598e-01]
 [2.50821371e+00 2.55439014e+00]
 [1.16456648e+00 8.73218065e-01]
 [2.61228854e+00 2.70430364e+00]
 [1.54553579e+00 1.85709094e+00]
 [1.55411411e+00 1.60936172e+00]
 [4.37709781e+00 2.97873111e+00]
 [3.80064323e+00 2.95852434e+00]
 [8.38070362e-01 5.84728432e-01]
 [6.20866576e-01 4.75421672e-01]
 [2.03553516e+00 2.15338662e+00]
 [2.52244077e+00 2.99186259e+00]
 [1.55955886e+00 1.63470101e+00]
 [2.29952757e+00 2.11426036e+00]
 [1.68940356e+00 1.61666972e+00]
 [3.46516937e+00 2.90126678e+00]
 [3.55671879e+00 2.92016388e+00]
 [9.02806937e-01 1.29785198e+00]
 [8.24987748e-01 9.44311350e-01]
 [1.11147817e+00 1.17298888e+00]
 [2.62165646e+00 2.37420509e+00]
 [2.52978235e+00 2.36188130e+00]
 [2.49033009e+00 2.45623891e+00]
 [2.34042361e+00 2.29445051e+00]
 [9.79527784e-01 1.31875530e+00]
 [1.29849197e+00 1.18729461e+00]
 [2.02420097e+00 2.25321656e+00]
 [1.92184866e+00 2.06159121e+00]
 [1.20961355e+00 1.61061590e+00]
 [3.39534418e+00 2.99105873e+00]
 [1.60513157e+00 1.72126639e+00]
 [2.87799426e+00 2.82247957e+00]
 [1.44300730e+00 1.49416687e+00]
 [3.29401268e-01 3.29119143e-01]
 [4.22486807e+00 2.98559130e+00]
 [4.24690180e-01 6.05823140e-01]
 [9.16632146e-02 2.41406740e-01]
 [1.60601886e+00 1.31377974e+00]
 [2.24630520e-01 2.18045908e-01]
 [2.96500258e+00 2.84925591e+00]
 [2.19331825e+00 2.11341042e+00]
 [1.50149355e+00 1.24365849e+00]
 [1.25669510e+00 1.61208676e+00]
 [4.52904748e+00 2.97171830e+00]
 [1.74507676e-01 7.33858705e-02]
 [1.98995320e+00 1.52319836e+00]
 [2.09597257e+00 2.07583435e+00]
 [1.86988109e+00 1.71579745e+00]
 [1.38391071e+00 1.34400417e+00]
 [2.47376787e+00 2.31550977e+00]
 [3.34112887e+00 2.97479660e+00]
 [6.91773449e-01 8.41404220e-01]
 [2.76582004e-01 3.14503494e-01]
 [7.98217744e-01 7.80982182e-01]
 [3.37103873e+00 2.96986554e+00]
 [2.42214223e+00 2.57750833e+00]
 [1.49152280e+00 1.49780280e+00]
 [2.46933406e+00 2.20684819e+00]
 [2.16490753e+00 2.32984621e+00]
 [7.88120637e-01 7.24356806e-01]
 [4.10815050e-01 3.05209735e-01]
 [1.86537584e+00 2.13886499e+00]
 [3.40922732e+00 2.99154582e+00]
 [3.14006332e+00 2.84704896e+00]
 [4.88637020e-01 4.19344105e-01]
 [4.91002093e-01 2.28555282e-01]
 [9.31949114e-01 6.89401874e-01]
 [2.51263109e+00 2.26959261e+00]
 [2.02089851e+00 2.05039470e+00]
 [1.03227029e+00 9.66465478e-01]
 [1.55475118e+00 1.98166165e+00]
 [6.38674565e-01 3.08494832e-01]
 [2.42214223e+00 2.52732890e+00]
 [1.61265167e+00 1.76964329e+00]
 [2.80687148e+00 2.98509347e+00]
 [2.71352674e+00 2.77442391e+00]]
