[[4.86621314e+00 6.48194950e-03]
 [8.42493582e+00 2.79476072e-03]
 [1.26053579e+01 1.94096797e-03]
 [1.05192484e+01 2.36960019e-03]
 [2.05235936e+01 1.11743859e-03]
 [4.54851524e+00 1.18642502e-02]
 [2.21990142e+01 8.26558368e-04]
 [1.35977607e+01 1.67215087e-03]
 [3.27451541e+01 6.09720401e-04]
 [2.58323003e+01 7.70069756e-04]
 [3.64901013e+01 4.81862388e-04]
 [8.66136605e+01 4.45550334e-04]
 [2.21776309e+01 8.33789475e-04]
 [1.34845451e+01 1.92456864e-03]
 [1.56435058e+01 1.22781253e-03]
 [3.08270121e+01 6.30032764e-04]
 [7.08884075e+01 4.66383295e-04]
 [1.84696746e+01 1.19719027e-03]
 [1.12082044e+01 2.12964998e-03]
 [2.69927907e+01 6.94321559e-04]
 [3.30090845e+01 5.63754112e-04]]
