[[1.86260211e-03 3.45560727e-03 1.79353495e+00]
 [4.30247271e-03 9.73802078e-03 2.35560178e+00]
 [3.81016124e-03 7.49858311e-03 2.02228296e+00]
 [4.23312437e-03 8.07698409e-03 1.90369894e+00]
 [4.29997330e-03 9.73802078e-03 2.35560178e+00]
 [4.31258464e-03 9.00461231e-03 2.02719031e+00]
 [9.18761790e-04 2.07625662e-03 2.83466713e+00]
 [4.90650793e-03 9.00060918e-03 1.69915937e+00]
 [1.76420756e-03 3.17201829e-03 1.66147487e+00]
 [4.25149060e-03 9.00461231e-03 2.20393007e+00]
 [9.18761790e-04 2.07625662e-03 2.87105367e+00]
 [4.27775939e-03 9.57355113e-03 2.43479480e+00]
 [4.08469277e-03 7.80427132e-03 1.87853065e+00]
 [1.40386939e-03 3.30450882e-03 2.60148914e+00]
 [4.11225754e-03 9.89509570e-03 2.68566150e+00]
 [1.86260211e-03 3.45560727e-03 1.79288927e+00]
 [2.94604986e-03 7.21010133e-03 2.57039433e+00]
 [1.84472425e-03 3.45106788e-03 1.78630715e+00]
 [3.61433460e-03 7.66307171e-03 2.20908387e+00]
 [2.20234226e-03 4.02896222e-03 2.58485050e+00]
 [4.08469277e-03 7.80427132e-03 1.88483374e+00]
 [2.74119775e-03 5.86432050e-03 2.34345957e+00]
 [4.27775939e-03 9.57355113e-03 2.41376456e+00]
 [4.50834104e-03 8.26094916e-03 1.90369894e+00]
 [1.47926666e-03 2.81269111e-03 1.94958054e+00]
 [1.99668571e-03 3.55596591e-03 1.76079975e+00]
 [1.76420756e-03 3.17201829e-03 1.91034956e+00]
 [1.33501202e-03 3.10131110e-03 2.59569196e+00]
 [5.44830503e-04 1.46507617e-03 1.81575376e+00]
 [4.13365842e-03 8.79050056e-03 2.09920666e+00]
 [1.90472338e-03 4.07018480e-03 1.79353495e+00]
 [4.90629688e-03 8.91946822e-03 1.84144251e+00]
 [1.88302567e-03 4.06718924e-03 1.89546809e+00]
 [4.23312437e-03 8.07698409e-03 2.04551211e+00]
 [4.19361209e-03 8.07698409e-03 1.89642747e+00]
 [2.74119775e-03 5.93387447e-03 2.34345957e+00]
 [4.29753358e-03 9.38562436e-03 2.20393007e+00]
 [1.02815802e-03 2.19641483e-03 1.80700170e+00]
 [4.25149060e-03 9.04819844e-03 2.18100720e+00]
 [4.06687963e-03 9.99903638e-03 2.81785539e+00]
 [8.13941058e-04 1.74531860e-03 2.56042093e+00]
 [1.13863190e-03 1.61980967e-03 1.25723954e+00]
 [8.95952160e-04 1.99859024e-03 2.01334067e+00]
 [2.91000898e-03 5.52666224e-03 2.09920666e+00]
 [1.48161742e-03 2.52325745e-03 1.36247907e+00]
 [4.31258464e-03 8.32253493e-03 2.02719031e+00]
 [2.62179182e-03 5.25835446e-03 2.04320074e+00]
 [1.76420756e-03 3.09736809e-03 1.67564926e+00]
 [2.13101336e-03 4.24900572e-03 1.68789304e+00]
 [5.84717622e-04 1.42866441e-03 1.55081578e+00]
 [1.05283535e-03 1.61980967e-03 1.26028180e+00]
 [2.11334357e-03 4.11636182e-03 1.77641214e+00]
 [8.98824310e-04 2.02656560e-03 2.54022336e+00]
 [1.76420756e-03 3.07507582e-03 1.67564926e+00]
 [4.27737329e-03 9.00461231e-03 2.12633748e+00]
 [4.41629996e-03 9.93377510e-03 2.56614602e+00]
 [3.40878332e-03 6.49613020e-03 2.02378712e+00]
 [2.85576282e-03 5.87933227e-03 2.06483556e+00]
 [2.88307765e-03 5.64403321e-03 2.09920666e+00]
 [4.11334987e-03 9.00454456e-03 2.38171851e+00]
 [3.60690491e-03 5.98018961e-03 1.44874145e+00]
 [1.15127895e-03 2.57854477e-03 2.01285039e+00]
 [1.77148330e-03 3.17201829e-03 1.68534035e+00]
 [1.62388114e-03 2.90918347e-03 1.66330324e+00]
 [4.13938346e-03 9.24737364e-03 2.35560178e+00]
 [4.00829570e-03 8.39011228e-03 2.02597120e+00]
 [2.60509806e-03 5.25835446e-03 1.85212428e+00]
 [1.63407795e-03 4.01234678e-03 2.62530571e+00]
 [1.02815802e-03 2.19641483e-03 1.76073430e+00]
 [4.44504056e-03 9.98159770e-03 2.35905829e+00]
 [2.74028887e-03 6.19865506e-03 2.49120244e+00]
 [2.58195239e-03 5.21962115e-03 2.04320074e+00]
 [1.50367696e-03 3.17201829e-03 1.90882350e+00]
 [4.53386543e-03 9.99903638e-03 2.81785539e+00]
 [8.42396535e-04 1.70449027e-03 2.02973217e+00]
 [1.37879866e-03 2.71218287e-03 1.81575376e+00]
 [2.74028887e-03 6.54633668e-03 2.65194055e+00]
 [4.23312437e-03 8.87160785e-03 1.99036930e+00]
 [1.86260211e-03 3.45560727e-03 1.74296944e+00]
 [2.19953890e-03 4.60834217e-03 1.79842541e+00]
 [2.74028887e-03 6.54633668e-03 2.59210788e+00]
 [1.35174434e-03 2.71015083e-03 1.66147487e+00]
 [1.37879866e-03 2.52293688e-03 1.81575376e+00]
 [2.11334357e-03 4.11296338e-03 1.85198326e+00]
 [6.07958996e-04 1.37946268e-03 1.74754308e+00]
 [4.23312437e-03 8.80286834e-03 1.98685767e+00]
 [6.36568557e-04 1.27979725e-03 1.83193443e+00]
 [1.25598147e-03 2.13623965e-03 1.95979753e+00]
 [9.05208295e-04 1.69197440e-03 1.80686034e+00]
 [2.84345679e-03 5.41446768e-03 1.91633022e+00]
 [1.79303631e-03 3.19181114e-03 1.64321336e+00]
 [2.87983858e-03 5.32441751e-03 1.70701929e+00]
 [3.61433460e-03 7.64073634e-03 2.21178702e+00]
 [2.49440358e-03 4.18767236e-03 1.82608427e+00]
 [2.45152982e-03 5.33557822e-03 2.22418175e+00]
 [1.76420756e-03 3.09736809e-03 1.67450774e+00]
 [1.76420756e-03 3.17201829e-03 1.84557867e+00]
 [2.58195239e-03 5.21962115e-03 2.44125521e+00]
 [4.51854761e-03 9.41163506e-03 2.20393007e+00]
 [9.26763579e-04 1.73567365e-03 1.86122558e+00]
 [1.03972268e-03 2.48668861e-03 2.37514113e+00]
 [7.99708189e-04 1.44438904e-03 1.79930094e+00]
 [1.05140379e-03 2.23309124e-03 1.80686034e+00]
 [3.40878332e-03 6.42072275e-03 2.03601122e+00]
 [4.27737329e-03 9.02694766e-03 2.15356691e+00]
 [2.19525823e-03 3.93662428e-03 1.83959589e+00]
 [1.21171946e-03 2.56328916e-03 2.34920881e+00]
 [1.18870723e-03 2.06539369e-03 1.81575376e+00]
 [8.39499553e-04 1.70449027e-03 2.03143362e+00]
 [9.12181150e-04 1.87283140e-03 1.89058896e+00]
 [1.90386179e-03 4.68038553e-03 2.53605296e+00]
 [2.58195239e-03 5.21962115e-03 2.01330825e+00]]
