[[1.45988514e+01 1.87473437e-03]
 [4.86621314e+00 6.48194950e-03]
 [8.42493582e+00 2.79476072e-03]
 [1.38583616e+01 1.92456864e-03]
 [1.62072948e+01 1.34727829e-03]
 [1.26053579e+01 1.94096797e-03]
 [2.05235936e+01 1.11743859e-03]
 [4.54851524e+00 1.18642502e-02]
 [2.11510538e+01 9.47672564e-04]
 [6.02999230e+01 4.73399493e-04]
 [1.50817555e+01 1.45402964e-03]
 [3.50041597e+01 5.22448616e-04]
 [8.17097138e+00 2.89614500e-03]
 [4.84511519e+01 4.87668411e-04]
 [2.95859937e+01 7.07200338e-04]
 [8.87272928e+01 4.64189745e-04]
 [1.99012530e+01 1.25252471e-03]
 [6.74863150e+01 4.66790677e-04]
 [2.33474979e+01 9.04021040e-04]
 [3.39542057e+01 6.22149465e-04]
 [3.04533006e+01 6.29943929e-04]
 [2.85296044e+01 7.73140975e-04]
 [1.00078885e+01 2.19081919e-03]
 [2.65428377e+01 7.96902830e-04]
 [2.41903548e+01 8.35621306e-04]
 [7.72442101e+00 5.24350870e-03]]
