[[0.43379929 4.27441307 8.65190854 0.52291692]
 [1.02679196 8.45817405 9.82763891 4.57948067]
 [1.4989948  1.86709885 9.70171865 3.74195519]
 [1.68005678 1.30700616 9.63388057 2.58191717]
 [0.90872519 7.19075923 9.70912511 4.65655809]
 [0.55867567 3.33434245 9.48881637 0.91937637]
 [1.04256965 1.81511829 9.40087105 1.9611576 ]
 [1.0111137  5.61241881 9.70319789 4.12570672]
 [1.52604478 1.30989699 9.38034615 4.10604945]
 [0.6950747  2.05224383 9.97939197 2.92228899]
 [1.53030858 3.11083418 9.68561262 4.68679689]
 [0.45046889 2.77400729 9.70168216 1.3712472 ]
 [1.52433924 0.60801392 9.37709581 4.04788337]
 [1.51254185 1.48826826 9.02137643 4.68623779]
 [0.43223477 4.27441307 9.00210849 0.52291692]
 [0.8216535  2.38951652 9.48243059 2.87747423]
 [0.41903305 5.78160495 9.31679967 0.79587465]
 [0.90872519 7.51069603 9.71301717 4.73179351]
 [1.81966618 1.40223419 9.36945375 4.52897116]
 [1.58619495 1.1560597  9.63388057 2.51795384]]
