[[1.86260211e-03 3.45560727e-03 1.79353495e+00]
 [4.30247271e-03 9.73802078e-03 2.35560178e+00]
 [3.66543097e-03 8.62346253e-03 2.38535544e+00]
 [3.81016124e-03 7.49858311e-03 2.02228296e+00]
 [2.74119775e-03 5.60529991e-03 2.34345957e+00]
 [4.44117107e-03 8.28135361e-03 1.85269631e+00]
 [4.32981507e-03 9.09311989e-03 2.21095800e+00]
 [1.15103041e-03 2.27001165e-03 2.19196477e+00]
 [3.93884008e-03 6.88955048e-03 1.80800322e+00]
 [1.01581476e-03 2.25806922e-03 2.94264094e+00]
 [4.06288428e-03 7.43749196e-03 1.57597376e+00]
 [4.79737567e-03 9.46676679e-03 2.10686741e+00]
 [8.48018217e-04 2.02463036e-03 2.70847595e+00]
 [2.31462936e-03 4.26821349e-03 1.49622293e+00]
 [9.04097157e-04 1.28975984e-03 1.21052505e+00]
 [4.93963846e-04 1.50455028e-03 1.79070095e+00]
 [2.37214058e-03 5.39490891e-03 2.49856157e+00]
 [1.32906238e-03 2.83462432e-03 2.60128235e+00]
 [1.08067485e-03 1.91272052e-03 1.77409247e+00]
 [2.78504172e-03 6.14781891e-03 2.33033671e+00]
 [1.55528584e-03 3.17817550e-03 1.68796635e+00]
 [1.84748152e-03 4.30973654e-03 2.74649084e+00]
 [4.28335214e-03 9.35427012e-03 2.67768967e+00]
 [3.31014434e-03 6.59709804e-03 1.93308698e+00]
 [9.85390106e-04 1.35597047e-03 1.31872041e+00]
 [2.15209660e-03 3.71923011e-03 1.77971078e+00]
 [1.48733563e-03 3.05945447e-03 1.59448289e+00]
 [7.38385902e-04 1.60971437e-03 2.69130555e+00]
 [3.52983697e-03 5.92369078e-03 1.81228581e+00]
 [1.47608216e-03 2.83983225e-03 2.05811863e+00]
 [3.23608757e-03 5.53946952e-03 1.49861176e+00]
 [3.50251142e-03 7.07439055e-03 2.00576953e+00]
 [2.84374084e-03 5.14158268e-03 1.99532902e+00]
 [1.87776139e-03 4.54313569e-03 2.25782149e+00]
 [4.47945979e-03 8.15168824e-03 2.00612341e+00]
 [2.14397904e-03 5.41526253e-03 2.62903109e+00]
 [4.27442409e-03 7.46279160e-03 1.60699491e+00]
 [2.45942335e-03 5.06251841e-03 2.38383446e+00]
 [2.23018691e-03 3.71292424e-03 1.53068661e+00]
 [8.96306989e-04 2.10770942e-03 1.87653622e+00]
 [3.59605668e-03 6.88955048e-03 1.80800322e+00]
 [7.58457801e-04 1.61700289e-03 2.36242497e+00]
 [2.02934662e-03 4.24459960e-03 2.30191342e+00]
 [1.59242379e-03 3.14765687e-03 2.25371120e+00]
 [4.19949149e-04 1.38212755e-03 2.50905971e+00]
 [1.86260211e-03 3.08454124e-03 1.74792142e+00]
 [7.56243302e-04 1.89810172e-03 1.56946805e+00]
 [4.68005646e-03 9.30854968e-03 1.78183742e+00]
 [2.17413260e-03 4.78823401e-03 2.49888494e+00]
 [4.32981507e-03 9.08535806e-03 2.21095800e+00]
 [3.32300758e-03 6.59709804e-03 1.87064589e+00]
 [2.48620968e-03 4.46570529e-03 1.49622293e+00]
 [4.83472957e-03 9.99426699e-03 2.53137224e+00]
 [3.24086497e-03 6.46950470e-03 1.86020479e+00]
 [4.05533067e-03 8.07698409e-03 2.07577896e+00]
 [5.35704584e-03 9.94428980e-03 2.16562864e+00]
 [4.82389980e-03 9.91644700e-03 2.77321475e+00]
 [1.77958000e-03 4.26431138e-03 2.81253739e+00]
 [4.08263725e-03 7.77430021e-03 1.98996026e+00]
 [2.74119775e-03 6.03872508e-03 2.34345957e+00]
 [2.15209660e-03 3.71923011e-03 1.68186898e+00]
 [9.30910260e-04 1.28975984e-03 1.30094733e+00]
 [3.51624906e-03 7.51407031e-03 2.44383339e+00]
 [5.52999287e-03 9.73701959e-03 1.53277709e+00]
 [3.92972998e-03 8.85341416e-03 2.14790730e+00]
 [2.53347998e-03 4.43317316e-03 1.92855414e+00]
 [3.03758434e-03 5.21659313e-03 1.58351840e+00]
 [3.65604254e-03 7.10354578e-03 1.91128685e+00]
 [1.54026546e-03 3.17817550e-03 1.67477970e+00]]
