[[1.45988514e+01 1.87473437e-03]
 [4.86621314e+00 6.48194950e-03]
 [8.42493582e+00 2.79476072e-03]
 [1.38583616e+01 1.92456864e-03]
 [1.62072948e+01 1.34727829e-03]
 [1.26053579e+01 1.94096797e-03]
 [2.49856601e+01 8.35621306e-04]
 [1.05192484e+01 2.36960019e-03]
 [3.12680654e+01 6.42435431e-04]
 [1.56858167e+01 1.73447260e-03]
 [6.64781853e+00 5.88885772e-03]
 [8.42446213e+00 2.79530669e-03]
 [2.32973956e+01 9.15982558e-04]
 [5.22800414e+01 4.83260383e-04]
 [4.11902833e+01 5.22448616e-04]
 [6.80160525e+00 5.70132962e-03]
 [8.85201247e+01 4.76143731e-04]
 [7.76456289e+00 3.49267530e-03]
 [2.95858658e+01 6.87338761e-04]
 [2.15781279e+01 9.50170382e-04]
 [1.80465542e+01 1.31450246e-03]
 [1.99115979e+01 1.11561659e-03]
 [3.32418674e+01 5.50152327e-04]]
