[[0.52994543 1.99495546 1.66392095 0.65342794 1.08024613 1.08931218]
 [4.68105916 1.19058982 2.29865626 0.49376037 3.32935741 5.23339817]
 [4.6877074  1.18664658 2.48517505 0.14699002 1.70658287 5.47832685]
 [3.42688908 0.68209348 2.51169672 0.44209985 1.13264923 1.84864362]
 [4.6877074  1.18664658 2.48517505 0.24195582 4.86292407 5.38435284]
 [3.60963114 1.06574578 2.47621833 0.56946141 1.21137846 1.55793918]
 [0.5299746  1.99495546 1.61277798 0.65342794 1.00659451 1.08931218]
 [4.73969351 1.1881043  4.20253069 1.26050315 1.01984786 5.32420873]
 [4.6877074  1.18664658 2.30249737 0.54231582 1.27001246 1.59959268]
 [4.04436037 1.62464819 2.3596782  1.94562791 1.21845436 1.16402397]
 [4.68135248 1.12368878 2.48396541 0.20618636 4.74991236 5.46564599]
 [3.82553712 1.71956778 1.62311307 1.19616389 1.03581335 1.5340576 ]
 [0.52994543 1.99495546 2.35903412 0.65342794 1.08024613 1.08931218]]
