[[1.52610864e-02 2.65060857e+04]
 [4.91232333e-02 8.96634650e+03]
 [3.93752889e-02 1.06532184e+04]
 [3.39946541e-02 1.19017793e+04]
 [2.69897406e-02 1.55173060e+04]
 [3.70128177e-02 1.09776149e+04]
 [4.18541489e-02 9.65590185e+03]
 [1.07192317e-02 3.87363394e+04]
 [3.18475519e-02 1.27103137e+04]
 [5.58102404e-02 8.67738208e+03]
 [4.37664957e-02 9.35419140e+03]
 [9.94202140e-03 4.21205463e+04]
 [5.80348224e-03 8.04541568e+04]
 [5.25064956e-03 9.90916651e+04]
 [2.57065886e-02 1.59723699e+04]
 [2.40249579e-02 1.80470326e+04]
 [1.42412880e-02 3.02360048e+04]
 [2.11989407e-02 2.09003634e+04]
 [1.96510836e-02 2.36005112e+04]
 [8.62407872e-03 4.80120660e+04]
 [2.84826754e-02 1.42657777e+04]
 [1.29877897e-02 3.30752248e+04]
 [7.73724338e-03 5.94455362e+04]
 [2.15610606e-02 1.97547574e+04]
 [2.90637842e-02 1.38857811e+04]
 [6.39436901e-03 7.40431534e+04]
 [1.70144863e-02 2.46728070e+04]
 [3.12348641e-02 1.29698405e+04]
 [1.68319317e-02 2.54913010e+04]
 [6.04773810e-02 8.65276096e+03]
 [1.80557689e-02 2.40959998e+04]
 [2.70936442e-02 1.55012740e+04]
 [2.15342288e-02 2.01616331e+04]
 [1.18319106e-02 3.51447968e+04]
 [6.38242887e-03 7.40879679e+04]
 [2.22398641e-02 1.85167787e+04]
 [3.57809005e-02 1.15916861e+04]
 [9.07344544e-03 4.62263937e+04]
 [2.52389538e-02 1.68470878e+04]
 [4.06837184e-02 9.96701862e+03]
 [2.80602197e-02 1.47238577e+04]
 [9.78712118e-03 4.27207826e+04]
 [3.79754180e-02 1.08663424e+04]
 [2.38921428e-02 1.83094347e+04]
 [4.42770276e-02 9.07322123e+03]
 [2.75919157e-02 1.54669257e+04]
 [7.53072260e-03 7.04143149e+04]
 [5.07302837e-02 8.69148129e+03]
 [3.62054345e-02 1.14641899e+04]
 [4.42128561e-02 9.22318786e+03]
 [8.19188500e-03 5.57271878e+04]
 [1.99055224e-02 2.10397033e+04]
 [3.37533902e-02 1.20265121e+04]
 [2.27676414e-02 1.83715471e+04]
 [2.53178015e-02 1.68464257e+04]
 [3.50725858e-02 1.18710654e+04]
 [1.34346349e-02 3.26119969e+04]
 [1.29546778e-02 3.31209570e+04]
 [7.80495331e-03 5.74192157e+04]
 [6.39715344e-03 7.40021568e+04]
 [6.94233784e-02 8.61517980e+03]
 [2.37432632e-02 1.83284213e+04]
 [6.73100713e-03 7.24143331e+04]
 [3.95858583e-02 1.03262345e+04]
 [1.74636249e-02 2.45063101e+04]
 [1.97197043e-02 2.16315200e+04]
 [1.38933735e-02 3.22306802e+04]
 [1.98971126e-02 2.12765495e+04]
 [8.20350197e-03 5.05815576e+04]
 [8.51413434e-03 4.91660095e+04]]
