[[4.86621314e+00 6.48194950e-03]
 [5.84779630e+01 5.05021991e-04]
 [3.23474214e+01 6.42435431e-04]
 [2.23930593e+01 9.50885037e-04]
 [5.26519165e+01 5.15072990e-04]
 [8.42493582e+00 2.79476072e-03]
 [1.38583616e+01 1.92456864e-03]
 [1.62072948e+01 1.34727829e-03]
 [1.26053579e+01 1.94096797e-03]
 [2.49856601e+01 8.35621306e-04]
 [1.05192484e+01 2.36960019e-03]
 [2.05235936e+01 1.11743859e-03]
 [2.03022510e+01 1.21895795e-03]
 [5.14322534e+00 5.91765657e-03]
 [7.05430630e+00 4.45841443e-03]
 [2.15216529e+01 1.04361488e-03]
 [3.13883580e+01 6.57607673e-04]
 [4.35671690e+01 5.24146365e-04]
 [5.91662978e+01 4.91660194e-04]
 [3.22939585e+01 6.46167944e-04]
 [3.46641295e+01 5.77463652e-04]
 [2.81247968e+01 8.31599223e-04]
 [3.30664109e+01 6.40337524e-04]
 [1.09763876e+02 4.50460793e-04]
 [1.39135767e+01 1.75737927e-03]
 [1.61652297e+01 1.35133052e-03]
 [6.82254321e+01 4.63692761e-04]
 [2.24241702e+01 9.49272782e-04]
 [1.54944624e+01 1.55390106e-03]
 [3.31798092e+01 5.82733107e-04]
 [2.93084398e+01 7.54340876e-04]
 [1.40410878e+01 1.71078298e-03]
 [2.95157531e+01 6.94692154e-04]]
