[[1.45988514e+01 1.87473437e-03]
 [4.86621314e+00 6.48194950e-03]
 [3.18032647e+01 6.57607673e-04]
 [3.23474214e+01 6.42435431e-04]
 [2.23930593e+01 9.50885037e-04]
 [8.42493582e+00 2.79476072e-03]
 [1.38583616e+01 1.92456864e-03]
 [1.62072948e+01 1.34727829e-03]
 [3.04950242e+01 8.01750723e-04]
 [1.26053579e+01 1.94096797e-03]
 [2.49856601e+01 8.35621306e-04]
 [1.05192484e+01 2.36960019e-03]
 [1.56322012e+01 1.69728425e-03]
 [3.27182153e+01 6.24563429e-04]
 [1.92318656e+01 1.16264768e-03]
 [1.53312453e+01 1.72157921e-03]
 [2.37609327e+01 8.80193716e-04]
 [3.04368029e+01 8.07028089e-04]
 [3.54130986e+01 5.19265606e-04]
 [1.11225414e+01 2.09945359e-03]
 [3.81001263e+01 4.54923666e-04]
 [5.41224007e+00 5.43776861e-03]]
