[[2.08511002e+00 2.16097348e+00]
 [7.33779454e-01 2.77015784e-01]
 [9.31301057e-01 1.03668218e+00]
 [1.98383737e+00 1.61645020e+00]
 [2.09597257e+00 2.05565850e+00]
 [7.01934693e-01 5.94304467e-01]
 [1.05814058e+00 7.96639978e-01]
 [2.24956067e+00 1.73516884e+00]
 [1.63322451e+00 1.58117431e+00]
 [3.45448459e+00 2.99196855e+00]
 [9.94006692e-02 7.86329606e-02]
 [2.76410989e+00 2.52609268e+00]
 [2.92879636e+00 2.90878724e+00]
 [2.99588448e-01 3.64030367e-01]
 [2.22759393e-01 3.22482387e-01]
 [1.19923880e+00 1.48130914e+00]
 [2.62335155e+00 2.77442391e+00]
 [3.08389179e+00 2.84704896e+00]
 [8.80981278e-01 9.96190723e-01]
 [2.91007090e+00 2.63649595e+00]
 [3.39534418e+00 2.75580533e+00]
 [2.63857323e+00 2.40648325e+00]
 [2.59505814e+00 2.31265173e+00]
 [8.04857184e-01 1.40064007e+00]
 [2.07924359e+00 1.85005520e+00]
 [1.29849197e+00 7.71207896e-01]
 [3.91374707e+00 2.97141535e+00]
 [1.23866451e+00 7.86519251e-01]
 [1.10716367e+00 8.01216059e-01]
 [9.16632146e-02 2.00174993e-01]
 [1.97425240e+00 2.24081549e+00]
 [7.27791156e-01 4.73190210e-01]
 [4.52904748e+00 2.96986554e+00]
 [7.33961867e-01 7.92892448e-01]
 [2.58633799e+00 2.74921756e+00]
 [4.37411048e-01 6.81929209e-01]
 [2.85357926e+00 2.99026028e+00]
 [1.69354013e+00 1.57168841e+00]
 [2.42214223e+00 2.57795342e+00]
 [1.37059888e+00 1.68158997e+00]
 [1.07056068e+00 5.96843770e-01]
 [1.33139423e-01 3.32761107e-01]
 [4.02647636e-01 6.95106931e-01]
 [7.99168252e-01 6.07806376e-01]
 [1.85077089e+00 1.59209232e+00]
 [2.01610236e+00 2.27624079e+00]
 [3.58464501e+00 2.96197852e+00]
 [1.87437972e+00 2.31096758e+00]
 [2.00932962e+00 2.09192406e+00]
 [6.03835922e-01 6.60851963e-01]
 [6.91773449e-01 8.70433389e-01]
 [1.57382844e+00 1.88056681e+00]
 [2.86636136e+00 2.82828773e+00]
 [2.45772575e+00 2.57010749e+00]
 [2.09289013e+00 2.05039470e+00]
 [1.47644397e+00 1.63236415e+00]
 [2.43960746e+00 2.56606924e+00]
 [2.57087522e+00 2.62599818e+00]
 [8.07553852e-01 1.02732192e+00]
 [2.14018735e+00 1.79780927e+00]
 [2.89680270e+00 2.77411254e+00]
 [2.64972713e-01 5.98486638e-01]
 [1.14602514e+00 1.30165013e+00]
 [1.91233729e+00 1.40936712e+00]
 [3.15479600e+00 2.94277103e+00]
 [2.51754755e+00 2.89779920e+00]
 [2.49966186e+00 2.33129469e+00]
 [1.99609303e+00 2.39088676e+00]
 [1.90540746e+00 1.97803481e+00]
 [3.54592002e-01 4.57811961e-01]
 [8.28794145e-02 3.41389069e-01]
 [1.60513157e+00 1.67373598e+00]
 [3.49811591e+00 2.75477577e+00]
 [1.98643533e-01 2.11000325e-01]
 [2.69824555e+00 2.68578110e+00]
 [1.26790875e+00 8.21429112e-01]
 [1.64180695e+00 1.64269281e+00]
 [1.93002006e+00 1.71462628e+00]
 [1.55851459e+00 2.00638982e+00]
 [9.67081995e-01 1.00699140e+00]
 [2.16177797e+00 2.54310140e+00]
 [1.24145364e+00 8.85235726e-01]
 [1.13500583e+00 1.78794716e+00]
 [3.01091827e+00 2.89070126e+00]
 [1.72839607e+00 1.78687529e+00]
 [1.52644150e+00 1.11496373e+00]
 [2.24368629e+00 2.11294020e+00]
 [8.83394465e-01 1.17329737e+00]
 [1.17538818e+00 1.38480624e+00]
 [1.00363744e+00 1.58863983e+00]
 [1.64922281e+00 2.04922310e+00]
 [1.97441131e+00 1.38473913e+00]
 [6.13860647e-01 5.62709678e-01]
 [2.35248838e+00 2.48140801e+00]
 [1.93494617e+00 1.47864262e+00]
 [2.29978366e+00 2.29161815e+00]
 [6.33566919e-01 7.32799990e-01]
 [2.73227295e+00 2.44932719e+00]
 [3.02153422e+00 2.87640755e+00]
 [1.96942004e+00 2.06686514e+00]
 [3.50266536e+00 2.79167946e+00]
 [1.95305249e+00 2.08881025e+00]
 [3.06556168e+00 2.80720880e+00]
 [2.98444262e+00 2.93877052e+00]
 [2.20503310e+00 2.21883589e+00]
 [1.38600052e+00 1.60449670e+00]
 [3.24791527e+00 2.79434104e+00]
 [4.48021746e+00 2.91816106e+00]
 [3.52710224e-01 2.20399963e-01]
 [1.73347441e+00 1.06094336e+00]
 [3.02606448e+00 2.97121859e+00]
 [4.44991104e-01 5.54716771e-01]
 [1.89312939e-01 1.72750517e-01]
 [2.58099231e+00 2.58967945e+00]
 [2.32566972e+00 2.42024043e+00]
 [1.28330495e+00 1.17429109e+00]
 [2.89879067e-01 4.16449554e-01]
 [7.28927156e-01 7.34641916e-01]
 [2.78634115e+00 2.72132717e+00]
 [2.60156818e+00 2.48540444e+00]
 [2.52889693e+00 2.47457569e+00]
 [1.43993440e+00 9.43251667e-01]
 [1.55506534e+00 1.64546727e+00]
 [2.39868784e+00 2.84003004e+00]
 [1.64573001e+00 1.58400419e+00]
 [1.15731468e+00 1.28046405e+00]
 [1.95132352e+00 2.27947619e+00]
 [3.18869047e+00 2.90021554e+00]
 [2.89459463e+00 2.75432154e+00]
 [3.50906130e+00 2.77732440e+00]
 [2.55683823e+00 2.37467379e+00]
 [2.04363481e-01 3.50780743e-03]
 [6.20866576e-01 9.56392628e-01]
 [1.33846937e+00 1.15502304e+00]
 [1.70902328e+00 1.17891899e+00]
 [2.32096385e+00 2.01741795e+00]
 [4.74657145e+00 2.98458934e+00]
 [2.56972368e+00 2.99047912e+00]
 [5.68203950e-01 3.69489326e-01]
 [1.89151328e+00 1.93940671e+00]
 [2.73227295e+00 2.44941996e+00]
 [2.46057150e+00 2.08904021e+00]
 [1.52265028e+00 1.87809320e+00]
 [2.47371603e+00 2.34247650e+00]
 [2.55746808e+00 2.54012088e+00]
 [3.16007848e+00 2.63721228e+00]
 [2.53766294e+00 2.25243193e+00]
 [3.73948873e+00 2.98638062e+00]
 [2.42214223e+00 2.52646516e+00]
 [4.50373586e+00 2.93984921e+00]
 [1.79749297e+00 2.04778528e+00]
 [2.65604331e+00 2.72895541e+00]
 [4.56282541e+00 2.96986554e+00]
 [1.85016458e+00 1.90032486e+00]
 [2.03460997e+00 2.09850600e+00]
 [2.48156710e+00 2.67377575e+00]
 [6.20866576e-01 5.47932453e-01]
 [3.40555023e+00 2.99612528e+00]
 [2.29876517e+00 2.36041275e+00]
 [3.50901091e-01 2.53208332e-01]
 [1.96942004e+00 1.76904866e+00]
 [2.77333655e+00 2.61916842e+00]
 [3.83094183e+00 2.95142088e+00]
 [7.58624355e-01 9.97773022e-01]
 [8.04450454e-01 7.34641916e-01]
 [2.48304477e+00 2.08693413e+00]
 [2.28212431e+00 2.56512516e+00]
 [1.83187435e+00 2.23636525e+00]
 [2.49966186e+00 2.38802425e+00]
 [3.73657225e-01 7.02075287e-01]
 [2.45602644e+00 2.19497163e+00]
 [3.82241288e+00 2.83161151e+00]
 [1.24282982e+00 1.06278341e+00]
 [1.70756967e+00 1.58806611e+00]
 [2.15590878e+00 2.11018085e+00]
 [1.64180695e+00 1.63312815e+00]
 [2.99212566e+00 2.73367025e+00]
 [2.98676814e+00 2.92298882e+00]
 [1.20491433e+00 1.56568360e+00]
 [4.01003856e+00 2.94013606e+00]
 [1.64587446e+00 1.20978477e+00]
 [2.37384990e+00 2.85938507e+00]
 [1.50261628e+00 1.73721471e+00]
 [2.97245616e+00 2.93484499e+00]
 [2.63857323e+00 2.37581029e+00]
 [3.90930048e+00 2.97854366e+00]
 [2.34067848e+00 2.57785112e+00]
 [2.61538190e+00 2.90308574e+00]
 [2.31714947e+00 2.41817699e+00]
 [2.30567567e+00 2.30509655e+00]
 [2.93282236e+00 2.60881963e+00]
 [1.07472849e+00 1.21176146e+00]
 [1.07233493e+00 5.96843770e-01]
 [1.96819538e+00 2.15995236e+00]
 [2.16838174e+00 2.27238031e+00]
 [1.36662444e+00 1.00311908e+00]
 [1.03192039e+00 6.16835874e-01]
 [1.82718512e+00 1.84699683e+00]
 [2.44875126e+00 2.35501799e+00]
 [3.75864048e+00 2.99277517e+00]
 [2.58906321e+00 2.40624937e+00]
 [2.40374499e+00 2.45564525e+00]
 [1.26016540e+00 1.24949364e+00]
 [4.15757618e+00 2.97977169e+00]
 [1.88629384e+00 2.28958034e+00]
 [2.49586843e+00 2.53048238e+00]
 [3.41440183e+00 2.79509810e+00]
 [3.47249403e+00 2.76655779e+00]
 [3.39108149e+00 2.93170333e+00]
 [2.14397580e+00 1.82413323e+00]
 [2.60156818e+00 2.49339118e+00]
 [2.59505814e+00 2.71888483e+00]
 [6.83323640e-01 7.44813764e-01]
 [3.81832923e+00 2.84570879e+00]
 [3.64979015e+00 2.92321041e+00]
 [1.19923880e+00 1.51170820e+00]
 [2.72930577e+00 2.66567312e+00]
 [2.84415198e+00 2.77411254e+00]
 [2.31827193e+00 1.88027890e+00]
 [5.60326351e-01 2.82300823e-01]]
