[[0.09203272 1.02167406]
 [0.14880509 0.96635697]
 [0.6221196  0.77869792]
 [0.06594875 1.04426765]
 [0.78289983 0.65218428]
 [0.48867138 0.85357718]
 [0.69329299 0.76951881]
 [0.81492351 0.53504426]
 [0.97655955 0.14966543]
 [0.17582612 0.93346569]
 [0.51297923 0.80606306]
 [0.61886212 0.77873143]
 [0.12882146 0.97641766]
 [0.51928549 0.79679962]
 [0.54440119 0.78095707]
 [0.61566818 0.77999267]
 [0.81755639 0.53275913]
 [1.07070248 0.13040268]
 [0.92657718 0.45193255]
 [0.78941431 0.54549094]
 [0.64009825 0.77323383]
 [0.78605734 0.63226466]
 [0.95628418 0.17357548]
 [1.07098844 0.12496136]
 [0.53934257 0.79036212]
 [0.78110277 0.65633096]
 [0.95384892 0.17519838]
 [0.48235535 0.90490707]
 [0.94790871 0.19121809]
 [0.7765517  0.72165684]
 [0.73968975 0.76090174]]
