[[2.65498929e-04 4.99157373e+01]
 [1.35097326e+02 4.00489178e+00]
 [1.06726690e+02 4.63380655e+00]
 [1.11545836e+02 4.54125876e+00]
 [3.04517962e+01 1.85966746e+01]
 [1.31321022e+02 4.02595409e+00]
 [7.29799131e+00 3.27319067e+01]
 [4.65203069e+01 1.34287269e+01]
 [1.12869534e+02 4.41510951e+00]
 [1.27115089e+02 4.06121208e+00]
 [1.25543807e+02 4.08551075e+00]
 [1.16312280e+02 4.27148817e+00]
 [1.29864473e+02 4.03607308e+00]
 [2.78636245e+01 1.96836682e+01]
 [2.28562800e+01 2.19818088e+01]
 [2.15542121e+01 2.25671365e+01]
 [5.02851324e+00 3.54009056e+01]
 [4.57233870e+01 1.40047529e+01]
 [1.22844608e+02 4.12892271e+00]
 [1.34603884e+02 4.00990370e+00]
 [3.53684089e+01 1.67899730e+01]
 [2.61940879e+01 2.05456462e+01]
 [1.19328680e+02 4.21541748e+00]
 [6.70055017e+01 8.87252685e+00]
 [8.18389173e+01 6.65497032e+00]
 [2.01612603e+01 2.33897078e+01]
 [3.19000102e+01 1.80549705e+01]
 [1.01684842e+02 4.89863773e+00]
 [4.99049708e-01 4.60795436e+01]
 [5.29326048e-01 4.51230415e+01]
 [3.94924977e+00 3.72655819e+01]
 [1.73890245e+01 2.53504882e+01]
 [1.04965034e+01 2.97468927e+01]
 [4.03942248e+01 1.52588511e+01]
 [8.84593868e+01 5.91480964e+00]
 [1.78845525e+00 4.10221651e+01]
 [1.24871928e+01 2.82560945e+01]
 [6.88225391e+00 3.31926229e+01]
 [2.96036399e+01 1.89503625e+01]
 [3.65879887e+01 1.63940742e+01]
 [8.73138418e+00 3.12886451e+01]
 [1.22307133e-01 4.75580902e+01]
 [8.01791310e+00 3.19952069e+01]
 [6.85824541e+01 8.60284441e+00]
 [2.51052490e+01 2.10269984e+01]
 [2.04502854e+00 4.04630736e+01]
 [9.75389109e+01 5.17572052e+00]
 [1.31365261e+01 2.78367619e+01]
 [6.16784942e+01 9.95395502e+00]
 [1.10784174e+01 2.93718919e+01]
 [4.11548522e+01 1.49465035e+01]
 [4.77353212e+01 1.31067676e+01]
 [3.32714846e+01 1.76790782e+01]
 [1.51816064e+00 4.17075824e+01]
 [9.39926132e-03 4.93314934e+01]
 [2.06081236e-01 4.69906167e+01]
 [5.59388816e+00 3.46996822e+01]
 [1.00018506e+01 3.01398987e+01]
 [5.15796776e+01 1.21182508e+01]
 [5.30707058e+01 1.18911147e+01]
 [2.70786533e+01 2.03287759e+01]
 [1.40812915e+01 2.72667357e+01]
 [2.12734288e+01 2.30258704e+01]
 [7.84512136e+01 7.04174141e+00]
 [9.26322662e+01 5.54798420e+00]
 [1.14261664e+01 2.90213922e+01]
 [7.04643053e+01 8.30666886e+00]
 [9.98609405e+01 5.04356752e+00]
 [1.22893695e+02 4.12072364e+00]
 [6.52327779e+00 3.35761904e+01]
 [9.47766496e+01 5.43432731e+00]
 [7.47044099e+01 7.57094035e+00]
 [5.66939891e+01 1.10991911e+01]
 [6.44375230e+01 9.34781384e+00]
 [7.67947573e+01 7.28519848e+00]
 [9.57707318e+01 5.30598351e+00]
 [1.63644328e+01 2.59244167e+01]
 [1.97297086e+01 2.37185014e+01]
 [8.70358765e+01 6.06481022e+00]
 [1.64221146e+01 2.54851399e+01]
 [1.17684425e+02 4.23875962e+00]
 [1.77018086e+01 2.47776914e+01]
 [6.30060430e+01 9.71722127e+00]
 [2.32736745e+00 3.97995037e+01]
 [3.71073777e+01 1.62902290e+01]
 [2.76531983e+00 3.90044241e+01]
 [4.27508352e+00 3.67851100e+01]
 [1.35046259e+01 2.75573942e+01]
 [8.01570397e+01 6.85046074e+00]
 [7.58932614e+01 7.51919552e+00]
 [4.43192440e+01 1.40144529e+01]
 [2.86601281e+01 1.94344365e+01]
 [6.34893721e+01 9.65488238e+00]
 [1.05391999e+02 4.69940790e+00]
 [1.23493852e+00 4.25029817e+01]
 [4.89605885e+01 1.27628346e+01]
 [2.50942029e-01 4.65917441e+01]
 [3.79697795e+01 1.59580060e+01]
 [1.02828309e+02 4.85344693e+00]
 [2.89714336e+01 1.91998237e+01]
 [5.82898145e+01 1.06072229e+01]
 [6.23277375e+00 3.39260191e+01]
 [5.32790871e+01 1.17106479e+01]
 [2.48169373e+00 3.95476394e+01]
 [6.03014399e+01 1.02277413e+01]
 [8.50691507e+01 6.24529196e+00]
 [7.32052103e+01 7.80387131e+00]
 [5.42232241e+01 1.14870703e+01]
 [6.61186363e+01 9.03647756e+00]
 [4.83307391e+01 1.30055861e+01]
 [7.17686777e+01 8.03863143e+00]
 [4.34786818e+00 3.65027909e+01]
 [3.09186721e-02 4.88281412e+01]
 [8.28451342e+01 6.54295746e+00]
 [6.03604382e+00 3.42065221e+01]
 [4.21294804e+01 1.48096807e+01]
 [7.37243647e+01 7.72173590e+00]
 [6.09681654e+01 1.00687849e+01]
 [8.95829735e+01 5.79814441e+00]
 [3.19245247e+00 3.81664555e+01]
 [2.92255352e+00 3.87922442e+01]
 [1.55562292e+01 2.61184402e+01]
 [3.11306823e+00 3.83988806e+01]
 [3.40851391e+01 1.73430066e+01]
 [9.83338695e+01 5.12799089e+00]
 [3.63305961e+00 3.77127217e+01]
 [4.63806886e+00 3.61528863e+01]
 [1.53164853e+01 2.62914077e+01]
 [5.04426280e+01 1.23906576e+01]
 [5.74141161e+01 1.09629253e+01]
 [4.37290420e+01 1.41934366e+01]
 [6.91256898e+01 8.53347969e+00]
 [6.98974175e+01 8.36738313e+00]
 [9.25038141e+00 3.08259434e+01]
 [7.23042859e+01 8.00620322e+00]
 [3.24630518e+01 1.78281771e+01]
 [5.91898405e+01 1.04615452e+01]
 [3.94840168e+01 1.55115891e+01]
 [1.52053594e+01 2.66859438e+01]
 [1.20911054e+01 2.87502033e+01]
 [5.76709855e+01 1.07457364e+01]
 [1.42182696e+00 4.19905917e+01]
 [8.46434499e+00 3.16406295e+01]
 [2.38886115e+01 2.14410712e+01]
 [2.02625927e+00 4.07503253e+01]
 [6.26380271e-01 4.45604940e+01]
 [7.88262883e+01 7.00450286e+00]
 [8.42332481e+01 6.34145387e+00]
 [5.46110060e+01 1.13988045e+01]
 [1.22388649e+01 2.86437151e+01]
 [2.44759170e+01 2.11812611e+01]
 [4.32139011e+01 1.43212940e+01]
 [3.46686934e+01 1.70389974e+01]
 [5.95316744e+01 1.03634609e+01]
 [3.55265251e+00 3.78197448e+01]
 [1.78991850e+01 2.46064262e+01]
 [5.54041323e+01 1.12187460e+01]
 [3.04872545e-01 4.62098085e+01]
 [5.49581606e-01 4.49471396e+01]
 [5.88281103e-04 4.98288505e+01]
 [6.50169463e+01 9.23872123e+00]
 [1.19307830e+02 4.21891537e+00]
 [4.28141266e+01 1.45024971e+01]
 [6.55462210e+01 9.13931238e+00]
 [1.03953692e+02 4.77260852e+00]
 [6.78675174e-02 4.83769539e+01]
 [8.62164821e+01 6.23458554e+00]
 [9.05132506e+01 5.73845090e+00]
 [3.83398321e+01 1.58984251e+01]
 [2.13532632e+01 2.28225225e+01]]
