[[2.08511002 2.16097348]
 [0.93130106 1.03668218]
 [1.98383737 1.6164502 ]
 [2.09597257 2.0556585 ]
 [2.08652401 1.67606949]
 [0.70193469 0.59430447]
 [1.05814058 0.79663998]
 [2.24956067 1.73516884]
 [1.63322451 1.58117431]
 [3.45448459 2.99196855]
 [0.09940067 0.07863296]
 [2.76410989 2.52609268]
 [2.92879636 2.90878724]
 [0.29958845 0.36403037]
 [0.22275939 0.32248239]
 [1.1992388  1.48130914]
 [2.62335155 2.77442391]
 [3.08389179 2.84704896]
 [1.95003857 1.457972  ]
 [0.88098128 0.99619072]
 [2.9100709  2.63649595]
 [3.39534418 2.75580533]
 [2.63857323 2.40648325]
 [2.59505814 2.31265173]
 [2.07924359 1.8500552 ]
 [4.33304137 2.84941797]
 [1.23866451 0.78651925]
 [0.09166321 0.20017499]
 [1.9742524  2.24081549]
 [0.73396187 0.79289245]
 [2.58633799 2.74921756]
 [2.85357926 2.99026028]
 [2.46035901 2.19027363]
 [1.69354013 1.57168841]
 [2.42214223 2.57795342]
 [1.37059888 1.68158997]
 [1.07056068 0.59684377]
 [0.13313942 0.33276111]
 [0.40264764 0.69510693]
 [0.79916825 0.60780638]
 [1.85077089 1.59209232]
 [2.01610236 2.27624079]
 [3.58464501 2.96197852]
 [1.87437972 2.31096758]
 [2.00932962 2.09192406]
 [0.60383592 0.66085196]
 [0.69177345 0.87043339]
 [1.72849411 2.02491481]
 [1.10741028 1.40173747]
 [2.86636136 2.82828773]
 [2.45772575 2.57010749]
 [2.09289013 2.0503947 ]
 [1.47644397 1.63236415]
 [2.43960746 2.56606924]
 [2.92674229 2.69461514]
 [2.57087522 2.62599818]
 [0.91976721 1.38851736]
 [0.80755385 1.02732192]
 [2.8968027  2.77411254]
 [0.26497271 0.59848664]
 [1.14602514 1.30165013]
 [3.154796   2.94277103]
 [2.51754755 2.8977992 ]
 [2.49966186 2.33129469]
 [1.99609303 2.39088676]
 [1.90540746 1.97803481]
 [0.354592   0.45781196]
 [1.60513157 1.67373598]
 [0.19864353 0.21100032]
 [2.69824555 2.6857811 ]
 [1.26790875 0.82142911]
 [1.64180695 1.64269281]
 [1.93002006 1.71462628]
 [1.55851459 2.00638982]
 [0.967082   1.0069914 ]
 [2.16177797 2.5431014 ]
 [1.24145364 0.88523573]
 [3.01091827 2.89070126]
 [1.72839607 1.78687529]
 [1.5264415  1.11496373]
 [2.24368629 2.1129402 ]
 [0.88339447 1.17329737]
 [0.57517506 1.1202214 ]
 [1.17538818 1.38480624]
 [1.97441131 1.38473913]
 [0.61386065 0.56270968]
 [2.35248838 2.48140801]
 [1.93494617 1.47864262]
 [2.29978366 2.29161815]
 [0.63356692 0.73279999]
 [2.73227295 2.44932719]
 [3.02153422 2.87640755]
 [1.96942004 2.06686514]
 [3.50266536 2.79167946]
 [1.95305249 2.08881025]
 [3.06556168 2.8072088 ]
 [2.98444262 2.93877052]
 [2.2050331  2.21883589]
 [0.35271022 0.22039996]
 [3.02606448 2.97121859]
 [0.4449911  0.55471677]
 [0.18931294 0.17275052]
 [2.58099231 2.58967945]
 [2.32566972 2.42024043]
 [1.28330495 1.17429109]
 [0.28987907 0.41644955]
 [0.72892716 0.73464192]
 [2.78634115 2.72132717]
 [2.60156818 2.48540444]
 [2.52889693 2.47457569]
 [2.03144214 2.23124759]
 [1.55506534 1.64546727]
 [2.39868784 2.84003004]
 [1.64573001 1.58400419]
 [1.15731468 1.28046405]
 [1.95132352 2.27947619]
 [0.45204858 0.38692795]
 [0.52631263 0.51818239]
 [4.39533201 2.92055658]
 [3.02711004 2.92871479]
 [3.09559817 2.95633474]
 [2.75997514 2.89174767]
 [1.98231345 1.8840697 ]
 [0.34892989 0.12563271]
 [0.99099615 0.66178225]
 [2.68001287 2.70234934]
 [1.17760978 0.88780516]
 [2.82866073 2.7264241 ]
 [1.86249383 1.8571189 ]
 [2.33775027 2.00082763]
 [2.06835082 2.05292887]
 [2.12701733 2.4321637 ]
 [1.09576903 1.28640208]
 [3.09696083 2.94209711]
 [1.02461073 0.78426214]
 [2.85504381 2.8921084 ]
 [0.87666296 1.02344047]
 [1.48064962 1.59876768]
 [0.3354473  0.59594479]
 [1.36200425 1.79636675]
 [3.70982118 2.94864236]
 [2.16899953 2.14210999]
 [2.07383266 1.72081355]
 [1.88676379 2.01973994]
 [0.967082   0.97148416]
 [1.86249383 2.07129855]
 [2.73884834 2.76751349]
 [4.45486201 2.96986554]
 [1.14499516 0.86862994]
 [0.84321574 0.62522206]
 [2.42157887 2.45494964]
 [1.36360741 1.40241289]
 [1.76483544 1.57019298]
 [2.43960746 2.42619164]
 [0.30262275 0.44250752]
 [2.60873236 2.74921756]
 [2.71628082 2.41453923]
 [0.77058754 0.66070268]
 [2.9051951  2.89553799]
 [3.51139459 2.89452014]
 [1.05633444 0.53391701]
 [1.67496855 1.58117431]
 [3.38099882 2.79583611]
 [2.64592081 2.80803778]
 [3.07678168 2.69788574]
 [2.43017908 2.33683803]
 [2.67220833 2.97121859]
 [4.99029271 2.92776306]
 [1.81265475 2.10632959]
 [2.4755329  2.47672661]
 [1.89466463 1.75982447]
 [0.0793933  0.17311694]
 [2.77323415 2.89114919]
 [2.14798006 1.81438757]
 [3.85277052 2.98832458]
 [0.35050556 0.56270968]
 [3.50266536 2.91177643]
 [4.49114915 2.97979034]
 [0.11423469 0.26488488]
 [3.39534418 2.80684779]
 [0.29769816 0.44250752]
 [1.33357958 1.63563514]
 [0.51828421 0.47319021]
 [3.2929279  2.93191373]
 [0.49948313 0.63755957]
 [2.34080836 2.55877713]
 [2.01610236 2.47425767]
 [0.68641655 0.38727203]
 [1.99528788 1.67513591]
 [1.16241987 1.42706636]
 [1.23600782 0.985433  ]
 [2.80000034 2.89769158]
 [1.54223131 1.99376685]
 [3.72533783 2.95577013]
 [2.34435686 2.34545297]
 [3.09635616 2.96768144]
 [1.09941601 1.17851945]
 [2.79338206 2.66338724]
 [1.98000592 1.59783453]
 [4.51770921 2.97754681]
 [2.9327242  2.81980933]
 [0.18995412 0.23522663]
 [2.12701733 2.50754586]
 [1.55747465 1.43849689]
 [1.22224    1.61986663]
 [0.31249641 0.29576851]
 [2.40586208 2.25079895]
 [1.92877087 2.01545483]
 [0.13876378 0.17275052]
 [2.45554981 2.50765839]
 [1.70761022 1.74833622]
 [0.23768797 0.38281159]
 [2.11660886 2.68339619]
 [2.56819511 1.953913  ]
 [1.86249383 1.96469823]
 [2.72035054 2.42606749]
 [2.90690136 2.63649595]
 [3.89481832 2.99196855]
 [0.91300836 0.99619072]
 [0.14201966 0.35448843]
 [3.58439332 2.91651637]
 [3.09559817 2.88509943]
 [2.95878393 2.77411254]
 [2.32566972 2.56872372]
 [1.84886534 1.6159699 ]
 [2.00217407 2.22340497]
 [2.79338206 2.69595677]
 [2.1480169  2.21967634]
 [3.62200415 2.94104347]
 [4.30663861 2.94013544]
 [2.44957783 2.55774203]
 [0.53207456 0.46090938]
 [4.45066645 2.96061958]
 [2.07290807 1.71574572]
 [2.14018735 2.00593214]
 [0.61268728 0.73464192]
 [2.12100798 2.45122337]
 [0.65823485 0.54321898]
 [1.97814415 1.84238391]]
