[[4.86621314e+00 6.48194950e-03]
 [8.42493582e+00 2.79476072e-03]
 [1.62072948e+01 1.34727829e-03]
 [4.54851524e+00 1.18642502e-02]
 [3.80891284e+01 5.63754112e-04]
 [1.43370949e+01 1.66210736e-03]
 [9.43702038e+00 2.45345278e-03]
 [2.04275705e+01 1.11611108e-03]
 [4.01588095e+01 5.22448616e-04]
 [2.09562694e+01 1.08643038e-03]
 [2.44526838e+01 7.40378515e-04]
 [1.22947389e+01 1.84470441e-03]
 [4.86941540e+00 6.46428230e-03]
 [1.96877813e+01 1.16881827e-03]
 [2.81980416e+01 6.57047985e-04]
 [7.10768557e+00 4.69940964e-03]
 [1.05036996e+01 2.09797322e-03]
 [2.15495005e+01 8.78938160e-04]
 [2.69735913e+01 6.67647339e-04]
 [4.55021467e+00 1.18484889e-02]
 [3.20987804e+01 6.16317227e-04]
 [4.31022733e+01 4.60230109e-04]
 [8.68324143e+00 2.61898992e-03]
 [1.49194872e+01 1.62475074e-03]
 [1.75238826e+01 1.25467376e-03]]
