[[1.52610864e-02 2.65060857e+04]
 [4.48927166e-02 9.16056255e+03]
 [3.93752889e-02 1.06532184e+04]
 [4.17531679e-02 1.03584766e+04]
 [3.39946541e-02 1.19017793e+04]
 [3.69601535e-02 1.15706902e+04]
 [3.70128177e-02 1.09776149e+04]
 [4.18541489e-02 9.65590185e+03]
 [1.07192317e-02 3.87363394e+04]
 [3.15247391e-02 1.32695640e+04]
 [3.18475519e-02 1.27103137e+04]
 [5.58102404e-02 8.67738208e+03]
 [1.20622167e-02 3.74183468e+04]
 [2.37449270e-02 1.84067872e+04]
 [3.13492445e-02 1.34289154e+04]
 [4.37664957e-02 9.35419140e+03]
 [9.94202140e-03 4.21205463e+04]
 [5.80348224e-03 8.04541568e+04]
 [2.57065886e-02 1.59723699e+04]
 [2.40249579e-02 1.80470326e+04]
 [1.42412880e-02 3.02360048e+04]
 [1.96510836e-02 2.36005112e+04]
 [8.62407872e-03 4.80120660e+04]
 [7.73724338e-03 5.94455362e+04]
 [1.24606059e-02 3.63709236e+04]
 [2.15610606e-02 1.97547574e+04]
 [2.90637842e-02 1.38857811e+04]
 [2.54285229e-02 1.71379457e+04]
 [1.70144863e-02 2.46728070e+04]
 [4.95012286e-03 9.67687736e+04]
 [2.18803529e-02 1.87242274e+04]
 [7.02250849e-03 6.69307144e+04]
 [5.95247297e-03 7.32895823e+04]
 [1.74795278e-02 2.39697056e+04]
 [8.32583300e-03 5.02553943e+04]
 [1.06060922e-02 3.88720616e+04]
 [4.57974840e-02 8.96254466e+03]
 [5.94420810e-02 8.64586981e+03]
 [1.35435958e-02 3.14905646e+04]
 [2.27156197e-02 1.86365112e+04]
 [5.59080694e-02 8.66223538e+03]
 [2.82204917e-02 1.42202388e+04]
 [3.96942419e-02 1.04806114e+04]
 [4.43025531e-02 9.17989999e+03]
 [7.53480144e-03 6.41118552e+04]
 [2.73112997e-02 1.51756212e+04]
 [1.63179479e-02 2.59225653e+04]
 [4.11699559e-02 1.03829665e+04]
 [1.46692449e-02 2.81302337e+04]
 [3.91129304e-02 1.09463074e+04]
 [4.85294214e-02 8.73936675e+03]
 [4.28753388e-02 9.38146864e+03]
 [2.30902717e-02 1.84082353e+04]
 [3.26005116e-02 1.23967499e+04]
 [3.63033737e-02 1.16340432e+04]
 [3.13818206e-02 1.34008249e+04]
 [1.63491285e-02 2.52713065e+04]
 [8.23950354e-03 5.24929781e+04]
 [1.28662058e-02 3.15267033e+04]
 [6.25661671e-02 8.55149058e+03]
 [2.64938025e-02 1.53415418e+04]
 [3.60436580e-02 1.18280370e+04]
 [3.63253777e-02 1.16198457e+04]
 [2.02107259e-02 2.23696306e+04]
 [2.10148634e-02 2.03590230e+04]
 [1.38191403e-02 3.05450171e+04]
 [4.23712363e-02 9.55626521e+03]]
