[[1.52610864e-02 2.65060857e+04]
 [4.48927166e-02 9.16056255e+03]
 [3.39946541e-02 1.19017793e+04]
 [3.70128177e-02 1.09776149e+04]
 [4.18541489e-02 9.65590185e+03]
 [1.07192317e-02 3.87363394e+04]
 [3.15247391e-02 1.32695640e+04]
 [3.18475519e-02 1.27103137e+04]
 [5.58102404e-02 8.67738208e+03]
 [4.37664957e-02 9.35419140e+03]
 [9.94202140e-03 4.21205463e+04]
 [1.75662574e-02 2.46631743e+04]
 [5.80348224e-03 8.04541568e+04]
 [5.25064956e-03 9.90916651e+04]
 [2.57065886e-02 1.59723699e+04]
 [1.42412880e-02 3.02360048e+04]
 [2.11989407e-02 2.09003634e+04]
 [8.62407872e-03 4.80120660e+04]
 [2.84826754e-02 1.42657777e+04]
 [1.29877897e-02 3.30752248e+04]
 [2.10250921e-02 2.12776263e+04]
 [2.15610606e-02 1.97547574e+04]
 [2.90637842e-02 1.38857811e+04]
 [6.39436901e-03 7.40431534e+04]
 [1.70144863e-02 2.46728070e+04]
 [4.79202329e-02 8.77942060e+03]
 [7.36071163e-03 6.63174405e+04]
 [4.64572606e-02 9.07767217e+03]
 [3.92714033e-02 1.03979945e+04]
 [5.69753316e-02 8.49947657e+03]
 [1.60184082e-02 2.55560576e+04]
 [3.03748007e-02 1.32827933e+04]
 [6.14010398e-03 7.48234419e+04]
 [7.61488310e-03 5.48036657e+04]
 [3.16303468e-02 1.31433736e+04]
 [1.44373416e-02 2.95037882e+04]
 [1.18647548e-02 3.51523703e+04]
 [2.34881580e-02 1.71010981e+04]
 [2.27190609e-02 1.81204892e+04]
 [1.76629035e-02 2.35518973e+04]
 [3.76699569e-02 1.08871415e+04]
 [3.65380022e-02 1.11701563e+04]
 [3.77356921e-02 1.06470085e+04]
 [2.66988508e-02 1.52308225e+04]
 [1.92897934e-02 2.21195148e+04]
 [2.79694187e-02 1.48961992e+04]
 [1.15715746e-02 3.52703673e+04]
 [3.94365933e-02 1.02631291e+04]
 [3.16233326e-02 1.32641306e+04]
 [1.86628335e-02 2.30775740e+04]
 [3.56598407e-02 1.14289096e+04]
 [2.52486062e-02 1.67795793e+04]
 [6.62885751e-03 6.70094216e+04]
 [1.43570033e-02 2.96654183e+04]
 [3.27630751e-02 1.25358791e+04]
 [2.12360213e-02 2.02400238e+04]
 [4.13318100e-02 1.01181365e+04]
 [4.35482772e-02 9.43297107e+03]
 [5.82311519e-03 8.02646040e+04]
 [3.18885126e-02 1.26764276e+04]
 [8.61501730e-03 4.94212860e+04]
 [5.52835014e-02 8.70555067e+03]]
