[[3.60699608e+01 1.65566552e+01]
 [7.76812641e+00 3.22621992e+01]
 [2.61940879e+01 2.05456462e+01]
 [3.44753316e+01 1.71025222e+01]
 [3.38364045e+00 3.78835185e+01]
 [2.70786533e+01 2.03287759e+01]
 [2.06701379e+01 2.30235463e+01]
 [8.35413583e+01 6.42080819e+00]
 [6.42545421e-02 4.82357273e+01]
 [5.60857909e+01 1.11194220e+01]
 [4.34786818e+00 3.65027909e+01]
 [6.81555654e+01 8.66305532e+00]
 [8.89085385e-01 4.35860832e+01]
 [6.14466549e-01 4.47011988e+01]
 [1.45298019e+01 2.68269711e+01]
 [5.83176055e+01 1.06016468e+01]
 [7.04643053e+01 8.30666886e+00]
 [2.37133311e+01 2.18482271e+01]
 [7.07409588e+00 3.29968040e+01]
 [6.16784942e+01 9.95395502e+00]
 [4.22734344e+01 1.46637253e+01]
 [2.05528226e+01 2.32543913e+01]
 [1.04976551e+01 2.98948891e+01]
 [4.83307391e+01 1.30055861e+01]
 [1.04383508e+01 3.05546152e+01]
 [3.09838326e+01 1.84529702e+01]
 [9.65869014e+01 5.29510110e+00]
 [8.61160919e+00 3.19010647e+01]
 [7.47103428e+00 3.27839613e+01]
 [1.93888691e-01 4.71300901e+01]
 [3.56757064e+01 1.67682477e+01]
 [3.01435576e+00 3.87437753e+01]
 [1.17329489e+02 4.34324222e+00]
 [4.66951383e+00 3.58988353e+01]
 [5.69893656e+01 1.08917859e+01]
 [2.62542348e+00 3.94629533e+01]
 [6.83382844e+01 8.64617576e+00]
 [2.13531304e+01 2.26859973e+01]
 [5.00504672e+01 1.25116603e+01]
 [5.13824242e-01 4.54694508e+01]
 [2.58119506e+00 3.96677531e+01]
 [4.03239394e+00 3.69383522e+01]
 [2.38404433e+01 2.15314788e+01]
 [3.69837635e+01 1.63225093e+01]
 [8.64919865e+01 6.15676129e+00]
 [3.36542071e+01 1.74010150e+01]
 [3.20537255e+00 3.81544643e+01]
 [4.94481916e+00 3.56141364e+01]
 [1.27649019e+01 2.80997480e+01]
 [2.40538698e+01 2.14695150e+01]
 [6.48609556e+01 9.26874806e+00]
 [5.05834735e+01 1.23675360e+01]
 [3.43372301e+01 1.71514592e+01]
 [4.09568077e+00 3.67152966e+01]
 [1.77588680e+01 2.47482076e+01]
 [8.55278688e+01 6.20488652e+00]
 [1.61598012e+01 2.56343912e+01]
 [4.55800407e+01 1.37651845e+01]
 [1.17394377e+02 4.33216582e+00]
 [4.53077901e+01 1.39992520e+01]
 [2.49391465e+01 2.09726401e+01]
 [1.85867098e+01 2.42022653e+01]
 [5.01626433e+01 1.24677750e+01]
 [6.65356688e+00 3.37020879e+01]
 [3.50113395e+01 1.69130575e+01]
 [6.05500785e+01 1.01153759e+01]
 [7.46917040e+01 7.62842737e+00]
 [5.16974196e+01 1.22599658e+01]
 [1.00257224e+02 5.01891718e+00]
 [3.11865034e+01 1.83672053e+01]
 [3.22385969e+01 1.79822623e+01]
 [2.16110042e+01 2.25365784e+01]
 [1.35182913e+00 4.22106328e+01]
 [7.23207249e+01 8.26124226e+00]
 [1.18804854e+01 2.86008572e+01]
 [5.77790168e+01 1.08280993e+01]
 [4.71794968e+01 1.32297856e+01]
 [3.62321456e+00 3.77421492e+01]
 [3.09142075e+01 1.87232750e+01]
 [5.54438556e+01 1.13264195e+01]
 [6.90270879e+01 8.50868242e+00]
 [5.18556245e+01 1.22411063e+01]
 [6.94532561e+00 3.31492549e+01]
 [4.44461758e+01 1.41555600e+01]
 [3.19786139e+01 1.80231184e+01]
 [1.68322516e+01 2.52178223e+01]
 [2.78616529e+01 1.97305860e+01]
 [1.32753350e-02 4.94208110e+01]
 [4.74535728e+01 1.31539800e+01]
 [7.54534466e+01 7.49911868e+00]
 [6.76065863e+01 8.88445736e+00]
 [4.03633018e+00 3.68260430e+01]
 [4.19015734e+00 3.66945526e+01]
 [6.12336923e+01 1.00104093e+01]
 [5.09567173e+01 1.22799523e+01]
 [3.44096084e+01 1.71262931e+01]
 [4.80344597e+01 1.30088555e+01]
 [8.20416627e+01 6.61979512e+00]
 [6.57834710e+01 9.14140157e+00]
 [1.27763175e+01 2.80924257e+01]
 [1.10887283e+01 2.92699673e+01]
 [2.53668851e+01 2.07690566e+01]
 [2.01121930e-02 4.92895193e+01]
 [4.64452631e+00 3.60741733e+01]
 [7.30341759e+01 8.20795731e+00]
 [5.40359370e+01 1.15311359e+01]
 [4.94540959e+01 1.27310698e+01]
 [1.36448603e+01 2.73134532e+01]
 [3.72007026e+01 1.61779609e+01]
 [2.20891902e+01 2.24557768e+01]
 [1.17443336e+02 4.32382510e+00]
 [3.81667203e+01 1.61532399e+01]
 [1.30730443e+01 2.77051804e+01]
 [5.66632758e+01 1.09748521e+01]
 [2.35508218e+00 4.02955227e+01]
 [1.12945705e+02 4.42463679e+00]
 [4.57896973e+01 1.36166422e+01]
 [2.97348934e+01 1.90349505e+01]
 [8.95751985e+01 5.83489065e+00]
 [1.22641922e+01 2.83688792e+01]
 [1.19917635e+00 4.25993196e+01]
 [6.31542956e+01 9.60461921e+00]
 [1.12459052e+01 2.91235634e+01]
 [2.09708763e+00 4.06585541e+01]
 [6.11178351e-01 4.47280881e+01]
 [3.98820726e+01 1.53223081e+01]
 [2.77660822e+01 1.97757734e+01]
 [1.30143729e+02 4.06285953e+00]
 [3.82104868e+01 1.58871885e+01]
 [2.50616635e+01 2.09683502e+01]
 [2.87283176e+01 1.94440667e+01]
 [1.30630745e+00 4.24151411e+01]
 [4.71130465e+01 1.32436941e+01]
 [5.86653385e+00 3.43481354e+01]
 [3.89871371e+01 1.58274785e+01]
 [2.42719929e+01 2.13796155e+01]
 [2.60592944e+01 2.05952438e+01]
 [7.30802325e+01 8.03785764e+00]
 [2.05996377e-02 4.92810994e+01]
 [1.99886338e+01 2.33920522e+01]
 [1.42570464e+01 2.69535073e+01]
 [8.68443463e-01 4.36278911e+01]
 [1.17488169e+02 4.31619972e+00]
 [1.18396106e+01 2.86687759e+01]
 [6.99298483e+01 8.35227238e+00]
 [1.23422897e+01 2.82491860e+01]
 [8.13607440e+01 6.68774600e+00]
 [2.88631592e+00 3.88541452e+01]
 [2.83030496e+01 1.95114781e+01]
 [2.07264977e+01 2.29931436e+01]
 [4.19012113e+01 1.47635362e+01]
 [2.81642884e+01 1.95150495e+01]
 [9.21519914e+01 5.62546787e+00]
 [6.10332881e+01 1.00830289e+01]
 [3.28011186e+01 1.78856784e+01]
 [4.33834847e+01 1.44349818e+01]
 [6.69968933e+01 8.97965237e+00]
 [3.16287621e+01 1.82372382e+01]
 [4.57453028e+01 1.36934229e+01]
 [1.87558909e+01 2.41039810e+01]
 [1.85035137e+01 2.42237139e+01]
 [4.33926072e+01 1.42718216e+01]
 [1.52451835e+01 2.65544639e+01]
 [5.96274959e+01 1.04869439e+01]
 [2.20174869e+00 4.06354397e+01]
 [2.37584088e+00 3.97770410e+01]
 [9.11341503e+00 3.09447974e+01]
 [2.49184507e+01 2.10426986e+01]
 [4.43756939e-01 4.63184928e+01]
 [1.81562469e+01 2.46852842e+01]
 [3.23336285e+01 1.79222961e+01]
 [1.13836484e+01 2.89898078e+01]
 [6.28165228e+01 9.88491927e+00]
 [2.84837242e+01 1.95067018e+01]
 [4.29379838e+01 1.44958133e+01]
 [9.79819828e+00 3.06181471e+01]
 [6.18002223e-01 4.46202466e+01]
 [6.38426661e+01 9.49679766e+00]
 [1.17649145e+02 4.26541909e+00]
 [7.83137031e+01 7.05819608e+00]
 [5.51139323e+01 1.13269673e+01]
 [6.24896551e+00 3.39597941e+01]
 [1.05208221e+00 4.32694158e+01]
 [5.82368178e+01 1.06775788e+01]
 [2.17278525e+01 2.24787392e+01]
 [1.84967533e+01 2.44064996e+01]
 [5.30721213e+01 1.18830225e+01]
 [6.12575369e+00 3.42574826e+01]
 [8.00001190e+01 7.01736689e+00]
 [1.16551750e+01 2.87843261e+01]
 [1.41342251e+00 4.20184063e+01]
 [5.43216594e+00 3.50910374e+01]
 [1.07653939e+01 2.98557502e+01]
 [2.75957001e+01 1.98524715e+01]
 [6.53348433e+01 9.22575608e+00]
 [9.41100907e+01 5.51031889e+00]
 [8.35405730e+01 6.42257749e+00]
 [4.17996038e+01 1.48195631e+01]
 [6.05460623e+01 1.01189915e+01]
 [3.94198068e+01 1.54624587e+01]
 [6.22535621e+01 9.90041932e+00]
 [1.03088278e+00 4.33961944e+01]
 [1.76963592e+01 2.48602397e+01]
 [1.91848621e+01 2.40342987e+01]
 [6.39061947e+01 9.46595891e+00]
 [5.97192976e+01 1.02861212e+01]
 [5.55682963e+00 3.47453790e+01]
 [5.23598225e+01 1.19343049e+01]
 [8.07495655e-01 4.39105676e+01]
 [3.42493827e+01 1.73469295e+01]
 [1.96928444e+00 4.07546921e+01]
 [1.22979171e+02 4.18189137e+00]
 [1.72549409e+01 2.49413133e+01]
 [2.48861261e+01 2.12239086e+01]
 [8.21040357e+01 6.57700109e+00]
 [1.52761906e+01 2.61848461e+01]
 [5.66973347e+01 1.09581419e+01]
 [9.32818798e+01 5.62396510e+00]
 [8.69000063e+01 6.06580605e+00]
 [5.25035017e-01 4.53567448e+01]
 [1.12036588e+01 2.92378512e+01]
 [4.91432481e+01 1.28590014e+01]
 [3.09452364e+00 3.83993950e+01]
 [8.79233875e+01 6.01889590e+00]
 [6.90897712e-01 4.43552444e+01]
 [1.16857256e+02 4.42461399e+00]
 [2.65631170e+01 2.05407490e+01]
 [3.93280493e+00 3.69608690e+01]
 [1.94374257e+01 2.38883303e+01]
 [1.35025760e+02 4.01415114e+00]
 [6.37457584e+01 9.52830398e+00]
 [8.36666951e+01 6.39982427e+00]
 [5.37805378e+01 1.15931580e+01]
 [3.58450612e-01 4.63232348e+01]
 [1.64636001e+00 4.13387653e+01]
 [1.54351357e+01 2.60785661e+01]
 [5.62546384e+01 1.10687630e+01]
 [6.59328484e+01 9.08745617e+00]
 [3.02699810e+01 1.87593468e+01]
 [1.06506668e+02 4.82837894e+00]
 [2.82614478e-01 4.68179012e+01]
 [1.07737862e+01 2.96221544e+01]
 [1.08530481e+02 4.71928870e+00]
 [1.45612592e+01 2.66753414e+01]
 [2.36211676e+01 2.20798767e+01]
 [7.56470520e+01 7.43400902e+00]
 [7.76490449e+00 3.22652794e+01]
 [1.96395895e+00 4.09263640e+01]
 [5.26602617e+00 3.51717701e+01]
 [3.72159791e+01 1.61688282e+01]
 [4.62506832e+01 1.34755710e+01]
 [7.66408327e+01 7.39936920e+00]
 [6.55888236e+00 3.38885841e+01]
 [1.08509399e+02 4.73719968e+00]
 [6.56014732e+01 9.16652151e+00]
 [7.37139238e+01 7.76874192e+00]
 [6.19701215e+01 9.91507335e+00]
 [1.12250277e+02 4.52547116e+00]
 [9.21445873e+01 5.65026555e+00]]
