[[4.60433993 1.27821662 2.45229329 1.36884981 4.39001041 3.4147408 ]
 [1.57821278 1.98904687 1.58643886 1.03297533 1.00939005 1.60422649]
 [4.60433993 1.27821662 4.2112363  1.36884981 4.39001041 3.4147408 ]
 [4.60433993 1.27821662 2.51214816 1.36884981 4.38974568 3.4147408 ]
 [1.57821278 2.53072925 1.58643886 0.06349188 1.00939005 1.17956281]
 [1.63273991 1.459107   1.58643886 1.03297533 1.00939005 1.60422649]
 [0.59299285 2.22127788 2.50763397 0.54343783 1.41127347 1.95834234]
 [0.31483228 2.03603614 3.077788   0.28914084 1.0536448  4.46513141]
 [4.22494437 1.74974289 2.87584491 2.94605117 1.21488086 3.4413585 ]
 [4.95470522 0.98702665 4.04838752 0.19689073 3.51765015 7.18570256]
 [0.17212109 2.07266549 3.53325468 0.62906413 1.06625181 4.97237978]]
