[[1.06169462 1.58179617 9.91959369 4.24552274]
 [1.05377473 1.52131828 9.48617338 3.9974487 ]
 [0.43596108 3.19147139 9.94773401 1.4698934 ]
 [1.56805973 0.86052473 9.77616438 2.75174967]
 [0.56470201 2.14788144 9.91012151 2.90665069]
 [1.05377473 1.52131828 9.36918402 3.9974487 ]
 [0.92721888 2.82862493 9.9778494  1.55283503]
 [0.55297246 2.39887058 9.47664291 2.51566186]
 [1.05360397 1.52131828 9.74595377 1.90347646]
 [0.65838188 3.84450318 4.01642597 1.43233003]
 [0.63320133 1.87988019 9.98605591 4.96592595]
 [0.62516815 4.52338864 3.9207674  1.21844953]
 [0.51182273 2.14788144 9.91012151 3.85330803]
 [0.54052566 5.54498198 4.08084585 1.21844953]
 [0.92870248 1.28400485 9.95775751 0.9801124 ]
 [0.70098362 1.82786866 9.9961811  4.98365078]
 [0.63531581 4.1738798  4.07683212 1.35106927]
 [1.06150053 1.58179617 9.95639726 4.24552274]
 [1.04222222 1.6774388  9.60987287 3.89354665]
 [1.0550269  1.82786866 9.99659519 4.99903302]
 [1.05507109 1.82786866 9.92000694 1.72335946]
 [0.59239782 3.544861   8.04916143 0.8254971 ]
 [0.64279708 1.63784387 9.82209061 4.31122527]
 [0.42754368 4.0764464  9.9482433  1.84041704]
 [1.20124741 1.4561144  9.94235406 1.53386969]
 [1.04658929 1.77173399 9.99616169 4.99713801]
 [0.68460843 2.15793129 9.95775751 1.01884052]
 [1.08050824 1.58179617 9.91959369 2.05037159]
 [0.56757189 2.08212063 9.39442992 1.36041486]
 [0.45673781 2.82862493 9.9778494  1.50668355]
 [0.89359264 1.53521992 9.91959369 1.45635369]
 [1.39102967 0.91535225 9.93382254 4.90815984]
 [0.30520974 4.0764464  9.94773401 1.84041704]
 [0.68460843 2.15793129 9.95775751 1.10817449]
 [0.56757189 2.08212063 9.41308975 1.04924502]
 [1.38156182 0.91535225 9.93382254 4.99849935]
 [0.5557975  1.86932823 9.89274349 4.66832091]
 [1.6410005  0.86288194 9.70475297 1.86168304]
 [1.20124741 1.4561144  9.98577178 1.53132096]
 [0.93778735 1.04066585 9.30591074 0.9801124 ]
 [0.91226072 1.28134862 9.85288673 1.41440837]
 [0.52084018 2.62479692 8.00633625 1.05037789]
 [0.68460843 2.15793129 9.95068048 1.01884052]
 [0.79216589 1.32263097 9.95547764 4.80032897]
 [0.4290272  2.87318506 9.94773401 2.1409606 ]
 [0.61795283 4.57874279 3.9207674  1.25731983]
 [0.67458846 1.97049958 9.98453581 3.03230787]
 [0.55561713 2.14788144 9.95771495 2.90665069]
 [0.61329934 3.544861   7.75412258 0.8254971 ]
 [0.55297246 2.39844035 9.82315301 2.51566186]
 [1.40387621 0.9262912  9.91959369 4.96018196]
 [0.61795283 4.54420243 3.9207674  1.16477302]
 [0.54668302 2.75398134 9.56762366 2.41940822]]
