[[1.45988514e+01 1.87473437e-03]
 [4.86621314e+00 6.48194950e-03]
 [5.84779630e+01 5.05021991e-04]
 [2.23930593e+01 9.50885037e-04]
 [5.26519165e+01 5.15072990e-04]
 [8.42493582e+00 2.79476072e-03]
 [1.38583616e+01 1.92456864e-03]
 [1.62072948e+01 1.34727829e-03]
 [1.26053579e+01 1.94096797e-03]
 [1.05192484e+01 2.36960019e-03]
 [2.05235936e+01 1.11743859e-03]
 [9.63467812e+00 2.59159481e-03]
 [1.47652299e+01 1.59103868e-03]
 [4.37182268e+00 9.45655728e-03]
 [2.13692249e+01 1.00717974e-03]
 [7.06975505e+01 4.52662744e-04]
 [1.47572027e+01 1.80590907e-03]
 [1.34994794e+01 1.92982206e-03]
 [8.12039915e+00 3.13412770e-03]
 [2.41693177e+01 7.92815085e-04]
 [2.04426402e+01 1.27668775e-03]
 [1.60080280e+01 1.35060953e-03]
 [2.90199280e+01 5.97433720e-04]
 [1.81958786e+01 1.34485939e-03]
 [1.16864252e+01 2.01133322e-03]
 [6.20265943e+01 4.66790677e-04]
 [3.41792189e+01 5.65505126e-04]
 [8.33077944e+00 3.06675475e-03]
 [3.47077374e+01 5.30696260e-04]]
