[[0.01058532 0.00522764]
 [4.99201012 2.99998933]
 [0.13899105 0.08701692]
 [1.78554197 1.80602028]
 [1.71075673 2.01130984]
 [1.92530222 1.48257155]
 [3.06090481 2.99632354]
 [1.72325598 1.80602028]
 [4.07587053 2.98113135]
 [2.43564473 2.25570143]
 [1.95853601 1.94558158]
 [2.5024237  2.29599306]
 [3.76882128 2.98692665]
 [3.75502132 2.92449489]
 [3.6265174  2.94753439]
 [2.10428321 2.25452076]
 [2.39619672 2.52620544]
 [1.23086251 1.33801402]
 [0.16037852 0.16479359]
 [4.29117494 2.99996626]
 [2.87289839 2.99979437]
 [0.66390869 0.83574658]
 [1.85610577 2.20762803]
 [4.37106081 2.9807187 ]
 [3.26634205 2.88802749]
 [4.59053746 2.99589871]
 [1.9516271  2.26027082]
 [0.47821948 0.56451492]
 [1.71366758 2.10314201]
 [0.54985057 0.58251503]
 [2.5024237  2.13487021]
 [2.96959793 2.98582878]
 [4.75776105 2.99996762]
 [1.29557085 1.18654964]
 [1.06246535 1.15038115]
 [4.1573159  2.9977558 ]
 [3.81879547 2.9977558 ]
 [1.95853601 2.49020215]
 [1.10280549 1.17518615]
 [0.0685817  0.31421375]
 [3.6265174  2.99585776]
 [0.59400691 0.81629008]
 [1.65584883 1.68811704]
 [0.0110521  0.08701692]
 [4.41791364 2.98472977]
 [0.18270421 0.2746556 ]
 [2.38530748 2.77325686]
 [0.66390869 0.62278027]
 [0.59060157 0.78215723]
 [3.9159555  2.99998937]
 [1.05952926 0.954831  ]
 [0.26908612 0.4405097 ]
 [3.86361555 2.99966031]
 [0.75659451 0.89680239]
 [4.90619809 2.99894275]
 [2.69762905 2.67779807]
 [0.31094118 0.24695452]
 [2.05225158 2.51417474]
 [2.98882683 2.99998182]
 [2.72647101 2.95579139]
 [2.97073591 2.8562793 ]
 [3.49466112 2.99391267]
 [0.56482966 0.42901543]
 [4.01278661 2.99079118]
 [4.99201012 2.9998672 ]
 [0.34928736 0.28528316]
 [1.21832293 1.60471562]
 [3.96559666 2.99987242]
 [2.48921558 2.51365492]
 [1.95935249 2.18438315]
 [1.2889756  1.48396348]
 [2.65253946 2.95579139]
 [0.3702317  0.55646846]
 [1.18797239 1.15038115]
 [1.29244389 1.78127817]
 [1.6999724  2.07569196]
 [2.44599073 2.0851162 ]
 [4.83046092 2.99996762]
 [0.41144842 0.47753768]
 [2.58288822 2.51365492]
 [0.83696444 0.95572305]
 [1.06037362 1.03666317]
 [2.0001216  1.98521926]
 [0.19086206 0.32217824]
 [4.90088929 2.99877997]
 [1.23086251 1.49240148]
 [4.52872539 2.99589871]
 [3.4266312  2.99499677]
 [4.82458056 2.99466873]
 [1.72046029 1.49238699]
 [1.23086251 1.79097945]
 [4.65951359 2.99195369]
 [0.39116561 0.40505159]
 [1.05952926 0.85536672]
 [1.23086251 1.45062875]
 [1.56887981 1.42097534]
 [4.46896207 2.99885602]
 [2.57908086 2.28186522]
 [4.23450566 2.99830387]
 [2.35851305 2.1171054 ]
 [0.73560728 0.86732191]
 [1.85610577 2.11817684]
 [2.55784952 2.51365492]
 [3.39049764 2.99079118]
 [0.90160759 0.95572305]
 [2.97073591 2.80170847]
 [1.95853601 2.15641376]
 [3.27824572 2.9959635 ]
 [2.55747522 2.88169598]
 [2.62460255 2.65471681]
 [1.61584644 1.53758065]
 [4.45655277 2.99692482]
 [1.61410017 1.6781798 ]
 [3.4923629  2.98667334]
 [2.72647101 2.98510767]
 [0.84270867 0.87930471]
 [2.72647101 2.86394075]
 [1.29244389 1.5840569 ]
 [4.54339297 2.99998794]
 [3.39822184 2.92611795]]
