[[2.08511002 2.16097348]
 [0.93130106 1.03668218]
 [1.98383737 1.6164502 ]
 [2.09597257 2.0556585 ]
 [2.08652401 1.67606949]
 [0.70193469 0.59430447]
 [1.05814058 0.79663998]
 [1.63322451 1.58117431]
 [3.45448459 2.99196855]
 [0.09940067 0.07863296]
 [2.76410989 2.52609268]
 [2.92879636 2.90878724]
 [0.29958845 0.36403037]
 [0.22275939 0.32248239]
 [1.1992388  1.48130914]
 [2.62335155 2.77442391]
 [3.08389179 2.84704896]
 [1.95003857 1.457972  ]
 [0.88098128 0.99619072]
 [0.99284944 1.28010303]
 [2.63857323 2.40648325]
 [2.59505814 2.31265173]
 [2.07924359 1.8500552 ]
 [3.91374707 2.97141535]
 [1.23866451 0.78651925]
 [1.10716367 0.80121606]
 [0.09166321 0.20017499]
 [4.52904748 2.96986554]
 [0.73396187 0.79289245]
 [2.58633799 2.74921756]
 [0.43741105 0.68192921]
 [2.85357926 2.99026028]
 [2.46035901 2.19027363]
 [1.69354013 1.57168841]
 [2.42214223 2.57795342]
 [1.37059888 1.68158997]
 [0.13313942 0.33276111]
 [0.40264764 0.69510693]
 [0.79916825 0.60780638]
 [1.85077089 1.59209232]
 [2.63951989 2.22023263]
 [2.01610236 2.27624079]
 [3.58464501 2.96197852]
 [2.00932962 2.09192406]
 [0.60383592 0.66085196]
 [0.69177345 0.87043339]
 [1.72849411 2.02491481]
 [1.10741028 1.40173747]
 [1.57382844 1.88056681]
 [2.86636136 2.82828773]
 [2.45772575 2.57010749]
 [2.09289013 2.0503947 ]
 [1.47644397 1.63236415]
 [2.43960746 2.56606924]
 [2.92674229 2.69461514]
 [2.57087522 2.62599818]
 [0.91976721 1.38851736]
 [2.14018735 1.79780927]
 [2.8968027  2.77411254]
 [0.26497271 0.59848664]
 [1.14602514 1.30165013]
 [3.154796   2.94277103]
 [2.49966186 2.33129469]
 [1.99609303 2.39088676]
 [1.90540746 1.97803481]
 [0.354592   0.45781196]
 [1.60513157 1.67373598]
 [3.49811591 2.75477577]
 [0.19864353 0.21100032]
 [2.69824555 2.6857811 ]
 [2.23317523 2.63110317]
 [1.64180695 1.64269281]
 [1.93002006 1.71462628]
 [1.55851459 2.00638982]
 [0.19929963 0.40437935]
 [0.967082   1.0069914 ]
 [2.16177797 2.5431014 ]
 [1.24145364 0.88523573]
 [1.13500583 1.78794716]
 [3.01091827 2.89070126]
 [1.72839607 1.78687529]
 [1.5264415  1.11496373]
 [2.24368629 2.1129402 ]
 [0.88339447 1.17329737]
 [0.57517506 1.1202214 ]
 [1.17538818 1.38480624]
 [0.98916392 1.28799217]
 [0.61386065 0.56270968]
 [2.35248838 2.48140801]
 [1.93494617 1.47864262]
 [2.29978366 2.29161815]
 [0.63356692 0.73279999]
 [2.73227295 2.44932719]
 [3.02153422 2.87640755]
 [1.96942004 2.06686514]
 [3.50266536 2.79167946]
 [1.95305249 2.08881025]
 [3.06556168 2.8072088 ]
 [2.98444262 2.93877052]
 [2.2050331  2.21883589]
 [2.74526722 2.40298367]
 [0.35271022 0.22039996]
 [1.73347441 1.06094336]
 [3.02606448 2.97121859]
 [0.4449911  0.55471677]
 [0.18931294 0.17275052]
 [0.82659245 0.59158904]
 [2.58099231 2.58967945]
 [2.32566972 2.42024043]
 [1.28330495 1.17429109]
 [0.28987907 0.41644955]
 [0.72892716 0.73464192]
 [2.78634115 2.72132717]
 [2.60156818 2.48540444]
 [2.52889693 2.47457569]
 [2.03144214 2.23124759]
 [3.83094183 2.8230398 ]
 [1.55506534 1.64546727]
 [1.64573001 1.58400419]
 [1.15731468 1.28046405]
 [1.95132352 2.27947619]
 [0.45204858 0.38692795]
 [0.52631263 0.51818239]
 [4.39533201 2.92055658]
 [3.02711004 2.92871479]
 [3.09559817 2.95633474]
 [2.66824538 2.21816336]
 [2.75997514 2.89174767]
 [1.98231345 1.8840697 ]
 [0.34892989 0.12563271]
 [2.68001287 2.70234934]
 [1.17760978 0.88780516]
 [2.82866073 2.7264241 ]
 [1.86249383 1.8571189 ]
 [2.33775027 2.00082763]
 [2.06835082 2.05292887]
 [2.12862206 1.80602352]
 [2.12701733 2.4321637 ]
 [1.09576903 1.28640208]
 [3.09696083 2.94209711]
 [1.02461073 0.78426214]
 [2.85504381 2.8921084 ]
 [0.87666296 1.02344047]
 [2.16177797 2.33821794]
 [1.0001792  0.98049205]
 [1.40620746 1.58560047]
 [1.44886993 1.90602571]
 [0.92261393 1.01426658]
 [0.74595104 0.92203474]
 [1.91400304 1.88367079]
 [2.79338206 2.75419477]
 [1.89978154 1.73491958]
 [2.14406131 2.12519375]
 [2.71668546 2.5844292 ]
 [0.83868343 1.36849367]
 [0.84825199 0.99383808]
 [2.58095377 2.36599288]
 [1.65233332 1.96162822]
 [1.07682546 1.01835133]
 [4.39999144 2.99072857]
 [2.20117283 2.25186653]
 [1.25324077 0.90398202]
 [2.59746144 2.67879999]
 [3.02893147 2.95633474]
 [0.09940067 0.04304904]
 [2.72845203 2.69971223]
 [0.65956423 0.83872329]
 [2.16469254 1.65557126]
 [1.72226529 1.0901514 ]
 [2.98444262 2.99410865]
 [3.05781661 2.97892739]
 [3.09696083 2.98561083]
 [3.32051278 2.87714232]
 [2.6302428  2.95599279]
 [1.49717381 1.82630213]
 [2.87737277 2.79434104]
 [0.71536191 0.93597937]
 [2.51754755 2.67004949]
 [2.57248443 2.75260953]
 [1.68627365 1.53250403]
 [0.72046764 0.83733948]
 [1.17310589 1.39980541]
 [1.91795902 2.0503947 ]
 [0.19467892 0.22857573]
 [2.2998915  2.62139115]
 [0.14276484 0.11716435]
 [0.94435178 0.84306716]
 [2.95572213 2.56961277]
 [0.90826989 0.68791548]
 [2.10438264 2.06686514]
 [1.54565893 1.63378896]
 [4.44138161 2.99192216]
 [1.77282521 1.51722605]
 [2.70994239 2.89068912]
 [2.61411482 2.43531627]
 [2.82681232 2.71152587]
 [3.30425916 2.83795963]
 [2.92701624 2.87271967]
 [2.67970514 2.78150308]
 [2.30410833 2.1992342 ]
 [1.96204455 2.21655974]
 [1.94014902 1.457972  ]
 [1.72839607 1.94822306]
 [2.49704464 2.52716495]
 [0.86044883 1.27012258]
 [2.53312845 2.60032282]
 [4.87994534 2.94622699]
 [2.42870482 2.09528756]
 [1.96630206 2.06686514]
 [1.59648869 1.93479484]
 [1.23721449 1.35662227]
 [4.12898253 2.95510897]
 [2.7872728  2.58585751]
 [0.45800677 0.53733497]
 [3.51182842 2.85580431]
 [3.98010535 2.97141535]
 [3.86324215 2.89370483]
 [1.10656263 1.77416155]
 [0.87798183 1.2393995 ]
 [2.90745506 2.58058563]
 [0.87250243 0.92738566]
 [1.93411367 1.45361324]
 [0.62059715 0.59909612]
 [2.01770934 2.00244979]
 [0.31305371 0.60054635]
 [1.0117235  1.27949346]
 [2.4665612  2.79682715]
 [1.18752376 1.18291548]
 [3.05785556 2.92321041]
 [2.575781   2.64769414]
 [3.10811225 2.75200069]
 [2.32538081 2.35079669]
 [1.61353903 1.54420654]
 [0.24719028 0.59848664]
 [2.04772681 2.24886474]
 [4.3961863  2.92817867]
 [2.21646758 2.19104671]
 [2.89501723 2.90093957]
 [0.48973462 0.57070959]
 [4.37802076 2.9242476 ]
 [0.51772866 0.55471677]
 [2.16779452 1.74041072]
 [2.2512025  2.38553458]
 [1.47365183 1.25321036]
 [0.9492476  1.13584283]
 [2.19431207 2.0192333 ]
 [1.16178902 1.38480624]
 [1.1322177  1.64683883]
 [0.22450132 0.11716435]
 [2.98031468 2.78516295]
 [2.85504381 2.93135607]
 [3.58012251 2.9714505 ]
 [1.28215882 1.1312478 ]
 [2.87698348 2.53981056]
 [1.30181554 1.75873006]
 [2.29978366 2.13151833]]
