[[3.42688908 0.68209348 2.51169672 0.47775647 4.93126845 1.81612851]
 [4.60433993 1.27821662 2.45229329 1.36884981 4.39001041 3.4147408 ]
 [0.4067748  1.75739067 3.3021446  2.86051572 4.91907893 0.70737134]
 [0.92430927 1.23495016 2.10574561 0.29426087 1.58058746 4.75029548]
 [4.83688633 1.01351733 1.41183216 0.69376623 2.97964458 6.22024983]
 [3.42688908 0.68209348 1.42446994 0.47775647 4.93126845 1.81612851]
 [1.93835113 1.56714417 3.36431314 2.87815027 1.01746331 1.32271097]
 [4.83688633 1.01351733 2.49906113 0.69376623 2.97964458 6.22024983]
 [2.14112137 2.01589787 2.31159997 2.25672889 1.10651154 1.09436672]
 [1.49159509 1.31871691 2.00415855 0.90960958 1.74867081 4.1356038 ]]
