[[3.25239132 1.04121291 1.79744782 2.54042855 1.31018477 1.27826719]
 [4.11590288 1.4540827  1.48411949 0.00834878 4.73424297 3.60317601]
 [2.47816493 1.89468408 2.14035166 0.5269728  1.46141795 1.85086277]
 [4.54277889 1.22355826 3.86116575 1.62120152 3.25986509 4.50798549]
 [0.21147723 2.00182116 4.15747492 0.49290398 1.55545737 2.62711426]
 [3.20353199 1.04121291 1.79744782 2.54042855 1.31018477 1.27826719]
 [4.54277889 1.18113534 3.73402011 0.31778841 4.84958796 4.50798549]
 [4.07957416 1.165902   1.48859727 0.01511586 4.29067859 3.64716959]
 [4.11590288 1.35224082 1.38070636 0.00834878 1.29703979 3.577966  ]
 [2.45981778 1.89468408 1.79070947 0.5269728  1.5365408  1.87283526]
 [3.42695473 0.6333534  2.46324574 0.05040457 1.66228803 2.56191408]
 [4.47853487 1.06634705 2.46324574 0.03957374 4.69255179 4.97729899]]
