[[1.52610864e-02 2.65060857e+04]
 [4.48927166e-02 9.16056255e+03]
 [1.69870331e-02 2.59225653e+04]
 [3.93752889e-02 1.06532184e+04]
 [3.39946541e-02 1.19017793e+04]
 [3.99955887e-02 1.06219886e+04]
 [3.70128177e-02 1.09776149e+04]
 [4.18541489e-02 9.65590185e+03]
 [1.07192317e-02 3.87363394e+04]
 [1.78913508e-02 2.58002112e+04]
 [3.65673857e-02 1.12313351e+04]
 [1.69154212e-02 2.61732024e+04]
 [3.54771008e-02 1.16340432e+04]
 [4.26217704e-02 9.49123337e+03]
 [3.24911798e-02 1.27571479e+04]
 [3.02728423e-02 1.34927672e+04]
 [3.89342818e-02 1.08992641e+04]
 [2.89417476e-02 1.49814585e+04]
 [4.35501666e-02 9.33013400e+03]
 [1.84359233e-02 2.36391912e+04]
 [2.90646202e-02 1.42493367e+04]
 [5.21866217e-02 8.67812624e+03]
 [1.20643069e-02 3.33583359e+04]
 [4.12646188e-02 9.98432508e+03]
 [6.50585071e-03 7.28233794e+04]
 [3.29022842e-02 1.27159029e+04]
 [5.23080400e-02 8.65834030e+03]
 [7.10860850e-03 5.75400056e+04]
 [2.66462812e-02 1.51772511e+04]
 [3.89263601e-02 1.08996878e+04]
 [2.28681460e-02 1.83522352e+04]
 [2.02249939e-02 2.09795325e+04]
 [4.02902583e-02 1.04302063e+04]
 [2.15573670e-02 2.06426397e+04]
 [3.13479001e-02 1.30968283e+04]
 [4.59077206e-02 9.01766872e+03]
 [1.86570076e-02 2.33357740e+04]
 [9.75833814e-03 4.50774752e+04]
 [5.22780685e-02 8.66318015e+03]
 [4.25557424e-02 9.53965990e+03]
 [2.85322882e-02 1.50295247e+04]
 [3.30450862e-02 1.23190149e+04]
 [3.00833181e-02 1.41174092e+04]
 [2.38860183e-02 1.81047281e+04]
 [1.17785262e-02 3.40948153e+04]
 [1.27881156e-02 3.23428020e+04]
 [4.67060016e-02 8.90119688e+03]
 [2.21813839e-02 1.84235176e+04]
 [5.26689691e-02 8.53502120e+03]
 [6.15343721e-03 8.27334130e+04]
 [1.86822905e-02 2.22271190e+04]
 [3.67440844e-02 1.12201044e+04]
 [6.80230167e-03 6.56903222e+04]
 [2.47050868e-02 1.62325748e+04]
 [4.13563016e-02 9.95170116e+03]
 [2.06584564e-02 2.06463065e+04]
 [9.27238825e-03 4.52140608e+04]
 [8.27123533e-03 5.15456092e+04]
 [1.44559242e-02 2.95165768e+04]
 [1.15525020e-02 3.47041675e+04]
 [5.05683065e-02 8.82283951e+03]
 [3.31878711e-02 1.22680987e+04]
 [1.00696028e-02 4.39447010e+04]
 [3.01333766e-02 1.38420591e+04]
 [1.28497602e-02 3.23099279e+04]
 [1.82609573e-02 2.53483258e+04]
 [3.37116681e-02 1.20399484e+04]
 [2.32400401e-02 1.81653306e+04]
 [9.02544589e-03 4.82926735e+04]
 [5.55579161e-03 9.51705500e+04]
 [2.75543712e-02 1.51377300e+04]
 [3.63185821e-02 1.16195376e+04]]
