[[6.02046677e-02 8.44716708e+03]
 [4.17064259e-03 9.93405683e+04]
 [5.21591844e-02 8.45174487e+03]
 [3.80729085e-02 1.07307557e+04]
 [1.80344211e-02 2.28670494e+04]
 [5.71209601e-03 7.34237967e+04]
 [3.29383372e-02 1.26431567e+04]
 [4.93109062e-03 8.35355953e+04]
 [1.37685745e-02 3.21177400e+04]
 [4.67217164e-03 8.85394918e+04]
 [3.51454962e-02 1.14013236e+04]
 [2.12520986e-02 1.92297494e+04]
 [4.94387608e-02 8.59454842e+03]
 [8.41871910e-03 4.94970642e+04]
 [4.92013796e-03 8.73254584e+04]
 [3.57739637e-02 1.11976726e+04]
 [4.62788743e-03 9.29414592e+04]
 [1.04657182e-02 3.90623814e+04]
 [2.25403098e-02 1.83069461e+04]
 [1.91854899e-02 2.10572754e+04]
 [1.67304427e-02 2.41993020e+04]
 [8.85570234e-03 4.59512761e+04]
 [5.85078790e-03 6.89391337e+04]
 [1.42830074e-02 2.94506728e+04]
 [5.33334734e-03 7.74305133e+04]
 [4.73182505e-02 8.85721005e+03]
 [7.41130446e-03 5.75279746e+04]
 [6.34386236e-03 6.36757188e+04]
 [1.15570084e-02 3.53138525e+04]
 [7.46852037e-03 5.47983464e+04]
 [1.21389716e-02 3.30991206e+04]
 [2.69456307e-02 1.52043437e+04]
 [5.06514103e-03 8.09239735e+04]
 [5.11678085e-03 7.97323252e+04]
 [2.03174089e-02 2.05701954e+04]
 [1.48341230e-02 2.74594794e+04]
 [4.08141738e-02 1.00209980e+04]
 [4.61889870e-02 8.95824933e+03]
 [3.02208002e-02 1.35931884e+04]
 [9.73041028e-03 4.34822336e+04]
 [4.87238093e-02 8.63752351e+03]
 [3.18792727e-02 1.28151901e+04]
 [1.23380040e-02 3.24320794e+04]
 [1.55986074e-02 2.64492792e+04]
 [4.33341778e-02 9.34369204e+03]
 [6.30852220e-03 6.65509324e+04]
 [2.91510570e-02 1.39446192e+04]
 [3.09387055e-02 1.30519470e+04]
 [1.01995300e-02 4.14786791e+04]
 [6.83003864e-03 5.92675577e+04]
 [3.98918259e-02 1.05830468e+04]
 [2.77545615e-02 1.45193958e+04]
 [1.07838466e-02 3.73721473e+04]
 [6.72382197e-03 6.14407739e+04]
 [9.11339483e-03 4.40960294e+04]
 [4.20494045e-02 9.94197974e+03]
 [8.11140312e-03 5.29573701e+04]
 [4.50496766e-02 9.03163279e+03]
 [5.91006109e-03 6.89035025e+04]
 [4.19744660e-03 9.84753110e+04]
 [6.33113793e-03 6.60545679e+04]
 [2.58603557e-02 1.55837827e+04]
 [1.45215443e-02 2.85460928e+04]
 [7.65719337e-03 5.37405327e+04]
 [4.23329867e-03 9.64074933e+04]
 [6.52702264e-03 6.20726840e+04]
 [2.83953144e-02 1.41627515e+04]
 [2.44880508e-02 1.69443627e+04]
 [2.49029188e-02 1.61535658e+04]
 [1.00654304e-02 4.18555559e+04]
 [1.65178724e-02 2.52962728e+04]
 [2.35014279e-02 1.78416414e+04]
 [8.23003786e-03 5.14962938e+04]
 [6.90849351e-03 5.82991831e+04]
 [1.59473955e-02 2.56862875e+04]
 [5.42604008e-03 7.52948469e+04]
 [1.97174009e-02 2.06317424e+04]
 [8.29528493e-03 5.05642041e+04]
 [4.49862058e-03 9.34117611e+04]
 [5.42091410e-03 7.54460619e+04]]
