[[1.52610864e-02 2.65060857e+04]
 [4.48927166e-02 9.16056255e+03]
 [3.93752889e-02 1.06532184e+04]
 [3.39946541e-02 1.19017793e+04]
 [3.99955887e-02 1.06219886e+04]
 [3.70128177e-02 1.09776149e+04]
 [4.18541489e-02 9.65590185e+03]
 [1.07192317e-02 3.87363394e+04]
 [2.54769990e-02 1.74213262e+04]
 [3.15247391e-02 1.32695640e+04]
 [8.73430708e-03 4.97827473e+04]
 [3.18475519e-02 1.27103137e+04]
 [3.41281192e-02 1.18699063e+04]
 [1.96765332e-02 2.12776787e+04]
 [7.83780797e-03 5.81514346e+04]
 [2.61180667e-02 1.68798398e+04]
 [6.82467066e-03 5.98720406e+04]
 [3.58409773e-02 1.14475325e+04]
 [1.62282287e-02 2.54169949e+04]
 [4.91564504e-02 8.70317825e+03]
 [4.52548062e-02 9.11129926e+03]
 [4.75741808e-02 8.79726791e+03]
 [4.44698022e-02 9.46856471e+03]
 [3.67668741e-02 1.11418373e+04]
 [4.22250971e-02 9.64621640e+03]
 [3.87572494e-02 1.07583533e+04]
 [9.78037068e-03 4.17576267e+04]
 [1.39115150e-02 3.01342174e+04]
 [4.25271335e-02 9.47437865e+03]
 [5.17942476e-02 8.66393267e+03]
 [2.34435759e-02 1.83361825e+04]
 [2.74070824e-02 1.51388238e+04]
 [4.06941696e-02 1.05164784e+04]
 [1.31928120e-02 3.15427459e+04]
 [3.01750127e-02 1.36028151e+04]
 [1.39244263e-02 3.00991163e+04]
 [2.01408361e-02 2.08150317e+04]
 [8.27109205e-03 5.30210998e+04]
 [4.10553141e-02 1.04876695e+04]
 [1.27847735e-02 3.32454281e+04]
 [9.59602916e-03 4.43778575e+04]
 [7.85833211e-03 5.36386257e+04]
 [8.39190620e-03 5.00194385e+04]
 [1.70359924e-02 2.47096807e+04]
 [3.51020332e-02 1.15752085e+04]
 [2.45754180e-02 1.78553690e+04]
 [1.15589521e-02 3.60050495e+04]
 [3.61378333e-02 1.13937065e+04]
 [3.83492352e-02 1.08028803e+04]
 [3.36195849e-02 1.21344990e+04]
 [9.43002269e-03 4.82997530e+04]
 [3.88822358e-02 1.07268362e+04]
 [2.82209756e-02 1.44461677e+04]
 [1.39992068e-02 2.97583905e+04]
 [2.34290011e-02 1.87545680e+04]
 [1.82354344e-02 2.27693896e+04]
 [2.64139573e-02 1.53504704e+04]
 [1.80784264e-02 2.44311960e+04]
 [2.61427797e-02 1.61860867e+04]
 [1.09569128e-02 3.71230229e+04]
 [6.08411270e-03 6.74707850e+04]
 [5.36632918e-02 8.45896639e+03]
 [3.63606729e-02 1.13402378e+04]
 [1.01877890e-02 4.17513322e+04]
 [3.39783610e-02 1.20485756e+04]
 [2.01690416e-02 2.03657227e+04]
 [4.16312777e-02 1.00563600e+04]
 [8.33637159e-03 5.20812257e+04]
 [4.57994813e-02 8.92514929e+03]
 [3.02293222e-02 1.34100756e+04]
 [1.82779619e-02 2.24756905e+04]
 [2.45896399e-02 1.78382270e+04]
 [1.67400437e-02 2.49634432e+04]
 [7.71244277e-03 5.93104522e+04]
 [1.26820156e-02 3.40294149e+04]
 [1.24698957e-02 3.48496134e+04]
 [3.48047414e-02 1.16192747e+04]
 [1.33735502e-02 3.03079389e+04]
 [1.29476557e-02 3.27295918e+04]
 [1.52191353e-02 2.78157386e+04]
 [1.59867694e-02 2.63394250e+04]
 [3.34772169e-02 1.25775109e+04]
 [1.50026542e-02 2.95279593e+04]
 [5.19421004e-02 8.65846872e+03]
 [4.45833064e-02 9.41345569e+03]
 [8.98542508e-03 4.94262641e+04]
 [2.33445472e-02 1.97098170e+04]]
