[[1.86260211e-03 3.45560727e-03 1.79353495e+00]
 [4.30247271e-03 9.73802078e-03 2.35560178e+00]
 [1.98569888e-03 4.26701009e-03 1.68669248e+00]
 [3.66543097e-03 8.62346253e-03 2.38535544e+00]
 [3.81016124e-03 7.49858311e-03 2.02228296e+00]
 [2.74119775e-03 5.60529991e-03 2.34345957e+00]
 [2.95482286e-03 7.31606471e-03 2.89061688e+00]
 [4.44117107e-03 8.28135361e-03 1.85269631e+00]
 [4.32981507e-03 9.09311989e-03 2.21095800e+00]
 [1.61510770e-03 3.42440641e-03 1.52376081e+00]
 [5.29945427e-04 1.99495546e-03 1.84550532e+00]
 [1.15103041e-03 2.27001165e-03 2.19196477e+00]
 [9.94405629e-04 1.15035012e-03 1.74681426e+00]
 [3.72748802e-03 7.10354578e-03 1.91128685e+00]
 [6.05212895e-03 9.90406197e-03 2.54783250e+00]
 [1.69780698e-03 3.86434161e-03 2.29770091e+00]
 [4.15018764e-03 8.55356413e-03 1.99514243e+00]
 [1.30540470e-03 2.64297483e-03 2.62407927e+00]
 [9.14420745e-03 9.98576212e-03 2.96915974e+00]
 [1.17056628e-03 2.06454059e-03 1.15237762e+00]
 [3.14244678e-03 6.49602791e-03 2.19797058e+00]
 [2.03579695e-03 4.49277037e-03 1.83674931e+00]
 [2.74119775e-03 5.65996822e-03 2.06008084e+00]
 [4.84428446e-03 8.56954245e-03 1.76355257e+00]
 [1.24579457e-03 3.02858305e-03 2.52398087e+00]
 [1.60341398e-03 3.42440641e-03 1.73155818e+00]
 [1.68967330e-03 2.65640903e-03 1.39370656e+00]
 [1.75395837e-03 3.23066100e-03 2.02305711e+00]
 [9.94405629e-04 9.62740340e-04 1.78935115e+00]
 [4.92375925e-04 1.36896488e-03 1.85284953e+00]
 [2.72754977e-03 4.60738911e-03 1.39718301e+00]
 [2.59286757e-03 4.88434767e-03 1.66458729e+00]
 [1.23094557e-03 2.27001165e-03 2.19267572e+00]
 [1.32161142e-03 1.80450963e-03 1.19038987e+00]
 [6.05212895e-03 9.93738471e-03 2.54783250e+00]
 [4.31442842e-03 9.91015318e-03 2.35560178e+00]
 [3.81016124e-03 7.49858311e-03 1.91527988e+00]
 [2.77888453e-03 5.67455695e-03 2.29892941e+00]
 [5.18411980e-03 9.73182120e-03 2.74546050e+00]
 [7.90955885e-04 1.61099584e-03 2.67311105e+00]
 [2.52896715e-03 4.60633581e-03 1.85759032e+00]
 [3.37067979e-03 6.49691364e-03 1.84105300e+00]
 [2.11487268e-03 4.44908208e-03 2.12279937e+00]
 [4.43655304e-03 9.67512846e-03 2.20943220e+00]
 [2.74119775e-03 5.47295275e-03 2.34345957e+00]
 [1.69780698e-03 3.86434161e-03 2.28421639e+00]
 [1.36069518e-03 3.28361390e-03 2.09512854e+00]
 [1.01001478e-03 1.90837790e-03 2.19196477e+00]
 [1.70516413e-03 2.71037541e-03 1.90950098e+00]
 [3.81016124e-03 7.49858311e-03 1.99458168e+00]
 [1.03143060e-03 2.58865950e-03 2.56970883e+00]
 [1.09121660e-03 2.33852381e-03 2.68152932e+00]
 [8.22382642e-04 1.35079158e-03 2.00955387e+00]
 [4.91505469e-03 9.73783538e-03 2.20943220e+00]
 [1.21474608e-03 3.05108135e-03 2.68622825e+00]
 [5.20632910e-03 8.85333017e-03 1.58978323e+00]
 [7.90960262e-04 1.73460848e-03 2.62150606e+00]
 [2.74119775e-03 5.54863688e-03 2.08585343e+00]
 [3.14244678e-03 6.49602791e-03 2.21916558e+00]
 [3.60343220e-03 7.05004083e-03 1.95233836e+00]
 [2.48921001e-03 5.86367601e-03 2.50034483e+00]
 [4.10848774e-03 9.73182120e-03 2.72746353e+00]
 [3.14244678e-03 6.49602791e-03 2.21833701e+00]
 [5.16688783e-03 9.83314970e-03 2.92956148e+00]
 [2.55120363e-03 5.01298042e-03 2.04640936e+00]
 [2.04088924e-03 4.49277037e-03 1.83674931e+00]
 [6.05212895e-03 9.93738471e-03 2.46668670e+00]
 [1.19926537e-03 2.06454059e-03 1.20124371e+00]
 [2.74119775e-03 5.35806908e-03 2.06008084e+00]
 [7.93415830e-04 2.33119005e-03 2.71101924e+00]
 [4.76404772e-03 9.88860135e-03 2.25619132e+00]
 [4.56886132e-03 8.77034389e-03 1.98662109e+00]
 [4.44117597e-03 9.67512846e-03 2.16143038e+00]
 [4.45831023e-03 8.60030373e-03 2.06699346e+00]
 [1.01001478e-03 1.90837790e-03 2.28811265e+00]
 [5.55765470e-03 9.99347168e-03 2.90035224e+00]
 [1.17056628e-03 2.06454059e-03 1.14387327e+00]
 [3.81016124e-03 7.49858311e-03 2.03098464e+00]
 [4.87037962e-03 9.86770333e-03 2.34266232e+00]]
