[[1.07771872 5.85545338 9.70319789 4.25329041]
 [0.43379929 4.27441307 8.65190854 0.52291692]
 [1.02679196 8.45817405 9.82763891 4.57948067]
 [1.52433924 1.41875043 9.37709581 4.04857475]
 [0.90872519 7.19075923 9.70912511 4.65655809]
 [0.55867567 3.33434245 9.48881637 0.91937637]
 [1.18582585 2.56987231 9.60000241 1.2892189 ]
 [1.04256965 1.81511829 9.40087105 1.9611576 ]
 [0.60083623 3.38284567 9.48522445 3.42894375]
 [1.67409341 1.27560986 9.78608826 2.87323584]
 [1.12530807 8.80350764 9.82634521 4.65620571]
 [1.66356373 1.30700616 9.63388057 2.58191717]
 [0.64864142 2.16016436 7.48043347 2.09160731]
 [1.52536469 1.17692508 9.85614525 4.021422  ]
 [0.42418275 5.3183915  8.86332103 0.52726354]
 [0.45713403 5.55744082 8.99151404 0.80901108]
 [3.33034094 2.21228144 9.96084136 4.8557261 ]
 [0.65835947 5.34238883 9.82547167 2.14412394]
 [1.3208227  0.93245491 8.65673274 2.30850721]
 [1.14618547 2.58508918 9.74034638 1.31360309]
 [1.53087094 1.81511829 9.40087105 2.43965353]]
