[[ -51.41539607   10.79642965]
 [ -18.03298325    7.34098644]
 [-157.18033771   25.58848635]
 [-136.4263642    24.51084147]
 [ -22.53661592    7.67304602]
 [ -16.2841041     7.21820817]
 [ -51.02978069   10.59189923]
 [ -35.29040947    8.34466888]
 [-123.07530159   24.28123031]
 [-116.41802559   21.48609252]
 [-116.52968638   23.0699531 ]
 [ -49.82809134   10.21414524]
 [ -34.09095173    7.89036519]
 [ -49.15632286    8.76248084]
 [ -93.49212194   18.77639189]
 [ -16.30343439    7.30986592]
 [-168.91932757   27.28611866]
 [-196.9175351    29.10700749]
 [-156.50634891   24.6818471 ]
 [ -49.83710661   10.22041492]
 [ -93.49202825   18.76288116]
 [-158.08629876   26.08682314]
 [-136.41335557   24.39718934]
 [-158.4148787    26.11994437]
 [-209.23712336   51.26497272]
 [-203.47343357   29.54848222]
 [-116.4227859    21.54654949]
 [ -65.49694718   16.74892141]
 [ -49.13544803    8.61082098]
 [ -62.38300822   15.96633323]
 [ -75.68347293   17.2308477 ]
 [-184.2142493    27.5815043 ]
 [-136.30871775   24.32199052]
 [ -93.55489751   18.98216522]
 [-204.51050307   49.59807146]
 [-136.06880957   24.3102333 ]]
