[[3.42688908 0.68209348 2.51169672 0.47775647 4.93126845 1.81612851]
 [4.60433993 1.27821662 2.45229329 1.36884981 4.39001041 3.4147408 ]
 [4.5395265  1.11064906 3.99760813 0.65841013 3.93743877 3.87360522]
 [3.92542449 0.68209348 2.52246402 0.84819203 4.90608409 1.81612851]
 [1.84566422 0.62619802 2.51243435 0.48270358 1.40883086 1.95834234]
 [0.34378873 2.14782536 3.1253679  3.76200683 1.42297686 3.46527393]
 [2.13290381 0.71063159 2.03885415 0.6308116  1.0687082  0.81236562]
 [4.5395265  1.11064906 3.99760813 0.19773283 4.39807063 3.47028954]
 [1.95373967 2.01205333 2.07526675 0.29843295 1.12020578 1.19153606]
 [0.49702978 1.73438271 1.52892912 1.13910974 3.6356516  3.9053334 ]
 [4.60433993 1.27821662 2.45229329 1.36884981 4.08235685 3.4147408 ]
 [0.55698413 1.53053796 2.42406594 1.64733745 1.44490697 3.76491753]
 [1.09109884 1.19455189 3.50050262 2.31813715 1.34090655 1.74537172]]
