[[4.86621314e+00 6.48194950e-03]
 [5.84779630e+01 5.05021991e-04]
 [3.23474214e+01 6.42435431e-04]
 [2.23930593e+01 9.50885037e-04]
 [5.26519165e+01 5.15072990e-04]
 [8.42493582e+00 2.79476072e-03]
 [1.62072948e+01 1.34727829e-03]
 [4.41115233e+01 5.82413020e-04]
 [3.17393567e+01 6.47728974e-04]
 [2.36168716e+01 7.55855345e-04]
 [4.54167642e+01 5.15485763e-04]
 [1.13576638e+01 1.75314248e-03]
 [2.82368533e+01 6.57719992e-04]
 [3.52631530e+01 6.38015689e-04]
 [5.02081584e+00 5.75451431e-03]
 [2.32966823e+01 8.94753970e-04]
 [8.17829259e+00 3.41058716e-03]
 [5.44146824e+01 5.06274251e-04]
 [3.65728779e+01 5.89293598e-04]
 [2.09009014e+01 9.75040275e-04]]
