[[4.48927166e-02 9.16056255e+03]
 [3.39946541e-02 1.19017793e+04]
 [2.69897406e-02 1.55173060e+04]
 [3.70128177e-02 1.09776149e+04]
 [4.18541489e-02 9.65590185e+03]
 [1.07192317e-02 3.87363394e+04]
 [3.15247391e-02 1.32695640e+04]
 [3.18475519e-02 1.27103137e+04]
 [1.20622167e-02 3.74183468e+04]
 [9.94202140e-03 4.21205463e+04]
 [5.80348224e-03 8.04541568e+04]
 [5.25064956e-03 9.90916651e+04]
 [2.57065886e-02 1.59723699e+04]
 [8.62407872e-03 4.80120660e+04]
 [1.29877897e-02 3.30752248e+04]
 [7.73724338e-03 5.94455362e+04]
 [2.15610606e-02 1.97547574e+04]
 [2.90637842e-02 1.38857811e+04]
 [6.39436901e-03 7.40431534e+04]
 [1.70144863e-02 2.46728070e+04]
 [1.21628554e-02 3.63148152e+04]
 [3.99419006e-02 1.02608016e+04]
 [2.32406639e-02 1.87204355e+04]
 [4.02208390e-02 1.00900194e+04]
 [4.95512236e-02 8.58082644e+03]
 [5.57614258e-03 8.59397163e+04]
 [1.84271232e-02 2.23740974e+04]
 [5.36336031e-03 9.30600952e+04]
 [2.67330781e-02 1.56608412e+04]
 [4.34571935e-02 9.24696889e+03]
 [3.63616616e-02 1.17227224e+04]
 [2.14715563e-02 1.97696951e+04]
 [2.18212888e-02 1.92720816e+04]
 [1.75258929e-02 2.37298625e+04]
 [8.98151627e-03 4.77954875e+04]
 [4.98101960e-02 8.57202496e+03]
 [1.36967374e-02 2.99325408e+04]
 [1.52461709e-02 2.65060857e+04]
 [3.69050107e-02 1.11844977e+04]
 [3.20211323e-02 1.26794693e+04]
 [3.38798916e-02 1.21340409e+04]
 [2.63338364e-02 1.58892208e+04]
 [1.48659594e-02 2.79555881e+04]
 [4.70782199e-02 8.82451782e+03]
 [3.85438519e-02 1.06270021e+04]
 [4.29018743e-02 9.56246613e+03]
 [3.25098278e-02 1.26221814e+04]
 [2.98121816e-02 1.37428004e+04]
 [2.09256468e-02 2.04419383e+04]
 [1.26604081e-02 3.52675334e+04]
 [4.63424138e-02 9.14256346e+03]
 [2.53399162e-02 1.63735473e+04]
 [1.68535285e-02 2.54399464e+04]
 [2.63894784e-02 1.57343607e+04]
 [3.36958336e-02 1.24315366e+04]
 [6.16531648e-03 7.44715862e+04]
 [6.94820609e-03 6.46936924e+04]
 [2.33507256e-02 1.72878817e+04]
 [7.57409070e-03 6.10061764e+04]
 [2.48659719e-02 1.72196923e+04]
 [1.61582208e-02 2.64555017e+04]
 [2.72651767e-02 1.53331849e+04]
 [3.67394031e-02 1.13327742e+04]
 [4.16957333e-02 9.83229711e+03]
 [3.07215067e-02 1.34111243e+04]
 [2.84487600e-02 1.47339549e+04]
 [2.72876712e-02 1.51208336e+04]
 [5.80220391e-03 8.04816252e+04]
 [4.13879792e-02 9.87978046e+03]
 [8.07246845e-03 5.18530912e+04]
 [1.84940192e-02 2.23411926e+04]
 [2.84710103e-02 1.42138675e+04]
 [3.13522031e-02 1.33119759e+04]
 [1.51166132e-02 2.74369934e+04]
 [1.33424859e-02 3.22223615e+04]
 [2.23444669e-02 1.90654770e+04]
 [8.33839528e-03 5.02211571e+04]
 [2.29653475e-02 1.89496115e+04]
 [1.03076612e-02 3.92323779e+04]
 [3.50232444e-02 1.18858106e+04]
 [2.03024525e-02 2.05324774e+04]]
