[[0.43379929 4.27441307 8.65190854 0.52291692]
 [1.68005678 1.30700616 9.63388057 2.58191717]
 [0.55867567 3.33434245 9.48881637 0.91937637]
 [1.06056867 1.03159272 8.67937978 2.92599567]
 [1.18772419 0.80894177 9.68499404 3.97520328]
 [0.40833227 3.33434245 9.76154486 4.6895491 ]
 [0.26977199 9.20896654 8.46262512 0.35459096]
 [0.81785488 2.15721317 9.70171865 4.05335217]
 [0.62822678 2.49884043 8.96056438 1.55636897]
 [1.44505486 0.80894177 8.58398525 3.84819498]
 [2.1627273  1.0601836  9.97510143 2.96239613]
 [0.30660943 4.73892106 9.09509548 1.60845973]
 [0.47423691 3.32982036 9.31488789 1.89116945]]
