[[2.08511002 2.16097348]
 [0.93130106 1.03668218]
 [1.98383737 1.6164502 ]
 [2.09597257 2.0556585 ]
 [2.08652401 1.67606949]
 [0.70193469 0.59430447]
 [1.05814058 0.79663998]
 [1.63322451 1.58117431]
 [3.45448459 2.99196855]
 [0.09940067 0.07863296]
 [2.76410989 2.52609268]
 [0.62086658 0.83755104]
 [2.92879636 2.90878724]
 [0.29958845 0.36403037]
 [0.22275939 0.32248239]
 [1.1992388  1.48130914]
 [2.62335155 2.77442391]
 [3.08389179 2.84704896]
 [0.88098128 0.99619072]
 [2.9100709  2.63649595]
 [2.16838174 2.42208159]
 [1.42788141 1.76050002]
 [0.99284944 1.28010303]
 [2.63857323 2.40648325]
 [2.59505814 2.31265173]
 [0.80485718 1.40064007]
 [2.07924359 1.8500552 ]
 [3.91374707 2.97141535]
 [1.23866451 0.78651925]
 [2.32500741 2.84264682]
 [1.10716367 0.80121606]
 [0.09166321 0.20017499]
 [1.9742524  2.24081549]
 [0.72779116 0.47319021]
 [4.52904748 2.96986554]
 [0.73396187 0.79289245]
 [2.58633799 2.74921756]
 [0.43741105 0.68192921]
 [2.85357926 2.99026028]
 [1.69354013 1.57168841]
 [2.42214223 2.57795342]
 [1.37059888 1.68158997]
 [0.13313942 0.33276111]
 [0.79916825 0.60780638]
 [1.85077089 1.59209232]
 [2.01610236 2.27624079]
 [3.58464501 2.96197852]
 [1.87437972 2.31096758]
 [2.00932962 2.09192406]
 [0.60383592 0.66085196]
 [0.69177345 0.87043339]
 [1.72849411 2.02491481]
 [2.86636136 2.82828773]
 [2.45772575 2.57010749]
 [2.09289013 2.0503947 ]
 [1.47644397 1.63236415]
 [2.43960746 2.56606924]
 [2.57087522 2.62599818]
 [0.80755385 1.02732192]
 [2.8968027  2.77411254]
 [1.14602514 1.30165013]
 [3.154796   2.94277103]
 [2.49966186 2.33129469]
 [1.99609303 2.39088676]
 [1.90540746 1.97803481]
 [0.354592   0.45781196]
 [0.08287941 0.34138907]
 [1.60513157 1.67373598]
 [0.19864353 0.21100032]
 [2.69824555 2.6857811 ]
 [2.23317523 2.63110317]
 [1.64180695 1.64269281]
 [1.93002006 1.71462628]
 [0.19929963 0.40437935]
 [0.967082   1.0069914 ]
 [2.16177797 2.5431014 ]
 [1.24145364 0.88523573]
 [3.01091827 2.89070126]
 [1.72839607 1.78687529]
 [2.24368629 2.1129402 ]
 [0.88339447 1.17329737]
 [1.17538818 1.38480624]
 [2.14221238 2.59405843]
 [0.98916392 1.28799217]
 [0.61386065 0.56270968]
 [2.35248838 2.48140801]
 [1.93494617 1.47864262]
 [1.20920917 1.42176611]
 [4.69220896 2.98912154]
 [1.02258722 1.30466009]
 [2.71308907 2.92321041]
 [0.60394995 0.37844024]
 [0.45922673 0.45179277]
 [2.96846281 2.77036865]
 [3.08389179 2.84976035]
 [2.46371716 2.67305686]
 [2.42496397 2.02613663]
 [0.71132998 0.80763528]
 [1.7558319  1.60449219]
 [2.51650436 2.33207423]
 [2.1383255  2.46201135]
 [2.95750545 2.99587413]
 [0.72789135 0.94043219]
 [2.59402125 2.50030203]
 [1.89928317 1.91138413]
 [2.22836478 2.02662454]
 [0.41513785 0.39552293]
 [0.66449735 0.34156345]
 [2.10574453 2.61876713]
 [2.82156428 2.58930861]
 [3.88475663 2.96197852]
 [2.4856477  2.72623582]
 [3.49811591 2.86435879]
 [2.31924617 2.48140801]
 [2.75959178 2.79806972]
 [1.64180695 1.65854234]
 [2.24643956 2.40568891]
 [1.38138789 1.28652179]
 [4.37968052 2.96636746]
 [1.03089807 0.95860525]
 [3.02155241 2.84787677]
 [2.92674229 2.65529112]
 [2.0947503  2.32275956]
 [3.06794347 2.68670233]
 [2.06959923 1.8655364 ]
 [0.81021809 0.58876974]
 [0.74147672 0.75261329]
 [3.57304818 2.94457524]
 [2.40344631 2.5739413 ]
 [2.35221641 2.0572707 ]
 [3.13548984 2.85839485]
 [1.17515322 1.12874901]
 [2.92879636 2.99246099]
 [4.14635949 2.9855769 ]
 [1.94122212 2.02491481]
 [2.58633799 2.69694007]
 [0.02502134 0.07863296]
 [0.73736743 1.0144839 ]
 [1.72839607 1.61649787]
 [1.31790474 1.40834573]
 [0.73386168 0.93367476]
 [2.46573874 2.56512516]
 [2.89703216 2.61549038]
 [0.70567127 0.52290531]
 [1.64438396 1.679803  ]
 [2.72673828 2.72201504]
 [0.74805172 0.87043339]
 [0.67860909 0.50857671]
 [1.58904261 1.50804461]
 [1.84130591 1.74473222]
 [4.42017649 2.98701574]
 [1.83048097 2.09044205]
 [1.26918621 1.44588443]
 [2.08255574 1.69249287]
 [1.17083752 1.40881872]
 [1.56329584 1.27607977]
 [0.88098128 1.00271836]
 [1.1992388  1.54233048]
 [0.75890957 1.02732192]
 [1.41069724 0.96499964]
 [0.69532657 0.53760138]
 [2.63857323 2.40368723]
 [2.45912046 2.81096914]
 [2.12909033 2.01741795]
 [0.5557836  0.59863019]
 [3.31327039 2.84974336]
 [1.6489625  1.74681911]
 [1.30299052 1.34368058]
 [1.59389885 1.38851736]
 [0.96746254 1.03050661]
 [4.36080344 2.96027269]
 [2.62634748 2.67611357]
 [1.39038365 1.37541793]
 [3.89619147 2.90432614]
 [1.84130591 1.791291  ]
 [3.05215742 2.75951679]
 [1.9742524  2.07308066]
 [4.69979142 2.98912154]
 [2.23125841 2.12361865]
 [4.25392452 2.96101121]
 [0.14182825 0.22087007]
 [1.972448   1.90961078]
 [1.4146678  1.11549472]
 [0.53560973 0.84393003]
 [2.88349348 2.61216581]
 [2.1381425  2.23472631]
 [2.46459276 2.46158124]
 [4.94190671 2.99950743]
 [4.42017649 2.99733672]
 [2.21557195 1.77238332]
 [1.65939294 1.67604045]
 [2.70591678 2.82444605]
 [2.6708302  2.76907361]
 [2.12673486 2.10903374]
 [2.18556595 2.02491481]
 [2.54197868 2.5362095 ]
 [0.29627164 0.37537101]
 [2.95084038 2.94546552]
 [2.42601765 2.64467878]
 [2.62820066 2.34158867]
 [3.79211761 2.86435879]
 [4.69232027 2.95791658]
 [0.82615099 0.90584597]
 [1.29872856 1.3651035 ]
 [2.80672537 2.91766443]
 [0.55660824 0.31983375]
 [0.53560973 0.77882632]
 [2.12324558 2.56341568]
 [0.60990994 0.50244493]
 [2.26202413 2.24711101]
 [2.27908109 1.94047807]
 [2.39288538 2.16439558]
 [1.57139119 1.40907506]
 [1.27997301 0.86918766]
 [3.17685481 2.60603329]
 [2.85295835 2.70783185]
 [2.2311878  2.28000526]
 [0.75890957 0.60590003]
 [0.29958845 0.39413268]
 [2.36479878 2.65472296]
 [2.02524472 2.28282234]
 [0.93130106 0.7711765 ]
 [2.22112962 1.79175406]
 [2.78312168 2.68931517]
 [1.28625373 1.21890489]
 [3.45448459 2.83249775]
 [2.02037424 2.09192406]
 [1.81781832 2.05644187]
 [2.14160228 2.10903374]
 [2.49433096 2.51436927]
 [2.04238837 2.49023874]
 [3.13548984 2.92210154]
 [0.34784108 0.19969661]
 [1.69482169 1.7656634 ]
 [2.59402125 2.51857962]
 [1.51760287 1.42201178]
 [0.55965959 0.41395925]
 [1.4563588  1.31847066]
 [0.86170254 0.95198637]
 [2.58596244 2.64420567]
 [0.09940067 0.07548812]
 [2.28585837 1.97897815]
 [4.25728937 2.9855769 ]
 [3.49554563 2.87040018]
 [0.78395697 0.79910078]
 [1.51575828 1.90738373]
 [0.88710012 1.21132381]
 [3.38279056 2.91884002]
 [0.41513785 0.43034809]
 [2.68309293 2.37682811]
 [1.40704538 1.40834573]
 [2.32281506 2.52185888]
 [3.22923957 2.88787124]
 [2.79146526 2.82828773]
 [0.54083586 0.37733592]
 [2.22876114 2.72297287]
 [1.73339614 1.9628946 ]
 [3.18411313 2.82926056]
 [2.94953201 2.99100924]
 [3.47676136 2.77638155]
 [0.80891374 0.56040746]
 [0.73233646 0.94791249]
 [1.8691132  2.04528781]
 [1.24145364 0.94488595]
 [3.37282012 2.83859886]
 [2.45014917 2.03884183]
 [1.9899532  1.54268563]
 [1.53429293 1.0611707 ]
 [4.69220896 2.95505241]
 [2.59486291 2.13899517]
 [1.39495445 1.7261926 ]
 [2.00932962 2.26954188]
 [1.9827529  2.21983169]
 [2.86567916 2.82828773]
 [0.37201783 0.20996905]
 [2.8968027  2.94861455]
 [3.5727654  2.98890497]
 [3.86603593 2.84941797]
 [2.23727824 2.34109057]
 [1.42788141 1.73777846]
 [1.27402476 1.14479164]]
