[[3.60699608e+01 1.65566552e+01]
 [7.76812641e+00 3.22621992e+01]
 [2.61940879e+01 2.05456462e+01]
 [3.44753316e+01 1.71025222e+01]
 [3.38364045e+00 3.78835185e+01]
 [2.06701379e+01 2.30235463e+01]
 [8.35413583e+01 6.42080819e+00]
 [6.42545421e-02 4.82357273e+01]
 [5.60857909e+01 1.11194220e+01]
 [6.81555654e+01 8.66305532e+00]
 [8.89085385e-01 4.35860832e+01]
 [6.14466549e-01 4.47011988e+01]
 [1.45298019e+01 2.68269711e+01]
 [5.83176055e+01 1.06016468e+01]
 [7.04643053e+01 8.30666886e+00]
 [7.07409588e+00 3.29968040e+01]
 [6.16784942e+01 9.95395502e+00]
 [1.04976551e+01 2.98948891e+01]
 [5.10129214e+01 1.23026655e+01]
 [1.04383508e+01 3.05546152e+01]
 [3.09838326e+01 1.84529702e+01]
 [9.65869014e+01 5.29510110e+00]
 [7.47103428e+00 3.27839613e+01]
 [1.93888691e-01 4.71300901e+01]
 [3.56757064e+01 1.67682477e+01]
 [3.01435576e+00 3.87437753e+01]
 [1.17329489e+02 4.34324222e+00]
 [4.66951383e+00 3.58988353e+01]
 [5.69893656e+01 1.08917859e+01]
 [6.83382844e+01 8.64617576e+00]
 [4.34026601e+01 1.43443386e+01]
 [2.13531304e+01 2.26859973e+01]
 [5.00504672e+01 1.25116603e+01]
 [1.88251444e+01 2.41843976e+01]
 [5.13824242e-01 4.54694508e+01]
 [4.03239394e+00 3.69383522e+01]
 [2.38404433e+01 2.15314788e+01]
 [4.75859928e+01 1.32989730e+01]
 [8.64919865e+01 6.15676129e+00]
 [3.54154819e+01 1.70003975e+01]
 [3.36542071e+01 1.74010150e+01]
 [3.20537255e+00 3.81544643e+01]
 [4.94481916e+00 3.56141364e+01]
 [2.83518875e+01 1.95538827e+01]
 [1.27649019e+01 2.80997480e+01]
 [2.40538698e+01 2.14695150e+01]
 [6.48609556e+01 9.26874806e+00]
 [5.05834735e+01 1.23675360e+01]
 [3.43372301e+01 1.71514592e+01]
 [1.93779981e+01 2.37564183e+01]
 [5.01455835e+01 1.24796289e+01]
 [6.33070848e+01 9.61319687e+00]
 [5.40210633e+01 1.15365319e+01]
 [6.83013424e+00 3.33587758e+01]
 [3.12500802e+01 1.84325539e+01]
 [6.43486652e+01 9.37801384e+00]
 [1.20306667e+01 2.85309140e+01]
 [7.44505565e+01 7.63696884e+00]
 [4.67329773e+01 1.33736789e+01]
 [3.88029074e+01 1.58309290e+01]
 [3.01727971e+01 1.87087766e+01]
 [1.34130912e+00 4.22112876e+01]
 [2.15113580e+01 2.25891640e+01]
 [3.35921562e-01 4.59875418e+01]
 [5.79757966e+01 1.06536827e+01]
 [4.76391019e+01 1.32669915e+01]
 [2.15758789e+01 2.25489721e+01]
 [2.66596827e+01 2.02184574e+01]
 [8.12972023e-01 4.41664531e+01]
 [7.79711709e+00 3.22085453e+01]
 [6.96871304e+01 8.40558730e+00]
 [2.47211051e+01 2.10275627e+01]
 [3.79945778e+01 1.59323796e+01]
 [1.31969028e+01 2.76972815e+01]
 [2.77386830e+00 3.89277638e+01]
 [4.67663491e+01 1.33526234e+01]
 [4.21620745e+01 1.46265005e+01]
 [3.75361146e+00 3.72747338e+01]
 [6.96135576e+01 8.42397176e+00]
 [3.26021873e+01 1.77876950e+01]
 [8.02485554e+01 7.11869063e+00]
 [3.27101692e+01 1.77589149e+01]
 [6.91123586e+01 8.55038487e+00]
 [7.01730799e+01 8.31113849e+00]
 [3.91416147e+01 1.55467138e+01]
 [1.79816284e+01 2.45904349e+01]
 [6.91922583e-01 4.44418788e+01]
 [7.19408245e+01 8.01237546e+00]
 [2.02291111e+00 4.05086490e+01]
 [2.62728519e-01 4.64450476e+01]
 [4.13293070e+00 3.68514178e+01]
 [5.34718436e+01 1.16612434e+01]
 [4.50652135e+01 1.38072019e+01]
 [1.21033246e+01 2.84498708e+01]
 [1.02984042e+00 4.31941739e+01]
 [4.28413418e+00 3.64353428e+01]
 [6.06772742e+01 1.00926354e+01]
 [5.17815690e+01 1.20756660e+01]
 [5.00753781e+01 1.24841183e+01]
 [2.05031630e+01 2.31204647e+01]
 [5.52778958e+01 1.14322952e+01]
 [2.08699861e+01 2.29201545e+01]
 [1.19158618e+01 2.86011782e+01]
 [3.60147008e+01 1.66956781e+01]
 [1.41624463e+00 4.19642958e+01]
 [2.18207191e+00 4.01005677e+01]
 [7.09630621e+01 8.18251721e+00]
 [7.32905725e+01 7.80331402e+00]
 [6.39186693e+01 9.46243930e+00]
 [2.99171409e+01 1.88154538e+01]
 [5.50142592e-01 4.53919096e+01]
 [5.68011641e+00 3.48922452e+01]
 [5.79406439e+01 1.06615388e+01]
 [6.17388396e+01 9.88386160e+00]
 [2.76710956e+01 1.97216465e+01]
 [3.78735500e+01 1.60826086e+01]
 [3.39703682e+01 1.72797952e+01]
 [3.11710112e+01 1.84462971e+01]
 [1.14221603e+01 2.90338290e+01]
 [7.29884071e+01 7.85652240e+00]
 [6.65957702e+00 3.35761655e+01]
 [6.60622646e+01 9.04404406e+00]
 [7.26387335e+00 3.28149341e+01]
 [1.89935255e+01 2.39542084e+01]
 [1.87070036e+00 4.11537541e+01]
 [8.98290597e+01 5.87262957e+00]
 [1.59957415e+00 4.15930845e+01]
 [4.90219390e+01 1.27469474e+01]
 [1.13347372e+01 2.94563357e+01]
 [3.07163213e+01 1.85980647e+01]
 [4.64265309e+01 1.34264990e+01]
 [1.51849824e+01 2.62457580e+01]
 [1.42757879e+01 2.68825864e+01]
 [3.72009529e+01 1.61897965e+01]
 [3.17354115e+01 1.81485282e+01]
 [2.43779936e+00 3.95935045e+01]
 [9.15401703e+00 3.10240831e+01]
 [1.75210694e+01 2.48550859e+01]
 [4.90329696e+01 1.27447142e+01]
 [3.98748676e+01 1.53214381e+01]
 [5.05675235e+00 3.54073223e+01]
 [7.92591256e+00 3.20759247e+01]
 [4.14497823e+01 1.48385144e+01]
 [4.82223931e+01 1.30942588e+01]
 [1.69298285e+01 2.51770984e+01]
 [2.79712804e+01 1.96417636e+01]
 [5.75792510e+01 1.07423058e+01]
 [9.05147208e+00 3.10878785e+01]
 [6.86842505e+00 3.32339969e+01]
 [4.61139651e+01 1.36149424e+01]
 [1.63030094e+01 2.55336468e+01]
 [5.71332349e-01 4.50950672e+01]
 [1.28464337e+01 2.78687432e+01]
 [3.97672525e+00 3.70862842e+01]
 [6.38003383e+01 9.47863700e+00]
 [5.80822837e+01 1.06309670e+01]
 [5.69553164e+01 1.09304147e+01]
 [6.39944158e+01 9.43384732e+00]
 [5.67914114e+01 1.11024098e+01]
 [2.59107585e+01 2.06168528e+01]
 [2.23379598e-01 4.69468263e+01]
 [1.63015903e+01 2.56544381e+01]
 [5.44273584e+01 1.14484838e+01]
 [4.82864726e+01 1.29408261e+01]
 [2.56852325e+00 3.93543401e+01]
 [1.81361710e+01 2.44333596e+01]
 [1.17796339e+02 4.26410594e+00]
 [4.11592786e+01 1.49289629e+01]
 [8.57626825e+01 6.22965915e+00]
 [3.55915886e+01 1.67857037e+01]
 [9.13187862e+01 5.65585574e+00]
 [2.74035989e+01 1.98351325e+01]
 [3.34752534e+01 1.74599088e+01]
 [2.64178892e+01 2.05202595e+01]
 [2.98725760e+01 1.89350394e+01]
 [1.48531021e+00 4.19483739e+01]
 [2.80586750e+01 1.95595992e+01]
 [3.60624462e+01 1.65599416e+01]
 [4.25771453e+01 1.46148213e+01]
 [4.41793375e+01 1.40562024e+01]
 [5.84082594e+01 1.05626519e+01]
 [5.37374431e+01 1.16007794e+01]
 [3.97214374e+01 1.53653698e+01]
 [1.20867939e+02 4.25097297e+00]
 [7.59419308e+01 7.40025528e+00]
 [3.47367253e+01 1.70125556e+01]
 [5.01520740e-02 4.87279997e+01]
 [3.63256552e+01 1.64681711e+01]
 [6.46649995e+01 9.32128144e+00]
 [8.67913891e+01 6.08763188e+00]
 [8.33180079e-01 4.37588371e+01]
 [1.61697950e+01 2.61070664e+01]
 [6.50971993e+01 9.22292224e+00]
 [7.10832294e+01 8.16140634e+00]
 [4.76356276e+01 1.32680677e+01]
 [8.97752336e-02 4.82237410e+01]
 [2.57137915e+01 2.06896180e+01]
 [2.33838404e+01 2.16680912e+01]
 [3.18703499e+00 3.82569742e+01]
 [5.55406219e+01 1.12063874e+01]
 [1.75122931e+01 2.49429375e+01]
 [6.42204831e+00 3.37490232e+01]
 [3.15730138e+01 1.81778928e+01]
 [3.20572776e+01 1.80797320e+01]
 [1.02366421e+02 5.01654001e+00]
 [1.15416868e+02 4.41782475e+00]
 [2.54972055e+01 2.07253520e+01]
 [7.81553949e+01 7.18973642e+00]
 [1.17293621e+02 4.34937580e+00]
 [6.32164822e+01 9.64705934e+00]
 [2.44212982e+01 2.13122479e+01]
 [3.90995469e+01 1.55600574e+01]
 [1.16906311e+00 4.29698632e+01]
 [3.23138216e+01 1.79186771e+01]
 [6.74164984e+01 8.80154117e+00]
 [4.11270361e+01 1.53033948e+01]
 [6.90370699e+00 3.31468610e+01]
 [3.69684451e+01 1.62918793e+01]
 [8.24031992e+01 6.71637225e+00]
 [8.20323682e+01 7.01690310e+00]
 [6.24979571e+01 9.73589474e+00]
 [4.59727307e+00 3.59887298e+01]
 [9.10810535e-02 4.80395421e+01]
 [4.86448044e+01 1.28685992e+01]
 [1.70701571e+01 2.50543886e+01]
 [1.38649342e+01 2.72373837e+01]
 [6.86014626e+01 8.61729715e+00]
 [8.14674945e+00 3.18572282e+01]
 [1.08262734e+02 4.71763171e+00]
 [2.92110675e+01 1.91044129e+01]
 [8.26868967e+00 3.18003919e+01]
 [8.95517405e+01 5.91177708e+00]
 [2.26348218e+01 2.20781093e+01]
 [3.30333026e+01 1.76364394e+01]
 [6.74068952e+01 8.82818924e+00]
 [5.33859060e+01 1.16817134e+01]
 [3.29460802e+01 1.76814117e+01]
 [2.84795037e+01 1.94746213e+01]
 [3.91660962e+01 1.55389800e+01]
 [2.87298747e+01 1.92814712e+01]
 [7.53041915e+01 7.56032463e+00]
 [5.26985457e+01 1.20623152e+01]
 [2.69019321e+01 2.00540628e+01]
 [1.35489898e+01 2.73670457e+01]
 [1.15274432e+02 4.43427753e+00]
 [6.23953409e+01 9.77453003e+00]
 [1.26212731e+01 2.81311328e+01]
 [3.07471489e-01 4.62870893e+01]
 [7.55055008e+01 7.45595733e+00]
 [2.30103113e+01 2.18371133e+01]
 [1.16071412e+01 2.88115225e+01]
 [7.34854595e-03 4.93956939e+01]
 [4.91106675e+01 1.27404983e+01]
 [1.98853276e+00 4.08569724e+01]
 [5.85357194e+00 3.45729279e+01]
 [3.89737916e+01 1.56271128e+01]
 [2.05958593e+00 4.04344336e+01]
 [4.83389286e+01 1.29225425e+01]
 [1.72834645e+01 2.50138368e+01]
 [8.27297972e+01 6.70622901e+00]
 [4.23690239e-01 4.55093852e+01]
 [1.39826180e+01 2.70572868e+01]
 [8.28241495e+01 6.57380063e+00]
 [9.66751513e+01 5.28898784e+00]
 [2.31677927e+01 2.17970695e+01]
 [1.10102413e+01 2.95176803e+01]
 [4.49744495e+01 1.38486674e+01]
 [1.05122298e+01 2.97649744e+01]
 [5.31926088e+01 1.17347805e+01]
 [8.60039808e+00 3.15163928e+01]
 [4.80179608e+01 1.31521704e+01]
 [5.31789658e+01 1.19571577e+01]
 [5.78967452e+01 1.07256489e+01]
 [6.03607952e+00 3.45545056e+01]
 [5.39961139e+00 3.49418370e+01]
 [3.65591323e+01 1.63887281e+01]
 [5.93798787e+01 1.04843275e+01]
 [1.13727943e+02 4.53225586e+00]
 [5.22327924e-02 4.83975690e+01]
 [4.96878148e+01 1.26063104e+01]
 [2.02817915e+01 2.33403666e+01]
 [9.62285698e+01 5.59449859e+00]
 [2.24365042e+01 2.21155612e+01]
 [1.10424530e+02 4.58239002e+00]]
