[[3.60699608e+01 1.65566552e+01]
 [7.76812641e+00 3.22621992e+01]
 [2.61940879e+01 2.05456462e+01]
 [3.44753316e+01 1.71025222e+01]
 [2.86511655e+01 1.95368564e+01]
 [3.38364045e+00 3.78835185e+01]
 [7.01718697e+00 3.32064912e+01]
 [2.06701379e+01 2.30235463e+01]
 [8.35413583e+01 6.42080819e+00]
 [6.42545421e-02 4.82357273e+01]
 [5.60857909e+01 1.11194220e+01]
 [4.34786818e+00 3.65027909e+01]
 [6.81555654e+01 8.66305532e+00]
 [8.89085385e-01 4.35860832e+01]
 [6.14466549e-01 4.47011988e+01]
 [1.45298019e+01 2.68269711e+01]
 [5.83176055e+01 1.06016468e+01]
 [2.37133311e+01 2.18482271e+01]
 [7.07409588e+00 3.29968040e+01]
 [6.16784942e+01 9.95395502e+00]
 [2.05528226e+01 2.32543913e+01]
 [1.04976551e+01 2.98948891e+01]
 [5.10129214e+01 1.23026655e+01]
 [4.83307391e+01 1.30055861e+01]
 [3.09838326e+01 1.84529702e+01]
 [9.12337203e+00 3.15838444e+01]
 [9.65869014e+01 5.29510110e+00]
 [3.17043014e+01 1.83835391e+01]
 [6.08506073e+01 1.02258165e+01]
 [7.47103428e+00 3.27839613e+01]
 [1.93888691e-01 4.71300901e+01]
 [3.01435576e+00 3.87437753e+01]
 [1.17329489e+02 4.34324222e+00]
 [4.66951383e+00 3.58988353e+01]
 [5.69893656e+01 1.08917859e+01]
 [2.62542348e+00 3.94629533e+01]
 [2.20929934e+00 4.08396947e+01]
 [6.83382844e+01 8.64617576e+00]
 [4.34026601e+01 1.43443386e+01]
 [2.13531304e+01 2.26859973e+01]
 [5.00504672e+01 1.25116603e+01]
 [1.88251444e+01 2.41843976e+01]
 [5.13824242e-01 4.54694508e+01]
 [2.58119506e+00 3.96677531e+01]
 [4.96488974e+01 1.29432400e+01]
 [4.03239394e+00 3.69383522e+01]
 [2.38404433e+01 2.15314788e+01]
 [4.75859928e+01 1.32989730e+01]
 [3.69837635e+01 1.63225093e+01]
 [8.64919865e+01 6.15676129e+00]
 [3.36542071e+01 1.74010150e+01]
 [3.20537255e+00 3.81544643e+01]
 [4.94481916e+00 3.56141364e+01]
 [2.40538698e+01 2.14695150e+01]
 [6.48609556e+01 9.26874806e+00]
 [5.05834735e+01 1.23675360e+01]
 [3.43372301e+01 1.71514592e+01]
 [1.93779981e+01 2.37564183e+01]
 [5.01455835e+01 1.24796289e+01]
 [6.33070848e+01 9.61319687e+00]
 [5.40210633e+01 1.15365319e+01]
 [6.83013424e+00 3.33587758e+01]
 [3.12500802e+01 1.84325539e+01]
 [6.43486652e+01 9.37801384e+00]
 [1.20306667e+01 2.85309140e+01]
 [2.25733983e+01 2.24263055e+01]
 [7.44505565e+01 7.63696884e+00]
 [4.67329773e+01 1.33736789e+01]
 [3.88029074e+01 1.58309290e+01]
 [3.01727971e+01 1.87087766e+01]
 [1.34130912e+00 4.22112876e+01]
 [2.15113580e+01 2.25891640e+01]
 [3.35921562e-01 4.59875418e+01]
 [5.79757966e+01 1.06536827e+01]
 [4.76391019e+01 1.32669915e+01]
 [9.12935351e+00 3.13889598e+01]
 [2.15758789e+01 2.25489721e+01]
 [2.66596827e+01 2.02184574e+01]
 [2.58182713e+01 2.08055238e+01]
 [8.12972023e-01 4.41664531e+01]
 [7.79711709e+00 3.22085453e+01]
 [4.45625951e+01 1.40918550e+01]
 [9.29939777e+00 3.10579557e+01]
 [6.96871304e+01 8.40558730e+00]
 [2.47211051e+01 2.10275627e+01]
 [3.79945778e+01 1.59323796e+01]
 [8.62804999e+00 3.15900942e+01]
 [1.31969028e+01 2.76972815e+01]
 [2.76770048e+01 1.99347921e+01]
 [1.05494764e+01 2.98658082e+01]
 [2.77386830e+00 3.89277638e+01]
 [4.67663491e+01 1.33526234e+01]
 [2.37216027e+01 2.17945128e+01]
 [4.21620745e+01 1.46265005e+01]
 [3.75361146e+00 3.72747338e+01]
 [5.38580768e+01 1.16485177e+01]
 [6.96135576e+01 8.42397176e+00]
 [3.26021873e+01 1.77876950e+01]
 [3.27101692e+01 1.77589149e+01]
 [6.69472696e-01 4.43855977e+01]
 [6.19972321e+01 9.84814066e+00]
 [4.36200547e+01 1.42090573e+01]
 [9.93069523e+00 3.03229485e+01]
 [2.01433004e+01 2.34647007e+01]
 [8.03615395e+00 3.20563329e+01]
 [2.67017950e+01 2.01768209e+01]
 [8.00178466e+01 6.93459023e+00]
 [3.27223694e+01 1.77416075e+01]
 [2.11086757e+01 2.28052078e+01]
 [6.17650253e+00 3.41270149e+01]
 [4.77543919e+01 1.30866098e+01]
 [1.17630154e+02 4.29212872e+00]
 [3.67296204e+01 1.63714337e+01]
 [1.17839616e+02 4.25683499e+00]
 [5.51239958e+01 1.13173982e+01]
 [1.08397534e+01 2.94325262e+01]
 [2.45711638e+01 2.10952513e+01]
 [4.42090256e+00 3.65022642e+01]
 [8.13366031e+01 6.76694558e+00]
 [1.06694335e+02 4.81925258e+00]
 [6.35495474e+00 3.37781035e+01]
 [2.25414432e+01 2.24735781e+01]
 [1.67415188e+01 2.53464584e+01]
 [5.47531845e+01 1.14014753e+01]
 [1.51074210e+01 2.64638213e+01]
 [3.76984825e+01 1.60092238e+01]
 [5.33847148e+01 1.16845531e+01]
 [7.03062101e+00 3.30085978e+01]
 [1.63138894e+01 2.59202544e+01]
 [3.20522318e+00 3.81547362e+01]
 [6.98860141e+01 8.37392720e+00]
 [7.66891861e+01 7.39774126e+00]
 [1.27480177e+01 2.80812071e+01]
 [6.24482232e+01 9.75280219e+00]
 [2.62315858e+01 2.04721442e+01]
 [7.36070490e+01 7.78659660e+00]
 [2.89521093e+00 3.88972693e+01]
 [1.06874535e+01 2.95869664e+01]
 [8.29001819e+01 6.49435900e+00]
 [3.34570541e+01 1.76227743e+01]
 [3.56657000e+01 1.67192103e+01]
 [6.20679055e+01 9.81280979e+00]
 [2.49644762e+01 2.09400346e+01]
 [1.38221804e+00 4.21930559e+01]
 [4.55288482e+01 1.36926404e+01]
 [1.31135489e+00 4.22589982e+01]
 [1.29121840e+01 2.79300963e+01]
 [4.60681621e+01 1.36742501e+01]
 [1.09532962e+02 4.71344544e+00]
 [6.55110279e+01 9.18142297e+00]
 [1.96757943e+01 2.35808612e+01]
 [9.03478580e+01 5.94711595e+00]
 [5.68705365e+01 1.08934863e+01]
 [6.72314868e+00 3.35153098e+01]
 [9.68139475e-02 4.78334097e+01]
 [7.85472788e+01 7.04397611e+00]
 [8.20766357e-01 4.38116851e+01]
 [3.27370947e+01 1.77405087e+01]
 [1.11902718e+01 2.91889597e+01]
 [4.34613205e+00 3.68917268e+01]
 [7.26486058e+01 7.90935439e+00]
 [3.75578738e+01 1.61082206e+01]
 [1.21143584e+00 4.30392269e+01]
 [6.13720909e+01 9.97053777e+00]
 [6.58692472e+01 9.10191354e+00]
 [5.20868150e+01 1.20472931e+01]
 [1.77706314e+01 2.49413917e+01]
 [4.12169500e+01 1.49763459e+01]
 [9.49204927e+00 3.05887266e+01]
 [6.11186556e+01 1.01654363e+01]
 [1.00588802e+00 4.31617237e+01]
 [5.77957059e+01 1.07986532e+01]
 [3.95941560e+01 1.54543913e+01]
 [5.39215387e+01 1.15583204e+01]
 [1.65163166e+00 4.13331787e+01]
 [3.90306673e-01 4.57863252e+01]
 [3.35726832e+01 1.74497633e+01]
 [1.45767431e+01 2.66679615e+01]
 [9.37858433e+01 5.44644585e+00]
 [1.03051689e+02 4.86897300e+00]
 [3.88441898e+01 1.56460592e+01]
 [6.74887964e+01 8.78831759e+00]
 [1.08285260e+02 4.79189449e+00]
 [2.50602038e+01 2.08714877e+01]
 [1.65731178e+01 2.55441649e+01]
 [1.79478342e+01 2.48511583e+01]
 [7.53570824e+01 7.50430841e+00]
 [3.52920077e+01 1.68170377e+01]
 [9.65803287e+00 3.05653612e+01]
 [5.21730733e+01 1.20285154e+01]
 [5.66176404e+01 1.10369960e+01]
 [4.26213232e+01 1.45314406e+01]
 [7.12264740e+01 8.17029277e+00]
 [5.46065248e+01 1.14371870e+01]
 [1.82105969e+01 2.43783202e+01]
 [1.88215042e+01 2.41861938e+01]
 [3.88076669e+01 1.57119780e+01]
 [5.77033289e+00 3.44704094e+01]
 [2.17152499e+00 4.09452531e+01]
 [2.25961914e+00 4.01919360e+01]
 [1.30764657e+01 2.78707198e+01]
 [8.91808061e+01 6.01779166e+00]
 [9.98581444e+01 5.12570493e+00]
 [1.30628959e+02 4.13529236e+00]
 [8.73177475e+01 6.04297052e+00]
 [7.90052785e-03 4.95079282e+01]
 [8.34737220e+01 6.42838188e+00]
 [4.48111632e+01 1.38832116e+01]
 [2.81038731e+01 1.96131605e+01]
 [2.59619706e+01 2.06460919e+01]
 [1.39854675e+01 2.70612135e+01]
 [8.26132837e+01 6.62250653e+00]
 [6.85633344e+01 8.59183248e+00]
 [1.18203214e+01 2.86750212e+01]
 [3.20872539e+01 1.80552391e+01]
 [9.72453552e+01 5.25261643e+00]
 [2.07446784e+01 2.29800551e+01]
 [7.02734347e+01 8.29621498e+00]
 [2.74641066e+00 3.89682247e+01]
 [1.91894144e+01 2.38225898e+01]
 [9.47730948e+00 3.06585623e+01]
 [4.91698382e+01 1.30015046e+01]
 [1.89659568e+01 2.41003525e+01]
 [2.32534256e+01 2.18625068e+01]
 [1.14811103e+02 4.34612241e+00]
 [2.28959796e+01 2.21614224e+01]
 [1.44340075e+01 2.70107441e+01]
 [1.45694743e+01 2.67740434e+01]
 [6.17601407e+01 9.89105952e+00]
 [8.29141088e+00 3.17977312e+01]
 [5.28793739e+00 3.52060333e+01]
 [1.23558406e+00 4.25826326e+01]
 [2.46590225e+01 2.10748868e+01]
 [4.43499564e+01 1.41187958e+01]
 [5.92179304e+01 1.03904433e+01]
 [5.87260627e+01 1.05192085e+01]
 [4.08162822e+01 1.50290402e+01]
 [5.20511844e+01 1.22461092e+01]
 [8.23005061e+01 6.68988515e+00]
 [6.34859136e-01 4.46281973e+01]
 [3.17278297e+01 1.82985753e+01]
 [4.02812768e+01 1.52005186e+01]
 [9.34538848e+00 3.07199886e+01]
 [5.20270645e+00 3.52664521e+01]
 [7.39792935e+01 7.71963085e+00]
 [1.72797074e+01 2.50066754e+01]
 [2.42945377e+01 2.13439392e+01]
 [3.81900543e+01 1.58623639e+01]
 [2.98578661e+01 1.88366478e+01]
 [4.81291069e+00 3.58666536e+01]
 [1.01296529e+02 4.99615958e+00]
 [7.89527138e+00 3.22024212e+01]
 [4.35011750e+01 1.42596210e+01]
 [3.30727369e+01 1.76589755e+01]
 [2.83331774e+01 1.95423273e+01]
 [2.12895974e-01 4.69672214e+01]
 [3.50501342e+01 1.70546382e+01]
 [1.13994752e+02 4.57003111e+00]
 [2.68631982e+01 2.01303432e+01]
 [3.27579980e+00 3.80969006e+01]
 [6.56926126e+01 9.11145811e+00]
 [2.89768177e+01 1.91840002e+01]
 [9.17445554e+01 5.64166876e+00]
 [3.93410584e+00 3.72426351e+01]
 [6.29898992e+01 9.75045439e+00]
 [4.01934179e-02 4.86594944e+01]
 [2.74941177e-01 4.66487278e+01]
 [3.09403315e-01 4.61554510e+01]
 [9.57289123e-01 4.34551848e+01]
 [8.54760017e+01 6.25013101e+00]
 [4.20350611e+01 1.46641337e+01]
 [3.90573174e+01 1.56312364e+01]
 [6.44165359e+01 9.35670561e+00]
 [9.05324386e+01 5.73870332e+00]
 [5.00152553e+01 1.27861180e+01]
 [1.09620918e+02 4.64723478e+00]
 [2.29529203e+01 2.20754313e+01]
 [1.38335419e+01 2.74512997e+01]]
