[[3.60699608e+01 1.65566552e+01]
 [7.76812641e+00 3.22621992e+01]
 [3.44753316e+01 1.71025222e+01]
 [2.86511655e+01 1.95368564e+01]
 [3.38364045e+00 3.78835185e+01]
 [7.01718697e+00 3.32064912e+01]
 [3.22853364e+01 1.82240390e+01]
 [2.06701379e+01 2.30235463e+01]
 [8.35413583e+01 6.42080819e+00]
 [6.42545421e-02 4.82357273e+01]
 [5.60857909e+01 1.11194220e+01]
 [6.81555654e+01 8.66305532e+00]
 [8.89085385e-01 4.35860832e+01]
 [6.14466549e-01 4.47011988e+01]
 [5.83176055e+01 1.06016468e+01]
 [7.04643053e+01 8.30666886e+00]
 [7.07409588e+00 3.29968040e+01]
 [6.16784942e+01 9.95395502e+00]
 [4.22734344e+01 1.46637253e+01]
 [5.10129214e+01 1.23026655e+01]
 [4.83307391e+01 1.30055861e+01]
 [3.09838326e+01 1.84529702e+01]
 [9.65869014e+01 5.29510110e+00]
 [3.17043014e+01 1.83835391e+01]
 [5.39452017e+01 1.18097581e+01]
 [7.47103428e+00 3.27839613e+01]
 [1.93888691e-01 4.71300901e+01]
 [3.56757064e+01 1.67682477e+01]
 [3.01435576e+00 3.87437753e+01]
 [4.66951383e+00 3.58988353e+01]
 [5.69893656e+01 1.08917859e+01]
 [2.62542348e+00 3.94629533e+01]
 [6.83382844e+01 8.64617576e+00]
 [4.34026601e+01 1.43443386e+01]
 [2.13531304e+01 2.26859973e+01]
 [4.18005687e+01 1.50087135e+01]
 [5.00504672e+01 1.25116603e+01]
 [1.88251444e+01 2.41843976e+01]
 [5.13824242e-01 4.54694508e+01]
 [6.68551683e+01 8.89848847e+00]
 [6.58947050e+00 3.37646831e+01]
 [6.88911812e+01 8.55264840e+00]
 [1.13626824e+01 2.90713575e+01]
 [9.95212246e+01 5.09327176e+00]
 [3.73031489e+01 1.61630232e+01]
 [9.68325169e+01 5.25335971e+00]
 [2.40796988e+01 2.13321134e+01]
 [2.04463628e+01 2.31423645e+01]
 [6.55964873e+01 9.12939902e+00]
 [5.16859019e-02 4.84674637e+01]
 [6.82004535e+01 8.65512056e+00]
 [4.42167013e-02 4.86744570e+01]
 [5.41514079e+01 1.17449126e+01]
 [4.87735003e+01 1.29156715e+01]
 [4.03296258e-01 4.56424158e+01]
 [1.09405540e+01 2.96374195e+01]
 [5.03742745e+01 1.25089978e+01]
 [4.39523583e+01 1.41114298e+01]
 [3.06060510e+01 1.87946947e+01]
 [6.09661736e+01 1.00872156e+01]
 [2.34489045e+01 2.16271484e+01]
 [6.68923966e+00 3.34693887e+01]
 [2.89028556e+01 1.93613084e+01]
 [7.33919639e+01 7.77602562e+00]
 [3.43299617e+01 1.71838192e+01]
 [2.60273536e+01 2.04493311e+01]
 [3.79958078e+00 3.71845259e+01]
 [7.98461170e+01 6.92351965e+00]
 [1.69716942e+01 2.51331095e+01]
 [1.96360069e+01 2.35819483e+01]
 [2.93663313e+01 1.91793876e+01]
 [1.36336239e+01 2.75822360e+01]
 [7.12053438e+01 8.14046072e+00]
 [8.12610007e+01 6.68596015e+00]
 [9.25483015e+00 3.09741186e+01]
 [7.79704199e+00 3.22082820e+01]
 [5.92025242e+01 1.04581028e+01]
 [1.00598453e+01 3.00883494e+01]
 [7.39305889e+01 7.70250726e+00]
 [3.44566456e+00 3.78180424e+01]
 [7.54226340e+01 7.67409734e+00]
 [1.98751015e+00 4.05399369e+01]
 [9.73875284e+00 3.04690089e+01]
 [7.94354812e+00 3.21759869e+01]
 [2.17932497e+01 2.24595333e+01]
 [6.49229473e+01 9.33407355e+00]
 [1.31627230e+01 2.79769391e+01]
 [5.54503260e+01 1.14662160e+01]
 [7.47024540e+01 7.69378426e+00]
 [4.50289494e+01 1.38227210e+01]
 [5.43125590e+01 1.14671228e+01]
 [1.63673715e+01 2.56104896e+01]
 [1.16573847e+02 4.28580798e+00]
 [3.51526274e+01 1.69714915e+01]
 [4.49862831e+00 3.62440307e+01]
 [3.38117965e+01 1.74323232e+01]
 [1.27235189e+01 2.81580330e+01]
 [2.76190606e+01 1.99808083e+01]
 [2.49654368e+01 2.09261130e+01]
 [2.54491163e+01 2.07529907e+01]
 [8.33742865e+01 6.44892197e+00]
 [4.15201268e+01 1.50394215e+01]
 [3.32035142e+00 3.81967913e+01]
 [4.54190685e+01 1.38185379e+01]
 [7.24579127e+01 7.93575300e+00]
 [1.79313630e+01 2.45977106e+01]
 [2.94369101e+01 1.90690907e+01]
 [6.16789818e+00 3.40673766e+01]
 [1.47624763e+01 2.65659237e+01]
 [5.03256805e+00 3.53963523e+01]
 [4.60100787e+01 1.35435573e+01]
 [7.15451022e+01 8.11876038e+00]
 [2.23878251e-01 4.70316438e+01]
 [3.67558743e+01 1.64946683e+01]
 [9.45769128e+00 3.06195372e+01]
 [4.78468066e+01 1.30526053e+01]
 [1.33325600e+01 2.76475387e+01]
 [1.68611053e+00 4.13541700e+01]
 [9.43687627e+00 3.06560939e+01]
 [2.36614382e-01 4.66990054e+01]
 [1.33985678e+02 4.02608709e+00]
 [6.80341906e+01 8.85382331e+00]
 [6.85552216e+01 8.59273555e+00]
 [1.20707488e+02 4.19237882e+00]
 [9.95870808e+00 3.02508314e+01]
 [5.16676776e+01 1.21160615e+01]
 [1.31706586e+02 4.05113991e+00]
 [1.78706472e+00 4.10243218e+01]
 [4.82504476e+00 3.58353923e+01]
 [3.47623548e+01 1.70218107e+01]
 [1.06010270e+02 4.78239342e+00]
 [3.54818528e+01 1.68316481e+01]
 [8.29761919e+01 6.48257125e+00]
 [5.18221541e-01 4.54298863e+01]
 [9.95608552e+01 5.04767280e+00]
 [3.96589010e+01 1.53905762e+01]
 [2.03199599e+01 2.33692427e+01]
 [3.25063021e+01 1.81115920e+01]
 [3.85602304e+01 1.57368348e+01]
 [2.19155819e+01 2.23844520e+01]
 [1.04834868e+01 2.97431045e+01]
 [7.37257855e+00 3.28710686e+01]
 [4.39558469e+01 1.41090423e+01]
 [4.65454111e+00 3.61545844e+01]
 [6.19520466e+01 9.89610701e+00]
 [3.93298093e+01 1.57209440e+01]
 [2.81498743e+01 1.97455593e+01]
 [1.14175243e+02 4.34365508e+00]
 [3.69824275e+01 1.62442026e+01]
 [6.64984408e+01 8.96501894e+00]
 [2.44941157e+01 2.11278412e+01]
 [4.86313843e+00 3.56688527e+01]
 [9.04023673e-01 4.35281246e+01]
 [2.99218458e+01 1.88493761e+01]
 [1.22037910e+01 2.86220200e+01]
 [1.37712895e+01 2.74737018e+01]
 [2.12121837e+01 2.27717471e+01]
 [5.88986893e+00 3.43117873e+01]
 [2.04453234e+01 2.31429313e+01]
 [2.40431967e+01 2.13852227e+01]
 [1.07231734e+02 4.63518648e+00]
 [3.86178675e+00 3.70704718e+01]
 [8.57185461e+00 3.15394035e+01]
 [2.67213847e+01 2.04363755e+01]
 [5.89396239e+01 1.04990294e+01]
 [3.02654335e+01 1.88050388e+01]
 [1.17802503e+01 2.87109221e+01]
 [4.28679756e+01 1.44838336e+01]
 [4.64722271e+01 1.34615258e+01]
 [1.55697223e+00 4.16410679e+01]
 [8.08926328e+01 6.74216216e+00]
 [3.43373739e-02 4.88130931e+01]
 [4.71326232e+01 1.32564976e+01]
 [1.15865870e+02 4.30911139e+00]
 [1.79509182e+01 2.45319719e+01]
 [9.20414445e+01 5.64702108e+00]
 [7.75389079e+01 7.29782947e+00]
 [1.01186179e+02 5.02172718e+00]
 [5.97274924e+01 1.02992679e+01]
 [4.37244394e+01 1.41768271e+01]
 [6.95991082e+01 8.43465572e+00]
 [2.18714134e+00 4.01326622e+01]
 [1.22082897e+01 2.85498400e+01]
 [1.12803076e+02 4.39015951e+00]
 [1.46602978e+01 2.66406192e+01]
 [2.81849119e+01 1.96956437e+01]
 [3.88283765e+00 3.70687173e+01]
 [1.09712795e+02 4.52505019e+00]
 [6.81388065e+01 8.77016389e+00]
 [7.19852668e+01 8.01887696e+00]
 [2.07942867e+01 2.30028456e+01]
 [5.61469927e+01 1.10523337e+01]
 [5.74103484e+01 1.08700208e+01]
 [1.17951063e+02 4.24895937e+00]
 [8.78459662e+00 3.13599075e+01]
 [1.31929482e+01 2.76752123e+01]
 [4.37590984e+01 1.41765701e+01]
 [6.24797700e+00 3.38881234e+01]
 [2.24889814e+01 2.21895629e+01]
 [3.98573525e+01 1.53271726e+01]
 [2.58202335e+01 2.05337017e+01]
 [1.68273541e+01 2.52733455e+01]
 [9.71731256e+01 5.20170568e+00]
 [8.63954630e+01 6.29493727e+00]
 [1.38583329e+00 4.26660949e+01]
 [1.33211633e+00 4.28520923e+01]
 [4.34612105e+00 3.63453561e+01]
 [6.16479255e-01 4.46153394e+01]
 [1.54812195e+01 2.62432865e+01]
 [3.73633696e-01 4.57813928e+01]
 [4.08005658e+00 3.68616436e+01]
 [4.57558896e+01 1.36120277e+01]
 [2.22041790e+00 4.00466905e+01]
 [6.71590249e+01 8.86259187e+00]
 [4.93721131e+01 1.26820291e+01]
 [1.03615289e+02 4.81590806e+00]
 [8.87877524e+01 6.01036782e+00]
 [3.30579332e+01 1.76094245e+01]
 [1.38985813e+01 2.71189618e+01]
 [1.01421636e+02 4.98146818e+00]
 [3.33914757e-01 4.65169414e+01]
 [7.10578120e+01 8.16874987e+00]
 [1.77359044e+01 2.47437888e+01]
 [5.81995194e+00 3.53402060e+01]
 [4.77274064e+01 1.30848887e+01]
 [5.03902249e+01 1.24726421e+01]
 [1.95031829e+01 2.36483280e+01]
 [1.81425286e+01 2.44172223e+01]
 [3.94035521e+01 1.54644280e+01]
 [6.19388380e+01 9.91452924e+00]
 [3.59625745e-02 4.87903483e+01]
 [7.53117146e-01 4.41773959e+01]
 [2.82866239e+01 1.96250614e+01]
 [5.90581802e+00 3.42924801e+01]
 [6.11692833e+00 3.42484625e+01]
 [3.18051798e+00 3.83359484e+01]
 [5.75815611e+01 1.07551878e+01]
 [9.01661097e+01 5.80032086e+00]
 [2.70192457e+01 2.00122408e+01]
 [1.02312983e+01 3.00391603e+01]
 [5.26346390e+01 1.18627107e+01]
 [5.84150102e+00 3.44109787e+01]
 [4.95137081e+01 1.26459818e+01]
 [6.27632968e+01 9.67796042e+00]
 [7.79906149e+01 7.18292105e+00]
 [1.89507068e+01 2.39557768e+01]
 [8.13236905e-01 4.40659824e+01]
 [5.77405556e+01 1.07055979e+01]
 [2.76581761e+01 1.98719504e+01]
 [8.44738851e+00 3.19918831e+01]
 [7.64108401e+01 7.44073080e+00]
 [1.37077628e+01 2.75295753e+01]
 [1.18105006e+02 4.22792239e+00]
 [4.13624820e+01 1.50938754e+01]
 [1.02258672e+02 4.88618146e+00]
 [2.43585819e+01 2.11912932e+01]
 [6.35779085e+01 9.51984249e+00]
 [5.10919583e+01 1.22437558e+01]
 [1.76924743e-01 4.73234722e+01]
 [8.09274983e+01 6.73626580e+00]
 [1.07611021e+02 4.59514289e+00]
 [1.01902447e+00 4.34645751e+01]
 [1.15959128e+02 4.29348946e+00]
 [2.14611738e-01 4.70382603e+01]
 [7.68862618e+01 7.35753506e+00]
 [1.44453258e+01 2.67556334e+01]
 [3.67709812e+01 1.64903359e+01]
 [1.32857441e+02 4.04384279e+00]
 [1.66294702e-01 4.77335685e+01]
 [6.03988834e+01 1.01546815e+01]
 [1.87018216e+01 2.42665039e+01]
 [4.66394145e+01 1.34370244e+01]
 [9.54582486e+01 5.59966630e+00]
 [7.92176238e+01 7.06730976e+00]
 [4.59630203e+01 1.35557312e+01]
 [9.11819989e+01 5.71742994e+00]
 [3.08180218e+00 3.86270188e+01]
 [6.08159998e+01 1.00990382e+01]
 [6.53331142e+01 9.30037587e+00]
 [2.60342647e+01 2.04388136e+01]
 [1.26960520e+01 2.82280542e+01]
 [4.21362923e+00 3.65401724e+01]
 [8.74724491e+01 6.12997453e+00]
 [1.98206076e+01 2.34751777e+01]
 [1.70962196e+00 4.12344216e+01]
 [4.02150004e+01 1.52538935e+01]
 [7.72024963e+00 3.23081200e+01]
 [5.28177035e+01 1.18181670e+01]]
