[[1.86260211e-03 3.45560727e-03 1.79353495e+00]
 [4.30247271e-03 9.73802078e-03 2.35560178e+00]
 [5.41559379e-03 9.74740371e-03 2.27320880e+00]
 [3.66543097e-03 8.62346253e-03 2.38535544e+00]
 [3.81016124e-03 7.49858311e-03 2.02228296e+00]
 [5.40951805e-03 9.59434321e-03 2.60792178e+00]
 [2.74119775e-03 5.60529991e-03 2.34345957e+00]
 [4.44117107e-03 8.28135361e-03 1.85269631e+00]
 [4.32981507e-03 9.09311989e-03 2.21095800e+00]
 [1.15103041e-03 2.27001165e-03 2.19196477e+00]
 [3.72748802e-03 7.10354578e-03 1.91128685e+00]
 [6.05212895e-03 9.90406197e-03 2.54783250e+00]
 [1.01581476e-03 2.25806922e-03 2.94264094e+00]
 [4.06288428e-03 7.43749196e-03 1.57597376e+00]
 [4.79737567e-03 9.46676679e-03 2.10686741e+00]
 [8.48018217e-04 2.02463036e-03 2.70847595e+00]
 [9.04097157e-04 1.28975984e-03 1.21052505e+00]
 [6.19392166e-03 9.80699036e-03 2.28692504e+00]
 [2.72400850e-03 5.98788918e-03 2.74616699e+00]
 [2.37214058e-03 5.39490891e-03 2.49856157e+00]
 [1.08067485e-03 1.91272052e-03 1.77409247e+00]
 [2.78504172e-03 6.14781891e-03 2.33033671e+00]
 [1.55528584e-03 3.17817550e-03 1.68796635e+00]
 [6.56219990e-04 1.80729214e-03 2.38861388e+00]
 [1.84748152e-03 4.30973654e-03 2.74649084e+00]
 [1.33014578e-03 3.08460103e-03 2.31248056e+00]
 [2.74119775e-03 5.63379876e-03 2.34345957e+00]
 [5.61786261e-03 9.83081423e-03 2.59297773e+00]
 [3.76998238e-03 7.72307043e-03 2.23078285e+00]
 [2.19153806e-03 4.28800693e-03 2.23688245e+00]
 [1.51074518e-03 3.55040553e-03 2.67326049e+00]
 [3.33883138e-03 7.96455675e-03 2.71999718e+00]
 [7.69604032e-04 1.35079158e-03 2.06629251e+00]
 [2.31703141e-03 4.07718393e-03 1.65640340e+00]
 [5.00292726e-03 9.61573391e-03 1.64722101e+00]
 [9.04832200e-04 2.26618731e-03 2.20134144e+00]
 [3.03419152e-03 6.10532646e-03 2.02701818e+00]
 [5.42616412e-03 8.98527928e-03 1.55010810e+00]
 [1.84748152e-03 4.30973654e-03 2.70427873e+00]
 [7.77098229e-03 9.82893771e-03 2.98761768e+00]
 [8.73718899e-04 1.93604840e-03 1.80166183e+00]
 [5.53833500e-03 9.84902821e-03 2.78454786e+00]
 [2.69927892e-03 5.08825153e-03 1.88772486e+00]
 [4.50461028e-03 7.81883436e-03 1.70535865e+00]
 [9.03794704e-03 9.90729202e-03 2.99704101e+00]
 [4.52216731e-03 8.85823117e-03 2.16219948e+00]
 [2.47703748e-03 5.39490891e-03 2.09808130e+00]
 [5.11948269e-03 9.42107733e-03 1.88063842e+00]
 [2.85130975e-03 4.45721129e-03 1.31228787e+00]
 [1.12177824e-03 2.08170074e-03 1.68796635e+00]
 [1.65144627e-03 4.05827822e-03 2.87667989e+00]
 [3.62363232e-03 8.34644212e-03 2.61843317e+00]
 [3.39204185e-03 5.55900211e-03 1.64952328e+00]
 [3.66292129e-03 7.54622225e-03 2.26892889e+00]
 [3.60142761e-03 6.74663982e-03 2.02458538e+00]
 [2.64801053e-03 5.16098999e-03 2.31560564e+00]
 [1.85973222e-03 3.42440641e-03 2.24627445e+00]
 [4.20819488e-03 8.33586876e-03 2.25299232e+00]
 [3.76246147e-03 8.19350255e-03 1.85269631e+00]
 [5.29945427e-04 1.13056242e-03 1.86297370e+00]
 [2.27309736e-03 5.56316787e-03 2.47778696e+00]
 [1.01775990e-03 2.39272240e-03 2.39363632e+00]
 [5.01923226e-03 9.73783538e-03 2.20943220e+00]
 [6.05212895e-03 9.90406197e-03 2.40791808e+00]
 [1.50739659e-03 2.47654248e-03 2.01276557e+00]]
