[[3.48169793e+01 4.74439831e-04]
 [1.74294278e+01 1.01683694e-03]
 [1.06038618e+01 1.71945608e-03]
 [3.13969639e+01 5.25105143e-04]
 [3.39176290e+01 5.24965147e-04]
 [2.70718229e+01 6.87704914e-04]
 [3.61209627e+01 4.55208050e-04]
 [1.17447313e+01 1.60101182e-03]
 [3.40121118e+01 5.23295332e-04]
 [1.03643132e+01 1.75981488e-03]
 [3.46708840e+01 4.89707367e-04]
 [3.65338257e+01 4.49886158e-04]
 [2.23288438e+01 7.56371727e-04]
 [1.14124940e+01 1.61327790e-03]
 [3.47222519e+01 4.78720176e-04]
 [6.49676847e+00 3.60574304e-03]
 [1.37045272e+01 1.34430423e-03]
 [8.12594839e+00 2.27643546e-03]
 [6.65488227e+00 3.27427482e-03]
 [1.73318952e+01 1.09200738e-03]
 [1.02819025e+01 1.78485308e-03]
 [4.30939485e+00 1.10162977e-02]
 [2.23132453e+01 7.58063175e-04]
 [7.21619456e+00 2.68015239e-03]
 [1.45467711e+01 1.23940341e-03]
 [1.28110168e+01 1.40420125e-03]
 [7.79730179e+00 2.38664326e-03]
 [1.66912772e+01 1.17928195e-03]
 [1.62503879e+01 1.19766102e-03]
 [9.73717529e+00 1.94839774e-03]
 [2.08373261e+01 9.32134844e-04]
 [1.70527980e+01 1.16359485e-03]
 [3.83752316e+01 4.40419882e-04]
 [6.62903728e+00 3.58413428e-03]
 [1.07172332e+01 1.71868396e-03]
 [9.52065853e+00 2.27628016e-03]
 [4.00092747e+00 1.20743536e-02]
 [5.81268682e+00 4.02115158e-03]
 [1.50405477e+01 1.22664165e-03]
 [1.73258044e+01 1.12514263e-03]
 [1.29545742e+01 1.34455450e-03]
 [2.04875536e+01 9.60861587e-04]
 [3.68080118e+01 4.46420073e-04]
 [4.79068350e+00 4.60340410e-03]
 [5.34039533e+01 4.40299363e-04]
 [7.38654149e+00 2.61298210e-03]
 [2.39966950e+01 7.10319782e-04]
 [1.42963195e+01 1.27614880e-03]
 [1.08487864e+01 1.68817076e-03]
 [2.85646429e+01 5.79096084e-04]
 [2.74788913e+01 6.75276111e-04]
 [1.26523069e+01 1.42061342e-03]
 [2.13267059e+01 8.58381658e-04]
 [1.86726394e+01 9.66649430e-04]
 [1.90877481e+01 9.61560470e-04]
 [2.66014675e+01 7.09169740e-04]]
