[[3.60699608e+01 1.65566552e+01]
 [7.76812641e+00 3.22621992e+01]
 [2.61940879e+01 2.05456462e+01]
 [3.44753316e+01 1.71025222e+01]
 [3.38364045e+00 3.78835185e+01]
 [7.01718697e+00 3.32064912e+01]
 [3.22853364e+01 1.82240390e+01]
 [2.06701379e+01 2.30235463e+01]
 [8.35413583e+01 6.42080819e+00]
 [6.42545421e-02 4.82357273e+01]
 [5.60857909e+01 1.11194220e+01]
 [6.81555654e+01 8.66305532e+00]
 [8.89085385e-01 4.35860832e+01]
 [1.59864835e+01 2.67843790e+01]
 [1.45298019e+01 2.68269711e+01]
 [6.31740452e+01 9.92629840e+00]
 [5.83176055e+01 1.06016468e+01]
 [7.04643053e+01 8.30666886e+00]
 [7.07409588e+00 3.29968040e+01]
 [6.16784942e+01 9.95395502e+00]
 [1.04976551e+01 2.98948891e+01]
 [5.10129214e+01 1.23026655e+01]
 [4.83307391e+01 1.30055861e+01]
 [3.09838326e+01 1.84529702e+01]
 [1.07577721e+02 5.06983686e+00]
 [9.65869014e+01 5.29510110e+00]
 [7.47103428e+00 3.27839613e+01]
 [1.93888691e-01 4.71300901e+01]
 [3.56757064e+01 1.67682477e+01]
 [3.01435576e+00 3.87437753e+01]
 [1.17329489e+02 4.34324222e+00]
 [4.66951383e+00 3.58988353e+01]
 [5.69893656e+01 1.08917859e+01]
 [2.62542348e+00 3.94629533e+01]
 [6.83382844e+01 8.64617576e+00]
 [4.34026601e+01 1.43443386e+01]
 [2.13531304e+01 2.26859973e+01]
 [4.18005687e+01 1.50087135e+01]
 [5.00504672e+01 1.25116603e+01]
 [1.88251444e+01 2.41843976e+01]
 [6.00929066e+00 3.48282781e+01]
 [5.13824242e-01 4.54694508e+01]
 [4.96488974e+01 1.29432400e+01]
 [4.03239394e+00 3.69383522e+01]
 [2.38404433e+01 2.15314788e+01]
 [4.75859928e+01 1.32989730e+01]
 [3.69837635e+01 1.63225093e+01]
 [8.64919865e+01 6.15676129e+00]
 [3.54154819e+01 1.70003975e+01]
 [3.36542071e+01 1.74010150e+01]
 [3.20537255e+00 3.81544643e+01]
 [4.94481916e+00 3.56141364e+01]
 [2.83518875e+01 1.95538827e+01]
 [1.27649019e+01 2.80997480e+01]
 [2.40538698e+01 2.14695150e+01]
 [6.48609556e+01 9.26874806e+00]
 [5.05834735e+01 1.23675360e+01]
 [3.43372301e+01 1.71514592e+01]
 [1.93779981e+01 2.37564183e+01]
 [5.01455835e+01 1.24796289e+01]
 [6.33070848e+01 9.61319687e+00]
 [5.40210633e+01 1.15365319e+01]
 [1.10958087e+01 2.96911065e+01]
 [6.83013424e+00 3.33587758e+01]
 [6.43486652e+01 9.37801384e+00]
 [1.71358718e+00 4.17938033e+01]
 [1.20306667e+01 2.85309140e+01]
 [7.44505565e+01 7.63696884e+00]
 [5.89411434e+01 1.05818184e+01]
 [4.67329773e+01 1.33736789e+01]
 [3.88029074e+01 1.58309290e+01]
 [3.01727971e+01 1.87087766e+01]
 [1.34130912e+00 4.22112876e+01]
 [4.93661976e-01 4.58807307e+01]
 [2.15113580e+01 2.25891640e+01]
 [7.93024178e+01 7.29668767e+00]
 [3.35921562e-01 4.59875418e+01]
 [5.79757966e+01 1.06536827e+01]
 [4.76391019e+01 1.32669915e+01]
 [9.12935351e+00 3.13889598e+01]
 [2.15758789e+01 2.25489721e+01]
 [2.66596827e+01 2.02184574e+01]
 [2.58182713e+01 2.08055238e+01]
 [8.12972023e-01 4.41664531e+01]
 [7.79711709e+00 3.22085453e+01]
 [9.29939777e+00 3.10579557e+01]
 [6.96871304e+01 8.40558730e+00]
 [2.47211051e+01 2.10275627e+01]
 [1.42926711e+01 2.71591155e+01]
 [3.79945778e+01 1.59323796e+01]
 [8.62804999e+00 3.15900942e+01]
 [6.34288930e+00 3.46317578e+01]
 [1.31969028e+01 2.76972815e+01]
 [1.41242585e+01 2.76082919e+01]
 [2.76770048e+01 1.99347921e+01]
 [1.05494764e+01 2.98658082e+01]
 [2.77386830e+00 3.89277638e+01]
 [4.67663491e+01 1.33526234e+01]
 [4.21620745e+01 1.46265005e+01]
 [3.75361146e+00 3.72747338e+01]
 [5.38580768e+01 1.16485177e+01]
 [6.96135576e+01 8.42397176e+00]
 [3.26021873e+01 1.77876950e+01]
 [8.02485554e+01 7.11869063e+00]
 [3.27101692e+01 1.77589149e+01]
 [6.91123586e+01 8.55038487e+00]
 [7.01730799e+01 8.31113849e+00]
 [3.91416147e+01 1.55467138e+01]
 [1.79816284e+01 2.45904349e+01]
 [5.32432904e+01 1.18283137e+01]
 [1.14352050e+02 4.60422727e+00]
 [6.91922583e-01 4.44418788e+01]
 [7.19408245e+01 8.01237546e+00]
 [2.02291111e+00 4.05086490e+01]
 [2.62728519e-01 4.64450476e+01]
 [4.13293070e+00 3.68514178e+01]
 [5.34718436e+01 1.16612434e+01]
 [4.50652135e+01 1.38072019e+01]
 [1.21033246e+01 2.84498708e+01]
 [1.02984042e+00 4.31941739e+01]
 [4.28413418e+00 3.64353428e+01]
 [6.06772742e+01 1.00926354e+01]
 [5.17815690e+01 1.20756660e+01]
 [5.00753781e+01 1.24841183e+01]
 [3.64208919e+01 1.64783257e+01]
 [9.05826760e+01 6.10585272e+00]
 [2.05031630e+01 2.31204647e+01]
 [2.08699861e+01 2.29201545e+01]
 [1.19158618e+01 2.86011782e+01]
 [3.60147008e+01 1.66956781e+01]
 [1.41624463e+00 4.19642958e+01]
 [2.18207191e+00 4.01005677e+01]
 [7.09630621e+01 8.18251721e+00]
 [7.32905725e+01 7.80331402e+00]
 [4.81591284e+01 1.31756947e+01]
 [8.26676053e+00 3.17404533e+01]
 [9.45371623e+01 5.39466132e+00]
 [1.17231862e+01 2.87901608e+01]
 [6.31763750e+01 9.65457962e+00]
 [2.33472252e+01 2.16885189e+01]
 [3.82412131e+01 1.58425496e+01]
 [2.84471547e+01 1.94515802e+01]
 [2.06981602e+01 2.30084143e+01]
 [5.75258620e+01 1.07942878e+01]
 [9.33200314e+00 3.08325459e+01]
 [8.12239000e+01 6.78044197e+00]
 [2.59266363e+01 2.05484558e+01]
 [5.02301758e+01 1.24516200e+01]
 [5.81499433e+01 1.06165031e+01]
 [8.20760404e+01 6.64906605e+00]
 [2.26320601e+01 2.20189924e+01]
 [7.56694727e+00 3.24422205e+01]
 [9.25791218e+01 5.55691182e+00]
 [1.34353080e+02 4.03959082e+00]
 [6.97033767e+01 8.39418374e+00]
 [1.78401663e+01 2.50834306e+01]
 [1.49374654e+00 4.18014025e+01]
 [1.07949598e+02 4.63817896e+00]
 [6.66254014e+00 3.34407807e+01]
 [7.55589974e+01 7.46759743e+00]
 [1.03984955e+01 2.99321574e+01]
 [4.47437159e+01 1.38934473e+01]
 [1.07490141e+02 5.20566558e+00]
 [2.63450246e+01 2.03446723e+01]
 [6.39281255e+01 9.44989725e+00]
 [7.15281448e+01 8.08229414e+00]
 [3.08784896e+01 1.84861507e+01]
 [2.08582641e+01 2.29272233e+01]
 [5.38474811e+00 3.49526921e+01]
 [3.34161481e+01 1.75691887e+01]
 [3.11148201e+01 1.83543845e+01]
 [6.03134514e-01 4.46721078e+01]
 [3.62661023e+01 1.65393812e+01]
 [1.31365877e+00 4.28878083e+01]
 [2.40096409e+01 2.15198208e+01]
 [2.44371103e+01 2.11650282e+01]
 [2.46280643e+00 3.95328105e+01]
 [4.14461174e+01 1.51269080e+01]
 [4.62948838e+01 1.36757059e+01]
 [2.20459605e+01 2.23876041e+01]
 [6.72362186e+01 8.83101169e+00]
 [4.42403942e+01 1.40527659e+01]
 [2.79104923e+01 1.98322129e+01]
 [6.55400054e+00 3.35405739e+01]
 [1.14497854e+02 4.49901580e+00]
 [1.65691813e+01 2.54229629e+01]
 [6.41797356e+00 3.45023504e+01]
 [2.80075637e+00 3.88962850e+01]
 [7.07626606e+01 8.22665443e+00]
 [5.51409653e+01 1.13285664e+01]
 [8.09644790e+01 7.06087778e+00]
 [5.98053655e+01 1.04274490e+01]
 [5.81160869e+01 1.06235551e+01]
 [2.94644857e+01 1.89896224e+01]
 [4.66915534e+01 1.36277416e+01]
 [3.47486867e-02 4.87167462e+01]
 [1.11436718e+01 2.93670429e+01]
 [6.08625888e+01 1.00852450e+01]
 [1.98470878e+01 2.36809556e+01]
 [9.71958864e+00 3.04232814e+01]
 [1.18007559e+02 4.22872224e+00]
 [7.08806385e+00 3.29804994e+01]
 [1.90623479e+00 4.10252285e+01]
 [9.01079506e+00 3.14319607e+01]
 [6.69833551e+01 8.87464557e+00]
 [1.92204601e+01 2.38287026e+01]
 [5.66829993e-01 4.54675550e+01]
 [1.14313468e+01 2.90166369e+01]
 [2.37792703e+00 3.97534641e+01]
 [1.11676406e+01 2.92855819e+01]
 [2.98639581e+01 1.89587340e+01]
 [4.96502056e+01 1.26972801e+01]
 [2.03794406e+01 2.36456789e+01]
 [3.55921740e+01 1.68106935e+01]
 [2.90069264e+01 1.91683270e+01]
 [5.58838689e+01 1.11690580e+01]
 [1.63517502e+01 2.60920824e+01]
 [6.03595574e+01 1.02082249e+01]
 [4.47163665e+01 1.39558484e+01]
 [3.46306371e+01 1.70624688e+01]
 [2.04636139e+01 2.32955439e+01]]
