[[-243.94647465   69.34504149]
 [ -61.36564476   28.18406252]
 [ -93.4012261    39.16544406]
 [ -85.97744628   29.88640308]
 [-107.34994703   41.66780508]
 [-144.57759718   44.28648324]
 [-179.81872349   47.67988669]
 [-209.03939233   48.73472272]
 [-237.06868786   57.68600947]
 [-212.77449901   49.61567538]
 [ -85.61959584   29.27792717]
 [ -61.48530027   28.68450244]
 [-238.74334855   63.62295488]
 [-126.94429254   42.76765228]
 [-233.35131706   50.90104807]
 [-159.99351639   45.44753601]
 [ -97.2029111    40.05496132]
 [-234.48041537   53.91620722]
 [-165.27172302   46.28971242]
 [-176.71584283   47.50628007]
 [-129.46889721   43.25472873]
 [-240.46490109   66.06474751]
 [-234.55777991   56.04153001]
 [-233.53717551   50.9587384 ]
 [-242.41536794   67.29006946]
 [-239.84207008   64.16195799]
 [-243.45332021   68.59592348]
 [-236.62613026   57.13630689]
 [-162.85395929   45.91478677]
 [-210.46100685   49.16518876]]
