[[0.62822678 4.53414591 9.09509548 1.55636897]
 [1.52433924 1.41875043 9.37709581 4.04857475]
 [1.4989948  1.86709885 9.70171865 3.74195519]
 [0.55867567 3.33434245 9.48881637 0.91937637]
 [1.18582585 2.56987231 9.60000241 1.2892189 ]
 [1.04256965 1.81511829 9.40087105 1.9611576 ]
 [0.454131   4.41948928 9.29574171 1.40800301]
 [1.25823323 1.90660622 9.63603167 2.93609384]
 [1.66742137 1.41875043 9.68611248 4.04857475]
 [0.78495559 3.2574651  9.63402015 3.52688504]
 [1.87387384 1.67403264 9.62550772 4.9679817 ]
 [1.25823323 1.90660622 9.53835442 3.91314123]
 [1.06890442 1.83571477 9.54443847 4.92495053]
 [2.17562722 0.40490823 9.6313486  2.8733474 ]
 [1.33951624 0.93245491 9.78806942 2.29318269]
 [0.62822678 4.53414591 9.24873339 1.55636897]
 [0.55867567 2.99673967 9.5819559  1.18206876]
 [0.95842679 8.36372373 9.89834368 4.70152094]
 [0.37331636 4.27441307 9.1026224  0.47574932]
 [1.23647351 2.35640218 9.86506049 3.76849083]
 [0.43379929 4.29799532 6.3226606  0.62734578]]
