[[0.62822678 4.53414591 9.09509548 1.55636897]
 [0.43379929 4.27441307 8.65190854 0.52291692]
 [1.4989948  1.86709885 9.70171865 3.74195519]
 [0.68705545 2.16016436 7.48043347 2.09160731]
 [0.39988626 3.82599585 9.95101799 0.53197811]
 [0.82111725 2.28844323 7.83962182 1.27972253]
 [0.68705545 1.64273223 9.69039822 2.09160731]
 [4.10707116 5.73585161 9.76229178 4.9853608 ]
 [1.36438273 0.96840086 9.44182808 2.61237116]
 [0.62822678 4.09808513 9.43871776 1.01100179]
 [1.52433924 1.40795633 9.37709581 4.04857475]
 [4.10886662 6.68517609 9.90688225 4.9853608 ]
 [1.54979594 1.590563   9.43421085 4.27216476]
 [1.60414517 4.05556535 9.74064057 4.95020603]
 [0.86148828 2.44932384 9.4407429  3.54361678]
 [1.61752567 2.56566953 9.82143429 4.57731078]
 [1.02688729 1.33241041 9.69039822 1.87239496]
 [1.57452264 1.01496941 9.55894205 4.75651248]
 [0.35396885 3.85579297 9.74741205 3.42927935]
 [0.91390188 4.1114046  9.76978807 1.15181237]
 [1.40793044 1.07848068 8.61772901 3.77897844]
 [1.68005678 1.263139   9.63388057 2.58191717]]
