[[4.04872573e+00 4.96829256e-03]
 [4.04182850e+01 4.39066709e-04]
 [2.92242918e+01 6.01887150e-04]
 [2.63160601e+01 6.58834543e-04]
 [1.05823569e+01 1.73595788e-03]
 [4.52941618e+00 4.41489922e-03]
 [4.86137851e+00 4.00002777e-03]
 [9.29655808e+00 1.96196614e-03]
 [5.41487636e+00 3.58785508e-03]
 [3.97077619e+01 4.39175599e-04]
 [1.89758872e+01 9.23846725e-04]
 [3.66731780e+01 4.60506611e-04]
 [4.46551868e+00 4.57468890e-03]
 [1.31886283e+01 1.32041509e-03]
 [8.84817228e+00 2.06663697e-03]
 [2.11074356e+01 8.60395024e-04]
 [3.38793839e+01 5.13761344e-04]
 [2.47120738e+01 7.09671412e-04]
 [3.18142463e+01 5.65344427e-04]
 [7.13197439e+00 2.66951727e-03]
 [6.05885275e+00 3.21050180e-03]
 [3.12613769e+01 5.74530233e-04]
 [5.01490929e+00 3.86472180e-03]
 [8.10149288e+00 2.23426547e-03]
 [8.04229825e+00 2.28794226e-03]
 [1.16152911e+01 1.58520818e-03]
 [6.73935279e+00 3.03544843e-03]
 [1.81183100e+01 9.56683378e-04]
 [5.86357326e+00 3.36509979e-03]
 [5.62227649e+00 3.43798961e-03]
 [4.25053361e+00 4.82383202e-03]
 [1.75112060e+01 1.02771565e-03]
 [3.49676886e+01 4.75563622e-04]
 [6.86268910e+00 2.82882323e-03]
 [7.64402862e+00 2.48816268e-03]
 [2.19273549e+01 7.69342462e-04]
 [1.51576242e+01 1.14577916e-03]
 [6.43913583e+00 3.06980687e-03]
 [7.60232522e+00 2.49451262e-03]
 [1.28358438e+01 1.47907550e-03]]
