[[5.49221200e-04 9.95635739e-04 1.93873091e+00]
 [6.34414821e-03 9.99992484e-03 2.87048584e+00]
 [4.19296783e-03 9.98564870e-03 2.88550054e+00]
 [6.34414821e-03 9.99746110e-03 2.87048584e+00]
 [6.01086588e-04 1.13549371e-03 2.30692322e+00]
 [5.90578685e-04 1.04560054e-03 2.50176233e+00]
 [5.90578685e-04 1.19956390e-03 2.51206810e+00]
 [5.49444421e-04 1.04045145e-03 2.38657380e+00]
 [8.01922737e-04 1.71904601e-03 2.00951694e+00]
 [7.93138271e-04 1.42487645e-03 1.74358333e+00]
 [5.49221200e-04 9.95635739e-04 2.27906823e+00]
 [7.33612432e-04 1.71602867e-03 2.86269233e+00]
 [3.59482473e-03 8.42593744e-03 2.27752552e+00]
 [4.44839049e-03 9.52410394e-03 2.13630647e+00]
 [3.47545389e-03 6.80698956e-03 1.94963693e+00]
 [9.33867176e-04 1.94098841e-03 2.14032277e+00]
 [3.59482473e-03 7.60584720e-03 2.39079879e+00]
 [1.10300730e-03 2.43295809e-03 2.61137422e+00]
 [2.76548786e-03 6.98380887e-03 2.64174352e+00]
 [3.59482473e-03 7.62658613e-03 2.16662705e+00]
 [2.09388969e-03 4.45439802e-03 2.04451546e+00]
 [7.91788126e-04 1.57584724e-03 1.95011306e+00]
 [1.10300730e-03 2.43295809e-03 2.12160167e+00]
 [2.66698491e-03 5.78688312e-03 2.30728900e+00]
 [4.28736412e-03 9.21449300e-03 1.97966927e+00]
 [1.54059429e-03 2.77919242e-03 1.73654244e+00]
 [6.86258389e-04 1.29830252e-03 2.09501433e+00]
 [2.21516492e-03 5.18574436e-03 1.94371600e+00]
 [8.02882900e-04 1.48420232e-03 1.93496201e+00]
 [9.46781319e-04 1.72756705e-03 1.81609251e+00]
 [2.72734111e-03 6.20032079e-03 2.38526501e+00]
 [6.86258389e-04 1.29239721e-03 2.09187674e+00]
 [4.28736412e-03 9.21449300e-03 2.12570619e+00]
 [1.54059429e-03 2.77919242e-03 1.93782233e+00]
 [4.19296783e-03 9.98564870e-03 2.76757480e+00]
 [2.79847924e-03 6.26034186e-03 2.49510199e+00]
 [2.76292862e-03 6.05304794e-03 2.30728900e+00]
 [2.89334658e-03 6.28403916e-03 1.89406583e+00]
 [1.73126978e-03 3.69369451e-03 2.31714958e+00]
 [5.57518850e-04 1.15667776e-03 2.52662041e+00]
 [7.91788126e-04 1.57584724e-03 1.89728661e+00]
 [1.34730057e-03 2.92674171e-03 2.38583857e+00]
 [1.07455761e-03 2.38551966e-03 2.40346840e+00]
 [1.20835223e-03 2.46084772e-03 2.01395782e+00]
 [1.91163910e-03 4.45439802e-03 2.14200741e+00]
 [2.50993392e-03 4.95981329e-03 1.93814443e+00]
 [1.12342572e-03 2.19134438e-03 2.18652033e+00]
 [3.49612870e-03 7.62658613e-03 2.14007410e+00]
 [9.42086432e-04 1.84070288e-03 1.83235174e+00]
 [7.48787304e-04 1.57584724e-03 1.86646499e+00]
 [1.84107075e-03 3.45285526e-03 2.01413248e+00]
 [4.19386247e-03 9.14690315e-03 2.47652759e+00]
 [9.42086432e-04 2.02320412e-03 1.85959459e+00]
 [8.02882900e-04 1.44239891e-03 1.94090467e+00]
 [2.09388969e-03 3.86549236e-03 2.04451546e+00]
 [1.35016396e-03 3.01039273e-03 2.38583857e+00]
 [2.80122948e-03 5.41014540e-03 1.89406583e+00]
 [4.38252689e-03 9.95424842e-03 2.52433052e+00]
 [1.38186614e-03 3.14338673e-03 2.39979875e+00]
 [1.01338660e-03 2.17430188e-03 2.12160167e+00]
 [1.80306179e-03 3.39096413e-03 1.96170081e+00]
 [8.02066542e-04 1.88966397e-03 2.66998987e+00]
 [1.88639825e-03 3.63323376e-03 2.07638277e+00]
 [3.97549063e-04 1.02532787e-03 2.76063927e+00]
 [1.01338660e-03 2.02349423e-03 2.11529840e+00]
 [4.19386247e-03 9.24838002e-03 2.47652759e+00]
 [2.21516492e-03 5.03348778e-03 2.06748476e+00]
 [4.46648815e-04 1.12228817e-03 2.29387072e+00]
 [1.93434283e-03 4.25269262e-03 2.06675185e+00]
 [3.94039407e-03 7.18071495e-03 1.92525765e+00]
 [4.59937940e-04 1.13549371e-03 2.85360670e+00]
 [1.18425396e-03 2.75614518e-03 2.59830076e+00]
 [9.46781319e-04 1.72756705e-03 1.87644523e+00]
 [2.91803617e-03 5.45440320e-03 1.89406583e+00]
 [4.21245916e-03 9.44471997e-03 2.52943622e+00]
 [1.01791336e-03 2.17430188e-03 2.04442193e+00]
 [4.35651874e-03 8.83685781e-03 2.12449838e+00]
 [1.86260211e-03 3.45560727e-03 1.73528827e+00]
 [1.18425396e-03 2.75614518e-03 2.58905790e+00]
 [1.01338660e-03 2.13111260e-03 2.23125687e+00]
 [2.50993392e-03 5.04175658e-03 2.04953315e+00]
 [2.50993392e-03 4.95981329e-03 2.02872985e+00]
 [1.10373667e-03 2.17430188e-03 2.09579356e+00]
 [1.67796531e-03 3.45285526e-03 1.91905300e+00]
 [4.26205942e-03 9.50368381e-03 2.58533512e+00]
 [1.73126978e-03 3.43596871e-03 2.31714958e+00]
 [4.14639104e-03 9.95424842e-03 2.71136947e+00]
 [2.50993392e-03 5.04867343e-03 2.15474272e+00]
 [2.78520306e-03 5.89142128e-03 1.96061638e+00]
 [4.14639104e-03 9.95424842e-03 2.70104445e+00]]
