[[1.34220733e-03 4.98125438e+01]
 [1.34988600e+02 4.00090471e+00]
 [1.12994826e+01 2.91016438e+01]
 [8.75355779e+00 3.12696196e+01]
 [2.36784655e+01 2.15124620e+01]
 [2.08799611e+01 2.29733157e+01]
 [2.43617077e+00 3.97446333e+01]
 [7.97160979e+00 3.20337898e+01]
 [4.48426573e+01 1.39093252e+01]
 [1.28138611e+02 4.04023395e+00]
 [6.53582193e+00 3.35612124e+01]
 [3.27052224e+00 3.80484723e+01]
 [7.91404169e+01 7.01386440e+00]
 [3.80157754e+01 1.61703488e+01]
 [1.12956981e+02 4.37672180e+00]
 [1.08175885e+02 4.56593945e+00]
 [7.06365876e+01 8.26923918e+00]
 [4.18980768e+01 1.48086089e+01]
 [6.69719080e+01 8.87612020e+00]
 [3.59079664e+01 1.67410189e+01]
 [5.61878672e+01 1.11423471e+01]
 [1.03139626e+02 4.81595259e+00]
 [3.06890579e+01 1.89039949e+01]
 [1.04786008e-01 4.77375430e+01]
 [2.37728795e-02 4.89158383e+01]
 [2.78339456e+01 1.98288584e+01]
 [5.17038707e+01 1.20813000e+01]
 [3.96533190e+01 1.53966282e+01]
 [3.27389512e+01 1.77566414e+01]
 [7.57731770e+01 7.43627677e+00]
 [5.42760069e+00 3.50239973e+01]
 [1.97266795e+01 2.35317760e+01]
 [1.32350105e+00 4.21998423e+01]
 [1.22632686e+02 4.12274242e+00]
 [1.06256511e+02 4.65504528e+00]
 [9.05694200e+01 5.90371805e+00]
 [3.43563159e+01 1.71524113e+01]
 [2.57393425e+01 2.05606672e+01]
 [6.05490463e+00 3.41500952e+01]
 [1.67766949e+01 2.52644345e+01]
 [9.85165818e+01 5.18205803e+00]
 [1.24208103e+01 2.82036847e+01]
 [4.69832441e+01 1.33242587e+01]
 [9.26140452e+01 5.53431243e+00]
 [1.47361581e+01 2.65432564e+01]
 [1.85132862e+01 2.42037440e+01]
 [8.29738580e-01 4.39886823e+01]
 [2.97637951e-01 4.62170420e+01]
 [1.90587290e+00 4.07166831e+01]
 [1.72300078e+00 4.11891968e+01]
 [9.57038609e+01 5.37238281e+00]
 [1.78384182e+01 2.45979238e+01]
 [5.00021841e+01 1.28217009e+01]
 [2.07736355e-01 4.68633208e+01]
 [8.44647611e+01 6.35439674e+00]
 [5.80757857e+01 1.06512693e+01]
 [6.02932646e+01 1.01680890e+01]
 [1.31005219e+02 4.01600550e+00]
 [8.19069740e+01 6.60044969e+00]
 [4.39304653e+00 3.63309638e+01]
 [5.38254285e+01 1.16738070e+01]
 [4.08363895e+00 3.72557155e+01]
 [6.30800601e+01 9.69843838e+00]
 [8.12841803e+01 6.67428747e+00]
 [5.42094011e+01 1.15619193e+01]
 [4.83817855e+00 3.57755107e+01]
 [4.66080055e+01 1.34339713e+01]
 [1.00618170e+02 4.96407241e+00]
 [6.53153890e-01 4.45500450e+01]
 [1.18813604e+02 4.20263587e+00]
 [1.19938547e+02 4.17582482e+00]
 [1.15560857e+02 4.29235204e+00]
 [6.61874779e+01 9.05406213e+00]
 [2.50779488e+01 2.09239297e+01]
 [5.88267928e+01 1.06062265e+01]
 [5.05874409e+01 1.26750304e+01]
 [9.42540281e+01 5.40178728e+00]
 [1.58624119e+01 2.58116911e+01]
 [7.18999275e+01 8.01981210e+00]
 [3.30298989e+01 1.76430076e+01]]
