[[2.08511002 2.16097348]
 [0.93130106 1.03668218]
 [1.98383737 1.6164502 ]
 [2.09597257 2.0556585 ]
 [2.08652401 1.67606949]
 [0.70193469 0.59430447]
 [1.05814058 0.79663998]
 [1.63322451 1.58117431]
 [3.45448459 2.99196855]
 [0.09940067 0.07863296]
 [2.76410989 2.52609268]
 [0.62086658 0.83755104]
 [2.92879636 2.90878724]
 [0.29958845 0.36403037]
 [0.22275939 0.32248239]
 [1.1992388  1.48130914]
 [2.62335155 2.77442391]
 [3.08389179 2.84704896]
 [1.95003857 1.457972  ]
 [0.88098128 0.99619072]
 [2.9100709  2.63649595]
 [2.16838174 2.42208159]
 [3.0235805  2.48653742]
 [1.42788141 1.76050002]
 [0.99284944 1.28010303]
 [2.63857323 2.40648325]
 [2.59505814 2.31265173]
 [2.07924359 1.8500552 ]
 [4.33304137 2.84941797]
 [1.29849197 0.7712079 ]
 [3.91374707 2.97141535]
 [2.96716225 2.53152129]
 [1.10716367 0.80121606]
 [0.09166321 0.20017499]
 [1.9742524  2.24081549]
 [0.72779116 0.47319021]
 [0.73396187 0.79289245]
 [2.58633799 2.74921756]
 [0.43741105 0.68192921]
 [2.85357926 2.99026028]
 [1.69354013 1.57168841]
 [2.42214223 2.57795342]
 [1.37059888 1.68158997]
 [0.13313942 0.33276111]
 [0.40264764 0.69510693]
 [0.79916825 0.60780638]
 [1.85077089 1.59209232]
 [2.01610236 2.27624079]
 [3.58464501 2.96197852]
 [1.87437972 2.31096758]
 [2.00932962 2.09192406]
 [0.60383592 0.66085196]
 [0.69177345 0.87043339]
 [1.72849411 2.02491481]
 [1.57382844 1.88056681]
 [2.86636136 2.82828773]
 [2.45772575 2.57010749]
 [2.09289013 2.0503947 ]
 [1.47644397 1.63236415]
 [2.43960746 2.56606924]
 [2.92674229 2.69461514]
 [2.57087522 2.62599818]
 [0.80755385 1.02732192]
 [2.14018735 1.79780927]
 [2.8968027  2.77411254]
 [0.26497271 0.59848664]
 [1.14602514 1.30165013]
 [1.91233729 1.40936712]
 [3.154796   2.94277103]
 [2.51754755 2.8977992 ]
 [2.49966186 2.33129469]
 [1.99609303 2.39088676]
 [1.90540746 1.97803481]
 [0.354592   0.45781196]
 [1.60513157 1.67373598]
 [0.19864353 0.21100032]
 [2.69824555 2.6857811 ]
 [1.26790875 0.82142911]
 [1.64180695 1.64269281]
 [1.93002006 1.71462628]
 [4.37062968 2.85340686]
 [1.55851459 2.00638982]
 [0.19929963 0.40437935]
 [0.967082   1.0069914 ]
 [1.96565536 1.58117431]
 [3.2616408  2.95971834]
 [1.19443663 1.55930431]
 [1.48800811 1.36923154]
 [0.418862   0.19257643]
 [2.36036097 2.3234318 ]
 [1.17654341 1.12952235]
 [0.73331633 0.39847799]
 [0.84970357 0.62478621]
 [3.17930692 2.90878724]
 [2.64984543 2.57914067]
 [1.15907889 1.20776783]
 [3.58660833 2.97141535]
 [2.02771857 2.37386878]
 [1.94038654 1.94153494]
 [1.27780984 1.25224948]
 [1.37059888 1.59168539]
 [3.75397674 2.94895881]
 [0.22275939 0.51276068]
 [3.41777567 2.96939751]
 [2.07924359 2.38445094]
 [1.41038076 1.06919548]
 [1.61760772 1.457972  ]
 [2.85357926 2.7903891 ]
 [1.46484188 0.65384159]
 [4.53197284 2.99825799]
 [0.62411272 0.77079091]
 [1.08780054 0.94409598]
 [1.02448169 1.23642847]
 [0.93968199 0.68370087]
 [2.58774906 2.55181916]
 [1.78006292 1.6033965 ]
 [4.17862444 2.85217094]
 [3.42191666 2.9573287 ]
 [1.81981987 2.03234954]
 [1.78117975 1.91856728]
 [2.27866775 2.16441362]
 [0.69953917 0.59430447]
 [1.22971346 1.34459567]
 [2.16082983 1.82847387]
 [0.45298846 0.71598668]
 [1.7479462  2.20082986]
 [2.65378848 2.31265173]
 [2.29217903 2.41188267]
 [1.50653308 1.09962929]
 [2.30612723 2.67977955]
 [2.04318613 2.33024894]
 [2.82021851 2.90878724]
 [0.09940067 0.24330092]
 [2.17652979 2.05395493]
 [2.8897824  2.56606924]
 [0.95664154 0.72141027]
 [2.5828095  2.76411951]
 [2.03714001 2.24081549]
 [2.92879636 2.97813903]
 [2.43264624 2.42138913]
 [2.05768469 2.07696785]
 [0.04427516 0.21100032]
 [1.29995563 1.44389713]
 [0.69237682 0.38932004]
 [1.87758971 2.04150673]
 [0.83132098 1.08600074]
 [2.33042722 2.31813633]
 [2.76911665 2.98405587]
 [3.58660833 2.95731244]
 [2.87854441 2.54674645]
 [4.15499255 2.89720083]
 [4.4527527  2.84809967]
 [2.16796164 2.61778101]
 [2.71015506 2.53503859]
 [4.77688846 2.99271411]
 [1.89215604 1.85297117]
 [1.50771415 1.40071759]
 [1.29995563 1.49135375]
 [1.31986513 1.201386  ]
 [1.58836173 1.35347617]
 [0.04052091 0.21119184]
 [1.90906642 1.80178801]
 [3.88911387 2.96582903]
 [1.58851605 1.35410529]
 [3.76938094 2.97481143]
 [2.74537013 2.84704896]
 [1.42718142 1.73600693]
 [3.1686913  2.99285454]
 [2.49857043 2.67693648]
 [3.13122039 2.85217094]
 [3.61471543 2.91037232]
 [1.52571264 1.35604651]
 [2.52259585 2.00233581]
 [1.07042716 1.38851736]
 [1.94103848 2.25917301]
 [1.2290887  1.42010142]
 [2.39308817 2.42208159]
 [1.22802173 0.82142911]
 [0.46788548 0.20831703]
 [2.00932962 2.08812938]
 [2.63695032 2.32171089]
 [2.36695469 2.55121071]
 [1.98618294 2.27563245]
 [1.53183917 1.42131806]
 [0.93066804 0.84414329]
 [1.26150302 1.30165013]
 [2.82021851 2.92398738]
 [0.26065739 0.32248239]
 [2.82909288 2.89253865]
 [0.60383592 0.41768722]
 [1.1098835  1.36331922]
 [2.26542334 2.83336153]
 [2.18074108 1.90420446]
 [0.72818195 0.507018  ]
 [1.45123857 1.63236415]
 [2.53147219 2.53087289]
 [0.95774789 0.78541493]
 [4.43204962 2.99825799]
 [1.92909987 2.1249089 ]
 [2.69301038 2.46429602]
 [2.07924359 2.3369943 ]
 [2.47066848 2.37269474]
 [0.28639011 0.163918  ]
 [1.08455707 0.94409598]
 [3.02739501 2.75716764]
 [1.6339245  1.58117431]
 [1.81076263 2.15260848]
 [0.62086658 0.71795011]
 [1.03970363 1.34992795]
 [1.96670859 2.24957493]
 [2.04318613 2.44429123]
 [1.57382844 1.78996049]
 [1.78006292 1.57441709]
 [3.25910636 2.77502444]
 [1.33244766 1.49875251]
 [1.65496983 1.85346556]
 [3.15574131 2.89954926]
 [3.48305979 2.93532108]
 [1.93002006 1.71450223]
 [0.88602916 0.83462199]
 [2.62887742 2.52276435]
 [0.91118118 0.91246128]
 [1.51484219 1.46974323]
 [0.35767189 0.14081656]
 [0.62953976 0.37587868]
 [2.25569693 2.48490849]
 [3.17887294 2.90573415]
 [0.73396187 0.8121087 ]
 [3.50859916 2.83694569]
 [2.07181049 2.16970872]
 [3.78020125 2.96957723]
 [1.16295186 1.26355814]
 [0.42522106 0.37001   ]
 [3.32621568 2.95727016]
 [2.10351884 2.03234954]
 [2.16796164 2.39689319]
 [2.59510918 2.95971834]
 [3.2616408  2.9221944 ]]
