[[1.86260211e-03 3.45560727e-03 1.79353495e+00]
 [4.30247271e-03 9.73802078e-03 2.35560178e+00]
 [3.81016124e-03 7.49858311e-03 2.02228296e+00]
 [2.74119775e-03 5.60529991e-03 2.34345957e+00]
 [4.44117107e-03 8.28135361e-03 1.85269631e+00]
 [4.32981507e-03 9.09311989e-03 2.21095800e+00]
 [3.33976011e-03 6.09051068e-03 2.18348704e+00]
 [1.98969904e-03 4.08637225e-03 1.77812393e+00]
 [3.04826147e-03 6.39126849e-03 1.84500800e+00]
 [2.99164963e-03 6.62925189e-03 2.28992919e+00]
 [3.95577537e-03 7.55463053e-03 1.98173014e+00]
 [4.27701598e-03 8.28135361e-03 1.93400459e+00]
 [3.98145508e-03 7.45626634e-03 1.81066139e+00]
 [2.04440927e-03 4.08637225e-03 1.77812393e+00]
 [4.59903800e-04 8.86088901e-04 2.34248817e+00]
 [2.85974478e-03 6.02275154e-03 2.18885453e+00]
 [4.18089914e-03 8.28135361e-03 1.91995326e+00]
 [1.98569888e-03 4.03098682e-03 2.37751940e+00]
 [3.94494486e-03 8.68200537e-03 2.13901253e+00]
 [1.87011854e-03 3.49959560e-03 1.79353495e+00]
 [4.16976306e-03 8.07698409e-03 2.02842134e+00]
 [1.86875150e-03 3.42440641e-03 1.52354160e+00]
 [3.57859833e-03 6.36834467e-03 1.97685426e+00]
 [1.51562026e-03 2.90070282e-03 1.88645829e+00]
 [1.41338679e-03 3.19332119e-03 2.35701940e+00]
 [1.51562026e-03 2.77392626e-03 1.85442993e+00]
 [2.72257909e-03 5.71211012e-03 2.34345957e+00]
 [1.85926385e-03 4.32300018e-03 2.80045224e+00]
 [4.22942332e-03 9.09933231e-03 2.13738440e+00]
 [1.56844743e-03 3.38958248e-03 2.55098968e+00]
 [1.05807573e-03 1.97600064e-03 1.68379278e+00]
 [1.03070115e-03 2.60721841e-03 2.56610514e+00]
 [7.46216109e-03 9.93196383e-03 2.88747837e+00]
 [7.00486059e-04 1.56889427e-03 2.50775238e+00]
 [6.08596279e-04 1.48808332e-03 1.88773705e+00]
 [4.68628585e-04 9.21788551e-04 2.34248817e+00]
 [6.71037311e-04 1.13320972e-03 1.64884442e+00]
 [2.03372544e-03 3.99406578e-03 2.02142703e+00]
 [1.30178025e-03 2.02367571e-03 1.63356920e+00]
 [1.68073547e-03 3.99406578e-03 2.56681280e+00]
 [8.74601131e-03 9.94190397e-03 2.90025389e+00]
 [6.96442540e-03 9.91232739e-03 2.88747837e+00]
 [1.51562026e-03 2.78743835e-03 1.85442993e+00]
 [4.30147863e-03 8.24009870e-03 1.84000043e+00]
 [9.64200955e-04 2.57241926e-03 2.37625404e+00]
 [6.92066392e-03 9.85638057e-03 2.86516441e+00]
 [3.59548463e-03 5.55696696e-03 1.59466276e+00]
 [3.95924576e-03 8.68200537e-03 2.17584883e+00]
 [3.40347465e-03 6.36834467e-03 1.52222837e+00]
 [1.01205133e-03 2.69598593e-03 2.49509607e+00]
 [2.99164963e-03 6.62925189e-03 1.78157718e+00]
 [4.59903800e-04 9.85357045e-04 2.34248817e+00]
 [1.71429255e-03 3.49959560e-03 1.79353495e+00]
 [1.85926385e-03 4.32300018e-03 2.82244358e+00]
 [2.31050351e-03 4.34249916e-03 2.00659640e+00]
 [6.86930483e-04 1.58524584e-03 2.89762380e+00]
 [2.53337071e-03 5.34845526e-03 1.85228028e+00]
 [1.30178025e-03 2.15653455e-03 1.52325364e+00]
 [3.92967157e-03 8.62718349e-03 2.26614864e+00]
 [3.17956455e-03 6.11856001e-03 2.01641078e+00]
 [1.06814026e-03 1.87723295e-03 2.10396017e+00]
 [1.46307420e-03 3.05453906e-03 1.97816749e+00]
 [5.14977136e-03 9.50739342e-03 1.68074402e+00]
 [4.99603914e-03 9.92885656e-03 1.91354564e+00]
 [1.30178025e-03 2.18218244e-03 1.73806483e+00]
 [4.50767182e-03 9.46763599e-03 2.41784183e+00]
 [3.16835430e-03 7.25255505e-03 2.28992919e+00]
 [7.00486059e-04 1.64050710e-03 2.50775238e+00]
 [1.63942880e-03 3.59187603e-03 2.19015515e+00]
 [2.53337071e-03 5.33196882e-03 1.89566548e+00]
 [2.03372544e-03 3.77862292e-03 2.02142703e+00]
 [6.92066392e-03 9.91381354e-03 2.86516441e+00]
 [3.83724480e-03 7.78954322e-03 2.04489990e+00]
 [4.57911488e-03 9.88653158e-03 2.69861141e+00]
 [6.85128833e-04 1.11722657e-03 2.67663519e+00]
 [2.60856456e-03 6.21962312e-03 2.17364370e+00]
 [6.84495082e-04 1.58524584e-03 2.23109022e+00]
 [3.06897634e-03 6.52598818e-03 2.30360466e+00]
 [4.09657522e-03 7.85761688e-03 1.86096543e+00]
 [3.33976011e-03 6.09051068e-03 2.18103306e+00]
 [3.21291470e-03 5.55696696e-03 1.58760342e+00]
 [1.30178025e-03 2.18218244e-03 1.72108966e+00]
 [7.31665288e-04 1.26190596e-03 2.39396209e+00]
 [4.27701598e-03 8.92393355e-03 2.05788022e+00]
 [1.51756888e-03 3.07040520e-03 2.22274126e+00]
 [4.46454103e-03 8.29335818e-03 1.71566242e+00]
 [6.97231214e-04 1.60576333e-03 2.89750760e+00]
 [4.41760469e-03 8.68200537e-03 2.13901253e+00]
 [5.13721188e-03 9.51089611e-03 1.68727047e+00]
 [2.29326973e-03 4.44576287e-03 1.97756773e+00]
 [1.02168332e-03 2.09860676e-03 2.34346567e+00]
 [4.13945373e-03 9.88861089e-03 2.49804885e+00]
 [5.04100317e-03 9.66678016e-03 2.20761697e+00]
 [1.83842545e-03 3.49959560e-03 1.80059429e+00]
 [4.33284487e-03 8.31044679e-03 2.00707586e+00]
 [1.51429183e-03 3.19332119e-03 2.32511172e+00]
 [4.34922874e-03 9.91743351e-03 2.48928507e+00]]
