[[1.86260211e-03 3.45560727e-03 1.79353495e+00]
 [4.30247271e-03 9.73802078e-03 2.35560178e+00]
 [1.98569888e-03 4.26701009e-03 1.68669248e+00]
 [3.66543097e-03 8.62346253e-03 2.38535544e+00]
 [3.81016124e-03 7.49858311e-03 2.02228296e+00]
 [4.28768775e-03 8.24009870e-03 2.25299232e+00]
 [2.74119775e-03 5.60529991e-03 2.34345957e+00]
 [4.44117107e-03 8.28135361e-03 1.85269631e+00]
 [4.32981507e-03 9.09311989e-03 2.21095800e+00]
 [1.15103041e-03 2.27001165e-03 2.19196477e+00]
 [9.94405629e-04 1.15035012e-03 1.74681426e+00]
 [2.53888621e-03 5.91387182e-03 1.85759032e+00]
 [3.72748802e-03 7.10354578e-03 1.91128685e+00]
 [1.01581476e-03 2.25806922e-03 2.94264094e+00]
 [2.69654701e-03 5.90546522e-03 1.76106815e+00]
 [4.79737567e-03 9.46676679e-03 2.10686741e+00]
 [8.48018217e-04 2.02463036e-03 2.70847595e+00]
 [2.31462936e-03 4.26821349e-03 1.49622293e+00]
 [9.04097157e-04 1.28975984e-03 1.21052505e+00]
 [2.37214058e-03 5.39490891e-03 2.49856157e+00]
 [1.86155670e-03 4.71819063e-03 2.96364884e+00]
 [1.32906238e-03 2.83462432e-03 2.60128235e+00]
 [1.93864860e-03 4.95112363e-03 2.27024992e+00]
 [1.08067485e-03 1.91272052e-03 1.77409247e+00]
 [2.78504172e-03 6.14781891e-03 2.33033671e+00]
 [1.55528584e-03 3.17817550e-03 1.68796635e+00]
 [2.26789321e-03 4.08181403e-03 2.36612810e+00]
 [6.56219990e-04 1.80729214e-03 2.38861388e+00]
 [1.50739659e-03 2.43763977e-03 2.09336914e+00]
 [1.84748152e-03 4.30973654e-03 2.74649084e+00]
 [4.85984514e-03 9.37447262e-03 1.64832261e+00]
 [1.59883804e-03 3.17817550e-03 1.68796635e+00]
 [3.66543097e-03 8.62346253e-03 2.33200856e+00]
 [4.79762915e-03 9.89013957e-03 2.80768391e+00]
 [3.39204185e-03 5.55900211e-03 1.29963121e+00]
 [2.10306682e-03 4.35305958e-03 2.82506648e+00]
 [9.83468338e-04 1.14556243e-03 2.43648042e+00]
 [3.55889218e-03 6.89026955e-03 1.79598128e+00]
 [3.90923743e-03 6.52668086e-03 1.44296411e+00]
 [1.34616385e-03 3.24684655e-03 2.48839234e+00]
 [1.72250926e-03 4.19937207e-03 2.36545532e+00]
 [2.01596634e-03 4.24006168e-03 2.60368133e+00]
 [3.39108111e-03 7.12587419e-03 2.00867640e+00]
 [3.49729434e-03 5.97121469e-03 1.76652691e+00]
 [5.49547922e-03 9.26181427e-03 1.48362645e+00]
 [1.18591869e-03 1.26713384e-03 1.49178532e+00]
 [4.63264173e-03 9.73802078e-03 2.35560178e+00]
 [1.86511480e-03 4.90697169e-03 2.76297073e+00]
 [2.79460268e-03 6.51007609e-03 1.74229437e+00]
 [1.80052175e-03 2.70208262e-03 1.51235197e+00]
 [9.82769458e-04 2.02864674e-03 1.89579783e+00]
 [1.32906238e-03 2.83462432e-03 2.58384408e+00]
 [3.72748802e-03 7.10354578e-03 1.91952331e+00]
 [4.54037297e-03 8.35067412e-03 1.82133533e+00]
 [5.74104302e-03 9.76642805e-03 2.36150442e+00]
 [2.73809704e-03 5.74687360e-03 2.05280189e+00]
 [2.90351168e-03 6.50556991e-03 1.68159162e+00]
 [7.26471953e-03 9.98960045e-03 2.92713417e+00]
 [1.86260211e-03 3.45560727e-03 1.78776442e+00]
 [2.26105170e-03 4.67599504e-03 1.78843270e+00]
 [4.91727402e-03 9.35420114e-03 1.75281507e+00]
 [3.84660842e-03 7.69172220e-03 2.08273601e+00]
 [1.33413275e-03 3.12084124e-03 2.48449888e+00]
 [9.78717121e-04 1.50088881e-03 2.39662197e+00]
 [2.75022732e-03 5.65042795e-03 2.43418648e+00]
 [3.14165449e-03 7.07316603e-03 2.32337292e+00]
 [8.16239827e-04 1.09828421e-03 1.25108622e+00]
 [1.08067485e-03 1.91272052e-03 1.92083399e+00]
 [1.67441858e-03 2.63139024e-03 1.30772027e+00]
 [4.32981507e-03 9.37684493e-03 2.21095800e+00]]
