[[3.60699608e+01 1.65566552e+01]
 [7.76812641e+00 3.22621992e+01]
 [3.44753316e+01 1.71025222e+01]
 [3.38364045e+00 3.78835185e+01]
 [7.01718697e+00 3.32064912e+01]
 [2.06701379e+01 2.30235463e+01]
 [8.35413583e+01 6.42080819e+00]
 [6.42545421e-02 4.82357273e+01]
 [4.34786818e+00 3.65027909e+01]
 [6.81555654e+01 8.66305532e+00]
 [8.89085385e-01 4.35860832e+01]
 [6.14466549e-01 4.47011988e+01]
 [1.45298019e+01 2.68269711e+01]
 [7.07409588e+00 3.29968040e+01]
 [4.22734344e+01 1.46637253e+01]
 [2.05528226e+01 2.32543913e+01]
 [5.10129214e+01 1.23026655e+01]
 [4.83307391e+01 1.30055861e+01]
 [3.09838326e+01 1.84529702e+01]
 [9.65869014e+01 5.29510110e+00]
 [3.17043014e+01 1.83835391e+01]
 [8.61160919e+00 3.19010647e+01]
 [1.93888691e-01 4.71300901e+01]
 [3.56757064e+01 1.67682477e+01]
 [3.01435576e+00 3.87437753e+01]
 [1.17329489e+02 4.34324222e+00]
 [4.66951383e+00 3.58988353e+01]
 [2.62542348e+00 3.94629533e+01]
 [2.20929934e+00 4.08396947e+01]
 [6.83382844e+01 8.64617576e+00]
 [4.34026601e+01 1.43443386e+01]
 [2.13531304e+01 2.26859973e+01]
 [5.00504672e+01 1.25116603e+01]
 [5.13824242e-01 4.54694508e+01]
 [2.58119506e+00 3.96677531e+01]
 [2.38404433e+01 2.15314788e+01]
 [4.75859928e+01 1.32989730e+01]
 [3.69837635e+01 1.63225093e+01]
 [3.36542071e+01 1.74010150e+01]
 [3.20537255e+00 3.81544643e+01]
 [4.15701095e+01 1.49582846e+01]
 [6.53629289e+00 3.37986448e+01]
 [1.17928094e+02 4.29884883e+00]
 [3.60142813e+01 1.67160738e+01]
 [1.31315428e+01 2.78617689e+01]
 [7.35345951e+00 3.28527823e+01]
 [4.46870102e+01 1.39681252e+01]
 [8.11063063e-02 4.81838605e+01]
 [2.06524375e+01 2.31805519e+01]
 [5.10411888e+01 1.22896751e+01]
 [1.09444995e+02 4.55082457e+00]
 [5.25994099e+01 1.21185406e+01]
 [1.21848354e+01 2.88538519e+01]
 [5.35566090e+01 1.17322236e+01]
 [5.54441961e+00 3.47523676e+01]
 [2.27210678e+01 2.20282186e+01]
 [2.36037812e+01 2.15591887e+01]
 [1.17317007e+02 4.34356684e+00]
 [2.13955178e+00 4.13129050e+01]
 [6.75673692e+01 8.77241637e+00]
 [5.52398241e+01 1.13127103e+01]
 [8.02617428e+01 6.89438799e+00]
 [6.18460257e+01 9.85404632e+00]
 [5.48592258e+01 1.13430438e+01]
 [1.49912167e+01 2.66769609e+01]
 [3.14586749e-02 4.88114709e+01]
 [5.07249085e+01 1.23208713e+01]
 [4.44347465e+01 1.40328952e+01]
 [7.65254482e+01 7.40924542e+00]
 [5.74856414e+00 3.45906404e+01]
 [8.01044744e+00 3.20346015e+01]
 [5.14155720e+01 1.21610880e+01]
 [4.56770202e-02 4.85646552e+01]
 [8.52208939e+01 6.26630075e+00]
 [2.89790264e+01 1.94033168e+01]
 [7.05870714e+01 8.27259967e+00]
 [4.55979659e+01 1.36761209e+01]
 [3.69976593e+01 1.62526435e+01]
 [2.29594837e+00 4.00980661e+01]
 [8.70906716e+01 6.05484679e+00]
 [2.08583424e+01 2.29858250e+01]
 [4.91056645e+00 3.55975686e+01]
 [2.07855438e+01 2.29903853e+01]
 [9.99483297e+01 5.02112896e+00]
 [1.02707260e+00 4.31038149e+01]
 [5.28086334e+01 1.18271454e+01]
 [9.90325644e+00 3.02293639e+01]
 [2.59805668e+01 2.04666200e+01]
 [6.00297516e+01 1.03892726e+01]
 [6.43901498e+01 9.40704396e+00]
 [3.32210791e+01 1.76446110e+01]
 [1.21764501e+02 4.21368452e+00]
 [1.09157252e+02 4.56273089e+00]
 [6.72096242e+01 8.84861241e+00]
 [4.23420170e+00 3.65169823e+01]
 [3.82864704e+00 3.76690873e+01]
 [2.09859113e+01 2.28594118e+01]
 [2.23184872e+01 2.21797928e+01]
 [1.06791342e+02 4.64979752e+00]
 [5.35807029e+01 1.16524060e+01]
 [5.25238969e+01 1.21454942e+01]
 [7.42999517e+00 3.26893855e+01]
 [3.89242193e+01 1.57984047e+01]
 [3.95092374e+00 3.73509006e+01]
 [2.90961232e-02 4.88906584e+01]
 [4.99114437e+00 3.54789825e+01]
 [5.82964696e+01 1.05869245e+01]
 [2.80267857e+01 1.96266420e+01]
 [3.24207991e+01 1.79421342e+01]
 [4.53168257e+01 1.37997627e+01]
 [9.71923021e+01 5.19521853e+00]
 [4.34800404e+01 1.43024295e+01]
 [9.18323971e+00 3.08680480e+01]
 [1.52307727e+01 2.66437943e+01]
 [1.61599140e+00 4.14275423e+01]
 [6.08699793e+01 1.00597072e+01]
 [8.19931625e+01 6.62424625e+00]
 [9.05539737e+01 5.85400162e+00]
 [8.71966517e+01 6.03702617e+00]
 [3.19357430e+01 1.80868935e+01]
 [1.07058800e+01 2.95624883e+01]
 [6.58692866e+01 9.11190027e+00]
 [2.98330491e+01 1.88375759e+01]
 [2.48753801e+01 2.10922524e+01]
 [3.65300443e+01 1.64532540e+01]
 [8.44690142e+01 6.34644066e+00]
 [3.89158442e+01 1.58006780e+01]
 [1.09692302e+02 4.50933333e+00]
 [7.78366163e+00 3.22228098e+01]
 [1.24171520e+02 4.11911699e+00]
 [5.55183066e+01 1.12599406e+01]
 [1.91090352e+01 2.38930143e+01]
 [1.52742058e+01 2.65223015e+01]
 [2.47773155e+01 2.11236021e+01]
 [5.59344107e+01 1.11037883e+01]
 [2.34430490e+01 2.18099077e+01]
 [7.54130072e-01 4.42076386e+01]
 [7.70011008e+00 3.23717530e+01]
 [1.95264449e+01 2.37970981e+01]
 [7.32235197e+00 3.29822129e+01]
 [8.07296710e+01 6.78941467e+00]
 [7.77427240e+01 7.18273626e+00]
 [2.49305157e-01 4.70302324e+01]
 [9.72827348e+01 5.18291402e+00]
 [1.24719820e+02 4.11407046e+00]
 [6.14419832e+01 9.93572524e+00]
 [1.27601705e+01 2.79911176e+01]
 [4.97555966e+01 1.25656975e+01]
 [6.01348398e+01 1.02002173e+01]
 [2.35154998e+01 2.17687271e+01]
 [1.55872529e+01 2.63136072e+01]
 [3.45210076e+01 1.70861854e+01]
 [5.33987963e+00 3.52067374e+01]
 [1.15729174e+02 4.35863780e+00]
 [1.14114106e+02 4.38080566e+00]
 [1.32121387e+01 2.76013975e+01]
 [1.14907799e+01 2.89150890e+01]
 [1.06426665e+02 4.72002471e+00]
 [3.05761274e+00 3.84072327e+01]
 [3.83668570e+01 1.59204444e+01]
 [8.12849921e+00 3.19125783e+01]
 [5.47708097e+01 1.14889343e+01]
 [3.94477190e+01 1.54522392e+01]
 [3.25355877e+01 1.78535986e+01]
 [6.21528115e+00 3.39297016e+01]
 [5.65341934e+01 1.09688426e+01]
 [5.23702082e+00 3.54443883e+01]
 [1.70562428e+01 2.56803830e+01]
 [6.73824698e+01 8.82903075e+00]
 [3.41916957e+01 1.72027219e+01]
 [6.70794118e-01 4.44532784e+01]
 [5.48547580e+01 1.13643451e+01]
 [3.55560873e+01 1.67703726e+01]
 [4.42988769e+01 1.41677387e+01]
 [1.57390467e+01 2.58988021e+01]
 [5.56789243e+01 1.11753426e+01]
 [3.53023122e+01 1.68418854e+01]
 [8.86385268e+00 3.12163654e+01]
 [2.93765266e+01 1.90216222e+01]
 [8.81418732e+01 5.95293845e+00]
 [7.30473592e+01 7.84402893e+00]
 [4.51043117e+00 3.61139565e+01]
 [5.73266024e+01 1.08264209e+01]
 [3.93159396e+00 3.73744746e+01]
 [2.44538768e+01 2.11788521e+01]
 [3.02434634e+01 1.87407759e+01]
 [2.88064801e+00 3.89957522e+01]
 [4.72667875e+01 1.33074522e+01]
 [6.11407927e+01 1.00058329e+01]
 [1.99438592e+01 2.34301368e+01]
 [1.04096117e+01 2.98868969e+01]
 [6.58114863e+01 9.15034505e+00]
 [6.99460704e+01 8.48975189e+00]
 [9.15790192e+01 5.68294095e+00]
 [1.38142364e+01 2.73412117e+01]
 [4.27946132e+01 1.45520659e+01]
 [1.98418727e+01 2.34631384e+01]
 [6.10068976e+01 1.00219690e+01]
 [4.65835281e+01 1.36201104e+01]
 [9.43052359e+01 5.47381340e+00]
 [1.42453905e+01 2.68731315e+01]
 [8.11022175e+01 6.69673297e+00]
 [7.90269003e+01 6.96734008e+00]
 [5.80859632e+01 1.06308122e+01]
 [1.11734495e+02 4.47853118e+00]
 [1.25190842e+02 4.08323216e+00]
 [5.70531365e+01 1.08531560e+01]
 [2.82212866e+01 1.95252178e+01]
 [1.40993992e+01 2.70628395e+01]
 [2.69191716e+01 2.02435613e+01]
 [4.00376371e+00 3.68586614e+01]
 [4.49234996e+00 3.61467342e+01]
 [1.14250431e+02 4.37637022e+00]
 [9.75798593e+01 5.16271659e+00]
 [6.27254680e+01 9.73112734e+00]
 [9.57227334e+00 3.05209023e+01]
 [4.12004885e+01 1.51818247e+01]
 [1.85653197e+01 2.41788643e+01]
 [6.67981506e+01 8.93571194e+00]
 [5.32054522e+01 1.17377814e+01]
 [3.24520861e+01 1.78658256e+01]
 [8.62059083e+01 6.15619071e+00]
 [6.61581482e+01 9.05140190e+00]
 [5.69884635e+01 1.08825035e+01]
 [2.15362041e+01 2.25858040e+01]
 [1.06818425e+02 4.64525864e+00]
 [5.03208838e+01 1.24264537e+01]
 [6.92060856e+00 3.33353562e+01]
 [6.07066382e+01 1.00858288e+01]
 [1.02082126e+02 4.94643365e+00]
 [2.52531029e+01 2.08171528e+01]
 [2.58806825e+01 2.06977866e+01]
 [1.36111409e+00 4.22129821e+01]
 [4.86144775e+01 1.29616786e+01]
 [4.91192366e+01 1.27803798e+01]
 [7.74440062e-01 4.41264198e+01]
 [7.61012543e+00 3.25296261e+01]
 [1.52468140e-01 4.77836131e+01]
 [1.01301608e+01 3.00379014e+01]
 [3.17878249e+01 1.81089856e+01]
 [5.76973798e+01 1.07666699e+01]
 [2.60707813e-01 4.64705525e+01]
 [1.83478912e+01 2.43013968e+01]
 [1.27048967e+01 2.82698864e+01]
 [1.07045255e+01 2.96320034e+01]
 [2.51826478e+00 3.98245515e+01]
 [3.76495820e+01 1.60399648e+01]
 [1.22701930e+01 2.83313055e+01]
 [4.19296045e+00 3.66307265e+01]
 [5.76391635e-01 4.54129484e+01]
 [3.36113094e+00 3.79524239e+01]
 [1.97009815e+01 2.36470159e+01]
 [1.13946236e+02 4.38625031e+00]
 [1.04997379e+02 4.72473405e+00]
 [2.17684109e+01 2.24534185e+01]
 [1.73405253e+01 2.50007412e+01]
 [4.19100481e+01 1.49238689e+01]
 [5.13248400e+01 1.22025032e+01]
 [7.51804514e+01 7.56510994e+00]
 [4.51097405e+01 1.38901780e+01]
 [1.14333347e+01 2.91706754e+01]
 [3.86172297e+01 1.58061536e+01]
 [1.71573298e+01 2.50030787e+01]
 [8.36136522e+01 6.40869357e+00]
 [3.79581191e+01 1.59804734e+01]
 [5.38987128e+00 3.50270605e+01]
 [8.12618228e+00 3.19858004e+01]
 [9.75794915e+01 5.17549036e+00]
 [2.40787676e+01 2.13318772e+01]
 [4.03429471e+01 1.52676515e+01]
 [9.25006721e-02 4.81470671e+01]
 [4.93852624e+01 1.26581854e+01]
 [6.69150045e+01 8.91218780e+00]
 [3.23414422e+01 1.80251200e+01]
 [4.10061259e-01 4.61217221e+01]
 [1.88881716e+01 2.41706042e+01]
 [7.26643866e+01 7.90164450e+00]
 [8.44673977e+01 6.34661320e+00]
 [2.52062938e+01 2.09600272e+01]
 [5.92321466e+01 1.04089826e+01]
 [6.28040410e+01 9.66617715e+00]
 [2.92228149e+01 1.93400689e+01]
 [7.02960012e+01 8.29487679e+00]
 [3.17552948e+01 1.82026400e+01]
 [2.82160358e+00 3.91450577e+01]
 [7.22860940e+01 7.95481280e+00]
 [1.12129619e+02 4.43301509e+00]
 [8.52433078e+01 6.26248378e+00]
 [1.63947260e+00 4.13716864e+01]
 [2.73652902e+01 1.98946944e+01]
 [9.45008317e+01 5.44188643e+00]
 [6.37133017e+01 9.57269647e+00]
 [5.62840367e+01 1.10302520e+01]
 [9.70041416e+00 3.04576236e+01]
 [7.40360192e+01 7.78510553e+00]]
