[[2.08511002 2.16097348]
 [0.93130106 1.03668218]
 [2.09597257 2.0556585 ]
 [2.08652401 1.67606949]
 [0.70193469 0.59430447]
 [1.05814058 0.79663998]
 [1.63322451 1.58117431]
 [3.45448459 2.99196855]
 [0.09940067 0.07863296]
 [2.76410989 2.52609268]
 [2.92879636 2.90878724]
 [0.29958845 0.36403037]
 [0.22275939 0.32248239]
 [1.1992388  1.48130914]
 [2.62335155 2.77442391]
 [3.08389179 2.84704896]
 [0.88098128 0.99619072]
 [2.9100709  2.63649595]
 [0.99284944 1.28010303]
 [2.63857323 2.40648325]
 [2.59505814 2.31265173]
 [2.07924359 1.8500552 ]
 [1.29849197 0.7712079 ]
 [3.91374707 2.97141535]
 [1.23866451 0.78651925]
 [1.10716367 0.80121606]
 [0.09166321 0.20017499]
 [1.9742524  2.24081549]
 [0.72779116 0.47319021]
 [4.52904748 2.96986554]
 [0.73396187 0.79289245]
 [2.85357926 2.99026028]
 [2.46035901 2.19027363]
 [1.69354013 1.57168841]
 [2.52259585 2.02154702]
 [2.42214223 2.57795342]
 [0.13313942 0.33276111]
 [0.79916825 0.60780638]
 [1.85077089 1.59209232]
 [2.63951989 2.22023263]
 [3.58464501 2.96197852]
 [1.87437972 2.31096758]
 [2.00932962 2.09192406]
 [0.60383592 0.66085196]
 [0.69177345 0.87043339]
 [1.72849411 2.02491481]
 [1.57382844 1.88056681]
 [2.86636136 2.82828773]
 [2.45772575 2.57010749]
 [2.09289013 2.0503947 ]
 [1.47644397 1.63236415]
 [2.43960746 2.56606924]
 [2.92674229 2.69461514]
 [2.57087522 2.62599818]
 [0.80755385 1.02732192]
 [2.8968027  2.77411254]
 [1.14602514 1.30165013]
 [1.91233729 1.40936712]
 [3.154796   2.94277103]
 [2.49966186 2.33129469]
 [1.99609303 2.39088676]
 [1.90540746 1.97803481]
 [0.354592   0.45781196]
 [0.08287941 0.34138907]
 [1.60513157 1.67373598]
 [0.19864353 0.21100032]
 [2.69824555 2.6857811 ]
 [2.23317523 2.63110317]
 [1.64180695 1.64269281]
 [1.93002006 1.71462628]
 [1.55851459 2.00638982]
 [0.19929963 0.40437935]
 [0.967082   1.0069914 ]
 [2.16177797 2.5431014 ]
 [3.01091827 2.89070126]
 [1.72839607 1.78687529]
 [2.24368629 2.1129402 ]
 [0.88339447 1.17329737]
 [1.17538818 1.38480624]
 [1.64922281 2.0492231 ]
 [0.98916392 1.28799217]
 [0.61386065 0.56270968]
 [2.35248838 2.48140801]
 [2.29978366 2.29161815]
 [0.63356692 0.73279999]
 [2.73227295 2.44932719]
 [3.02153422 2.87640755]
 [1.96942004 2.06686514]
 [1.95305249 2.08881025]
 [2.98444262 2.93877052]
 [2.2050331  2.21883589]
 [1.38600052 1.6044967 ]
 [2.74526722 2.40298367]
 [3.24791527 2.79434104]
 [0.35271022 0.22039996]
 [3.02606448 2.97121859]
 [0.4449911  0.55471677]
 [0.18931294 0.17275052]
 [1.83894181 1.99554514]
 [2.13334028 2.16097348]
 [1.42311941 1.54574333]
 [2.66222055 2.8977992 ]
 [0.73746433 0.93750414]
 [0.77780722 1.03460782]
 [1.06476132 0.7952149 ]
 [0.94372533 1.44801113]
 [2.62335155 2.83922871]
 [2.74243976 2.40298367]
 [4.3480181  2.9893646 ]
 [2.85357926 2.56533932]
 [0.69670582 0.77437259]
 [1.60493187 1.61633362]
 [0.15231311 0.18071679]
 [1.97548434 1.82017032]
 [2.77333655 2.88238904]
 [1.72379392 1.35550875]
 [1.8265346  1.69591396]
 [2.24956067 1.82733444]
 [1.38600052 1.7494691 ]
 [1.49444618 1.69349496]
 [2.6365555  2.57747819]
 [2.29670775 2.47247695]
 [3.19281284 2.96197852]
 [3.16874981 2.91867976]
 [2.57087522 2.53599835]
 [1.39085156 1.15362027]
 [3.02076524 2.97121859]
 [2.77604638 2.46613892]
 [2.24368629 2.11233481]
 [4.63782464 2.97027828]
 [2.92879636 2.87663768]
 [1.91741647 1.69255395]
 [1.8896209  2.16271032]
 [2.4572815  2.26648256]
 [4.07059967 2.97056441]
 [2.87162867 2.97400623]
 [1.64180695 1.59992667]
 [0.70057636 0.43820983]
 [0.25456192 0.65552923]
 [2.58633799 2.73212865]
 [2.24368629 2.73246598]
 [1.57778439 1.67570086]
 [2.28808161 2.01676217]
 [2.84182018 2.89051949]
 [1.78851253 1.59643516]
 [1.61355112 1.60459483]
 [0.96481366 1.31750706]
 [2.42503529 2.70295819]
 [2.58430717 2.31265173]
 [0.73377945 0.50420473]
 [1.31218541 1.04205745]
 [2.38640218 2.11064939]
 [2.41180155 2.16479617]
 [3.87240972 2.97141535]
 [0.44181163 0.55471677]
 [1.06859212 1.23647711]
 [2.76410989 2.48924665]
 [2.98887782 2.97056441]
 [2.5319065  2.63494466]
 [0.73377945 0.87831319]
 [2.03707469 1.92417067]
 [1.62267867 2.09210663]
 [4.14846569 2.99485202]
 [1.92242469 2.07371045]
 [1.07254404 0.65625356]
 [2.63599138 2.40500932]
 [1.38600052 1.47464896]
 [0.74564276 1.01418378]
 [3.12173939 2.97954527]
 [2.13624254 2.38322117]
 [1.68260906 1.74315497]
 [0.60383592 0.7027115 ]
 [1.8814307  2.13334772]
 [1.91802791 2.02050935]
 [1.94508797 1.67387566]
 [1.39053899 1.23442194]
 [1.92682325 1.66701303]
 [1.87308657 1.44234356]
 [3.36983101 2.84916699]
 [0.73396187 0.7776082 ]
 [1.3346444  0.894251  ]
 [1.04698826 1.15050184]
 [1.31218541 1.1414648 ]
 [1.85757565 1.95810925]
 [1.48275547 1.3299891 ]
 [0.04031325 0.05251094]
 [0.95107729 1.17329737]
 [1.55128439 1.85705333]
 [2.66399989 2.67305686]
 [0.29445509 0.22574117]
 [2.94864572 2.69461514]
 [1.27834058 1.37122838]
 [1.10716367 1.05252018]
 [2.48098858 2.34112236]
 [2.37836918 1.99582163]
 [2.14722272 1.86528633]
 [0.49637572 0.63282125]
 [3.45604264 2.87751741]
 [0.67952072 0.3357751 ]
 [2.17712515 2.33314939]
 [2.56030514 2.87378   ]
 [1.18141044 1.41482768]
 [4.1278825  2.97240184]
 [0.11901849 0.0192154 ]
 [0.62653031 0.7914111 ]
 [3.36138284 2.92474471]
 [2.99935673 2.88577046]
 [2.24956067 2.40836146]
 [1.78452646 1.88056681]
 [1.5233701  1.6702005 ]
 [4.37139894 2.93299186]
 [1.32394546 1.39183886]
 [3.45448459 2.88128398]
 [0.63356692 0.69279544]
 [2.16838174 2.26297931]
 [2.6647219  2.29178433]
 [1.98582795 2.24107795]
 [1.27322402 1.4704171 ]
 [3.12876271 2.87663768]
 [1.83857616 2.0572707 ]
 [3.63485816 2.99627845]
 [0.97714741 1.39628923]
 [3.11232862 2.96361611]
 [2.88700157 2.92140264]
 [2.92674229 2.95103133]
 [1.42194465 1.88426612]
 [3.91374707 2.97888838]
 [2.85013728 2.59325087]
 [4.04281803 2.97263462]
 [2.35278525 2.01741795]
 [3.37372968 2.90249088]
 [2.12460212 2.48186194]
 [1.14196626 1.38640855]
 [4.57630552 2.96326692]
 [1.42768112 1.62462359]
 [0.80485718 1.18583105]
 [2.83960586 2.91427723]
 [2.2723362  2.05514301]
 [2.15590878 2.10011863]
 [0.36961894 0.49855241]
 [2.92938475 2.92584744]
 [2.84182018 2.76178361]
 [1.70044057 1.46596913]
 [4.83576408 2.9694499 ]
 [0.37656829 0.32164406]
 [0.0958385  0.09087302]
 [2.02984642 1.83537783]
 [2.29670775 1.89457582]
 [2.62982593 2.40298817]
 [2.42724773 2.36479732]
 [1.24862642 1.26332288]
 [1.05172401 1.43122046]
 [2.39114651 2.69536714]
 [0.61386065 0.50941903]
 [3.22877188 2.90170134]
 [4.3480181  2.99152142]
 [0.36648537 0.39342449]
 [1.40197683 1.55968704]
 [1.32735968 1.64783354]
 [3.19909902 2.85856838]
 [3.55446945 2.9752357 ]
 [3.39828009 2.83688632]
 [3.97086387 2.98282664]
 [2.23358028 2.11233481]
 [2.76749102 2.71152587]
 [1.5315286  1.50221728]]
