[[1.86260211e-03 3.45560727e-03 1.79353495e+00]
 [4.30247271e-03 9.73802078e-03 2.35560178e+00]
 [1.98569888e-03 4.26701009e-03 1.68669248e+00]
 [5.41559379e-03 9.74740371e-03 2.27320880e+00]
 [5.81577407e-03 9.89751708e-03 1.40781245e+00]
 [3.81016124e-03 7.49858311e-03 2.02228296e+00]
 [4.44117107e-03 8.28135361e-03 1.85269631e+00]
 [4.32981507e-03 9.09311989e-03 2.21095800e+00]
 [1.15103041e-03 2.27001165e-03 2.19196477e+00]
 [9.94405629e-04 1.15035012e-03 1.74681426e+00]
 [3.93884008e-03 6.88955048e-03 1.80800322e+00]
 [3.72748802e-03 7.10354578e-03 1.91128685e+00]
 [6.05212895e-03 9.90406197e-03 2.54783250e+00]
 [1.01581476e-03 2.25806922e-03 2.94264094e+00]
 [2.69654701e-03 5.90546522e-03 1.76106815e+00]
 [4.06288428e-03 7.43749196e-03 1.57597376e+00]
 [4.79737567e-03 9.46676679e-03 2.10686741e+00]
 [8.48018217e-04 2.02463036e-03 2.70847595e+00]
 [2.31462936e-03 4.26821349e-03 1.49622293e+00]
 [9.04097157e-04 1.28975984e-03 1.21052505e+00]
 [4.93963846e-04 1.50455028e-03 1.79070095e+00]
 [2.37214058e-03 5.39490891e-03 2.49856157e+00]
 [1.86155670e-03 4.71819063e-03 2.96364884e+00]
 [1.08067485e-03 1.91272052e-03 1.77409247e+00]
 [2.78504172e-03 6.14781891e-03 2.33033671e+00]
 [1.55528584e-03 3.17817550e-03 1.68796635e+00]
 [1.50739659e-03 2.43763977e-03 2.09336914e+00]
 [1.84748152e-03 4.30973654e-03 2.74649084e+00]
 [1.86155670e-03 4.71819063e-03 2.97914845e+00]
 [2.99112345e-03 4.87009021e-03 1.56986429e+00]
 [4.63875198e-03 8.67505819e-03 1.90060998e+00]
 [5.30746755e-03 9.71935912e-03 1.79028558e+00]
 [4.12278928e-03 7.94032857e-03 1.99409645e+00]
 [4.35353494e-03 8.28135361e-03 1.95093278e+00]
 [6.13550027e-03 9.85719839e-03 2.88790647e+00]
 [3.00077488e-03 5.04246820e-03 1.65193441e+00]
 [4.98624478e-03 9.63255223e-03 2.23925179e+00]
 [3.17494973e-03 6.29216311e-03 2.04934062e+00]
 [4.93963846e-04 1.50455028e-03 1.79102545e+00]
 [1.72817842e-03 4.30973654e-03 2.74649084e+00]
 [1.86260211e-03 3.35270587e-03 1.79353495e+00]
 [8.96043492e-03 9.81928356e-03 2.99790158e+00]
 [1.32450317e-03 2.71034832e-03 2.54399119e+00]
 [2.05352666e-03 4.26701009e-03 1.75671952e+00]
 [2.88879795e-03 5.95625098e-03 2.25095099e+00]
 [2.56689166e-03 5.20945652e-03 2.24996779e+00]
 [2.37948444e-03 5.45358387e-03 2.48000997e+00]
 [3.93313019e-03 7.64003858e-03 1.57597376e+00]
 [4.06921994e-03 9.68491705e-03 2.91297044e+00]
 [1.27173323e-03 2.12990947e-03 2.01132433e+00]
 [4.79737567e-03 9.46676679e-03 2.08202388e+00]
 [2.92726562e-03 4.51511726e-03 1.42943139e+00]
 [3.35630043e-03 7.01602300e-03 2.33378402e+00]
 [4.29072302e-03 9.73802078e-03 2.33201694e+00]
 [5.30493657e-03 9.77804917e-03 1.86930959e+00]
 [3.23479197e-03 6.07441894e-03 1.77454855e+00]
 [3.03758434e-03 5.37161755e-03 1.95024573e+00]
 [2.72173781e-03 4.42101111e-03 1.31896408e+00]
 [1.10729952e-03 1.74321138e-03 1.32387772e+00]
 [1.52813156e-03 3.17817550e-03 1.71069031e+00]
 [1.46747380e-03 2.98225053e-03 2.21114667e+00]
 [1.68380002e-03 3.46449893e-03 1.79337737e+00]
 [8.96306989e-04 1.77710342e-03 1.60446448e+00]]
