[[2.08511002 2.16097348]
 [0.93130106 1.03668218]
 [2.09597257 2.0556585 ]
 [0.70193469 0.59430447]
 [2.24956067 1.73516884]
 [1.63322451 1.58117431]
 [3.45448459 2.99196855]
 [0.09940067 0.07863296]
 [2.76410989 2.52609268]
 [0.62086658 0.83755104]
 [2.92879636 2.90878724]
 [0.29958845 0.36403037]
 [0.22275939 0.32248239]
 [1.1992388  1.48130914]
 [2.62335155 2.77442391]
 [3.08389179 2.84704896]
 [0.88098128 0.99619072]
 [2.9100709  2.63649595]
 [2.16838174 2.42208159]
 [3.39534418 2.75580533]
 [3.0235805  2.48653742]
 [1.42788141 1.76050002]
 [0.99284944 1.28010303]
 [2.63857323 2.40648325]
 [2.59505814 2.31265173]
 [2.07924359 1.8500552 ]
 [1.29849197 0.7712079 ]
 [3.91374707 2.97141535]
 [2.96716225 2.53152129]
 [0.09166321 0.20017499]
 [1.9742524  2.24081549]
 [0.72779116 0.47319021]
 [4.52904748 2.96986554]
 [0.73396187 0.79289245]
 [2.58633799 2.74921756]
 [0.284822   0.68644101]
 [2.85357926 2.99026028]
 [2.46035901 2.19027363]
 [1.69354013 1.57168841]
 [2.42214223 2.57795342]
 [0.13313942 0.33276111]
 [0.40264764 0.69510693]
 [0.79916825 0.60780638]
 [1.85077089 1.59209232]
 [2.63951989 2.22023263]
 [3.58464501 2.96197852]
 [2.00932962 2.09192406]
 [0.60383592 0.66085196]
 [0.69177345 0.87043339]
 [1.10741028 1.40173747]
 [1.57382844 1.88056681]
 [2.86636136 2.82828773]
 [2.45772575 2.57010749]
 [2.09289013 2.0503947 ]
 [1.9899532  1.51722605]
 [1.47644397 1.63236415]
 [2.43960746 2.56606924]
 [2.92674229 2.69461514]
 [2.57087522 2.62599818]
 [0.80755385 1.02732192]
 [2.14018735 1.79780927]
 [2.8968027  2.77411254]
 [1.14602514 1.30165013]
 [3.154796   2.94277103]
 [2.51754755 2.8977992 ]
 [2.49966186 2.33129469]
 [1.99609303 2.39088676]
 [1.90540746 1.97803481]
 [0.354592   0.45781196]
 [1.60513157 1.67373598]
 [0.19864353 0.21100032]
 [2.69824555 2.6857811 ]
 [2.23317523 2.63110317]
 [1.26790875 0.82142911]
 [1.64180695 1.64269281]
 [0.71396641 0.28230082]
 [1.93002006 1.71462628]
 [0.19929963 0.40437935]
 [0.967082   1.0069914 ]
 [1.1992388  1.60110012]
 [1.78519304 1.52554872]
 [3.35468771 2.83753753]
 [2.78868742 2.48853516]
 [2.76410989 2.54496147]
 [0.81625051 1.34105987]
 [1.1102457  1.71604343]
 [0.13920155 0.10524677]
 [1.96716986 2.29681696]
 [3.95377958 2.97141535]
 [2.05555929 1.73744137]
 [1.40870056 1.57694646]
 [3.03385754 2.99699573]
 [0.60383592 0.53272697]
 [3.05676055 2.89566772]
 [2.86760839 2.9605365 ]
 [2.17328286 2.59214952]
 [3.48124596 2.99652804]
 [0.86977833 0.79012705]
 [1.06008195 1.30686254]
 [2.10035168 2.13013579]
 [1.21631931 1.32044953]
 [0.9957852  0.86284945]
 [2.03669354 2.27624079]
 [2.21418754 1.80845556]
 [1.21234541 1.04669503]
 [2.51754755 2.72744096]
 [1.42788141 1.75060346]
 [4.09056727 2.96986554]
 [0.21383619 0.20462805]
 [1.50732612 1.55411784]
 [2.85357926 2.96743404]
 [1.65691605 2.04950987]
 [2.81360856 2.64250228]
 [0.30064723 0.61139708]
 [1.55048979 1.52123977]
 [1.07417044 0.95586579]
 [0.46653306 0.38156302]
 [2.43960746 2.53782316]
 [2.77333655 2.93642122]
 [1.74850885 1.82649352]
 [1.62569096 2.00238504]
 [1.10741028 1.28034477]
 [2.77333655 2.99445297]
 [2.12275124 2.11892393]
 [2.96716225 2.56527681]
 [0.10363751 0.20017499]
 [1.59508017 2.09210663]
 [3.49642904 2.90478473]
 [2.15582562 2.47697021]
 [2.08652401 1.59184423]
 [4.08572699 2.95971834]
 [2.49574999 2.17159422]
 [1.91051376 1.69722922]
 [2.89553522 2.90619323]
 [4.75538527 2.97063182]
 [0.38239441 0.17290775]
 [1.01116712 1.1253493 ]
 [1.27868275 1.2915716 ]
 [2.6742308  2.47855316]
 [3.86337593 2.94361623]
 [4.09056727 2.99944635]
 [3.85467913 2.94277103]
 [3.04840311 2.96124024]
 [2.3106996  2.39125255]
 [4.39606768 2.92986832]
 [0.92026571 1.11576637]
 [0.14800258 0.19611515]
 [2.6742308  2.48044902]
 [3.02896107 2.56341113]
 [2.28618383 2.22738506]
 [1.47650015 0.99326974]
 [0.19500419 0.17290775]
 [1.65879624 1.24216796]
 [0.37081263 0.50298814]
 [3.609481   2.96197852]
 [1.35248331 0.97578766]
 [2.17517745 2.00308543]
 [2.59505814 2.34051894]
 [1.5850156  1.64123833]
 [1.61085751 1.82009048]
 [0.97954962 0.84890018]
 [1.63948371 1.75060346]
 [0.69608739 1.018438  ]
 [2.6742308  2.50593125]
 [4.52904748 2.9878309 ]
 [0.37446111 0.68192921]
 [2.63592587 2.76532265]
 [1.638552   1.30024309]
 [3.11807395 2.92321041]
 [1.82487521 2.0253104 ]
 [2.54551835 2.56268224]
 [0.86977833 0.80926603]
 [3.95361051 2.98917861]
 [1.47644397 1.60719496]
 [1.49992934 1.55411784]
 [2.02323488 2.14270234]
 [1.27868275 1.2776588 ]
 [0.21609901 0.23304808]
 [2.43411999 2.31441362]
 [1.4213577  1.54058033]
 [2.21951517 2.62488744]
 [1.99142379 2.05373827]
 [2.46687692 2.71710415]
 [3.08389179 2.85074853]
 [3.5207447  2.99445297]
 [2.42672666 2.12260284]
 [1.98036694 2.39437872]
 [3.55561229 2.79132908]
 [1.81060853 2.1997352 ]
 [1.63540424 1.2915716 ]
 [4.03682124 2.95971834]
 [0.98227484 0.93750414]
 [1.66917825 1.45652818]
 [1.99576942 1.48903031]
 [3.66455307 2.96635036]
 [1.74850885 1.81979308]
 [2.10607896 2.33240316]
 [2.05760276 2.12595552]
 [1.71285223 2.00638982]
 [2.54515173 2.56300515]
 [3.96240632 2.97141535]
 [2.36888728 2.19540123]
 [0.29822083 0.61139708]
 [3.48942286 2.93462981]
 [3.49642904 2.91689819]
 [3.22682744 2.83753753]
 [2.24721546 1.74389529]
 [2.63087157 2.46542115]
 [3.31726561 2.94628418]
 [2.00679591 2.37731509]
 [1.06149531 1.24961362]
 [2.3480702  2.3516482 ]
 [3.15866866 2.94498691]
 [2.16469195 2.1284217 ]
 [0.51973006 0.71418152]
 [3.13775321 2.84854457]
 [0.284822   0.47911587]
 [2.50598023 1.96421352]
 [4.75538527 2.98441668]
 [1.75179048 2.00440758]
 [2.6724279  2.93636871]
 [1.93002006 1.65776778]
 [0.93130106 0.97162982]
 [1.91313119 2.04571866]
 [2.92278008 2.86871905]
 [2.54145388 2.94747283]
 [1.28119581 1.48819481]
 [0.57906032 1.15586214]
 [2.03669811 2.28019581]
 [1.66860263 1.42737387]
 [1.90540746 1.92312729]
 [3.49642904 2.97535595]]
