[[1.45988514e+01 1.87473437e-03]
 [4.69366006e+01 5.64942687e-04]
 [4.86621314e+00 6.48194950e-03]
 [5.84779630e+01 5.05021991e-04]
 [3.18032647e+01 6.57607673e-04]
 [3.23474214e+01 6.42435431e-04]
 [3.89650248e+01 6.05456647e-04]
 [2.23930593e+01 9.50885037e-04]
 [5.26519165e+01 5.15072990e-04]
 [1.62072948e+01 1.34727829e-03]
 [5.15236604e+01 5.29383328e-04]
 [1.18274861e+01 1.92456864e-03]
 [4.70805671e+01 5.62837192e-04]
 [4.17617681e+01 5.66254085e-04]
 [5.22181341e+01 5.17877311e-04]
 [1.64973045e+01 1.33096441e-03]
 [2.66100791e+01 8.53171669e-04]
 [6.44761601e+00 4.24899556e-03]
 [2.80519867e+01 7.93700043e-04]
 [2.46396777e+01 9.35018895e-04]
 [7.62888013e+00 2.70735663e-03]
 [5.05788121e+01 5.46338799e-04]
 [2.91543766e+01 6.76722952e-04]]
