[[1.52610864e-02 2.65060857e+04]
 [4.48927166e-02 9.16056255e+03]
 [1.69870331e-02 2.59225653e+04]
 [3.93752889e-02 1.06532184e+04]
 [3.39946541e-02 1.19017793e+04]
 [3.99955887e-02 1.06219886e+04]
 [2.69897406e-02 1.55173060e+04]
 [4.18541489e-02 9.65590185e+03]
 [1.07192317e-02 3.87363394e+04]
 [2.54769990e-02 1.74213262e+04]
 [3.18475519e-02 1.27103137e+04]
 [4.37664957e-02 9.35419140e+03]
 [9.94202140e-03 4.21205463e+04]
 [5.25064956e-03 9.90916651e+04]
 [2.57065886e-02 1.59723699e+04]
 [2.11989407e-02 2.09003634e+04]
 [1.96510836e-02 2.36005112e+04]
 [8.62407872e-03 4.80120660e+04]
 [2.84826754e-02 1.42657777e+04]
 [1.29877897e-02 3.30752248e+04]
 [2.10250921e-02 2.12776263e+04]
 [2.15610606e-02 1.97547574e+04]
 [6.49725156e-03 7.08894958e+04]
 [1.08849085e-02 3.87032652e+04]
 [4.30383455e-02 9.52982053e+03]
 [3.02856142e-02 1.36007666e+04]
 [1.46284692e-02 2.98255063e+04]
 [2.19511065e-02 1.89846451e+04]
 [4.00012077e-02 1.05724171e+04]
 [1.68761120e-02 2.63695939e+04]
 [8.06305611e-03 5.20380364e+04]
 [3.17961332e-02 1.27819878e+04]
 [1.18549442e-02 3.45482206e+04]
 [4.87758602e-02 8.88551889e+03]
 [2.84816719e-02 1.46992626e+04]
 [4.28221918e-02 9.63698903e+03]
 [2.17213001e-02 1.95830624e+04]
 [3.53243276e-02 1.16793075e+04]
 [1.92017892e-02 2.42687100e+04]
 [5.58229523e-02 8.59551591e+03]
 [2.56760610e-02 1.72149424e+04]
 [7.61962227e-03 5.94455362e+04]
 [2.64556190e-02 1.56228511e+04]
 [1.39054223e-02 3.00422374e+04]
 [1.75554299e-02 2.42965435e+04]
 [3.13648207e-02 1.31020957e+04]
 [9.96719597e-03 4.21008892e+04]
 [3.67592063e-02 1.09733594e+04]
 [2.99642728e-02 1.37728254e+04]
 [3.11200050e-02 1.34289154e+04]
 [2.30723757e-02 1.78784601e+04]
 [3.81460379e-02 1.07369458e+04]
 [4.77978633e-02 9.05514586e+03]
 [5.75788227e-03 7.95955373e+04]
 [5.13109529e-02 8.70009445e+03]
 [4.04676321e-02 1.00551419e+04]
 [2.54876184e-02 1.72168162e+04]
 [2.70950591e-02 1.50873500e+04]
 [4.32775719e-02 9.42693287e+03]
 [5.13925740e-02 8.63495916e+03]
 [4.67113250e-02 9.07090144e+03]
 [2.13806578e-02 2.04047641e+04]
 [3.58474552e-02 1.16792879e+04]]
