[[4.24472175e-03 9.54942869e+04]
 [5.36057370e-02 8.43339785e+03]
 [4.81141286e-03 8.75529313e+04]
 [2.80297400e-02 1.49667355e+04]
 [1.90006888e-02 2.17583210e+04]
 [5.03823187e-03 8.18543511e+04]
 [4.80468448e-02 8.83130875e+03]
 [2.04941574e-02 2.07131248e+04]
 [5.35200273e-03 7.88263724e+04]
 [2.58332376e-02 1.57717040e+04]
 [6.43374147e-03 6.73293078e+04]
 [2.21543835e-02 1.84256867e+04]
 [5.76857925e-03 7.16692974e+04]
 [3.39641532e-02 1.23007917e+04]
 [5.51064618e-03 7.37953471e+04]
 [8.18565378e-03 5.21529414e+04]
 [1.70589117e-02 2.44875742e+04]
 [3.67609942e-02 1.09529145e+04]
 [7.43424759e-03 5.44560444e+04]
 [8.49634507e-03 4.85171643e+04]
 [5.02597053e-02 8.53350604e+03]
 [4.50269255e-03 9.23827427e+04]
 [3.74020977e-02 1.08421532e+04]
 [6.57630887e-03 6.46768495e+04]
 [4.53045131e-02 8.88137171e+03]
 [3.02701337e-02 1.36726010e+04]
 [6.84824731e-03 6.14859723e+04]
 [2.40618549e-02 1.67437946e+04]
 [1.34648923e-02 3.03972237e+04]
 [3.06485334e-02 1.32116690e+04]
 [1.09948389e-02 3.66257164e+04]
 [1.30829001e-02 3.22367256e+04]
 [4.03932656e-02 1.07386652e+04]
 [1.44101473e-02 2.87935406e+04]
 [7.05951140e-03 5.74857545e+04]
 [1.62018105e-02 2.70219163e+04]
 [9.74061192e-03 4.32052259e+04]
 [2.32437636e-02 1.73211457e+04]
 [1.23542624e-02 3.53883856e+04]
 [3.30610869e-02 1.28943237e+04]
 [1.48259147e-02 2.73332166e+04]
 [1.06022240e-02 3.79963086e+04]
 [4.33943412e-02 9.41858385e+03]
 [1.26397215e-02 3.44985515e+04]
 [7.00313105e-03 5.91341949e+04]
 [9.30233341e-03 4.49008454e+04]
 [1.67128439e-02 2.54642818e+04]
 [4.44802246e-02 9.04292860e+03]
 [1.04687217e-02 4.05316790e+04]
 [4.30683234e-03 9.34029716e+04]]
