[[1.52610864e-02 2.65060857e+04]
 [4.48927166e-02 9.16056255e+03]
 [3.93752889e-02 1.06532184e+04]
 [3.39946541e-02 1.19017793e+04]
 [2.69897406e-02 1.55173060e+04]
 [8.65147059e-03 5.46644892e+04]
 [3.70128177e-02 1.09776149e+04]
 [4.18541489e-02 9.65590185e+03]
 [1.07192317e-02 3.87363394e+04]
 [3.15247391e-02 1.32695640e+04]
 [8.73430708e-03 4.97827473e+04]
 [3.18475519e-02 1.27103137e+04]
 [2.89231505e-02 1.45152970e+04]
 [3.01721906e-02 1.43592869e+04]
 [4.37664957e-02 9.35419140e+03]
 [9.94202140e-03 4.21205463e+04]
 [1.75662574e-02 2.46631743e+04]
 [5.25064956e-03 9.90916651e+04]
 [2.57065886e-02 1.59723699e+04]
 [2.55908941e-02 1.71971981e+04]
 [7.41350552e-03 6.49758355e+04]
 [3.54908008e-02 1.16192911e+04]
 [8.70938249e-03 4.98768693e+04]
 [5.66374596e-03 7.31144188e+04]
 [3.76405794e-02 1.08826444e+04]
 [3.46562584e-02 1.16991260e+04]
 [3.95635061e-02 1.04232755e+04]
 [8.63110202e-03 5.51335131e+04]
 [3.44058175e-02 1.17780166e+04]
 [9.04740607e-03 4.83478048e+04]
 [3.04496241e-02 1.33092340e+04]
 [2.67780492e-02 1.56775399e+04]
 [4.35405525e-02 9.54786790e+03]
 [2.54567851e-02 1.73761528e+04]
 [4.83298248e-02 9.01225765e+03]
 [1.39390246e-02 3.15877532e+04]
 [1.00760981e-02 4.16022858e+04]
 [8.25621859e-03 6.34482686e+04]
 [4.39282315e-02 9.19206804e+03]
 [1.97098403e-02 2.09116759e+04]
 [5.37516299e-02 8.57100462e+03]
 [7.40290753e-03 6.77393750e+04]
 [5.33450449e-02 8.58522644e+03]
 [2.22160342e-02 1.81605745e+04]
 [8.35516232e-03 5.69997537e+04]
 [4.29017480e-02 9.57909474e+03]
 [2.04522978e-02 1.97220192e+04]
 [2.54473326e-02 1.76537552e+04]
 [9.62059634e-03 4.70046501e+04]
 [3.03264855e-02 1.43563933e+04]
 [4.12539359e-02 9.98095180e+03]
 [3.35645776e-02 1.19392385e+04]
 [5.47423260e-02 8.51776013e+03]
 [5.61921281e-03 7.42712507e+04]
 [1.84521698e-02 2.35795812e+04]
 [4.85944884e-02 8.65001740e+03]
 [1.53426798e-02 2.62292792e+04]
 [4.18156304e-02 9.94160631e+03]
 [4.08744936e-02 1.02614601e+04]
 [1.33330640e-02 3.27312318e+04]
 [1.67398948e-02 2.47800196e+04]
 [1.92197138e-02 2.29077653e+04]
 [1.19522042e-02 3.40707622e+04]
 [4.61520928e-02 9.11045031e+03]
 [1.19215969e-02 3.74877964e+04]
 [1.42652128e-02 2.94611288e+04]
 [1.80977604e-02 2.44141722e+04]
 [2.89045387e-02 1.52703904e+04]
 [1.80996548e-02 2.42396694e+04]
 [2.90197885e-02 1.44270060e+04]
 [3.77128666e-02 1.08762569e+04]
 [1.43391002e-02 2.84704452e+04]
 [3.63671337e-02 1.10298473e+04]
 [5.62155991e-02 8.50458517e+03]
 [3.03353042e-02 1.41160116e+04]]
