[[2.08511002 2.16097348]
 [0.93130106 1.03668218]
 [1.98383737 1.6164502 ]
 [2.09597257 2.0556585 ]
 [0.70193469 0.59430447]
 [1.05814058 0.79663998]
 [1.63322451 1.58117431]
 [3.45448459 2.99196855]
 [0.09940067 0.07863296]
 [2.76410989 2.52609268]
 [2.92879636 2.90878724]
 [0.29958845 0.36403037]
 [0.22275939 0.32248239]
 [1.1992388  1.48130914]
 [2.62335155 2.77442391]
 [3.08389179 2.84704896]
 [0.88098128 0.99619072]
 [2.9100709  2.63649595]
 [3.39534418 2.75580533]
 [1.42788141 1.76050002]
 [0.99284944 1.28010303]
 [2.63857323 2.40648325]
 [2.59505814 2.31265173]
 [2.07924359 1.8500552 ]
 [4.33304137 2.84941797]
 [3.91374707 2.97141535]
 [1.10716367 0.80121606]
 [1.9742524  2.24081549]
 [0.72779116 0.47319021]
 [4.52904748 2.96986554]
 [0.73396187 0.79289245]
 [2.58633799 2.74921756]
 [0.43741105 0.68192921]
 [2.85357926 2.99026028]
 [1.69354013 1.57168841]
 [2.52259585 2.02154702]
 [2.42214223 2.57795342]
 [1.37059888 1.68158997]
 [0.13313942 0.33276111]
 [0.40264764 0.69510693]
 [0.79916825 0.60780638]
 [1.85077089 1.59209232]
 [2.63951989 2.22023263]
 [2.01610236 2.27624079]
 [3.58464501 2.96197852]
 [1.87437972 2.31096758]
 [2.00932962 2.09192406]
 [0.60383592 0.66085196]
 [0.69177345 0.87043339]
 [1.72849411 2.02491481]
 [1.10741028 1.40173747]
 [1.57382844 1.88056681]
 [2.86636136 2.82828773]
 [2.45772575 2.57010749]
 [2.09289013 2.0503947 ]
 [1.47644397 1.63236415]
 [2.43960746 2.56606924]
 [2.92674229 2.69461514]
 [2.57087522 2.62599818]
 [0.80755385 1.02732192]
 [2.14018735 1.79780927]
 [2.8968027  2.77411254]
 [0.26497271 0.59848664]
 [3.154796   2.94277103]
 [2.51754755 2.8977992 ]
 [2.49966186 2.33129469]
 [1.90540746 1.97803481]
 [0.354592   0.45781196]
 [0.08287941 0.34138907]
 [1.60513157 1.67373598]
 [0.19864353 0.21100032]
 [2.69824555 2.6857811 ]
 [2.23317523 2.63110317]
 [1.26790875 0.82142911]
 [1.64180695 1.64269281]
 [1.93002006 1.71462628]
 [4.37062968 2.85340686]
 [0.967082   1.0069914 ]
 [2.16177797 2.5431014 ]
 [1.24145364 0.88523573]
 [3.01091827 2.89070126]
 [1.72839607 1.78687529]
 [1.5264415  1.11496373]
 [2.24368629 2.1129402 ]
 [0.57517506 1.1202214 ]
 [1.17538818 1.38480624]
 [1.64922281 2.0492231 ]
 [0.98916392 1.28799217]
 [0.61386065 0.56270968]
 [2.35248838 2.48140801]
 [2.29978366 2.29161815]
 [0.63356692 0.73279999]
 [2.73227295 2.44932719]
 [3.02153422 2.87640755]
 [1.96942004 2.06686514]
 [1.95305249 2.08881025]
 [3.06556168 2.8072088 ]
 [2.98444262 2.93877052]
 [2.2050331  2.21883589]
 [1.38600052 1.6044967 ]
 [2.74526722 2.40298367]
 [3.24791527 2.79434104]
 [0.35271022 0.22039996]
 [3.02606448 2.97121859]
 [0.4449911  0.55471677]
 [0.18931294 0.17275052]
 [0.82659245 0.59158904]
 [2.58099231 2.58967945]
 [2.32566972 2.42024043]
 [1.28330495 1.17429109]
 [0.28987907 0.41644955]
 [0.72892716 0.73464192]
 [2.78634115 2.72132717]
 [2.60156818 2.48540444]
 [2.52889693 2.47457569]
 [2.03144214 2.23124759]
 [1.4399344  0.94325167]
 [1.57551718 1.66723253]
 [2.7547411  2.53274063]
 [2.53201032 2.49890443]
 [1.47640135 1.34572734]
 [1.53477922 1.11496373]
 [3.64425439 2.97714377]
 [2.55671816 2.13896694]
 [0.67767266 0.6033757 ]
 [2.34561246 2.44556591]
 [3.2142379  2.7600095 ]
 [1.27341468 1.17429109]
 [1.35425602 1.58279192]
 [2.01273592 2.32625333]
 [1.32675261 1.62291591]
 [2.45565619 2.57068096]
 [2.81756623 2.63649595]
 [4.32096553 2.97141535]
 [0.63373598 0.83755104]
 [1.69858172 1.14630193]
 [0.30091062 0.32572094]
 [2.51727937 2.46331459]
 [1.24530893 1.01444439]
 [2.84050231 2.92253101]
 [0.35403831 0.23887823]
 [2.0796384  2.01741795]
 [1.26857802 1.06845083]
 [1.13109694 1.34743765]
 [1.57443643 1.85238304]
 [2.33228776 2.06042468]
 [2.03095219 1.73516884]
 [1.93005212 2.06015835]
 [0.37962187 0.2688921 ]
 [2.48011443 2.5404864 ]
 [1.13238568 0.92335378]
 [1.41772257 1.104306  ]
 [2.8123105  2.53629197]
 [3.27050598 2.98946039]
 [1.7368471  1.57864554]
 [0.66649289 1.00325818]
 [0.38527629 0.68245419]
 [0.71661048 0.62129665]
 [3.64895354 2.98091272]
 [3.48310111 2.98192265]
 [1.72376755 1.52360706]
 [1.39111722 1.77416155]
 [2.76410989 2.81717473]
 [1.24009279 1.47143581]
 [3.58464501 2.97675448]
 [3.04752024 2.68747767]
 [0.62411272 0.87434911]
 [3.93410913 2.8493008 ]
 [2.18529399 2.21883589]
 [1.99467146 1.97936269]
 [1.89918172 1.65732156]
 [2.58767675 2.87184952]
 [1.32400289 0.89667838]
 [1.95009148 1.62965118]
 [3.51684694 2.90189504]
 [0.43599057 0.31442208]
 [1.87728137 1.7957907 ]
 [2.19908306 2.42024043]
 [2.3490769  2.30712211]
 [3.41199195 2.88499379]
 [4.57614056 2.99972823]
 [1.96855119 2.0503947 ]
 [1.05937793 0.88218416]
 [3.95169449 2.85532708]
 [4.86589282 2.96011956]
 [3.91374707 2.99223639]
 [2.25445443 2.56469383]
 [0.69638174 0.75506849]
 [3.00909993 2.70812464]
 [1.34599308 1.28072835]
 [3.3795695  2.95125458]
 [2.44263803 2.66645064]
 [1.72849411 1.95576414]
 [0.64974355 0.24273447]
 [2.93976023 2.61971524]
 [2.77678548 2.82828773]
 [2.79917668 2.63649595]
 [2.15209851 2.07271206]
 [1.4936587  1.63236415]
 [1.6938201  1.68292073]
 [0.02121416 0.21752545]
 [2.54123653 2.44932719]
 [2.57087522 2.71150329]
 [1.24145364 1.36546407]
 [2.51538855 2.28627286]
 [2.28090743 1.88471879]
 [1.99334439 2.48143807]
 [0.1486547  0.16085931]
 [0.54610886 0.6184474 ]
 [4.44745544 2.97882887]
 [2.81395778 2.31966092]]
