[[3.60699608e+01 1.65566552e+01]
 [7.76812641e+00 3.22621992e+01]
 [3.44753316e+01 1.71025222e+01]
 [2.86511655e+01 1.95368564e+01]
 [3.38364045e+00 3.78835185e+01]
 [7.01718697e+00 3.32064912e+01]
 [2.06701379e+01 2.30235463e+01]
 [8.35413583e+01 6.42080819e+00]
 [6.42545421e-02 4.82357273e+01]
 [5.60857909e+01 1.11194220e+01]
 [6.81555654e+01 8.66305532e+00]
 [8.89085385e-01 4.35860832e+01]
 [6.14466549e-01 4.47011988e+01]
 [5.83176055e+01 1.06016468e+01]
 [7.04643053e+01 8.30666886e+00]
 [2.37133311e+01 2.18482271e+01]
 [7.07409588e+00 3.29968040e+01]
 [6.16784942e+01 9.95395502e+00]
 [5.10129214e+01 1.23026655e+01]
 [4.83307391e+01 1.30055861e+01]
 [9.65869014e+01 5.29510110e+00]
 [8.61160919e+00 3.19010647e+01]
 [1.93888691e-01 4.71300901e+01]
 [3.56757064e+01 1.67682477e+01]
 [1.17329489e+02 4.34324222e+00]
 [4.66951383e+00 3.58988353e+01]
 [5.69893656e+01 1.08917859e+01]
 [2.62542348e+00 3.94629533e+01]
 [6.83382844e+01 8.64617576e+00]
 [2.13531304e+01 2.26859973e+01]
 [5.00504672e+01 1.25116603e+01]
 [1.88251444e+01 2.41843976e+01]
 [5.13824242e-01 4.54694508e+01]
 [4.03239394e+00 3.69383522e+01]
 [4.75859928e+01 1.32989730e+01]
 [3.69837635e+01 1.63225093e+01]
 [8.64919865e+01 6.15676129e+00]
 [3.54154819e+01 1.70003975e+01]
 [3.36542071e+01 1.74010150e+01]
 [3.20537255e+00 3.81544643e+01]
 [4.94481916e+00 3.56141364e+01]
 [2.83518875e+01 1.95538827e+01]
 [1.27649019e+01 2.80997480e+01]
 [2.40538698e+01 2.14695150e+01]
 [6.48609556e+01 9.26874806e+00]
 [5.05834735e+01 1.23675360e+01]
 [3.43372301e+01 1.71514592e+01]
 [1.93779981e+01 2.37564183e+01]
 [5.01455835e+01 1.24796289e+01]
 [6.33070848e+01 9.61319687e+00]
 [5.40210633e+01 1.15365319e+01]
 [6.83013424e+00 3.33587758e+01]
 [6.43486652e+01 9.37801384e+00]
 [1.20306667e+01 2.85309140e+01]
 [7.44505565e+01 7.63696884e+00]
 [5.89411434e+01 1.05818184e+01]
 [4.67329773e+01 1.33736789e+01]
 [3.01727971e+01 1.87087766e+01]
 [1.34130912e+00 4.22112876e+01]
 [2.15113580e+01 2.25891640e+01]
 [7.93024178e+01 7.29668767e+00]
 [3.35921562e-01 4.59875418e+01]
 [5.79757966e+01 1.06536827e+01]
 [4.76391019e+01 1.32669915e+01]
 [2.15758789e+01 2.25489721e+01]
 [2.66596827e+01 2.02184574e+01]
 [8.12972023e-01 4.41664531e+01]
 [7.79711709e+00 3.22085453e+01]
 [6.96871304e+01 8.40558730e+00]
 [2.47211051e+01 2.10275627e+01]
 [3.79945778e+01 1.59323796e+01]
 [8.62804999e+00 3.15900942e+01]
 [1.31969028e+01 2.76972815e+01]
 [2.32632100e+01 2.22242980e+01]
 [2.77386830e+00 3.89277638e+01]
 [4.67663491e+01 1.33526234e+01]
 [4.21620745e+01 1.46265005e+01]
 [3.75361146e+00 3.72747338e+01]
 [6.96135576e+01 8.42397176e+00]
 [3.26021873e+01 1.77876950e+01]
 [8.02485554e+01 7.11869063e+00]
 [3.27101692e+01 1.77589149e+01]
 [6.91123586e+01 8.55038487e+00]
 [7.01730799e+01 8.31113849e+00]
 [3.91416147e+01 1.55467138e+01]
 [1.79816284e+01 2.45904349e+01]
 [5.32432904e+01 1.18283137e+01]
 [6.91922583e-01 4.44418788e+01]
 [7.19408245e+01 8.01237546e+00]
 [2.02291111e+00 4.05086490e+01]
 [2.62728519e-01 4.64450476e+01]
 [4.13293070e+00 3.68514178e+01]
 [5.34718436e+01 1.16612434e+01]
 [4.50652135e+01 1.38072019e+01]
 [1.21033246e+01 2.84498708e+01]
 [1.02984042e+00 4.31941739e+01]
 [4.28413418e+00 3.64353428e+01]
 [6.06772742e+01 1.00926354e+01]
 [5.17815690e+01 1.20756660e+01]
 [5.00753781e+01 1.24841183e+01]
 [3.64208919e+01 1.64783257e+01]
 [2.05031630e+01 2.31204647e+01]
 [5.52778958e+01 1.14322952e+01]
 [2.08699861e+01 2.29201545e+01]
 [1.19158618e+01 2.86011782e+01]
 [1.41624463e+00 4.19642958e+01]
 [2.18207191e+00 4.01005677e+01]
 [7.09630621e+01 8.18251721e+00]
 [7.32905725e+01 7.80331402e+00]
 [6.39186693e+01 9.46243930e+00]
 [2.99171409e+01 1.88154538e+01]
 [5.68011641e+00 3.48922452e+01]
 [5.79406439e+01 1.06615388e+01]
 [8.69985118e+00 3.15208134e+01]
 [6.17388396e+01 9.88386160e+00]
 [2.76710956e+01 1.97216465e+01]
 [3.78735500e+01 1.60826086e+01]
 [3.39703682e+01 1.72797952e+01]
 [1.14221603e+01 2.90338290e+01]
 [7.29884071e+01 7.85652240e+00]
 [6.60622646e+01 9.04404406e+00]
 [7.26387335e+00 3.28149341e+01]
 [1.89935255e+01 2.39542084e+01]
 [1.87070036e+00 4.11537541e+01]
 [8.98290597e+01 5.87262957e+00]
 [2.74869006e+01 2.01191825e+01]
 [1.59957415e+00 4.15930845e+01]
 [4.90219390e+01 1.27469474e+01]
 [4.65904102e+00 3.60155754e+01]
 [3.07163213e+01 1.85980647e+01]
 [4.64265309e+01 1.34264990e+01]
 [1.51849824e+01 2.62457580e+01]
 [1.42757879e+01 2.68825864e+01]
 [3.72009529e+01 1.61897965e+01]
 [3.17354115e+01 1.81485282e+01]
 [2.43779936e+00 3.95935045e+01]
 [9.15401703e+00 3.10240831e+01]
 [1.75210694e+01 2.48550859e+01]
 [4.90329696e+01 1.27447142e+01]
 [3.98748676e+01 1.53214381e+01]
 [2.31295871e+01 2.22265861e+01]
 [5.05675235e+00 3.54073223e+01]
 [1.39730904e+01 2.73822381e+01]
 [7.92591256e+00 3.20759247e+01]
 [4.14497823e+01 1.48385144e+01]
 [1.69298285e+01 2.51770984e+01]
 [2.79712804e+01 1.96417636e+01]
 [5.75792510e+01 1.07423058e+01]
 [9.05147208e+00 3.10878785e+01]
 [6.86842505e+00 3.32339969e+01]
 [1.63030094e+01 2.55336468e+01]
 [1.28464337e+01 2.78687432e+01]
 [3.97672525e+00 3.70862842e+01]
 [4.78486607e+01 1.30789748e+01]
 [6.02354757e+01 1.03378875e+01]
 [2.37184900e+01 2.15006854e+01]
 [3.99554597e+00 3.70488245e+01]
 [6.00819875e-02 4.82947230e+01]
 [2.88822055e+00 3.87144616e+01]
 [5.37710108e-01 4.50197357e+01]
 [4.86124948e+01 1.29409779e+01]
 [1.05546994e+01 2.96721623e+01]
 [3.04608941e+01 1.86549541e+01]
 [4.12578997e+01 1.50188493e+01]
 [2.48211394e+01 2.09974032e+01]
 [1.03094148e+01 3.00018891e+01]
 [8.28583428e+00 3.19330592e+01]
 [6.13992663e+00 3.42359010e+01]
 [1.11413737e+01 2.92004353e+01]
 [4.41139604e+00 3.62529467e+01]
 [5.74711369e+01 1.07661874e+01]
 [4.19220930e+01 1.46992807e+01]
 [4.68152236e+01 1.33246294e+01]
 [4.96067394e+01 1.26582504e+01]
 [3.15088335e+01 1.81856401e+01]
 [1.23065755e+02 4.33604217e+00]
 [1.00997664e+01 3.03583244e+01]
 [2.09228537e+00 4.03991319e+01]
 [1.01886215e+01 3.01121802e+01]
 [2.28034222e+00 3.98954234e+01]
 [7.30765043e+01 7.83644108e+00]
 [2.86658104e+01 1.94534267e+01]
 [5.48926049e+01 1.14395649e+01]
 [5.74633357e+00 3.45015785e+01]
 [4.92495688e-01 4.56822309e+01]
 [1.29890367e+02 4.33228481e+00]
 [1.31171385e+00 4.22298823e+01]
 [4.21678058e-02 4.87847818e+01]
 [2.69456517e+01 2.01670120e+01]
 [5.25744475e+01 1.19312479e+01]
 [2.94311654e+01 1.90316894e+01]
 [1.09982173e+01 2.95122496e+01]
 [2.35584293e+01 2.19292774e+01]
 [1.14379622e+01 2.89473852e+01]
 [8.72589121e-01 4.37680488e+01]
 [3.59534850e+01 1.65985746e+01]
 [1.43740842e+01 2.67870475e+01]
 [1.11453023e+00 4.28152334e+01]
 [4.87201479e+01 1.29302478e+01]
 [9.72093138e+01 5.25241606e+00]
 [1.43432846e+01 2.68173329e+01]
 [4.16954352e+01 1.47655714e+01]
 [4.59361798e+01 1.35598965e+01]
 [3.38722403e+00 3.78357151e+01]
 [6.75094817e+01 8.78696742e+00]
 [8.41282489e+01 6.35657249e+00]
 [1.15890780e+02 4.38239934e+00]
 [5.35080289e+00 3.49822208e+01]
 [2.21805518e+00 4.00515186e+01]
 [8.11128767e+01 7.06506300e+00]
 [2.21234285e+01 2.23045153e+01]
 [1.56504580e+01 2.59400596e+01]
 [1.37326913e+01 2.76611689e+01]
 [7.62880223e+01 7.34016867e+00]
 [5.53073461e+01 1.12674376e+01]
 [7.22120807e+01 7.96489153e+00]
 [1.10570992e+02 4.55707070e+00]
 [1.30624282e+01 2.78275794e+01]
 [2.32725934e+01 2.21211476e+01]
 [2.53292773e+01 2.09208355e+01]
 [5.63272789e+01 1.10311211e+01]
 [1.54466906e+00 4.16036969e+01]
 [2.42114905e+01 2.12764321e+01]
 [9.44826414e+01 5.51920259e+00]
 [2.17510543e+01 2.24597005e+01]
 [2.08466819e+01 2.29500642e+01]
 [6.49984682e+00 3.35985429e+01]
 [2.54646222e+01 2.08959832e+01]
 [1.70039714e+01 2.51285081e+01]
 [5.94018687e+01 1.05682124e+01]
 [1.08294013e+02 4.65603186e+00]
 [3.03583035e-02 4.88175331e+01]
 [9.13965373e+01 5.70716528e+00]
 [1.73339831e+01 2.49945168e+01]
 [6.19016769e+00 3.41343403e+01]
 [7.09826213e+00 3.29368587e+01]
 [7.54449824e+01 7.46587380e+00]
 [4.04701827e+01 1.51376791e+01]
 [3.09546261e+01 1.84149795e+01]
 [5.21164072e+01 1.19989871e+01]
 [4.07046885e+00 3.68582162e+01]
 [5.92856036e-01 4.50020315e+01]
 [8.67000739e-01 4.40505871e+01]
 [5.64113540e+01 1.10064393e+01]
 [5.84834579e+01 1.06000721e+01]
 [1.75475896e+01 2.47776776e+01]
 [6.16049801e+01 9.99164881e+00]
 [6.65532187e+00 3.35622761e+01]
 [3.60336709e+01 1.65958633e+01]
 [3.14006681e+01 1.82291757e+01]
 [2.57540330e+01 2.05754940e+01]
 [3.96091152e+01 1.54072867e+01]
 [7.36692485e+01 7.76108227e+00]
 [1.90082086e+01 2.39245406e+01]
 [2.18141126e+01 2.24580944e+01]
 [1.39824181e+01 2.71827758e+01]
 [4.41157040e+01 1.40643999e+01]
 [5.16710222e+01 1.20944363e+01]
 [1.44870440e+01 2.67849892e+01]
 [2.73315832e+01 2.01390177e+01]
 [1.77066006e+01 2.47578644e+01]
 [4.26449615e+01 1.45274345e+01]
 [1.51278758e+01 2.63789360e+01]
 [1.04835334e+01 2.97708190e+01]
 [7.55319366e+01 7.45150636e+00]
 [2.60251590e+01 2.04709101e+01]
 [1.89297479e+01 2.41324088e+01]
 [2.76007001e+01 2.00814130e+01]
 [5.37395300e+01 1.16008224e+01]
 [6.04347176e+01 1.01524050e+01]
 [1.18851051e+01 2.88782355e+01]
 [7.94333387e+01 7.17233856e+00]
 [1.71523084e+01 2.50051954e+01]
 [2.49320009e+00 3.94743694e+01]
 [8.70901476e+01 6.05493507e+00]
 [6.77042699e+01 8.75813685e+00]
 [1.32378980e+02 4.03587590e+00]
 [2.95177658e+01 1.90161868e+01]
 [7.60206070e+01 7.43983945e+00]
 [1.02330220e+02 4.86142675e+00]
 [9.39604821e+00 3.06745111e+01]
 [5.74591933e+00 3.48790990e+01]
 [2.12239520e+01 2.27299679e+01]
 [6.09166166e+01 1.00401135e+01]
 [1.49639344e+01 2.64746546e+01]
 [7.38527345e+01 7.75332405e+00]
 [5.74582988e+01 1.08046383e+01]
 [7.30797404e+00 3.27472519e+01]
 [1.99138753e+01 2.34251726e+01]
 [3.23061289e+01 1.79745446e+01]
 [3.87910996e+00 3.71694911e+01]
 [4.32630864e+01 1.43327969e+01]
 [6.44669345e+01 9.37166416e+00]
 [2.06805805e-01 4.68982343e+01]
 [4.25411445e+01 1.45661202e+01]
 [3.88304941e+01 1.56510676e+01]
 [6.41072791e+01 9.41966558e+00]
 [2.90866903e+01 1.91540588e+01]
 [1.78695339e+01 2.46499786e+01]
 [1.44999366e+01 2.67013744e+01]
 [9.48255396e+00 3.06522354e+01]
 [7.72951596e-01 4.42011856e+01]
 [9.29586896e+00 3.08236493e+01]
 [4.86162806e+00 3.57204788e+01]
 [9.68228992e+01 5.25498748e+00]
 [3.33719031e+01 1.74946420e+01]
 [2.49352508e+01 2.09271851e+01]
 [2.95848221e-01 4.63848387e+01]
 [1.24237031e+01 2.84399821e+01]
 [7.69278200e+00 3.23290943e+01]
 [4.83606731e+01 1.30045396e+01]
 [3.87089792e+01 1.56835359e+01]]
