[[6.43912439e-03 1.05215652e-03]
 [4.98600917e+00 2.99371705e+00]
 [4.90912061e+00 2.99371705e+00]
 [4.70859499e+00 2.97898241e+00]
 [4.77072423e+00 2.99822790e+00]
 [4.36692281e-01 6.81739049e-01]
 [3.51685348e+00 2.99972567e+00]
 [2.07413211e+00 1.90684094e+00]
 [3.42539454e+00 2.99593876e+00]
 [2.51529387e+00 2.92902226e+00]
 [4.59936684e+00 2.99707325e+00]
 [2.66259964e+00 2.51300309e+00]
 [2.54135374e+00 2.99883764e+00]
 [4.42654260e-01 4.40190086e-01]
 [1.17793651e+00 1.46702577e+00]
 [3.63546804e+00 2.99221719e+00]
 [1.16563746e+00 1.76073012e+00]
 [9.73946634e-01 1.01548748e+00]
 [1.94159182e+00 1.73256365e+00]
 [1.97328491e+00 1.92447333e+00]
 [9.14177278e-01 9.89904113e-01]
 [2.76219677e+00 2.82094550e+00]
 [3.33519261e+00 2.99593876e+00]
 [1.23567945e+00 1.29708461e+00]
 [1.92500816e+00 2.12848325e+00]
 [1.82329738e+00 1.76190562e+00]
 [1.67826485e+00 1.59219500e+00]
 [3.59549431e-01 1.20733498e-01]
 [3.17691263e-01 7.14624699e-01]
 [1.42228976e+00 1.42891351e+00]
 [2.56753996e+00 2.49948151e+00]
 [1.32778983e-01 1.39860654e-01]
 [2.19446323e+00 2.24476926e+00]
 [8.08214299e-01 7.15431051e-01]
 [3.02676763e+00 2.82578721e+00]
 [2.30019425e+00 2.24543709e+00]
 [1.24040842e+00 1.46702577e+00]
 [2.54340572e+00 2.44498784e+00]
 [6.03936058e-01 6.06006725e-01]
 [4.25841887e+00 2.99936234e+00]
 [8.08214299e-01 8.10700522e-01]
 [3.97471822e+00 2.99029218e+00]
 [1.21327478e+00 1.07933552e+00]
 [3.71680632e+00 2.99308202e+00]
 [2.03826677e+00 2.20918577e+00]
 [2.88462810e+00 2.77532330e+00]
 [1.79224478e+00 1.61597202e+00]
 [1.88415007e+00 1.96860388e+00]
 [2.03385792e+00 2.06537979e+00]
 [4.05223049e-01 5.38063484e-01]
 [3.00294260e+00 2.96313906e+00]
 [4.38839975e+00 2.99261120e+00]
 [1.32300221e+00 1.66158394e+00]
 [1.01806194e+00 1.19627622e+00]
 [1.03207952e+00 1.11379859e+00]
 [2.20023916e-01 1.10863307e-01]
 [3.15229107e+00 2.98613187e+00]
 [2.22961977e+00 2.08604142e+00]
 [2.18489866e+00 2.21421551e+00]
 [4.23718448e+00 2.96261418e+00]
 [6.03936058e-01 7.27538562e-01]
 [4.77072423e+00 2.99588433e+00]
 [1.51645520e+00 1.68244082e+00]
 [9.34765153e-01 1.15059016e+00]
 [7.68865424e-01 9.22707605e-01]
 [3.31903002e+00 2.98952597e+00]
 [1.87372656e+00 1.84137206e+00]
 [1.91087230e-01 4.50656379e-01]
 [4.95674428e+00 2.99225660e+00]
 [3.59549431e-01 3.69291289e-02]
 [1.32173398e+00 1.46647210e+00]
 [4.13954576e+00 2.99357022e+00]
 [3.04814451e-01 3.20563618e-01]
 [1.85340738e+00 1.48555475e+00]
 [1.40625856e+00 1.71750979e+00]
 [3.22613029e-01 4.65267168e-01]
 [2.22759393e-01 3.22482387e-01]
 [2.51529387e+00 2.73299979e+00]
 [2.22244117e+00 2.11825649e+00]
 [1.94031542e+00 1.56824692e+00]
 [8.81702959e-02 1.13781851e-01]
 [3.93129854e+00 2.99029218e+00]
 [2.80843497e+00 2.99093431e+00]
 [3.17691263e-01 6.72624738e-01]
 [2.44405059e-02 1.42321297e-02]
 [4.48863997e+00 2.99588433e+00]
 [4.31917370e+00 2.98974078e+00]
 [4.56579279e+00 2.99588433e+00]
 [2.56753996e+00 2.49784760e+00]
 [3.77277493e+00 2.91305560e+00]
 [2.45067712e-01 4.79300677e-01]
 [3.78287395e+00 2.99831897e+00]
 [2.76410989e+00 2.52609268e+00]
 [1.24973744e+00 1.20838603e+00]
 [2.00552628e+00 2.20918577e+00]
 [9.11884790e-01 8.87647820e-01]
 [2.38305730e+00 2.40768516e+00]
 [2.30019425e+00 2.35489315e+00]
 [4.06732371e+00 2.99936234e+00]
 [2.34565260e+00 2.56760173e+00]
 [2.35501562e+00 2.50647130e+00]
 [2.70233648e+00 2.50627817e+00]
 [3.18318196e+00 2.99221719e+00]
 [3.24919300e+00 2.95927373e+00]
 [3.08610510e+00 2.99972567e+00]
 [1.83798463e+00 1.71750979e+00]
 [6.03936058e-01 6.34628731e-01]
 [2.37326061e+00 2.43514275e+00]
 [2.56753996e+00 2.16177372e+00]
 [2.08652401e+00 1.67606949e+00]
 [2.24535424e+00 1.90684094e+00]
 [4.53043418e+00 2.99588433e+00]
 [3.53601958e+00 2.93660495e+00]
 [1.53815541e+00 1.68244082e+00]
 [3.24919300e+00 2.99900859e+00]
 [3.64411670e+00 2.99327067e+00]
 [1.17000952e+00 1.22715229e+00]
 [1.76684746e+00 1.59219500e+00]
 [2.79333734e+00 2.95793298e+00]
 [6.15460323e-02 6.71802343e-02]
 [4.12727686e+00 2.99308202e+00]
 [2.01612680e+00 1.77992506e+00]
 [2.60449092e+00 2.72102415e+00]
 [1.10547150e+00 1.08419046e+00]
 [9.94006692e-02 7.86329606e-02]
 [6.79157764e-01 7.14323856e-01]
 [3.00294260e+00 2.90454176e+00]
 [3.80926953e+00 2.99221719e+00]
 [4.22008566e+00 2.99549370e+00]
 [2.08652401e+00 2.52157344e+00]
 [4.03520568e+00 2.97824882e+00]
 [4.43068474e+00 2.99999957e+00]
 [2.03826677e+00 2.13116445e+00]
 [3.07544561e+00 2.96980628e+00]
 [1.74946967e+00 1.71299676e+00]
 [6.65134245e-01 8.31739640e-01]
 [3.33116333e-01 4.70395345e-02]
 [1.35487801e+00 1.31892803e+00]
 [1.39477225e+00 1.02328108e+00]
 [2.91599441e+00 2.98952597e+00]]
