[[2.08511002 2.16097348]
 [0.93130106 1.03668218]
 [2.09597257 2.0556585 ]
 [2.08652401 1.67606949]
 [0.70193469 0.59430447]
 [1.05814058 0.79663998]
 [2.24956067 1.73516884]
 [1.63322451 1.58117431]
 [3.45448459 2.99196855]
 [0.09940067 0.07863296]
 [2.76410989 2.52609268]
 [2.92879636 2.90878724]
 [0.29958845 0.36403037]
 [0.22275939 0.32248239]
 [2.62335155 2.77442391]
 [3.08389179 2.84704896]
 [0.88098128 0.99619072]
 [2.9100709  2.63649595]
 [2.16838174 2.42208159]
 [2.63857323 2.40648325]
 [2.59505814 2.31265173]
 [2.07924359 1.8500552 ]
 [3.91374707 2.97141535]
 [2.2095214  1.74473222]
 [2.32500741 2.84264682]
 [1.10716367 0.80121606]
 [0.09166321 0.20017499]
 [1.9742524  2.24081549]
 [0.72779116 0.47319021]
 [0.73396187 0.79289245]
 [2.58633799 2.74921756]
 [0.43741105 0.68192921]
 [2.85357926 2.99026028]
 [2.46035901 2.19027363]
 [1.69354013 1.57168841]
 [2.52259585 2.02154702]
 [2.42214223 2.57795342]
 [1.37059888 1.68158997]
 [0.13313942 0.33276111]
 [2.9100709  2.87145946]
 [1.04972279 0.73854566]
 [3.01052882 2.85648587]
 [1.27726138 1.09966993]
 [4.00372284 2.9749806 ]
 [2.08511002 2.23116638]
 [3.91374707 2.98172988]
 [1.77742213 1.691359  ]
 [1.62523421 1.57168841]
 [2.86632153 2.86065075]
 [0.09940067 0.0551451 ]
 [2.93064564 2.90885365]
 [0.09940067 0.03425905]
 [2.33933801 2.83995593]
 [2.62499805 2.30277231]
 [0.24972568 0.19611515]
 [1.33875463 0.97101727]
 [2.66430264 2.34415445]
 [2.32165836 2.36600762]
 [1.7167312  2.16895061]
 [2.63212967 2.88330311]
 [1.74356112 1.67994665]
 [0.82189017 0.99840196]
 [2.06225859 1.72418196]
 [3.06844826 2.98874828]
 [1.98856862 2.15129851]
 [1.85818917 1.74756156]
 [0.72339847 0.65313846]
 [3.36704691 2.93675405]
 [1.51034134 1.40064007]
 [1.59860431 1.53410103]
 [2.08105068 1.73516884]
 [1.48294707 1.09966993]
 [3.02906431 2.93702321]
 [3.37096045 2.99196855]
 [0.93130106 1.20265784]
 [1.00614525 0.9679526 ]
 [2.8495635  2.58468932]
 [1.1114134  1.1312478 ]
 [3.11490216 2.96311184]
 [0.72554493 0.57879244]
 [3.3234087  2.79474742]
 [0.52207724 0.47361682]
 [0.99284944 1.20371849]
 [1.09941315 0.88157686]
 [1.59021606 1.70866185]
 [2.99414051 2.69552582]
 [1.05741662 1.47395754]
 [2.88028509 2.35935146]
 [3.25120036 2.84698256]
 [2.31226733 2.43118431]
 [2.59233456 2.61876713]
 [1.29007985 1.55805547]
 [4.49292273 2.99284265]
 [1.94085105 2.24081549]
 [0.6505116  0.83755104]
 [1.91051376 2.19154883]
 [1.40951757 1.09276711]
 [2.05580725 1.63658843]
 [1.71319746 1.81832716]
 [1.67517442 1.88575442]
 [3.45448459 2.98498038]
 [2.04211161 2.49194941]
 [0.505002   0.75832765]
 [2.54459356 2.20902937]
 [3.06844826 2.94942426]
 [1.40142404 1.58708897]
 [2.03399457 1.79501911]
 [0.78664751 0.96081228]
 [1.27918417 1.43328537]
 [0.78414122 0.80203775]
 [2.36471193 2.43118431]
 [3.10128325 2.87546827]
 [0.22275939 0.07967318]
 [1.9411276  2.32830244]
 [1.09779331 1.07669525]
 [2.420928   2.46998163]
 [1.41540871 1.15315142]
 [0.525627   0.38110876]
 [1.13038267 1.03992985]
 [0.13126087 0.20475395]
 [4.95299372 2.99403951]
 [3.12987112 2.68560132]
 [2.9100709  2.94453609]
 [4.60813009 2.99031923]
 [1.02016608 1.20371849]
 [2.45854565 2.62154014]
 [4.89769325 2.98985741]
 [0.50889716 0.43334728]
 [0.88021964 0.65686725]
 [2.15109016 2.01578764]
 [4.21196825 2.96004917]
 [1.97126305 2.23261846]
 [3.43257443 2.99357324]
 [0.1372058  0.33276111]
 [3.9922826  2.99197151]
 [2.26312635 2.18928856]
 [1.42408691 1.74698782]
 [2.24629039 1.75520796]
 [2.1591559  2.23116638]
 [1.61808535 1.691359  ]
 [1.18810678 1.09966993]
 [1.09599154 0.80121606]
 [2.33119988 2.35679206]
 [0.61392922 0.88697587]
 [2.64596826 2.9132222 ]
 [1.97827992 2.43287091]
 [1.65961242 2.0695785 ]
 [4.4225719  2.99744367]
 [2.14884192 2.15129851]
 [2.9100709  2.85588823]
 [1.74541782 1.75415095]
 [0.71714215 0.83755104]
 [0.30575776 0.36403037]
 [2.02814021 1.83496832]
 [1.03830001 1.40459277]
 [1.1102457  1.48666636]
 [1.55034523 1.70278465]
 [0.85467545 0.86139254]
 [1.62523421 1.57160574]
 [1.82112995 1.6414277 ]
 [4.2264587  2.990816  ]
 [0.68785485 0.70164264]
 [0.92910821 1.1312478 ]
 [1.57532398 2.04907309]
 [2.59505814 2.82852952]
 [2.10262431 1.77350765]
 [1.27726138 1.14615266]
 [2.4330424  2.19027363]
 [2.51459594 2.30105716]
 [0.49481177 0.38000575]
 [3.36636973 2.98172988]
 [0.08659197 0.03295715]
 [2.49331436 2.35935146]
 [4.47376707 2.99196855]
 [1.52006438 1.47551139]
 [3.76895574 2.96737827]
 [3.33973048 2.86895927]
 [4.06319282 2.96428895]
 [2.66734431 2.79591621]
 [2.31226733 2.36316094]
 [3.03586138 2.86065075]
 [0.56822211 0.47319021]
 [1.06656279 1.38366045]
 [4.38361729 2.99744367]
 [1.26916015 1.43328537]
 [2.05580725 1.67925118]
 [0.74191035 0.64828886]
 [4.29855373 2.99176114]
 [3.0877546  2.73869918]
 [3.06905144 2.92869254]
 [1.5210513  1.69852131]
 [2.65112589 2.64731556]
 [2.51497016 2.83328646]
 [4.53115284 2.99272779]
 [0.92910821 1.15451595]
 [1.19300348 1.36929899]
 [2.39195674 2.28436371]
 [0.89279578 0.87459131]
 [1.54216587 1.80110237]
 [2.26312635 2.2005902 ]
 [1.8369277  1.75520796]
 [1.54939619 1.34395311]
 [3.91558433 2.99357324]
 [3.63657923 2.89381362]
 [0.22352143 0.54451491]
 [0.53715264 0.21094103]
 [0.73396187 0.74015555]
 [0.29603579 0.25784225]
 [1.21696696 1.54573487]
 [0.23045054 0.20075102]
 [0.61379931 0.80203775]
 [2.36061288 2.42208159]
 [0.56396066 0.48688073]
 [2.81898129 2.97373515]
 [2.40573863 2.56036129]
 [4.1184722  2.99031923]
 [3.69249145 2.92616558]
 [2.04528827 2.02021761]
 [1.29007985 1.3454885 ]
 [4.06319282 2.97420127]
 [0.27802077 0.07863296]
 [3.03552491 2.9240454 ]
 [1.36953112 1.59948761]
 [0.52595616 1.08552204]
 [2.4129998  2.47169649]
 [2.63857323 2.37391818]
 [1.5646913  1.55805547]
 [1.51034134 1.50149965]
 [2.22635355 2.21229245]
 [2.6293701  2.92764792]
 [0.08890709 0.03295715]
 [0.3622924  0.23879594]
 [2.04613815 1.69852131]
 [0.8570049  0.86139254]
 [0.72967501 0.99840196]
 [0.72035907 0.52555904]
 [2.61480268 2.74921756]
 [3.70420074 2.96991992]
 [1.78850263 1.88575442]
 [1.02016608 1.23170034]
 [2.53097598 2.59861893]
 [0.79345443 0.91148523]
 [2.56358486 2.40965967]
 [2.75810113 2.84318524]
 [3.31825106 2.9132222 ]
 [1.54408896 1.53410103]
 [0.39339762 0.22033507]
 [2.66621599 2.70673811]
 [1.68815511 2.01610425]
 [1.21550042 0.79649598]
 [3.29723865 2.86895927]
 [1.10307018 1.48666636]
 [4.53207343 2.99775948]
 [2.03399457 2.49067994]
 [4.07587716 2.99197151]
 [1.73568428 1.75415095]
 [2.86334102 2.77412244]
 [2.46741835 2.58550503]
 [0.07596075 0.19611515]
 [3.36636973 2.98319115]
 [4.23214689 2.99861436]
 [0.44956205 0.22945604]
 [4.47376707 2.99586219]
 [0.08677756 0.2147617 ]
 [3.30029349 2.88610955]
 [1.39372046 1.29184935]
 [1.9411276  2.32911334]
 [4.92664418 2.99040758]
 [0.02897331 0.20182721]
 [2.6975825  2.79692143]
 [1.35930518 1.68158997]
 [2.28337738 2.53890554]
 [3.94432017 2.88216941]
 [3.38654438 2.88716524]
 [2.36574722 2.42775517]
 [3.74001389 2.96779308]
 [0.73588808 0.4784551 ]
 [2.85824295 2.65225323]
 [3.03808361 2.66520666]
 [1.84490582 1.76206943]
 [1.42408691 1.07050897]
 [0.73655608 0.71476741]
 [3.64787676 2.92593701]
 [1.58419771 1.56379971]
 [0.50889716 0.41040124]
 [2.14351914 2.33646652]
 [0.93130106 1.03089318]
 [2.59836337 2.54026252]]
