[[0.62822678 4.53414591 9.09509548 1.55636897]
 [0.43379929 4.27441307 8.65190854 0.52291692]
 [1.68005678 1.30700616 9.63388057 2.58191717]
 [0.55867567 3.33434245 9.48881637 0.91937637]
 [1.18582585 2.56987231 9.60000241 1.2892189 ]
 [1.04256965 1.81511829 9.40087105 1.9611576 ]
 [0.454131   4.41948928 9.29574171 1.40800301]
 [0.57152466 2.80940531 8.87781336 1.32397866]
 [0.52797523 5.26156423 9.81340468 2.07869755]
 [0.56153419 3.97667421 9.73520026 2.02663579]
 [1.66172403 1.49857646 9.5960396  4.33527281]
 [0.48388569 3.17481379 9.51242673 3.25105305]
 [1.51642456 1.86709885 9.70171865 4.25190146]
 [0.92893012 1.7285629  9.60011357 4.04534423]
 [0.48239911 2.4995276  9.48881637 0.56548977]
 [1.99755686 1.55280451 9.86398655 4.54081603]
 [1.47896822 0.80956215 9.65089332 3.61886417]
 [0.29119869 6.96916857 9.68673901 0.93105507]
 [1.03981896 1.90660622 9.63603167 2.93609384]
 [1.69966729 2.38951652 9.90575912 4.9140953 ]
 [0.91845299 2.56987231 9.60000241 1.26419283]
 [1.26089603 1.95983639 9.64532914 2.93609384]
 [0.58136946 1.93588063 8.91815893 2.91572837]]
