[[0.43379929 4.27441307 8.65190854 0.52291692]
 [0.4078619  3.60207256 8.70807395 0.97683953]
 [2.01614146 0.71871349 9.51592039 4.04857475]
 [1.36438273 0.82220221 9.15688449 2.11104674]
 [2.66194485 0.31162201 9.93098262 4.89245965]
 [1.6829102  1.2165967  9.92029115 2.19221475]
 [0.622112   3.69096039 8.63592262 1.50818091]
 [0.62822678 3.1697249  9.09509548 1.55636897]
 [0.77719802 3.11537058 9.38363564 1.55636897]
 [2.66194485 0.3086032  9.93098262 4.93116347]
 [2.01614146 0.71871349 9.21323358 4.01261432]
 [3.37196764 0.26563281 9.20844951 4.64335094]
 [1.96834782 0.88831093 9.06952144 3.5046341 ]
 [2.66194485 0.31162201 9.93122138 4.89245965]
 [0.43379929 4.23395033 8.63302905 0.52291692]]
