[[0.45577815 0.92688271]
 [0.77482573 0.73133659]
 [0.13894568 0.95782998]
 [0.49733328 0.86835139]
 [0.47944855 0.88235558]
 [0.78167587 0.68746232]
 [0.45557431 0.92940051]
 [0.1830401  0.9310431 ]
 [0.73209221 0.76491315]
 [0.71416643 0.77885737]
 [1.0240884  0.09839743]
 [0.98574804 0.12034627]
 [0.98460009 0.16250083]
 [0.95683067 0.1894379 ]
 [0.73982613 0.7594184 ]
 [0.8746642  0.49728507]
 [0.11776054 0.99699492]
 [0.79970323 0.60367209]
 [0.12434521 0.98555832]
 [0.54842766 0.82023014]
 [0.96733052 0.18805457]
 [0.76821675 0.74041898]
 [0.04786978 1.04164685]
 [0.72677819 0.76508637]
 [0.16532817 0.95551349]
 [0.82296408 0.50167975]
 [0.52545674 0.82213351]
 [0.50681062 0.84417441]
 [0.12415089 0.99684034]
 [0.58306233 0.79327907]
 [0.11077626 0.99712772]
 [1.01360854 0.11628283]
 [1.05331463 0.09545434]
 [0.7571601  0.75828415]
 [0.79632784 0.61407539]
 [0.09654238 1.01332632]
 [0.13053623 0.96591695]
 [0.93631822 0.18947418]
 [0.58621147 0.78460201]
 [0.97678599 0.17544993]
 [0.59584507 0.77916392]
 [0.80124579 0.56382439]
 [0.92160896 0.46531115]]
