[[0.79947911 2.97243018 9.77918024 1.70517533]
 [1.63848589 0.69254151 9.58835812 2.8595071 ]
 [0.76368686 2.67733982 9.4385546  4.05532186]
 [0.26275018 6.20487466 8.31570126 1.19122671]
 [0.57153107 2.11473583 8.85247785 2.4034012 ]
 [0.38867261 4.27441307 8.96623485 0.45280541]
 [0.53253433 2.96989062 9.50988744 2.10961584]
 [0.61991053 3.44542085 9.47923278 4.94895914]
 [1.16953514 1.46302294 9.78526034 2.47765523]
 [0.4791701  2.12946163 9.9439074  4.21120037]
 [0.75214306 2.67733982 9.42259177 4.05302094]
 [1.07482836 2.10576104 9.57902444 2.09588852]
 [0.5355604  2.69083062 9.7620649  1.36342413]
 [0.51271343 4.27441307 8.65190854 1.01988454]
 [0.43078992 4.17276983 9.78682681 4.84186435]
 [0.65326785 2.38597894 9.75337203 1.63959093]
 [0.75214306 2.67733982 9.42259177 4.03960946]
 [1.29161426 1.58757733 9.52571765 1.85937583]
 [0.79738145 2.97243018 9.77918024 1.63164926]
 [0.48936657 2.46298908 9.56277005 1.39702614]
 [0.23113116 7.26983179 8.60453468 0.61095503]
 [1.08149929 2.0983216  9.94445407 4.28005423]
 [1.27594586 1.52414129 9.06828368 2.49524607]
 [0.33457388 8.29376597 9.72612239 0.65021347]
 [1.76610688 0.69496072 9.73280767 3.47085046]
 [0.43078992 4.17276983 9.78682681 4.93055321]
 [0.75823385 3.64256646 9.85010893 2.09410532]
 [1.02027518 3.23463811 9.88075054 4.97249215]
 [1.16352687 1.64566508 9.78526034 3.17486269]
 [0.51271343 3.07587355 8.65190854 0.52291692]
 [4.29683965 3.23463811 9.88075054 4.98481169]]
