[[1.52610864e-02 2.65060857e+04]
 [4.48927166e-02 9.16056255e+03]
 [3.93752889e-02 1.06532184e+04]
 [3.39946541e-02 1.19017793e+04]
 [3.99955887e-02 1.06219886e+04]
 [2.69897406e-02 1.55173060e+04]
 [3.70128177e-02 1.09776149e+04]
 [4.18541489e-02 9.65590185e+03]
 [1.07192317e-02 3.87363394e+04]
 [3.15247391e-02 1.32695640e+04]
 [3.18475519e-02 1.27103137e+04]
 [1.20622167e-02 3.74183468e+04]
 [9.94202140e-03 4.21205463e+04]
 [1.75662574e-02 2.46631743e+04]
 [5.80348224e-03 8.04541568e+04]
 [5.25064956e-03 9.90916651e+04]
 [2.57065886e-02 1.59723699e+04]
 [1.42412880e-02 3.02360048e+04]
 [8.62407872e-03 4.80120660e+04]
 [1.29877897e-02 3.30752248e+04]
 [2.15610606e-02 1.97547574e+04]
 [4.73555666e-02 9.12917325e+03]
 [2.90637842e-02 1.38857811e+04]
 [6.39436901e-03 7.40431534e+04]
 [1.70144863e-02 2.46728070e+04]
 [1.21628554e-02 3.63148152e+04]
 [2.21341606e-02 1.91251387e+04]
 [1.31857021e-02 3.26053494e+04]
 [3.64455669e-02 1.10932675e+04]
 [1.06343146e-02 4.01264733e+04]
 [1.81730527e-02 2.40047991e+04]
 [1.82729705e-02 2.29422416e+04]
 [2.42710418e-02 1.73380515e+04]
 [2.15083785e-02 2.01993675e+04]
 [3.07244534e-02 1.36577191e+04]
 [3.35754377e-02 1.20727155e+04]
 [2.25235489e-02 1.81731401e+04]
 [5.55812092e-02 8.66426680e+03]
 [2.66517713e-02 1.59145492e+04]
 [4.23761625e-02 9.64880595e+03]
 [1.33275628e-02 3.14741665e+04]
 [2.53600540e-02 1.66567073e+04]
 [3.26700372e-02 1.23221748e+04]
 [4.49889825e-02 9.13411627e+03]
 [2.84663264e-02 1.41039830e+04]
 [6.11139436e-02 8.62940264e+03]
 [2.75926714e-02 1.54758066e+04]
 [4.37306171e-02 9.29716200e+03]
 [2.07245284e-02 2.02223931e+04]
 [3.52159529e-02 1.17419189e+04]
 [6.04974581e-03 8.01334124e+04]
 [1.24360090e-02 3.55027664e+04]
 [2.36601911e-02 1.79635540e+04]
 [3.60968363e-02 1.14019775e+04]
 [1.03001830e-02 4.08969652e+04]
 [1.92872500e-02 2.19944955e+04]
 [4.09380272e-02 1.00829025e+04]
 [1.58245259e-02 2.59048909e+04]
 [7.65446430e-03 5.74210428e+04]
 [2.50760704e-02 1.72375307e+04]
 [3.13181428e-02 1.34289154e+04]
 [3.83258796e-02 1.07200318e+04]
 [4.90774990e-02 8.79712983e+03]
 [2.80976985e-02 1.47132033e+04]
 [1.78150149e-02 2.41167578e+04]
 [1.02097040e-02 4.20640968e+04]
 [1.29302628e-02 3.49126968e+04]
 [9.35894218e-03 4.62747718e+04]
 [1.69938694e-02 2.54258746e+04]
 [8.47911560e-03 4.94650434e+04]
 [2.45779311e-02 1.72725692e+04]
 [2.00756075e-02 2.06007800e+04]
 [2.69027422e-02 1.58840241e+04]]
