[[1.58871066 1.5157577  9.02295352 2.76510197]
 [0.43379929 4.27441307 8.65190854 0.52291692]
 [1.59474653 1.40147932 8.65190854 2.6222109 ]
 [0.28915062 4.388695   9.22993009 0.66604533]
 [0.5507357  4.53414591 9.0857256  1.55636897]
 [1.41033557 0.85658203 9.37709581 3.89653605]
 [1.60808389 1.40164376 9.47136253 4.97620994]
 [1.03304016 1.40147932 8.65190854 1.23687844]
 [2.0192548  1.36698027 9.47915978 2.48588633]
 [1.30191015 0.85658203 9.37709581 4.12729062]
 [0.93092764 2.4455902  9.66250412 2.88527636]
 [0.6653742  3.70585422 9.85886004 4.90049633]
 [0.6711553  3.20677196 9.7667821  1.21834961]
 [2.0192548  1.36353123 9.47915978 2.34969139]
 [1.07748507 1.44389021 9.48101574 4.25329041]
 [1.26390458 0.88212366 9.79206256 4.48253693]
 [1.62633379 0.85289935 9.37709581 4.12949931]
 [1.60808389 1.40164376 9.47136253 4.97907016]
 [0.61359237 4.38191207 9.09509548 1.55636897]
 [1.18810679 1.40147932 9.97393812 1.65063712]
 [0.43379929 4.27441307 8.74101668 0.52291692]
 [1.37896681 0.90031987 8.82397896 3.89653605]
 [0.59206042 8.80924922 9.95626209 4.86341399]]
