[[0.62822678 4.53414591 9.09509548 1.55636897]
 [0.43379929 4.27441307 8.65190854 0.52291692]
 [0.55867567 3.33434245 9.48881637 0.91937637]
 [1.18582585 2.56987231 9.60000241 1.2892189 ]
 [1.04256965 1.81511829 9.40087105 1.9611576 ]
 [0.454131   4.41948928 9.29574171 1.40800301]
 [1.25823323 1.90660622 9.63603167 2.93609384]
 [0.57152466 2.80940531 8.87781336 1.32397866]
 [1.4989948  1.61186095 9.70171865 3.74195519]
 [0.74170297 4.463556   9.30904677 1.56888465]
 [0.32960041 5.5383574  7.65276281 0.83174131]
 [0.55867567 3.33434245 9.48819856 0.91937637]
 [0.51508312 3.40761516 9.48727403 2.8064839 ]
 [1.17922341 5.4024153  9.81882511 4.79859753]
 [0.8965249  3.48962555 9.63402015 4.69902612]
 [0.65051079 3.08705782 7.68562559 0.8481258 ]
 [4.73701827 2.08220968 9.83150629 4.85149781]
 [0.34828111 5.98657849 9.31679967 0.77716925]
 [1.6887638  1.52388143 9.81017423 3.38277488]
 [1.49954601 1.30700616 9.63388057 2.58385912]
 [0.69861605 4.90484079 9.93051544 1.70528635]
 [0.41150055 5.27332904 9.81874413 2.07869755]
 [0.79873437 1.95877803 9.80575189 4.23202708]]
