[[1.86260211e-03 3.45560727e-03 1.79353495e+00]
 [2.85576282e-03 5.86833341e-03 2.50004353e+00]
 [4.30247271e-03 9.73802078e-03 2.35560178e+00]
 [3.81016124e-03 7.49858311e-03 2.02228296e+00]
 [2.74119775e-03 5.60529991e-03 2.34345957e+00]
 [4.44117107e-03 8.28135361e-03 1.85269631e+00]
 [4.32981507e-03 9.09311989e-03 2.21095800e+00]
 [2.69367048e-03 4.76269566e-03 1.82648010e+00]
 [1.92016649e-03 4.57129595e-03 2.52381334e+00]
 [1.79977669e-03 4.05584454e-03 2.22566672e+00]
 [1.32161142e-03 2.05458576e-03 1.21251574e+00]
 [4.22580804e-03 7.01876530e-03 1.55043323e+00]
 [4.32981507e-03 9.09311989e-03 2.29211608e+00]
 [1.26329519e-03 2.32579494e-03 2.01132433e+00]
 [4.44616568e-03 9.73024132e-03 2.35560178e+00]
 [3.19425715e-03 7.45334431e-03 2.60593608e+00]
 [4.32981507e-03 9.10667380e-03 2.26118585e+00]
 [4.04352857e-03 8.91735942e-03 2.36253769e+00]
 [3.64773804e-03 7.49858311e-03 1.97741329e+00]
 [3.51235833e-03 7.48915049e-03 2.15378033e+00]
 [1.86260211e-03 3.45560727e-03 1.76212561e+00]
 [2.18355546e-03 4.83667932e-03 2.05838111e+00]
 [4.66695243e-03 8.29721854e-03 1.64127882e+00]
 [4.01479583e-03 7.52610487e-03 1.52151697e+00]
 [4.32713933e-03 9.09311989e-03 2.29396570e+00]
 [3.45698821e-03 5.88364596e-03 1.44296411e+00]
 [4.44117107e-03 8.76050851e-03 1.85048647e+00]
 [2.08536289e-03 4.25192320e-03 2.04779227e+00]
 [5.71055223e-03 9.91808756e-03 1.67362151e+00]
 [3.67599406e-03 7.30195082e-03 1.79598128e+00]
 [1.14638647e-03 1.86035125e-03 1.78769179e+00]
 [4.27737329e-03 8.24736655e-03 1.86953907e+00]
 [2.18355546e-03 4.83667932e-03 2.04181388e+00]
 [4.26336278e-03 9.37548448e-03 2.40412746e+00]
 [4.30247271e-03 9.71083919e-03 2.51108494e+00]
 [2.96287717e-03 5.14060104e-03 2.02314550e+00]
 [4.44616568e-03 9.75922042e-03 2.35560178e+00]
 [2.08536289e-03 4.33981488e-03 2.37903885e+00]
 [3.67599406e-03 7.53018180e-03 1.99929838e+00]
 [2.77705310e-03 5.39201140e-03 1.72219040e+00]
 [8.37884134e-03 9.99808273e-03 2.78558322e+00]
 [2.32317177e-03 4.20254231e-03 2.13361620e+00]
 [5.35635833e-04 1.32852644e-03 2.94003998e+00]
 [1.46792373e-03 3.38731628e-03 2.64594671e+00]
 [1.75903588e-03 4.04216479e-03 2.22566672e+00]
 [2.10300301e-03 4.25188850e-03 1.78905829e+00]
 [2.03293235e-03 4.92312789e-03 2.43592672e+00]
 [1.69447501e-03 3.39931268e-03 1.67704726e+00]
 [6.60001727e-04 1.57094051e-03 2.60900530e+00]
 [4.18578026e-03 6.87415371e-03 1.45328417e+00]
 [1.61521618e-03 3.29958388e-03 1.83488267e+00]
 [1.16510910e-03 2.46137660e-03 2.38511580e+00]
 [5.81948501e-03 9.91282483e-03 2.89311482e+00]
 [2.75116260e-03 5.84179777e-03 1.99929838e+00]
 [2.31229789e-03 5.20586625e-03 2.22566672e+00]
 [6.20688958e-04 1.04496557e-03 2.32217355e+00]
 [3.77135087e-03 8.12833938e-03 2.04170006e+00]
 [1.14638647e-03 2.45512389e-03 1.76125294e+00]
 [2.10828013e-03 4.26415562e-03 1.79869695e+00]
 [5.18456509e-04 9.58128650e-04 2.73450335e+00]
 [4.26829303e-03 9.75922042e-03 2.35625876e+00]
 [5.21778519e-03 9.69194093e-03 1.79288794e+00]
 [1.39910164e-03 2.98280016e-03 2.60148914e+00]
 [4.17622946e-03 8.59577755e-03 2.12803782e+00]
 [1.77381125e-03 4.31686869e-03 2.60763778e+00]
 [1.25628343e-03 3.27708773e-03 2.26055160e+00]
 [1.75300935e-03 3.37750469e-03 2.03014104e+00]
 [1.14938404e-03 2.45019349e-03 2.36362241e+00]
 [3.59916348e-03 7.49858311e-03 1.97826827e+00]
 [1.36384116e-03 3.06572377e-03 1.99396922e+00]
 [4.23893314e-03 7.75833687e-03 1.52111959e+00]
 [1.16951265e-03 2.54929066e-03 2.43505226e+00]
 [1.87621781e-03 3.31287347e-03 1.59466276e+00]
 [4.19209288e-03 7.88849237e-03 1.76737001e+00]
 [1.48701855e-03 3.64851240e-03 2.58974552e+00]
 [1.61784798e-03 3.31734515e-03 2.11664974e+00]
 [1.14638647e-03 2.53170621e-03 1.86210600e+00]
 [2.77705310e-03 5.39201140e-03 1.73620605e+00]
 [5.71125715e-03 9.91808756e-03 1.66974138e+00]
 [5.67296756e-04 1.23373313e-03 2.61764621e+00]
 [4.91587843e-04 9.31761679e-04 2.89596092e+00]
 [1.11083179e-03 2.53706512e-03 2.22990663e+00]
 [1.89323360e-03 3.45560727e-03 1.81283419e+00]
 [4.44117107e-03 8.32640847e-03 1.85048647e+00]
 [5.18456509e-04 1.32290344e-03 2.71869726e+00]
 [5.64946091e-03 9.46539527e-03 1.49889094e+00]
 [4.29305118e-03 9.82771312e-03 2.53899262e+00]
 [4.69130076e-03 9.97225686e-03 2.39047039e+00]
 [8.79694784e-04 1.86035125e-03 1.91798268e+00]
 [3.86873821e-03 7.49886147e-03 1.97826827e+00]
 [2.23021653e-03 3.76897732e-03 1.59466276e+00]
 [9.72142155e-04 2.45019349e-03 2.20792740e+00]
 [2.74119775e-03 5.05996102e-03 2.02867482e+00]
 [3.81669480e-03 6.32817027e-03 1.68815046e+00]
 [6.84323001e-04 1.49270899e-03 2.41614416e+00]
 [8.19268133e-04 1.38174570e-03 1.78769179e+00]
 [1.36895562e-03 2.38925756e-03 1.60765041e+00]
 [1.38527528e-03 3.03667199e-03 1.99396922e+00]
 [4.25888163e-03 9.90578760e-03 2.66410872e+00]
 [3.10336211e-03 5.96536690e-03 2.10102268e+00]
 [1.40059234e-03 2.61892718e-03 1.66439370e+00]
 [1.00353839e-03 2.16891593e-03 1.85978597e+00]
 [8.28149206e-03 9.99808273e-03 2.77905375e+00]
 [4.04352857e-03 8.91735942e-03 2.34814218e+00]
 [2.75116260e-03 5.84179777e-03 2.09191015e+00]
 [1.14638647e-03 2.55378523e-03 1.84212547e+00]
 [1.58301388e-03 3.52701605e-03 2.61407875e+00]
 [5.35279790e-03 9.84523605e-03 2.90666274e+00]
 [1.68551391e-03 3.80556431e-03 2.16337701e+00]
 [5.61267496e-03 9.90807859e-03 1.73251570e+00]
 [2.01825691e-03 4.32863858e-03 1.79598128e+00]
 [1.08314650e-03 2.25273069e-03 1.80823903e+00]
 [2.96287717e-03 5.14060104e-03 2.03128580e+00]
 [1.17405522e-03 2.04884549e-03 1.72973777e+00]
 [6.20688958e-04 1.04496557e-03 2.30342690e+00]]
