[[3.65543221e+00 1.70220927e-02]
 [2.31335124e+01 7.91701705e-04]
 [3.24638367e+01 5.92859556e-04]
 [1.88082832e+01 1.25894955e-03]
 [4.58122117e+00 6.48194950e-03]
 [4.16110702e+01 4.48009494e-04]
 [3.36649248e+01 5.33167089e-04]
 [1.43272636e+01 1.84114831e-03]
 [2.49172857e+01 7.31082796e-04]
 [1.94723998e+01 1.03179445e-03]
 [2.27176019e+01 7.93575830e-04]
 [4.16202300e+01 4.47660919e-04]
 [9.03950706e+00 3.03045842e-03]
 [1.52095202e+01 1.47291878e-03]
 [9.26271801e+00 2.82901152e-03]
 [1.60034144e+01 1.44984139e-03]
 [1.18015244e+01 2.49074065e-03]
 [1.20059976e+01 2.05788284e-03]
 [5.36081812e+00 4.47414672e-03]
 [6.51612122e+00 3.70672804e-03]
 [2.75431649e+01 6.81572367e-04]
 [7.61289113e+00 3.35791359e-03]
 [1.85116303e+01 1.28869255e-03]
 [3.41341993e+01 5.07336328e-04]
 [4.08381647e+01 4.99477032e-04]]
