[[0.94325798 0.44926606]
 [0.78492906 0.54484695]
 [0.62151002 0.85232349]
 [1.01102723 0.14505571]
 [1.06962804 0.08507868]
 [0.91088756 0.46910973]
 [0.1543849  0.9513477 ]
 [0.62158452 0.78754877]
 [0.1168118  0.98231682]
 [0.9528793  0.1942553 ]
 [0.81555419 0.52542828]
 [0.77784047 0.60840351]
 [0.4899272  0.87076568]
 [0.76746873 0.71059114]
 [0.07424026 1.03018513]
 [1.01316333 0.10524115]
 [0.8238587  0.50213396]
 [0.21378248 0.94992206]
 [0.80321236 0.52614131]
 [0.90675425 0.47871652]
 [0.72768134 0.77155446]
 [0.83784247 0.50170654]
 [0.78657654 0.53842613]]
