[[0.85797659 0.51130546]
 [0.69262908 0.7688025 ]
 [0.8082772  0.51975254]
 [0.76757472 0.70058782]
 [0.80820442 0.52344538]
 [0.08974357 1.01947363]
 [1.00850318 0.08672684]
 [1.02030327 0.07725174]
 [0.78463063 0.64849364]
 [0.1703048  0.98218507]
 [0.58515371 0.8061203 ]
 [0.53079517 0.81311238]
 [0.1686674  0.98940252]
 [0.08599296 1.04526555]
 [0.47508494 0.89576961]
 [0.24334863 0.97539127]
 [0.7665314  0.70428462]
 [0.50257451 0.8800935 ]
 [0.5745215  0.80701481]
 [0.74558491 0.75685171]
 [0.80372897 0.63088987]
 [0.93689599 0.20903052]
 [0.48662399 0.88533173]
 [0.52325925 0.8457417 ]
 [0.88454966 0.50242277]
 [0.89624497 0.47368977]
 [1.04213374 0.0584756 ]
 [0.98694049 0.10823373]
 [0.46893507 0.9313273 ]
 [0.74667719 0.74230667]
 [0.42771888 0.97323572]
 [0.59931766 0.77354178]
 [0.06970956 1.05843181]
 [0.92876461 0.45258611]
 [1.03877611 0.07642625]
 [0.10786933 0.99034053]
 [0.89858882 0.47324669]
 [0.5335245  0.81085806]
 [0.81109087 0.51352516]
 [0.80812379 0.62536519]]
