[[3.60699608e+01 1.65566552e+01]
 [7.76812641e+00 3.22621992e+01]
 [2.61940879e+01 2.05456462e+01]
 [3.44753316e+01 1.71025222e+01]
 [3.38364045e+00 3.78835185e+01]
 [7.01718697e+00 3.32064912e+01]
 [2.06701379e+01 2.30235463e+01]
 [8.35413583e+01 6.42080819e+00]
 [6.42545421e-02 4.82357273e+01]
 [5.60857909e+01 1.11194220e+01]
 [6.81555654e+01 8.66305532e+00]
 [8.89085385e-01 4.35860832e+01]
 [6.14466549e-01 4.47011988e+01]
 [1.45298019e+01 2.68269711e+01]
 [5.83176055e+01 1.06016468e+01]
 [7.04643053e+01 8.30666886e+00]
 [2.37133311e+01 2.18482271e+01]
 [7.07409588e+00 3.29968040e+01]
 [6.16784942e+01 9.95395502e+00]
 [2.05528226e+01 2.32543913e+01]
 [1.04976551e+01 2.98948891e+01]
 [5.10129214e+01 1.23026655e+01]
 [4.83307391e+01 1.30055861e+01]
 [3.09838326e+01 1.84529702e+01]
 [9.65869014e+01 5.29510110e+00]
 [3.17043014e+01 1.83835391e+01]
 [6.08506073e+01 1.02258165e+01]
 [1.93888691e-01 4.71300901e+01]
 [3.56757064e+01 1.67682477e+01]
 [1.17329489e+02 4.34324222e+00]
 [4.66951383e+00 3.58988353e+01]
 [5.69893656e+01 1.08917859e+01]
 [2.62542348e+00 3.94629533e+01]
 [6.83382844e+01 8.64617576e+00]
 [2.13531304e+01 2.26859973e+01]
 [4.18005687e+01 1.50087135e+01]
 [5.00504672e+01 1.25116603e+01]
 [1.88251444e+01 2.41843976e+01]
 [2.58119506e+00 3.96677531e+01]
 [4.03239394e+00 3.69383522e+01]
 [2.38404433e+01 2.15314788e+01]
 [3.69837635e+01 1.63225093e+01]
 [3.36542071e+01 1.74010150e+01]
 [3.20537255e+00 3.81544643e+01]
 [4.94481916e+00 3.56141364e+01]
 [2.83518875e+01 1.95538827e+01]
 [2.40538698e+01 2.14695150e+01]
 [6.48609556e+01 9.26874806e+00]
 [5.05834735e+01 1.23675360e+01]
 [3.43372301e+01 1.71514592e+01]
 [1.93779981e+01 2.37564183e+01]
 [5.01455835e+01 1.24796289e+01]
 [5.40210633e+01 1.15365319e+01]
 [6.43486652e+01 9.37801384e+00]
 [1.20306667e+01 2.85309140e+01]
 [2.25733983e+01 2.24263055e+01]
 [7.44505565e+01 7.63696884e+00]
 [4.67329773e+01 1.33736789e+01]
 [3.88029074e+01 1.58309290e+01]
 [3.01727971e+01 1.87087766e+01]
 [1.34130912e+00 4.22112876e+01]
 [2.15113580e+01 2.25891640e+01]
 [3.35921562e-01 4.59875418e+01]
 [5.79757966e+01 1.06536827e+01]
 [2.15758789e+01 2.25489721e+01]
 [2.66596827e+01 2.02184574e+01]
 [7.79711709e+00 3.22085453e+01]
 [4.45625951e+01 1.40918550e+01]
 [6.96871304e+01 8.40558730e+00]
 [2.47211051e+01 2.10275627e+01]
 [1.42926711e+01 2.71591155e+01]
 [3.79945778e+01 1.59323796e+01]
 [1.31969028e+01 2.76972815e+01]
 [2.76770048e+01 1.99347921e+01]
 [1.05494764e+01 2.98658082e+01]
 [2.32632100e+01 2.22242980e+01]
 [5.33891708e+01 1.18889492e+01]
 [2.77386830e+00 3.89277638e+01]
 [4.67663491e+01 1.33526234e+01]
 [2.37216027e+01 2.17945128e+01]
 [4.21620745e+01 1.46265005e+01]
 [3.75361146e+00 3.72747338e+01]
 [5.38580768e+01 1.16485177e+01]
 [7.39483488e+01 7.74998428e+00]
 [1.43959562e-01 4.74795255e+01]
 [1.10520055e+01 2.94260950e+01]
 [9.49945741e+00 3.05821634e+01]
 [4.38879123e+01 1.41352896e+01]
 [7.99999089e+01 6.87398293e+00]
 [4.48859815e+01 1.40041392e+01]
 [3.56989953e-01 4.59411249e+01]
 [8.59984828e+01 6.15217047e+00]
 [6.58093821e+01 9.10272743e+00]
 [2.82644769e+01 1.96045011e+01]
 [4.25891973e+01 1.45308741e+01]
 [5.88513412e+01 1.05218756e+01]
 [4.34877513e-02 4.87019931e+01]
 [1.64869703e+01 2.54138230e+01]
 [4.71764548e+01 1.32637546e+01]
 [5.42993355e+01 1.15330431e+01]
 [4.22989285e+01 1.45861860e+01]
 [1.73594276e+00 4.11895861e+01]
 [1.15461195e-01 4.79539422e+01]
 [4.85057185e+01 1.29161775e+01]
 [9.79511424e-02 4.81586121e+01]
 [7.25828651e+01 7.99555848e+00]
 [9.19054751e+01 5.64963813e+00]
 [7.51864161e+01 7.53070488e+00]
 [3.11380218e+01 1.84004594e+01]
 [8.46394170e+01 6.34555598e+00]
 [2.14568559e+00 4.01881641e+01]
 [3.52842892e+01 1.68186638e+01]
 [2.18836813e+01 2.24295022e+01]
 [1.05988304e+02 4.68216049e+00]
 [6.67344488e+01 8.92071758e+00]
 [6.64828860e+01 9.03773664e+00]
 [6.24681264e+00 3.40560155e+01]
 [6.36689143e+00 3.40409735e+01]
 [5.63373815e+01 1.10113086e+01]
 [5.36082865e+01 1.18857078e+01]
 [1.25742200e+01 2.80701883e+01]
 [9.97500721e+00 3.04162359e+01]
 [4.18973725e+01 1.47926455e+01]
 [6.53330180e+01 9.18990854e+00]
 [1.04694344e+00 4.32185840e+01]
 [4.13355246e-01 4.55894629e+01]
 [3.04569267e+01 1.86195463e+01]
 [1.53280793e+01 2.61585442e+01]
 [1.61390201e+01 2.56911908e+01]
 [7.12124821e+01 8.13526332e+00]
 [1.09453129e+01 2.98403937e+01]
 [6.88896039e+01 8.53503456e+00]
 [2.78769432e+01 1.99034242e+01]
 [4.02488903e+01 1.52388867e+01]
 [2.95897386e+01 1.90260978e+01]
 [4.08891475e+00 3.67487557e+01]
 [6.00551464e+00 3.44075545e+01]
 [3.53732678e+01 1.67880041e+01]
 [2.00886348e+01 2.34474712e+01]
 [8.92927260e+00 3.13513427e+01]
 [9.83438208e+00 3.05199891e+01]
 [1.24048425e+02 4.20992235e+00]
 [4.37526333e+00 3.63148124e+01]
 [3.65669208e+01 1.63854609e+01]
 [3.23946293e+01 1.79764704e+01]
 [4.06461196e+01 1.50933045e+01]
 [1.41719608e+01 2.71780546e+01]
 [4.77850791e-01 4.53045393e+01]
 [2.03273206e+01 2.33588628e+01]
 [1.03898980e+02 4.84317726e+00]
 [6.77020250e+01 8.75006653e+00]
 [4.50860388e+01 1.40011045e+01]
 [3.46917527e+01 1.70553754e+01]
 [1.58034478e-02 4.91155018e+01]
 [3.10695352e+01 1.84256685e+01]
 [3.66485443e+01 1.63613972e+01]
 [1.34401925e+01 2.75146245e+01]
 [6.74428087e+01 8.79078914e+00]
 [9.25902440e+00 3.08193902e+01]
 [5.21298740e+01 1.20441208e+01]
 [1.10926818e+00 4.28699258e+01]
 [9.24973539e+00 3.08264319e+01]
 [5.72837572e+01 1.08910580e+01]
 [8.00187600e+01 6.87074133e+00]
 [4.33795573e+01 1.42755072e+01]
 [1.67153583e+00 4.16804857e+01]
 [7.74174368e+01 7.21448924e+00]
 [7.30187129e+01 7.83896918e+00]
 [9.16105796e+01 6.00191587e+00]
 [3.22530701e+01 1.81153674e+01]
 [6.17020916e+01 9.94866889e+00]
 [8.40323008e+01 6.37194175e+00]
 [1.77220561e+01 2.51783192e+01]
 [8.26494295e+00 3.17623569e+01]
 [3.67064642e+00 3.76845294e+01]
 [5.88690372e+01 1.04921630e+01]
 [5.66525243e+01 1.09505646e+01]
 [1.47739795e-02 4.91463062e+01]
 [1.36621337e+01 2.73138954e+01]
 [2.85205992e+01 1.94194616e+01]
 [7.10518924e+01 8.29422926e+00]
 [8.57765223e+00 3.15003901e+01]
 [1.00756866e+02 5.09951242e+00]
 [2.18276204e+00 4.01078106e+01]
 [1.73582562e+01 2.52099513e+01]
 [4.38434860e+01 1.42465768e+01]
 [7.64849193e+01 7.37659379e+00]
 [1.48267511e-01 4.74463164e+01]
 [1.88607933e+01 2.41668313e+01]
 [4.91573727e+01 1.27138818e+01]
 [7.69492070e-01 4.39947032e+01]
 [6.11546933e+01 1.01756566e+01]
 [6.41522760e+00 3.37729433e+01]
 [8.21285391e+01 6.58266971e+00]
 [5.45710653e+01 1.14344652e+01]
 [5.98068301e+01 1.03184292e+01]
 [5.83795673e+01 1.05797846e+01]
 [1.17841730e+02 4.25648012e+00]
 [1.88989949e+01 2.40007517e+01]
 [2.64057235e+01 2.04247249e+01]
 [3.82214895e+01 1.58492895e+01]
 [1.19087353e+01 2.88086288e+01]
 [2.51815102e+00 3.99116529e+01]
 [6.13834264e+01 1.00988162e+01]
 [3.07211704e+01 1.84986444e+01]
 [3.73142063e+01 1.61361119e+01]
 [6.32450198e+01 9.57990175e+00]
 [7.18305872e+01 8.04261745e+00]
 [5.13164319e+00 3.52783841e+01]
 [8.60248121e+01 6.14776662e+00]
 [1.50263657e+01 2.63793855e+01]
 [3.18711986e+01 1.81345477e+01]
 [3.38286513e+01 1.73509124e+01]
 [6.73891545e+01 8.88046204e+00]
 [4.62593839e+01 1.34721621e+01]
 [7.92080965e+01 7.02906996e+00]
 [2.97576880e+00 3.86954232e+01]
 [3.76043322e-01 4.58759709e+01]
 [1.58494586e+00 4.18642593e+01]
 [4.01921899e+01 1.54172994e+01]
 [1.05143936e+02 4.79749290e+00]
 [6.77780648e+00 3.33017186e+01]
 [1.18127054e+01 2.92952513e+01]
 [2.56741126e+01 2.06011485e+01]
 [3.88082758e+00 3.70955268e+01]
 [2.12530571e+01 2.27579807e+01]
 [6.89899133e+01 8.51702941e+00]
 [4.51569910e+01 1.38587549e+01]
 [4.33448376e+00 3.63834184e+01]
 [2.88879475e-02 4.89030120e+01]
 [2.45279437e+01 2.12058323e+01]
 [2.58722521e-01 4.65759282e+01]
 [2.01801090e+01 2.34413519e+01]
 [3.17114659e+01 1.82631878e+01]
 [6.21638286e+01 9.79051708e+00]
 [2.03096308e-01 4.68724708e+01]
 [2.51818938e+01 2.08228895e+01]
 [5.99129789e+00 3.49996840e+01]
 [5.26403323e+01 1.19039344e+01]
 [9.29435546e+01 5.51048589e+00]
 [5.25900498e+01 1.19814031e+01]
 [7.44438551e+00 3.25681185e+01]
 [1.31772922e+02 4.08047820e+00]
 [4.51700448e+00 3.62894166e+01]
 [1.80998083e+01 2.44518149e+01]
 [4.62074088e+01 1.37280434e+01]
 [4.23132900e+00 3.65370708e+01]
 [1.07009154e+02 4.62196166e+00]
 [2.73708094e+01 1.99705425e+01]
 [4.00025853e+01 1.55801127e+01]
 [8.14462925e+01 6.70025979e+00]
 [5.48973330e+00 3.50531447e+01]
 [5.97488501e+01 1.03283729e+01]
 [1.65631115e+01 2.54077247e+01]
 [6.35090129e+01 9.57306242e+00]
 [3.66878369e+01 1.63430119e+01]
 [1.67737379e+01 2.53526002e+01]]
