[[6.21863976e-03 1.93302090e-02]
 [4.89475486e+00 2.96130780e+00]
 [4.65016387e+00 2.98680122e+00]
 [4.52555978e+00 2.99499122e+00]
 [4.52555978e+00 2.97906151e+00]
 [4.41301554e+00 2.97906151e+00]
 [4.22273159e+00 2.99234356e+00]
 [1.36094087e+00 1.16943728e+00]
 [2.77932501e+00 2.99605135e+00]
 [1.57870841e+00 1.90005546e+00]
 [7.23696177e-01 8.52200919e-01]
 [2.68228422e+00 2.37739963e+00]
 [2.11722332e+00 1.99026685e+00]
 [3.91247251e+00 2.99967857e+00]
 [4.29757232e+00 2.97761571e+00]
 [2.39366964e+00 2.35445035e+00]
 [2.54792132e+00 2.36068923e+00]
 [3.45736793e-01 1.19342388e-01]
 [2.00657958e+00 1.82399170e+00]
 [1.24211848e+00 1.34872288e+00]
 [3.30663553e+00 2.95829232e+00]
 [2.65901364e+00 2.77442391e+00]
 [1.94230043e+00 1.84745772e+00]
 [1.20118514e+00 1.26250601e+00]
 [1.48221323e+00 1.58117431e+00]
 [4.17161024e+00 2.99899633e+00]
 [2.80643301e+00 2.83711217e+00]
 [1.63800327e+00 1.79347415e+00]
 [2.49631495e+00 2.36068923e+00]
 [1.07361708e+00 1.30658339e+00]
 [7.33779454e-01 8.95854380e-01]
 [2.57193165e+00 2.23002142e+00]
 [2.92879636e+00 2.90878724e+00]
 [7.40562922e-01 1.24436295e+00]
 [9.92849442e-01 1.28010303e+00]
 [3.34917665e+00 2.85901017e+00]
 [5.39344960e-01 5.21981168e-01]
 [1.69832790e+00 1.83609353e+00]
 [4.02179743e-01 3.73481981e-01]
 [2.60774540e+00 2.94609126e+00]
 [4.00372284e+00 2.96750337e+00]
 [4.36387270e+00 2.98723078e+00]
 [2.24876041e+00 1.80068767e+00]
 [4.13156909e+00 2.97574653e+00]
 [6.76972514e-01 8.42701762e-01]
 [3.58944048e+00 2.98244261e+00]
 [3.46942681e+00 2.91383005e+00]
 [4.00924160e+00 2.99710718e+00]
 [2.11008690e+00 1.87640223e+00]
 [4.30286293e-01 6.77748345e-01]
 [4.06531054e+00 2.99710718e+00]
 [2.13804148e+00 2.50903089e+00]
 [3.12480550e+00 2.98922464e+00]
 [2.74926034e+00 2.94326313e+00]
 [1.63623214e+00 1.38938201e+00]
 [4.60531757e-01 2.68781267e-01]
 [1.13183961e+00 9.21338654e-01]
 [2.39075367e+00 2.32173702e+00]
 [1.45563991e+00 1.65940881e+00]
 [3.08389179e+00 2.84704896e+00]
 [2.78811644e+00 2.42208159e+00]
 [2.59338669e+00 2.35209563e+00]
 [3.10507531e+00 2.95829232e+00]
 [1.33468833e+00 7.86519251e-01]
 [2.49515656e+00 2.76030147e+00]
 [1.70385631e+00 1.69080438e+00]
 [2.07415084e+00 1.83609353e+00]
 [2.28629998e+00 2.25250448e+00]
 [2.80643301e+00 2.93372283e+00]
 [6.81318313e-01 9.82477615e-01]
 [5.61066048e-02 1.96516891e-01]
 [8.12693673e-04 6.19902988e-02]
 [1.99813079e+00 2.15082456e+00]
 [2.54604045e+00 2.79104334e+00]
 [4.37464765e-01 7.29146851e-01]
 [3.84644486e+00 2.96397876e+00]
 [7.10398197e-01 6.21776522e-01]
 [9.25581692e-01 7.78317081e-01]
 [2.08652401e+00 1.94492185e+00]
 [2.53669785e+00 2.56991485e+00]
 [2.28049378e+00 2.39854037e+00]
 [6.26369920e-01 5.90690182e-01]
 [4.06531054e+00 2.97890189e+00]
 [6.69316195e-02 1.07459148e-01]
 [3.17517192e+00 2.99344543e+00]
 [4.98151322e-01 3.18545757e-01]
 [2.40709337e+00 2.09045448e+00]
 [1.11877625e-01 7.86329606e-02]
 [2.05064864e+00 2.33558609e+00]
 [5.42126585e-02 2.68617316e-01]
 [2.71930086e+00 2.66425803e+00]
 [6.46546518e-02 5.28299513e-02]
 [8.27353391e-01 1.02607591e+00]
 [3.80321823e-01 2.48619293e-01]
 [2.75474110e+00 2.83964549e+00]
 [5.10206415e-01 5.12097209e-01]
 [3.87371386e+00 2.98244261e+00]
 [2.53838879e+00 2.43781317e+00]
 [7.75095038e-01 9.60875118e-01]
 [2.01189945e+00 2.40273371e+00]
 [1.92465086e+00 1.67074609e+00]
 [2.22901643e+00 2.37946239e+00]
 [2.68228422e+00 2.32858526e+00]
 [4.31813222e+00 2.99634357e+00]
 [4.66633351e-01 3.79254074e-01]
 [1.40380757e+00 1.45797200e+00]
 [9.31301057e-01 1.03668218e+00]
 [1.90521277e+00 1.83609353e+00]
 [1.17400807e+00 9.21338654e-01]
 [2.15147730e-01 3.79254074e-01]
 [6.39180185e-01 7.78144966e-01]
 [3.58147739e+00 2.96086975e+00]
 [1.29849197e+00 8.68280744e-01]
 [1.40116724e+00 1.38587338e+00]
 [2.11088139e+00 2.19518580e+00]
 [2.03269956e+00 1.84707030e+00]
 [1.63623214e+00 1.98728644e+00]
 [1.16318536e+00 1.26338649e+00]
 [2.42965177e+00 2.39819794e+00]
 [1.63336823e+00 1.70989637e+00]
 [8.80981278e-01 9.96190723e-01]
 [3.46432665e+00 2.95829232e+00]
 [2.08511002e+00 2.16097348e+00]
 [1.66923974e-01 7.86329606e-02]
 [6.81318313e-01 1.12636311e+00]
 [2.82439494e+00 2.69602425e+00]
 [4.88848922e-01 5.05431647e-01]
 [2.43924101e+00 2.12585134e+00]
 [7.33779454e-01 5.04211859e-01]
 [3.77740261e+00 2.99717171e+00]
 [4.16738636e-01 7.24533892e-01]
 [3.35074966e+00 2.94187658e+00]
 [1.82265598e+00 1.43715222e+00]
 [3.21788327e-01 1.96516891e-01]
 [2.64844250e+00 2.74829825e+00]
 [2.95726913e+00 2.94901263e+00]
 [6.95696545e-01 5.80077904e-01]
 [2.76198748e+00 2.85106466e+00]
 [3.67050203e+00 2.99710718e+00]
 [2.74926034e+00 2.73269477e+00]
 [7.01934693e-01 5.94304467e-01]
 [1.91953000e+00 2.25334301e+00]
 [1.50138861e+00 1.80271279e+00]
 [3.72887584e+00 2.99312030e+00]
 [2.98632529e+00 2.98582980e+00]
 [1.22506411e+00 1.08854205e+00]
 [3.85015445e+00 2.98244261e+00]
 [2.04036372e+00 2.30082093e+00]
 [3.38620824e+00 2.96827424e+00]
 [1.56730173e+00 1.79347415e+00]
 [1.05890937e+00 1.27966261e+00]
 [2.76198748e+00 2.94871195e+00]
 [3.31654967e-01 3.64030367e-01]
 [1.34919717e+00 1.59262576e+00]
 [1.24211848e+00 1.38304624e+00]
 [1.53180915e+00 1.45797200e+00]
 [9.06222427e-01 1.27821745e+00]
 [4.40112722e+00 2.97763088e+00]
 [3.61826604e+00 2.99312030e+00]
 [4.14626530e+00 2.99414718e+00]
 [7.08235894e-02 3.28793921e-02]
 [3.75342073e+00 2.99717171e+00]
 [2.92761178e-01 1.22169633e-01]
 [3.53341694e+00 2.96797795e+00]
 [1.51102767e+00 1.38587338e+00]
 [2.14181078e+00 2.07768968e+00]
 [2.20765892e+00 1.74473222e+00]
 [8.59085403e-01 5.07331286e-01]
 [2.55012264e+00 2.63967743e+00]
 [3.50722941e+00 2.96739241e+00]
 [3.27391337e+00 2.91808482e+00]
 [2.24488439e+00 2.11075816e+00]
 [2.80023634e+00 2.34498607e+00]
 [2.22759393e-01 3.41406739e-01]
 [2.20580161e+00 1.99329346e+00]
 [1.11037701e+00 1.11919232e+00]
 [4.04911148e-01 5.56835954e-01]
 [8.59085403e-01 5.21981168e-01]
 [1.63336823e+00 1.50232460e+00]
 [2.75156361e+00 2.36995971e+00]
 [1.13183961e+00 7.93554634e-01]
 [1.67338313e+00 2.03108840e+00]
 [2.16838174e+00 2.42208159e+00]
 [2.54962944e+00 2.61824696e+00]
 [1.72470681e+00 1.43476614e+00]
 [2.05064864e+00 2.39364544e+00]
 [1.19923880e+00 1.51435577e+00]
 [7.19739755e-01 1.04730704e+00]
 [1.82842178e+00 1.82399170e+00]
 [1.63558435e+00 1.65587366e+00]
 [3.72049207e+00 2.97168945e+00]
 [3.12562959e+00 2.88930152e+00]
 [2.69269769e-01 7.86329606e-02]
 [3.13690053e+00 2.99816364e+00]
 [1.40221996e+00 1.29009262e+00]
 [8.65127069e-01 1.04730704e+00]
 [2.12922332e+00 2.14439835e+00]
 [1.40221996e+00 1.33488415e+00]
 [2.25161095e+00 2.22558367e+00]
 [2.82439494e+00 2.67958986e+00]
 [1.39128281e+00 1.43244143e+00]
 [9.80193945e-01 1.08491173e+00]
 [2.41519061e+00 2.86004423e+00]
 [1.39242306e+00 1.58264990e+00]
 [2.99588448e-01 3.64030367e-01]
 [1.21336988e+00 1.45797200e+00]
 [2.99311525e+00 2.99176322e+00]
 [3.76570728e-01 5.05431647e-01]
 [1.83064122e+00 1.85729844e+00]
 [4.00924160e+00 2.96877005e+00]]
