[[1.52610864e-02 2.65060857e+04]
 [1.69870331e-02 2.59225653e+04]
 [3.93752889e-02 1.06532184e+04]
 [3.39946541e-02 1.19017793e+04]
 [3.70128177e-02 1.09776149e+04]
 [4.18541489e-02 9.65590185e+03]
 [6.52197554e-03 9.00845527e+04]
 [2.25715792e-02 1.97289936e+04]
 [2.26698175e-02 1.96076807e+04]
 [2.94816064e-02 1.39625354e+04]
 [2.40963524e-02 1.71923395e+04]
 [3.60765706e-02 1.12057772e+04]
 [2.23538681e-02 1.99947590e+04]
 [7.61872844e-03 5.54930081e+04]
 [4.77420106e-02 8.77010443e+03]
 [1.94328140e-02 2.12231872e+04]
 [3.11272053e-02 1.32342056e+04]
 [2.37699177e-02 1.73616410e+04]
 [1.75757365e-02 2.39530541e+04]
 [3.80965012e-02 1.08075260e+04]
 [1.06814549e-02 3.90771907e+04]
 [5.03956037e-02 8.63877453e+03]
 [1.73912066e-02 2.43334693e+04]
 [4.26953487e-02 9.47772167e+03]
 [4.22557044e-02 9.62797218e+03]
 [2.84954260e-02 1.41683206e+04]
 [1.55494671e-02 2.60914651e+04]
 [1.19165461e-02 3.40404964e+04]
 [2.84236280e-02 1.42394845e+04]
 [7.25617604e-03 5.78148087e+04]
 [2.02132375e-02 2.07170498e+04]
 [2.27039723e-02 1.95233646e+04]
 [9.48592534e-03 4.66960780e+04]
 [1.54032546e-02 2.63096060e+04]
 [8.90465618e-03 5.09831085e+04]
 [7.72379089e-03 5.54715033e+04]
 [3.95341291e-02 1.05899872e+04]
 [1.70686637e-02 2.55755330e+04]
 [4.46771852e-02 9.06965634e+03]
 [4.26854327e-02 9.48063231e+03]
 [1.84670406e-02 2.21515949e+04]
 [1.39781343e-02 3.05954844e+04]
 [4.72225599e-03 9.38898510e+04]
 [1.29703374e-02 3.27073051e+04]
 [3.98962002e-02 1.00664292e+04]
 [1.57109096e-02 2.60166813e+04]
 [1.40459063e-02 3.03369259e+04]
 [3.53725356e-02 1.16340432e+04]
 [2.08699274e-02 2.03588993e+04]
 [2.49858383e-02 1.66415285e+04]
 [4.38900599e-02 9.38449188e+03]
 [1.80538714e-02 2.29757401e+04]
 [1.17570591e-02 3.58836192e+04]
 [7.24398042e-03 6.67308638e+04]
 [1.78101044e-02 2.37585749e+04]
 [2.96879596e-02 1.37730313e+04]
 [4.74457916e-02 8.94520076e+03]
 [2.62216654e-02 1.54634296e+04]
 [6.65300802e-03 6.99567081e+04]
 [9.91803539e-03 4.26783962e+04]
 [1.49366899e-02 2.83663117e+04]
 [2.08807263e-02 2.03552840e+04]
 [6.34817128e-02 8.55306877e+03]
 [4.12080688e-02 9.74652502e+03]
 [2.36869479e-02 1.82410957e+04]
 [9.41625679e-03 4.74772847e+04]
 [9.06837751e-03 4.85363701e+04]
 [3.05435766e-02 1.36398001e+04]
 [6.37302764e-03 9.09243885e+04]
 [7.87373542e-03 5.33258667e+04]
 [5.45096459e-02 8.58641418e+03]
 [3.32286192e-02 1.25825036e+04]
 [2.60959791e-02 1.55649286e+04]
 [1.13953106e-02 3.88291567e+04]
 [1.52514070e-02 2.70884126e+04]
 [1.18740318e-02 3.42439883e+04]
 [4.39661226e-02 9.14571894e+03]
 [1.53024894e-02 2.63523283e+04]
 [3.81508711e-02 1.07799977e+04]
 [1.42561904e-02 3.03360428e+04]
 [6.02870916e-02 8.55434256e+03]
 [1.19652504e-02 3.37757776e+04]
 [3.34943068e-02 1.23081217e+04]
 [5.88439955e-02 8.58473600e+03]
 [3.87842389e-02 1.06828190e+04]
 [4.90045197e-02 8.69109080e+03]
 [1.14543044e-02 3.65297628e+04]]
