[[4.09714666e-03 9.99839394e-03 2.99902839e+00]
 [3.87044851e-04 1.16525367e-03 2.61738370e+00]
 [5.84863746e-04 1.07939654e-03 2.45537079e+00]
 [3.76620918e-04 1.18509214e-03 2.76303744e+00]
 [7.09250314e-04 1.61025280e-03 2.11348403e+00]
 [8.90216998e-04 1.79542400e-03 2.04948583e+00]
 [7.38111731e-04 1.21558260e-03 1.80749729e+00]
 [7.38111731e-04 1.33148078e-03 1.80749729e+00]
 [5.86583620e-04 1.32007267e-03 2.76303744e+00]
 [3.17343319e-03 5.46828419e-03 1.65526747e+00]
 [8.72439847e-04 1.86721135e-03 2.36487869e+00]
 [2.88539935e-03 4.98221374e-03 1.81045074e+00]
 [7.05894888e-04 1.55528442e-03 2.32490139e+00]
 [7.61017513e-04 1.60947156e-03 2.54609220e+00]
 [3.49603202e-03 6.89867435e-03 2.07782936e+00]
 [2.64883372e-03 5.56562774e-03 2.12100356e+00]
 [4.14344200e-03 7.70921161e-03 2.09774954e+00]
 [7.38111731e-04 1.42596312e-03 1.81558698e+00]
 [4.09714666e-03 9.99865837e-03 2.71511470e+00]
 [1.80450441e-03 4.23266490e-03 2.62280234e+00]
 [3.75381651e-03 7.69132440e-03 2.07837298e+00]
 [5.67513611e-04 1.11461281e-03 2.50366540e+00]
 [4.71505149e-03 9.99951195e-03 2.29733627e+00]
 [4.12185090e-03 9.39675190e-03 2.29819660e+00]
 [4.18494266e-03 9.98401022e-03 2.71912878e+00]
 [2.74085928e-03 4.76674040e-03 1.47274906e+00]
 [2.64420586e-03 5.34857224e-03 1.64869406e+00]
 [8.72439847e-04 1.91396702e-03 2.36479631e+00]
 [2.75572992e-03 5.95723362e-03 2.28327459e+00]
 [1.88592837e-03 3.74537155e-03 1.95790708e+00]
 [2.77349066e-03 5.85378993e-03 2.10385000e+00]
 [2.81485818e-03 6.31533088e-03 2.44662453e+00]
 [3.33005118e-03 6.71449117e-03 2.07746180e+00]
 [1.37092479e-03 2.49454666e-03 1.68888946e+00]
 [3.49789394e-03 7.42774454e-03 2.07746180e+00]
 [2.71719032e-03 4.76674040e-03 1.40006327e+00]
 [2.64883372e-03 4.97778366e-03 1.81045074e+00]
 [1.37092479e-03 2.76539175e-03 2.05264026e+00]
 [4.12381403e-03 8.94806698e-03 2.30894806e+00]
 [8.61079296e-04 1.98948708e-03 2.47695157e+00]
 [4.30247271e-03 9.98537683e-03 2.78828097e+00]
 [2.87949233e-03 6.33203605e-03 2.25153394e+00]
 [1.87095108e-03 3.47954587e-03 1.98688034e+00]
 [1.39428437e-03 3.13962689e-03 2.36145689e+00]
 [6.81796995e-04 1.31771987e-03 2.01327370e+00]
 [2.05450382e-03 4.26701009e-03 1.77218944e+00]
 [4.39367163e-03 9.32585513e-03 2.26520241e+00]
 [5.07215525e-03 8.79633447e-03 1.52570111e+00]
 [1.41846884e-03 3.34928021e-03 2.07764317e+00]
 [1.53039983e-03 3.43876133e-03 2.49115284e+00]
 [1.13991697e-03 2.55740603e-03 2.32322652e+00]
 [2.65777338e-03 4.76674040e-03 1.40006327e+00]
 [1.43696348e-03 2.63216319e-03 1.68292492e+00]
 [1.37092479e-03 2.76539175e-03 2.22524699e+00]
 [3.66945349e-03 8.31762094e-03 2.22837649e+00]
 [3.24308753e-03 7.32250169e-03 2.38480844e+00]
 [3.49789394e-03 7.42774454e-03 2.09106077e+00]
 [1.16493093e-03 2.55740603e-03 2.32322652e+00]
 [9.76409786e-04 2.05374126e-03 2.44496105e+00]
 [2.87949233e-03 6.33203605e-03 2.25232793e+00]
 [5.22875880e-03 8.99562406e-03 1.59019638e+00]
 [4.23787801e-03 9.99603820e-03 2.85562824e+00]
 [1.24576274e-03 2.51220601e-03 1.66693499e+00]
 [1.41924231e-03 3.60434447e-03 2.89991592e+00]
 [4.71505149e-03 9.99891662e-03 2.20696626e+00]
 [5.00782753e-03 9.52056459e-03 1.68161554e+00]
 [8.84145594e-04 2.05538488e-03 2.47281139e+00]
 [4.20072029e-03 8.94806698e-03 1.98196570e+00]
 [5.84863746e-04 1.13218970e-03 2.45537079e+00]
 [9.95275343e-04 2.14261491e-03 2.44496105e+00]
 [1.90704056e-03 3.47954587e-03 1.80982939e+00]
 [1.35684977e-03 2.78506711e-03 2.42010109e+00]
 [1.08122190e-03 2.23322240e-03 2.32709713e+00]
 [1.43958376e-03 3.16534088e-03 2.35951063e+00]
 [4.71505149e-03 9.99893807e-03 2.29733627e+00]
 [4.30247271e-03 9.31642957e-03 2.35560178e+00]
 [3.66945349e-03 8.31762094e-03 2.50261182e+00]
 [7.70680932e-04 1.64973381e-03 2.11630671e+00]
 [4.09714666e-03 9.99839394e-03 2.98983998e+00]
 [5.07215525e-03 8.79633447e-03 1.58647657e+00]
 [6.62403804e-04 1.67176912e-03 2.66011159e+00]
 [2.71719032e-03 4.76674040e-03 1.81553227e+00]
 [2.81733624e-03 4.21896865e-03 1.31227758e+00]
 [1.43958376e-03 3.20103248e-03 2.38880536e+00]
 [1.29886706e-03 2.51220601e-03 1.66693499e+00]
 [1.36979801e-03 2.78207412e-03 2.32322652e+00]
 [5.15258034e-03 9.65981845e-03 1.64592678e+00]
 [2.87066484e-03 6.04734690e-03 2.10406132e+00]
 [4.15164529e-03 9.12016665e-03 2.20950492e+00]
 [1.13991697e-03 2.35737610e-03 2.32213829e+00]
 [1.35331218e-03 2.62698714e-03 2.14429851e+00]
 [2.61665430e-03 4.68688627e-03 1.37137661e+00]
 [1.15198268e-03 2.68598966e-03 2.42010109e+00]
 [1.33754539e-03 3.08370688e-03 2.36487869e+00]
 [8.84145594e-04 1.98948708e-03 2.47281139e+00]
 [2.85576282e-03 5.92420320e-03 2.09090202e+00]
 [2.85576282e-03 6.38981848e-03 2.44344210e+00]
 [4.36832751e-03 9.56577549e-03 2.35560178e+00]
 [1.34845768e-03 3.09375469e-03 2.36487869e+00]
 [7.89099015e-04 1.67922646e-03 2.08278308e+00]
 [3.75381651e-03 7.69132440e-03 2.05823675e+00]
 [1.13991697e-03 2.37813175e-03 2.32213829e+00]
 [1.00627453e-03 2.29949666e-03 2.36669193e+00]
 [3.76620918e-04 1.18509214e-03 2.76265953e+00]
 [4.64395814e-03 9.99839394e-03 2.10434965e+00]
 [7.64074216e-04 1.57814768e-03 2.43957862e+00]
 [1.86260211e-03 3.45560727e-03 1.79353495e+00]
 [4.67955011e-03 9.66982010e-03 2.24446255e+00]
 [3.27268433e-03 7.30515093e-03 2.38480844e+00]
 [2.85576282e-03 5.92420320e-03 2.05651264e+00]]
