[[4.92032683e+00 2.99825338e+00]
 [1.26929543e-03 9.55045184e-04]
 [2.19703498e+00 2.65204942e+00]
 [3.19406554e+00 2.74103997e+00]
 [2.25108664e+00 1.86073400e+00]
 [1.76124023e+00 1.88116935e+00]
 [2.09155553e+00 1.77235246e+00]
 [4.35047067e-01 8.86882131e-01]
 [4.77463315e+00 2.98667050e+00]
 [2.61141201e+00 2.72226704e+00]
 [8.99349763e-01 6.38130065e-01]
 [1.13687532e+00 1.18156502e+00]
 [1.74912674e+00 2.57528285e+00]
 [3.89005661e+00 2.99364798e+00]
 [2.39598443e+00 2.65423443e+00]
 [2.99841913e+00 2.80336796e+00]
 [1.71269376e+00 9.49284934e-01]
 [1.13121854e+00 1.35627936e+00]
 [1.28324392e+00 1.58342608e+00]
 [3.47101386e+00 2.73149875e+00]
 [2.14885057e+00 1.83588666e+00]
 [3.01888949e+00 2.65406307e+00]
 [1.28064394e+00 8.94467180e-01]
 [2.12785266e+00 2.32919272e+00]
 [9.83407307e-01 7.44957455e-01]
 [2.37281329e-01 9.26353677e-01]
 [2.10358651e+00 2.52950513e+00]
 [3.23501564e+00 2.89758427e+00]
 [1.35535793e+00 1.58342608e+00]
 [1.34872079e-01 9.55045184e-04]
 [4.28246433e+00 2.96873454e+00]
 [9.60469437e-01 9.49284934e-01]
 [2.62295432e-02 3.44502027e-01]
 [3.76825051e+00 2.97890930e+00]
 [2.73301075e+00 2.73690081e+00]
 [3.90143684e-01 4.32574484e-01]
 [3.39646531e+00 2.97371363e+00]
 [4.02858380e+00 2.99964000e+00]
 [4.91921383e+00 2.99665663e+00]
 [2.10358651e+00 2.59903264e+00]
 [3.87158499e-01 1.59534526e-01]
 [8.20916507e-01 8.34040612e-01]
 [1.14276304e+00 1.44660601e+00]
 [4.18281921e+00 2.99364798e+00]
 [4.64608813e+00 2.99665663e+00]
 [3.72070245e+00 2.97890930e+00]
 [2.43137043e-01 4.32574484e-01]
 [1.45209832e+00 1.63433364e+00]
 [4.53936770e+00 2.96586458e+00]
 [1.67700777e+00 1.57261653e+00]
 [2.65043384e+00 2.52589939e+00]
 [1.74197540e+00 1.60775881e+00]
 [8.58015398e-02 3.44769829e-01]
 [2.91616693e+00 2.65406307e+00]
 [4.38193543e+00 2.99790625e+00]
 [1.74197540e+00 1.66613075e+00]
 [3.60719334e+00 2.98534100e+00]
 [4.01441029e+00 2.98414214e+00]
 [4.40486641e+00 2.95243191e+00]
 [4.63023423e+00 2.98425979e+00]]
