[[1.52610864e-02 2.65060857e+04]
 [1.69870331e-02 2.59225653e+04]
 [3.93752889e-02 1.06532184e+04]
 [3.39946541e-02 1.19017793e+04]
 [2.69897406e-02 1.55173060e+04]
 [8.65147059e-03 5.46644892e+04]
 [3.70128177e-02 1.09776149e+04]
 [4.18541489e-02 9.65590185e+03]
 [1.07192317e-02 3.87363394e+04]
 [2.36734457e-02 1.87026776e+04]
 [8.73430708e-03 4.97827473e+04]
 [3.18475519e-02 1.27103137e+04]
 [2.37449270e-02 1.84067872e+04]
 [2.89231505e-02 1.45152970e+04]
 [3.01721906e-02 1.43592869e+04]
 [9.94202140e-03 4.21205463e+04]
 [1.75662574e-02 2.46631743e+04]
 [5.80348224e-03 8.04541568e+04]
 [1.85175950e-02 2.23664153e+04]
 [2.79610693e-02 1.47336463e+04]
 [2.23015005e-02 1.92220229e+04]
 [4.14078027e-02 9.85427666e+03]
 [4.32297991e-02 9.39574913e+03]
 [4.05865804e-02 1.01022137e+04]
 [5.08404678e-02 8.68662354e+03]
 [2.02544556e-02 1.99081339e+04]
 [3.49597819e-02 1.17803334e+04]
 [8.91035565e-03 4.95428721e+04]
 [5.05377158e-03 9.59943681e+04]
 [2.78094937e-02 1.55026457e+04]
 [3.67617532e-02 1.12734904e+04]
 [4.40848591e-02 9.19235897e+03]
 [5.97679742e-03 7.41929437e+04]
 [3.84886695e-02 1.08209259e+04]
 [4.34147329e-02 9.27018928e+03]
 [3.55712911e-02 1.14883039e+04]
 [7.18904126e-03 7.06442627e+04]
 [1.87801945e-02 2.19168027e+04]
 [5.23004883e-03 9.08449642e+04]
 [2.66269148e-02 1.60438747e+04]
 [2.00581183e-02 2.02626325e+04]
 [1.23700968e-02 3.29519710e+04]
 [3.75941411e-02 1.09027259e+04]
 [3.04363778e-02 1.41965584e+04]
 [2.42775642e-02 1.75669149e+04]
 [3.95117368e-02 1.03530446e+04]
 [2.51249617e-02 1.62057464e+04]
 [1.79940453e-02 2.41441539e+04]
 [4.06276503e-02 1.00708603e+04]
 [1.89165117e-02 2.16843403e+04]
 [4.48642499e-02 9.16056255e+03]
 [4.49635636e-02 9.15701597e+03]
 [4.62082934e-02 9.02907481e+03]
 [3.67693853e-02 1.12692646e+04]
 [4.19795674e-02 9.62717199e+03]
 [9.23316714e-03 4.53418574e+04]
 [9.87673837e-03 4.33589014e+04]
 [1.35695033e-02 3.04746971e+04]
 [2.83383548e-02 1.45814354e+04]
 [1.33904868e-02 3.20995604e+04]
 [5.94842886e-03 7.48200722e+04]
 [7.45351292e-03 5.74760818e+04]
 [6.13878668e-02 8.55563020e+03]
 [4.12388054e-02 9.93525427e+03]
 [5.54831778e-02 8.67467667e+03]
 [1.14752880e-02 3.55440425e+04]
 [3.07507774e-02 1.32684190e+04]
 [4.69772630e-02 8.90278783e+03]
 [7.27043541e-03 6.26252787e+04]
 [5.05698178e-02 8.89946663e+03]
 [4.68985330e-02 8.98401106e+03]]
