[[3.60699608e+01 1.65566552e+01]
 [7.76812641e+00 3.22621992e+01]
 [3.44753316e+01 1.71025222e+01]
 [3.38364045e+00 3.78835185e+01]
 [3.22853364e+01 1.82240390e+01]
 [2.06701379e+01 2.30235463e+01]
 [8.35413583e+01 6.42080819e+00]
 [6.42545421e-02 4.82357273e+01]
 [5.60857909e+01 1.11194220e+01]
 [4.34786818e+00 3.65027909e+01]
 [6.81555654e+01 8.66305532e+00]
 [8.89085385e-01 4.35860832e+01]
 [6.14466549e-01 4.47011988e+01]
 [1.45298019e+01 2.68269711e+01]
 [5.83176055e+01 1.06016468e+01]
 [7.04643053e+01 8.30666886e+00]
 [7.07409588e+00 3.29968040e+01]
 [6.16784942e+01 9.95395502e+00]
 [4.22734344e+01 1.46637253e+01]
 [7.64913006e+01 7.61132999e+00]
 [6.12996297e+01 1.02237281e+01]
 [2.05528226e+01 2.32543913e+01]
 [1.04976551e+01 2.98948891e+01]
 [5.10129214e+01 1.23026655e+01]
 [4.83307391e+01 1.30055861e+01]
 [3.09838326e+01 1.84529702e+01]
 [9.12337203e+00 3.15838444e+01]
 [9.65869014e+01 5.29510110e+00]
 [6.08506073e+01 1.02258165e+01]
 [1.93888691e-01 4.71300901e+01]
 [3.56757064e+01 1.67682477e+01]
 [3.01435576e+00 3.87437753e+01]
 [1.17329489e+02 4.34324222e+00]
 [4.66951383e+00 3.58988353e+01]
 [5.69893656e+01 1.08917859e+01]
 [2.20929934e+00 4.08396947e+01]
 [6.83382844e+01 8.64617576e+00]
 [4.34026601e+01 1.43443386e+01]
 [2.13531304e+01 2.26859973e+01]
 [5.00504672e+01 1.25116603e+01]
 [5.13824242e-01 4.54694508e+01]
 [2.58119506e+00 3.96677531e+01]
 [4.03239394e+00 3.69383522e+01]
 [2.38404433e+01 2.15314788e+01]
 [4.75859928e+01 1.32989730e+01]
 [8.64919865e+01 6.15676129e+00]
 [3.36542071e+01 1.74010150e+01]
 [3.20537255e+00 3.81544643e+01]
 [4.94481916e+00 3.56141364e+01]
 [1.27649019e+01 2.80997480e+01]
 [2.40538698e+01 2.14695150e+01]
 [6.48609556e+01 9.26874806e+00]
 [5.05834735e+01 1.23675360e+01]
 [3.43372301e+01 1.71514592e+01]
 [2.50475545e+01 2.11900961e+01]
 [1.93779981e+01 2.37564183e+01]
 [5.01455835e+01 1.24796289e+01]
 [6.33070848e+01 9.61319687e+00]
 [5.40210633e+01 1.15365319e+01]
 [6.83013424e+00 3.33587758e+01]
 [3.12500802e+01 1.84325539e+01]
 [6.43486652e+01 9.37801384e+00]
 [1.20306667e+01 2.85309140e+01]
 [7.44505565e+01 7.63696884e+00]
 [5.89411434e+01 1.05818184e+01]
 [4.67329773e+01 1.33736789e+01]
 [3.88029074e+01 1.58309290e+01]
 [3.01727971e+01 1.87087766e+01]
 [1.34130912e+00 4.22112876e+01]
 [2.15113580e+01 2.25891640e+01]
 [3.35921562e-01 4.59875418e+01]
 [5.79757966e+01 1.06536827e+01]
 [4.76391019e+01 1.32669915e+01]
 [9.12935351e+00 3.13889598e+01]
 [2.15758789e+01 2.25489721e+01]
 [2.35776718e+00 4.06267694e+01]
 [2.66596827e+01 2.02184574e+01]
 [8.12972023e-01 4.41664531e+01]
 [7.79711709e+00 3.22085453e+01]
 [1.60067811e+01 2.59983062e+01]
 [2.20568523e+01 2.24067955e+01]
 [7.72221955e+01 7.38329647e+00]
 [5.58783391e+01 1.11973590e+01]
 [5.64685296e+01 1.10264187e+01]
 [9.85882588e+00 3.08916027e+01]
 [1.67098022e+01 2.59145593e+01]
 [1.21815824e-01 4.75859707e+01]
 [3.65805015e+01 1.65052572e+01]
 [9.78467287e+01 5.20973284e+00]
 [2.89761061e+01 1.93140199e+01]
 [1.78847896e+01 2.46147272e+01]
 [7.27450999e+01 7.87774228e+00]
 [2.59366340e+00 3.92827869e+01]
 [7.09147063e+01 8.20439392e+00]
 [6.79518170e+01 8.70650535e+00]
 [4.57695902e+01 1.37880737e+01]
 [8.43930149e+01 6.32051373e+00]
 [5.52326039e+00 3.47817613e+01]
 [1.13266538e+01 2.91622185e+01]
 [3.57958227e+01 1.66440809e+01]
 [1.28920785e+01 2.78553312e+01]
 [6.94438940e+00 3.31497508e+01]
 [3.73175709e+01 1.62000494e+01]
 [3.26925519e+01 1.79467070e+01]
 [1.02614075e+01 2.99749475e+01]
 [5.51079195e+01 1.13270947e+01]
 [2.04138311e+01 2.33186091e+01]
 [1.02211367e+02 4.94851384e+00]
 [3.50394207e-01 4.59029562e+01]
 [1.87492572e+01 2.40728747e+01]
 [6.77943174e+01 8.73844639e+00]
 [2.77834459e+01 1.98816023e+01]
 [5.95968456e+01 1.03381030e+01]
 [1.85678058e+00 4.13437520e+01]
 [1.88727560e+01 2.40008935e+01]
 [8.27008617e+00 3.17671592e+01]
 [1.45297372e+00 4.18822827e+01]
 [4.95689237e+01 1.26179248e+01]
 [6.52558609e+01 9.21638748e+00]
 [2.55734472e+01 2.06433380e+01]
 [2.66096677e+01 2.03716570e+01]
 [1.14625610e+01 2.89880898e+01]
 [6.66325770e+01 8.98024898e+00]
 [3.59836458e+01 1.65791597e+01]
 [6.15387877e+01 1.00603063e+01]
 [2.03243049e-01 4.70126857e+01]
 [2.76847635e+01 2.00493229e+01]
 [8.26511613e+01 6.65065268e+00]
 [4.31318621e+01 1.44550072e+01]
 [2.75502021e+01 2.01038681e+01]
 [1.01812391e+02 4.99864439e+00]
 [4.37783579e+01 1.42711474e+01]
 [2.61225994e+01 2.04532200e+01]
 [6.73203330e+01 8.81279883e+00]
 [1.25753370e+02 4.17817158e+00]
 [7.04490293e-01 4.46231010e+01]
 [9.15547999e+00 3.09237058e+01]
 [1.32127471e+01 2.76006433e+01]
 [5.31789446e+01 1.17668965e+01]
 [9.43622003e+01 5.52062849e+00]
 [1.02917676e+02 4.82928282e+00]
 [9.40738101e+01 5.54395094e+00]
 [7.22468211e+01 7.96527178e+00]
 [4.42296857e+01 1.40378999e+01]
 [1.11638158e+02 4.65017943e+00]
 [8.36729420e+00 3.17315028e+01]
 [2.41463651e-01 4.66191887e+01]
 [5.32165509e+01 1.17573395e+01]
 [6.29827272e+01 9.82195978e+00]
 [4.07515229e+01 1.50521918e+01]
 [1.26665499e+01 2.84689386e+01]
 [2.71694906e-01 4.63888043e+01]
 [1.71783449e+01 2.52849442e+01]
 [1.56199632e+00 4.16524913e+01]
 [8.72066795e+01 6.08707462e+00]
 [1.11254906e+01 2.94986630e+01]
 [3.49749927e+01 1.69611194e+01]
 [4.88494226e+01 1.28565849e+01]
 [2.08237508e+01 2.29433984e+01]
 [2.36303651e+01 2.15981114e+01]
 [6.72059586e+00 3.33956510e+01]
 [2.30100772e+01 2.18516476e+01]
 [6.08701447e+00 3.43764997e+01]
 [5.37248073e+01 1.16295813e+01]
 [1.17757618e+02 4.27062077e+00]
 [2.42099428e+00 4.00413454e+01]
 [5.83804582e+01 1.05826293e+01]
 [1.75019391e+01 2.49875338e+01]
 [7.30701770e+01 7.85470067e+00]
 [2.97282070e+01 1.89301956e+01]
 [5.21880156e+01 1.19649981e+01]
 [5.64570340e+00 3.46209823e+01]
 [9.82648995e+01 5.13833360e+00]
 [1.90518497e+01 2.39265732e+01]
 [1.86602812e+01 2.41245985e+01]
 [3.47386108e+01 1.70252805e+01]
 [1.30697663e+01 2.77040261e+01]
 [4.04040765e-01 4.56095393e+01]
 [4.51258022e+01 1.37961144e+01]
 [1.75745819e+01 2.47742651e+01]
 [4.72651267e+01 1.33722555e+01]
 [3.27344384e+01 1.77319890e+01]
 [5.38725467e+01 1.16283260e+01]
 [7.05486229e+01 8.29075257e+00]
 [8.54495674e+01 6.21041512e+00]
 [4.15777805e+01 1.49011501e+01]
 [3.86196107e+01 1.59074461e+01]
 [8.17355873e+01 6.96448307e+00]
 [3.24685529e+01 1.80137009e+01]
 [1.73708169e+01 2.50729458e+01]
 [1.00223433e+02 5.09046258e+00]
 [7.37511144e+00 3.26459881e+01]
 [1.96305214e+01 2.36505661e+01]
 [2.48012273e+01 2.13523096e+01]
 [8.89127346e+01 5.91914935e+00]
 [2.54757202e+01 2.06859108e+01]
 [3.95026923e+01 1.54908519e+01]
 [3.50136640e+01 1.69178332e+01]
 [2.78378514e+01 1.97670424e+01]
 [5.21871710e+01 1.19652239e+01]
 [9.81198922e+01 5.19175632e+00]
 [4.17256540e+01 1.47885284e+01]
 [1.85096819e+00 4.13665630e+01]
 [8.31524959e+01 6.54759733e+00]
 [8.29332443e+01 6.60003878e+00]
 [7.38561382e+01 7.82038487e+00]
 [3.23645923e+01 1.81800406e+01]
 [5.19991467e+01 1.20368595e+01]
 [7.87393662e+01 7.04934373e+00]
 [3.87154275e+01 1.58377469e+01]
 [1.07532259e+01 2.95772172e+01]
 [4.41747317e+01 1.40464989e+01]
 [7.46005426e+01 7.61357988e+00]
 [3.68642806e+01 1.62849337e+01]
 [3.12069830e+00 3.84410588e+01]
 [7.18388054e+01 8.09672359e+00]
 [1.24270233e+00 4.26712970e+01]
 [4.05522867e+01 1.54361342e+01]
 [1.26081728e+02 4.12241250e+00]
 [2.83456785e+01 1.95244391e+01]
 [6.30565284e+01 9.67616596e+00]
 [2.58926858e+01 2.05952930e+01]
 [7.24554464e+00 3.27820774e+01]
 [3.13801431e+01 1.82565373e+01]
 [6.70887694e+01 8.85720111e+00]
 [6.05863357e+01 1.02573168e+01]
 [1.54247460e+01 2.61622803e+01]
 [6.68531259e+00 3.43221035e+01]
 [3.73897284e+01 1.61784930e+01]
 [1.92865237e+01 2.38618659e+01]
 [2.93159846e+01 1.90436487e+01]
 [8.43110363e+01 6.35990915e+00]]
