[[4.37191045e-04 4.77102260e-03]
 [4.96814125e+00 2.99990148e+00]
 [2.05295585e+00 2.18758256e+00]
 [2.11773212e+00 2.27857752e+00]
 [2.63939088e+00 2.81892239e+00]
 [2.63939088e+00 2.95633466e+00]
 [3.84167581e+00 2.99049902e+00]
 [5.32194082e-01 4.60988663e-01]
 [4.54566287e+00 2.98993337e+00]
 [4.35538760e+00 2.99922262e+00]
 [4.15583146e-01 3.57966362e-01]
 [5.84720190e-01 8.50629968e-01]
 [4.14554018e+00 2.98572485e+00]
 [4.15583146e-01 6.98867166e-01]
 [4.78613212e+00 2.99990148e+00]
 [4.73624497e+00 2.99856250e+00]
 [2.83027909e+00 2.99522606e+00]
 [5.81440406e-01 7.37091352e-01]
 [2.38704813e+00 2.22636067e+00]
 [2.99588448e-01 3.64030367e-01]
 [2.09879607e+00 1.77237442e+00]
 [7.27248044e-01 7.59335150e-01]
 [7.91925396e-01 7.96639978e-01]
 [3.64568181e-01 4.80976440e-01]
 [5.75963748e-01 3.46496684e-01]
 [4.21798586e+00 2.98952659e+00]
 [1.80649376e+00 1.95709628e+00]
 [1.75523246e+00 1.81827137e+00]
 [1.80260764e-01 1.39687877e-01]
 [1.47589909e+00 1.80754071e+00]
 [9.31301057e-01 1.13454147e+00]
 [2.50813741e+00 2.51472758e+00]
 [2.01113947e-01 2.39489609e-01]
 [9.72103083e-01 9.84543102e-01]
 [1.42788141e+00 1.76041509e+00]
 [2.78311567e-02 1.99949107e-01]
 [2.29936907e+00 2.24164298e+00]
 [1.24395170e+00 1.25584366e+00]
 [4.91780621e+00 2.99721638e+00]
 [3.58349297e+00 2.99196855e+00]
 [1.39009733e+00 1.18432913e+00]
 [1.15126693e+00 1.00949145e+00]
 [3.73295437e+00 2.99824445e+00]
 [4.45206920e+00 2.99990148e+00]
 [9.13173974e-01 9.76144042e-01]
 [4.43685729e+00 2.99990148e+00]
 [7.39358865e-01 4.80976440e-01]
 [2.16470837e+00 2.51472758e+00]
 [3.52219996e+00 2.98883161e+00]
 [2.52100217e+00 2.59792270e+00]
 [4.03176212e+00 2.98572485e+00]
 [3.05828949e+00 2.95121888e+00]
 [3.36072072e+00 2.99455317e+00]
 [2.68867758e+00 2.63649595e+00]
 [1.66485403e+00 1.84408655e+00]
 [2.35111727e-01 1.39687877e-01]
 [1.46596388e+00 1.58117431e+00]
 [4.66130515e+00 2.99993786e+00]
 [1.48289748e+00 1.63040731e+00]
 [2.51810051e+00 2.27706951e+00]
 [2.60589552e-01 2.57388261e-01]
 [3.51218907e+00 2.96184400e+00]
 [2.52100217e+00 2.76207326e+00]
 [3.28170059e+00 2.80194125e+00]
 [1.15126693e+00 8.72298444e-01]
 [1.38492826e+00 1.40442517e+00]
 [4.60689421e+00 2.98993337e+00]
 [1.16965137e+00 1.14870584e+00]
 [3.90435693e+00 2.99049902e+00]
 [2.53514456e+00 2.66526852e+00]
 [2.77635485e+00 2.61087393e+00]
 [2.60173999e+00 2.49248217e+00]
 [2.96409706e+00 2.94115384e+00]
 [5.88268226e-01 5.69398264e-01]
 [2.11758683e+00 2.37360188e+00]
 [3.24182489e+00 2.90894053e+00]
 [3.62336760e+00 2.99553667e+00]
 [2.23820320e+00 1.72989041e+00]
 [1.10207022e-01 6.75358068e-02]
 [2.19688469e+00 1.99892761e+00]
 [3.27563259e+00 2.95566451e+00]
 [1.38284277e+00 1.28217396e+00]
 [6.43541941e-01 6.36203295e-01]
 [4.86557560e+00 2.99420140e+00]
 [2.57044565e+00 2.39963944e+00]
 [2.12254146e+00 1.91926785e+00]
 [1.48742795e+00 1.13281626e+00]
 [3.29068103e+00 2.88233464e+00]
 [4.25937895e+00 2.98833928e+00]
 [3.97503988e+00 2.99105712e+00]
 [2.78311567e-02 9.78964351e-02]
 [1.38492826e+00 1.53519793e+00]
 [3.18066230e+00 2.87323141e+00]
 [4.29156451e+00 2.99990148e+00]
 [1.52866899e+00 1.45267290e+00]
 [8.36432344e-01 7.96639978e-01]
 [1.30034778e+00 1.09920262e+00]
 [1.91200518e+00 1.72931732e+00]
 [1.91246161e+00 2.18758256e+00]
 [2.09597257e+00 2.05565850e+00]
 [2.29931684e+00 2.43343209e+00]
 [3.00761648e+00 2.75951709e+00]
 [1.57468701e+00 1.58140899e+00]
 [2.69853115e+00 2.72239564e+00]
 [2.38582923e+00 2.45010031e+00]
 [2.78311567e-02 5.42909017e-02]
 [3.00695749e+00 2.94519911e+00]
 [3.29602570e+00 2.96150652e+00]
 [2.38582923e+00 2.48242061e+00]
 [1.25267108e+00 1.46997145e+00]
 [2.73165809e+00 2.49248217e+00]
 [1.68077827e+00 1.75813888e+00]
 [1.83675369e+00 2.17612449e+00]
 [2.38621901e+00 2.51896584e+00]
 [1.67024366e+00 1.79436425e+00]
 [2.64275034e+00 2.98993337e+00]
 [4.08759887e+00 2.98705437e+00]
 [2.38582923e+00 2.55037087e+00]
 [2.01113947e-01 3.57700261e-01]
 [2.98339453e+00 2.72239564e+00]
 [1.35661700e+00 1.47295861e+00]
 [3.41529243e+00 2.99996589e+00]
 [2.10439151e+00 1.81827137e+00]
 [3.41558137e+00 2.99911763e+00]
 [4.86557560e+00 2.99540762e+00]
 [2.75717187e+00 2.99749362e+00]
 [1.54143901e+00 1.46252341e+00]
 [2.60589552e-01 3.53131254e-01]
 [4.96255319e+00 2.99975820e+00]
 [8.19920230e-01 1.01347464e+00]]
