[[1.86260211e-03 3.45560727e-03 1.79353495e+00]
 [1.98569888e-03 4.26701009e-03 1.68669248e+00]
 [3.66543097e-03 8.62346253e-03 2.38535544e+00]
 [3.81016124e-03 7.49858311e-03 2.02228296e+00]
 [4.44117107e-03 8.28135361e-03 1.85269631e+00]
 [4.32981507e-03 9.09311989e-03 2.21095800e+00]
 [5.29945427e-04 1.99495546e-03 1.84550532e+00]
 [2.44624405e-03 5.68857991e-03 1.82137665e+00]
 [3.04370311e-03 5.60529991e-03 1.42275405e+00]
 [3.18842846e-03 6.31742772e-03 2.15311478e+00]
 [2.89158161e-03 5.66804681e-03 1.75775888e+00]
 [4.27737329e-03 8.09284489e-03 1.87313954e+00]
 [2.28813671e-03 5.56984777e-03 1.94421721e+00]
 [7.72923975e-04 1.76721443e-03 2.10839518e+00]
 [4.29269985e-03 9.77155218e-03 2.60368560e+00]
 [2.33550512e-03 4.26701009e-03 1.88507733e+00]
 [3.18842846e-03 7.01060165e-03 2.15311478e+00]
 [2.48189733e-03 5.04519170e-03 2.24264799e+00]
 [2.20434699e-03 3.81459591e-03 1.81224731e+00]
 [5.01305744e-03 8.79998289e-03 1.58881070e+00]
 [1.15371394e-03 2.25039958e-03 2.19090172e+00]
 [3.94575823e-03 9.76775900e-03 2.98094357e+00]
 [1.61501150e-03 3.52854589e-03 2.56568134e+00]
 [4.23893799e-03 9.24206043e-03 2.29598131e+00]
 [4.32981507e-03 9.09311989e-03 2.24954787e+00]
 [3.09578631e-03 6.39460881e-03 2.04934062e+00]
 [1.87353519e-03 3.57270299e-03 1.79353495e+00]
 [1.34832547e-03 2.71827189e-03 1.93653179e+00]
 [3.01974279e-03 6.19455769e-03 2.15311478e+00]
 [7.72923975e-04 1.69758390e-03 2.00195350e+00]
 [2.06407574e-03 4.20193680e-03 2.33086188e+00]
 [2.28813671e-03 5.56984777e-03 2.00275634e+00]
 [8.91577060e-04 2.25039958e-03 2.19090172e+00]
 [1.86550220e-03 3.53485763e-03 1.78488384e+00]
 [7.80627687e-04 2.09131337e-03 2.32500525e+00]
 [8.83858090e-04 1.59593914e-03 2.11008415e+00]
 [4.43447778e-03 8.36346243e-03 2.10492745e+00]
 [1.82695525e-03 4.19323835e-03 1.89444851e+00]
 [5.11222902e-03 9.88863132e-03 1.97325490e+00]
 [4.23893799e-03 9.24206043e-03 2.29504432e+00]
 [2.27135527e-03 4.13184689e-03 1.79914276e+00]
 [1.81235809e-03 3.01236454e-03 1.74809983e+00]
 [5.02260265e-04 9.24306279e-04 2.37850404e+00]
 [1.49746117e-03 3.12632153e-03 1.78937490e+00]
 [4.73492440e-03 9.05292639e-03 1.84908164e+00]
 [1.88844695e-03 3.64034890e-03 1.78268485e+00]
 [1.55214408e-03 3.38023879e-03 1.87666691e+00]
 [3.81016124e-03 8.10934067e-03 2.02228296e+00]
 [2.33451169e-03 4.33438483e-03 2.14817878e+00]
 [2.99813198e-03 5.90140190e-03 1.75018204e+00]
 [5.47637179e-03 9.78601836e-03 1.77384044e+00]
 [2.14560924e-03 4.25172484e-03 1.77550383e+00]
 [9.89393548e-04 2.37174005e-03 2.75512380e+00]
 [9.64213406e-04 1.34721792e-03 1.95052772e+00]
 [2.03293235e-03 3.73404434e-03 2.08624090e+00]
 [3.18842846e-03 6.40434966e-03 2.15311478e+00]
 [3.98786441e-03 9.76139569e-03 2.70835111e+00]
 [3.24653092e-03 5.95211692e-03 1.75775888e+00]
 [6.39977733e-04 1.69758390e-03 1.99724399e+00]
 [9.27045099e-04 2.20586366e-03 2.34345957e+00]
 [1.56794305e-03 3.07602489e-03 2.29650137e+00]
 [2.33451169e-03 4.33438483e-03 2.15032363e+00]
 [6.70461680e-03 9.89364558e-03 2.90053350e+00]
 [4.30491544e-03 9.03564966e-03 2.17277979e+00]
 [2.83159861e-03 4.89704197e-03 2.01300931e+00]
 [9.52768070e-04 2.33727800e-03 1.97174114e+00]
 [8.24396497e-04 2.09131337e-03 2.30838441e+00]
 [3.77891762e-03 7.22110564e-03 1.68402355e+00]
 [4.85238639e-04 1.85088114e-03 2.03424965e+00]
 [8.83858090e-04 1.66015386e-03 2.11008415e+00]
 [5.11222902e-03 9.88863132e-03 2.81204406e+00]
 [4.16666661e-03 7.27717262e-03 1.79598128e+00]
 [2.73845976e-03 5.64983596e-03 2.19090172e+00]
 [9.67319117e-04 2.52022325e-03 2.51631116e+00]
 [1.59731863e-03 3.23462881e-03 2.23831389e+00]
 [1.34832547e-03 2.71827189e-03 1.92235644e+00]
 [5.17499776e-03 9.98347089e-03 1.86498866e+00]
 [1.86260211e-03 3.47576964e-03 1.79353495e+00]
 [3.92145493e-03 8.10934067e-03 2.26999500e+00]
 [1.55214408e-03 3.47901066e-03 1.87673356e+00]
 [6.08017993e-03 9.89540323e-03 2.89165559e+00]
 [1.34439028e-03 2.64465834e-03 2.01323930e+00]
 [4.14095346e-03 7.82946971e-03 1.70650898e+00]
 [5.92775929e-03 9.87910383e-03 2.84150864e+00]
 [3.48290803e-03 8.12838364e-03 2.54981276e+00]
 [4.04936560e-03 9.76775900e-03 2.81659895e+00]
 [1.18891473e-03 2.64672224e-03 2.07513653e+00]]
