[[1.50824312 1.5157577  9.02295352 2.76510197]
 [0.75428916 1.53151744 9.88999269 3.50476833]
 [0.45202875 5.43648945 9.74064057 1.36636074]
 [0.56813771 3.17536919 9.09654667 1.57597778]
 [0.56813771 3.17424594 9.09654667 1.56032198]
 [1.07771872 3.16386495 9.70806602 1.87642609]
 [0.3279112  7.03158718 9.2506674  1.23692493]
 [0.44412587 3.025704   8.7042951  2.94514825]
 [0.62822678 4.53414591 9.51608737 1.55636897]
 [0.76508486 2.69867547 7.71739216 1.26378601]
 [0.43379929 4.14131151 8.65190854 0.52291692]
 [1.30000385 7.30802273 9.98019719 4.77707772]
 [0.56813771 3.0808385  9.25662714 2.37126709]
 [0.56813771 3.19147139 9.21191911 1.56032198]
 [0.44412587 2.83422939 9.05422384 2.03101694]
 [0.44412587 2.53548471 9.50087325 2.97707166]
 [0.33978851 4.27441307 8.24209447 0.52291692]
 [0.43379929 7.31757178 9.84910634 0.52291692]
 [0.59538778 4.62294929 9.95230778 4.68420708]
 [1.67216945 0.87502337 9.84081454 4.30781892]
 [1.08814269 1.91045679 9.71410151 4.52520455]
 [0.42700632 4.46949462 8.33615248 1.40313649]
 [0.75316302 1.52129502 9.88737676 3.50476833]
 [0.44444052 5.37579808 9.74064057 1.4351609 ]
 [0.37065658 4.47043352 8.6486915  0.52291692]
 [3.48935207 4.32490646 9.98794329 4.88519977]
 [1.88135338 1.96736588 9.93086642 4.75111352]
 [0.39102839 4.27441307 7.91437111 0.4464045 ]]
