[[3.60699608e+01 1.65566552e+01]
 [7.76812641e+00 3.22621992e+01]
 [3.44753316e+01 1.71025222e+01]
 [3.38364045e+00 3.78835185e+01]
 [7.01718697e+00 3.32064912e+01]
 [2.06701379e+01 2.30235463e+01]
 [8.35413583e+01 6.42080819e+00]
 [6.42545421e-02 4.82357273e+01]
 [5.60857909e+01 1.11194220e+01]
 [4.34786818e+00 3.65027909e+01]
 [6.81555654e+01 8.66305532e+00]
 [8.89085385e-01 4.35860832e+01]
 [6.14466549e-01 4.47011988e+01]
 [1.45298019e+01 2.68269711e+01]
 [5.83176055e+01 1.06016468e+01]
 [7.04643053e+01 8.30666886e+00]
 [7.07409588e+00 3.29968040e+01]
 [6.16784942e+01 9.95395502e+00]
 [4.22734344e+01 1.46637253e+01]
 [2.05528226e+01 2.32543913e+01]
 [1.04976551e+01 2.98948891e+01]
 [5.10129214e+01 1.23026655e+01]
 [3.09838326e+01 1.84529702e+01]
 [9.65869014e+01 5.29510110e+00]
 [7.47103428e+00 3.27839613e+01]
 [1.93888691e-01 4.71300901e+01]
 [3.56757064e+01 1.67682477e+01]
 [1.17329489e+02 4.34324222e+00]
 [4.66951383e+00 3.58988353e+01]
 [5.69893656e+01 1.08917859e+01]
 [2.62542348e+00 3.94629533e+01]
 [6.83382844e+01 8.64617576e+00]
 [4.34026601e+01 1.43443386e+01]
 [2.13531304e+01 2.26859973e+01]
 [4.18005687e+01 1.50087135e+01]
 [5.00504672e+01 1.25116603e+01]
 [1.88251444e+01 2.41843976e+01]
 [6.00929066e+00 3.48282781e+01]
 [5.13824242e-01 4.54694508e+01]
 [2.58119506e+00 3.96677531e+01]
 [4.03239394e+00 3.69383522e+01]
 [2.38404433e+01 2.15314788e+01]
 [4.75859928e+01 1.32989730e+01]
 [3.69837635e+01 1.63225093e+01]
 [8.64919865e+01 6.15676129e+00]
 [3.36542071e+01 1.74010150e+01]
 [3.20537255e+00 3.81544643e+01]
 [4.94481916e+00 3.56141364e+01]
 [1.27649019e+01 2.80997480e+01]
 [6.48609556e+01 9.26874806e+00]
 [5.05834735e+01 1.23675360e+01]
 [3.43372301e+01 1.71514592e+01]
 [1.93779981e+01 2.37564183e+01]
 [5.01455835e+01 1.24796289e+01]
 [6.33070848e+01 9.61319687e+00]
 [5.40210633e+01 1.15365319e+01]
 [3.12500802e+01 1.84325539e+01]
 [6.43486652e+01 9.37801384e+00]
 [1.71358718e+00 4.17938033e+01]
 [1.20306667e+01 2.85309140e+01]
 [2.25733983e+01 2.24263055e+01]
 [7.44505565e+01 7.63696884e+00]
 [5.89411434e+01 1.05818184e+01]
 [4.67329773e+01 1.33736789e+01]
 [3.01727971e+01 1.87087766e+01]
 [1.34130912e+00 4.22112876e+01]
 [4.93661976e-01 4.58807307e+01]
 [2.15113580e+01 2.25891640e+01]
 [7.93024178e+01 7.29668767e+00]
 [3.35921562e-01 4.59875418e+01]
 [5.79757966e+01 1.06536827e+01]
 [4.76391019e+01 1.32669915e+01]
 [2.15758789e+01 2.25489721e+01]
 [2.66596827e+01 2.02184574e+01]
 [8.12972023e-01 4.41664531e+01]
 [7.79711709e+00 3.22085453e+01]
 [9.29939777e+00 3.10579557e+01]
 [6.96871304e+01 8.40558730e+00]
 [2.47211051e+01 2.10275627e+01]
 [3.74813369e+01 1.60808832e+01]
 [4.19390490e+01 1.47102824e+01]
 [6.59472059e+01 9.09638647e+00]
 [9.94862117e+01 5.18014734e+00]
 [3.01658704e+01 1.87139152e+01]
 [7.87227308e+00 3.21426102e+01]
 [4.19304321e+01 1.49927994e+01]
 [1.97424900e+00 4.05740695e+01]
 [2.82234985e+01 1.95212424e+01]
 [4.90517577e+01 1.28108897e+01]
 [2.94306703e+00 3.86951587e+01]
 [7.54138567e+01 7.49146900e+00]
 [4.27261703e+01 1.46396666e+01]
 [2.35914441e+01 2.17129899e+01]
 [9.80786824e+00 3.03287220e+01]
 [2.77138099e+01 1.97921623e+01]
 [6.70345278e+01 8.86884180e+00]
 [5.30118890e+01 1.18485551e+01]
 [2.85572361e+01 1.93560554e+01]
 [2.41525331e-01 4.66675668e+01]
 [2.29269596e+01 2.22292675e+01]
 [9.14377526e+01 5.71568603e+00]
 [2.99662124e+01 1.87898241e+01]
 [6.61885434e+01 9.02809820e+00]
 [5.58716460e+01 1.11256960e+01]
 [1.57186507e+01 2.62322970e+01]
 [9.72695367e+00 3.08270519e+01]
 [7.31134899e+01 7.88457575e+00]
 [4.52897224e+01 1.38297647e+01]
 [1.08377701e+02 4.64256466e+00]
 [3.06969123e+01 1.85240263e+01]
 [4.32687422e+01 1.43762796e+01]
 [8.07666679e+01 6.76893955e+00]
 [1.40580064e+01 2.72563705e+01]
 [9.95898797e+00 3.03156510e+01]
 [3.52407407e+01 1.68337869e+01]
 [2.56245874e+01 2.07599683e+01]
 [2.24041505e-01 4.69142168e+01]
 [1.92890357e+01 2.40851878e+01]
 [9.45663631e+01 5.44071022e+00]
 [2.16650447e+01 2.25035164e+01]
 [8.27086631e+01 6.56256845e+00]
 [2.83711128e+00 3.90091085e+01]
 [6.80323636e+00 3.32599248e+01]
 [1.58823481e+01 2.58723019e+01]
 [3.85714831e+00 3.71735164e+01]
 [4.93107753e+01 1.26880449e+01]
 [9.97680397e+01 5.06677882e+00]
 [6.26803105e+01 9.69680472e+00]
 [3.23681553e-02 4.87848533e+01]
 [4.63573341e+01 1.34683262e+01]
 [3.42642180e+01 1.71937999e+01]
 [1.28954877e+02 4.32798382e+00]
 [5.38859032e+01 1.16392100e+01]
 [1.74634540e+01 2.48629288e+01]
 [9.99189627e+01 5.04017391e+00]
 [2.59267801e+01 2.05116140e+01]
 [1.51633201e+01 2.62698875e+01]
 [4.81133724e+01 1.30760338e+01]
 [1.70690800e-01 4.71316933e+01]
 [3.50168254e+01 1.69686024e+01]
 [2.66384973e-02 4.91004342e+01]
 [5.72714845e-01 4.48164019e+01]
 [3.85939703e+01 1.57771162e+01]
 [3.16800185e+01 1.81224864e+01]
 [2.50319270e+01 2.09128595e+01]
 [8.74410511e+00 3.13073630e+01]
 [6.87839110e+01 8.57538040e+00]
 [3.25419880e+00 3.81249667e+01]
 [4.25858642e+00 3.68196239e+01]
 [5.79204757e+01 1.07214807e+01]
 [1.20579778e+00 4.27045194e+01]
 [2.35709232e+00 3.97430946e+01]
 [2.92891752e+01 1.90690812e+01]
 [6.05697109e+01 1.01107704e+01]
 [3.26334927e+01 1.77834018e+01]
 [3.78552394e+01 1.59782147e+01]
 [6.85758459e+01 8.60169225e+00]
 [5.89825843e+01 1.04871452e+01]
 [9.14034295e+01 5.78621854e+00]
 [1.66723730e+01 2.56570825e+01]
 [1.45868559e+00 4.18265979e+01]
 [6.64615655e+01 8.99970406e+00]
 [9.34710539e+00 3.08685758e+01]
 [5.23802574e+01 1.21592739e+01]
 [3.70818707e+00 3.77654745e+01]
 [2.43364332e+01 2.13989186e+01]
 [8.57397594e-01 4.41308428e+01]
 [1.05567727e+02 4.80623254e+00]
 [1.70579266e+01 2.50631837e+01]
 [8.68661976e+01 6.07739292e+00]
 [1.24590242e+01 2.82639405e+01]
 [2.02453833e+01 2.33971916e+01]
 [6.02113058e+01 1.02932266e+01]
 [6.39369925e+01 9.45356937e+00]
 [4.04261775e+01 1.52448610e+01]
 [5.06448081e+01 1.23496523e+01]
 [6.71891931e+00 3.36777805e+01]
 [7.93350899e+00 3.20837878e+01]
 [1.36768052e+01 2.73378081e+01]
 [3.77943853e+01 1.60052721e+01]
 [1.08233693e+01 2.94441308e+01]
 [1.01407344e+01 3.01976394e+01]
 [4.06735048e+01 1.51017967e+01]
 [5.74808796e+00 3.50820971e+01]
 [2.42384868e+01 2.14564942e+01]
 [2.01869025e+01 2.34181406e+01]
 [1.95819129e+00 4.08802978e+01]
 [9.91031623e+01 5.18083158e+00]
 [6.16885059e+00 3.40771650e+01]
 [8.24738914e+01 6.57623858e+00]
 [2.34713710e+00 3.98349714e+01]
 [9.62288914e+01 5.33105440e+00]
 [6.59861872e+01 9.08970631e+00]
 [8.21498419e+00 3.18368348e+01]
 [1.08400036e+02 4.58879171e+00]
 [2.27045653e+01 2.22643975e+01]
 [2.85033738e+01 1.93777624e+01]
 [2.30639615e+01 2.18726157e+01]
 [1.00145620e+00 4.31808457e+01]
 [7.66009350e+01 7.37422088e+00]
 [1.47077555e+01 2.65591385e+01]
 [7.37419730e+01 7.73242163e+00]
 [9.32868819e+00 3.09897499e+01]
 [2.36238170e+01 2.16741290e+01]
 [3.71027346e+01 1.62949352e+01]
 [4.83154088e+01 1.29357167e+01]
 [5.01569647e+01 1.24716668e+01]
 [3.37734960e+00 3.79263865e+01]
 [1.83243794e+01 2.43409000e+01]
 [1.17429201e+01 2.87723859e+01]
 [1.73599694e+01 2.49676694e+01]
 [7.22357494e+01 8.04920456e+00]
 [6.92097786e+01 8.53071438e+00]
 [9.68948722e+01 5.27385522e+00]
 [4.02315136e+01 1.55202729e+01]
 [8.61253296e+01 6.26358277e+00]
 [7.35527154e+00 3.29349023e+01]
 [8.16953112e+01 6.62947722e+00]
 [6.88878884e+01 8.53308036e+00]
 [3.29963156e+01 1.76599788e+01]
 [6.99563661e+01 8.40524238e+00]
 [1.28022238e+01 2.80641807e+01]
 [1.74948475e+01 2.48051163e+01]
 [3.69555463e+01 1.63329575e+01]
 [5.57958025e+01 1.11739665e+01]
 [2.38683497e+01 2.14692217e+01]
 [1.30448198e+02 4.06971599e+00]
 [4.44818059e+01 1.40202877e+01]
 [1.15016619e+01 2.89534513e+01]
 [6.41114733e+01 9.42155232e+00]
 [1.05154082e+01 2.97388461e+01]
 [5.53521026e+01 1.15266547e+01]
 [5.64650196e+01 1.09953479e+01]]
