[[1.86260211e-03 3.45560727e-03 1.79353495e+00]
 [4.30247271e-03 9.73802078e-03 2.35560178e+00]
 [1.98569888e-03 4.26701009e-03 1.68669248e+00]
 [3.81016124e-03 7.49858311e-03 2.02228296e+00]
 [4.28768775e-03 8.24009870e-03 2.25299232e+00]
 [2.74119775e-03 5.60529991e-03 2.34345957e+00]
 [4.44117107e-03 8.28135361e-03 1.85269631e+00]
 [4.32981507e-03 9.09311989e-03 2.21095800e+00]
 [5.29945427e-04 1.99495546e-03 1.84550532e+00]
 [9.94405629e-04 1.15035012e-03 1.74681426e+00]
 [2.00727488e-03 5.29546610e-03 2.78886484e+00]
 [3.72748802e-03 7.10354578e-03 1.91128685e+00]
 [4.06288428e-03 7.43749196e-03 1.57597376e+00]
 [3.14417222e-03 6.05896361e-03 2.18969427e+00]
 [3.23479197e-03 6.07441894e-03 2.30166251e+00]
 [4.79737567e-03 9.46676679e-03 2.10686741e+00]
 [8.48018217e-04 2.02463036e-03 2.70847595e+00]
 [2.46211068e-03 4.98334280e-03 2.07766213e+00]
 [6.26276395e-03 9.86482259e-03 2.74980510e+00]
 [1.30845131e-03 2.41826992e-03 2.49474207e+00]
 [1.63459522e-03 3.42440641e-03 1.52376081e+00]
 [6.43261548e-04 1.31415661e-03 1.32369543e+00]
 [3.40687006e-03 6.73765702e-03 2.15742876e+00]
 [4.33733511e-03 6.85528772e-03 1.50310704e+00]
 [2.90597847e-03 5.60315626e-03 2.03646942e+00]
 [4.71717521e-03 9.46676679e-03 1.99774864e+00]
 [2.57460798e-03 4.67987179e-03 1.38391434e+00]
 [1.27026106e-03 2.44447999e-03 2.18617925e+00]
 [1.59918789e-03 4.35116308e-03 2.58780454e+00]
 [3.14417222e-03 5.95800107e-03 2.08575775e+00]
 [2.69927892e-03 4.06245422e-03 1.85618238e+00]
 [2.91129406e-03 4.62786310e-03 1.23214492e+00]
 [2.95482286e-03 6.51427381e-03 1.97267329e+00]
 [3.81301818e-03 7.94566805e-03 2.04348816e+00]
 [1.42779201e-03 2.63296770e-03 2.40036607e+00]
 [3.87163382e-03 8.62346253e-03 2.38535544e+00]
 [1.13876849e-03 2.10558099e-03 2.26181942e+00]
 [4.19389893e-03 8.07698409e-03 1.64876611e+00]
 [7.54119425e-04 1.61079723e-03 2.45378751e+00]
 [7.99613211e-03 9.91798456e-03 2.74980510e+00]
 [5.60269450e-03 9.90406197e-03 2.54783250e+00]
 [3.58660316e-03 8.52466784e-03 2.69805389e+00]
 [8.96306989e-04 2.07162535e-03 2.00564877e+00]
 [2.19984400e-03 4.26701009e-03 1.61522483e+00]
 [1.15103041e-03 2.16146488e-03 2.19196477e+00]
 [2.45126737e-03 6.22495902e-03 2.82838144e+00]
 [5.01073720e-03 9.13739625e-03 1.72363004e+00]
 [5.12505268e-03 9.58802516e-03 1.78564589e+00]
 [7.40044642e-04 1.88358875e-03 2.62308809e+00]
 [1.09364568e-03 1.92650041e-03 1.02409093e+00]
 [2.45517259e-03 3.88686053e-03 1.67598785e+00]
 [1.56078001e-03 2.60383557e-03 1.97044704e+00]
 [1.64747381e-03 2.63139024e-03 1.36450640e+00]
 [2.46211068e-03 5.55352375e-03 2.07377560e+00]
 [4.03645433e-03 7.87541318e-03 1.69663806e+00]
 [1.12542243e-03 1.98166613e-03 1.81253121e+00]
 [1.53024397e-03 3.53389964e-03 2.03232360e+00]
 [1.15103041e-03 2.71097313e-03 2.77272417e+00]
 [3.87163382e-03 8.23818513e-03 2.24888807e+00]
 [2.41763159e-03 4.19993552e-03 2.07526925e+00]
 [6.42758559e-03 9.88515908e-03 2.74980510e+00]
 [5.35788500e-03 9.90406197e-03 2.51910086e+00]
 [5.14661983e-03 9.58802516e-03 1.86259242e+00]
 [2.68825778e-03 4.81696283e-03 1.89134591e+00]
 [4.22550865e-03 9.77408320e-03 2.58132165e+00]
 [1.01090453e-03 1.61079723e-03 1.78248549e+00]
 [1.30845131e-03 2.38284985e-03 1.78891209e+00]
 [7.99613211e-03 9.94919683e-03 2.75734343e+00]
 [1.70634093e-03 4.08605262e-03 2.09766234e+00]
 [2.78535633e-03 5.34255331e-03 2.20706798e+00]
 [6.43261548e-04 1.25514263e-03 1.44319699e+00]
 [1.15926706e-03 1.99995558e-03 1.95349150e+00]]
