[[1.45988514e+01 1.87473437e-03]
 [4.86621314e+00 6.48194950e-03]
 [3.18032647e+01 6.57607673e-04]
 [2.23930593e+01 9.50885037e-04]
 [8.42493582e+00 2.79476072e-03]
 [1.38583616e+01 1.92456864e-03]
 [1.26053579e+01 1.94096797e-03]
 [2.49856601e+01 8.35621306e-04]
 [4.54851524e+00 1.18642502e-02]
 [8.80114221e+01 4.57877679e-04]
 [3.32740250e+01 5.30897015e-04]
 [2.60141269e+01 7.87806998e-04]
 [2.83802039e+01 7.24193575e-04]
 [3.17272363e+01 6.74579631e-04]
 [4.08959095e+01 4.61356174e-04]
 [1.18490742e+01 2.01592710e-03]
 [9.43110822e+00 2.28087946e-03]
 [6.11556589e+00 5.57057643e-03]
 [1.71431919e+01 1.06041489e-03]
 [4.03316276e+00 1.71719133e-02]
 [1.49047360e+01 1.34727829e-03]
 [3.19957685e+01 6.42435431e-04]
 [2.69548685e+02 4.46821873e-04]]
