[[1.86260211e-03 3.45560727e-03 1.79353495e+00]
 [4.30247271e-03 9.73802078e-03 2.35560178e+00]
 [3.66543097e-03 8.62346253e-03 2.38535544e+00]
 [3.81016124e-03 7.49858311e-03 2.02228296e+00]
 [4.28768775e-03 8.24009870e-03 2.25299232e+00]
 [4.44117107e-03 8.28135361e-03 1.85269631e+00]
 [4.32981507e-03 9.09311989e-03 2.21095800e+00]
 [1.61510770e-03 3.42440641e-03 1.52376081e+00]
 [1.15103041e-03 2.27001165e-03 2.19196477e+00]
 [3.93884008e-03 6.88955048e-03 1.80800322e+00]
 [8.96306989e-04 2.10770942e-03 2.00564877e+00]
 [3.72748802e-03 7.10354578e-03 1.91128685e+00]
 [1.01581476e-03 2.25806922e-03 2.94264094e+00]
 [3.14417222e-03 6.05896361e-03 2.18969427e+00]
 [4.79737567e-03 9.46676679e-03 2.10686741e+00]
 [8.48018217e-04 2.02463036e-03 2.70847595e+00]
 [2.31462936e-03 4.26821349e-03 1.49622293e+00]
 [9.04097157e-04 1.28975984e-03 1.21052505e+00]
 [4.93963846e-04 1.50455028e-03 1.79070095e+00]
 [3.72498766e-03 6.19039635e-03 1.39389608e+00]
 [1.32674992e-03 2.08263213e-03 1.62568302e+00]
 [2.19153806e-03 4.28800693e-03 2.21448826e+00]
 [1.06897790e-03 2.25294221e-03 2.21497569e+00]
 [3.95896847e-03 8.62346253e-03 2.37668510e+00]
 [1.77665365e-03 3.36064152e-03 1.37638852e+00]
 [8.48018217e-04 2.08468574e-03 2.73376672e+00]
 [1.85289239e-03 3.56776818e-03 1.85741050e+00]
 [1.61510770e-03 3.42440641e-03 1.55596892e+00]
 [4.42914088e-03 9.47619762e-03 2.33846579e+00]
 [4.45624458e-03 8.22325098e-03 2.02540899e+00]
 [6.27395431e-04 1.30001992e-03 2.15699916e+00]
 [1.38474061e-03 2.52325745e-03 2.47792942e+00]
 [4.72296928e-03 8.40372492e-03 1.91128685e+00]
 [1.26793694e-03 3.30115552e-03 2.25087076e+00]
 [7.26203676e-04 1.55593178e-03 2.13137879e+00]
 [4.37128937e-03 8.24305648e-03 2.10031209e+00]
 [2.70168658e-03 6.39460881e-03 2.04934062e+00]
 [2.59520157e-03 4.85178508e-03 2.07353664e+00]
 [5.52767597e-03 9.81864575e-03 1.81028123e+00]
 [2.81102678e-03 4.75883650e-03 1.55647688e+00]
 [8.17589085e-04 1.97942697e-03 1.89134591e+00]
 [2.94351149e-03 6.71429171e-03 2.16787486e+00]
 [3.40380268e-03 6.78428449e-03 1.88160684e+00]
 [2.86407021e-03 5.46320098e-03 1.87030326e+00]
 [2.23097700e-03 4.28932334e-03 1.95583033e+00]
 [7.15447876e-04 1.55593178e-03 2.13125600e+00]
 [2.19961805e-03 5.59257537e-03 2.69874220e+00]
 [3.94552706e-03 7.69128857e-03 2.10031209e+00]
 [3.81016124e-03 7.49858311e-03 2.02405027e+00]
 [3.72748802e-03 7.10615323e-03 2.03804351e+00]
 [4.58228068e-03 8.43494126e-03 1.71975485e+00]
 [4.77337357e-04 1.36251187e-03 2.06367617e+00]
 [3.43216204e-03 6.68796606e-03 1.65193441e+00]
 [8.39040002e-04 1.88476488e-03 2.00564877e+00]
 [5.40557786e-03 9.91561736e-03 2.74980510e+00]
 [1.98331730e-03 4.78845842e-03 2.46281335e+00]
 [4.30247271e-03 9.74679596e-03 2.84713304e+00]
 [1.57501035e-03 3.00539899e-03 2.21497569e+00]
 [1.32674992e-03 2.08263213e-03 1.58891341e+00]
 [3.18204440e-03 6.05896361e-03 2.14309330e+00]
 [2.69759143e-03 5.60529991e-03 2.34345957e+00]
 [1.85289239e-03 4.31215782e-03 2.20462642e+00]
 [1.06897790e-03 2.46197808e-03 2.21497569e+00]
 [4.69224132e-03 8.39840710e-03 1.64780702e+00]
 [1.32674992e-03 2.41145236e-03 2.31551856e+00]
 [4.47688111e-03 9.81436246e-03 2.35560178e+00]
 [2.59245989e-03 4.69912735e-03 2.04779227e+00]
 [9.11978369e-03 9.98882040e-03 2.76757927e+00]
 [4.29798750e-03 9.25433739e-03 2.18271526e+00]
 [2.15727526e-03 5.28650445e-03 2.40276059e+00]
 [2.37229736e-03 4.14055988e-03 1.63279498e+00]
 [4.30047401e-03 8.21584555e-03 1.70706973e+00]
 [1.00953031e-03 2.49424724e-03 2.75628501e+00]
 [1.17423749e-03 1.77404508e-03 1.22249135e+00]
 [2.85576282e-03 6.44826985e-03 2.49342823e+00]
 [4.00958516e-03 8.73160729e-03 2.06800183e+00]
 [2.19153806e-03 4.57655956e-03 2.44679477e+00]]
