[[2.08511002 2.16097348]
 [0.93130106 1.03668218]
 [1.98383737 1.6164502 ]
 [2.09597257 2.0556585 ]
 [2.08652401 1.67606949]
 [0.70193469 0.59430447]
 [1.05814058 0.79663998]
 [1.63322451 1.58117431]
 [3.45448459 2.99196855]
 [0.09940067 0.07863296]
 [2.76410989 2.52609268]
 [2.92879636 2.90878724]
 [0.29958845 0.36403037]
 [0.22275939 0.32248239]
 [0.97714741 1.74407678]
 [1.1992388  1.48130914]
 [2.62335155 2.77442391]
 [3.08389179 2.84704896]
 [1.95003857 1.457972  ]
 [0.88098128 0.99619072]
 [0.99284944 1.28010303]
 [2.63857323 2.40648325]
 [2.59505814 2.31265173]
 [2.07924359 1.8500552 ]
 [4.33304137 2.84941797]
 [3.91374707 2.97141535]
 [2.2095214  1.74473222]
 [0.09166321 0.20017499]
 [1.9742524  2.24081549]
 [0.72779116 0.47319021]
 [4.52904748 2.96986554]
 [0.73396187 0.79289245]
 [2.58633799 2.74921756]
 [0.43741105 0.68192921]
 [2.85357926 2.99026028]
 [2.46035901 2.19027363]
 [1.69354013 1.57168841]
 [2.42214223 2.57795342]
 [1.07056068 0.59684377]
 [0.13313942 0.33276111]
 [1.85077089 1.59209232]
 [3.58464501 2.96197852]
 [2.00932962 2.09192406]
 [0.60383592 0.66085196]
 [0.69177345 0.87043339]
 [1.72849411 2.02491481]
 [1.10741028 1.40173747]
 [1.57382844 1.88056681]
 [2.86636136 2.82828773]
 [2.45772575 2.57010749]
 [2.09289013 2.0503947 ]
 [1.47644397 1.63236415]
 [2.43960746 2.56606924]
 [2.57087522 2.62599818]
 [0.80755385 1.02732192]
 [2.14018735 1.79780927]
 [2.8968027  2.77411254]
 [1.14602514 1.30165013]
 [1.91233729 1.40936712]
 [3.154796   2.94277103]
 [2.51754755 2.8977992 ]
 [2.49966186 2.33129469]
 [1.90540746 1.97803481]
 [0.354592   0.45781196]
 [0.08287941 0.34138907]
 [1.60513157 1.67373598]
 [0.19864353 0.21100032]
 [2.69824555 2.6857811 ]
 [1.64180695 1.64269281]
 [1.93002006 1.71462628]
 [4.37062968 2.85340686]
 [1.55851459 2.00638982]
 [0.19929963 0.40437935]
 [0.967082   1.0069914 ]
 [2.16177797 2.5431014 ]
 [1.24145364 0.88523573]
 [3.01091827 2.89070126]
 [1.72839607 1.78687529]
 [1.5264415  1.11496373]
 [2.24368629 2.1129402 ]
 [1.17538818 1.38480624]
 [1.00363744 1.58863983]
 [0.98916392 1.28799217]
 [0.61386065 0.56270968]
 [2.35248838 2.48140801]
 [1.93494617 1.47864262]
 [2.29978366 2.29161815]
 [0.63356692 0.73279999]
 [2.73227295 2.44932719]
 [3.02153422 2.87640755]
 [1.96942004 2.06686514]
 [1.95305249 2.08881025]
 [3.06556168 2.8072088 ]
 [2.98444262 2.93877052]
 [2.2050331  2.21883589]
 [1.38600052 1.6044967 ]
 [2.74526722 2.40298367]
 [4.48021746 2.91816106]
 [0.35271022 0.22039996]
 [1.73347441 1.06094336]
 [3.02606448 2.97121859]
 [0.4449911  0.55471677]
 [4.00329829 2.79960701]
 [0.18931294 0.17275052]
 [2.58099231 2.58967945]
 [1.39164065 1.91992371]
 [2.32566972 2.42024043]
 [1.28330495 1.17429109]
 [0.28987907 0.41644955]
 [0.72892716 0.73464192]
 [2.78634115 2.72132717]
 [2.60156818 2.48540444]
 [2.52889693 2.47457569]
 [2.03144214 2.23124759]
 [1.55506534 1.64546727]
 [2.39868784 2.84003004]
 [1.64573001 1.58400419]
 [1.15731468 1.28046405]
 [1.95132352 2.27947619]
 [0.45204858 0.38692795]
 [0.52631263 0.51818239]
 [4.39533201 2.92055658]
 [3.02711004 2.92871479]
 [3.09559817 2.95633474]
 [2.75997514 2.89174767]
 [1.98231345 1.8840697 ]
 [0.34892989 0.12563271]
 [0.99099615 0.66178225]
 [2.68001287 2.70234934]
 [1.86249383 1.8571189 ]
 [2.33775027 2.00082763]
 [2.06835082 2.05292887]
 [2.12862206 1.80602352]
 [2.12701733 2.4321637 ]
 [1.09576903 1.28640208]
 [3.09696083 2.94209711]
 [1.02461073 0.78426214]
 [2.85504381 2.8921084 ]
 [0.87666296 1.02344047]
 [0.3354473  0.59594479]
 [1.36200425 1.79636675]
 [3.70982118 2.94864236]
 [2.08050386 1.5947504 ]
 [0.36257764 0.51810326]
 [2.47747491 2.47337883]
 [2.81033631 2.74458794]
 [1.42788141 1.90461823]
 [3.00346072 2.7719869 ]
 [4.01333271 2.82729862]
 [0.08183788 0.08182292]
 [2.57799741 2.86679447]
 [0.48019474 0.55947806]
 [2.27838797 2.33673576]
 [3.58688883 2.90861404]
 [2.85357926 2.96432886]
 [0.96958873 1.02732192]
 [0.98113621 1.3226166 ]
 [3.45489643 2.84921236]
 [1.53074104 1.55006635]
 [2.80474378 2.44170625]
 [4.52128459 2.96986554]
 [2.55097525 2.39305746]
 [1.26926194 1.59207069]
 [2.43860022 2.3502981 ]
 [3.45778872 2.89843119]
 [2.14466167 1.64144772]
 [1.9742524  2.22050619]
 [2.19300675 2.25496216]
 [3.37282012 2.83542764]
 [1.64318639 1.88056681]
 [0.02933689 0.07676778]
 [4.89741677 2.96785243]
 [0.45855305 0.64492014]
 [0.23768797 0.49539124]
 [1.28824138 1.61903759]
 [2.51575438 2.46771587]
 [1.55807691 1.63236415]
 [0.60900621 0.44182889]
 [2.68509112 2.81968153]
 [0.88098128 1.03224963]
 [2.78367562 2.59460868]
 [2.14368506 2.25921197]
 [0.72892716 0.68928301]
 [1.75070326 1.61479523]
 [2.08221505 1.91584254]
 [2.36926034 2.23059403]
 [2.7817325  2.54620228]
 [0.967082   1.01291715]
 [1.72586026 1.49609332]
 [2.09358807 2.27947619]
 [2.81054982 2.73374728]
 [3.37636203 2.95493023]
 [4.52904748 2.95021303]
 [2.0603902  2.30008476]
 [0.44906764 0.67524597]
 [1.58083514 1.47302559]
 [0.7626441  0.83041939]
 [2.42923219 2.59069891]
 [3.52170142 2.87640755]
 [1.83003453 1.65440651]
 [1.44395478 1.61437532]
 [2.74078618 2.77392405]
 [1.40208434 1.98981923]
 [3.38360106 2.86300963]
 [3.21278577 2.90641323]
 [3.68563511 2.94305743]
 [2.75442873 2.50079292]
 [2.4320295  2.79901444]
 [2.42157887 2.44446341]
 [0.3517972  0.11569121]
 [0.73778807 0.62306181]
 [0.65241788 0.5397393 ]
 [2.86636136 2.75738702]
 [0.72212786 1.01480347]
 [2.33775027 2.79664753]
 [2.91776287 2.7264241 ]
 [2.28768659 1.8840697 ]
 [2.68001287 2.68102278]
 [0.89390872 1.31739032]
 [1.97716454 2.27750902]
 [1.07857061 1.18552415]
 [0.80755385 1.03458562]
 [0.85271003 1.32086291]
 [2.83834131 2.62616622]
 [2.62298156 2.30032376]
 [2.07026    2.00486697]
 [1.42206141 1.7287526 ]
 [2.20151118 2.26879159]
 [0.88920257 1.04528259]
 [1.21541834 1.3226166 ]
 [2.13775783 1.84405395]
 [2.92674229 2.92272131]
 [0.96481366 1.05141595]
 [1.03018387 1.74370603]
 [3.155987   2.94277103]
 [0.12211817 0.1120385 ]
 [2.22390407 2.07334087]
 [3.5101906  2.92141822]
 [4.23040886 2.87431583]
 [1.14486797 0.93580895]
 [1.0828351  0.97993095]
 [2.59926268 2.50549421]
 [1.49097273 1.74716116]
 [2.36310623 2.52674698]
 [2.36711231 2.32412583]
 [2.16838174 2.29054421]
 [0.73074474 0.6022083 ]
 [2.89815173 2.53655303]
 [1.95459356 1.63332828]
 [0.811606   1.07423974]
 [1.12367885 1.2839879 ]
 [2.14852557 1.79780927]
 [2.18636225 2.21883589]
 [2.47831858 2.24303925]]
