[[1.45988514e+01 1.87473437e-03]
 [4.86621314e+00 6.48194950e-03]
 [5.84779630e+01 5.05021991e-04]
 [3.18032647e+01 6.57607673e-04]
 [3.23474214e+01 6.42435431e-04]
 [1.62713356e+01 1.46668769e-03]
 [3.66305773e+01 6.23016548e-04]
 [2.21224036e+01 1.03269180e-03]
 [7.96821392e+00 5.48712384e-03]
 [2.97182752e+01 6.79764963e-04]
 [1.30293020e+01 2.39773718e-03]
 [1.82745513e+01 1.05986945e-03]
 [8.96366331e+00 2.54121216e-03]
 [2.90453025e+01 8.68922281e-04]
 [3.52908531e+01 6.37152151e-04]
 [4.42505739e+01 5.21998204e-04]
 [4.81443076e+01 5.14114160e-04]
 [2.29362304e+01 9.18149441e-04]
 [1.32411280e+02 4.69388929e-04]
 [3.80202868e+01 5.48831866e-04]
 [2.10160577e+01 1.04823609e-03]
 [4.37226884e+01 5.36950662e-04]
 [5.97729044e+01 4.98435542e-04]
 [2.78708925e+01 8.81490883e-04]]
