[[1.86260211e-03 3.45560727e-03 1.79353495e+00]
 [4.30247271e-03 9.73802078e-03 2.35560178e+00]
 [1.98569888e-03 4.26701009e-03 1.68669248e+00]
 [3.81016124e-03 7.49858311e-03 2.02228296e+00]
 [2.74119775e-03 5.60529991e-03 2.34345957e+00]
 [4.44117107e-03 8.28135361e-03 1.85269631e+00]
 [4.32981507e-03 9.09311989e-03 2.21095800e+00]
 [1.61510770e-03 3.42440641e-03 1.52376081e+00]
 [1.15103041e-03 2.27001165e-03 2.19196477e+00]
 [3.72748802e-03 7.10354578e-03 1.91128685e+00]
 [6.05212895e-03 9.90406197e-03 2.54783250e+00]
 [1.01581476e-03 2.25806922e-03 2.94264094e+00]
 [2.69654701e-03 5.90546522e-03 1.76106815e+00]
 [4.79737567e-03 9.46676679e-03 2.10686741e+00]
 [8.48018217e-04 2.02463036e-03 2.70847595e+00]
 [9.04097157e-04 1.28975984e-03 1.21052505e+00]
 [4.93963846e-04 1.50455028e-03 1.79070095e+00]
 [2.37214058e-03 5.39490891e-03 2.49856157e+00]
 [1.86155670e-03 4.71819063e-03 2.96364884e+00]
 [1.32906238e-03 2.83462432e-03 2.60128235e+00]
 [1.93864860e-03 4.95112363e-03 2.27024992e+00]
 [1.08067485e-03 1.91272052e-03 1.77409247e+00]
 [2.78504172e-03 6.14781891e-03 2.33033671e+00]
 [1.85960970e-03 5.05763349e-03 2.57300153e+00]
 [1.97454840e-03 3.40082778e-03 1.54636852e+00]
 [1.10528065e-03 2.45065033e-03 1.68349001e+00]
 [1.70931542e-03 3.35310519e-03 1.61505577e+00]
 [1.99852549e-03 5.08243732e-03 2.47472670e+00]
 [4.01018650e-03 8.28135361e-03 1.85269631e+00]
 [2.37214058e-03 5.28621558e-03 2.45467408e+00]
 [3.29844563e-03 5.81236694e-03 1.70281793e+00]
 [2.53854135e-03 4.28544047e-03 1.35698967e+00]
 [3.20375350e-03 5.79104176e-03 2.14638544e+00]
 [2.54125822e-03 4.26821349e-03 1.49667876e+00]
 [6.07439996e-03 9.86071293e-03 2.64298180e+00]
 [7.84463238e-04 1.80656434e-03 1.44409828e+00]
 [5.40519926e-03 9.09183889e-03 1.54228567e+00]
 [3.90610499e-03 8.67364932e-03 2.35696491e+00]
 [3.12269838e-03 6.40157732e-03 2.10365737e+00]
 [5.41559379e-03 9.95303508e-03 2.27320880e+00]
 [2.31744301e-03 4.08071030e-03 1.49622293e+00]
 [3.19544480e-03 5.84895974e-03 1.61985731e+00]
 [3.82383162e-03 8.62730759e-03 2.02228296e+00]
 [4.01070165e-03 7.31123099e-03 1.85369169e+00]
 [4.79737567e-03 9.58398212e-03 2.10686741e+00]
 [4.23972928e-03 8.30762718e-03 2.01155877e+00]
 [2.53888621e-03 5.91387182e-03 1.99548658e+00]
 [5.25144899e-03 9.59434321e-03 1.72465203e+00]
 [3.92972998e-03 8.21752477e-03 2.29015680e+00]
 [1.85380525e-03 4.65538755e-03 2.86368211e+00]
 [4.62839119e-03 9.46998622e-03 1.78983979e+00]
 [8.80618930e-04 2.21810819e-03 2.98734941e+00]
 [4.65133944e-03 8.06762361e-03 1.58708033e+00]
 [2.89622362e-03 4.32752977e-03 1.69602251e+00]
 [4.28768775e-03 9.30182681e-03 2.25161682e+00]
 [3.64865775e-03 6.94247101e-03 1.83430563e+00]
 [1.04680737e-03 1.86531809e-03 1.76818177e+00]
 [3.77101035e-03 8.19197901e-03 2.18560935e+00]
 [4.30247271e-03 9.73802078e-03 2.41365032e+00]
 [2.69654701e-03 5.90546522e-03 1.58775379e+00]
 [4.32762834e-03 9.73802078e-03 2.42986642e+00]
 [6.05212895e-03 9.90406197e-03 2.98037009e+00]]
