[[3.60699608e+01 1.65566552e+01]
 [7.76812641e+00 3.22621992e+01]
 [2.61940879e+01 2.05456462e+01]
 [3.44753316e+01 1.71025222e+01]
 [2.86511655e+01 1.95368564e+01]
 [3.38364045e+00 3.78835185e+01]
 [7.01718697e+00 3.32064912e+01]
 [2.06701379e+01 2.30235463e+01]
 [8.35413583e+01 6.42080819e+00]
 [6.42545421e-02 4.82357273e+01]
 [5.60857909e+01 1.11194220e+01]
 [6.81555654e+01 8.66305532e+00]
 [8.89085385e-01 4.35860832e+01]
 [6.14466549e-01 4.47011988e+01]
 [1.45298019e+01 2.68269711e+01]
 [5.83176055e+01 1.06016468e+01]
 [7.04643053e+01 8.30666886e+00]
 [7.07409588e+00 3.29968040e+01]
 [6.16784942e+01 9.95395502e+00]
 [7.64913006e+01 7.61132999e+00]
 [1.04976551e+01 2.98948891e+01]
 [5.10129214e+01 1.23026655e+01]
 [1.04383508e+01 3.05546152e+01]
 [9.65869014e+01 5.29510110e+00]
 [8.61160919e+00 3.19010647e+01]
 [7.47103428e+00 3.27839613e+01]
 [1.93888691e-01 4.71300901e+01]
 [1.17329489e+02 4.34324222e+00]
 [4.66951383e+00 3.58988353e+01]
 [5.69893656e+01 1.08917859e+01]
 [2.62542348e+00 3.94629533e+01]
 [6.83382844e+01 8.64617576e+00]
 [4.34026601e+01 1.43443386e+01]
 [2.13531304e+01 2.26859973e+01]
 [5.00504672e+01 1.25116603e+01]
 [1.88251444e+01 2.41843976e+01]
 [5.13824242e-01 4.54694508e+01]
 [4.03239394e+00 3.69383522e+01]
 [2.38404433e+01 2.15314788e+01]
 [8.64919865e+01 6.15676129e+00]
 [3.36542071e+01 1.74010150e+01]
 [3.20537255e+00 3.81544643e+01]
 [4.94481916e+00 3.56141364e+01]
 [2.83518875e+01 1.95538827e+01]
 [1.27649019e+01 2.80997480e+01]
 [2.40538698e+01 2.14695150e+01]
 [6.48609556e+01 9.26874806e+00]
 [5.05834735e+01 1.23675360e+01]
 [3.43372301e+01 1.71514592e+01]
 [1.93779981e+01 2.37564183e+01]
 [5.01455835e+01 1.24796289e+01]
 [6.33070848e+01 9.61319687e+00]
 [5.40210633e+01 1.15365319e+01]
 [6.43486652e+01 9.37801384e+00]
 [1.20306667e+01 2.85309140e+01]
 [7.44505565e+01 7.63696884e+00]
 [5.89411434e+01 1.05818184e+01]
 [3.88029074e+01 1.58309290e+01]
 [3.01727971e+01 1.87087766e+01]
 [1.34130912e+00 4.22112876e+01]
 [4.93661976e-01 4.58807307e+01]
 [2.15113580e+01 2.25891640e+01]
 [7.93024178e+01 7.29668767e+00]
 [3.35921562e-01 4.59875418e+01]
 [5.79757966e+01 1.06536827e+01]
 [2.15758789e+01 2.25489721e+01]
 [2.58182713e+01 2.08055238e+01]
 [8.12972023e-01 4.41664531e+01]
 [7.79711709e+00 3.22085453e+01]
 [4.45625951e+01 1.40918550e+01]
 [6.96871304e+01 8.40558730e+00]
 [2.47211051e+01 2.10275627e+01]
 [3.79945778e+01 1.59323796e+01]
 [8.62804999e+00 3.15900942e+01]
 [6.34288930e+00 3.46317578e+01]
 [1.31969028e+01 2.76972815e+01]
 [1.41242585e+01 2.76082919e+01]
 [1.05494764e+01 2.98658082e+01]
 [4.67663491e+01 1.33526234e+01]
 [4.21620745e+01 1.46265005e+01]
 [3.75361146e+00 3.72747338e+01]
 [5.38580768e+01 1.16485177e+01]
 [6.96135576e+01 8.42397176e+00]
 [3.26021873e+01 1.77876950e+01]
 [8.02485554e+01 7.11869063e+00]
 [3.27101692e+01 1.77589149e+01]
 [6.91123586e+01 8.55038487e+00]
 [7.01730799e+01 8.31113849e+00]
 [3.91416147e+01 1.55467138e+01]
 [1.79816284e+01 2.45904349e+01]
 [5.32432904e+01 1.18283137e+01]
 [1.14352050e+02 4.60422727e+00]
 [6.91922583e-01 4.44418788e+01]
 [7.19408245e+01 8.01237546e+00]
 [2.02291111e+00 4.05086490e+01]
 [2.62728519e-01 4.64450476e+01]
 [4.13293070e+00 3.68514178e+01]
 [5.34718436e+01 1.16612434e+01]
 [4.50652135e+01 1.38072019e+01]
 [1.21033246e+01 2.84498708e+01]
 [4.28413418e+00 3.64353428e+01]
 [6.06772742e+01 1.00926354e+01]
 [5.17815690e+01 1.20756660e+01]
 [5.00753781e+01 1.24841183e+01]
 [3.64208919e+01 1.64783257e+01]
 [2.05031630e+01 2.31204647e+01]
 [2.08699861e+01 2.29201545e+01]
 [1.19158618e+01 2.86011782e+01]
 [3.60147008e+01 1.66956781e+01]
 [1.41624463e+00 4.19642958e+01]
 [2.18207191e+00 4.01005677e+01]
 [7.09630621e+01 8.18251721e+00]
 [7.32905725e+01 7.80331402e+00]
 [6.39186693e+01 9.46243930e+00]
 [2.99171409e+01 1.88154538e+01]
 [5.50142592e-01 4.53919096e+01]
 [5.68011641e+00 3.48922452e+01]
 [5.79406439e+01 1.06615388e+01]
 [8.69985118e+00 3.15208134e+01]
 [6.17388396e+01 9.88386160e+00]
 [2.76710956e+01 1.97216465e+01]
 [3.78735500e+01 1.60826086e+01]
 [3.39703682e+01 1.72797952e+01]
 [1.14221603e+01 2.90338290e+01]
 [7.29884071e+01 7.85652240e+00]
 [6.65957702e+00 3.35761655e+01]
 [6.60622646e+01 9.04404406e+00]
 [7.26387335e+00 3.28149341e+01]
 [1.89935255e+01 2.39542084e+01]
 [8.98290597e+01 5.87262957e+00]
 [2.74869006e+01 2.01191825e+01]
 [1.59957415e+00 4.15930845e+01]
 [4.90219390e+01 1.27469474e+01]
 [4.65904102e+00 3.60155754e+01]
 [1.13347372e+01 2.94563357e+01]
 [3.07163213e+01 1.85980647e+01]
 [4.64265309e+01 1.34264990e+01]
 [1.51849824e+01 2.62457580e+01]
 [1.42757879e+01 2.68825864e+01]
 [3.72009529e+01 1.61897965e+01]
 [3.17354115e+01 1.81485282e+01]
 [2.43779936e+00 3.95935045e+01]
 [9.15401703e+00 3.10240831e+01]
 [2.45560114e+01 2.11812722e+01]
 [2.92042464e+01 1.91157202e+01]
 [9.90379880e+01 5.16550695e+00]
 [3.53689874e+01 1.68633240e+01]
 [4.01423064e+01 1.52465747e+01]
 [9.68746055e+01 5.24624270e+00]
 [1.29177226e+01 2.80842492e+01]
 [6.87591414e+01 8.57315832e+00]
 [2.80666901e+01 1.95651170e+01]
 [1.05907185e+02 4.68888782e+00]
 [6.66940785e+01 8.96622859e+00]
 [5.52727992e+01 1.12479357e+01]
 [9.30635874e+01 5.53743250e+00]
 [3.69406922e+01 1.63179791e+01]
 [1.72139244e+01 2.50963985e+01]
 [4.78084546e+01 1.30618707e+01]
 [5.18684758e+01 1.20603122e+01]
 [5.85144226e+00 3.47091974e+01]
 [2.31913758e+01 2.17481464e+01]
 [1.14451095e+02 4.60136304e+00]
 [2.66578663e+01 2.01879965e+01]
 [1.93715453e+01 2.37597471e+01]
 [1.07346159e+02 4.68648323e+00]
 [4.80614510e+01 1.29958318e+01]
 [7.73018119e+01 7.47406175e+00]
 [3.95697808e-02 4.89813139e+01]
 [3.14192962e+01 1.82642508e+01]
 [4.00922250e+01 1.52505041e+01]
 [1.02368701e+02 5.03622195e+00]
 [3.56388844e+01 1.67600470e+01]
 [6.80614471e+01 8.69472182e+00]
 [9.73704614e+01 5.22455363e+00]
 [5.10857650e+01 1.22863899e+01]
 [3.29090400e+01 1.76688773e+01]
 [5.74905895e+01 1.07581701e+01]
 [1.61367110e+01 2.57718920e+01]
 [5.78093385e+00 3.47665986e+01]
 [8.89324103e+00 3.11702473e+01]
 [5.90188058e+01 1.04331266e+01]
 [3.04337173e+00 3.87169709e+01]
 [3.42483620e+01 1.72293883e+01]
 [6.07070381e+00 3.46443032e+01]
 [1.06899020e+01 2.95831500e+01]
 [2.01855930e+01 2.32794671e+01]
 [1.16775907e+01 2.89090059e+01]
 [2.77011953e+00 3.89262161e+01]
 [5.24910242e+01 1.18938740e+01]
 [4.23323405e+01 1.46226341e+01]
 [9.61137624e+01 5.47148324e+00]
 [1.65948210e+01 2.56276982e+01]
 [1.26389992e+01 2.82200059e+01]
 [1.42307453e+01 2.72208812e+01]
 [7.19601920e+01 8.00679977e+00]
 [8.93883416e+01 5.99561290e+00]
 [1.31343331e+00 4.22413985e+01]
 [1.57834817e+01 2.58633783e+01]
 [8.26131989e+01 6.95193602e+00]
 [6.85353969e+01 8.61582451e+00]
 [2.74711682e+01 2.01347517e+01]
 [7.00596780e+01 8.33291261e+00]
 [2.64170013e+00 3.91779339e+01]
 [3.13699137e+01 1.83926192e+01]
 [3.28558101e-01 4.60907181e+01]
 [6.25300907e+01 9.75178052e+00]
 [1.20938660e+02 4.23051878e+00]
 [4.89305170e+01 1.28407368e+01]
 [4.98989064e+01 1.25315259e+01]
 [3.83044766e+01 1.58755591e+01]
 [5.66387241e+01 1.09690809e+01]
 [5.71350003e+01 1.08498811e+01]
 [1.27328764e+02 4.05905184e+00]
 [4.49894007e+01 1.38404749e+01]
 [3.52819405e+01 1.70562818e+01]
 [3.80388932e+00 3.71763377e+01]
 [3.06891350e+01 1.86100701e+01]
 [1.02359867e+00 4.31158312e+01]
 [6.20872617e+01 9.80795291e+00]
 [3.22438637e+01 1.79193113e+01]
 [8.33486319e+01 6.93882554e+00]
 [4.46223579e+01 1.39221525e+01]
 [2.97404257e+01 1.88864747e+01]
 [2.26540793e+01 2.21228546e+01]
 [6.42653985e+01 9.45775621e+00]
 [1.01283384e+00 4.35151921e+01]
 [6.77878144e+00 3.33243617e+01]
 [5.00370795e+00 3.55452343e+01]
 [4.34962368e+01 1.42773476e+01]
 [1.74065099e+01 2.48504533e+01]
 [4.98720133e+01 1.26222000e+01]
 [2.95786354e+00 3.87258652e+01]
 [1.86365666e+00 4.08432469e+01]
 [4.73853049e+01 1.31902400e+01]
 [8.52325410e+01 6.25461885e+00]
 [3.08919471e+01 1.84231478e+01]
 [5.01510602e+01 1.24685885e+01]
 [5.80070995e+01 1.06472243e+01]
 [6.14611166e+01 1.00028746e+01]
 [6.02948370e+01 1.02189850e+01]
 [9.73030802e+00 3.09019301e+01]
 [4.16243669e+01 1.47858666e+01]
 [1.06620278e+01 2.97839941e+01]
 [1.72867525e+01 2.49323220e+01]
 [1.93137479e+01 2.38782617e+01]
 [6.74045893e+01 8.81536903e+00]
 [5.81450404e+01 1.06447834e+01]
 [4.97663340e+01 1.26819562e+01]
 [6.73899329e+00 3.34447762e+01]
 [6.38966022e+00 3.38530085e+01]
 [4.66369013e+01 1.33702889e+01]
 [3.35149485e+01 1.75753921e+01]
 [2.22185883e+01 2.23341333e+01]
 [5.13448983e+01 1.21682485e+01]
 [6.77583494e+01 8.75698769e+00]
 [7.08030346e+01 8.20163141e+00]]
