[[1.86260211e-03 3.45560727e-03 1.79353495e+00]
 [2.85576282e-03 5.86833341e-03 2.50004353e+00]
 [2.74119775e-03 5.60529991e-03 2.34345957e+00]
 [4.44117107e-03 8.28135361e-03 1.85269631e+00]
 [4.32981507e-03 9.09311989e-03 2.21095800e+00]
 [4.18578026e-03 6.83464900e-03 1.79598128e+00]
 [1.15103041e-03 2.27001165e-03 2.19196477e+00]
 [9.94405629e-04 1.15035012e-03 1.74681426e+00]
 [3.45679213e-03 5.95625098e-03 1.71463532e+00]
 [3.72588078e-03 7.49858311e-03 2.02228296e+00]
 [2.83447539e-03 5.77981864e-03 2.00332543e+00]
 [1.15103041e-03 2.38379113e-03 2.09806734e+00]
 [3.99946054e-03 9.04686160e-03 2.27343614e+00]
 [3.45698821e-03 5.65454288e-03 1.44296411e+00]
 [1.74495186e-03 2.88301159e-03 1.47325267e+00]
 [1.14745973e-03 2.15971803e-03 1.90009014e+00]
 [4.26045516e-03 8.98827341e-03 2.21095800e+00]
 [1.49888122e-03 3.26333545e-03 1.87073024e+00]
 [1.69236033e-03 2.88301159e-03 1.44008453e+00]
 [2.05136346e-03 4.21107625e-03 2.07356624e+00]
 [1.86260211e-03 3.40499963e-03 1.79353495e+00]
 [4.32313850e-03 9.47822979e-03 2.38652722e+00]
 [1.14745973e-03 2.15971803e-03 1.81420037e+00]
 [1.98569888e-03 4.23971108e-03 2.04546687e+00]
 [1.44348813e-03 2.06454059e-03 1.18672137e+00]
 [4.25561390e-03 7.72921724e-03 1.53747091e+00]
 [4.01913143e-03 8.81884963e-03 2.24066519e+00]
 [4.27737329e-03 8.06492736e-03 1.86488257e+00]
 [4.30247271e-03 9.62795649e-03 2.30468452e+00]
 [8.05799192e-04 1.35079158e-03 2.03672697e+00]
 [4.18307283e-03 8.57897105e-03 2.19253826e+00]
 [3.04082174e-03 4.75833049e-03 1.60246365e+00]
 [3.80669116e-03 7.45637193e-03 2.21743563e+00]
 [1.47953548e-03 2.48992867e-03 1.78936539e+00]
 [4.46834889e-03 9.85400262e-03 2.35560178e+00]
 [3.45698821e-03 5.75082313e-03 1.44296411e+00]
 [3.36875026e-03 7.47486612e-03 1.87078856e+00]
 [4.39469776e-03 9.09300435e-03 1.89483965e+00]
 [5.56393253e-03 9.91797030e-03 2.31735991e+00]
 [2.50836293e-03 4.52006685e-03 2.28325577e+00]
 [4.44117107e-03 8.81727248e-03 1.85269631e+00]
 [1.71443935e-03 2.88301159e-03 1.43254054e+00]
 [2.02516715e-03 3.58719448e-03 1.88384224e+00]
 [2.05136346e-03 4.21107625e-03 2.17256631e+00]
 [1.02663392e-03 2.53261413e-03 2.75862382e+00]
 [2.33285073e-03 5.69193398e-03 2.79641009e+00]
 [4.38649329e-03 8.06785950e-03 1.90398299e+00]
 [1.65354197e-03 3.46402408e-03 1.86125055e+00]
 [2.07683527e-03 5.07097213e-03 2.49517306e+00]
 [3.17640935e-03 5.77981864e-03 1.86804524e+00]
 [1.70047649e-03 2.94296599e-03 1.36180512e+00]
 [1.12927397e-03 2.03074911e-03 1.84452773e+00]
 [1.98953175e-03 4.24830114e-03 2.03293703e+00]
 [1.14745973e-03 2.16791136e-03 2.16355157e+00]
 [2.81094633e-03 4.71911126e-03 1.63396591e+00]
 [4.74758658e-03 9.15342744e-03 1.95545867e+00]
 [4.74371828e-03 9.49373873e-03 2.11598010e+00]
 [1.42257832e-03 1.97568200e-03 1.28626203e+00]
 [1.84266032e-03 3.55920350e-03 2.16949084e+00]
 [2.42677012e-03 5.85759271e-03 2.92523191e+00]
 [3.31290400e-03 7.04686366e-03 2.27722038e+00]
 [7.02089562e-03 9.98681012e-03 2.74980510e+00]
 [4.46146232e-03 7.17465935e-03 1.37061625e+00]
 [4.45187160e-03 8.55356413e-03 2.04603163e+00]
 [8.14739649e-04 1.25705913e-03 1.15085941e+00]
 [2.05242664e-03 3.86889959e-03 2.04779227e+00]
 [7.87419310e-04 1.45188075e-03 2.02498093e+00]
 [1.77720385e-03 3.15680819e-03 1.83336582e+00]
 [2.68741353e-03 6.55665756e-03 2.38950633e+00]
 [7.97375530e-04 1.60323654e-03 2.55175260e+00]
 [4.29247815e-03 9.21438398e-03 2.20439823e+00]
 [2.27008204e-03 3.88242539e-03 1.64548394e+00]
 [1.41670205e-03 1.99781309e-03 1.18837087e+00]
 [3.45795714e-03 8.06727882e-03 2.60146883e+00]
 [9.66051657e-03 9.97626301e-03 2.91982723e+00]
 [1.39449244e-03 2.97310467e-03 1.92569807e+00]
 [4.16754515e-03 8.83028509e-03 2.11394530e+00]
 [4.84697710e-03 9.99069033e-03 2.60563287e+00]]
