[[3.42688908 0.68209348 2.51169672 0.47775647 4.93126845 1.81612851]
 [3.20508405 2.31417396 3.67309542 2.64208252 1.41524922 1.959795  ]
 [1.1119146  2.40634778 4.19129257 1.48630128 1.09804515 2.50733235]
 [3.50519642 0.68778756 2.11179278 0.50451813 4.92560183 4.47898916]
 [2.83544514 1.92970065 3.66391288 1.11173544 1.08641162 1.85317646]
 [4.58192447 1.03459556 2.31913509 2.37264828 3.96282644 4.28092321]
 [4.51422314 1.03459556 2.79733667 0.08455377 3.8637828  8.10863313]
 [4.80065651 1.04526322 3.88046508 0.34129803 3.30574241 8.58103434]
 [3.52784938 0.79766336 4.14815966 0.4865483  4.93126875 2.68004532]
 [2.57118294 1.10891301 1.77353673 0.51666507 1.24955026 2.42924924]
 [3.20508405 2.3207882  3.36270994 2.6042017  1.38539027 1.959795  ]]
