[[0.43379929 4.27441307 8.65190854 0.52291692]
 [1.52433924 1.41875043 9.37709581 4.04857475]
 [1.4989948  1.86709885 9.70171865 3.74195519]
 [1.68005678 1.30700616 9.63388057 2.58191717]
 [0.55867567 3.33434245 9.48881637 0.91937637]
 [1.04256965 1.81511829 9.40087105 1.9611576 ]
 [1.25823323 1.90660622 9.63603167 2.93609384]
 [0.57152466 2.80940531 8.87781336 1.32397866]
 [0.28601646 7.90294615 7.13085972 0.5102795 ]
 [2.38949899 4.70154493 9.92108219 4.81587025]
 [0.2495963  7.53895853 9.88403175 1.89348927]
 [1.19656563 3.56109757 9.64081769 4.6231943 ]
 [0.52865531 3.68944377 9.50287891 0.91937637]
 [0.43379929 4.22848737 8.65113317 0.97256295]
 [1.09006082 1.99576914 9.35429133 4.24616566]
 [1.25823323 1.90660622 9.58155501 2.93609384]
 [1.40334837 0.88552181 9.73266612 3.56001795]
 [0.40217331 4.4276475  9.05537059 2.26013934]
 [2.73524887 0.60612981 9.7119661  2.96761707]
 [3.89870251 0.65639418 9.8662171  4.65120688]
 [0.82137864 2.56987231 9.84591495 1.2892189 ]
 [2.26656631 5.58815635 9.93328338 4.89327494]
 [0.85298848 2.34748371 9.6789655  1.28653938]
 [0.46857831 4.5618819  9.29574171 1.01388369]
 [1.90433242 0.5032985  8.81125412 2.94528394]
 [1.98952885 4.86794663 9.79688521 4.8995089 ]
 [0.57152466 2.80940531 8.36095102 0.62102163]
 [0.93769977 2.1017427  9.53057281 4.49821344]
 [3.65008032 0.36149232 9.20844951 4.64335094]]
