[[1.20721138e+02 4.19695665e+00]
 [3.40962823e-03 4.96689074e+01]
 [8.58597178e+01 6.17777063e+00]
 [1.16211758e+02 4.29493382e+00]
 [8.93890662e+01 6.10810489e+00]
 [1.08795067e+02 4.60652105e+00]
 [9.96686580e+01 5.02470143e+00]
 [1.02302106e+02 4.93600659e+00]
 [1.05846709e+02 4.68823131e+00]
 [1.17181613e+02 4.28214947e+00]
 [9.19768042e+01 5.58616375e+00]
 [8.25406479e+01 6.53580720e+00]
 [3.98659189e+01 1.57760917e+01]
 [1.13122559e+02 4.48154495e+00]
 [8.02050033e+01 6.81383987e+00]
 [1.93888691e-01 4.71300901e+01]
 [4.49963470e+01 1.38473968e+01]
 [1.11014399e+02 4.53037652e+00]
 [4.38627509e+01 1.42794250e+01]
 [9.01212436e+01 5.98002902e+00]
 [2.86511655e+01 1.95368564e+01]
 [6.76023678e+00 3.33980916e+01]
 [1.20494431e-01 4.75941396e+01]
 [3.56757064e+01 1.67682477e+01]
 [3.08681578e-01 4.63414802e+01]
 [1.03274110e+02 4.82609665e+00]
 [9.65869014e+01 5.29510110e+00]
 [3.44753316e+01 1.71025222e+01]
 [8.36650856e+01 6.40009316e+00]
 [8.51463192e+01 6.24426891e+00]
 [7.75121210e+01 7.16613529e+00]
 [2.93864538e+01 1.90454012e+01]
 [7.09055362e+00 3.29729553e+01]
 [6.94433028e+01 8.43693212e+00]
 [5.54558848e+00 3.48018155e+01]
 [7.34474754e+01 7.76478012e+00]
 [7.03470890e+01 8.28011658e+00]
 [4.56814255e+01 1.36532275e+01]
 [7.59205221e+01 7.52873698e+00]
 [3.88548857e+01 1.59250872e+01]
 [3.14190734e+00 3.82586757e+01]
 [2.24256088e+00 4.01509367e+01]
 [4.04260786e+01 1.51540000e+01]
 [2.76075026e+01 1.97568957e+01]
 [2.67619617e+01 2.01698052e+01]
 [3.60699608e+01 1.65566552e+01]
 [2.12817209e+01 2.27004357e+01]
 [1.11909397e+01 2.93196266e+01]
 [1.60889270e+01 2.56652893e+01]
 [2.07938655e+01 2.29600554e+01]
 [1.13119207e+02 4.48211989e+00]
 [1.08759296e+01 2.97063781e+01]
 [4.01417423e-01 4.57883214e+01]
 [1.86816931e+01 2.41796895e+01]
 [3.38364045e+00 3.78835185e+01]
 [6.42545421e-02 4.82357273e+01]
 [4.17338740e+01 1.48421372e+01]
 [9.34960069e+01 5.52886318e+00]
 [4.31448399e+01 1.44359566e+01]
 [9.27665149e+00 3.07964280e+01]
 [3.04851294e-02 4.88950096e+01]
 [4.83307391e+01 1.30055861e+01]
 [1.33154953e+01 2.75338470e+01]
 [9.66789253e+00 3.04639343e+01]
 [4.39804031e-03 4.95493302e+01]
 [7.90323104e+01 6.99111410e+00]
 [3.22474346e+01 1.79083259e+01]
 [6.23127394e+00 3.39464036e+01]
 [7.47490530e+01 7.74563315e+00]
 [1.04778858e+02 4.76503552e+00]
 [4.22669254e+00 3.68757619e+01]
 [4.34786818e+00 3.65027909e+01]
 [5.78968750e+00 3.44477439e+01]
 [5.30916799e+01 1.19770089e+01]
 [6.51274866e+00 3.39411177e+01]
 [5.92637147e+01 1.03921713e+01]
 [9.44767634e+01 5.39456838e+00]
 [1.77953801e+00 4.10286426e+01]
 [1.75161422e+01 2.48064734e+01]
 [3.16822944e+01 1.81670422e+01]
 [6.45827571e+01 9.32749410e+00]
 [4.76332821e-01 4.52844737e+01]
 [3.31187168e+01 1.75991487e+01]
 [9.76352427e+01 5.22239257e+00]
 [4.82429389e+00 3.56810538e+01]
 [2.56871239e+01 2.06920339e+01]
 [8.79923605e+00 3.12681763e+01]
 [2.80260578e+00 3.91711482e+01]
 [3.37798331e+01 1.74490444e+01]
 [5.13435087e+00 3.52624458e+01]
 [4.64822303e+01 1.34484376e+01]
 [3.61113722e+00 3.76212323e+01]
 [1.67832444e+00 4.12944028e+01]
 [2.24751243e+01 2.21410976e+01]
 [2.39933869e+01 2.14737842e+01]
 [2.61248120e+01 2.03893364e+01]
 [9.85127333e+01 5.10672763e+00]
 [7.73434580e+01 7.51208272e+00]
 [1.13646174e+01 2.90098580e+01]
 [4.65223283e+00 3.59835468e+01]
 [9.88464034e+00 3.02405150e+01]
 [2.17865041e+01 2.24521869e+01]
 [5.06347127e+01 1.24536481e+01]
 [1.82704171e+01 2.43696402e+01]
 [6.64789395e+01 8.98276883e+00]
 [7.49169562e+01 7.55558860e+00]
 [6.63343827e+01 9.06375364e+00]
 [9.50430634e+01 5.34395148e+00]
 [5.54072216e+01 1.12295757e+01]
 [6.20677172e+01 9.81311375e+00]
 [3.69670327e+01 1.63683080e+01]
 [9.12313067e+00 3.10565445e+01]
 [5.42227743e+01 1.14871021e+01]
 [2.34427745e+00 3.97825677e+01]
 [2.42726485e+01 2.12329507e+01]
 [1.09627594e+00 4.28922522e+01]
 [1.38951698e+01 2.71542946e+01]
 [6.73894948e+01 8.80191730e+00]
 [3.92924124e+00 3.71076043e+01]
 [3.30149242e+01 1.78886122e+01]
 [5.69012405e+01 1.09268770e+01]
 [4.56106724e+00 3.62437273e+01]
 [3.83072916e+00 3.73670510e+01]
 [4.92643270e+01 1.27713921e+01]
 [9.27173694e+01 5.53372220e+00]
 [1.93363262e+01 2.38193724e+01]
 [1.98111034e+01 2.35044792e+01]
 [6.52844399e+01 9.19088315e+00]
 [4.75447688e+01 1.31324040e+01]
 [1.56659534e+01 2.61062812e+01]
 [1.56629615e+00 4.16313322e+01]
 [5.35371348e+01 1.17322880e+01]
 [2.02214540e+00 4.05793416e+01]
 [2.78131196e+01 1.96619301e+01]
 [9.57723533e-01 4.33930954e+01]
 [3.42511152e+01 1.73165602e+01]
 [8.12009057e+00 3.18885582e+01]
 [1.92019830e+01 2.39028793e+01]
 [7.26669699e+01 7.92620285e+00]
 [7.11898996e+01 8.13613593e+00]
 [1.57522154e+01 2.58883097e+01]
 [4.25923277e+01 1.46005319e+01]
 [3.96544028e-01 4.60723190e+01]
 [6.85218561e+01 8.59880923e+00]
 [5.21175103e+01 1.20606124e+01]
 [1.69504464e+01 2.51301562e+01]
 [4.88262379e+01 1.28205948e+01]
 [8.00870332e+01 6.93882312e+00]
 [7.41546316e+00 3.26046335e+01]
 [1.03797063e+01 3.00703442e+01]
 [2.98232035e+01 1.89331501e+01]
 [2.21440188e+01 2.23635451e+01]
 [2.97049277e+00 3.87241675e+01]
 [3.71577611e+01 1.63135257e+01]
 [5.87066915e+01 1.05241683e+01]
 [4.22204584e+01 1.46778369e+01]
 [2.34842202e+01 2.16107379e+01]
 [8.55276392e-01 4.37356435e+01]
 [8.29778932e+01 6.47858291e+00]
 [5.49459947e+01 1.13453941e+01]
 [1.27791893e+01 2.80575235e+01]
 [2.53024548e+01 2.08041786e+01]
 [3.78574047e+01 1.59730996e+01]
 [2.28096757e+01 2.19338354e+01]
 [1.03307139e+00 4.31931151e+01]
 [4.11161621e+01 1.50740417e+01]
 [5.73162235e+01 1.08288502e+01]
 [1.04976551e+01 2.98948891e+01]
 [3.12661387e+01 1.82779860e+01]
 [1.66948744e+01 2.53840852e+01]
 [6.16784942e+01 9.95395502e+00]
 [1.93696926e+00 4.06508874e+01]
 [8.48657386e+00 3.15353188e+01]
 [1.33203098e+00 4.24992546e+01]
 [6.02516405e+01 1.03634865e+01]
 [6.12565583e+01 1.00492816e+01]
 [3.00270365e+00 3.86786361e+01]
 [1.47753138e+00 4.18358664e+01]
 [1.45298019e+01 2.68269711e+01]
 [5.78168643e+01 1.07200589e+01]
 [1.21753124e+01 2.84063031e+01]
 [1.40487757e+01 2.70747033e+01]
 [1.79447293e+01 2.45630372e+01]
 [1.18790741e+01 2.86035258e+01]
 [7.76812641e+00 3.22621992e+01]
 [1.47262391e+01 2.66152442e+01]
 [7.85282812e+00 3.21709569e+01]
 [6.90192531e-01 4.43059796e+01]
 [6.38578733e+01 9.48787695e+00]
 [5.02298187e+01 1.27191124e+01]
 [8.37008492e-01 4.39087220e+01]
 [5.62302228e+01 1.10562106e+01]
 [1.51390764e+01 2.62814054e+01]
 [5.19214463e+01 1.21232436e+01]
 [3.01084113e+01 1.87414337e+01]
 [4.05452714e-02 4.87662108e+01]
 [5.11979562e+01 1.22081134e+01]
 [5.60857909e+01 1.11194220e+01]
 [3.03397753e+01 1.86371525e+01]
 [1.27157123e+00 4.26357452e+01]
 [1.05026230e+02 4.72353010e+00]
 [7.19688448e+01 8.03288742e+00]
 [1.09922041e+02 4.58288120e+00]
 [7.60826893e+00 3.25895539e+01]
 [2.03719631e+01 2.32052282e+01]
 [3.76259648e+01 1.60495007e+01]
 [5.10051166e+01 1.22649819e+01]
 [7.19020187e-01 4.41842269e+01]
 [5.03851764e+00 3.54026877e+01]
 [7.91021013e+01 6.98222419e+00]
 [1.09887602e+02 4.58423879e+00]
 [5.73092319e+00 3.45112777e+01]
 [1.99257700e+01 2.34175612e+01]
 [6.27705667e+01 9.71129653e+00]
 [5.59859124e-01 4.49064638e+01]
 [3.08249607e+01 1.85283185e+01]
 [6.23916131e-01 4.46511520e+01]
 [2.74934124e+00 3.93558819e+01]
 [5.03532369e+01 1.26808653e+01]
 [3.09838326e+01 1.84529702e+01]]
