[[1.45988514e+01 1.87473437e-03]
 [4.86621314e+00 6.48194950e-03]
 [5.84779630e+01 5.05021991e-04]
 [3.18032647e+01 6.57607673e-04]
 [3.23474214e+01 6.42435431e-04]
 [8.42493582e+00 2.79476072e-03]
 [1.38583616e+01 1.92456864e-03]
 [1.62072948e+01 1.34727829e-03]
 [1.26053579e+01 1.94096797e-03]
 [2.49856601e+01 8.35621306e-04]
 [2.91261045e+01 7.25591604e-04]
 [8.18293186e+01 5.02531603e-04]
 [3.98282921e+01 5.21971505e-04]
 [5.21922488e+01 5.08160238e-04]
 [4.47047946e+00 1.81888026e-02]
 [1.23188041e+02 4.95928802e-04]
 [3.24904899e+01 6.01247580e-04]
 [1.23421763e+01 2.45988233e-03]
 [1.79565337e+01 1.21024221e-03]
 [2.10043459e+01 9.50885037e-04]
 [2.49002396e+01 8.36968329e-04]
 [3.21559308e+01 6.55574545e-04]]
