[[1.52610864e-02 2.65060857e+04]
 [3.93752889e-02 1.06532184e+04]
 [3.39946541e-02 1.19017793e+04]
 [3.99955887e-02 1.06219886e+04]
 [3.70128177e-02 1.09776149e+04]
 [4.18541489e-02 9.65590185e+03]
 [3.24027690e-02 1.33971841e+04]
 [3.57760721e-02 1.14457884e+04]
 [1.29141355e-02 3.48023385e+04]
 [2.09898860e-02 1.92995230e+04]
 [1.36565657e-02 3.21768756e+04]
 [3.50303200e-02 1.16190369e+04]
 [2.81894613e-02 1.44316017e+04]
 [3.39240445e-02 1.30027598e+04]
 [3.25571861e-02 1.32737393e+04]
 [1.84403792e-02 2.39505603e+04]
 [7.90198777e-03 6.40223822e+04]
 [6.57122079e-03 6.96156285e+04]
 [3.88662401e-02 1.06595170e+04]
 [9.20091474e-03 4.60833266e+04]
 [1.19669460e-02 3.59325969e+04]
 [2.75872146e-02 1.45685891e+04]
 [1.47582465e-02 2.88426850e+04]
 [1.31788083e-02 3.44503403e+04]
 [2.36136212e-02 1.81214079e+04]
 [5.01441137e-02 8.54016519e+03]
 [3.88324387e-02 1.09654508e+04]
 [4.76348979e-02 8.89623714e+03]
 [4.07705948e-02 1.00019677e+04]
 [1.42677368e-02 3.06457131e+04]
 [3.96691499e-02 1.06272019e+04]
 [4.00853276e-02 1.06002739e+04]
 [1.29772848e-02 3.46403465e+04]
 [2.52676001e-02 1.61487408e+04]
 [2.04508687e-02 2.04479894e+04]
 [2.28729654e-02 1.86800527e+04]
 [4.22141064e-02 9.64301054e+03]
 [4.06490362e-02 1.01028574e+04]
 [4.96484434e-02 8.79286502e+03]
 [4.50767466e-02 9.12507522e+03]
 [3.18247130e-02 1.38008809e+04]
 [4.28247980e-02 9.47658930e+03]
 [1.50908942e-02 2.83085027e+04]
 [2.45660621e-02 1.77458013e+04]
 [7.93948851e-03 6.14232226e+04]
 [7.90297535e-03 6.17747592e+04]
 [4.60606539e-02 8.90842163e+03]
 [4.04627264e-02 1.05958369e+04]
 [2.47384203e-02 1.65583826e+04]
 [1.00370294e-02 4.10317442e+04]
 [2.04035353e-02 2.21185488e+04]
 [4.57183943e-02 8.94104239e+03]
 [5.25419787e-03 8.50760366e+04]
 [3.50188018e-02 1.18775180e+04]
 [8.27768622e-03 5.10235735e+04]
 [1.87266814e-02 2.26933388e+04]
 [7.19380305e-03 6.53482178e+04]
 [6.72599720e-03 6.73929988e+04]
 [2.43677248e-02 1.78292836e+04]
 [2.66924354e-02 1.55651114e+04]
 [4.80269577e-02 8.88503877e+03]
 [2.66011990e-02 1.59402119e+04]
 [5.35108364e-03 7.56486808e+04]
 [3.05201359e-02 1.38813674e+04]
 [2.89314766e-02 1.40513344e+04]
 [4.88738939e-02 8.86343949e+03]
 [4.42796746e-02 9.16056255e+03]
 [1.08789144e-02 3.78166126e+04]
 [9.19086232e-03 4.61747576e+04]
 [1.40574799e-02 3.10875641e+04]
 [2.18583935e-02 1.89374540e+04]
 [4.55123814e-02 8.95196854e+03]
 [2.06894953e-02 1.96850200e+04]
 [5.12172557e-02 8.45793319e+03]
 [1.12881718e-02 3.60716840e+04]
 [1.55938252e-02 2.60272336e+04]
 [1.75367662e-02 2.40386228e+04]
 [3.19864234e-02 1.35725415e+04]
 [2.26639483e-02 1.87230494e+04]
 [2.68425652e-02 1.52910476e+04]
 [9.52654685e-03 4.53323345e+04]
 [8.80424545e-03 4.99314016e+04]
 [1.36541339e-02 3.30340077e+04]
 [1.61236904e-02 2.50219686e+04]
 [2.66315852e-02 1.58867807e+04]]
