[[4.60939906e+00 2.98893373e+00]
 [4.31983458e-03 2.88746617e-02]
 [3.54082125e+00 2.98789463e+00]
 [4.48259566e+00 2.99320490e+00]
 [3.76424885e+00 2.85966732e+00]
 [4.28176106e+00 2.97746351e+00]
 [3.99079980e+00 2.99844651e+00]
 [4.09135853e+00 2.97259346e+00]
 [4.18219547e+00 2.99514912e+00]
 [4.51239164e+00 2.98893373e+00]
 [3.74120072e+00 2.99960301e+00]
 [3.41889012e+00 2.99104536e+00]
 [1.89129956e+00 2.52773924e+00]
 [4.41421568e+00 2.96569381e+00]
 [3.32979926e+00 2.99394184e+00]
 [9.16632146e-02 2.00174993e-01]
 [2.45518946e+00 2.28497954e+00]
 [4.34869214e+00 2.97363019e+00]
 [2.51823170e+00 2.15039458e+00]
 [3.76661022e+00 2.88841797e+00]
 [2.08652401e+00 1.67606949e+00]
 [8.22189522e-01 1.00700724e+00]
 [1.06740678e-01 1.36857720e-01]
 [1.97425240e+00 2.24081549e+00]
 [2.47585365e-01 1.25983656e-01]
 [4.10590444e+00 2.99333865e+00]
 [3.91374707e+00 2.97141535e+00]
 [2.09597257e+00 2.05565850e+00]
 [3.45448459e+00 2.99713324e+00]
 [3.51102554e+00 2.99320554e+00]
 [3.22555316e+00 2.99563633e+00]
 [1.99154320e+00 1.83857802e+00]
 [8.87553301e-01 9.92415005e-01]
 [2.92749270e+00 2.96489666e+00]
 [7.54545159e-01 9.03913006e-01]
 [3.06012851e+00 2.99958036e+00]
 [2.97902988e+00 2.95163569e+00]
 [2.46537387e+00 2.31133901e+00]
 [3.29478768e+00 2.85035167e+00]
 [1.93793716e+00 2.44092625e+00]
 [6.05446283e-01 6.47233833e-01]
 [6.17517592e-01 4.23452763e-01]
 [2.20971451e+00 2.28553745e+00]
 [1.89679623e+00 1.81770177e+00]
 [1.72189935e+00 1.93016917e+00]
 [2.08511002e+00 2.16097348e+00]
 [1.63841629e+00 1.62358316e+00]
 [1.02963645e+00 1.31817438e+00]
 [1.44657715e+00 1.38911709e+00]
 [1.64266679e+00 1.58117431e+00]
 [4.41421568e+00 2.96555250e+00]
 [9.62106207e-01 1.33915423e+00]
 [2.76372595e-01 1.54830695e-01]
 [1.41965812e+00 1.62941526e+00]
 [7.01934693e-01 5.94304467e-01]
 [9.94006692e-02 7.86329606e-02]
 [2.13705154e+00 2.42208159e+00]
 [3.81604202e+00 2.96847184e+00]
 [2.16838174e+00 2.46664359e+00]
 [1.03726333e+00 1.11501016e+00]
 [8.23865053e-02 2.88746617e-02]
 [2.59505814e+00 2.31265173e+00]
 [1.25847216e+00 1.32103052e+00]
 [1.03726333e+00 1.15804055e+00]
 [1.63022695e-02 2.88746617e-02]
 [3.31100254e+00 2.96569381e+00]
 [2.02047676e+00 1.99487652e+00]
 [9.39768744e-01 8.21372749e-01]
 [3.28982813e+00 2.80433488e+00]
 [4.15617162e+00 2.98679629e+00]
 [8.69017314e-01 5.49073805e-01]
 [6.20866576e-01 8.37551037e-01]
 [8.85173517e-01 8.14794280e-01]
 [2.80621581e+00 2.32337530e+00]
 [7.05433058e-01 1.06327389e+00]
 [2.66550196e+00 2.77687378e+00]
 [3.82728117e+00 2.99518107e+00]
 [4.42915454e-01 4.98708735e-01]
 [1.53499032e+00 1.42226589e+00]
 [2.08477784e+00 1.89057530e+00]
 [2.79534244e+00 2.88647707e+00]
 [2.08444126e-01 2.75016820e-01]
 [2.08477784e+00 1.98327520e+00]
 [3.94666494e+00 2.97197687e+00]
 [7.54545159e-01 7.97956813e-01]
 [1.64737077e+00 1.92560394e+00]
 [9.78969615e-01 1.11419366e+00]
 [7.10647108e-01 4.42303214e-01]
 [2.19407580e+00 1.90551559e+00]
 [8.11126133e-01 7.90988062e-01]
 [2.50292430e+00 2.31428769e+00]
 [7.66024131e-01 5.62131068e-01]
 [4.96487736e-01 4.16030093e-01]
 [1.58726833e+00 1.76050002e+00]
 [1.58726833e+00 1.86518792e+00]
 [1.81099049e+00 1.80319617e+00]
 [3.95670743e+00 2.99543814e+00]
 [3.42657284e+00 2.75580533e+00]
 [1.16417031e+00 1.21895932e+00]
 [8.33037630e-01 6.84913509e-01]
 [1.12025546e+00 1.10280904e+00]
 [1.69132097e+00 1.60812295e+00]
 [2.67751318e+00 2.34298982e+00]
 [1.44657715e+00 1.57321925e+00]
 [2.95125868e+00 2.81243793e+00]
 [3.15397550e+00 2.96338954e+00]
 [3.01905596e+00 2.73292825e+00]
 [3.84301568e+00 2.99866575e+00]
 [2.68728146e+00 2.57494151e+00]
 [2.75088358e+00 2.81949798e+00]
 [1.98383737e+00 2.30350764e+00]
 [1.18046214e+00 9.41961682e-01]
 [2.60231750e+00 2.60454165e+00]
 [5.75467606e-01 5.04882557e-01]
 [1.72302112e+00 1.76050002e+00]
 [3.97488803e-01 3.40692877e-01]
 [1.38743329e+00 1.24451650e+00]
 [2.87992716e+00 2.92461848e+00]
 [7.93166131e-01 5.94304467e-01]
 [1.78693695e+00 2.24957493e+00]
 [2.56076970e+00 2.76907361e+00]
 [6.20866576e-01 8.68787377e-01]
 [8.10214382e-01 5.48848746e-01]
 [2.62335155e+00 2.33111742e+00]
 [3.76938094e+00 2.99518107e+00]
 [1.44000912e+00 1.66146179e+00]
 [1.50996867e+00 1.63486099e+00]
 [2.82654561e+00 2.88647707e+00]
 [2.46537387e+00 2.41000495e+00]
 [1.23326812e+00 1.54775259e+00]
 [3.75303022e-01 5.00721160e-01]
 [2.43320030e+00 2.73199927e+00]
 [5.76589378e-01 4.16030093e-01]
 [1.86986165e+00 1.85927333e+00]
 [2.91971288e-01 3.92662260e-01]
 [2.23042702e+00 1.89419484e+00]
 [9.78527657e-01 1.03561878e+00]
 [1.42829985e+00 1.66146179e+00]
 [3.11721587e+00 2.90683809e+00]
 [2.99006918e+00 2.97606472e+00]
 [1.44783650e+00 1.35713791e+00]
 [2.45436042e+00 2.15039458e+00]
 [1.06315241e-01 2.96366456e-01]
 [2.94516977e+00 2.90799571e+00]
 [2.69039327e+00 2.40648325e+00]
 [1.42899280e+00 1.48175274e+00]
 [2.39283928e+00 2.54575719e+00]
 [3.40362096e+00 2.90467256e+00]
 [9.86967470e-01 9.37955758e-01]
 [1.29673208e+00 9.55726165e-01]
 [2.05997529e+00 1.79228979e+00]
 [1.78890023e+00 1.52834572e+00]
 [7.01934693e-01 4.99910872e-01]
 [2.31431626e+00 1.98327520e+00]
 [2.62335155e+00 2.79189891e+00]
 [2.16838174e+00 2.41934603e+00]
 [1.67978651e+00 1.74624521e+00]
 [2.79269677e-01 3.68547888e-01]
 [3.43003164e+00 2.99655740e+00]
 [2.69816654e+00 2.54094392e+00]
 [1.38987621e+00 1.12385117e+00]
 [1.86759211e+00 1.68455139e+00]
 [2.23332629e+00 2.11579887e+00]
 [1.66802383e+00 1.70883452e+00]
 [4.19158806e-01 2.87356472e-01]
 [2.08477784e+00 2.43572204e+00]
 [2.58094697e+00 2.76907361e+00]
 [9.92849442e-01 1.28010303e+00]
 [1.98195278e+00 1.97190210e+00]
 [1.31802456e+00 1.56093878e+00]
 [2.91007090e+00 2.63649595e+00]
 [4.72072210e-01 5.11263283e-01]
 [9.92849442e-01 1.06578302e+00]
 [2.77299504e-01 5.06075816e-01]
 [2.50828260e+00 2.96165976e+00]
 [2.91007090e+00 2.61641490e+00]
 [7.08495243e-01 4.98708735e-01]
 [3.75303022e-01 4.78048623e-01]
 [1.19923880e+00 1.48130914e+00]
 [2.59338633e+00 2.78002939e+00]
 [1.16558181e+00 1.29817069e+00]
 [1.41538756e+00 1.22836150e+00]
 [1.42829985e+00 1.56401466e+00]
 [1.19382119e+00 1.24280308e+00]
 [9.31301057e-01 1.03668218e+00]
 [1.44983667e+00 1.25679489e+00]
 [1.03726333e+00 9.41961682e-01]
 [2.78080505e-01 3.08576353e-01]
 [2.91449782e+00 2.73316132e+00]
 [2.75474110e+00 2.22909313e+00]
 [3.88404711e-01 2.41648305e-01]
 [2.72701791e+00 2.57311660e+00]
 [1.41118215e+00 1.33915423e+00]
 [2.69798379e+00 2.38772801e+00]
 [1.99154320e+00 1.88702372e+00]
 [9.68341471e-02 2.75584073e-02]
 [2.49753277e+00 2.56160479e+00]
 [2.76410989e+00 2.52609268e+00]
 [1.93531524e+00 1.95946389e+00]
 [2.77299504e-01 4.90915260e-01]
 [4.15617162e+00 2.99713112e+00]
 [3.08909429e+00 2.90683809e+00]
 [4.31948826e+00 2.97027466e+00]
 [1.10201001e+00 8.29241319e-01]
 [1.52789090e+00 1.66088536e+00]
 [2.22846333e+00 2.10723572e+00]
 [2.46537387e+00 2.58325586e+00]
 [3.03186362e-01 2.96366456e-01]
 [7.58087792e-01 8.27606375e-01]
 [3.31363630e+00 2.96569381e+00]
 [4.31849152e+00 2.97027466e+00]
 [8.69017314e-01 8.23128000e-01]
 [1.58316888e+00 1.57321925e+00]
 [2.90650714e+00 2.69162738e+00]
 [2.22834882e-01 3.00515219e-01]
 [2.08477784e+00 1.83301432e+00]
 [2.28000313e-01 3.22482387e-01]
 [7.17115243e-01 4.16030093e-01]
 [2.75474110e+00 2.23600329e+00]
 [2.07924359e+00 1.85005520e+00]]
