[[2.08511002 2.16097348]
 [0.93130106 1.03668218]
 [1.98383737 1.6164502 ]
 [2.09597257 2.0556585 ]
 [2.08652401 1.67606949]
 [0.70193469 0.59430447]
 [1.05814058 0.79663998]
 [1.63322451 1.58117431]
 [3.45448459 2.99196855]
 [0.09940067 0.07863296]
 [2.76410989 2.52609268]
 [2.92879636 2.90878724]
 [0.29958845 0.36403037]
 [0.22275939 0.32248239]
 [1.1992388  1.48130914]
 [2.62335155 2.77442391]
 [3.08389179 2.84704896]
 [0.88098128 0.99619072]
 [2.9100709  2.63649595]
 [1.42788141 1.76050002]
 [0.99284944 1.28010303]
 [2.63857323 2.40648325]
 [2.59505814 2.31265173]
 [2.07924359 1.8500552 ]
 [4.33304137 2.84941797]
 [3.91374707 2.97141535]
 [1.10716367 0.80121606]
 [0.09166321 0.20017499]
 [1.9742524  2.24081549]
 [0.72779116 0.47319021]
 [4.52904748 2.96986554]
 [0.73396187 0.79289245]
 [2.58633799 2.74921756]
 [0.43741105 0.68192921]
 [2.85357926 2.99026028]
 [2.46035901 2.19027363]
 [1.69354013 1.57168841]
 [2.42214223 2.57795342]
 [0.40264764 0.69510693]
 [2.17652979 2.77036865]
 [0.79916825 0.60780638]
 [1.85077089 1.59209232]
 [2.63951989 2.22023263]
 [2.01610236 2.27624079]
 [3.58464501 2.96197852]
 [2.00932962 2.09192406]
 [0.60383592 0.66085196]
 [0.69177345 0.87043339]
 [1.72849411 2.02491481]
 [1.10741028 1.40173747]
 [1.57382844 1.88056681]
 [2.86636136 2.82828773]
 [2.45772575 2.57010749]
 [2.09289013 2.0503947 ]
 [1.47644397 1.63236415]
 [2.43960746 2.56606924]
 [2.92674229 2.69461514]
 [2.57087522 2.62599818]
 [0.80755385 1.02732192]
 [2.14018735 1.79780927]
 [2.8968027  2.77411254]
 [0.26497271 0.59848664]
 [1.14602514 1.30165013]
 [3.154796   2.94277103]
 [2.49966186 2.33129469]
 [1.99609303 2.39088676]
 [1.90540746 1.97803481]
 [0.354592   0.45781196]
 [1.60513157 1.67373598]
 [3.49811591 2.75477577]
 [0.19864353 0.21100032]
 [2.69824555 2.6857811 ]
 [2.23317523 2.63110317]
 [1.26790875 0.82142911]
 [1.64180695 1.64269281]
 [1.93002006 1.71462628]
 [4.37062968 2.85340686]
 [1.55851459 2.00638982]
 [0.19929963 0.40437935]
 [0.967082   1.0069914 ]
 [2.16177797 2.5431014 ]
 [1.24145364 0.88523573]
 [3.01091827 2.89070126]
 [1.72839607 1.78687529]
 [1.5264415  1.11496373]
 [2.24368629 2.1129402 ]
 [0.88339447 1.17329737]
 [1.17538818 1.38480624]
 [1.00363744 1.58863983]
 [1.64922281 2.0492231 ]
 [0.98916392 1.28799217]
 [1.97441131 1.38473913]
 [0.61386065 0.56270968]
 [2.35248838 2.48140801]
 [2.29978366 2.29161815]
 [0.63356692 0.73279999]
 [2.73227295 2.44932719]
 [3.02153422 2.87640755]
 [1.96942004 2.06686514]
 [3.50266536 2.79167946]
 [3.06556168 2.8072088 ]
 [2.98444262 2.93877052]
 [2.2050331  2.21883589]
 [1.38600052 1.6044967 ]
 [2.74526722 2.40298367]
 [0.35271022 0.22039996]
 [3.02606448 2.97121859]
 [0.4449911  0.55471677]
 [0.18931294 0.17275052]
 [0.82659245 0.59158904]
 [2.58099231 2.58967945]
 [2.32566972 2.42024043]
 [1.28330495 1.17429109]
 [0.28987907 0.41644955]
 [0.72892716 0.73464192]
 [2.78634115 2.72132717]
 [2.60156818 2.48540444]
 [2.52889693 2.47457569]
 [2.03144214 2.23124759]
 [1.4399344  0.94325167]
 [1.96611421 1.69771252]
 [4.89336403 2.96163589]
 [1.74095148 1.80728393]
 [4.52904748 2.97557276]
 [3.45448459 2.97098759]
 [0.24078118 0.24626345]
 [3.00848654 2.94301762]
 [1.38412422 1.7446365 ]
 [2.86745629 2.58734469]
 [4.96237202 2.97246934]
 [2.27861098 2.25286858]
 [1.41590967 1.76740933]
 [1.94379566 2.24582111]
 [0.99148379 0.69510693]
 [2.70302856 2.85205341]
 [2.19825891 2.45346003]
 [2.55570739 2.64854086]
 [2.54693474 2.54327216]
 [0.28464719 0.61240773]
 [2.04634901 1.81732867]
 [1.65138468 1.77977976]
 [1.25538601 0.82142911]
 [3.00526438 2.82947958]
 [0.10084431 0.07232637]
 [1.16276502 1.33911125]
 [1.42788141 1.62585772]
 [2.87186498 2.70440699]
 [2.55385659 2.90878724]
 [4.52904748 2.97240362]
 [1.9074537  2.0492231 ]
 [1.18002175 0.85664139]
 [0.66829504 0.59200686]
 [0.89835436 1.33498282]
 [4.34740365 2.99423716]
 [2.76589482 2.53274958]
 [0.62086658 0.81058464]
 [2.8543517  2.40298367]
 [0.34195319 0.59848664]
 [0.24970251 0.2358466 ]
 [0.66151173 0.3740676 ]
 [1.28330495 1.56808758]
 [2.78634115 2.63521489]
 [1.24722263 1.4738237 ]
 [3.80812394 2.94905839]
 [0.26719323 0.58511246]
 [1.63856454 1.86748771]
 [1.51337137 1.4489066 ]
 [1.38726428 1.55805547]
 [2.45126761 2.06222886]
 [1.67746993 2.0053685 ]
 [2.76428046 2.19733164]
 [1.83259474 1.57813388]
 [1.53554844 1.12527306]
 [1.57382844 1.65283402]
 [1.53580989 1.79999627]
 [2.72054209 2.6857811 ]
 [2.69406115 2.88351101]
 [3.86765426 2.97685683]
 [2.77333655 2.81754933]
 [0.50845809 0.69044868]
 [0.67479426 0.47334882]
 [2.06904773 2.16391572]
 [2.15349236 2.42526167]
 [2.87109544 2.81059216]
 [1.7915098  1.44638584]
 [0.19292956 0.17275052]
 [1.18086594 1.69516668]
 [1.94412324 2.24450506]
 [2.08591051 1.90809271]
 [3.19046928 2.99026028]
 [2.0261959  2.01741795]
 [2.0251503  1.68044823]
 [0.66475893 0.88309373]
 [1.17290198 1.16143894]
 [1.05951468 1.72394864]
 [0.09940067 0.1051894 ]
 [2.50093459 2.621657  ]
 [1.10146974 0.60948659]
 [3.09676063 2.93457789]
 [2.38618971 2.27495978]
 [2.86636136 2.9077959 ]
 [2.07079391 2.42252174]
 [2.70985201 2.52609268]
 [3.73448603 2.89650626]
 [2.98444262 2.93945175]
 [3.03547081 2.70390667]
 [1.69354013 1.20561264]
 [2.56417375 2.16097348]
 [2.23432463 2.23974628]
 [1.77385794 2.07771827]
 [0.73611902 0.59430447]
 [1.63322451 1.62638053]
 [1.96998955 1.40048174]
 [2.91028284 2.6703941 ]
 [3.04654098 2.81133107]
 [1.65195873 1.39330599]
 [1.65626085 1.46293725]
 [3.50266536 2.7999308 ]
 [3.72255217 2.95187871]
 [3.06653398 2.90878724]
 [2.40857413 2.4892253 ]
 [2.03190052 1.87749832]]
