[[2.08511002 2.16097348]
 [0.93130106 1.03668218]
 [2.09597257 2.0556585 ]
 [2.08652401 1.67606949]
 [0.70193469 0.59430447]
 [1.63322451 1.58117431]
 [3.45448459 2.99196855]
 [0.09940067 0.07863296]
 [2.76410989 2.52609268]
 [0.62086658 0.83755104]
 [2.92879636 2.90878724]
 [0.29958845 0.36403037]
 [0.22275939 0.32248239]
 [2.62335155 2.77442391]
 [3.08389179 2.84704896]
 [1.95003857 1.457972  ]
 [0.88098128 0.99619072]
 [2.9100709  2.63649595]
 [2.16838174 2.42208159]
 [1.42788141 1.76050002]
 [0.99284944 1.28010303]
 [2.63857323 2.40648325]
 [2.59505814 2.31265173]
 [3.91374707 2.97141535]
 [2.2095214  1.74473222]
 [1.23866451 0.78651925]
 [1.10716367 0.80121606]
 [0.09166321 0.20017499]
 [1.9742524  2.24081549]
 [0.72779116 0.47319021]
 [4.52904748 2.96986554]
 [0.73396187 0.79289245]
 [2.58633799 2.74921756]
 [2.85357926 2.99026028]
 [2.46035901 2.19027363]
 [1.69354013 1.57168841]
 [2.42214223 2.57795342]
 [1.37059888 1.68158997]
 [1.07056068 0.59684377]
 [0.40264764 0.69510693]
 [0.79916825 0.60780638]
 [1.85077089 1.59209232]
 [2.63951989 2.22023263]
 [2.01610236 2.27624079]
 [3.58464501 2.96197852]
 [2.00932962 2.09192406]
 [0.60383592 0.66085196]
 [0.69177345 0.87043339]
 [1.72849411 2.02491481]
 [1.10741028 1.40173747]
 [1.57382844 1.88056681]
 [2.86636136 2.82828773]
 [2.45772575 2.57010749]
 [2.09289013 2.0503947 ]
 [1.9899532  1.51722605]
 [1.47644397 1.63236415]
 [2.43960746 2.56606924]
 [2.57087522 2.62599818]
 [0.80755385 1.02732192]
 [0.26497271 0.59848664]
 [1.14602514 1.30165013]
 [3.154796   2.94277103]
 [2.49966186 2.33129469]
 [1.99609303 2.39088676]
 [1.90540746 1.97803481]
 [0.354592   0.45781196]
 [1.60513157 1.67373598]
 [0.19864353 0.21100032]
 [2.69824555 2.6857811 ]
 [2.23317523 2.63110317]
 [1.64180695 1.64269281]
 [1.93002006 1.71462628]
 [1.55851459 2.00638982]
 [2.11907117 1.79780927]
 [1.4536697  1.343067  ]
 [2.77906168 2.89170733]
 [0.57832485 1.1312478 ]
 [0.42522106 0.18337133]
 [0.59312958 0.43060874]
 [1.64176704 1.20086612]
 [0.98460885 0.86987292]
 [2.66686239 2.58457322]
 [1.69354013 1.54433145]
 [1.90540746 1.96518286]
 [2.84443008 2.57795342]
 [3.45448459 2.97022784]
 [2.59223776 2.54758668]
 [1.57382844 1.71430607]
 [3.31359906 2.86166282]
 [2.2727486  2.03930715]
 [1.90704984 1.72328749]
 [2.84168064 2.94403894]
 [0.95195946 1.13957646]
 [2.43905622 2.71617696]
 [1.60513157 1.63894911]
 [2.51754755 2.85081894]
 [2.76584551 2.67361207]
 [2.35088992 2.35894618]
 [0.354592   0.47232281]
 [2.2642675  1.96338027]
 [2.89540958 2.84704896]
 [2.76410989 2.50455942]
 [1.9899532  1.94290008]
 [2.01610236 2.25792226]
 [4.10950605 2.92509985]
 [2.27240088 2.57659975]
 [3.43844816 2.95600646]
 [1.05592071 1.65358955]
 [1.30261921 0.89771573]
 [1.74047548 1.87454927]
 [3.59430926 2.96398104]
 [0.79916825 0.6322844 ]
 [2.85753149 2.63649595]
 [2.77715364 2.84704896]
 [2.16838174 2.44106492]
 [2.47421542 2.2193657 ]
 [1.73506313 2.10594449]
 [2.43629232 2.26335936]
 [2.2409776  2.52609268]
 [0.09341243 0.07357691]
 [2.37571367 2.58910148]
 [2.75977638 2.99355343]
 [0.73396187 0.77819125]
 [4.19833374 2.98096161]
 [1.83395878 1.87105544]
 [2.23176141 2.31407202]
 [3.11122715 2.99026028]
 [1.3569406  1.67893853]
 [0.31873261 0.14721972]
 [3.73779512 2.91000815]
 [1.31356519 1.17907304]
 [1.39928008 1.23243405]
 [0.08794532 0.20017499]
 [2.3078065  2.03333119]
 [2.08830262 2.02543804]
 [2.49966186 2.26280221]
 [2.32410323 2.07405314]
 [2.85305987 2.79591621]
 [0.86452894 1.14180942]
 [0.37554213 0.47291577]
 [3.04808895 2.66615921]
 [3.5307349  2.94666028]
 [2.35599553 2.0503947 ]
 [0.95380049 1.02732192]
 [0.60383592 1.12816534]
 [0.22774518 0.32303357]
 [0.14302953 0.20017499]
 [0.54256651 0.59430447]
 [0.51968468 0.47319021]
 [0.65223568 0.93367434]
 [2.59223776 2.42181233]
 [1.01102015 1.30082104]
 [2.88839423 2.97739827]
 [4.39251902 2.97908753]
 [1.32768171 1.11113646]
 [2.52935903 2.56363736]
 [0.95948735 1.42843451]
 [1.98730265 1.74561338]
 [0.90864994 1.05159806]
 [1.07791384 0.82781086]
 [1.23520829 1.53802131]
 [0.02548778 0.01832809]
 [0.354592   0.71068725]
 [1.90847149 2.17354822]
 [1.9742524  2.49393074]
 [0.09341243 0.13137896]
 [2.77136829 2.63747433]
 [4.52904748 2.95896085]
 [3.43844816 2.9327216 ]
 [2.07146641 2.03521279]
 [1.712724   1.57617635]
 [3.09541831 2.98135436]
 [3.85164215 2.89299833]
 [2.52259585 1.91406526]
 [2.66686239 2.53373298]
 [1.07056068 0.86871296]
 [1.69981655 1.90331225]
 [0.0706762  0.1250745 ]
 [2.99786865 2.86166282]
 [0.26407059 0.14721972]
 [0.88153127 1.30418028]
 [1.05518691 1.65534091]
 [2.36804294 2.18408996]
 [2.75977638 2.99909105]
 [2.50576271 2.70299345]
 [0.71669584 0.6198834 ]
 [2.0509134  2.43365873]
 [0.0761144  0.07357691]
 [2.9100709  2.6704589 ]
 [2.07956452 1.98402908]
 [3.49811591 2.84033748]
 [1.1992388  1.41960982]
 [1.45285985 1.23243405]
 [0.53014754 0.48098508]
 [2.92320417 2.97208543]
 [2.08830262 2.15481911]
 [1.75433185 1.85383126]
 [2.14045595 2.06739923]
 [1.39042524 1.24012437]
 [1.7029299  1.62207029]
 [2.11606359 1.67606949]
 [3.09540966 2.95289003]
 [0.28398574 0.59083291]
 [2.34094693 2.38254534]
 [2.24685124 2.47081898]
 [0.77165802 0.71811156]
 [1.65135007 1.9399452 ]
 [1.46916624 1.43346003]
 [0.71298833 1.09288463]
 [1.97903993 2.04057833]
 [2.6792654  2.40648325]
 [2.5843648  2.92321041]
 [2.70953361 2.58505323]
 [3.4179074  2.83898038]
 [0.79007874 1.35825229]
 [4.22189822 2.90478473]
 [4.21765333 2.92638747]
 [2.50020352 2.18360699]
 [2.84168064 2.94924595]
 [0.73396187 0.74158267]
 [2.75845645 2.99473122]
 [0.59382905 1.1433741 ]
 [1.98383737 2.00389397]
 [0.15333244 0.20017499]
 [0.56779586 0.62333758]
 [2.92879636 2.94291194]
 [0.12602196 0.07357691]
 [4.00372284 2.94346417]
 [0.3852797  0.3294656 ]
 [0.59312958 0.36204357]
 [2.12929274 2.07786542]
 [0.19706872 0.31910188]
 [0.60383592 0.65647805]]
