[[3.38643294 0.58747101 1.36298778 0.28086377 1.13808537 1.01903086]
 [3.854704   0.77175286 1.43021981 0.47103482 1.07113488 0.82256118]
 [3.38643294 0.58747101 1.34637789 0.28086377 1.14215519 1.01903086]
 [3.46556559 0.52806338 1.42649588 0.24954624 1.13865416 0.81144291]
 [3.42808874 0.58763124 1.37284162 0.73677979 1.04560542 0.52691534]
 [1.14074403 0.9961424  1.34808107 0.17439948 1.04616846 1.62364902]
 [3.66283342 0.76832011 1.43021981 0.0441605  1.0855651  1.08426455]
 [4.46365961 1.41276338 2.43452055 0.34318258 1.04879384 0.95292819]
 [3.11701562 0.69660098 1.36707132 0.1216363  1.03739895 1.09937957]
 [3.68955137 0.5924314  1.53946059 0.30280345 1.20979219 1.0219349 ]
 [3.33578778 0.5888342  1.37322305 0.40103297 1.06427436 0.41655472]
 [3.58785527 0.5332091  1.5518836  0.24954624 1.13865416 0.81426648]
 [4.46365961 1.41276338 2.47614638 0.27832626 1.13234658 0.95332606]
 [4.33809237 0.79193485 1.43021981 0.47103482 1.07113488 0.82256118]
 [4.46365961 0.98573626 1.3655027  0.34318258 1.10435367 0.95292819]
 [4.53997343 1.11224796 1.34701698 0.35075932 4.89869458 1.22195051]
 [4.00907488 0.75855721 1.40100768 0.02516626 1.01587673 0.8638366 ]
 [4.46365961 0.98573626 1.2889853  0.34318258 1.10435367 0.95292819]
 [3.11701562 0.65374439 1.33121225 0.1216363  1.03739895 1.23982297]
 [4.46365961 1.41276338 2.46786536 0.27832626 1.06998435 0.95332606]
 [4.46365961 0.98573626 1.3655027  0.34318258 1.10279902 0.9396182 ]
 [0.98088355 1.41276338 1.92064359 0.22126083 1.11232678 1.17140024]
 [1.07426067 1.32254921 1.39624495 0.33335729 1.26979132 1.17140024]
 [1.16569538 0.86442927 1.34769082 0.33750268 1.01147122 1.17117004]
 [3.16049571 0.6965921  1.36707132 0.10724197 1.03739895 1.08170106]
 [4.3432454  0.93318446 1.91916534 0.23877424 4.91135693 1.0192966 ]
 [4.33809237 0.79193485 1.43850192 0.47103482 1.13349711 0.82256118]
 [3.60584302 0.75657634 1.43400287 0.23943404 1.22864965 1.00442613]
 [3.854704   0.77171304 1.48015519 0.47103482 1.05673142 0.82399937]
 [4.13216605 0.7937595  1.3020084  0.04943468 1.04085714 1.08553081]]
