[[0.13503948 0.96760017]
 [0.73126751 0.75161952]
 [1.00683758 0.11348683]
 [0.4863952  0.87871319]
 [0.81194817 0.51489982]
 [0.98878367 0.11643259]
 [0.10959918 1.00241979]
 [0.67125753 0.77402388]
 [0.13064843 0.98452676]
 [0.06031785 1.03653704]
 [0.97501517 0.13175158]
 [0.85258219 0.48817652]
 [0.56377859 0.7816553 ]
 [0.49122079 0.87855183]
 [0.15526798 0.94653762]
 [0.81460735 0.50638507]
 [0.54501544 0.79092188]
 [0.96452547 0.15451063]
 [0.77593352 0.66273401]
 [0.78162361 0.54274539]
 [0.09495732 1.00313657]
 [0.94109302 0.17410498]
 [0.4801834  0.90397637]
 [0.77596804 0.57663425]
 [0.18018254 0.93592074]
 [0.938911   0.18044273]
 [0.78152433 0.56738028]
 [0.06860059 1.03650998]
 [0.59206487 0.77403289]
 [0.84486867 0.4889124 ]
 [0.48176444 0.89206293]
 [0.88440757 0.47183766]
 [0.77378418 0.67389405]
 [0.5383906  0.7972369 ]
 [0.49132324 0.87774675]
 [0.45170517 0.9258604 ]
 [0.04482139 1.03994872]
 [0.09077851 1.03518606]]
