[[1.86260211e-03 3.45560727e-03 1.79353495e+00]
 [4.30247271e-03 9.73802078e-03 2.35560178e+00]
 [3.66543097e-03 8.62346253e-03 2.38535544e+00]
 [3.81016124e-03 7.49858311e-03 2.02228296e+00]
 [4.28768775e-03 8.24009870e-03 2.25299232e+00]
 [4.44117107e-03 8.28135361e-03 1.85269631e+00]
 [4.32981507e-03 9.09311989e-03 2.21095800e+00]
 [1.15103041e-03 2.27001165e-03 2.19196477e+00]
 [2.00727488e-03 5.29546610e-03 2.78886484e+00]
 [3.93884008e-03 6.88955048e-03 1.80800322e+00]
 [8.96306989e-04 2.10770942e-03 2.00564877e+00]
 [3.72748802e-03 7.10354578e-03 1.91128685e+00]
 [3.81016124e-03 7.50937963e-03 2.03518138e+00]
 [2.15993572e-03 4.14355277e-03 2.15893188e+00]
 [7.40675101e-04 1.93362631e-03 2.09719015e+00]
 [3.30276937e-03 6.52419461e-03 1.53730025e+00]
 [6.50775242e-04 1.44597721e-03 2.41760339e+00]
 [4.21486031e-03 8.33124194e-03 1.82193193e+00]
 [1.49396132e-03 3.38708025e-03 2.51554282e+00]
 [3.93597653e-03 9.72720353e-03 2.88880793e+00]
 [4.30247271e-03 9.80410182e-03 2.37280363e+00]
 [4.26035417e-03 9.73802078e-03 2.61069800e+00]
 [5.76568522e-03 9.78781746e-03 1.70990570e+00]
 [3.92972998e-03 7.90636994e-03 2.16921678e+00]
 [4.38097391e-03 9.09311989e-03 2.22412688e+00]
 [4.44117107e-03 8.28135361e-03 2.04011783e+00]
 [9.86818328e-04 2.16225993e-03 2.22048163e+00]
 [1.30721047e-03 3.06257972e-03 2.35731821e+00]
 [4.38097391e-03 9.32388118e-03 2.19956966e+00]
 [5.16688783e-03 9.91261346e-03 2.56105911e+00]
 [3.33017703e-03 5.32131175e-03 1.43213766e+00]
 [2.74119775e-03 5.74147786e-03 2.35400939e+00]
 [5.39563858e-03 9.75075653e-03 1.50654558e+00]
 [1.63137617e-03 3.11538265e-03 1.68732278e+00]
 [3.93061307e-03 6.96568212e-03 1.61336131e+00]
 [1.30721047e-03 3.06257972e-03 2.36102430e+00]
 [2.35814637e-03 4.29850934e-03 1.99655483e+00]
 [1.09814708e-03 1.74227176e-03 1.73196669e+00]
 [4.50859041e-03 8.36162993e-03 2.22717739e+00]
 [1.71813609e-03 3.02858305e-03 1.49520596e+00]
 [9.14740169e-04 2.17778084e-03 2.26465406e+00]
 [7.19544807e-04 1.71375287e-03 2.42356988e+00]
 [9.54426882e-04 1.99495546e-03 1.84550532e+00]
 [1.46792373e-03 3.53702350e-03 2.64377568e+00]
 [4.27737329e-03 8.07921107e-03 1.76630681e+00]
 [1.96316124e-03 4.72824831e-03 2.96598298e+00]
 [1.22556146e-03 2.43546322e-03 2.22794030e+00]
 [3.31424317e-03 7.55463053e-03 2.51857984e+00]
 [4.44117107e-03 9.00085147e-03 1.83444039e+00]
 [3.55328104e-03 7.57319198e-03 2.09434109e+00]
 [8.27710122e-04 1.75316086e-03 2.88256128e+00]
 [3.83935226e-03 8.08150716e-03 2.39582893e+00]
 [3.04060211e-03 6.39460881e-03 2.04563453e+00]
 [1.63137617e-03 3.00753699e-03 1.99368417e+00]
 [3.12501378e-03 4.93320815e-03 1.72133185e+00]
 [2.14442612e-03 3.94386149e-03 1.96120986e+00]
 [2.76612405e-03 5.72862704e-03 2.19121587e+00]
 [1.45838952e-03 3.45560727e-03 2.96598298e+00]
 [2.53888621e-03 5.94364709e-03 2.22844787e+00]
 [1.15103041e-03 2.36866330e-03 2.19196477e+00]
 [5.73064194e-04 1.30174498e-03 2.41760339e+00]
 [4.46146232e-03 9.97409775e-03 2.98476090e+00]
 [3.32641869e-03 7.67251926e-03 2.50124864e+00]
 [1.28156410e-03 2.45704959e-03 1.61197309e+00]
 [3.85251108e-03 7.40722258e-03 2.02228296e+00]
 [2.23072667e-03 4.64755721e-03 1.96120986e+00]
 [5.18997007e-03 9.88692239e-03 1.65947016e+00]
 [1.16064834e-03 1.98362558e-03 1.40243883e+00]
 [4.43444593e-03 9.91157873e-03 2.34240243e+00]
 [3.64113128e-03 6.93908146e-03 1.79598128e+00]
 [2.31569221e-03 4.24523733e-03 1.66490894e+00]
 [1.96316124e-03 4.73279201e-03 2.96598298e+00]
 [1.46792373e-03 3.42549617e-03 2.64858162e+00]
 [7.40675101e-04 1.92595944e-03 2.04535685e+00]
 [1.37114859e-03 3.08215204e-03 1.89772937e+00]
 [1.35442468e-03 2.50715172e-03 2.27728260e+00]
 [4.18578026e-03 7.84147088e-03 1.83463378e+00]
 [1.36829467e-03 2.94632022e-03 2.20211375e+00]
 [1.59253057e-03 2.76672879e-03 1.88561311e+00]
 [2.08679494e-03 3.43533266e-03 1.53083504e+00]
 [1.89285679e-03 3.40370603e-03 1.97701485e+00]
 [2.86078382e-03 6.90323376e-03 2.67459643e+00]
 [1.83909192e-03 3.02858305e-03 2.00166134e+00]
 [5.16688783e-03 9.91261346e-03 2.57335213e+00]
 [5.76568522e-03 9.84511810e-03 1.70990570e+00]
 [1.00539579e-03 2.27001165e-03 1.75860705e+00]
 [2.92548641e-03 4.52634423e-03 2.02610633e+00]]
