[[3.42688908 0.68209348 2.51169672 0.47775647 4.93126845 1.81612851]
 [0.4067748  1.75739067 3.3021446  2.86051572 4.91907893 0.70737134]
 [0.92430927 1.23495016 2.10574561 0.29426087 1.58058746 4.75029548]
 [4.83688633 1.01351733 1.41183216 0.69376623 2.97964458 6.22024983]
 [4.70155583 1.28506557 2.33755381 1.61157754 3.14323873 4.19807935]
 [3.39069761 1.29261832 4.81085102 0.48953652 1.4782618  2.06590697]
 [0.86067851 1.23495016 2.55976649 0.29426087 1.58058746 4.75029548]
 [3.48072524 0.69629175 2.51169672 0.54506259 4.93126845 1.88166944]
 [2.52841482 2.2384967  1.19015038 0.31430856 1.05006696 1.10519955]
 [4.89598072 1.01351733 1.77069029 0.5773119  2.73575246 6.21760458]
 [1.29187377 1.5849482  3.48500222 1.91486594 1.3379989  2.12109605]
 [4.22677493 0.88988612 2.64594494 1.5667547  4.47303218 2.43332688]
 [0.92430927 1.24209003 2.10574561 0.29426087 1.65227979 4.75029548]]
