[[-234.78522759   55.52566274]
 [-101.18316045   24.10496754]
 [ -42.57118091   17.27740475]
 [ -18.46375559   11.4556259 ]
 [-234.84569913   55.58623345]
 [-160.10654561   27.46810083]
 [-129.73840742   24.76682468]
 [ -32.88994263   15.92432598]
 [-227.70940766   34.51343855]
 [ -26.39285666   11.65654711]
 [ -99.31374468   18.31613247]
 [-235.41348904   56.79578415]
 [-227.70618219   34.48638979]
 [-141.81604874   26.24487043]
 [ -56.96835503   17.87120219]
 [-192.21471879   27.79819197]
 [-227.31759716   31.56336435]
 [-246.42520673   59.51082619]
 [-197.38411091   29.67053253]
 [-232.04045303   54.88586797]
 [ -17.26664507    9.74561083]
 [-216.67715921   30.19024015]
 [ -32.95349437   16.44602271]]
