[[2.08511002 2.16097348]
 [0.93130106 1.03668218]
 [2.09597257 2.0556585 ]
 [0.70193469 0.59430447]
 [1.63322451 1.58117431]
 [3.45448459 2.99196855]
 [0.09940067 0.07863296]
 [2.76410989 2.52609268]
 [2.92879636 2.90878724]
 [0.29958845 0.36403037]
 [0.22275939 0.32248239]
 [1.1992388  1.48130914]
 [2.62335155 2.77442391]
 [3.08389179 2.84704896]
 [1.95003857 1.457972  ]
 [0.88098128 0.99619072]
 [3.39534418 2.75580533]
 [0.99284944 1.28010303]
 [2.63857323 2.40648325]
 [2.59505814 2.31265173]
 [2.07924359 1.8500552 ]
 [3.91374707 2.97141535]
 [2.2095214  1.74473222]
 [1.23866451 0.78651925]
 [1.10716367 0.80121606]
 [0.09166321 0.20017499]
 [1.9742524  2.24081549]
 [0.72779116 0.47319021]
 [4.52904748 2.96986554]
 [0.73396187 0.79289245]
 [2.58633799 2.74921756]
 [0.43741105 0.68192921]
 [2.85357926 2.99026028]
 [2.46035901 2.19027363]
 [1.69354013 1.57168841]
 [2.42214223 2.57795342]
 [1.37059888 1.68158997]
 [1.07056068 0.59684377]
 [0.13313942 0.33276111]
 [0.40264764 0.69510693]
 [0.79916825 0.60780638]
 [1.85077089 1.59209232]
 [2.63951989 2.22023263]
 [2.01610236 2.27624079]
 [3.58464501 2.96197852]
 [2.00932962 2.09192406]
 [0.60383592 0.66085196]
 [0.69177345 0.87043339]
 [1.72849411 2.02491481]
 [1.57382844 1.88056681]
 [2.86636136 2.82828773]
 [2.45772575 2.57010749]
 [2.09289013 2.0503947 ]
 [1.47644397 1.63236415]
 [2.43960746 2.56606924]
 [2.92674229 2.69461514]
 [2.57087522 2.62599818]
 [0.91976721 1.38851736]
 [0.80755385 1.02732192]
 [2.14018735 1.79780927]
 [2.8968027  2.77411254]
 [3.154796   2.94277103]
 [2.51754755 2.8977992 ]
 [2.49966186 2.33129469]
 [1.99609303 2.39088676]
 [1.90540746 1.97803481]
 [0.354592   0.45781196]
 [0.08287941 0.34138907]
 [1.60513157 1.67373598]
 [0.19864353 0.21100032]
 [2.69824555 2.6857811 ]
 [2.23317523 2.63110317]
 [1.26790875 0.82142911]
 [1.64180695 1.64269281]
 [1.93002006 1.71462628]
 [0.19929963 0.40437935]
 [0.967082   1.0069914 ]
 [2.16177797 2.5431014 ]
 [1.24145364 0.88523573]
 [3.01091827 2.89070126]
 [1.72839607 1.78687529]
 [2.24368629 2.1129402 ]
 [0.88339447 1.17329737]
 [1.17538818 1.38480624]
 [0.98916392 1.28799217]
 [0.61386065 0.56270968]
 [2.35248838 2.48140801]
 [1.93494617 1.47864262]
 [2.29978366 2.29161815]
 [0.63356692 0.73279999]
 [2.73227295 2.44932719]
 [3.02153422 2.87640755]
 [1.96942004 2.06686514]
 [1.95305249 2.08881025]
 [3.06556168 2.8072088 ]
 [2.98444262 2.93877052]
 [2.2050331  2.21883589]
 [1.38600052 1.6044967 ]
 [2.74526722 2.40298367]
 [0.35271022 0.22039996]
 [3.02606448 2.97121859]
 [0.4449911  0.55471677]
 [0.18931294 0.17275052]
 [0.82659245 0.59158904]
 [2.58099231 2.58967945]
 [2.32566972 2.42024043]
 [1.28330495 1.17429109]
 [0.28987907 0.41644955]
 [0.72892716 0.73464192]
 [2.78634115 2.72132717]
 [2.60156818 2.48540444]
 [2.52889693 2.47457569]
 [2.03144214 2.23124759]
 [1.55506534 1.64546727]
 [2.39868784 2.84003004]
 [1.64573001 1.58400419]
 [1.15731468 1.28046405]
 [1.95132352 2.27947619]
 [0.45204858 0.38692795]
 [0.52631263 0.51818239]
 [3.02711004 2.92871479]
 [3.09559817 2.95633474]
 [2.75997514 2.89174767]
 [1.98231345 1.8840697 ]
 [0.34892989 0.12563271]
 [0.99099615 0.66178225]
 [2.68001287 2.70234934]
 [1.17760978 0.88780516]
 [2.82866073 2.7264241 ]
 [1.86249383 1.8571189 ]
 [2.06835082 2.05292887]
 [2.12701733 2.4321637 ]
 [1.09576903 1.28640208]
 [3.09696083 2.94209711]
 [1.02461073 0.78426214]
 [2.85504381 2.8921084 ]
 [0.87666296 1.02344047]
 [1.48064962 1.59876768]
 [0.3354473  0.59594479]
 [1.36200425 1.79636675]
 [3.70982118 2.94864236]
 [2.08050386 1.5947504 ]
 [0.36257764 0.51810326]
 [2.47747491 2.47337883]
 [0.66453119 0.8503873 ]
 [1.39379204 0.94394282]
 [2.09974127 1.80836029]
 [2.40722949 2.41078388]
 [1.40096318 1.35408558]
 [1.3981059  1.27053016]
 [0.76143584 0.69186284]
 [2.30749995 2.59797826]
 [0.66691975 0.993035  ]
 [4.18001868 2.90564084]
 [2.37445522 2.69014989]
 [1.39382919 0.99662489]
 [0.71144304 0.86058498]
 [2.2968154  2.29161815]
 [4.61871389 2.96509432]
 [2.47714814 2.19096995]
 [3.00771568 2.42880049]
 [2.41230526 2.72861301]
 [2.08057878 1.84487897]
 [4.31602334 2.9727469 ]
 [1.9389909  1.84457771]
 [3.47543522 2.96128183]
 [2.74323819 2.98387936]
 [3.89872148 2.92277652]
 [3.24791527 2.83498889]
 [0.61386065 0.55687905]
 [1.92345938 2.06400586]
 [2.75514266 2.50101665]
 [2.02735779 2.17719223]
 [2.3974075  2.41078388]
 [1.36200425 1.69291394]
 [1.43797705 1.92469863]
 [2.44734778 2.30279616]
 [4.45673361 2.96949198]
 [1.34113665 0.82390275]
 [1.93995272 1.59386343]
 [2.49964218 2.02154702]
 [3.06137366 2.70102001]
 [2.03677991 1.73389573]
 [1.85337153 1.70972253]
 [3.03513861 2.70155993]
 [0.44951499 0.30608371]
 [2.08205034 1.84920662]
 [2.06646451 1.78687529]
 [4.1150152  2.90120142]
 [3.6415396  2.95974561]
 [1.89585638 1.93000002]
 [3.41154881 2.92399549]
 [0.83859678 1.26154202]
 [1.43691799 1.34369675]
 [0.6961307  0.55947806]
 [0.47038301 0.59848664]
 [2.79577053 2.74850979]
 [1.17804579 1.51061925]
 [2.24749081 1.93861829]
 [1.28259611 1.16545898]
 [2.91713102 2.99796817]
 [1.86249383 1.8671712 ]
 [1.51672836 1.72472114]
 [1.6218123  2.04334461]
 [2.5149386  2.97141535]
 [4.42899258 2.95070757]
 [0.76263244 0.55959243]
 [1.59022572 1.63310596]
 [3.26115982 2.95010769]
 [3.01091827 2.96393584]
 [0.9875279  0.77398245]
 [2.12849761 2.21883589]
 [1.8313289  1.77451247]
 [0.0907342  0.11952399]
 [2.23530338 2.44486277]
 [2.29824165 2.57825855]
 [1.28330495 0.97252363]
 [0.79829013 1.21153135]
 [1.94216061 2.37475652]
 [2.99580452 2.68689413]
 [2.67970786 2.60338591]
 [0.57474409 0.71270427]
 [3.6111322  2.94924456]
 [1.87968236 1.94265896]
 [2.14045595 2.4306089 ]
 [2.38017493 2.02943951]
 [1.27610353 1.51266592]
 [3.32480517 2.94436179]
 [2.3157835  2.18386255]
 [1.72953817 1.2733124 ]
 [1.29430097 1.22764383]
 [2.32566972 2.45894412]
 [1.52258994 1.19975732]
 [1.7903573  2.00638982]
 [1.16512667 1.65310279]
 [4.52904748 2.97538528]
 [1.93675828 1.65602327]
 [2.81311083 2.78294517]
 [2.04011673 2.41697415]
 [0.58408476 0.78835208]
 [3.46206484 2.98000564]
 [0.86935873 0.99619072]
 [2.23514525 2.39088676]
 [4.27795589 2.96262384]
 [1.22615151 1.34592987]
 [0.97131422 1.0069914 ]
 [2.60807762 2.44071837]
 [0.23391123 0.13113997]
 [2.90012054 2.92566703]
 [1.51028767 1.81070806]
 [2.55835281 2.5404864 ]
 [2.2050331  2.28800413]
 [2.94100551 2.72132717]
 [1.4572954  1.45745598]
 [1.12318719 1.35973149]
 [2.79338206 2.77093622]
 [1.9317665  1.69563185]
 [2.52522754 2.58701911]
 [1.34178605 1.79636675]]
