[[4.86621314e+00 6.48194950e-03]
 [3.18032647e+01 6.57607673e-04]
 [3.23474214e+01 6.42435431e-04]
 [3.89650248e+01 6.05456647e-04]
 [2.23930593e+01 9.50885037e-04]
 [8.42493582e+00 2.79476072e-03]
 [1.62072948e+01 1.34727829e-03]
 [2.49856601e+01 8.35621306e-04]
 [1.05192484e+01 2.36960019e-03]
 [1.05201099e+01 1.84625829e-03]
 [4.80154268e+01 5.17382421e-04]
 [6.86503328e+00 3.02870204e-03]
 [3.69350896e+01 6.27807858e-04]
 [3.91702952e+01 5.90498704e-04]
 [3.77221548e+01 6.11962457e-04]
 [1.50646433e+01 1.64270837e-03]
 [4.88258644e+00 6.40255797e-03]
 [1.61376155e+01 1.45509894e-03]
 [4.78988093e+01 5.25972553e-04]
 [4.30224219e+01 5.39688182e-04]
 [3.18168316e+01 6.56658177e-04]
 [3.95248529e+01 5.51821044e-04]
 [1.92085911e+01 1.11643002e-03]
 [4.84141663e+01 4.59783239e-04]
 [1.54989389e+01 1.55541105e-03]
 [2.95892162e+01 7.03028350e-04]
 [1.93553451e+01 9.63283466e-04]
 [6.23979259e+00 3.61702344e-03]]
