[[3.60699608e+01 1.65566552e+01]
 [7.76812641e+00 3.22621992e+01]
 [2.61940879e+01 2.05456462e+01]
 [3.44753316e+01 1.71025222e+01]
 [2.86511655e+01 1.95368564e+01]
 [3.38364045e+00 3.78835185e+01]
 [2.06701379e+01 2.30235463e+01]
 [8.35413583e+01 6.42080819e+00]
 [6.42545421e-02 4.82357273e+01]
 [5.60857909e+01 1.11194220e+01]
 [6.81555654e+01 8.66305532e+00]
 [8.89085385e-01 4.35860832e+01]
 [6.14466549e-01 4.47011988e+01]
 [5.83176055e+01 1.06016468e+01]
 [7.04643053e+01 8.30666886e+00]
 [6.16784942e+01 9.95395502e+00]
 [1.04976551e+01 2.98948891e+01]
 [5.10129214e+01 1.23026655e+01]
 [4.83307391e+01 1.30055861e+01]
 [3.09838326e+01 1.84529702e+01]
 [9.65869014e+01 5.29510110e+00]
 [3.17043014e+01 1.83835391e+01]
 [7.47103428e+00 3.27839613e+01]
 [1.93888691e-01 4.71300901e+01]
 [3.56757064e+01 1.67682477e+01]
 [1.17329489e+02 4.34324222e+00]
 [4.66951383e+00 3.58988353e+01]
 [5.69893656e+01 1.08917859e+01]
 [6.83382844e+01 8.64617576e+00]
 [4.34026601e+01 1.43443386e+01]
 [2.13531304e+01 2.26859973e+01]
 [5.00504672e+01 1.25116603e+01]
 [1.88251444e+01 2.41843976e+01]
 [6.00929066e+00 3.48282781e+01]
 [5.13824242e-01 4.54694508e+01]
 [2.38404433e+01 2.15314788e+01]
 [4.75859928e+01 1.32989730e+01]
 [3.69837635e+01 1.63225093e+01]
 [8.64919865e+01 6.15676129e+00]
 [3.54154819e+01 1.70003975e+01]
 [3.36542071e+01 1.74010150e+01]
 [3.20537255e+00 3.81544643e+01]
 [4.94481916e+00 3.56141364e+01]
 [2.83518875e+01 1.95538827e+01]
 [1.27649019e+01 2.80997480e+01]
 [2.40538698e+01 2.14695150e+01]
 [6.48609556e+01 9.26874806e+00]
 [5.05834735e+01 1.23675360e+01]
 [3.43372301e+01 1.71514592e+01]
 [1.93779981e+01 2.37564183e+01]
 [5.01455835e+01 1.24796289e+01]
 [6.33070848e+01 9.61319687e+00]
 [5.40210633e+01 1.15365319e+01]
 [6.83013424e+00 3.33587758e+01]
 [3.12500802e+01 1.84325539e+01]
 [1.20306667e+01 2.85309140e+01]
 [7.44505565e+01 7.63696884e+00]
 [5.89411434e+01 1.05818184e+01]
 [4.67329773e+01 1.33736789e+01]
 [3.88029074e+01 1.58309290e+01]
 [3.01727971e+01 1.87087766e+01]
 [1.34130912e+00 4.22112876e+01]
 [4.93661976e-01 4.58807307e+01]
 [2.15113580e+01 2.25891640e+01]
 [7.93024178e+01 7.29668767e+00]
 [3.35921562e-01 4.59875418e+01]
 [5.79757966e+01 1.06536827e+01]
 [4.76391019e+01 1.32669915e+01]
 [9.12935351e+00 3.13889598e+01]
 [2.15758789e+01 2.25489721e+01]
 [2.66596827e+01 2.02184574e+01]
 [2.58182713e+01 2.08055238e+01]
 [8.12972023e-01 4.41664531e+01]
 [7.79711709e+00 3.22085453e+01]
 [4.45625951e+01 1.40918550e+01]
 [6.96871304e+01 8.40558730e+00]
 [2.47211051e+01 2.10275627e+01]
 [3.79945778e+01 1.59323796e+01]
 [6.34288930e+00 3.46317578e+01]
 [1.05494764e+01 2.98658082e+01]
 [2.77386830e+00 3.89277638e+01]
 [4.67663491e+01 1.33526234e+01]
 [4.21620745e+01 1.46265005e+01]
 [3.75361146e+00 3.72747338e+01]
 [5.38580768e+01 1.16485177e+01]
 [6.96135576e+01 8.42397176e+00]
 [3.26021873e+01 1.77876950e+01]
 [8.02485554e+01 7.11869063e+00]
 [3.27101692e+01 1.77589149e+01]
 [7.01730799e+01 8.31113849e+00]
 [3.91416147e+01 1.55467138e+01]
 [1.79816284e+01 2.45904349e+01]
 [5.32432904e+01 1.18283137e+01]
 [6.91922583e-01 4.44418788e+01]
 [7.19408245e+01 8.01237546e+00]
 [2.02291111e+00 4.05086490e+01]
 [2.62728519e-01 4.64450476e+01]
 [5.34718436e+01 1.16612434e+01]
 [4.50652135e+01 1.38072019e+01]
 [1.21033246e+01 2.84498708e+01]
 [1.02984042e+00 4.31941739e+01]
 [4.28413418e+00 3.64353428e+01]
 [6.06772742e+01 1.00926354e+01]
 [5.17815690e+01 1.20756660e+01]
 [5.00753781e+01 1.24841183e+01]
 [3.64208919e+01 1.64783257e+01]
 [2.05031630e+01 2.31204647e+01]
 [5.52778958e+01 1.14322952e+01]
 [2.08699861e+01 2.29201545e+01]
 [1.19158618e+01 2.86011782e+01]
 [1.41624463e+00 4.19642958e+01]
 [2.18207191e+00 4.01005677e+01]
 [1.11394377e+02 4.68970831e+00]
 [7.09630621e+01 8.18251721e+00]
 [7.32905725e+01 7.80331402e+00]
 [6.39186693e+01 9.46243930e+00]
 [2.99171409e+01 1.88154538e+01]
 [5.50142592e-01 4.53919096e+01]
 [5.79406439e+01 1.06615388e+01]
 [6.17388396e+01 9.88386160e+00]
 [2.76710956e+01 1.97216465e+01]
 [3.78735500e+01 1.60826086e+01]
 [3.39703682e+01 1.72797952e+01]
 [4.17584919e+01 1.48478127e+01]
 [1.14221603e+01 2.90338290e+01]
 [7.29884071e+01 7.85652240e+00]
 [6.65957702e+00 3.35761655e+01]
 [6.60622646e+01 9.04404406e+00]
 [7.26387335e+00 3.28149341e+01]
 [1.89935255e+01 2.39542084e+01]
 [1.87070036e+00 4.11537541e+01]
 [2.03279564e+01 2.34982790e+01]
 [8.98290597e+01 5.87262957e+00]
 [1.59957415e+00 4.15930845e+01]
 [4.90219390e+01 1.27469474e+01]
 [2.93961870e+01 1.92370874e+01]
 [4.65904102e+00 3.60155754e+01]
 [3.07163213e+01 1.85980647e+01]
 [4.64265309e+01 1.34264990e+01]
 [1.51849824e+01 2.62457580e+01]
 [1.42757879e+01 2.68825864e+01]
 [3.72009529e+01 1.61897965e+01]
 [3.17354115e+01 1.81485282e+01]
 [2.43779936e+00 3.95935045e+01]
 [9.15401703e+00 3.10240831e+01]
 [1.75210694e+01 2.48550859e+01]
 [4.90329696e+01 1.27447142e+01]
 [3.98748676e+01 1.53214381e+01]
 [1.79322445e+01 2.46385475e+01]
 [1.39308023e+01 2.71533972e+01]
 [3.98624081e+01 1.53686216e+01]
 [5.13463422e+01 1.21688975e+01]
 [9.22141093e+00 3.08461868e+01]
 [4.12365552e+01 1.49123930e+01]
 [1.31118661e+01 2.76784693e+01]
 [7.61187106e+01 7.36443837e+00]
 [4.52028610e+01 1.37741028e+01]
 [8.34680241e+01 6.43529654e+00]
 [3.94285102e+00 3.70237986e+01]
 [5.12553424e+01 1.22376777e+01]
 [9.45075883e+01 5.66333086e+00]
 [5.00488027e+00 3.55169907e+01]
 [2.59841194e+00 3.93553073e+01]
 [6.26685010e+01 9.69298987e+00]
 [5.77192609e+01 1.07087909e+01]
 [4.03149600e+00 3.68149581e+01]
 [2.33707911e+01 2.16686165e+01]
 [1.00720912e+02 4.96104950e+00]
 [6.35037682e+01 9.53055954e+00]
 [1.08977681e+01 2.93996314e+01]
 [1.61780933e+01 2.56063591e+01]
 [8.61392571e+01 6.21499493e+00]
 [2.94382218e+01 1.91681524e+01]
 [2.68780103e+00 3.92424813e+01]
 [2.03119965e+01 2.37183312e+01]
 [1.55747922e+01 2.61692089e+01]
 [6.60396433e+00 3.41652180e+01]
 [8.52346950e+01 6.28606591e+00]
 [3.58600582e+01 1.66247667e+01]
 [7.45546283e+01 7.62580313e+00]
 [4.55848133e+01 1.36577020e+01]
 [6.55539487e+01 9.13731368e+00]
 [1.10984751e+01 2.93296640e+01]
 [1.78306991e+01 2.46572016e+01]
 [8.58018866e+00 3.14394811e+01]
 [2.37930976e+01 2.15865746e+01]
 [6.72268609e+01 8.90841921e+00]
 [5.49236800e+00 3.49230574e+01]
 [6.65100588e+01 8.96309448e+00]
 [6.96884275e+01 8.39684943e+00]
 [3.40704692e+01 1.72469884e+01]
 [7.06490500e+00 3.29730377e+01]
 [4.62093249e+01 1.35905978e+01]
 [4.09540942e+01 1.49933227e+01]
 [2.28942054e+01 2.20840748e+01]
 [2.62724423e-01 4.64828399e+01]
 [3.50905309e+01 1.70073290e+01]
 [5.12689014e+01 1.22191418e+01]
 [6.90817890e+01 8.54165079e+00]
 [6.06942434e+01 1.00890843e+01]
 [2.03351829e+01 2.34037906e+01]
 [3.28039481e+01 1.77019521e+01]
 [1.75022644e+01 2.48675236e+01]
 [8.23599824e+00 3.18411031e+01]
 [5.93046977e+01 1.04025983e+01]
 [9.33475731e+00 3.07399047e+01]
 [1.13902343e+02 4.53963692e+00]
 [6.77639405e+01 8.73390767e+00]
 [5.24056402e+01 1.19329674e+01]
 [4.64068025e+01 1.35295561e+01]
 [2.19082058e+01 2.23873078e+01]
 [6.06398898e+01 1.01209935e+01]
 [6.50068924e+01 9.25663661e+00]
 [4.79974555e+01 1.30914543e+01]
 [2.40765766e+00 3.96470594e+01]
 [2.72557333e+01 1.98998589e+01]
 [2.46950694e+01 2.10392538e+01]
 [1.72851912e+01 2.52161110e+01]
 [7.01011624e+00 3.30470199e+01]
 [2.68576596e+01 2.01525926e+01]
 [3.09899744e+01 1.84417412e+01]
 [1.02796259e+01 2.99735453e+01]
 [2.52709020e+01 2.09053295e+01]
 [1.26467924e+02 4.17634434e+00]
 [2.80200472e+00 3.88796094e+01]
 [4.96060538e+01 1.25989656e+01]
 [3.63265817e+00 3.77982610e+01]
 [1.08334381e+01 2.94377877e+01]
 [6.36835519e+01 9.52310632e+00]
 [1.01680683e+01 3.01382588e+01]
 [1.43990531e+01 2.67927027e+01]
 [6.44882452e+01 9.35966509e+00]
 [6.02614654e+01 1.01807954e+01]
 [3.19840359e+01 1.80837066e+01]
 [9.21140786e+01 5.81535875e+00]
 [2.99000474e+00 3.85639777e+01]
 [3.42111422e+01 1.71958659e+01]
 [4.02188441e+01 1.52560856e+01]
 [5.19697588e+01 1.20175787e+01]
 [1.74739110e+01 2.49385308e+01]
 [1.77923074e+00 4.12933063e+01]
 [9.25858811e+00 3.08065168e+01]
 [8.27753694e+01 6.62334510e+00]
 [1.12189268e+01 2.91820427e+01]
 [5.81962674e+01 1.06069470e+01]
 [1.35689912e-01 4.74292290e+01]
 [5.58524305e+01 1.13970235e+01]
 [5.43546356e+01 1.14605985e+01]
 [2.80739494e-01 4.63475493e+01]
 [2.26969249e+01 2.21093740e+01]
 [4.30299776e+01 1.44690493e+01]
 [6.37775582e+01 9.48982523e+00]
 [6.43150282e+01 9.37499448e+00]
 [5.64796937e+00 3.48427421e+01]
 [6.12203553e+01 9.98129653e+00]
 [8.20238765e+01 7.02675744e+00]
 [1.86845786e+01 2.44644566e+01]
 [4.62961353e-01 4.59228574e+01]
 [4.10500702e+01 1.49582949e+01]
 [3.46593281e+01 1.70401450e+01]]
