[[1.86260211e-03 3.45560727e-03 1.79353495e+00]
 [4.30247271e-03 9.73802078e-03 2.35560178e+00]
 [1.98569888e-03 4.26701009e-03 1.68669248e+00]
 [5.41559379e-03 9.74740371e-03 2.27320880e+00]
 [3.66543097e-03 8.62346253e-03 2.38535544e+00]
 [3.81016124e-03 7.49858311e-03 2.02228296e+00]
 [5.40951805e-03 9.59434321e-03 2.60792178e+00]
 [4.28768775e-03 8.24009870e-03 2.25299232e+00]
 [2.74119775e-03 5.60529991e-03 2.34345957e+00]
 [4.44117107e-03 8.28135361e-03 1.85269631e+00]
 [4.32981507e-03 9.09311989e-03 2.21095800e+00]
 [1.15103041e-03 2.27001165e-03 2.19196477e+00]
 [2.00727488e-03 5.29546610e-03 2.78886484e+00]
 [3.93884008e-03 6.88955048e-03 1.80800322e+00]
 [3.72748802e-03 7.10354578e-03 1.91128685e+00]
 [1.01581476e-03 2.25806922e-03 2.94264094e+00]
 [4.06288428e-03 7.43749196e-03 1.57597376e+00]
 [8.48018217e-04 2.02463036e-03 2.70847595e+00]
 [2.31462936e-03 4.26821349e-03 1.49622293e+00]
 [9.04097157e-04 1.28975984e-03 1.21052505e+00]
 [4.93963846e-04 1.50455028e-03 1.79070095e+00]
 [6.19392166e-03 9.80699036e-03 2.28692504e+00]
 [2.37214058e-03 5.39490891e-03 2.49856157e+00]
 [1.86155670e-03 4.71819063e-03 2.96364884e+00]
 [1.32906238e-03 2.83462432e-03 2.60128235e+00]
 [1.08067485e-03 1.91272052e-03 1.77409247e+00]
 [2.78504172e-03 6.14781891e-03 2.33033671e+00]
 [1.55528584e-03 3.17817550e-03 1.68796635e+00]
 [6.56219990e-04 1.80729214e-03 2.38861388e+00]
 [1.50739659e-03 2.43763977e-03 2.09336914e+00]
 [9.27090956e-04 2.10770942e-03 2.01689649e+00]
 [3.29619257e-03 5.48733536e-03 1.42182859e+00]
 [3.64523448e-03 7.33366094e-03 2.01291876e+00]
 [2.22901477e-03 4.54450764e-03 1.89982427e+00]
 [3.95648272e-03 7.71718482e-03 1.85983904e+00]
 [5.83322260e-03 9.74740371e-03 2.29078079e+00]
 [2.26789321e-03 4.40243562e-03 2.36612810e+00]
 [4.26720642e-03 8.03594626e-03 1.78301226e+00]
 [1.50739659e-03 2.43763977e-03 1.68880248e+00]
 [2.19153806e-03 4.31418433e-03 1.88232579e+00]
 [6.42556881e-04 1.45499789e-03 1.43781721e+00]
 [1.17783021e-03 2.93862485e-03 2.81771857e+00]
 [1.00523727e-03 1.95108532e-03 1.77409247e+00]
 [1.86260211e-03 3.45560727e-03 1.70374216e+00]
 [4.91108161e-03 9.78976515e-03 1.98274263e+00]
 [6.19392166e-03 9.90616954e-03 2.28692504e+00]
 [5.05742017e-03 9.86095019e-03 2.92997785e+00]
 [1.55528584e-03 3.17817550e-03 1.75478729e+00]
 [1.01625647e-03 1.98947923e-03 1.28503668e+00]
 [9.04097157e-04 1.52126787e-03 1.21052505e+00]
 [1.20135587e-03 2.16158980e-03 1.67611989e+00]
 [2.43515395e-03 5.19547063e-03 1.89006228e+00]
 [5.46346816e-03 9.53914537e-03 1.56643830e+00]
 [2.29518240e-03 3.63488683e-03 1.55120621e+00]
 [9.94405629e-04 1.72793241e-03 1.81507992e+00]
 [3.85631566e-03 6.57322811e-03 1.50584988e+00]
 [1.10007808e-03 2.60315099e-03 2.60950913e+00]
 [1.00373847e-03 1.43606998e-03 1.23704721e+00]
 [1.01581476e-03 2.28496462e-03 2.94264094e+00]
 [4.95826397e-03 8.23016413e-03 1.59053683e+00]
 [2.32849033e-03 4.41957263e-03 2.13035527e+00]
 [9.62996161e-03 9.86246782e-03 2.98637127e+00]
 [3.95648272e-03 6.72038695e-03 1.54040619e+00]
 [5.27415453e-03 8.76513797e-03 1.76710456e+00]]
