[[1.86260211e-03 3.45560727e-03 1.79353495e+00]
 [4.30247271e-03 9.73802078e-03 2.35560178e+00]
 [1.98569888e-03 4.26701009e-03 1.68669248e+00]
 [5.41559379e-03 9.74740371e-03 2.27320880e+00]
 [3.81016124e-03 7.49858311e-03 2.02228296e+00]
 [5.40951805e-03 9.59434321e-03 2.60792178e+00]
 [2.74119775e-03 5.60529991e-03 2.34345957e+00]
 [4.44117107e-03 8.28135361e-03 1.85269631e+00]
 [4.32981507e-03 9.09311989e-03 2.21095800e+00]
 [1.15103041e-03 2.27001165e-03 2.19196477e+00]
 [9.94405629e-04 1.15035012e-03 1.74681426e+00]
 [2.00727488e-03 5.29546610e-03 2.78886484e+00]
 [3.72748802e-03 7.10354578e-03 1.91128685e+00]
 [4.06288428e-03 7.43749196e-03 1.57597376e+00]
 [4.79737567e-03 9.46676679e-03 2.10686741e+00]
 [8.48018217e-04 2.02463036e-03 2.70847595e+00]
 [2.31462936e-03 4.26821349e-03 1.49622293e+00]
 [9.04097157e-04 1.28975984e-03 1.21052505e+00]
 [4.93963846e-04 1.50455028e-03 1.79070095e+00]
 [6.19392166e-03 9.80699036e-03 2.28692504e+00]
 [2.72400850e-03 5.98788918e-03 2.74616699e+00]
 [2.37214058e-03 5.39490891e-03 2.49856157e+00]
 [1.86155670e-03 4.71819063e-03 2.96364884e+00]
 [1.32906238e-03 2.83462432e-03 2.60128235e+00]
 [1.93864860e-03 4.95112363e-03 2.27024992e+00]
 [1.08067485e-03 1.91272052e-03 1.77409247e+00]
 [2.78504172e-03 6.14781891e-03 2.33033671e+00]
 [1.85960970e-03 5.05763349e-03 2.57300153e+00]
 [5.40260940e-03 9.73074518e-03 2.24867340e+00]
 [2.61027696e-03 6.39974569e-03 2.34807868e+00]
 [2.72400850e-03 5.98556982e-03 2.72505872e+00]
 [5.86107265e-03 9.99733070e-03 2.54097854e+00]
 [5.98325473e-04 9.05539783e-04 2.75813280e+00]
 [1.32906238e-03 3.01420400e-03 1.91980618e+00]
 [2.73997071e-03 5.56844524e-03 2.24329050e+00]
 [2.05547854e-03 4.66266474e-03 2.79518975e+00]
 [4.04894831e-03 7.64487304e-03 2.07201699e+00]
 [1.37195890e-03 2.97864935e-03 2.59772003e+00]
 [4.52404378e-03 8.81168318e-03 1.82775071e+00]
 [2.09591516e-03 4.24437466e-03 1.94592990e+00]
 [2.70172657e-03 5.57271875e-03 1.76106815e+00]
 [3.84466372e-03 8.20897759e-03 2.38535544e+00]
 [2.88310619e-03 4.32938509e-03 1.61451638e+00]
 [4.05059101e-03 8.24009870e-03 2.25299232e+00]
 [3.77818445e-03 8.26354719e-03 2.50124864e+00]
 [4.03541147e-03 8.28468148e-03 2.01155877e+00]
 [1.86807414e-03 4.91135337e-03 2.54849324e+00]
 [1.57524167e-03 2.93862485e-03 1.71203297e+00]
 [3.24889861e-03 6.33907681e-03 2.30166251e+00]
 [9.34341402e-04 1.75007300e-03 1.36777666e+00]
 [2.11977947e-03 3.45560727e-03 1.80783841e+00]
 [1.08067485e-03 1.91272052e-03 1.87145395e+00]
 [1.61510770e-03 2.87272777e-03 1.43615290e+00]
 [2.82684321e-03 6.39460881e-03 2.04934062e+00]
 [1.87500151e-03 4.93824657e-03 2.97320110e+00]
 [3.52916051e-03 7.58159646e-03 2.16909453e+00]
 [3.70275846e-03 7.10354578e-03 1.86741160e+00]
 [1.32161142e-03 2.06454059e-03 1.04455186e+00]
 [5.42616412e-03 9.23071794e-03 1.55010810e+00]
 [4.30247271e-03 9.73802078e-03 2.32893124e+00]]
