[[1.45988514e+01 1.87473437e-03]
 [4.86621314e+00 6.48194950e-03]
 [2.23930593e+01 9.50885037e-04]
 [8.42493582e+00 2.79476072e-03]
 [1.38583616e+01 1.92456864e-03]
 [1.62072948e+01 1.34727829e-03]
 [2.49856601e+01 8.35621306e-04]
 [1.05192484e+01 2.36960019e-03]
 [2.74439619e+01 7.59194810e-04]
 [2.86281463e+01 6.18621136e-04]
 [8.15369467e+00 3.49267530e-03]
 [9.98252617e+00 2.40210312e-03]
 [3.96270618e+01 5.03494190e-04]
 [3.46112262e+01 5.99507871e-04]
 [3.53785546e+00 8.85174006e-03]
 [1.21197230e+01 2.16754934e-03]
 [1.95613544e+01 1.20488788e-03]
 [2.23398440e+01 1.19804225e-03]
 [1.61059276e+01 1.47706306e-03]
 [8.52316687e+00 2.68454506e-03]
 [4.92085331e+01 4.69630307e-04]
 [1.22235063e+01 1.94096797e-03]]
