[[1.52610864e-02 2.65060857e+04]
 [4.48927166e-02 9.16056255e+03]
 [1.69870331e-02 2.59225653e+04]
 [4.91232333e-02 8.96634650e+03]
 [4.17531679e-02 1.03584766e+04]
 [3.39946541e-02 1.19017793e+04]
 [3.70128177e-02 1.09776149e+04]
 [4.18541489e-02 9.65590185e+03]
 [1.07192317e-02 3.87363394e+04]
 [3.15247391e-02 1.32695640e+04]
 [7.55190855e-02 8.67009037e+03]
 [3.18475519e-02 1.27103137e+04]
 [5.58102404e-02 8.67738208e+03]
 [3.13492445e-02 1.34289154e+04]
 [4.37664957e-02 9.35419140e+03]
 [9.94202140e-03 4.21205463e+04]
 [1.75662574e-02 2.46631743e+04]
 [5.80348224e-03 8.04541568e+04]
 [5.25064956e-03 9.90916651e+04]
 [2.57065886e-02 1.59723699e+04]
 [1.42412880e-02 3.02360048e+04]
 [8.62407872e-03 4.80120660e+04]
 [2.84826754e-02 1.42657777e+04]
 [1.29877897e-02 3.30752248e+04]
 [2.15610606e-02 1.97547574e+04]
 [2.90637842e-02 1.38857811e+04]
 [2.29386051e-02 1.91868348e+04]
 [6.39436901e-03 7.40431534e+04]
 [1.70144863e-02 2.46728070e+04]
 [2.81174641e-02 1.44372101e+04]
 [9.43761945e-03 4.43263572e+04]
 [1.94172935e-02 2.16626725e+04]
 [2.08353585e-02 2.07102205e+04]
 [6.45068218e-03 6.28301656e+04]
 [9.33880572e-03 4.64028852e+04]
 [1.08586709e-02 3.78348639e+04]
 [3.77754942e-02 1.06242575e+04]
 [7.53876915e-03 5.84193077e+04]
 [3.10259349e-02 1.38337679e+04]
 [2.01552622e-02 2.07222995e+04]
 [5.33219316e-02 8.76612180e+03]
 [1.24792168e-02 3.31960806e+04]
 [2.76613766e-02 1.50788577e+04]
 [5.07000914e-02 8.83780942e+03]
 [1.84114227e-02 2.35666566e+04]
 [2.67514205e-02 1.51239676e+04]
 [1.80452026e-02 2.44614930e+04]
 [2.35048114e-02 1.74125523e+04]
 [1.16826567e-02 3.60846502e+04]
 [3.38327093e-02 1.25972053e+04]
 [1.83697196e-02 2.37389961e+04]
 [1.19219467e-02 3.58908534e+04]
 [1.53845672e-02 2.64370278e+04]
 [4.56314886e-02 9.05989640e+03]
 [1.41269251e-02 3.11418402e+04]
 [3.55424811e-02 1.14923482e+04]
 [3.65354741e-02 1.13229910e+04]
 [1.06111320e-02 4.20782404e+04]
 [3.90395671e-02 1.04202615e+04]
 [5.20093968e-02 8.79409517e+03]
 [1.07562399e-02 3.84114737e+04]
 [2.50025915e-02 1.67893620e+04]
 [1.32128321e-02 3.26079222e+04]]
