[[0.94325798 0.44926606]
 [0.07174209 1.02040678]
 [1.05713395 0.07044927]
 [0.94869746 0.44907381]
 [0.53291694 0.78761426]
 [0.06343902 1.02561413]
 [1.0167192  0.1172013 ]
 [0.09810681 1.00688271]
 [0.80514477 0.53827949]
 [0.78378867 0.53842322]
 [0.13211486 0.98682674]
 [0.84179549 0.49083712]
 [0.13219939 0.97378296]
 [0.50098708 0.90798577]
 [0.96737138 0.20159591]
 [0.77450749 0.57821191]
 [0.51392025 0.80935004]
 [1.0210818  0.08672684]
 [0.18890762 0.9429495 ]
 [0.75558397 0.77421927]
 [0.95073993 0.20319612]]
