[[0.43379929 4.27441307 8.65190854 0.52291692]
 [1.52433924 1.41875043 9.37709581 4.04857475]
 [1.68005678 1.30700616 9.63388057 2.58191717]
 [1.18582585 2.56987231 9.60000241 1.2892189 ]
 [1.04256965 1.81511829 9.40087105 1.9611576 ]
 [0.454131   4.41948928 9.29574171 1.40800301]
 [1.25823323 1.90660622 9.63603167 2.93609384]
 [0.57152466 2.80940531 8.87781336 1.32397866]
 [1.65420813 1.23608033 9.58088658 3.27599641]
 [1.28988657 1.51847841 9.02295352 2.71525311]
 [1.36438273 0.93245491 8.9486882  2.30850721]
 [1.81911211 1.1792586  9.96540269 4.17302803]
 [0.93992026 1.51793779 8.9705896  3.27212649]
 [0.454131   4.41948928 9.29574171 1.41376508]
 [0.62978307 7.19075923 9.70912511 4.73310006]
 [0.67014317 5.40011283 9.42896597 2.01476474]
 [0.57152466 2.80940531 8.88028217 1.4060666 ]
 [1.31144174 0.93245491 8.65502654 2.30850721]
 [0.55867567 2.82479991 9.82266074 0.91937637]
 [1.07771872 5.94255957 9.91722324 4.63734596]
 [1.68315736 0.60599795 9.20844951 4.64335094]
 [1.18582585 2.44873765 9.60000241 1.39812965]
 [0.90767746 7.2605278  9.955845   4.65655809]]
