[[1.86260211e-03 3.45560727e-03 1.79353495e+00]
 [4.30247271e-03 9.73802078e-03 2.35560178e+00]
 [1.98569888e-03 4.26701009e-03 1.68669248e+00]
 [5.41559379e-03 9.74740371e-03 2.27320880e+00]
 [3.81016124e-03 7.49858311e-03 2.02228296e+00]
 [5.40951805e-03 9.59434321e-03 2.60792178e+00]
 [4.44117107e-03 8.28135361e-03 1.85269631e+00]
 [4.32981507e-03 9.09311989e-03 2.21095800e+00]
 [1.15103041e-03 2.27001165e-03 2.19196477e+00]
 [3.72748802e-03 7.10354578e-03 1.91128685e+00]
 [4.79737567e-03 9.46676679e-03 2.10686741e+00]
 [8.48018217e-04 2.02463036e-03 2.70847595e+00]
 [9.04097157e-04 1.28975984e-03 1.21052505e+00]
 [4.93963846e-04 1.50455028e-03 1.79070095e+00]
 [6.19392166e-03 9.80699036e-03 2.28692504e+00]
 [2.37214058e-03 5.39490891e-03 2.49856157e+00]
 [1.86155670e-03 4.71819063e-03 2.96364884e+00]
 [1.32906238e-03 2.83462432e-03 2.60128235e+00]
 [1.93864860e-03 4.95112363e-03 2.27024992e+00]
 [2.78504172e-03 6.14781891e-03 2.33033671e+00]
 [6.56219990e-04 1.80729214e-03 2.38861388e+00]
 [1.84748152e-03 4.30973654e-03 2.74649084e+00]
 [5.33403497e-03 9.63241565e-03 2.51810802e+00]
 [4.28335214e-03 9.35427012e-03 2.67768967e+00]
 [3.31014434e-03 6.59709804e-03 1.93308698e+00]
 [2.15209660e-03 3.71923011e-03 1.77971078e+00]
 [8.96043492e-03 9.84353133e-03 2.99704101e+00]
 [4.28335214e-03 9.05802760e-03 2.18620718e+00]
 [2.78504172e-03 6.14781891e-03 2.21842472e+00]
 [2.20234226e-03 4.97885015e-03 2.20842993e+00]
 [2.23237320e-03 5.17290548e-03 1.86016615e+00]
 [2.99883209e-03 6.81204184e-03 2.66108298e+00]
 [9.94405629e-04 2.01434708e-03 1.74681426e+00]
 [5.06502838e-03 8.89822386e-03 1.60127940e+00]
 [3.39780785e-03 6.06035298e-03 1.50446368e+00]
 [2.11770430e-03 4.66449731e-03 1.96598245e+00]
 [3.59516507e-03 6.71714965e-03 2.03557345e+00]
 [4.77862004e-03 9.61312850e-03 2.14797431e+00]
 [1.13557816e-03 2.37733061e-03 2.02228296e+00]
 [1.35427903e-03 3.55705171e-03 2.71526098e+00]
 [1.10417053e-03 2.64681632e-03 2.39079507e+00]
 [1.37232894e-03 2.83300833e-03 1.99986474e+00]
 [7.45038685e-04 1.46221897e-03 1.74681426e+00]
 [3.90588755e-03 8.11290892e-03 2.29675710e+00]
 [2.37355212e-03 4.25453188e-03 1.48045396e+00]
 [2.94022414e-03 6.45764007e-03 2.33721259e+00]
 [2.82326788e-03 5.87939745e-03 2.07833584e+00]
 [2.16911626e-03 3.88873403e-03 2.07597544e+00]
 [4.39034222e-03 9.36151597e-03 1.94399184e+00]
 [2.95482286e-03 7.23711697e-03 2.88947324e+00]
 [2.48889488e-03 5.95937680e-03 2.02623328e+00]
 [5.27838561e-04 1.71071070e-03 1.73282767e+00]
 [3.77884454e-03 7.39126601e-03 2.21499714e+00]
 [8.16522122e-04 1.54990768e-03 2.48340960e+00]
 [8.17547901e-04 1.80729214e-03 2.39462547e+00]
 [4.72915773e-03 8.07698409e-03 1.72600009e+00]
 [3.80188528e-03 8.31049140e-03 2.38003053e+00]
 [3.32586500e-03 6.74182848e-03 1.93308698e+00]
 [2.39505217e-03 4.86738936e-03 2.19218195e+00]
 [1.01581476e-03 2.25806922e-03 2.56879805e+00]
 [2.20783575e-03 5.39490891e-03 2.49699041e+00]
 [3.01760295e-03 6.74085957e-03 2.28416183e+00]
 [2.52239220e-03 4.02517998e-03 1.36847198e+00]
 [5.42616412e-03 9.94621839e-03 2.67286649e+00]]
