[[1.86260211e-03 3.45560727e-03 1.79353495e+00]
 [2.85576282e-03 5.86833341e-03 2.50004353e+00]
 [3.66543097e-03 8.62346253e-03 2.38535544e+00]
 [3.81016124e-03 7.49858311e-03 2.02228296e+00]
 [5.40951805e-03 9.59434321e-03 2.60792178e+00]
 [4.28768775e-03 8.24009870e-03 2.25299232e+00]
 [4.44117107e-03 8.28135361e-03 1.85269631e+00]
 [4.32981507e-03 9.09311989e-03 2.21095800e+00]
 [4.18578026e-03 6.83464900e-03 1.79598128e+00]
 [1.15103041e-03 2.27001165e-03 2.19196477e+00]
 [8.88721617e-04 2.00449157e-03 1.84550532e+00]
 [2.74119775e-03 5.67474408e-03 2.25078774e+00]
 [1.36579690e-03 2.06454059e-03 1.15237762e+00]
 [2.23772196e-03 5.04519170e-03 2.31905164e+00]
 [3.63462529e-03 7.49858311e-03 2.02228296e+00]
 [9.43272634e-04 1.79794298e-03 1.54452593e+00]
 [4.56776559e-03 8.27519286e-03 2.03875927e+00]
 [3.11702918e-03 6.68796606e-03 1.66631125e+00]
 [1.86260211e-03 3.45560727e-03 1.80219135e+00]
 [4.33458971e-03 8.51671875e-03 1.83169744e+00]
 [1.33405989e-03 2.61549552e-03 1.71412322e+00]
 [4.46117219e-03 8.24524196e-03 1.69438664e+00]
 [1.15103041e-03 2.27001165e-03 2.15378726e+00]
 [5.07566875e-03 9.49016321e-03 2.92740744e+00]
 [4.26474789e-03 7.27351060e-03 1.45751517e+00]
 [3.41163780e-03 6.77247015e-03 1.65193441e+00]
 [2.27578577e-03 3.74003926e-03 1.44501725e+00]
 [2.11960165e-03 4.33551342e-03 2.02324481e+00]
 [4.61247011e-03 8.35591139e-03 1.70706973e+00]
 [4.32127748e-03 9.00956990e-03 2.09956383e+00]
 [4.42352575e-03 7.27351060e-03 1.58377385e+00]
 [4.61198539e-03 8.54850546e-03 2.03875927e+00]
 [1.86260211e-03 3.58012153e-03 1.79353495e+00]
 [3.78249029e-03 8.74961645e-03 2.51412870e+00]
 [2.02739952e-03 4.85990667e-03 2.47468445e+00]
 [5.13098370e-03 9.59434321e-03 2.53274202e+00]
 [2.11960165e-03 4.33551342e-03 2.14539388e+00]
 [1.33405989e-03 2.31727059e-03 1.71412322e+00]
 [2.00475760e-03 4.98274123e-03 2.39668239e+00]
 [1.98569888e-03 3.98945168e-03 1.68669248e+00]
 [2.16900110e-03 4.38161683e-03 2.38880032e+00]
 [4.31760665e-03 9.73802078e-03 2.34875867e+00]
 [6.33434435e-04 1.68804587e-03 2.76325249e+00]
 [1.32081971e-03 2.52325745e-03 2.18727796e+00]
 [1.83216544e-03 3.21875564e-03 1.48283750e+00]
 [8.88721617e-04 1.06101540e-03 1.75555752e+00]
 [1.85087905e-03 3.53472989e-03 1.73804265e+00]
 [4.42352575e-03 7.27351060e-03 1.61700603e+00]
 [1.27834582e-03 2.72077679e-03 2.54278454e+00]
 [9.15141377e-04 2.34172513e-03 2.82568557e+00]
 [9.42312540e-04 2.00726373e-03 1.74681426e+00]
 [1.93421852e-03 4.29051046e-03 1.74562057e+00]
 [1.85761655e-03 4.34949551e-03 2.04916060e+00]
 [4.12819626e-03 7.50612397e-03 2.02939760e+00]
 [1.15103041e-03 2.27001165e-03 2.11095111e+00]
 [5.07566875e-03 9.60414848e-03 1.88441905e+00]
 [5.41590809e-03 9.96732650e-03 2.98210384e+00]
 [1.22413009e-03 2.56116405e-03 2.65100577e+00]
 [1.33405989e-03 2.04145616e-03 1.71412322e+00]
 [3.83827400e-03 7.37862908e-03 1.95132287e+00]
 [1.83216544e-03 4.00186816e-03 2.04398520e+00]
 [6.34331775e-04 1.43553246e-03 2.70984030e+00]
 [5.35176736e-03 9.76095371e-03 2.25543841e+00]
 [6.82174796e-04 1.43715570e-03 2.01633717e+00]
 [8.42845573e-04 1.68540435e-03 2.77097511e+00]
 [3.89458760e-03 7.52426470e-03 1.90313704e+00]
 [1.98569888e-03 4.26701009e-03 1.98540652e+00]
 [2.47444851e-03 5.04519170e-03 2.20939742e+00]
 [3.63105621e-03 6.64102555e-03 1.99361358e+00]
 [5.07566875e-03 9.49016321e-03 2.98535897e+00]
 [2.73407194e-03 5.05218518e-03 2.28467745e+00]
 [3.11702918e-03 6.67170895e-03 1.65193441e+00]
 [5.29945427e-04 1.74975334e-03 1.84550532e+00]
 [4.86032775e-03 9.49661804e-03 2.06755717e+00]
 [2.22762149e-03 4.35879555e-03 2.02964181e+00]
 [1.32081971e-03 2.52325745e-03 2.14652147e+00]]
