[[0.43379929 4.27441307 8.65190854 0.52291692]
 [1.52433924 1.41875043 9.37709581 4.04857475]
 [1.4989948  1.86709885 9.70171865 3.74195519]
 [3.65008032 0.60599795 9.20844951 4.64335094]
 [0.55867567 3.33434245 9.48881637 0.91937637]
 [1.04256965 1.81511829 9.40087105 1.9611576 ]
 [0.454131   4.41948928 9.29574171 1.40800301]
 [0.57152466 2.80940531 8.87781336 1.32397866]
 [0.28601646 7.90294615 7.13085972 0.5102795 ]
 [2.38949899 4.70154493 9.92108219 4.81587025]
 [1.68278889 1.24337907 9.68721033 2.27261813]
 [0.8624932  2.79260441 9.91299983 1.84495721]
 [0.87415263 2.53891761 9.4142013  1.23218875]
 [0.28601646 7.90294615 7.13085972 0.539695  ]
 [0.86148828 5.27778446 9.65554783 4.34521932]
 [0.44109689 4.07595704 6.87294817 0.50549029]
 [1.06637499 1.02724477 8.51176512 1.48032962]
 [0.5991522  3.33434245 9.84633894 0.91937637]
 [0.55042487 6.5883576  9.88958722 3.80871224]
 [0.57152466 2.80220977 9.0193593  0.98924729]
 [0.39444228 4.87155441 9.8726444  4.81395852]
 [2.18335966 0.40460222 9.88972703 2.89253754]
 [0.55042487 6.5592354  9.87741192 3.80871224]
 [0.4554281  3.33434245 9.48881637 0.69230054]
 [0.62822678 4.53384367 9.11865293 1.60824233]
 [0.3716698  5.98657849 9.31679967 0.81229456]
 [0.31178675 4.53414591 9.09509548 1.55636897]
 [3.92742222 0.34015784 9.34563582 4.30724838]
 [1.67457985 1.31505038 9.63388057 3.62729746]]
