[[0.62822678 2.62534533 9.09030396 1.4029198 ]
 [0.73464419 1.68421431 9.42396537 2.76510197]
 [0.95567854 2.0202521  9.79666463 1.51423397]
 [0.22993343 9.48490509 8.41800785 0.28437801]
 [0.95567854 2.0202521  9.78343094 1.71880188]
 [0.95569394 2.16171117 9.79666463 1.62070378]
 [0.73464419 1.68421431 9.42396537 2.09960644]
 [0.22601419 7.80458894 8.28844316 0.29707808]
 [0.55284747 2.04366147 9.49552166 3.4995059 ]
 [0.62822678 3.49350656 9.68370142 1.37520007]
 [0.62822678 4.20884308 8.16274825 0.79122845]
 [1.22262826 0.90455816 9.98306833 3.86070816]
 [1.01831541 0.89946718 9.90813619 4.5201176 ]
 [0.20857126 7.82261091 8.37264363 0.28442655]
 [0.73464419 1.67835631 9.42396537 2.26623044]
 [0.73464419 2.2236183  9.50176476 1.79453876]
 [1.03803647 1.97966364 9.75952241 2.40806645]
 [0.22601419 7.80458894 8.28844316 0.27140077]
 [0.81147109 2.45789175 5.93758601 1.16527262]
 [1.55943995 2.44358385 9.89473806 4.96640998]
 [0.81220933 4.52621226 9.98453911 4.95123386]
 [0.62822678 2.5818821  9.09509548 1.55636897]
 [2.00009697 0.91933063 9.87850999 2.02714248]
 [0.7941706  1.68421431 9.42396537 1.16319885]
 [0.62822678 4.20884308 9.75449464 0.79122845]
 [0.95506375 2.15244244 9.99255597 2.18106729]
 [0.22656549 8.981347   8.28309475 0.30783858]
 [1.56434656 0.57246049 9.56127072 3.8045847 ]
 [0.89100721 2.60439171 9.90968984 4.92956731]
 [1.43686379 0.99992591 9.93740647 3.46559465]
 [0.65128861 2.02601365 9.49552166 3.52273127]
 [0.73464419 1.68421431 9.7216015  2.76510197]
 [1.22262826 0.90455816 9.95910826 4.73958852]
 [0.73464419 2.36236948 9.68652641 2.44010195]]
