[[0.79947911 2.97243018 6.17732379 1.70517533]
 [0.43379929 4.27441307 8.65190854 0.52291692]
 [1.60381015 0.57127644 9.51194838 3.10159362]
 [0.89806116 1.86709885 9.91559806 4.25804108]
 [0.4475668  4.87391267 9.09509548 1.29878298]
 [3.62983    1.18744891 9.92099645 4.73897837]
 [0.93613775 1.7332805  9.91559806 2.16337076]
 [1.60381015 0.57127644 9.13131352 3.74143992]
 [1.04094278 1.41875043 9.61464212 4.09117089]
 [1.05031027 1.77522043 6.53402142 1.7961555 ]
 [0.51854557 2.1015626  9.64448014 3.74195519]
 [0.51003342 8.33797933 9.85374502 4.96978033]
 [0.7365884  6.02791629 8.12292991 1.04547586]
 [2.24605805 1.1589739  9.82763891 4.70172689]
 [0.93613775 1.7332805  9.87157753 2.16337076]
 [1.0472106  1.2786343  9.68884087 4.29510159]
 [0.50309133 4.2530976  9.07881288 0.52291692]
 [0.82184322 2.6246938  9.56958026 1.82461485]
 [0.92170678 2.00271123 9.88188165 4.57591025]
 [0.89603273 1.62035888 9.64801574 4.86018583]
 [1.05031027 1.77522043 9.53274878 2.6528736 ]
 [0.43379929 4.27441307 8.6534893  0.52291692]
 [0.4475668  4.87391267 9.90418965 1.49633902]
 [1.04094278 1.41875043 9.59099465 4.09117089]
 [1.60381015 0.57127644 9.51194838 4.96001095]
 [0.43379929 5.41136726 9.9337492  4.70062175]
 [1.1805147  1.42668688 9.90729479 4.21392606]]
