[[2.08511002 2.16097348]
 [0.93130106 1.03668218]
 [1.98383737 1.6164502 ]
 [2.09597257 2.0556585 ]
 [2.08652401 1.67606949]
 [0.70193469 0.59430447]
 [1.05814058 0.79663998]
 [1.63322451 1.58117431]
 [3.45448459 2.99196855]
 [0.09940067 0.07863296]
 [2.76410989 2.52609268]
 [2.92879636 2.90878724]
 [0.29958845 0.36403037]
 [0.22275939 0.32248239]
 [1.1992388  1.48130914]
 [2.62335155 2.77442391]
 [3.08389179 2.84704896]
 [0.88098128 0.99619072]
 [2.9100709  2.63649595]
 [2.63857323 2.40648325]
 [2.59505814 2.31265173]
 [2.07924359 1.8500552 ]
 [3.91374707 2.97141535]
 [0.09166321 0.20017499]
 [1.9742524  2.24081549]
 [0.72779116 0.47319021]
 [4.52904748 2.96986554]
 [0.73396187 0.79289245]
 [2.58633799 2.74921756]
 [0.43741105 0.68192921]
 [2.85357926 2.99026028]
 [2.46035901 2.19027363]
 [1.69354013 1.57168841]
 [2.42214223 2.57795342]
 [1.37059888 1.68158997]
 [0.13313942 0.33276111]
 [0.79916825 0.60780638]
 [1.85077089 1.59209232]
 [2.63951989 2.22023263]
 [3.58464501 2.96197852]
 [2.00932962 2.09192406]
 [0.60383592 0.66085196]
 [0.69177345 0.87043339]
 [1.72849411 2.02491481]
 [1.10741028 1.40173747]
 [1.57382844 1.88056681]
 [2.86636136 2.82828773]
 [2.45772575 2.57010749]
 [2.09289013 2.0503947 ]
 [1.47644397 1.63236415]
 [2.43960746 2.56606924]
 [2.92674229 2.69461514]
 [2.57087522 2.62599818]
 [0.80755385 1.02732192]
 [2.14018735 1.79780927]
 [2.8968027  2.77411254]
 [1.14602514 1.30165013]
 [3.154796   2.94277103]
 [2.51754755 2.8977992 ]
 [2.49966186 2.33129469]
 [1.90540746 1.97803481]
 [0.354592   0.45781196]
 [1.60513157 1.67373598]
 [3.49811591 2.75477577]
 [0.19864353 0.21100032]
 [2.69824555 2.6857811 ]
 [2.23317523 2.63110317]
 [1.26790875 0.82142911]
 [1.64180695 1.64269281]
 [1.93002006 1.71462628]
 [1.55851459 2.00638982]
 [0.967082   1.0069914 ]
 [2.16177797 2.5431014 ]
 [3.01091827 2.89070126]
 [1.72839607 1.78687529]
 [2.24368629 2.1129402 ]
 [1.17538818 1.38480624]
 [0.98916392 1.28799217]
 [0.61386065 0.56270968]
 [2.35248838 2.48140801]
 [2.29978366 2.29161815]
 [0.63356692 0.73279999]
 [2.73227295 2.44932719]
 [3.02153422 2.87640755]
 [1.96942004 2.06686514]
 [3.50266536 2.79167946]
 [1.95305249 2.08881025]
 [3.06556168 2.8072088 ]
 [2.98444262 2.93877052]
 [2.2050331  2.21883589]
 [1.38600052 1.6044967 ]
 [2.74526722 2.40298367]
 [4.48021746 2.91816106]
 [0.35271022 0.22039996]
 [3.02606448 2.97121859]
 [0.4449911  0.55471677]
 [0.18931294 0.17275052]
 [0.82659245 0.59158904]
 [2.58099231 2.58967945]
 [2.32566972 2.42024043]
 [1.28330495 1.17429109]
 [0.28987907 0.41644955]
 [0.72892716 0.73464192]
 [2.78634115 2.72132717]
 [2.60156818 2.48540444]
 [2.52889693 2.47457569]
 [2.03144214 2.23124759]
 [1.55506534 1.64546727]
 [2.39868784 2.84003004]
 [1.64573001 1.58400419]
 [1.15731468 1.28046405]
 [1.95132352 2.27947619]
 [0.45204858 0.38692795]
 [0.52631263 0.51818239]
 [4.39533201 2.92055658]
 [3.02711004 2.92871479]
 [3.09559817 2.95633474]
 [2.66824538 2.21816336]
 [2.75997514 2.89174767]
 [1.98231345 1.8840697 ]
 [0.34892989 0.12563271]
 [0.99099615 0.66178225]
 [2.68001287 2.70234934]
 [2.82866073 2.7264241 ]
 [1.86249383 1.8571189 ]
 [2.33775027 2.00082763]
 [2.06835082 2.05292887]
 [2.12862206 1.80602352]
 [1.09576903 1.28640208]
 [3.09696083 2.94209711]
 [1.02461073 0.78426214]
 [2.85504381 2.8921084 ]
 [0.87666296 1.02344047]
 [1.48064962 1.59876768]
 [0.3354473  0.59594479]
 [3.70982118 2.94864236]
 [0.36257764 0.51810326]
 [2.47747491 2.47337883]
 [2.09974127 1.80836029]
 [2.40722949 2.41078388]
 [1.40096318 1.35408558]
 [1.3981059  1.27053016]
 [2.21751921 2.09352497]
 [1.89054293 2.08798953]
 [0.51409184 0.5875027 ]
 [0.94569187 1.18075024]
 [1.37237056 1.58014758]
 [2.48782192 2.46353089]
 [2.2022028  2.26252508]
 [0.7337369  0.85194968]
 [1.5109075  1.10019594]
 [1.00798317 0.98257217]
 [2.28852644 2.26386668]
 [2.63452673 2.26160721]
 [2.41962493 2.20411686]
 [2.33775027 2.00648712]
 [1.89054293 2.0780093 ]
 [1.87170513 2.13492733]
 [3.52002902 2.97291831]
 [0.34922808 0.2688921 ]
 [3.83410265 2.94060094]
 [1.4399344  1.41414407]
 [1.38600052 1.64242262]
 [2.05882399 2.33628316]
 [2.31298353 2.42007444]
 [2.18114667 2.1129402 ]
 [2.66387979 2.38999745]
 [2.33651591 2.64803589]
 [2.8089313  2.84546006]
 [1.73798002 1.94540142]
 [0.45811548 0.41586971]
 [2.70700352 2.62616622]
 [1.59072542 1.73247204]
 [0.66461203 0.51884538]
 [2.77124456 2.74434548]
 [2.86602054 2.67479048]
 [0.70050363 0.8503873 ]
 [0.0432934  0.02234458]
 [1.10741028 0.90939555]
 [2.10184784 1.86119009]
 [2.29143363 1.87652868]
 [2.31222149 2.3705784 ]
 [0.22248664 0.19753761]
 [0.68193202 0.47319021]
 [1.55359726 1.87599346]
 [4.03849205 2.93484273]
 [2.88377967 2.69950185]
 [2.23395486 1.82748817]
 [0.09940067 0.03062081]
 [1.3981059  1.27142019]
 [1.75655383 2.08666358]
 [0.9594309  0.94874898]
 [0.9324157  1.13257228]
 [0.61812974 0.62744914]
 [2.85447609 2.8449772 ]
 [1.94477512 1.97609434]
 [2.22452869 2.63732742]
 [2.47747491 2.82443227]
 [3.43744238 2.99196855]
 [0.91869706 1.06491389]
 [1.96942004 1.86551509]
 [2.62420851 2.8300611 ]
 [0.96772911 0.74769217]
 [2.12428302 2.53752798]
 [2.31079048 2.617897  ]
 [0.8019759  1.12861808]
 [1.34286874 0.88687442]
 [2.32566972 2.65545185]
 [0.80895974 0.78426214]
 [1.25288652 1.08315003]
 [1.68280609 1.66355549]
 [4.04179167 2.91816106]
 [3.16753989 2.99544247]
 [2.61726625 2.81317514]
 [3.17234915 2.91545427]
 [2.7912534  2.97962128]
 [2.03144214 2.05415467]
 [1.37039354 0.82648374]
 [3.60993722 2.74571487]
 [2.85504381 2.93000768]
 [1.50316144 1.50235687]
 [1.94712459 1.7025134 ]
 [3.5104504  2.7714103 ]
 [1.17572748 1.36148985]
 [1.09576903 1.25705144]
 [2.69923766 2.42262701]
 [1.33421041 1.06805007]
 [2.13687573 2.06079485]
 [2.69465777 2.77871135]
 [2.31364962 2.1809751 ]
 [0.07278258 0.17275052]
 [2.42905067 2.64480213]
 [2.1054485  1.91643423]
 [1.81232659 1.56804003]
 [0.70193469 0.63746955]
 [1.98383737 1.833943  ]
 [3.71098897 2.94808261]
 [1.24731103 1.02694715]
 [1.47406006 1.2261969 ]
 [1.26719521 1.05326966]
 [4.53907926 2.95322916]
 [0.38771781 0.53385452]
 [3.03547081 2.85577673]
 [3.01993027 2.8697637 ]
 [1.47644397 1.68943642]
 [2.51808984 2.49553844]
 [2.41123388 2.40969562]
 [0.72138282 0.73464192]
 [1.42788141 1.47164769]
 [0.80257157 0.71556906]
 [1.55420044 2.00638982]
 [0.17592292 0.2875765 ]
 [1.81592368 1.58902512]
 [2.10588056 2.27936204]
 [1.88852962 2.06330794]
 [4.06431525 2.99645697]
 [0.77418107 0.74174517]
 [2.37061903 2.27338073]
 [3.18846448 2.95971834]
 [1.37536948 1.55402004]
 [0.22155828 0.10447494]
 [1.26164292 0.89370294]]
