[[1.52610864e-02 2.65060857e+04]
 [2.92718806e-02 1.46826065e+04]
 [5.26720269e-03 8.74161222e+04]
 [2.90441144e-02 1.47096592e+04]
 [4.67082842e-02 8.78478745e+03]
 [1.01371610e-02 4.11494631e+04]
 [3.93385824e-02 1.04673362e+04]
 [3.37472012e-02 1.21653702e+04]
 [2.02096074e-02 2.07414664e+04]
 [4.32894212e-02 9.65550286e+03]
 [4.44734922e-02 9.13040541e+03]
 [3.46579023e-02 1.17257971e+04]
 [3.92309738e-02 1.04726897e+04]
 [1.66768470e-02 2.40952200e+04]
 [1.04421520e-02 4.00595176e+04]
 [1.53804100e-02 2.61998713e+04]
 [1.45083811e-02 2.87331733e+04]
 [1.74840983e-02 2.32163341e+04]
 [2.59596457e-02 1.61291635e+04]
 [1.51872166e-02 2.65757553e+04]
 [1.00395425e-02 4.25980460e+04]
 [3.38024070e-02 1.20345057e+04]
 [1.16760898e-02 3.55187948e+04]
 [1.04422022e-02 4.00590933e+04]
 [1.77636403e-02 2.28405926e+04]
 [3.33158285e-02 1.22258503e+04]
 [1.36595015e-02 3.16013410e+04]
 [6.95918666e-03 6.08686116e+04]
 [2.70389023e-02 1.57877274e+04]
 [4.17190275e-02 1.00585164e+04]
 [6.83264023e-03 6.11981878e+04]
 [9.35794232e-03 4.50994693e+04]
 [1.51640050e-02 2.80953311e+04]
 [1.27564184e-02 3.32437322e+04]
 [1.30682353e-02 3.30311527e+04]
 [1.67506663e-02 2.40517345e+04]
 [5.00889848e-02 8.48299307e+03]
 [1.23540715e-02 3.42739918e+04]
 [3.39369450e-02 1.18660535e+04]
 [4.06177432e-02 1.03090555e+04]
 [5.99765938e-02 8.45725253e+03]
 [3.78147847e-02 1.09796995e+04]
 [4.55848949e-03 9.39133113e+04]
 [2.10890263e-02 2.05032926e+04]
 [2.59360898e-02 1.61338112e+04]
 [1.53686791e-02 2.62648181e+04]
 [2.44686561e-02 1.72510022e+04]
 [4.71413064e-02 8.76532870e+03]
 [4.09906948e-02 1.00890961e+04]
 [4.99762190e-02 8.52822279e+03]
 [1.92974386e-02 2.18803461e+04]
 [3.31484196e-02 1.26657342e+04]
 [1.05777512e-02 3.90565045e+04]
 [1.52012828e-02 2.65623041e+04]
 [1.07252317e-02 3.85937338e+04]
 [7.34828003e-03 5.65068587e+04]
 [6.45094457e-03 6.51005722e+04]
 [2.15025762e-02 1.92677151e+04]
 [4.29272066e-02 9.80170579e+03]
 [2.48400335e-02 1.67983166e+04]
 [1.65278342e-02 2.53420901e+04]
 [8.74589090e-03 5.31866258e+04]
 [2.90375598e-02 1.47104544e+04]
 [1.18155738e-02 3.43245499e+04]
 [1.32640609e-02 3.26258025e+04]
 [3.39526598e-02 1.18552214e+04]
 [4.67916394e-02 8.77413144e+03]
 [1.23840911e-02 3.42459719e+04]
 [1.93181474e-02 2.11355557e+04]
 [1.12925151e-02 3.59485072e+04]
 [4.62846017e-03 9.20132666e+04]
 [1.27486155e-02 3.32658878e+04]
 [3.58925669e-02 1.15858599e+04]
 [5.18140105e-03 8.77366028e+04]
 [2.89059765e-02 1.47853892e+04]
 [4.08261131e-02 1.01715961e+04]
 [2.82848050e-02 1.48002386e+04]
 [3.09322430e-02 1.32212797e+04]
 [5.56574946e-03 8.39293037e+04]
 [9.96237062e-03 4.28892990e+04]
 [3.14561860e-02 1.28907277e+04]
 [5.22787639e-02 8.48183749e+03]
 [1.08986221e-02 3.83913544e+04]
 [3.94206098e-02 1.04529406e+04]
 [3.32134531e-02 1.26219251e+04]
 [2.68997683e-02 1.58695311e+04]
 [1.43136220e-02 3.08044326e+04]
 [6.62891517e-03 6.50201892e+04]
 [7.53196281e-03 5.38577428e+04]
 [2.33096813e-02 1.80417689e+04]
 [6.16867149e-02 8.45392886e+03]
 [2.80923484e-02 1.51727155e+04]
 [7.24484218e-03 5.86307731e+04]
 [2.22104897e-02 1.82205514e+04]
 [2.93586550e-02 1.41632978e+04]
 [5.00242619e-02 8.51767992e+03]
 [3.76321609e-02 1.10611744e+04]
 [1.36459294e-02 3.17470532e+04]
 [4.32904736e-02 9.63580565e+03]
 [4.85155324e-03 8.80445838e+04]
 [4.37033996e-02 9.32241423e+03]
 [4.97620225e-02 8.52909321e+03]
 [9.19492714e-03 5.31178863e+04]
 [9.34503250e-03 4.52864561e+04]
 [3.69785767e-02 1.15593852e+04]
 [1.56949546e-02 2.58244907e+04]
 [5.32191111e-03 8.42126354e+04]
 [2.46003416e-02 1.69223240e+04]
 [5.46375101e-02 8.47732298e+03]
 [4.53843475e-02 8.90788059e+03]
 [4.34808637e-02 9.42104727e+03]
 [1.05385198e-02 3.93434697e+04]
 [6.37610125e-03 6.53295450e+04]
 [1.46619253e-02 2.86392303e+04]
 [3.46422415e-02 1.17441768e+04]
 [6.71413352e-03 6.44409360e+04]
 [1.44528880e-02 2.89759161e+04]
 [3.09014640e-02 1.32471072e+04]
 [4.63756075e-02 8.88700735e+03]
 [9.32501336e-03 5.06937524e+04]
 [1.00817381e-02 4.16304236e+04]
 [9.56060506e-03 4.30650826e+04]
 [8.64918236e-03 5.35713976e+04]
 [3.85477860e-02 1.06532184e+04]
 [5.88000066e-03 7.04814056e+04]
 [2.10115812e-02 2.05207377e+04]
 [2.15928352e-02 1.90575873e+04]
 [1.92261864e-02 2.20271599e+04]
 [6.83136351e-03 6.13692382e+04]
 [5.56587580e-03 8.39275312e+04]
 [2.03276256e-02 2.07169316e+04]]
