[[1.45988514e+01 1.87473437e-03]
 [4.86621314e+00 6.48194950e-03]
 [3.23474214e+01 6.42435431e-04]
 [3.89650248e+01 6.05456647e-04]
 [2.23930593e+01 9.50885037e-04]
 [8.42493582e+00 2.79476072e-03]
 [1.38583616e+01 1.92456864e-03]
 [1.62072948e+01 1.34727829e-03]
 [1.26053579e+01 1.94096797e-03]
 [2.49856601e+01 8.35621306e-04]
 [3.97806031e+01 5.19199433e-04]
 [5.74981083e+00 5.30376027e-03]
 [1.87696941e+01 1.32749347e-03]
 [4.65022619e+01 5.14140298e-04]
 [2.63539255e+01 8.11119427e-04]
 [6.73597059e+01 4.94838967e-04]
 [2.75924718e+01 6.53005598e-04]
 [5.30770668e+01 5.01871105e-04]
 [3.76790742e+01 6.32296763e-04]
 [3.01656703e+01 6.44038175e-04]
 [5.01318200e+01 5.11303586e-04]
 [1.24602280e+01 2.15228439e-03]]
