[[0.43379929 4.27441307 8.65190854 0.52291692]
 [1.02679196 8.45817405 9.82763891 4.57948067]
 [1.4989948  1.86709885 9.70171865 3.74195519]
 [0.90872519 7.19075923 9.70912511 4.65655809]
 [0.55867567 3.33434245 9.48881637 0.91937637]
 [1.04256965 1.81511829 9.40087105 1.9611576 ]
 [0.57152466 2.80940531 8.87781336 1.32397866]
 [0.55667186 3.32825886 9.48881637 3.00418834]
 [1.32908946 1.33561384 9.86810671 2.30635778]
 [0.43379929 4.27441307 9.14798409 0.52291692]
 [1.02679196 8.49283231 9.91724613 4.58968435]
 [1.42984992 0.77429689 9.37709581 4.05098223]
 [1.0666369  5.1214965  9.66733278 4.71610909]
 [1.45037412 1.15518038 9.78133093 2.64615471]
 [2.0906998  7.55611527 9.77395111 4.9218332 ]
 [0.6000477  8.61530473 9.66709124 4.75183662]
 [0.63923321 2.41397017 9.64582082 2.60705459]
 [0.90418905 2.59889987 9.75069924 2.90394555]
 [1.18794854 0.80894177 9.78886077 1.3381013 ]
 [0.91078395 1.9695979  9.40087105 4.90264652]]
