[[0.43379929 4.27441307 8.65190854 0.52291692]
 [1.02679196 8.45817405 9.82763891 4.57948067]
 [1.52433924 1.41875043 9.37709581 4.04857475]
 [1.4989948  1.86709885 9.70171865 3.74195519]
 [0.90872519 7.19075923 9.70912511 4.65655809]
 [1.18582585 2.56987231 9.60000241 1.2892189 ]
 [1.04256965 1.81511829 9.40087105 1.9611576 ]
 [0.454131   4.41948928 9.29574171 1.40800301]
 [0.52797523 5.26156423 9.81340468 2.07869755]
 [0.39593035 4.4276475  9.05537059 2.68806764]
 [1.66594529 1.31666471 9.63388057 2.58191717]
 [0.6133376  1.78313402 9.97556714 4.2537767 ]
 [2.26190102 0.8626395  9.83208594 3.04233271]
 [1.11648156 1.62526341 8.77813189 2.4967625 ]
 [2.12382572 0.94536238 9.81596361 2.79277688]
 [0.48964396 3.27366635 9.9051905  0.91101874]
 [0.33066299 4.34912589 9.08161593 1.51650316]
 [0.31871147 5.44541213 8.52400517 0.57886171]
 [0.45115759 4.69463797 9.31299753 1.40800301]
 [1.81650837 1.53151744 9.49141759 3.53412467]
 [0.56175543 3.79140974 4.88677364 0.73336188]
 [0.454131   2.64114413 9.29574171 1.32902977]
 [1.25823323 1.90660622 9.63603167 2.83201945]
 [1.87387384 8.54816103 9.74982306 4.89823678]
 [1.02679196 8.45817405 9.9108567  4.57948067]
 [2.91771077 0.60694233 9.4518211  3.57703565]
 [0.43379929 4.27441307 8.65190854 0.61147426]
 [1.36438273 0.93245491 8.67610576 2.01973455]]
