[[1.45988514e+01 1.87473437e-03]
 [3.23474214e+01 6.42435431e-04]
 [1.62713356e+01 1.46668769e-03]
 [1.15815857e+01 2.23240379e-03]
 [2.27660510e+01 7.86946823e-04]
 [3.63621814e+01 5.83264057e-04]
 [8.45591095e+00 3.93853812e-03]
 [2.02121794e+01 1.06855138e-03]
 [2.06565072e+01 1.05047217e-03]
 [2.20554572e+01 8.57337665e-04]
 [2.72987851e+01 7.75805497e-04]
 [3.60806929e+01 5.87023768e-04]
 [1.10773748e+01 2.65253641e-03]
 [3.88147628e+01 5.68325708e-04]
 [2.06775232e+01 9.92462146e-04]
 [3.63122402e+01 5.84239803e-04]
 [1.51107004e+01 1.80167263e-03]
 [4.46830890e+00 6.32963589e-03]
 [1.07879311e+01 2.96301644e-03]
 [1.84289639e+01 1.32424748e-03]
 [1.60909350e+01 1.54116925e-03]
 [6.24322906e+01 4.66848786e-04]
 [2.83934341e+01 6.48479062e-04]
 [4.04146107e+01 4.99036025e-04]
 [3.31536541e+01 6.27517161e-04]]
