[[4.86621314e+00 6.48194950e-03]
 [1.62713356e+01 1.46668769e-03]
 [2.23930593e+01 9.50885037e-04]
 [1.59309855e+01 1.50230976e-03]
 [2.72596012e+01 9.41106884e-04]
 [1.69357744e+01 1.38977094e-03]
 [1.84934555e+01 1.05085186e-03]
 [2.84261115e+01 9.09898432e-04]
 [3.70708231e+01 5.60429967e-04]
 [1.35509607e+01 1.87473437e-03]
 [3.03903528e+01 6.11587556e-04]
 [3.51260142e+01 5.61901797e-04]
 [3.74438134e+01 5.44388537e-04]
 [3.35549443e+01 5.80587018e-04]
 [1.77045035e+01 1.28474511e-03]
 [1.73047927e+01 1.37272758e-03]
 [3.82618276e+01 5.00698339e-04]
 [1.18843274e+01 5.40571302e-03]
 [9.93298350e+00 5.46139961e-03]
 [1.24340407e+01 4.07658502e-03]
 [3.43266495e+01 5.75060903e-04]
 [4.39928661e+01 4.83184492e-04]]
