[[3.60699608e+01 1.65566552e+01]
 [7.76812641e+00 3.22621992e+01]
 [2.61940879e+01 2.05456462e+01]
 [3.44753316e+01 1.71025222e+01]
 [2.86511655e+01 1.95368564e+01]
 [3.38364045e+00 3.78835185e+01]
 [7.01718697e+00 3.32064912e+01]
 [2.06701379e+01 2.30235463e+01]
 [8.35413583e+01 6.42080819e+00]
 [6.42545421e-02 4.82357273e+01]
 [5.60857909e+01 1.11194220e+01]
 [6.81555654e+01 8.66305532e+00]
 [8.89085385e-01 4.35860832e+01]
 [6.14466549e-01 4.47011988e+01]
 [1.45298019e+01 2.68269711e+01]
 [5.83176055e+01 1.06016468e+01]
 [7.04643053e+01 8.30666886e+00]
 [7.07409588e+00 3.29968040e+01]
 [1.04976551e+01 2.98948891e+01]
 [5.10129214e+01 1.23026655e+01]
 [4.83307391e+01 1.30055861e+01]
 [3.09838326e+01 1.84529702e+01]
 [9.65869014e+01 5.29510110e+00]
 [7.47103428e+00 3.27839613e+01]
 [1.93888691e-01 4.71300901e+01]
 [1.17329489e+02 4.34324222e+00]
 [4.66951383e+00 3.58988353e+01]
 [2.62542348e+00 3.94629533e+01]
 [6.83382844e+01 8.64617576e+00]
 [2.13531304e+01 2.26859973e+01]
 [5.00504672e+01 1.25116603e+01]
 [1.88251444e+01 2.41843976e+01]
 [5.13824242e-01 4.54694508e+01]
 [4.03239394e+00 3.69383522e+01]
 [3.69837635e+01 1.63225093e+01]
 [8.64919865e+01 6.15676129e+00]
 [3.36542071e+01 1.74010150e+01]
 [3.20537255e+00 3.81544643e+01]
 [4.94481916e+00 3.56141364e+01]
 [2.83518875e+01 1.95538827e+01]
 [1.27649019e+01 2.80997480e+01]
 [2.40538698e+01 2.14695150e+01]
 [6.48609556e+01 9.26874806e+00]
 [5.05834735e+01 1.23675360e+01]
 [3.43372301e+01 1.71514592e+01]
 [1.93779981e+01 2.37564183e+01]
 [5.01455835e+01 1.24796289e+01]
 [6.33070848e+01 9.61319687e+00]
 [5.40210633e+01 1.15365319e+01]
 [6.83013424e+00 3.33587758e+01]
 [3.12500802e+01 1.84325539e+01]
 [6.43486652e+01 9.37801384e+00]
 [1.20306667e+01 2.85309140e+01]
 [7.44505565e+01 7.63696884e+00]
 [3.01727971e+01 1.87087766e+01]
 [1.34130912e+00 4.22112876e+01]
 [4.93661976e-01 4.58807307e+01]
 [2.15113580e+01 2.25891640e+01]
 [3.35921562e-01 4.59875418e+01]
 [5.79757966e+01 1.06536827e+01]
 [2.15758789e+01 2.25489721e+01]
 [2.66596827e+01 2.02184574e+01]
 [8.12972023e-01 4.41664531e+01]
 [7.79711709e+00 3.22085453e+01]
 [4.45625951e+01 1.40918550e+01]
 [2.47211051e+01 2.10275627e+01]
 [3.79945778e+01 1.59323796e+01]
 [1.31969028e+01 2.76972815e+01]
 [1.05494764e+01 2.98658082e+01]
 [2.77386830e+00 3.89277638e+01]
 [4.67663491e+01 1.33526234e+01]
 [4.21620745e+01 1.46265005e+01]
 [3.75361146e+00 3.72747338e+01]
 [5.38580768e+01 1.16485177e+01]
 [6.96135576e+01 8.42397176e+00]
 [3.26021873e+01 1.77876950e+01]
 [3.27101692e+01 1.77589149e+01]
 [6.91123586e+01 8.55038487e+00]
 [7.01730799e+01 8.31113849e+00]
 [3.91416147e+01 1.55467138e+01]
 [1.79816284e+01 2.45904349e+01]
 [5.32432904e+01 1.18283137e+01]
 [1.14352050e+02 4.60422727e+00]
 [6.91922583e-01 4.44418788e+01]
 [7.19408245e+01 8.01237546e+00]
 [2.02291111e+00 4.05086490e+01]
 [2.62728519e-01 4.64450476e+01]
 [4.13293070e+00 3.68514178e+01]
 [5.34718436e+01 1.16612434e+01]
 [4.50652135e+01 1.38072019e+01]
 [1.21033246e+01 2.84498708e+01]
 [1.02984042e+00 4.31941739e+01]
 [4.28413418e+00 3.64353428e+01]
 [6.06772742e+01 1.00926354e+01]
 [5.17815690e+01 1.20756660e+01]
 [5.00753781e+01 1.24841183e+01]
 [3.64208919e+01 1.64783257e+01]
 [2.05031630e+01 2.31204647e+01]
 [5.52778958e+01 1.14322952e+01]
 [2.08699861e+01 2.29201545e+01]
 [1.19158618e+01 2.86011782e+01]
 [1.41624463e+00 4.19642958e+01]
 [2.18207191e+00 4.01005677e+01]
 [7.09630621e+01 8.18251721e+00]
 [7.32905725e+01 7.80331402e+00]
 [6.39186693e+01 9.46243930e+00]
 [2.99171409e+01 1.88154538e+01]
 [5.68011641e+00 3.48922452e+01]
 [5.79406439e+01 1.06615388e+01]
 [8.69985118e+00 3.15208134e+01]
 [6.17388396e+01 9.88386160e+00]
 [2.76710956e+01 1.97216465e+01]
 [3.78735500e+01 1.60826086e+01]
 [3.39703682e+01 1.72797952e+01]
 [3.11710112e+01 1.84462971e+01]
 [1.14221603e+01 2.90338290e+01]
 [7.29884071e+01 7.85652240e+00]
 [6.65957702e+00 3.35761655e+01]
 [6.60622646e+01 9.04404406e+00]
 [7.26387335e+00 3.28149341e+01]
 [1.89935255e+01 2.39542084e+01]
 [1.87070036e+00 4.11537541e+01]
 [2.03279564e+01 2.34982790e+01]
 [8.98290597e+01 5.87262957e+00]
 [2.74869006e+01 2.01191825e+01]
 [1.59957415e+00 4.15930845e+01]
 [4.90219390e+01 1.27469474e+01]
 [4.65904102e+00 3.60155754e+01]
 [3.07163213e+01 1.85980647e+01]
 [4.64265309e+01 1.34264990e+01]
 [1.51849824e+01 2.62457580e+01]
 [1.42757879e+01 2.68825864e+01]
 [3.72009529e+01 1.61897965e+01]
 [3.17354115e+01 1.81485282e+01]
 [2.43779936e+00 3.95935045e+01]
 [9.15401703e+00 3.10240831e+01]
 [1.75210694e+01 2.48550859e+01]
 [4.90329696e+01 1.27447142e+01]
 [3.98748676e+01 1.53214381e+01]
 [5.05675235e+00 3.54073223e+01]
 [1.39730904e+01 2.73822381e+01]
 [7.92591256e+00 3.20759247e+01]
 [4.14497823e+01 1.48385144e+01]
 [1.69298285e+01 2.51770984e+01]
 [2.79712804e+01 1.96417636e+01]
 [5.75792510e+01 1.07423058e+01]
 [9.05147208e+00 3.10878785e+01]
 [7.81015401e+01 7.50721621e+00]
 [6.86842505e+00 3.32339969e+01]
 [4.61139651e+01 1.36149424e+01]
 [1.63030094e+01 2.55336468e+01]
 [1.28464337e+01 2.78687432e+01]
 [3.97672525e+00 3.70862842e+01]
 [4.78486607e+01 1.30789748e+01]
 [6.02354757e+01 1.03378875e+01]
 [2.37184900e+01 2.15006854e+01]
 [3.99554597e+00 3.70488245e+01]
 [6.00819875e-02 4.82947230e+01]
 [2.88822055e+00 3.87144616e+01]
 [5.37710108e-01 4.50197357e+01]
 [1.05546994e+01 2.96721623e+01]
 [3.04608941e+01 1.86549541e+01]
 [4.12578997e+01 1.50188493e+01]
 [2.48211394e+01 2.09974032e+01]
 [1.03094148e+01 3.00018891e+01]
 [6.13992663e+00 3.42359010e+01]
 [1.11413737e+01 2.92004353e+01]
 [4.41139604e+00 3.62529467e+01]
 [5.74711369e+01 1.07661874e+01]
 [2.88585406e+01 1.94869517e+01]
 [4.19220930e+01 1.46992807e+01]
 [4.68152236e+01 1.33246294e+01]
 [2.93587068e+01 1.90492930e+01]
 [4.99888860e+01 1.26383248e+01]
 [7.86303567e+00 3.21581175e+01]
 [1.10890519e+01 2.92269109e+01]
 [7.83857994e+01 7.16144750e+00]
 [4.30176811e+01 1.43780904e+01]
 [6.62247038e+00 3.36262562e+01]
 [1.91848169e+01 2.39120931e+01]
 [5.84325066e+01 1.05574619e+01]
 [1.85269160e+01 2.45219396e+01]
 [2.11406261e+01 2.27859788e+01]
 [2.42081335e+01 2.13092585e+01]
 [1.57272005e+01 2.59693077e+01]
 [1.89297944e+01 2.39702115e+01]
 [1.68384067e-01 4.71701876e+01]
 [5.08526835e+01 1.23357768e+01]
 [2.54143044e+01 2.07223455e+01]
 [8.55194767e+00 3.15378308e+01]
 [3.49636858e+01 1.69629423e+01]
 [4.72805393e+01 1.32092968e+01]
 [1.21095007e-01 4.79470650e+01]
 [1.07757226e+02 4.60546025e+00]
 [3.22053455e+01 1.79952050e+01]
 [2.34511928e+01 2.17558235e+01]
 [6.21977912e+01 9.82322101e+00]
 [1.22691021e+01 2.83297958e+01]
 [3.56595953e+01 1.67459393e+01]
 [3.13793006e+01 1.82652335e+01]
 [4.09054686e+01 1.51238891e+01]
 [1.18450690e+01 2.86275552e+01]
 [4.38143962e+01 1.41485000e+01]
 [6.28347222e+01 9.66181741e+00]
 [6.15198161e+01 9.94203801e+00]
 [7.60591923e+01 7.57406667e+00]
 [5.83332636e+01 1.05861998e+01]
 [2.88042995e+00 3.87262577e+01]
 [1.06596279e+01 2.96312659e+01]
 [8.25901672e-01 4.38580274e+01]
 [3.96677007e-02 4.86178076e+01]
 [1.29831170e+01 2.77718806e+01]
 [4.66813593e+01 1.33665891e+01]
 [5.99670334e+00 3.44510762e+01]
 [2.37583669e-02 4.91805110e+01]
 [3.18127010e+01 1.80988077e+01]
 [3.66802809e+01 1.64262289e+01]
 [7.28508164e+01 7.87725697e+00]
 [3.83543153e+01 1.58132600e+01]
 [3.24721997e+00 3.81346945e+01]
 [3.92155580e-03 4.95582034e+01]
 [5.19106170e+01 1.20335920e+01]
 [1.31897389e+02 4.01142074e+00]
 [2.57483034e-02 4.88992522e+01]
 [4.29775865e+01 1.44683019e+01]
 [2.07526969e+01 2.29970870e+01]
 [5.64015277e+01 1.10134135e+01]
 [1.19930359e+02 4.21102742e+00]
 [2.57503618e+01 2.05806713e+01]
 [7.49370843e+00 3.25945051e+01]
 [9.94731956e+01 5.16789290e+00]
 [1.02651401e+01 3.00351956e+01]
 [3.48727492e+01 1.70431975e+01]
 [4.56406412e+01 1.37656637e+01]
 [9.80502350e+00 3.09733848e+01]
 [1.22499277e+01 2.83352082e+01]
 [4.89964234e+01 1.27543262e+01]
 [3.37969371e+00 3.78918990e+01]
 [5.41036000e+01 1.15340472e+01]
 [3.91304998e+01 1.55700922e+01]
 [7.70796463e+01 7.53945389e+00]
 [4.33133238e+01 1.43257625e+01]
 [2.68078295e+01 2.01594396e+01]
 [1.81929578e-03 4.97846663e+01]
 [2.30730044e-01 4.67591241e+01]
 [7.97775302e-01 4.42520522e+01]
 [5.39344138e+01 1.15693504e+01]
 [2.99490787e+01 1.88117157e+01]
 [6.70854705e+01 8.85975260e+00]
 [4.84927494e+01 1.29232109e+01]
 [6.69915931e+01 8.94497772e+00]
 [7.92103483e+01 7.00460136e+00]
 [2.21673849e+01 2.23633415e+01]
 [3.57842568e+01 1.66470407e+01]
 [5.89162801e+01 1.04593244e+01]
 [5.68795035e+01 1.08911518e+01]
 [1.05242791e+02 4.97451342e+00]
 [4.35279490e+01 1.42352014e+01]
 [8.13200318e+00 3.18704970e+01]
 [1.46069537e+01 2.67601297e+01]
 [9.90692081e+00 3.02206210e+01]
 [8.25510781e+01 6.57668828e+00]
 [5.13142495e+01 1.22744600e+01]
 [3.10732584e+00 3.83123192e+01]
 [1.71211577e+01 2.51068782e+01]
 [6.25251624e+01 9.71835119e+00]
 [6.70547311e+01 8.88679394e+00]
 [5.36594582e+01 1.16606754e+01]
 [2.17548013e+01 2.25246623e+01]
 [3.02567337e+01 1.86691969e+01]
 [7.80426508e+01 7.51362641e+00]
 [2.04919286e+01 2.31871923e+01]
 [3.83845589e+01 1.57995832e+01]
 [2.25927366e+01 2.20910294e+01]
 [2.03849801e+01 2.31906784e+01]
 [5.54626851e+01 1.12585103e+01]
 [4.46612624e+01 1.40422384e+01]
 [6.96567765e+01 8.39867408e+00]
 [4.57011708e+01 1.37603407e+01]
 [1.81149845e+01 2.45554277e+01]
 [1.18147909e+02 4.31655765e+00]
 [8.19812023e+01 6.98302805e+00]
 [1.62379799e+01 2.55669402e+01]
 [1.98988251e+01 2.37425902e+01]
 [1.45319697e+00 4.18422523e+01]
 [2.28079805e+01 2.19441942e+01]
 [6.46045369e+01 9.31649020e+00]
 [1.25764072e+01 2.82069423e+01]
 [4.59363406e+01 1.37401359e+01]
 [3.67084589e+01 1.63830317e+01]
 [9.12221236e+01 5.66534688e+00]
 [1.61682878e+01 2.56947664e+01]
 [2.97866199e+00 3.85423876e+01]]
