[[3.60699608e+01 1.65566552e+01]
 [7.76812641e+00 3.22621992e+01]
 [3.44753316e+01 1.71025222e+01]
 [3.38364045e+00 3.78835185e+01]
 [7.01718697e+00 3.32064912e+01]
 [2.06701379e+01 2.30235463e+01]
 [8.35413583e+01 6.42080819e+00]
 [6.42545421e-02 4.82357273e+01]
 [5.60857909e+01 1.11194220e+01]
 [6.81555654e+01 8.66305532e+00]
 [8.89085385e-01 4.35860832e+01]
 [6.14466549e-01 4.47011988e+01]
 [1.45298019e+01 2.68269711e+01]
 [5.83176055e+01 1.06016468e+01]
 [7.04643053e+01 8.30666886e+00]
 [7.07409588e+00 3.29968040e+01]
 [6.16784942e+01 9.95395502e+00]
 [7.64913006e+01 7.61132999e+00]
 [1.04976551e+01 2.98948891e+01]
 [3.09838326e+01 1.84529702e+01]
 [9.65869014e+01 5.29510110e+00]
 [8.61160919e+00 3.19010647e+01]
 [1.93888691e-01 4.71300901e+01]
 [3.56757064e+01 1.67682477e+01]
 [4.66951383e+00 3.58988353e+01]
 [5.69893656e+01 1.08917859e+01]
 [2.62542348e+00 3.94629533e+01]
 [6.83382844e+01 8.64617576e+00]
 [4.34026601e+01 1.43443386e+01]
 [2.13531304e+01 2.26859973e+01]
 [5.00504672e+01 1.25116603e+01]
 [5.13824242e-01 4.54694508e+01]
 [4.03239394e+00 3.69383522e+01]
 [3.69837635e+01 1.63225093e+01]
 [8.64919865e+01 6.15676129e+00]
 [3.36542071e+01 1.74010150e+01]
 [3.20537255e+00 3.81544643e+01]
 [4.94481916e+00 3.56141364e+01]
 [2.83518875e+01 1.95538827e+01]
 [1.27649019e+01 2.80997480e+01]
 [6.48609556e+01 9.26874806e+00]
 [5.05834735e+01 1.23675360e+01]
 [3.43372301e+01 1.71514592e+01]
 [1.93779981e+01 2.37564183e+01]
 [5.01455835e+01 1.24796289e+01]
 [6.33070848e+01 9.61319687e+00]
 [5.40210633e+01 1.15365319e+01]
 [6.83013424e+00 3.33587758e+01]
 [6.43486652e+01 9.37801384e+00]
 [1.20306667e+01 2.85309140e+01]
 [2.25733983e+01 2.24263055e+01]
 [7.44505565e+01 7.63696884e+00]
 [4.67329773e+01 1.33736789e+01]
 [3.88029074e+01 1.58309290e+01]
 [3.01727971e+01 1.87087766e+01]
 [1.34130912e+00 4.22112876e+01]
 [4.93661976e-01 4.58807307e+01]
 [2.15113580e+01 2.25891640e+01]
 [3.35921562e-01 4.59875418e+01]
 [5.79757966e+01 1.06536827e+01]
 [2.15758789e+01 2.25489721e+01]
 [2.66596827e+01 2.02184574e+01]
 [8.12972023e-01 4.41664531e+01]
 [7.79711709e+00 3.22085453e+01]
 [4.45625951e+01 1.40918550e+01]
 [6.96871304e+01 8.40558730e+00]
 [2.47211051e+01 2.10275627e+01]
 [3.79945778e+01 1.59323796e+01]
 [8.62804999e+00 3.15900942e+01]
 [1.31969028e+01 2.76972815e+01]
 [2.77386830e+00 3.89277638e+01]
 [4.67663491e+01 1.33526234e+01]
 [4.21620745e+01 1.46265005e+01]
 [3.75361146e+00 3.72747338e+01]
 [6.96135576e+01 8.42397176e+00]
 [3.26021873e+01 1.77876950e+01]
 [3.27101692e+01 1.77589149e+01]
 [6.91123586e+01 8.55038487e+00]
 [7.01730799e+01 8.31113849e+00]
 [3.91416147e+01 1.55467138e+01]
 [1.79816284e+01 2.45904349e+01]
 [5.32432904e+01 1.18283137e+01]
 [1.14352050e+02 4.60422727e+00]
 [6.91922583e-01 4.44418788e+01]
 [7.19408245e+01 8.01237546e+00]
 [2.02291111e+00 4.05086490e+01]
 [2.62728519e-01 4.64450476e+01]
 [4.13293070e+00 3.68514178e+01]
 [5.34718436e+01 1.16612434e+01]
 [4.50652135e+01 1.38072019e+01]
 [1.21033246e+01 2.84498708e+01]
 [4.28413418e+00 3.64353428e+01]
 [6.06772742e+01 1.00926354e+01]
 [5.00753781e+01 1.24841183e+01]
 [3.64208919e+01 1.64783257e+01]
 [2.05031630e+01 2.31204647e+01]
 [5.52778958e+01 1.14322952e+01]
 [2.08699861e+01 2.29201545e+01]
 [1.19158618e+01 2.86011782e+01]
 [1.41624463e+00 4.19642958e+01]
 [2.18207191e+00 4.01005677e+01]
 [7.09630621e+01 8.18251721e+00]
 [7.32905725e+01 7.80331402e+00]
 [6.39186693e+01 9.46243930e+00]
 [2.99171409e+01 1.88154538e+01]
 [5.68011641e+00 3.48922452e+01]
 [5.79406439e+01 1.06615388e+01]
 [8.69985118e+00 3.15208134e+01]
 [6.17388396e+01 9.88386160e+00]
 [2.76710956e+01 1.97216465e+01]
 [3.78735500e+01 1.60826086e+01]
 [3.39703682e+01 1.72797952e+01]
 [1.14221603e+01 2.90338290e+01]
 [7.29884071e+01 7.85652240e+00]
 [6.60622646e+01 9.04404406e+00]
 [7.26387335e+00 3.28149341e+01]
 [1.89935255e+01 2.39542084e+01]
 [1.87070036e+00 4.11537541e+01]
 [2.03279564e+01 2.34982790e+01]
 [8.98290597e+01 5.87262957e+00]
 [2.74869006e+01 2.01191825e+01]
 [1.59957415e+00 4.15930845e+01]
 [4.90219390e+01 1.27469474e+01]
 [2.93961870e+01 1.92370874e+01]
 [4.65904102e+00 3.60155754e+01]
 [3.07163213e+01 1.85980647e+01]
 [4.64265309e+01 1.34264990e+01]
 [1.51849824e+01 2.62457580e+01]
 [1.42757879e+01 2.68825864e+01]
 [3.72009529e+01 1.61897965e+01]
 [3.17354115e+01 1.81485282e+01]
 [2.43779936e+00 3.95935045e+01]
 [9.15401703e+00 3.10240831e+01]
 [1.75210694e+01 2.48550859e+01]
 [4.90329696e+01 1.27447142e+01]
 [3.98748676e+01 1.53214381e+01]
 [5.05675235e+00 3.54073223e+01]
 [7.92591256e+00 3.20759247e+01]
 [4.14497823e+01 1.48385144e+01]
 [1.06043465e+02 5.15403465e+00]
 [1.69298285e+01 2.51770984e+01]
 [2.79712804e+01 1.96417636e+01]
 [5.75792510e+01 1.07423058e+01]
 [9.05147208e+00 3.10878785e+01]
 [4.61139651e+01 1.36149424e+01]
 [1.63030094e+01 2.55336468e+01]
 [1.28464337e+01 2.78687432e+01]
 [3.97672525e+00 3.70862842e+01]
 [4.78486607e+01 1.30789748e+01]
 [6.02354757e+01 1.03378875e+01]
 [2.37184900e+01 2.15006854e+01]
 [3.99554597e+00 3.70488245e+01]
 [6.00819875e-02 4.82947230e+01]
 [2.88822055e+00 3.87144616e+01]
 [5.37710108e-01 4.50197357e+01]
 [4.86124948e+01 1.29409779e+01]
 [1.05546994e+01 2.96721623e+01]
 [3.04608941e+01 1.86549541e+01]
 [2.48211394e+01 2.09974032e+01]
 [1.03094148e+01 3.00018891e+01]
 [8.28583428e+00 3.19330592e+01]
 [6.13992663e+00 3.42359010e+01]
 [1.11413737e+01 2.92004353e+01]
 [4.41139604e+00 3.62529467e+01]
 [5.74711369e+01 1.07661874e+01]
 [4.19220930e+01 1.46992807e+01]
 [4.68152236e+01 1.33246294e+01]
 [2.18915653e+01 2.24621758e+01]
 [3.15088335e+01 1.81856401e+01]
 [1.04989802e+01 2.98406001e+01]
 [8.43296107e+01 6.41808789e+00]
 [2.09228537e+00 4.03991319e+01]
 [1.01886215e+01 3.01121802e+01]
 [2.28034222e+00 3.98954234e+01]
 [4.95447481e+01 1.26144906e+01]
 [2.88233422e+01 1.92431730e+01]
 [2.66741846e+01 2.01538858e+01]
 [3.25122558e+01 1.78223750e+01]
 [3.59304901e+01 1.66321730e+01]
 [1.10733929e+01 2.92495934e+01]
 [3.83700195e+01 1.58718393e+01]
 [1.30624865e+01 2.77470699e+01]
 [6.39003509e+01 9.47103432e+00]
 [5.30422365e+01 1.20206427e+01]
 [6.78089743e+01 8.75169848e+00]
 [1.91584684e+01 2.38699394e+01]
 [6.13581132e-02 4.82741874e+01]
 [5.17745878e+01 1.20686886e+01]
 [4.97361058e-01 4.56268468e+01]
 [1.81116624e+01 2.45219569e+01]
 [5.34632582e+00 3.50043847e+01]
 [2.05212333e+01 2.31096457e+01]
 [9.92070522e+00 3.05591277e+01]
 [3.67214233e+01 1.63880393e+01]
 [2.13823487e+01 2.26655295e+01]
 [2.28959652e+01 2.19272343e+01]
 [5.32471205e+01 1.17699573e+01]
 [1.34849251e+01 2.75615964e+01]
 [7.01687406e+01 8.31327626e+00]
 [4.70057468e+01 1.32728252e+01]
 [7.00877472e+01 8.32800279e+00]
 [2.33827280e+00 3.98228060e+01]
 [4.11233316e+01 1.49465358e+01]
 [2.27401133e+01 2.20134236e+01]
 [1.74851460e+00 4.13974149e+01]
 [2.56718872e-01 4.65885875e+01]
 [3.19448832e+01 1.80580689e+01]
 [8.08752194e+01 6.79207814e+00]
 [1.15964482e+01 2.89893563e+01]
 [4.82051381e+01 1.29683486e+01]
 [8.83330722e+00 3.12883822e+01]
 [5.87350721e+01 1.05181699e+01]
 [6.33271652e+01 9.57952077e+00]
 [2.36695894e+01 2.16045210e+01]
 [4.34566851e+01 1.43345099e+01]
 [3.64545699e-01 4.58809167e+01]
 [1.97690721e+01 2.35211151e+01]
 [6.50503517e+01 9.23229050e+00]
 [4.07191786e+01 1.50993688e+01]
 [3.01628155e+01 1.87125578e+01]
 [1.09821381e+02 4.64400160e+00]
 [8.18956505e+01 6.60672564e+00]
 [5.09213637e+01 1.22892578e+01]
 [2.09515745e+01 2.29062307e+01]
 [6.53851480e+01 9.17773835e+00]
 [2.56484621e+01 2.06015758e+01]
 [3.99387212e+01 1.53011871e+01]
 [3.75332725e+01 1.61423737e+01]
 [9.01373906e+01 5.81178937e+00]
 [5.81222745e+01 1.06318812e+01]
 [2.26870527e+01 2.20192705e+01]
 [1.88185586e+01 2.41235329e+01]
 [8.81014894e-01 4.39324000e+01]
 [2.43456169e+01 2.11971845e+01]
 [2.58955542e+01 2.05017676e+01]
 [3.20469888e+01 1.79915583e+01]
 [2.12300786e+01 2.28604666e+01]
 [1.41188802e+01 2.69751178e+01]
 [1.03276596e+02 5.20373539e+00]
 [4.60818946e+01 1.36416487e+01]
 [9.95175476e+00 3.01832917e+01]
 [1.27258982e+02 4.11276930e+00]
 [2.61191771e+00 3.94944487e+01]
 [1.93293387e+01 2.37573235e+01]
 [3.02934531e+01 1.86996450e+01]
 [2.51076420e+01 2.08733980e+01]
 [2.36581878e-01 4.69426468e+01]
 [6.40372831e+01 9.45953368e+00]
 [3.36211280e+01 1.74511517e+01]
 [1.57065826e+01 2.59036502e+01]
 [9.81924883e+00 3.07278485e+01]
 [3.11050646e+01 1.84074007e+01]
 [7.86883847e+01 7.06593722e+00]
 [4.61902614e+00 3.61260719e+01]
 [6.10971206e+01 1.00046712e+01]
 [9.92635967e-01 4.34469639e+01]
 [6.57302439e+00 3.35256586e+01]
 [5.32025698e+01 1.19748330e+01]
 [6.84129311e+00 3.32179245e+01]
 [5.14881734e+01 1.21356005e+01]
 [4.25633278e+01 1.45441681e+01]
 [1.24589172e+00 4.24204742e+01]
 [5.96152537e+00 3.44080176e+01]
 [1.71930982e+01 2.50301227e+01]
 [1.32040654e+01 2.76335482e+01]
 [2.90970749e+00 3.86751222e+01]
 [1.18985673e+01 2.86883730e+01]
 [1.66836670e+01 2.53265522e+01]
 [1.64428526e+00 4.14054849e+01]
 [5.85610759e+01 1.05467587e+01]
 [1.48594429e+01 2.64598175e+01]
 [1.38306925e+01 2.71809034e+01]
 [1.23981155e+01 2.82017749e+01]
 [1.10669069e+01 2.92657076e+01]
 [3.12691491e+01 1.82855304e+01]
 [1.15815085e+02 4.32608209e+00]
 [5.09930661e+01 1.22784703e+01]
 [1.14504094e+02 4.47386013e+00]
 [9.13399392e+01 5.71396737e+00]
 [5.99580497e+01 1.03632016e+01]
 [6.30227004e+01 9.63171057e+00]
 [2.85522901e+01 1.94305986e+01]
 [8.73039212e+01 6.02098813e+00]
 [4.42474727e+01 1.41222972e+01]
 [7.77767714e+01 7.23662232e+00]
 [7.67606781e+01 7.33729274e+00]
 [3.32116539e+01 1.75540220e+01]
 [2.40227993e+01 2.13885876e+01]
 [4.56813464e+01 1.37382686e+01]
 [4.33678710e+01 1.44382448e+01]
 [1.07273091e+02 4.84549902e+00]
 [1.00628193e+00 4.31587629e+01]
 [2.49664435e+01 2.09358718e+01]
 [1.68917077e-01 4.73762961e+01]
 [1.23025989e+02 4.17651176e+00]
 [4.73524053e+01 1.31987419e+01]
 [1.29479613e+01 2.78137934e+01]
 [9.34605727e+00 3.07912267e+01]
 [7.35197971e+00 3.26895462e+01]
 [6.55257839e+00 3.35835667e+01]
 [3.50344583e+01 1.69957060e+01]
 [5.38388901e+01 1.16469770e+01]
 [5.71598250e+00 3.45818807e+01]
 [7.77843158e+01 7.13230177e+00]
 [6.66460270e+01 8.96225898e+00]]
