[[1.08851394 1.5660209  9.98336364 3.01114126]
 [1.60608675 0.5958694  9.36421565 2.80760254]
 [1.08851394 0.8739919  9.57813973 2.8533363 ]
 [1.19125485 1.67228442 9.98404872 4.59252971]
 [1.09473815 1.30599587 9.96628696 2.91389359]
 [0.99731348 1.39177333 9.93392828 2.98557257]
 [0.65431982 1.67228442 9.9792164  4.59252971]
 [1.60665344 0.5958694  9.74065466 2.82399583]
 [1.61863089 0.5958694  9.66802869 2.20675826]
 [0.62361943 1.8596992  9.92325568 2.64908428]
 [0.47430848 2.79626274 9.79620614 1.99240795]
 [0.62966384 1.73249944 9.90657745 1.14604524]
 [1.53563797 0.58266017 9.80504327 2.32003459]
 [0.99101966 0.95296808 9.76609117 1.0640778 ]
 [0.93673705 1.30716553 9.79509706 1.58056968]
 [0.55626585 2.97867642 9.77538821 0.60701577]
 [1.87453042 0.46371277 9.93208971 4.60418019]
 [0.68371844 2.32105538 6.29521811 0.77194843]
 [0.65735387 1.67362323 9.98105462 4.59252971]
 [0.94399753 1.31770167 9.86673581 1.40582392]
 [0.93673705 1.30716553 9.99522922 1.58056968]
 [1.19125485 1.24102245 9.98404872 4.08807357]
 [0.88686084 1.23497268 9.98197725 1.08510742]
 [0.56302299 2.22073518 9.89831885 0.96416739]
 [1.85786362 0.46371277 9.93022148 4.60418019]
 [0.74695173 1.29528712 9.98354963 4.9924394 ]
 [1.33635978 1.21494605 9.99799142 2.97208708]
 [1.62327276 0.68431697 9.73829197 1.88702364]
 [1.13434557 2.16461117 9.97910893 3.05929541]
 [1.6521998  0.58257237 9.98688967 2.80760254]
 [1.08851394 1.5660209  9.99654806 3.01114126]
 [4.0205296  1.2965621  9.99938409 4.9924394 ]
 [0.9173447  1.21071435 9.89499712 0.94923123]
 [0.94020069 1.3422902  9.97734506 3.82793164]
 [0.54000822 2.42778799 9.82256954 0.86170684]
 [0.43840987 2.99874177 9.69750633 1.7662222 ]
 [1.18996332 1.02365043 9.98404872 4.07187123]
 [1.19678499 1.81008517 9.77476904 3.33883041]
 [0.48298499 2.57486922 9.79620614 0.77060026]
 [1.6521998  0.95868612 9.99635744 2.80760254]
 [1.15749667 1.67228442 9.98365805 4.59252971]
 [1.2456826  0.87059632 9.95405078 3.76435457]
 [0.92568561 1.60645598 9.74830508 1.80832513]
 [0.64645903 1.86239667 9.87039805 1.16579635]
 [0.65090724 1.79719532 9.66804537 2.2145495 ]
 [0.74695173 1.29313848 9.98354963 1.21208593]
 [1.09473815 1.30599587 9.97477315 1.85921069]
 [1.7076193  0.59565609 9.78873144 2.80760254]
 [0.77824846 2.56968268 9.98749842 2.29076777]
 [0.40200125 2.8643449  9.99857256 1.40371948]
 [3.85859167 1.82734132 9.99965862 4.9924394 ]
 [0.6746349  2.47132051 6.29521811 0.82727109]
 [1.46313938 2.66596976 9.99906425 4.99248609]
 [0.32448607 5.52904888 9.55552562 0.54411249]]
