[[2.08511002 2.16097348]
 [0.93130106 1.03668218]
 [2.09597257 2.0556585 ]
 [0.70193469 0.59430447]
 [1.05814058 0.79663998]
 [1.63322451 1.58117431]
 [3.45448459 2.99196855]
 [0.09940067 0.07863296]
 [2.76410989 2.52609268]
 [0.62086658 0.83755104]
 [2.92879636 2.90878724]
 [0.29958845 0.36403037]
 [0.22275939 0.32248239]
 [1.1992388  1.48130914]
 [2.62335155 2.77442391]
 [3.08389179 2.84704896]
 [0.88098128 0.99619072]
 [2.9100709  2.63649595]
 [2.16838174 2.42208159]
 [1.42788141 1.76050002]
 [0.99284944 1.28010303]
 [2.63857323 2.40648325]
 [2.07924359 1.8500552 ]
 [3.91374707 2.97141535]
 [1.10716367 0.80121606]
 [0.09166321 0.20017499]
 [1.9742524  2.24081549]
 [4.52904748 2.96986554]
 [0.73396187 0.79289245]
 [2.58633799 2.74921756]
 [0.43741105 0.68192921]
 [2.85357926 2.99026028]
 [2.46035901 2.19027363]
 [1.69354013 1.57168841]
 [2.52259585 2.02154702]
 [2.42214223 2.57795342]
 [1.37059888 1.68158997]
 [1.07056068 0.59684377]
 [0.13313942 0.33276111]
 [0.40264764 0.69510693]
 [0.79916825 0.60780638]
 [1.85077089 1.59209232]
 [2.63951989 2.22023263]
 [2.01610236 2.27624079]
 [3.58464501 2.96197852]
 [2.00932962 2.09192406]
 [0.60383592 0.66085196]
 [0.69177345 0.87043339]
 [1.10741028 1.40173747]
 [2.86636136 2.82828773]
 [2.45772575 2.57010749]
 [2.09289013 2.0503947 ]
 [1.47644397 1.63236415]
 [2.43960746 2.56606924]
 [2.92674229 2.69461514]
 [2.57087522 2.62599818]
 [2.14018735 1.79780927]
 [2.8968027  2.77411254]
 [0.26497271 0.59848664]
 [1.14602514 1.30165013]
 [1.91233729 1.40936712]
 [3.154796   2.94277103]
 [2.51754755 2.8977992 ]
 [2.49966186 2.33129469]
 [1.90540746 1.97803481]
 [0.354592   0.45781196]
 [0.08287941 0.34138907]
 [1.60513157 1.67373598]
 [3.49811591 2.75477577]
 [0.19864353 0.21100032]
 [2.69824555 2.6857811 ]
 [2.23317523 2.63110317]
 [1.64180695 1.64269281]
 [1.93002006 1.71462628]
 [0.19929963 0.40437935]
 [0.967082   1.0069914 ]
 [1.24145364 0.88523573]
 [3.01091827 2.89070126]
 [1.72839607 1.78687529]
 [2.14944919 2.1794959 ]
 [2.3529394  2.22450858]
 [2.77333655 2.96570495]
 [4.02636953 2.94277103]
 [1.98364745 1.89910778]
 [0.95369416 1.02885165]
 [2.53525331 2.01372755]
 [0.52408664 0.46786264]
 [1.95299287 1.80047035]
 [2.33953608 2.60566889]
 [0.52825523 0.67580557]
 [3.18427186 2.95192766]
 [2.50491252 2.09927508]
 [1.54366281 1.8748243 ]
 [1.15503561 1.05728889]
 [1.72849411 1.98513491]
 [2.85918416 2.92979486]
 [2.7132274  2.42721431]
 [1.91597467 1.86235069]
 [0.2072265  0.13205496]
 [1.43052026 1.91972698]
 [3.75594875 2.95842646]
 [1.90020117 1.96997173]
 [2.8262659  2.92563786]
 [2.69873583 2.58548572]
 [1.60159663 1.16813994]
 [0.85895844 1.3015102 ]
 [3.16342406 2.87595561]
 [2.22519428 2.52407231]
 [4.27377071 2.97141535]
 [2.03009306 1.88492711]
 [2.45126761 2.19282299]
 [3.37045422 2.97181852]
 [1.49601085 1.12980226]
 [0.98361617 1.23379343]
 [2.10571577 2.09192406]
 [1.61967959 1.94493827]
 [0.09940067 0.21477868]
 [1.3150189  1.75868821]
 [3.8486727  2.97141535]
 [1.64858167 1.64269281]
 [3.45448459 2.95697515]
 [0.69638174 0.4736352 ]
 [0.9065843  0.93750414]
 [1.29763221 1.51219631]
 [0.7712707  0.60780638]
 [2.54206606 2.42189884]
 [4.00818857 2.97933454]
 [2.74845791 2.84886938]
 [0.04369092 0.07863296]
 [2.48080604 2.33129469]
 [2.00641453 2.13081094]
 [4.86721207 2.92386147]
 [2.45276645 2.73046014]
 [1.392238   1.55805547]
 [4.0078725  2.98608418]
 [1.71956939 1.87743872]
 [1.41974293 1.33235132]
 [2.60042278 2.29480815]
 [0.13322637 0.15787158]
 [1.97968352 2.19887687]
 [0.08104222 0.00958032]
 [0.24078543 0.29189225]
 [2.08175597 2.30538167]
 [2.00978009 1.96997173]
 [1.69112004 1.84339219]
 [1.10064899 0.98721734]
 [3.01501077 2.84704896]
 [0.56904946 0.69980884]
 [0.55406888 0.87043339]
 [2.81073866 2.56512516]
 [0.29958845 0.46010456]
 [0.5191234  0.56549445]
 [1.85903031 1.96629095]
 [2.75394817 2.74921756]
 [2.08072286 1.95677428]
 [2.2407062  2.10785332]
 [2.86396665 2.99026028]
 [2.59951976 2.82633032]
 [3.77898331 2.92748057]
 [1.19783955 1.65326152]
 [0.43633517 0.41747218]
 [2.97447068 2.78709805]
 [0.94621297 1.20060708]
 [2.29900875 2.79457029]
 [0.83259486 0.48356237]
 [1.54879199 1.91972698]
 [0.42522106 0.1831296 ]
 [4.19951479 2.95905513]
 [1.43882065 1.48130914]
 [3.57696213 2.98695352]
 [1.35860304 1.12647851]
 [1.42788141 1.73853401]
 [2.91083482 2.56512516]
 [2.77333655 2.87973132]
 [2.09528158 2.39088676]
 [2.46586902 2.56528595]
 [0.72779116 1.07240378]
 [0.95369416 1.03626478]
 [1.20918562 1.39895369]
 [2.09475749 2.24957493]
 [1.17545911 1.15071204]
 [0.97483112 1.2589233 ]
 [2.171496   2.33516195]
 [1.04091002 0.59458247]
 [1.53944776 1.92086499]
 [1.73124359 1.43161491]
 [0.36243836 0.59848664]
 [4.00818857 2.95130733]
 [0.78085867 0.9656461 ]
 [3.4381562  2.96606723]
 [0.60383592 0.47134537]
 [3.90577179 2.96684506]
 [2.77333655 2.9673475 ]
 [0.93968185 1.08200927]
 [4.26220279 2.98891895]
 [1.88786374 1.45331064]
 [1.91245741 1.86235069]
 [1.58934512 1.79999235]
 [0.33808752 0.36886431]
 [3.27434703 2.90325426]
 [1.36151979 1.35026024]
 [3.10991562 2.96039154]
 [0.90177734 1.23246488]
 [1.55851459 1.86466794]
 [2.00946671 2.28860813]
 [2.49966186 2.41465169]
 [2.45126761 2.55548983]
 [0.71650249 0.5752926 ]
 [1.44587387 1.57814561]
 [1.11762988 1.29870453]
 [1.58334533 1.35388697]
 [3.16342406 2.83754922]
 [3.06480707 2.81236596]
 [3.92357093 2.97141535]
 [2.49134851 1.96241204]
 [3.60392874 2.92284622]
 [0.7839076  1.10648396]
 [3.38366594 2.99576911]
 [2.93902906 2.92986011]
 [1.95295771 2.1059523 ]
 [3.08569414 2.82269078]
 [1.11299746 1.40064007]
 [1.44524347 1.51161608]
 [2.01435211 2.27624079]
 [2.74588435 2.53161406]
 [1.63386111 1.81592546]
 [4.86721207 2.98702127]
 [2.47401308 2.23600329]
 [1.11209339 1.28010303]
 [2.77333655 2.88729505]
 [1.21191758 1.07708301]
 [2.33661696 2.89452014]
 [2.71563188 2.59645881]]
