[[0.40164217 4.60185387 9.71923935 1.07836874]
 [0.4551704  4.22713752 9.97021206 1.88117073]
 [1.05443083 1.02508456 9.44774096 3.3831541 ]
 [0.39763392 3.62514243 9.12277283 1.11855581]
 [0.4551704  4.22713752 9.97021206 1.88039863]
 [0.27755609 4.60185387 9.47613884 1.11855581]
 [0.39736274 3.83273532 9.86003507 1.24238068]
 [0.39763392 4.34829886 9.76025754 0.98990818]
 [1.49617282 1.44209124 9.90297742 2.76315705]
 [3.82866201 2.89171756 9.99567313 4.9798267 ]
 [0.63116084 1.59025963 9.94347655 2.43603513]
 [0.94543145 1.05784192 9.93499119 4.40650987]
 [0.62712824 1.881013   9.95201034 1.43327675]
 [0.92362413 2.62498219 9.95607451 1.92451246]
 [0.94272519 1.81179295 9.98370706 2.49810656]
 [0.40275062 3.4445941  9.9214102  2.99933425]
 [0.63116084 1.87950975 9.92144819 2.49814234]
 [0.67929587 1.54017034 9.88712353 3.65182041]
 [0.94543145 1.09245848 9.93499119 1.57414437]
 [1.06721958 1.00616743 9.44774096 3.4205531 ]
 [0.63116084 1.59025963 9.99217161 2.43603513]
 [0.46392273 3.92962338 9.99827466 4.96157276]
 [0.85970694 1.50705144 9.70712183 1.91672239]
 [0.84041347 2.82857197 9.86637679 0.87428506]
 [0.31352574 4.44899722 9.85426765 1.11855581]
 [0.61370757 2.70657387 9.88499931 3.77789416]
 [0.41439138 3.92657179 8.32278457 1.11855581]
 [0.50240458 3.01337552 9.96267166 1.88039863]
 [0.62712824 2.42844479 9.9716     1.43327675]
 [0.39798261 3.96532024 9.98415016 1.11855581]
 [0.95317168 2.10576104 9.86626535 1.83662752]
 [0.40164217 4.6712853  9.71923935 1.0145103 ]
 [0.39736274 3.83273532 9.9969237  1.24238068]
 [0.79222086 2.8464891  9.81090636 1.01489661]
 [1.28182595 1.52824212 9.9981075  4.93492934]
 [0.67462605 1.58278277 9.88712353 3.63681662]
 [1.21111493 1.9847467  9.99618032 4.96157276]
 [0.69632729 1.54017034 9.8913017  3.65547708]
 [0.61969189 2.82728975 9.98638625 2.53201983]
 [0.62712824 1.89763512 9.86892404 1.43327675]
 [0.63116084 1.59025963 9.87483872 2.43603513]
 [0.51382862 2.68176899 9.99389866 4.96157276]
 [0.94833842 1.05784192 9.97285218 4.46938662]
 [0.67398689 2.39904032 9.56437695 1.822493  ]
 [0.92435625 2.60868688 9.93656756 1.92471694]
 [0.654858   3.93132158 4.13544173 1.11559675]
 [0.36784821 5.76907403 9.83707296 0.87428506]
 [0.7669299  2.08544249 9.78772814 4.03565635]
 [0.40275062 3.4445941  9.88853511 2.99933425]
 [3.82866201 2.89171756 9.99567313 4.99821671]
 [0.99113763 1.09498934 9.99925211 4.60589472]
 [0.37751994 4.37968037 9.99871224 1.11855581]
 [0.41439138 3.92657179 8.32278457 0.71523029]]
