[[1.62713356e+01 1.46668769e-03]
 [2.23930593e+01 9.50885037e-04]
 [1.32907934e+01 2.50734242e-03]
 [1.44942081e+01 1.82955451e-03]
 [2.74213625e+01 7.94002392e-04]
 [1.96255748e+01 9.62474340e-04]
 [9.97774883e+00 2.59159481e-03]
 [4.08646567e+01 4.82314651e-04]
 [3.91045862e+01 5.06679682e-04]
 [1.32379017e+01 2.56272682e-03]
 [9.16237353e+00 4.35944568e-03]
 [9.69910440e+00 4.16040441e-03]
 [4.19514729e+00 1.95092606e-02]
 [2.43741259e+01 9.19291479e-04]
 [3.65945151e+01 6.31147076e-04]
 [1.34917608e+01 2.05497921e-03]
 [2.93567875e+01 7.73828855e-04]
 [1.84583857e+01 1.34891050e-03]
 [3.01733683e+01 6.33580942e-04]
 [2.50480319e+01 8.19327789e-04]
 [4.54126219e+00 6.45786499e-03]
 [5.91190770e+00 4.39852037e-03]
 [3.73708880e+01 5.32246170e-04]
 [3.67126469e+01 6.02669777e-04]
 [1.90920495e+01 1.01115337e-03]
 [1.54092340e+01 1.66933293e-03]
 [4.16222874e+01 4.55495324e-04]]
