[[2.08511002 2.16097348]
 [0.93130106 1.03668218]
 [2.09597257 2.0556585 ]
 [0.70193469 0.59430447]
 [1.05814058 0.79663998]
 [1.63322451 1.58117431]
 [3.45448459 2.99196855]
 [0.09940067 0.07863296]
 [2.76410989 2.52609268]
 [2.92879636 2.90878724]
 [0.29958845 0.36403037]
 [0.22275939 0.32248239]
 [2.62335155 2.77442391]
 [3.08389179 2.84704896]
 [0.88098128 0.99619072]
 [0.99284944 1.28010303]
 [2.59505814 2.31265173]
 [2.07924359 1.8500552 ]
 [3.91374707 2.97141535]
 [1.10716367 0.80121606]
 [0.09166321 0.20017499]
 [1.9742524  2.24081549]
 [4.52904748 2.96986554]
 [0.73396187 0.79289245]
 [2.58633799 2.74921756]
 [0.43741105 0.68192921]
 [2.85357926 2.99026028]
 [2.46035901 2.19027363]
 [1.69354013 1.57168841]
 [2.42214223 2.57795342]
 [0.79916825 0.60780638]
 [2.63951989 2.22023263]
 [2.01610236 2.27624079]
 [3.58464501 2.96197852]
 [0.60383592 0.66085196]
 [0.69177345 0.87043339]
 [1.10741028 1.40173747]
 [2.86636136 2.82828773]
 [2.45772575 2.57010749]
 [2.09289013 2.0503947 ]
 [1.47644397 1.63236415]
 [2.43960746 2.56606924]
 [2.92674229 2.69461514]
 [2.57087522 2.62599818]
 [2.14018735 1.79780927]
 [2.8968027  2.77411254]
 [1.14602514 1.30165013]
 [1.91233729 1.40936712]
 [3.154796   2.94277103]
 [2.51754755 2.8977992 ]
 [2.49966186 2.33129469]
 [1.90540746 1.97803481]
 [0.354592   0.45781196]
 [1.60513157 1.67373598]
 [0.19864353 0.21100032]
 [2.69824555 2.6857811 ]
 [2.23317523 2.63110317]
 [1.64180695 1.64269281]
 [1.93002006 1.71462628]
 [0.19929963 0.40437935]
 [0.967082   1.0069914 ]
 [2.16177797 2.5431014 ]
 [3.01091827 2.89070126]
 [1.72839607 1.78687529]
 [2.24368629 2.1129402 ]
 [0.88339447 1.17329737]
 [1.17538818 1.38480624]
 [0.61386065 0.56270968]
 [2.35248838 2.48140801]
 [2.29978366 2.29161815]
 [0.63356692 0.73279999]
 [2.73227295 2.44932719]
 [3.02153422 2.87640755]
 [1.96942004 2.06686514]
 [1.95305249 2.08881025]
 [3.06556168 2.8072088 ]
 [2.98444262 2.93877052]
 [2.2050331  2.21883589]
 [1.38600052 1.6044967 ]
 [0.35271022 0.22039996]
 [3.02606448 2.97121859]
 [0.4449911  0.55471677]
 [0.18931294 0.17275052]
 [2.58099231 2.58967945]
 [2.32566972 2.42024043]
 [1.28330495 1.17429109]
 [0.28987907 0.41644955]
 [0.72892716 0.73464192]
 [2.78634115 2.72132717]
 [2.60156818 2.48540444]
 [2.52889693 2.47457569]
 [2.03144214 2.23124759]
 [1.55506534 1.64546727]
 [1.64573001 1.58400419]
 [1.15731468 1.28046405]
 [0.45204858 0.38692795]
 [0.52631263 0.51818239]
 [3.02711004 2.92871479]
 [3.09559817 2.95633474]
 [2.75997514 2.89174767]
 [1.98231345 1.8840697 ]
 [2.68001287 2.70234934]
 [1.17760978 0.88780516]
 [2.82866073 2.7264241 ]
 [1.86249383 1.8571189 ]
 [2.06835082 2.05292887]
 [2.12862206 1.80602352]
 [1.09576903 1.28640208]
 [3.09696083 2.94209711]
 [1.02461073 0.78426214]
 [2.85504381 2.8921084 ]
 [0.87666296 1.02344047]
 [1.48064962 1.59876768]
 [0.3354473  0.59594479]
 [1.36200425 1.79636675]
 [3.70982118 2.94864236]
 [0.36257764 0.51810326]
 [2.47747491 2.47337883]
 [0.66453119 0.8503873 ]
 [2.09974127 1.80836029]
 [2.40722949 2.41078388]
 [1.40096318 1.35408558]
 [1.3981059  1.27053016]
 [2.21751921 2.09352497]
 [1.89054293 2.08798953]
 [0.51409184 0.5875027 ]
 [0.94569187 1.18075024]
 [1.37237056 1.58014758]
 [2.48782192 2.46353089]
 [2.2022028  2.26252508]
 [0.7337369  0.85194968]
 [1.5109075  1.10019594]
 [1.00798317 0.98257217]
 [2.28852644 2.26386668]
 [1.37731013 1.52822574]
 [1.77451255 1.9605931 ]
 [2.71308206 2.65216864]
 [0.95636026 1.1611387 ]
 [0.99116145 0.85714949]
 [2.2376419  2.55371299]
 [1.39179665 1.4624139 ]
 [1.25480769 1.27947884]
 [0.57913373 0.81165598]
 [2.94454352 2.52755463]
 [1.68360545 1.75928826]
 [0.811225   0.58378121]
 [0.07544654 0.09658321]
 [0.57646713 0.62429223]
 [0.21314841 0.29832077]
 [1.1745111  1.12214015]
 [2.06139464 1.8346323 ]
 [2.43212287 2.0974397 ]
 [1.82085149 1.69993667]
 [1.0081588  1.24938767]
 [1.15470854 0.85913139]
 [1.1339466  1.22454421]
 [0.7536983  0.73129193]
 [2.71270117 2.64745852]
 [2.31042096 2.26770329]
 [2.39569639 2.44222126]
 [0.89675008 1.24068114]
 [1.54018494 1.76088662]
 [1.97731858 1.99183824]
 [4.70424605 2.93879361]
 [1.25995231 1.01846218]
 [1.75130253 2.25218488]
 [3.52904901 2.93738247]
 [0.43339383 0.57900011]
 [0.99822785 1.24526966]
 [2.56506147 2.05199764]
 [0.92128534 0.7104256 ]
 [0.54683828 0.52062794]
 [2.49483737 2.48233227]
 [1.90103303 1.89523323]
 [1.79455571 1.85691033]
 [2.67199918 2.47065467]
 [0.41947676 0.32567612]
 [2.76875906 2.55592877]
 [2.16053546 2.07130206]
 [1.08012676 0.85183031]
 [0.95024752 0.88818987]
 [1.94619377 1.60021049]
 [2.17480723 2.01124765]
 [1.46246334 1.87599346]
 [2.33511234 2.24215569]
 [1.85118554 1.86609703]
 [1.60824073 1.48571871]
 [3.16414029 2.98835748]
 [0.80287837 0.87801752]
 [3.73182385 2.88609765]
 [1.4000529  1.4624139 ]
 [2.85504381 2.9086249 ]
 [0.72029399 0.70369795]
 [2.48989316 2.17936846]
 [3.88674105 2.92806434]
 [1.4179729  1.46487445]
 [3.97844381 2.97429024]
 [2.45148651 2.43465772]
 [1.1102457  1.50381787]
 [2.25321634 2.29461361]
 [2.98583165 2.84704896]
 [0.29143935 0.36403037]
 [1.69348144 1.49016278]
 [1.42788141 1.72040312]
 [2.55570739 2.36403948]
 [2.50138084 2.43691935]
 [2.76554243 2.78671004]
 [4.53879188 2.94744831]
 [2.8288028  2.74424929]
 [4.36315777 2.95754514]
 [4.17649468 2.99634908]
 [1.9899532  2.51889709]
 [2.53070808 2.95006071]
 [1.89941915 1.69993667]
 [2.57087522 2.63576514]
 [1.84997691 2.21371186]
 [3.77541094 2.97659941]
 [0.51475792 0.58126044]
 [1.87489865 1.75202028]
 [0.83868343 1.19977501]
 [2.06994385 1.85086187]
 [2.22505689 2.02579338]
 [0.18931294 0.2288085 ]
 [0.15817196 0.1279715 ]
 [1.97441155 2.19481941]
 [0.98084781 1.34318916]
 [2.680235   2.91383317]
 [1.07510844 0.90380861]
 [0.80755385 0.94654001]
 [1.61183338 1.765278  ]
 [1.6781526  1.74277006]
 [2.99959402 2.63119629]
 [0.7743839  0.7156383 ]
 [1.91051376 1.78741226]
 [1.5593185  1.50064203]
 [2.59505814 2.42123501]
 [0.9083419  0.83755104]
 [2.57358239 2.47065467]
 [0.37365723 0.49046511]
 [1.15889646 0.94297187]
 [2.47323424 2.33986051]
 [0.31007941 0.15747289]
 [0.63033913 0.66111896]
 [1.90103303 1.90996872]
 [0.2385614  0.20542949]
 [3.82600927 2.90101323]
 [2.02898363 2.07206427]
 [1.12478473 1.28640208]
 [1.34757535 1.59726916]
 [1.20595178 1.15435649]
 [2.50690652 2.42567024]
 [2.48574297 2.35784327]
 [2.61099601 2.48071207]
 [0.58404103 0.52682505]
 [0.63194726 0.5354845 ]
 [2.54073626 2.52661002]
 [2.57841051 2.6879099 ]
 [1.46648948 1.24277874]
 [1.27854336 1.40651685]
 [0.10625665 0.07863296]
 [2.53299095 2.95418492]
 [3.58426657 2.80034593]
 [2.58148515 2.10362428]
 [2.2022028  2.23341087]
 [0.94901142 1.27282418]
 [1.91713627 1.83322711]
 [1.26577081 1.13771923]
 [1.50950852 1.74207154]
 [2.9132533  2.74774737]
 [0.89700817 1.26246183]
 [3.62074207 2.74931104]
 [3.09559817 2.96581684]
 [0.2490688  0.30590178]
 [2.61039496 2.60895767]
 [1.464141   1.31629274]
 [4.36777945 2.99234978]
 [1.89054293 1.93522355]
 [0.35402815 0.45767176]
 [2.7487093  2.99029645]
 [2.47796074 2.97840144]
 [1.28547766 1.3708971 ]
 [2.17174846 2.17572705]
 [1.73094757 1.94486003]
 [1.13500583 1.23296894]
 [1.71000134 1.8571189 ]
 [2.5440597  2.8977992 ]
 [3.14464899 2.88969407]
 [0.02160733 0.0200743 ]
 [1.67220251 1.78619256]
 [4.85348232 2.99948149]
 [2.07281215 2.3198768 ]
 [1.43135407 1.37065   ]
 [0.89456668 0.67953296]
 [3.39360119 2.88304434]
 [1.61887952 1.50718502]
 [2.86244259 2.98439478]
 [0.79822596 0.52726703]
 [1.95749813 2.24916936]
 [2.20337568 2.01741795]
 [2.16845363 2.27947619]
 [0.85219938 1.32095762]
 [0.58519392 0.69510942]
 [2.92879636 2.72042877]
 [3.25068937 2.94187548]
 [0.08967337 0.07356746]
 [2.94454352 2.8122672 ]
 [0.36654563 0.40041159]
 [4.15424975 2.99112931]]
