[[1.86260211e-03 3.45560727e-03 1.79353495e+00]
 [4.30247271e-03 9.73802078e-03 2.35560178e+00]
 [1.98569888e-03 4.26701009e-03 1.68669248e+00]
 [3.66543097e-03 8.62346253e-03 2.38535544e+00]
 [3.81016124e-03 7.49858311e-03 2.02228296e+00]
 [2.74119775e-03 5.60529991e-03 2.34345957e+00]
 [4.44117107e-03 8.28135361e-03 1.85269631e+00]
 [1.15103041e-03 2.27001165e-03 2.19196477e+00]
 [3.93884008e-03 6.88955048e-03 1.80800322e+00]
 [8.96306989e-04 2.10770942e-03 2.00564877e+00]
 [1.86260211e-03 3.45560727e-03 1.78979554e+00]
 [1.14179647e-03 1.90524145e-03 2.00001128e+00]
 [4.66406666e-03 8.97850718e-03 1.86918995e+00]
 [4.44117107e-03 8.71603338e-03 1.85269631e+00]
 [5.40951805e-03 9.75087734e-03 1.88775476e+00]
 [1.52361916e-03 2.60315099e-03 1.62062616e+00]
 [2.74119775e-03 5.95715992e-03 2.34345957e+00]
 [4.74469869e-03 9.89128597e-03 2.35560178e+00]
 [3.38332128e-03 6.24851786e-03 2.19797058e+00]
 [2.27309736e-03 4.06162593e-03 1.61228440e+00]
 [1.43682507e-03 3.28361390e-03 2.14458968e+00]
 [1.14179647e-03 2.02416069e-03 2.00001128e+00]
 [7.59231730e-04 1.33529333e-03 2.15698253e+00]
 [2.85589577e-03 4.80435005e-03 1.73196669e+00]
 [2.79987784e-03 5.37007117e-03 1.73196669e+00]
 [5.33914434e-03 9.89754818e-03 2.74980510e+00]
 [4.27087471e-03 7.45055577e-03 1.69796934e+00]
 [2.25973296e-03 4.05756860e-03 1.55832567e+00]
 [5.55610299e-03 9.86059018e-03 2.93423395e+00]
 [1.45988753e-03 3.28361390e-03 2.13899896e+00]
 [3.09092963e-03 6.51671791e-03 1.86471119e+00]
 [2.13936200e-03 4.61044963e-03 2.52296714e+00]
 [2.41353596e-03 4.68907562e-03 1.85515435e+00]
 [3.12515246e-03 7.13711159e-03 2.48571996e+00]
 [1.14179647e-03 2.45510383e-03 2.00001128e+00]
 [8.72437398e-04 1.38328345e-03 1.34209698e+00]
 [8.50098759e-04 1.51153116e-03 1.84797537e+00]
 [1.61602411e-03 3.35266333e-03 2.24724010e+00]
 [3.42265218e-03 7.50033448e-03 1.84550532e+00]
 [4.50714157e-03 9.78846884e-03 2.82976997e+00]
 [3.13579188e-03 6.33931962e-03 1.98151279e+00]
 [1.14179647e-03 2.37727793e-03 1.82206922e+00]
 [2.06727634e-03 4.13687063e-03 2.39556147e+00]
 [7.50505968e-04 1.36560902e-03 1.77273971e+00]
 [1.67441858e-03 4.20844927e-03 2.63638652e+00]
 [5.44863873e-03 9.98720179e-03 2.39135863e+00]
 [4.35899285e-03 9.15013906e-03 2.15786079e+00]
 [4.28904788e-03 9.09311989e-03 2.21095800e+00]
 [1.73162277e-03 3.80258735e-03 1.98392677e+00]
 [1.46526398e-03 3.14931108e-03 1.72359586e+00]
 [1.15117148e-03 2.26813621e-03 2.18318685e+00]
 [3.59629004e-03 7.71165405e-03 2.19893334e+00]
 [4.30247271e-03 9.73802078e-03 2.56657315e+00]
 [2.86430487e-03 5.55900211e-03 1.92160316e+00]
 [3.72515832e-03 7.52381213e-03 1.97118004e+00]
 [5.49900567e-03 9.84938010e-03 1.76440694e+00]
 [6.40285987e-04 1.15035012e-03 1.69736671e+00]
 [1.95066272e-03 3.83559889e-03 2.05303731e+00]
 [4.27877556e-03 8.24381805e-03 1.71810810e+00]
 [5.50942567e-03 9.95980517e-03 1.81093416e+00]
 [4.74469869e-03 9.73001382e-03 2.35560178e+00]
 [3.13632223e-03 5.55900211e-03 2.01258074e+00]
 [1.86260211e-03 3.02270231e-03 1.69938988e+00]
 [5.38391304e-03 9.56128117e-03 1.80950653e+00]
 [3.06874297e-03 6.20017378e-03 2.09161784e+00]
 [2.20599127e-03 4.06547671e-03 1.77913406e+00]
 [2.79987784e-03 5.37007117e-03 1.71247745e+00]
 [2.25973296e-03 4.05756860e-03 1.51035760e+00]
 [1.25723756e-03 2.60516090e-03 2.42918368e+00]
 [8.97734350e-04 1.68953634e-03 2.17342780e+00]
 [4.10360519e-03 9.64909550e-03 2.98094357e+00]
 [4.27091817e-03 9.99840691e-03 2.38438936e+00]]
