[[0.92166134 1.09340161 1.95165289 0.94165341 1.16809152 2.08018628]
 [0.56689348 1.75523255 2.27942573 0.38727217 1.19981384 2.16731834]
 [4.15933493 0.99094827 1.65614369 1.93400871 1.12699271 1.33820906]
 [0.80328586 1.34777212 1.89897979 0.52068386 1.18674787 2.2764789 ]
 [4.83864781 1.0925471  1.95165289 0.93581511 1.13731527 2.10392831]
 [3.68045193 1.00548642 1.4435506  0.21041736 1.36374007 1.80507939]
 [4.85121376 1.07956997 2.52089647 0.75017019 1.16056187 2.5754519 ]
 [4.84622831 1.02445354 2.50853252 0.43074682 4.9324062  1.81788662]
 [1.18466744 1.32133182 1.65614369 0.60535376 1.01572177 0.62249072]
 [3.9069556  1.07345395 2.47832197 0.00666749 1.22002331 1.24384924]
 [0.91853063 1.09340161 1.95165289 0.95238695 1.16809152 2.08018628]
 [4.21716003 1.351051   2.76669745 0.55411531 1.20212758 1.58882806]
 [4.27889488 1.05255995 2.49271258 0.07491143 1.17587883 2.64459307]
 [4.18127439 0.99321798 1.6447056  1.49588759 1.27568083 2.26214921]
 [4.21564455 1.06438545 1.64072378 1.83343131 1.27568083 2.21870681]]
