[[3.60699608e+01 1.65566552e+01]
 [7.76812641e+00 3.22621992e+01]
 [3.44753316e+01 1.71025222e+01]
 [3.38364045e+00 3.78835185e+01]
 [2.06701379e+01 2.30235463e+01]
 [8.35413583e+01 6.42080819e+00]
 [6.42545421e-02 4.82357273e+01]
 [5.60857909e+01 1.11194220e+01]
 [4.34786818e+00 3.65027909e+01]
 [6.81555654e+01 8.66305532e+00]
 [8.89085385e-01 4.35860832e+01]
 [6.14466549e-01 4.47011988e+01]
 [1.45298019e+01 2.68269711e+01]
 [5.83176055e+01 1.06016468e+01]
 [7.04643053e+01 8.30666886e+00]
 [7.07409588e+00 3.29968040e+01]
 [6.16784942e+01 9.95395502e+00]
 [2.05528226e+01 2.32543913e+01]
 [5.10129214e+01 1.23026655e+01]
 [4.83307391e+01 1.30055861e+01]
 [3.09838326e+01 1.84529702e+01]
 [9.65869014e+01 5.29510110e+00]
 [6.08506073e+01 1.02258165e+01]
 [3.01435576e+00 3.87437753e+01]
 [1.17329489e+02 4.34324222e+00]
 [4.66951383e+00 3.58988353e+01]
 [5.69893656e+01 1.08917859e+01]
 [2.62542348e+00 3.94629533e+01]
 [6.83382844e+01 8.64617576e+00]
 [4.34026601e+01 1.43443386e+01]
 [2.13531304e+01 2.26859973e+01]
 [5.00504672e+01 1.25116603e+01]
 [1.88251444e+01 2.41843976e+01]
 [5.13824242e-01 4.54694508e+01]
 [4.03239394e+00 3.69383522e+01]
 [4.75859928e+01 1.32989730e+01]
 [3.69837635e+01 1.63225093e+01]
 [8.64919865e+01 6.15676129e+00]
 [3.54154819e+01 1.70003975e+01]
 [3.36542071e+01 1.74010150e+01]
 [3.20537255e+00 3.81544643e+01]
 [4.94481916e+00 3.56141364e+01]
 [1.27649019e+01 2.80997480e+01]
 [2.40538698e+01 2.14695150e+01]
 [6.48609556e+01 9.26874806e+00]
 [5.05834735e+01 1.23675360e+01]
 [3.43372301e+01 1.71514592e+01]
 [1.93779981e+01 2.37564183e+01]
 [5.01455835e+01 1.24796289e+01]
 [6.33070848e+01 9.61319687e+00]
 [5.40210633e+01 1.15365319e+01]
 [6.43486652e+01 9.37801384e+00]
 [1.20306667e+01 2.85309140e+01]
 [7.44505565e+01 7.63696884e+00]
 [4.67329773e+01 1.33736789e+01]
 [3.88029074e+01 1.58309290e+01]
 [3.01727971e+01 1.87087766e+01]
 [1.34130912e+00 4.22112876e+01]
 [4.93661976e-01 4.58807307e+01]
 [2.15113580e+01 2.25891640e+01]
 [7.93024178e+01 7.29668767e+00]
 [3.35921562e-01 4.59875418e+01]
 [5.79757966e+01 1.06536827e+01]
 [4.76391019e+01 1.32669915e+01]
 [2.15758789e+01 2.25489721e+01]
 [2.66596827e+01 2.02184574e+01]
 [2.58182713e+01 2.08055238e+01]
 [8.12972023e-01 4.41664531e+01]
 [7.79711709e+00 3.22085453e+01]
 [6.96871304e+01 8.40558730e+00]
 [2.47211051e+01 2.10275627e+01]
 [3.79945778e+01 1.59323796e+01]
 [8.62804999e+00 3.15900942e+01]
 [1.31969028e+01 2.76972815e+01]
 [2.32632100e+01 2.22242980e+01]
 [2.77386830e+00 3.89277638e+01]
 [4.67663491e+01 1.33526234e+01]
 [4.21620745e+01 1.46265005e+01]
 [3.75361146e+00 3.72747338e+01]
 [6.96135576e+01 8.42397176e+00]
 [3.26021873e+01 1.77876950e+01]
 [8.02485554e+01 7.11869063e+00]
 [3.27101692e+01 1.77589149e+01]
 [6.91123586e+01 8.55038487e+00]
 [7.01730799e+01 8.31113849e+00]
 [3.91416147e+01 1.55467138e+01]
 [1.79816284e+01 2.45904349e+01]
 [5.32432904e+01 1.18283137e+01]
 [7.34291820e+01 7.93473231e+00]
 [1.14352050e+02 4.60422727e+00]
 [6.91922583e-01 4.44418788e+01]
 [7.19408245e+01 8.01237546e+00]
 [2.02291111e+00 4.05086490e+01]
 [2.62728519e-01 4.64450476e+01]
 [9.87802382e+00 3.03279185e+01]
 [2.66590894e+01 2.02186933e+01]
 [8.89230112e-01 4.35856225e+01]
 [6.08205422e+01 1.02331020e+01]
 [9.91602878e+01 5.15508119e+00]
 [2.31435625e+00 3.98911846e+01]
 [6.10128301e+01 1.02202870e+01]
 [7.15884481e+01 8.13049599e+00]
 [3.33643421e-01 4.60414270e+01]
 [1.50686993e+01 2.64793552e+01]
 [1.83095598e+00 4.09431521e+01]
 [6.75223760e+01 8.77679463e+00]
 [6.81692879e+01 8.66068417e+00]
 [2.65927502e+01 2.02283690e+01]
 [3.19672555e+00 3.82555673e+01]
 [5.63580818e+01 1.10093901e+01]
 [4.94467634e+01 1.28510173e+01]
 [3.63702139e+01 1.65302684e+01]
 [2.55152631e+00 3.95202446e+01]
 [5.45501459e+01 1.14511965e+01]
 [7.12820035e+01 8.19868710e+00]
 [2.33249366e+01 2.16874330e+01]
 [2.44103546e+01 2.13417210e+01]
 [1.53418870e+01 2.62193238e+01]
 [4.45580686e+01 1.39390079e+01]
 [1.46734001e+01 2.67028881e+01]
 [6.69000363e+01 8.91145458e+00]
 [6.29875459e+01 9.64366206e+00]
 [3.04988634e+01 1.85853010e+01]
 [9.00852448e+00 3.10433940e+01]
 [8.11910155e+01 6.69685648e+00]
 [1.30211299e+01 2.78257729e+01]
 [8.20777433e+00 3.18979780e+01]
 [1.91769520e+00 4.07145124e+01]
 [3.16613632e+01 1.82735017e+01]
 [3.63794685e+01 1.64758829e+01]
 [2.36087553e+01 2.15453378e+01]
 [6.78978709e+01 8.71339559e+00]
 [7.18215173e+01 8.09792643e+00]
 [8.44554186e+01 6.41730620e+00]
 [6.33292874e+01 9.57077493e+00]
 [2.76060725e+01 1.98508801e+01]
 [4.63195560e+01 1.34563412e+01]
 [4.01945468e+01 1.54321617e+01]
 [5.42949590e+00 3.52782730e+01]
 [5.43087952e+01 1.14718571e+01]
 [4.45149577e+01 1.39513616e+01]
 [6.90712625e+01 8.62643270e+00]
 [4.26774277e+01 1.46035740e+01]
 [8.02531041e+01 7.11574595e+00]
 [4.71685146e+00 3.58304876e+01]
 [5.20832043e+01 1.20452663e+01]
 [7.36505687e+01 7.73292538e+00]
 [3.56422325e+01 1.67376122e+01]
 [6.98153527e+01 8.39648791e+00]
 [7.55466750e+00 3.25665990e+01]
 [8.57189996e+01 6.38188216e+00]
 [1.67169203e+01 2.55443519e+01]
 [2.93068601e+01 1.90470287e+01]
 [4.42779273e+01 1.40206191e+01]
 [4.57490943e+01 1.36102383e+01]
 [1.12824965e+01 2.91664573e+01]
 [5.87001780e+01 1.05364584e+01]
 [1.99612343e+01 2.34003182e+01]
 [2.49960533e+01 2.10079090e+01]
 [4.33630301e+01 1.45909145e+01]
 [5.16356010e+01 1.21013416e+01]
 [5.31431194e+01 1.18550262e+01]
 [1.15339908e+02 4.39833364e+00]
 [5.36427825e+01 1.16237202e+01]
 [5.19700890e+01 1.20498081e+01]
 [6.62654305e+01 9.01379270e+00]
 [6.95724451e+00 3.30918230e+01]
 [1.07076578e+02 4.71553017e+00]
 [2.10397080e+01 2.28834651e+01]
 [4.21611105e+01 1.46936825e+01]
 [3.94707791e+01 1.54550017e+01]
 [1.07070568e+02 4.71656056e+00]
 [9.63604518e+01 5.33364904e+00]
 [8.01645853e+01 7.13419265e+00]
 [5.50548713e+00 3.48804733e+01]
 [7.66292486e+00 3.23511935e+01]
 [6.24129091e+01 9.74850577e+00]
 [2.40189432e+00 3.97551052e+01]
 [1.06039129e+01 2.96635755e+01]
 [6.43857046e+01 9.37346219e+00]
 [8.70122010e+00 3.14664220e+01]
 [3.81965788e+01 1.58839847e+01]
 [2.83655732e+01 1.94751866e+01]
 [8.20122543e+01 6.59020708e+00]
 [5.36252274e+01 1.16277266e+01]
 [6.71464370e+01 8.84943456e+00]
 [1.05633505e+01 2.96641506e+01]
 [9.48896277e+01 5.43254861e+00]
 [1.03386728e+01 2.98488495e+01]
 [1.57856276e+01 2.58555924e+01]
 [4.24003797e+00 3.65772593e+01]
 [4.45872389e+01 1.39308147e+01]
 [4.65044678e+01 1.34537282e+01]
 [3.68322241e+01 1.63679952e+01]
 [3.33857132e+01 1.75040885e+01]
 [6.91115315e+00 3.32511903e+01]
 [1.25735040e+02 4.10470782e+00]
 [3.35000594e-01 4.60017681e+01]
 [6.55574203e+01 9.13912879e+00]
 [1.71657136e+01 2.50040065e+01]
 [1.06025382e+02 4.90931140e+00]
 [2.81530682e+01 1.95239215e+01]
 [1.77991471e+01 2.46226291e+01]
 [5.24725317e+01 1.18971610e+01]
 [3.59999397e+01 1.65898360e+01]
 [1.59245090e+00 4.15339974e+01]
 [1.09264662e+02 4.63657487e+00]
 [5.93001964e+00 3.42643550e+01]
 [4.84677057e+01 1.28917148e+01]
 [1.65829496e+01 2.56013907e+01]
 [2.72897712e+00 3.90151617e+01]
 [6.73488134e+01 8.82472870e+00]
 [3.79184531e+01 1.61807219e+01]
 [2.31772285e+00 3.98170120e+01]
 [5.20476756e-01 4.50677308e+01]
 [6.93189626e+01 8.48797483e+00]
 [6.18157587e+00 3.39851876e+01]
 [1.19268497e+02 4.26026360e+00]
 [7.95072231e+01 7.14448188e+00]
 [1.11791957e-02 4.93006068e+01]
 [9.06567061e+01 5.71297357e+00]
 [5.15870440e+01 1.21128224e+01]
 [1.90888977e+01 2.39088635e+01]
 [1.80252948e+00 4.14976084e+01]
 [1.77215658e+01 2.47498912e+01]
 [2.37517212e+01 2.15219767e+01]
 [6.20386147e+01 9.81582584e+00]
 [3.18904028e+01 1.80984244e+01]
 [3.14089048e+00 3.83890313e+01]
 [4.53187395e+01 1.39270401e+01]
 [1.07577941e+02 4.65904164e+00]
 [6.80356815e+00 3.32593159e+01]
 [5.68165376e+01 1.09337515e+01]
 [5.96419220e+01 1.04492853e+01]
 [3.00350216e+01 1.89998701e+01]
 [2.24305697e+01 2.25068810e+01]
 [1.78205539e-01 4.70744829e+01]
 [1.14906975e+00 4.30382546e+01]
 [6.27061604e+01 9.68376900e+00]
 [4.16352072e+01 1.47829914e+01]
 [3.87456766e+01 1.58721732e+01]
 [1.30448040e+01 2.77479745e+01]
 [3.10404405e+01 1.83700815e+01]
 [5.91896305e+01 1.04876749e+01]
 [3.78458484e+01 1.62773245e+01]
 [4.38271749e+01 1.41553890e+01]
 [8.67921962e+00 3.15488752e+01]
 [1.40544557e+01 2.70325193e+01]
 [5.35569856e+01 1.16693342e+01]
 [5.05782397e+01 1.23809484e+01]
 [3.66245679e+00 3.74731269e+01]
 [7.33807245e+00 3.26806212e+01]
 [8.09163687e+01 7.02213401e+00]
 [1.50269060e+00 4.17126979e+01]
 [3.91016227e+01 1.55591567e+01]
 [6.74051851e+01 8.82038648e+00]
 [4.77606884e+01 1.31082124e+01]
 [9.06379699e+00 3.09897787e+01]
 [1.67557249e+01 2.55243412e+01]
 [2.60652697e+01 2.04496522e+01]
 [1.90213245e+01 2.39963709e+01]
 [7.73974109e+01 7.37244688e+00]
 [3.59800295e+01 1.65962664e+01]
 [2.16197332e-01 4.69939115e+01]
 [5.08976150e+00 3.53274150e+01]
 [5.50791054e-02 4.83961219e+01]
 [4.04117517e+01 1.51569599e+01]
 [6.60339869e+01 9.07007761e+00]
 [8.70518490e+01 6.05997345e+00]
 [4.61754711e+00 3.62872383e+01]
 [2.25401213e+01 2.24072488e+01]
 [7.40527727e+01 7.71743969e+00]
 [1.32660543e+02 4.03536178e+00]
 [9.89889356e+01 5.27720074e+00]
 [7.58127124e+01 7.52777165e+00]
 [6.51247172e+01 9.25836676e+00]
 [3.02967455e+01 1.86550237e+01]
 [2.65881632e+01 2.02464246e+01]
 [4.90634613e+01 1.28811530e+01]]
