[[1.86260211e-03 3.45560727e-03 1.79353495e+00]
 [4.30247271e-03 9.73802078e-03 2.35560178e+00]
 [1.98569888e-03 4.26701009e-03 1.68669248e+00]
 [5.41559379e-03 9.74740371e-03 2.27320880e+00]
 [3.66543097e-03 8.62346253e-03 2.38535544e+00]
 [5.40951805e-03 9.59434321e-03 2.60792178e+00]
 [4.44117107e-03 8.28135361e-03 1.85269631e+00]
 [1.15103041e-03 2.27001165e-03 2.19196477e+00]
 [3.93884008e-03 6.88955048e-03 1.80800322e+00]
 [3.72748802e-03 7.10354578e-03 1.91128685e+00]
 [6.05212895e-03 9.90406197e-03 2.54783250e+00]
 [4.06288428e-03 7.43749196e-03 1.57597376e+00]
 [4.79737567e-03 9.46676679e-03 2.10686741e+00]
 [8.48018217e-04 2.02463036e-03 2.70847595e+00]
 [9.04097157e-04 1.28975984e-03 1.21052505e+00]
 [6.19392166e-03 9.80699036e-03 2.28692504e+00]
 [2.37214058e-03 5.39490891e-03 2.49856157e+00]
 [1.32906238e-03 2.83462432e-03 2.60128235e+00]
 [1.08067485e-03 1.91272052e-03 1.77409247e+00]
 [2.78504172e-03 6.14781891e-03 2.33033671e+00]
 [1.55528584e-03 3.17817550e-03 1.68796635e+00]
 [6.56219990e-04 1.80729214e-03 2.38861388e+00]
 [1.84748152e-03 4.30973654e-03 2.74649084e+00]
 [5.33403497e-03 9.63241565e-03 2.51810802e+00]
 [4.28335214e-03 9.35427012e-03 2.67768967e+00]
 [3.31014434e-03 6.59709804e-03 1.93308698e+00]
 [3.20354290e-03 5.51737971e-03 1.37643883e+00]
 [3.60526305e-03 5.63706255e-03 1.47717119e+00]
 [2.15209660e-03 3.71923011e-03 1.77971078e+00]
 [3.22853469e-03 5.54881977e-03 1.34331261e+00]
 [4.41843803e-03 8.64550653e-03 2.08696437e+00]
 [4.75723627e-03 9.23611865e-03 1.83336897e+00]
 [1.86260211e-03 3.45673530e-03 1.96945468e+00]
 [4.28335214e-03 9.35427012e-03 2.78363738e+00]
 [4.30745505e-03 9.09311989e-03 2.21095800e+00]
 [1.51047948e-03 3.05945447e-03 1.59448289e+00]
 [3.01128966e-03 4.88678054e-03 1.45077092e+00]
 [1.01097890e-03 1.97516239e-03 1.50928239e+00]
 [2.39086715e-03 4.26979537e-03 1.50372466e+00]
 [8.38586147e-04 1.28644938e-03 1.61648257e+00]
 [5.10640214e-03 9.55586044e-03 2.27320880e+00]
 [2.22383194e-03 4.34664936e-03 1.75280960e+00]
 [3.81016124e-03 7.52240713e-03 1.99365953e+00]
 [6.99810352e-04 1.80729214e-03 2.38001338e+00]
 [1.49653918e-03 2.59339329e-03 1.61774550e+00]
 [8.96043492e-03 9.89834240e-03 2.99704101e+00]
 [1.65318490e-03 3.64526772e-03 2.38205468e+00]
 [2.79212815e-03 5.90546522e-03 1.83961577e+00]
 [9.04097157e-04 1.29479217e-03 1.29189210e+00]
 [2.53063259e-03 5.87212488e-03 2.46097734e+00]
 [3.31014434e-03 6.86786579e-03 2.00591427e+00]
 [1.86260211e-03 3.44843824e-03 1.67817285e+00]
 [1.93565482e-03 3.96982564e-03 2.52961980e+00]
 [2.35521014e-03 5.51737971e-03 2.42486088e+00]
 [1.00172848e-03 1.59073043e-03 1.87877053e+00]
 [4.57606376e-03 8.41068643e-03 1.69047801e+00]
 [1.32906238e-03 2.83544850e-03 2.50352226e+00]
 [4.41843803e-03 8.64550653e-03 2.09173872e+00]
 [6.05212895e-03 9.81515390e-03 2.54783250e+00]
 [7.14461303e-04 1.47471997e-03 2.13884664e+00]
 [5.39608284e-03 9.63241565e-03 2.48803917e+00]
 [3.49666560e-03 6.28023232e-03 1.60126458e+00]
 [1.95237440e-03 4.30973654e-03 2.76899541e+00]
 [3.45568599e-03 7.37975369e-03 2.42937693e+00]
 [1.55528584e-03 3.17817550e-03 1.70081007e+00]
 [9.94711502e-04 2.21977110e-03 2.63288480e+00]
 [2.98134734e-03 6.39460881e-03 2.04934062e+00]
 [2.37214058e-03 5.56225708e-03 2.49856157e+00]
 [7.86050859e-03 9.97128505e-03 2.63467673e+00]
 [2.59882739e-03 4.63557091e-03 1.64982438e+00]
 [1.80383529e-03 2.77628002e-03 1.83337753e+00]
 [4.79737567e-03 9.46676679e-03 2.07117351e+00]
 [4.11812879e-03 7.89411128e-03 1.71135555e+00]
 [3.90493700e-03 7.56930743e-03 1.81019520e+00]
 [5.90786484e-04 1.21919814e-03 1.80328128e+00]
 [2.35201599e-03 4.92797998e-03 2.25386223e+00]
 [3.18646865e-03 7.74602845e-03 2.81251404e+00]
 [4.95826397e-03 9.46717276e-03 1.59027228e+00]
 [1.08067485e-03 1.89998941e-03 1.65621761e+00]
 [1.01581476e-03 2.11845654e-03 2.43142613e+00]]
