[[4.60433993 1.27821662 2.45229329 1.36884981 4.39001041 3.4147408 ]
 [3.22103143 1.15442057 3.90074777 2.63035838 1.49546095 1.95037486]
 [3.26118372 1.15442057 3.90074777 2.64684605 1.49546095 1.95037486]
 [1.98805662 2.88651163 1.45304314 1.14873664 1.05508045 0.50159776]
 [4.51669232 1.27821662 2.47320654 0.65048187 4.13248854 3.4147408 ]
 [1.42077532 2.05375743 2.03275466 2.01021442 1.32878596 1.52705931]
 [4.03626545 0.99356788 2.87778595 1.8157711  2.71251254 4.10066707]
 [1.08038882 2.87561402 1.96943589 2.45838757 1.23899827 3.8733489 ]
 [3.26118372 1.15442057 3.90074777 2.64910688 1.468986   1.95037486]
 [4.05603956 1.06704091 2.45229329 1.1858702  4.4099234  3.4147408 ]
 [4.60433993 1.27821662 3.37140512 1.37021435 4.40525472 8.48617649]
 [1.08994095 2.39253665 4.22458562 1.7134987  1.25411645 3.04714899]
 [3.73610714 1.92525217 3.97444857 2.06783983 1.10044757 1.5161696 ]
 [2.50961538 2.00020654 1.46330699 1.62331196 1.10457883 1.15107542]
 [4.60433993 1.27821662 2.00116609 1.23259349 4.37259854 3.4147408 ]
 [3.3445247  1.15442057 3.95400055 2.64684605 1.50528238 1.95037486]]
