[[4.26943302e-03 9.68193235e+04]
 [5.45493197e-02 8.45776415e+03]
 [4.95759740e-03 8.77139685e+04]
 [4.40781734e-03 9.17636057e+04]
 [5.13057320e-03 8.26145842e+04]
 [5.16443726e-02 8.46600552e+03]
 [5.24208918e-03 7.88627029e+04]
 [6.58366308e-03 6.35476863e+04]
 [9.15746035e-03 4.44838727e+04]
 [2.71866071e-02 1.50556753e+04]
 [5.44479183e-02 8.46016802e+03]
 [6.65003632e-03 6.04975227e+04]
 [5.79961939e-03 7.05565500e+04]
 [1.57923464e-02 2.55849590e+04]
 [3.17050954e-02 1.32406416e+04]
 [2.83575631e-02 1.46305606e+04]
 [4.80423671e-02 8.66814612e+03]
 [6.24004757e-03 6.55847969e+04]
 [1.68891379e-02 2.42524689e+04]
 [5.93814855e-03 6.81109400e+04]
 [1.98839772e-02 2.07645775e+04]
 [3.82121196e-02 1.08575055e+04]
 [7.78421787e-03 5.40730943e+04]
 [1.35924294e-02 3.04894182e+04]
 [2.92012340e-02 1.42322288e+04]
 [5.53241455e-03 7.34845982e+04]
 [7.67574689e-03 5.50799737e+04]
 [2.10005477e-02 1.97207221e+04]
 [1.28926067e-02 3.17368706e+04]
 [1.02693651e-02 4.05531892e+04]
 [3.85617938e-02 1.05789810e+04]
 [4.38288864e-02 9.42082104e+03]
 [5.09127028e-02 8.61738494e+03]
 [9.73133727e-03 4.22058472e+04]
 [7.87799238e-03 5.14145761e+04]
 [5.60525653e-03 7.21728080e+04]
 [3.02820224e-02 1.32774254e+04]
 [4.25954636e-02 9.46105051e+03]
 [8.58674194e-03 4.89189028e+04]
 [7.22995572e-03 5.99280387e+04]
 [2.51835255e-02 1.65030054e+04]
 [5.45253357e-03 7.72233839e+04]
 [1.05597607e-02 3.85795370e+04]
 [2.33595467e-02 1.77625761e+04]
 [8.17291751e-03 5.00441775e+04]
 [3.65587484e-02 1.10959184e+04]
 [4.96790950e-02 8.66058911e+03]
 [3.38323055e-02 1.22481656e+04]
 [6.03134111e-03 6.68822543e+04]
 [3.99669361e-02 1.01894066e+04]
 [4.72484088e-02 8.69930033e+03]
 [4.15263671e-02 1.01484956e+04]
 [9.06372968e-03 4.62979430e+04]
 [3.43622035e-02 1.18015507e+04]
 [2.59385553e-02 1.55499796e+04]
 [7.23315239e-03 5.82756240e+04]
 [3.98792833e-02 1.02750026e+04]
 [2.99751186e-02 1.35687816e+04]
 [1.82325061e-02 2.27249579e+04]
 [4.64475795e-02 8.85098880e+03]
 [1.18255789e-02 3.66022459e+04]
 [7.60113133e-03 5.75644349e+04]
 [1.26834734e-02 3.35054706e+04]
 [3.26670507e-02 1.30190047e+04]
 [5.50265850e-03 7.58664518e+04]
 [2.26612645e-02 1.77893859e+04]
 [1.22399582e-02 3.62353580e+04]
 [9.77485066e-03 4.21576860e+04]
 [1.45678901e-02 2.86905145e+04]
 [2.21607375e-02 1.83516595e+04]
 [1.13151423e-02 3.80659588e+04]
 [1.87238980e-02 2.15758810e+04]
 [8.74985238e-03 4.77830736e+04]
 [1.03793636e-02 3.96065704e+04]
 [2.18134273e-02 1.88524185e+04]
 [1.50497587e-02 2.71202053e+04]
 [1.46415012e-02 2.77695671e+04]
 [4.20126573e-02 9.59101988e+03]
 [1.14833277e-02 3.77007408e+04]
 [2.46249991e-02 1.66815640e+04]
 [2.58700455e-02 1.56295416e+04]
 [1.70871636e-02 2.35668964e+04]
 [4.97938809e-02 8.65839822e+03]
 [2.40231999e-02 1.70064807e+04]
 [1.27422513e-02 3.26124506e+04]
 [4.44096289e-02 9.17053125e+03]
 [3.60766112e-02 1.15174311e+04]
 [8.81264086e-03 4.68208083e+04]
 [1.77433656e-02 2.35372816e+04]
 [1.39830281e-02 2.91685316e+04]
 [1.38210443e-02 2.93983852e+04]
 [3.30323846e-02 1.25334659e+04]
 [4.48927166e-02 9.16056255e+03]
 [3.52265923e-02 1.17847751e+04]
 [1.24719882e-02 3.48760987e+04]
 [4.57683470e-02 8.92495613e+03]
 [8.01539453e-03 5.10693563e+04]
 [4.54804144e-02 9.05190704e+03]
 [1.24131908e-02 3.49709650e+04]
 [3.54023300e-02 1.16546094e+04]]
