[[1.86260211e-03 3.45560727e-03 1.79353495e+00]
 [4.30247271e-03 9.73802078e-03 2.35560178e+00]
 [1.98569888e-03 4.26701009e-03 1.68669248e+00]
 [3.81016124e-03 7.49858311e-03 2.02228296e+00]
 [2.74119775e-03 5.60529991e-03 2.34345957e+00]
 [2.95482286e-03 7.31606471e-03 2.89061688e+00]
 [4.44117107e-03 8.28135361e-03 1.85269631e+00]
 [4.32981507e-03 9.09311989e-03 2.21095800e+00]
 [1.15103041e-03 2.27001165e-03 2.19196477e+00]
 [9.94405629e-04 1.15035012e-03 1.74681426e+00]
 [2.00727488e-03 5.29546610e-03 2.78886484e+00]
 [3.93884008e-03 6.88955048e-03 1.80800322e+00]
 [3.72748802e-03 7.10354578e-03 1.91128685e+00]
 [4.79737567e-03 9.46676679e-03 2.10686741e+00]
 [8.48018217e-04 2.02463036e-03 2.70847595e+00]
 [9.04097157e-04 1.28975984e-03 1.21052505e+00]
 [4.93963846e-04 1.50455028e-03 1.79070095e+00]
 [2.37214058e-03 5.39490891e-03 2.49856157e+00]
 [1.86155670e-03 4.71819063e-03 2.96364884e+00]
 [1.32906238e-03 2.83462432e-03 2.60128235e+00]
 [1.08067485e-03 1.91272052e-03 1.77409247e+00]
 [2.78504172e-03 6.14781891e-03 2.33033671e+00]
 [1.55528584e-03 3.17817550e-03 1.68796635e+00]
 [6.56219990e-04 1.80729214e-03 2.38861388e+00]
 [1.50739659e-03 2.43763977e-03 2.09336914e+00]
 [4.28335214e-03 9.35427012e-03 2.67768967e+00]
 [1.18126501e-03 1.52283910e-03 1.16754991e+00]
 [3.03881187e-03 5.94843488e-03 2.14854078e+00]
 [4.27737329e-03 8.06795296e-03 1.71884360e+00]
 [1.93864860e-03 4.95112363e-03 2.11748493e+00]
 [9.16686658e-04 2.26504417e-03 2.99719818e+00]
 [7.34503683e-03 9.91704566e-03 2.80806782e+00]
 [9.27813919e-04 1.96338629e-03 1.43210467e+00]
 [1.86987875e-03 3.54902511e-03 2.30706207e+00]
 [3.94987060e-03 7.97495984e-03 2.30941575e+00]
 [2.57118294e-03 4.68479625e-03 1.38592546e+00]
 [6.56219990e-04 1.87059072e-03 2.39236495e+00]
 [1.96615100e-03 4.48737259e-03 2.40862680e+00]
 [3.91828406e-03 7.21770641e-03 1.76764382e+00]
 [3.94115122e-04 1.31872101e-03 2.75345472e+00]
 [1.61510770e-03 3.42440641e-03 1.67899984e+00]
 [5.13806910e-03 9.07233827e-03 1.55671866e+00]
 [3.21567320e-03 5.80126731e-03 1.76106815e+00]
 [2.32299303e-03 3.64493126e-03 1.51578597e+00]
 [1.15103041e-03 2.27001165e-03 2.10834497e+00]
 [4.92913776e-03 9.24466209e-03 1.65366137e+00]
 [2.13244502e-03 5.16885043e-03 2.39951672e+00]
 [4.80946611e-03 8.85823117e-03 1.98562986e+00]
 [3.89459410e-03 6.83464900e-03 1.79598128e+00]
 [4.29744058e-03 9.95048498e-03 2.65746570e+00]
 [2.05561553e-03 4.55329528e-03 2.32037957e+00]
 [2.49759754e-03 6.38844455e-03 2.73133883e+00]
 [1.88494784e-03 4.71819063e-03 2.03175718e+00]
 [2.74119775e-03 5.60529991e-03 2.38444660e+00]
 [5.33165285e-03 9.86176574e-03 1.91063227e+00]
 [4.36544307e-03 8.38533561e-03 1.70384652e+00]
 [2.05713559e-03 5.60948755e-03 2.56072705e+00]
 [2.74119775e-03 5.60529991e-03 2.20075781e+00]
 [2.22383194e-03 5.00897965e-03 2.76825900e+00]
 [1.68377144e-03 4.08348666e-03 2.81285022e+00]
 [1.04578213e-03 2.21432734e-03 1.55194338e+00]]
