[[1.52610864e-02 2.65060857e+04]
 [4.48927166e-02 9.16056255e+03]
 [4.91232333e-02 8.96634650e+03]
 [3.93752889e-02 1.06532184e+04]
 [3.39946541e-02 1.19017793e+04]
 [5.26285058e-02 8.93022581e+03]
 [2.69897406e-02 1.55173060e+04]
 [3.70128177e-02 1.09776149e+04]
 [4.18541489e-02 9.65590185e+03]
 [1.07192317e-02 3.87363394e+04]
 [3.18475519e-02 1.27103137e+04]
 [3.13492445e-02 1.34289154e+04]
 [4.37664957e-02 9.35419140e+03]
 [9.94202140e-03 4.21205463e+04]
 [5.80348224e-03 8.04541568e+04]
 [5.30174139e-02 8.90322283e+03]
 [2.57065886e-02 1.59723699e+04]
 [1.42412880e-02 3.02360048e+04]
 [8.62407872e-03 4.80120660e+04]
 [2.84826754e-02 1.42657777e+04]
 [1.29877897e-02 3.30752248e+04]
 [7.73724338e-03 5.94455362e+04]
 [5.13100196e-02 8.93622558e+03]
 [4.73555666e-02 9.12917325e+03]
 [2.90637842e-02 1.38857811e+04]
 [3.99419006e-02 1.02608016e+04]
 [4.02208390e-02 1.00900194e+04]
 [1.67105410e-02 2.41027359e+04]
 [3.56956255e-02 1.15695425e+04]
 [4.09614452e-02 9.88890922e+03]
 [9.71540704e-03 4.73167704e+04]
 [2.58818941e-02 1.55396145e+04]
 [4.20302219e-03 9.90916651e+04]
 [1.99156589e-02 2.09652961e+04]
 [1.26165663e-02 3.36467668e+04]
 [2.42009134e-02 1.74016056e+04]
 [1.55726815e-02 2.63151225e+04]
 [3.13547170e-02 1.32695640e+04]
 [2.08821095e-02 1.93093762e+04]
 [9.00196066e-03 4.76203924e+04]
 [2.05809396e-02 2.02529101e+04]
 [5.49725659e-02 8.57032671e+03]
 [3.05459476e-02 1.34970526e+04]
 [2.31555537e-02 1.81250589e+04]
 [3.42183851e-02 1.17815022e+04]
 [7.42665773e-03 6.29536288e+04]
 [6.33921351e-03 6.68277317e+04]
 [3.31808163e-02 1.24979788e+04]
 [4.02107454e-02 1.02032983e+04]
 [3.19931060e-02 1.25753492e+04]
 [3.55806305e-02 1.15915416e+04]
 [1.08478221e-02 3.85760645e+04]
 [1.33156946e-02 3.09070479e+04]
 [3.26471665e-02 1.25589887e+04]
 [1.51463513e-02 2.96724201e+04]
 [1.49096489e-02 2.98248608e+04]
 [1.33044841e-02 3.13557169e+04]
 [1.73429537e-02 2.35812155e+04]
 [2.30498295e-02 1.88256589e+04]
 [1.61211488e-02 2.57141564e+04]
 [7.85508016e-03 5.68559630e+04]
 [1.18951303e-02 3.60425431e+04]
 [2.26550428e-02 1.90716685e+04]
 [3.64553954e-02 1.10851187e+04]
 [2.38261757e-02 1.77184579e+04]
 [3.58195899e-02 1.14259720e+04]
 [2.05432197e-02 2.08683832e+04]
 [4.16805615e-02 9.77886622e+03]
 [5.54427135e-03 9.16528672e+04]
 [3.02290744e-02 1.38263625e+04]
 [4.42788572e-02 9.19293851e+03]
 [4.25825860e-02 9.45938492e+03]
 [2.48159565e-02 1.68733610e+04]]
