[[1.45988514e+01 1.87473437e-03]
 [1.06998121e+01 5.46139961e-03]
 [4.86621314e+00 6.48194950e-03]
 [1.62713356e+01 1.46668769e-03]
 [2.23930593e+01 9.50885037e-04]
 [2.86495708e+01 6.42285024e-04]
 [1.16331203e+01 4.39426439e-03]
 [1.17717421e+01 3.71885100e-03]
 [1.68114806e+01 1.04504584e-03]
 [2.72536796e+01 7.25680667e-04]
 [1.21194816e+01 3.63583530e-03]
 [4.18306983e+01 4.81921492e-04]
 [1.46356511e+01 1.76644935e-03]
 [9.10355137e+00 6.27292959e-03]
 [2.72224979e+01 8.52884758e-04]
 [3.36580234e+01 5.86901384e-04]
 [3.07080395e+01 5.89502487e-04]
 [1.25893735e+01 2.59832924e-03]
 [1.30857764e+01 2.33039093e-03]]
