[[0.62822678 4.53414591 9.09509548 1.55636897]
 [1.68005678 1.30700616 9.63388057 2.58191717]
 [0.68705545 2.16016436 7.48043347 2.09160731]
 [0.9589241  1.73317578 9.52323178 4.39224704]
 [1.45549335 1.14330826 9.42027685 3.87315764]
 [2.51470215 0.55966575 9.24069439 3.28158397]
 [0.82374584 3.18877861 6.56725472 1.21400932]
 [0.91140456 3.19675096 9.88999075 4.69902612]
 [0.59673908 2.13111025 9.59596939 2.60705459]
 [2.99167747 2.78907963 9.90880835 4.90713607]
 [1.16652039 0.93245491 8.35073576 2.30850721]
 [0.9589241  1.73317578 9.61265706 4.39044219]
 [0.87410542 1.99713563 9.70912511 4.65655809]
 [0.77761759 1.93449026 9.30029257 4.85177927]
 [1.36517269 1.40936287 9.9988583  3.62137861]
 [0.41277637 4.27441307 8.65190854 0.52291692]
 [0.79311395 2.97243018 7.35206936 1.28260848]
 [0.29264318 9.98006837 8.19946235 1.21085097]
 [0.84740559 2.97243018 9.74488149 4.68562568]
 [0.90872519 7.34622552 9.85519606 4.91096842]
 [0.96468872 1.14903933 8.65502654 2.30850721]]
