[[2.53888621 0.91060306 2.71518064 1.01935666 1.50683273 2.68594769]
 [0.36035261 1.99495546 2.62511943 2.19993169 1.23203681 4.5396431 ]
 [4.24872    1.6579329  2.48517505 1.73106834 4.94927785 8.44329949]
 [2.15968406 0.96435383 3.35272694 1.7804154  1.26345246 1.10920369]
 [0.08225234 1.99496794 2.58843341 1.44237103 1.23003005 5.48934883]
 [4.31868705 0.8657687  3.00892855 1.73975206 1.08944049 8.09618827]
 [0.36035261 1.99495546 2.62511943 2.19993169 1.33640024 4.5396431 ]
 [3.42688908 0.68209348 2.51169672 1.68307606 1.31576154 1.81612851]
 [4.43735937 1.44702812 2.97464506 1.55128617 4.44169299 9.87975078]
 [3.41869898 0.69170751 3.88607767 1.78122921 1.10651154 1.76413173]]
