[[1.35625227e+02 4.01290664e+00]
 [1.44107066e-02 4.92152436e+01]
 [1.52739704e+01 2.62572027e+01]
 [1.73480464e+01 2.49578311e+01]
 [1.31797013e+02 4.01713517e+00]
 [1.24122348e+02 4.11620277e+00]
 [2.06569519e+01 2.30394804e+01]
 [4.91591344e+00 3.55572968e+01]
 [5.85666280e+00 3.43548567e+01]
 [6.21745474e+01 9.78831276e+00]
 [4.09137209e-01 4.56853203e+01]
 [2.16629955e-01 4.69725843e+01]
 [1.09231409e+01 2.94457153e+01]
 [8.00990523e+01 6.82958655e+00]
 [2.26806452e+01 2.23032538e+01]
 [1.04280960e+02 4.80000101e+00]
 [1.97033443e+01 2.35390968e+01]
 [1.43238458e+00 4.29256325e+01]
 [5.52567954e+01 1.13838800e+01]
 [2.69719918e+01 2.00720884e+01]
 [9.53933557e+01 5.33222778e+00]
 [1.28337771e+02 4.04385472e+00]
 [1.20196227e+02 4.21061185e+00]
 [3.49416650e+01 1.69380874e+01]
 [5.99209411e+01 1.02507511e+01]
 [2.86173377e+00 3.87536011e+01]
 [9.86180291e+00 3.02777893e+01]
 [1.53766667e+00 4.19494556e+01]
 [2.57899872e+01 2.05482338e+01]
 [2.52250626e+01 2.11335135e+01]
 [1.42812035e+01 2.73643012e+01]
 [4.16578995e+00 3.68168770e+01]
 [3.38142120e+00 3.80695747e+01]
 [5.20417403e+01 1.19998740e+01]
 [9.31972477e+01 5.49029380e+00]
 [1.13019406e+02 4.38020908e+00]
 [6.96536393e+01 8.49870106e+00]
 [3.66781606e+00 3.74261165e+01]
 [1.15641198e+02 4.34410303e+00]
 [4.61410742e+00 3.61259757e+01]
 [1.31846522e+01 2.77807282e+01]
 [4.46334351e+01 1.40242757e+01]
 [2.37182593e+01 2.14989993e+01]
 [1.85321476e+01 2.42099566e+01]
 [1.24187154e+01 2.82522013e+01]
 [8.17848391e+01 6.62202237e+00]
 [1.82280390e+00 4.13897707e+01]
 [1.26938484e+02 4.11025131e+00]
 [5.71278063e+01 1.08857109e+01]
 [7.37946294e+01 7.99659550e+00]
 [1.48803226e+01 2.67283422e+01]
 [6.77365087e+01 8.73770261e+00]
 [9.87104057e+01 5.11745498e+00]
 [8.81259388e-01 4.36070972e+01]
 [4.59446860e+01 1.35570560e+01]
 [1.11249349e+02 4.44470989e+00]
 [7.61308012e+01 7.35847645e+00]
 [4.86436168e+01 1.29182756e+01]
 [9.78706572e+01 5.33053422e+00]
 [7.75828349e+01 7.15524145e+00]
 [3.37920313e+01 1.73514830e+01]
 [5.09047705e+01 1.23465247e+01]
 [9.16268023e+01 5.64562933e+00]
 [3.89211888e+01 1.58685594e+01]
 [8.59595792e+01 6.15221689e+00]
 [2.98488592e+01 1.88782847e+01]
 [2.83799906e+01 1.94415022e+01]
 [7.17492488e+01 8.23425026e+00]
 [5.71587492e-01 4.50155212e+01]
 [3.75851572e+01 1.61480590e+01]
 [3.63700331e+01 1.65196706e+01]
 [7.30524041e+00 3.27145063e+01]
 [2.35291542e+00 3.97523422e+01]
 [2.56531650e+00 3.94684966e+01]
 [1.01462124e+02 4.91807485e+00]
 [3.94515302e+01 1.55248083e+01]
 [2.29341708e+01 2.18762894e+01]
 [8.42792907e+01 6.34709271e+00]
 [1.46719881e-01 4.76622360e+01]
 [8.34891101e+01 6.46653488e+00]
 [2.81496914e+01 1.95318152e+01]
 [6.40154140e+01 9.47583949e+00]
 [4.71071210e+01 1.32855240e+01]
 [6.76334616e+00 3.33318534e+01]
 [1.08519516e+02 4.57411657e+00]
 [1.09462515e+02 4.54956389e+00]
 [8.09781842e-01 4.41144595e+01]
 [1.00974492e+02 4.96061665e+00]
 [2.00295190e+00 4.06222413e+01]
 [2.01875438e+00 4.04628567e+01]
 [6.49641394e-01 4.45580792e+01]
 [4.32578122e+01 1.45326449e+01]
 [4.36040479e+01 1.42844292e+01]
 [9.02016099e+01 5.74365017e+00]
 [7.10381053e+01 8.28597637e+00]
 [8.71458446e+01 6.06078627e+00]
 [3.14982804e+01 1.83642143e+01]
 [8.82862740e+01 5.96540229e+00]
 [5.36141510e+01 1.16713975e+01]
 [1.06401253e+02 4.65272805e+00]]
