[[0.62822678 4.53414591 9.09509548 1.55636897]
 [1.52433924 1.41875043 9.37709581 4.04857475]
 [1.4989948  1.86709885 9.70171865 3.74195519]
 [1.36438273 0.93245491 8.65502654 2.30850721]
 [4.00756065 0.60599795 9.6299487  4.64335094]
 [1.38472187 0.93245491 8.57158474 2.09616308]
 [1.43130076 4.2351911  9.82763891 4.57948067]
 [1.4989948  1.85679444 9.9470384  3.74195519]
 [0.62388034 4.19915428 6.59420607 2.14412394]
 [1.17939465 8.45817405 9.86823256 4.58899142]
 [0.77627838 1.30274038 9.32043084 3.71016633]
 [4.05830212 0.55663317 9.70407031 4.51943905]
 [0.43379929 4.13468328 8.65190854 0.52291692]
 [3.69554327 7.74456249 9.96776458 4.66609883]
 [0.93668822 3.10113719 7.21860347 1.4949451 ]
 [1.57890796 1.42921928 9.02295352 2.4136898 ]
 [0.41348889 2.91531512 9.48727403 2.67115274]
 [1.51678834 1.86709885 9.70171865 3.54303442]
 [0.47841433 8.76925035 8.52946217 0.8644608 ]
 [3.1635899  4.01469933 9.74064057 4.97950715]
 [1.4989948  1.46636445 9.78504174 2.61292998]
 [1.38822371 1.47759196 9.16306584 2.53239521]
 [1.04674781 1.48492608 9.52083243 4.78028329]
 [1.45901615 2.37486385 9.99256009 3.05991088]
 [4.00756065 0.60599795 9.64423296 4.64335094]]
