[[1.52610864e-02 2.65060857e+04]
 [4.48927166e-02 9.16056255e+03]
 [3.93752889e-02 1.06532184e+04]
 [3.39946541e-02 1.19017793e+04]
 [3.70128177e-02 1.09776149e+04]
 [4.18541489e-02 9.65590185e+03]
 [1.07192317e-02 3.87363394e+04]
 [8.73430708e-03 4.97827473e+04]
 [3.18475519e-02 1.27103137e+04]
 [5.58102404e-02 8.67738208e+03]
 [2.89231505e-02 1.45152970e+04]
 [4.37664957e-02 9.35419140e+03]
 [9.94202140e-03 4.21205463e+04]
 [1.75662574e-02 2.46631743e+04]
 [3.69325530e-02 1.12290678e+04]
 [7.61845582e-03 6.14319226e+04]
 [2.45267890e-02 1.74213262e+04]
 [1.30141419e-02 3.56027198e+04]
 [7.13848030e-03 6.45562637e+04]
 [5.72322762e-02 8.66437392e+03]
 [4.68153378e-02 8.78653199e+03]
 [6.11359397e-02 8.59429174e+03]
 [3.57953222e-02 1.16734395e+04]
 [4.35718824e-02 9.43738065e+03]
 [1.57077025e-02 2.62446164e+04]
 [2.28717447e-02 1.98648473e+04]
 [1.72042913e-02 2.53144675e+04]
 [3.90124879e-02 1.08468555e+04]
 [2.63009719e-02 1.56389270e+04]
 [1.45836886e-02 2.82253160e+04]
 [5.20070205e-03 8.20519947e+04]
 [9.73192559e-03 4.92606458e+04]
 [2.10530464e-02 2.19103850e+04]
 [3.51265051e-02 1.18461441e+04]
 [2.63476305e-02 1.52537786e+04]
 [4.59576008e-02 9.01766872e+03]
 [7.59079900e-03 6.22998469e+04]
 [2.41775222e-02 1.76801960e+04]
 [3.70185204e-02 1.09767826e+04]
 [4.10883880e-02 9.93279696e+03]
 [9.81346222e-03 4.69382867e+04]
 [3.26278969e-02 1.24452174e+04]
 [4.16805293e-02 9.82777466e+03]
 [7.69917961e-03 5.97988485e+04]
 [3.65571478e-02 1.14849536e+04]
 [1.32667518e-02 3.17631727e+04]
 [2.84318895e-02 1.45995347e+04]
 [1.84735168e-02 2.21098432e+04]
 [2.75754741e-02 1.46306289e+04]
 [2.29724543e-02 1.83568438e+04]
 [3.98348664e-02 1.01370669e+04]
 [5.94320946e-02 8.59429359e+03]
 [1.05637002e-02 3.97190892e+04]
 [1.02593718e-02 4.20398480e+04]
 [5.76699291e-03 8.00083657e+04]
 [2.96956234e-02 1.37125390e+04]
 [2.19206654e-02 2.06915674e+04]
 [2.38324398e-02 1.78703895e+04]
 [3.06521612e-02 1.31697640e+04]
 [1.30893640e-02 3.35865397e+04]
 [1.51035524e-02 2.81405700e+04]
 [5.11273957e-03 8.22097068e+04]
 [8.35395461e-03 5.03060523e+04]
 [1.19918071e-02 3.59491990e+04]
 [1.59007264e-02 2.55382793e+04]
 [7.68076827e-02 8.53658933e+03]]
