[[1.56747929 0.94983913 9.93969004 3.25157477]
 [0.37624995 4.5168477  9.97673152 4.92985187]
 [1.56747929 0.99112322 9.94702557 3.25157477]
 [0.61086188 2.90134292 9.09509548 1.05553521]
 [0.95751993 1.5562744  5.89901679 1.00180408]
 [0.54267016 4.01170017 9.97830397 2.05903848]
 [1.01758918 1.38246108 9.99235746 4.64467685]
 [0.98893882 2.58763973 9.66525697 3.64397468]
 [0.59769815 1.87004654 9.09479194 1.55636897]
 [0.62801627 2.88628544 9.97199106 1.8914034 ]
 [1.56747929 0.60255919 9.57437771 3.25157477]
 [1.56747929 0.9586777  9.93969004 2.3215081 ]
 [0.37699309 4.43335391 9.21273961 0.85346504]
 [1.55713521 0.94983913 9.90126844 3.25157477]
 [0.3469969  5.9488881  9.98639484 1.45143995]
 [0.64648928 2.85277237 7.29884337 0.81404581]
 [1.97546647 2.01954937 9.95350163 4.97175416]
 [0.37699309 4.01325286 9.13893286 0.77948467]
 [0.42350242 4.30366273 9.89524044 1.13282297]
 [1.07731545 0.85306126 9.73583348 4.62879494]
 [0.59189215 2.58148616 9.99281055 4.31936557]
 [0.62934964 1.93502756 9.3432021  1.72636349]
 [1.57143639 0.64086779 9.90126844 2.93495093]
 [1.00799432 1.38246108 9.99909048 3.99699168]
 [0.88306966 4.46109914 9.97667991 4.95364958]
 [1.01758918 1.38246108 9.98566979 4.67735386]
 [0.43125293 3.52123873 9.59178174 1.45245283]
 [0.62801627 2.88628544 9.97430596 1.80818706]
 [0.89513035 1.41058085 9.63237837 2.72867173]
 [0.54267016 3.95375561 9.79990351 2.05903848]
 [0.72153726 1.43683649 9.63007297 4.21056958]
 [0.42447961 3.33167517 9.80803592 1.49101919]
 [0.37624995 4.57759273 9.97673152 0.9886137 ]
 [0.88362368 4.5168477  9.9942799  4.95517699]
 [0.37571453 4.27302994 9.99373424 1.05467734]
 [0.61086188 3.76099649 9.96403814 0.90719399]
 [0.99543039 2.05445021 9.94924275 1.76529453]
 [0.7526726  1.79836538 9.27035212 4.09346794]
 [0.34411745 4.41103512 9.10717618 1.00172771]
 [0.73045574 2.58148616 9.99112943 4.75233136]
 [0.61086188 2.42528919 9.08612015 1.00641677]
 [0.47356911 4.51513495 9.70175534 0.78035747]
 [0.37110999 3.64776277 9.00827518 0.86872925]
 [0.5044595  2.58291841 9.70319789 1.51669174]
 [0.5417616  2.58763973 9.98216201 4.89078731]]
