[[0.78492906 0.54484695]
 [0.46116184 0.94176257]
 [0.51394471 0.88156745]
 [0.93271789 0.46450633]
 [0.18606335 0.97026504]
 [0.75427668 0.75200272]
 [0.44855852 0.94312177]
 [0.94325798 0.44751757]
 [0.20297538 0.94694809]
 [0.53523343 0.81826814]
 [0.93345677 0.44926606]
 [0.10157043 1.00456358]
 [0.74310963 0.79817689]
 [1.03057657 0.11125016]
 [0.46398207 0.93628164]
 [0.96438822 0.43784912]
 [0.96682756 0.16014308]
 [0.64652441 0.80760702]
 [1.03933399 0.07886117]
 [0.89317768 0.52637846]
 [0.44856333 0.94177845]
 [0.09753258 1.02502519]
 [0.08340569 1.03877312]
 [0.80967341 0.53814761]
 [0.18337769 0.98857256]
 [1.02644964 0.12848056]]
