[[2.08511002 2.16097348]
 [0.93130106 1.03668218]
 [1.98383737 1.6164502 ]
 [2.09597257 2.0556585 ]
 [2.08652401 1.67606949]
 [0.70193469 0.59430447]
 [1.05814058 0.79663998]
 [1.63322451 1.58117431]
 [3.45448459 2.99196855]
 [0.09940067 0.07863296]
 [2.76410989 2.52609268]
 [2.92879636 2.90878724]
 [0.29958845 0.36403037]
 [0.22275939 0.32248239]
 [1.1992388  1.48130914]
 [2.62335155 2.77442391]
 [3.08389179 2.84704896]
 [3.39534418 2.75580533]
 [0.99284944 1.28010303]
 [2.63857323 2.40648325]
 [2.07924359 1.8500552 ]
 [3.91374707 2.97141535]
 [2.2095214  1.74473222]
 [1.9742524  2.24081549]
 [0.72779116 0.47319021]
 [4.52904748 2.96986554]
 [0.73396187 0.79289245]
 [2.58633799 2.74921756]
 [0.43741105 0.68192921]
 [2.85357926 2.99026028]
 [2.46035901 2.19027363]
 [1.69354013 1.57168841]
 [1.37059888 1.68158997]
 [1.07056068 0.59684377]
 [0.13313942 0.33276111]
 [0.40264764 0.69510693]
 [0.79916825 0.60780638]
 [1.85077089 1.59209232]
 [2.63951989 2.22023263]
 [2.01610236 2.27624079]
 [3.58464501 2.96197852]
 [2.00932962 2.09192406]
 [0.60383592 0.66085196]
 [0.69177345 0.87043339]
 [1.72849411 2.02491481]
 [1.10741028 1.40173747]
 [2.86636136 2.82828773]
 [2.45772575 2.57010749]
 [2.09289013 2.0503947 ]
 [1.47644397 1.63236415]
 [2.43960746 2.56606924]
 [2.92674229 2.69461514]
 [2.57087522 2.62599818]
 [0.91976721 1.38851736]
 [0.80755385 1.02732192]
 [2.14018735 1.79780927]
 [2.8968027  2.77411254]
 [1.14602514 1.30165013]
 [3.154796   2.94277103]
 [2.51754755 2.8977992 ]
 [2.49966186 2.33129469]
 [1.90540746 1.97803481]
 [0.354592   0.45781196]
 [0.08287941 0.34138907]
 [1.60513157 1.67373598]
 [0.19864353 0.21100032]
 [2.69824555 2.6857811 ]
 [2.23317523 2.63110317]
 [1.26790875 0.82142911]
 [1.64180695 1.64269281]
 [1.93002006 1.71462628]
 [4.37062968 2.85340686]
 [1.55851459 2.00638982]
 [0.19929963 0.40437935]
 [0.967082   1.0069914 ]
 [1.24145364 0.88523573]
 [1.13500583 1.78794716]
 [3.01091827 2.89070126]
 [1.72839607 1.78687529]
 [1.5264415  1.11496373]
 [2.24368629 2.1129402 ]
 [0.88339447 1.17329737]
 [0.57517506 1.1202214 ]
 [1.17538818 1.38480624]
 [1.00363744 1.58863983]
 [0.98916392 1.28799217]
 [0.61386065 0.56270968]
 [2.35248838 2.48140801]
 [2.29978366 2.29161815]
 [0.63356692 0.73279999]
 [2.73227295 2.44932719]
 [3.02153422 2.87640755]
 [1.96942004 2.06686514]
 [1.95305249 2.08881025]
 [3.06556168 2.8072088 ]
 [2.98444262 2.93877052]
 [2.2050331  2.21883589]
 [1.38600052 1.6044967 ]
 [4.48021746 2.91816106]
 [0.35271022 0.22039996]
 [3.02606448 2.97121859]
 [0.4449911  0.55471677]
 [0.18931294 0.17275052]
 [0.82659245 0.59158904]
 [2.58099231 2.58967945]
 [2.32566972 2.42024043]
 [1.28330495 1.17429109]
 [0.28987907 0.41644955]
 [0.72892716 0.73464192]
 [2.78634115 2.72132717]
 [2.60156818 2.48540444]
 [2.52889693 2.47457569]
 [2.03144214 2.23124759]
 [1.55506534 1.64546727]
 [2.39868784 2.84003004]
 [1.64573001 1.58400419]
 [1.15731468 1.28046405]
 [1.95132352 2.27947619]
 [0.45204858 0.38692795]
 [0.52631263 0.51818239]
 [4.39533201 2.92055658]
 [3.02711004 2.92871479]
 [3.09559817 2.95633474]
 [2.75997514 2.89174767]
 [1.98231345 1.8840697 ]
 [0.34892989 0.12563271]
 [0.99099615 0.66178225]
 [2.68001287 2.70234934]
 [1.17760978 0.88780516]
 [2.82866073 2.7264241 ]
 [1.86249383 1.8571189 ]
 [2.33775027 2.00082763]
 [2.06835082 2.05292887]
 [2.12862206 1.80602352]
 [2.12701733 2.4321637 ]
 [1.09576903 1.28640208]
 [3.09696083 2.94209711]
 [2.85504381 2.8921084 ]
 [0.87666296 1.02344047]
 [1.48064962 1.59876768]
 [0.3354473  0.59594479]
 [3.70982118 2.94864236]
 [0.36257764 0.51810326]
 [2.47747491 2.47337883]
 [2.77772705 2.53861358]
 [1.86628878 1.67734125]
 [3.39534418 2.89574278]
 [1.30917764 0.88523573]
 [1.73105647 1.63821241]
 [1.66824031 1.7902276 ]
 [2.36278943 2.37139381]
 [2.25866574 2.00683555]
 [0.67948011 0.67121979]
 [1.7687661  1.63106327]
 [2.12483246 2.34067374]
 [0.96923884 0.85158473]
 [4.54559063 2.93360115]
 [0.9371611  0.94325167]
 [2.14466167 1.91870122]
 [2.94704203 2.74121887]
 [0.18931294 0.11211297]
 [3.1600305  2.64881615]
 [2.57577337 2.58437758]
 [2.95862586 2.8921084 ]
 [0.73025863 0.48657735]
 [3.44180696 2.86706571]
 [1.77465575 1.86414841]
 [2.50589682 2.49280217]
 [2.85277561 2.69124048]
 [1.95301642 2.23147756]
 [2.72049655 2.61174091]
 [1.71175091 2.10107377]
 [2.28187342 2.42024043]
 [1.41762478 1.60980533]
 [2.99011283 2.9530456 ]
 [2.79191225 2.76418455]
 [1.70976418 1.12260599]
 [1.22661086 1.45903533]
 [0.42565539 0.59475437]
 [0.04321246 0.07269599]
 [2.31368875 2.46940324]
 [2.20952282 2.11299276]
 [1.49034558 1.30342884]
 [1.60996661 1.72110439]
 [2.08059193 2.31515545]
 [2.30856614 2.45181034]
 [2.01316488 1.99823345]
 [3.50266536 2.84769731]
 [1.43510285 1.23901273]
 [2.17424267 1.99291492]
 [1.02879902 1.00580415]
 [1.34505853 1.19556851]
 [3.70982118 2.97349663]
 [3.26138815 2.82081174]
 [3.96039081 2.97141535]
 [4.35472805 2.9077199 ]
 [2.75258366 2.77839653]
 [2.53813807 2.75995449]
 [2.67820054 2.53570844]
 [1.85892476 1.82662379]
 [1.15932602 1.38480624]
 [2.30220465 2.20865773]
 [2.80474378 2.32840825]
 [3.10455091 2.67305686]
 [2.53823058 2.76299797]
 [0.88098128 1.03484766]
 [1.73526022 1.11576637]
 [1.39907508 1.62187031]
 [2.68492226 2.85532708]
 [2.48541    2.3261642 ]
 [1.02461073 0.86957864]
 [2.6899386  2.46171108]
 [4.66577881 2.98482448]
 [0.51967654 0.45781196]
 [2.77950106 2.34915571]
 [1.28886406 1.48511172]
 [1.22224    1.21990771]
 [4.67576558 2.98829447]
 [2.73755968 2.70972792]
 [4.00329829 2.99191856]
 [1.63322451 1.53560296]
 [1.06834545 1.09046605]
 [0.55283887 1.12616234]
 [1.6131012  1.96546475]
 [2.35761045 2.52938515]
 [3.85161593 2.99196855]
 [0.50249269 0.40437935]
 [1.7368471  2.04096064]
 [1.70929752 1.88266327]
 [2.92674229 2.75520115]
 [2.53478249 2.88677489]
 [1.11174194 1.73212705]
 [2.57053492 2.39842673]
 [0.66086693 0.87043339]
 [2.69824555 2.78539927]
 [2.10496732 2.08881025]
 [1.69419859 1.96258435]
 [1.28203302 1.42034926]
 [1.75522132 1.71210676]
 [3.73114027 2.97049106]
 [0.07284366 0.08581003]
 [1.90508062 1.9318747 ]
 [0.64166239 0.83242465]
 [2.46020436 2.45402821]
 [2.59895674 2.79072426]
 [1.74278173 2.23600329]
 [3.30191282 2.93760872]
 [2.09851188 1.7942577 ]
 [2.48857769 2.67699386]
 [3.42035567 2.77422244]
 [3.73042773 2.89762504]
 [2.32619003 2.42702476]
 [2.5396085  2.07523621]]
