[[4.95342278e+00 2.99926014e+00]
 [4.50960385e-03 8.08009719e-03]
 [4.86712777e+00 2.99848970e+00]
 [1.45692749e+00 1.30156322e+00]
 [2.09597257e+00 2.09416507e+00]
 [3.11429715e+00 2.88639352e+00]
 [4.59914434e+00 2.99695745e+00]
 [4.74932759e+00 2.99838274e+00]
 [1.01271337e+00 8.34119969e-01]
 [3.21523251e+00 2.88051661e+00]
 [2.08652401e+00 1.88151802e+00]
 [1.51569846e+00 1.31832363e+00]
 [1.52126113e+00 1.86985688e+00]
 [6.82782793e-01 4.70768414e-01]
 [2.08511002e+00 2.21055170e+00]
 [4.69601766e+00 2.99832659e+00]
 [7.45356125e-01 1.01243568e+00]
 [2.66065094e+00 2.80111266e+00]
 [1.19923880e+00 1.48130914e+00]
 [1.15076576e+00 1.14971444e+00]
 [3.81348786e+00 2.99616918e+00]
 [2.27324725e+00 2.39826514e+00]
 [3.03823171e-01 2.37833776e-01]
 [4.32199847e+00 2.98770935e+00]
 [2.62335155e+00 2.77442391e+00]
 [9.92849442e-01 1.22800738e+00]
 [3.52237153e+00 2.97850020e+00]
 [5.62960486e-01 5.08409557e-01]
 [3.35069301e-01 6.69348272e-01]
 [3.64928680e+00 2.99821255e+00]
 [4.00785376e+00 2.99964619e+00]
 [6.82782793e-01 5.65496281e-01]
 [6.48400848e-01 8.69023767e-01]
 [2.16994627e+00 2.56742668e+00]
 [3.38525049e+00 2.99751898e+00]
 [1.59696558e+00 1.71980291e+00]
 [1.43729846e+00 1.44710193e+00]
 [3.75822747e+00 2.98988597e+00]
 [4.08839420e+00 2.99039622e+00]
 [2.21879639e-01 2.20943286e-01]
 [3.52100390e+00 2.92257572e+00]
 [1.93524859e+00 2.09534925e+00]
 [4.36394839e+00 2.98928698e+00]
 [2.36659423e+00 2.78032598e+00]
 [3.67853524e+00 2.88467218e+00]
 [2.36902739e+00 2.52764569e+00]
 [4.58560207e+00 2.98687381e+00]
 [4.46871970e+00 2.98822995e+00]
 [9.92849442e-01 1.19551030e+00]
 [2.54859526e+00 2.39055140e+00]
 [1.13047261e+00 1.37731543e+00]
 [2.41214333e+00 2.56986353e+00]
 [8.62319360e-02 2.25793270e-01]
 [3.94499232e+00 2.99451475e+00]
 [1.08004182e+00 1.37806785e+00]
 [2.75431324e+00 2.75258253e+00]
 [2.42898941e+00 2.42208159e+00]
 [1.83244743e+00 1.66190715e+00]
 [3.96585315e-01 4.77002422e-01]
 [2.63857323e+00 2.62447524e+00]
 [4.88329716e+00 2.99982544e+00]
 [4.19608204e+00 2.99063938e+00]
 [4.40195731e+00 2.98801180e+00]
 [3.90024779e+00 2.98643913e+00]
 [4.95342278e+00 2.99848970e+00]
 [4.51936433e+00 2.99938654e+00]
 [1.14767365e+00 1.27035007e+00]
 [1.10144465e+00 8.03945297e-01]
 [1.39867462e-01 2.21003215e-01]
 [1.85055236e+00 1.85585932e+00]
 [3.68611630e+00 2.99813209e+00]
 [1.47866747e+00 1.69212756e+00]
 [1.80675125e+00 1.97628352e+00]
 [4.43399396e+00 2.99165387e+00]
 [7.55838098e-01 8.13347531e-01]
 [3.29113828e-01 4.70768414e-01]
 [2.68063996e+00 2.53885253e+00]
 [2.05647788e+00 1.78665738e+00]
 [1.84264734e+00 1.76789163e+00]
 [4.31039960e-01 2.94038695e-01]
 [6.43831723e-01 4.72383052e-01]
 [1.07923255e+00 1.04885404e+00]
 [2.83012774e+00 2.99946871e+00]
 [5.93052248e-02 3.70909330e-02]
 [3.76540096e-01 2.88505891e-01]
 [8.68350847e-01 8.55502666e-01]
 [2.41248102e+00 2.77442391e+00]
 [6.74672803e-01 6.27247938e-01]
 [6.52728328e-01 3.06862672e-01]
 [4.26166192e+00 2.99926014e+00]
 [4.50386146e+00 2.99908586e+00]
 [2.36023883e+00 2.17895494e+00]
 [1.08004182e+00 1.55680951e+00]
 [1.59170295e+00 1.94807556e+00]
 [4.23383110e+00 2.98613667e+00]
 [9.94006692e-02 9.65893419e-02]
 [4.14873297e+00 2.99847569e+00]
 [3.64928680e+00 2.94327628e+00]
 [2.39557464e+00 2.41800118e+00]
 [2.69252787e+00 2.40648325e+00]
 [1.61588659e+00 1.31453416e+00]
 [1.63808473e+00 1.43471017e+00]
 [5.25590947e-01 8.34119969e-01]
 [1.10474635e-01 3.36545262e-02]
 [1.84264734e+00 1.72296844e+00]
 [4.25291087e-01 3.62301951e-01]
 [2.12132252e-01 1.90379898e-01]
 [3.04350495e+00 2.83254446e+00]
 [2.02750753e+00 1.88151802e+00]
 [3.05931135e+00 2.90244997e+00]
 [2.63857323e+00 2.38477409e+00]
 [6.16405785e-01 8.47591392e-01]
 [2.04383882e+00 1.85769139e+00]
 [2.75367538e+00 2.54649309e+00]
 [2.22934718e+00 2.40469133e+00]
 [4.69601766e+00 2.99879482e+00]
 [3.87153813e+00 2.97377894e+00]
 [4.74932759e+00 2.99832659e+00]
 [1.78844781e+00 1.85585932e+00]
 [1.26386460e+00 1.28791772e+00]
 [1.97944856e+00 2.08151849e+00]
 [1.59170295e+00 1.51698650e+00]
 [1.48641871e+00 1.64991055e+00]
 [1.61564732e+00 1.60123927e+00]
 [1.85127286e+00 1.58771731e+00]
 [1.98181949e+00 1.84257924e+00]
 [7.70173256e-01 8.47591392e-01]
 [1.53763981e+00 1.71980291e+00]
 [1.46026250e+00 1.51791664e+00]
 [3.97504013e+00 2.98867172e+00]
 [1.15299952e+00 1.18818709e+00]
 [2.02435103e+00 1.72039787e+00]
 [1.05814058e+00 1.01302712e+00]
 [1.63808473e+00 1.37799275e+00]
 [2.02848035e+00 2.27514564e+00]
 [8.65483018e-01 8.01736666e-01]
 [1.48641871e+00 1.80880915e+00]
 [5.93052248e-02 1.94475081e-01]
 [5.15214743e-01 4.11407249e-01]
 [2.97317042e-01 3.22482387e-01]
 [2.22934718e+00 2.22294307e+00]
 [2.68020205e+00 2.98603635e+00]
 [2.16907549e+00 2.26764155e+00]
 [3.32032752e+00 2.99012290e+00]
 [2.93057367e+00 2.96223073e+00]
 [1.30555159e+00 1.72973462e+00]
 [2.91634454e-01 4.10800575e-01]
 [1.74740280e+00 1.70739727e+00]
 [2.63857323e+00 2.97936529e+00]
 [3.33727504e+00 2.99750022e+00]
 [3.24115541e+00 2.99364871e+00]
 [2.36703011e+00 2.20192149e+00]
 [2.36858628e-01 3.26271361e-01]
 [7.00359385e-01 9.78590199e-01]
 [1.15209124e+00 1.22223682e+00]
 [3.36398527e+00 2.99530352e+00]
 [2.87320007e+00 2.87357151e+00]
 [2.15200055e+00 2.20134710e+00]
 [2.63857323e+00 2.99606952e+00]
 [2.38590956e+00 2.39826514e+00]
 [3.15935393e+00 2.76658983e+00]
 [1.04915228e+00 9.50772315e-01]
 [2.27378906e+00 2.22622957e+00]
 [3.99496387e+00 2.99777170e+00]
 [2.22713667e+00 2.26405925e+00]
 [2.76947492e+00 2.77442391e+00]
 [3.35340836e+00 2.90248989e+00]
 [9.97755708e-01 1.03322230e+00]
 [2.74048049e+00 2.97453481e+00]
 [3.24997659e+00 2.87318952e+00]
 [2.21056802e-01 4.05187882e-02]
 [3.72966644e+00 2.98826735e+00]
 [2.09597257e+00 2.05565850e+00]
 [4.24986541e+00 2.99861353e+00]
 [9.97755708e-01 9.35817280e-01]
 [3.86936644e+00 2.99616918e+00]
 [2.82162013e+00 2.98461111e+00]
 [2.60313850e+00 2.75776278e+00]
 [2.47698925e+00 2.28690654e+00]
 [6.01284539e-02 1.14896307e-01]]
