[[1.86260211e-03 3.45560727e-03 1.79353495e+00]
 [1.98569888e-03 4.26701009e-03 1.68669248e+00]
 [3.66543097e-03 8.62346253e-03 2.38535544e+00]
 [3.81016124e-03 7.49858311e-03 2.02228296e+00]
 [2.74119775e-03 5.60529991e-03 2.34345957e+00]
 [4.44117107e-03 8.28135361e-03 1.85269631e+00]
 [4.32981507e-03 9.09311989e-03 2.21095800e+00]
 [1.15103041e-03 2.27001165e-03 2.19196477e+00]
 [9.94405629e-04 1.15035012e-03 1.74681426e+00]
 [3.72748802e-03 7.10354578e-03 1.91128685e+00]
 [6.05212895e-03 9.90406197e-03 2.54783250e+00]
 [1.01581476e-03 2.25806922e-03 2.94264094e+00]
 [4.79737567e-03 9.46676679e-03 2.10686741e+00]
 [8.48018217e-04 2.02463036e-03 2.70847595e+00]
 [2.31462936e-03 4.26821349e-03 1.49622293e+00]
 [9.04097157e-04 1.28975984e-03 1.21052505e+00]
 [4.93963846e-04 1.50455028e-03 1.79070095e+00]
 [2.37214058e-03 5.39490891e-03 2.49856157e+00]
 [1.32906238e-03 2.83462432e-03 2.60128235e+00]
 [1.08067485e-03 1.91272052e-03 1.77409247e+00]
 [2.78504172e-03 6.14781891e-03 2.33033671e+00]
 [6.56219990e-04 1.80729214e-03 2.38861388e+00]
 [1.84748152e-03 4.30973654e-03 2.74649084e+00]
 [3.31014434e-03 6.59709804e-03 1.93308698e+00]
 [3.20354290e-03 5.51737971e-03 1.37643883e+00]
 [4.85337454e-03 9.85289939e-03 1.82031480e+00]
 [5.76041309e-03 9.85316802e-03 2.70312909e+00]
 [4.13217365e-03 7.11663615e-03 1.63287809e+00]
 [1.72991210e-03 2.69085637e-03 1.48283750e+00]
 [2.80192635e-03 4.51361861e-03 1.69698967e+00]
 [4.30310122e-03 9.73339763e-03 2.35560178e+00]
 [3.59831398e-03 7.61312336e-03 2.11780762e+00]
 [7.96745476e-03 9.96642895e-03 2.53326772e+00]
 [2.37205188e-03 5.39490891e-03 2.12630672e+00]
 [3.98894701e-03 6.83464900e-03 1.58969705e+00]
 [1.44331224e-03 2.60279389e-03 2.09336914e+00]
 [1.61574040e-03 3.47783103e-03 2.51433664e+00]
 [3.23479197e-03 6.45841414e-03 1.97995446e+00]
 [4.00852929e-03 8.21176965e-03 2.45076928e+00]
 [1.91889570e-03 3.56880267e-03 1.55092405e+00]
 [1.55528584e-03 3.15505436e-03 1.68796635e+00]
 [4.26043226e-03 7.67788978e-03 2.07201699e+00]
 [1.01252323e-03 1.54158777e-03 1.74681426e+00]
 [3.68598552e-03 7.17282283e-03 2.04227532e+00]
 [8.96043492e-03 9.88337509e-03 2.99323515e+00]
 [4.50628673e-03 9.53262732e-03 2.10686741e+00]
 [4.73961747e-03 9.67854367e-03 2.54783250e+00]
 [3.12651537e-03 5.59144607e-03 2.01769076e+00]
 [4.17523779e-03 9.88861089e-03 2.49633131e+00]
 [1.62853412e-03 3.74046717e-03 2.51323211e+00]
 [3.31014434e-03 6.43886607e-03 1.93308698e+00]
 [5.32664122e-03 9.01572890e-03 1.54897461e+00]
 [1.08067485e-03 1.77667589e-03 1.75005744e+00]
 [2.22383194e-03 4.24858666e-03 2.15715282e+00]
 [2.49687473e-03 6.30848074e-03 2.43882935e+00]
 [1.00234643e-03 2.14218893e-03 1.68898307e+00]
 [3.63810821e-03 6.97368876e-03 1.52855139e+00]
 [1.94809960e-03 3.78410598e-03 2.50024850e+00]
 [1.73542647e-03 2.62500546e-03 1.50561261e+00]
 [3.74875944e-03 8.67022621e-03 2.45667060e+00]
 [6.05212895e-03 9.90406197e-03 2.40951827e+00]
 [3.39487394e-03 5.58222924e-03 1.62146693e+00]
 [4.07298714e-03 8.33301808e-03 2.02315978e+00]
 [5.23794801e-03 9.76290839e-03 2.18858171e+00]
 [3.27016768e-03 6.97368876e-03 1.75209749e+00]
 [5.21628986e-03 8.64335289e-03 1.64370447e+00]
 [8.87894674e-03 9.86833292e-03 2.76899446e+00]
 [2.73832188e-03 5.60529991e-03 2.44733330e+00]
 [2.34902221e-03 5.29872084e-03 2.51323211e+00]
 [1.48250919e-03 3.59223060e-03 2.76076021e+00]
 [2.51112782e-03 5.12842391e-03 2.13518637e+00]
 [3.47147319e-03 7.10354578e-03 1.91128685e+00]]
