[[3.60699608e+01 1.65566552e+01]
 [2.46068013e+00 4.05072176e+01]
 [7.76812641e+00 3.22621992e+01]
 [2.61940879e+01 2.05456462e+01]
 [3.44753316e+01 1.71025222e+01]
 [3.38364045e+00 3.78835185e+01]
 [7.01718697e+00 3.32064912e+01]
 [3.22853364e+01 1.82240390e+01]
 [2.06701379e+01 2.30235463e+01]
 [8.35413583e+01 6.42080819e+00]
 [6.42545421e-02 4.82357273e+01]
 [5.60857909e+01 1.11194220e+01]
 [6.81555654e+01 8.66305532e+00]
 [8.89085385e-01 4.35860832e+01]
 [6.14466549e-01 4.47011988e+01]
 [1.45298019e+01 2.68269711e+01]
 [5.83176055e+01 1.06016468e+01]
 [7.04643053e+01 8.30666886e+00]
 [7.07409588e+00 3.29968040e+01]
 [6.16784942e+01 9.95395502e+00]
 [7.64913006e+01 7.61132999e+00]
 [5.10129214e+01 1.23026655e+01]
 [4.83307391e+01 1.30055861e+01]
 [1.04383508e+01 3.05546152e+01]
 [3.09838326e+01 1.84529702e+01]
 [9.12337203e+00 3.15838444e+01]
 [9.65869014e+01 5.29510110e+00]
 [8.61160919e+00 3.19010647e+01]
 [7.47103428e+00 3.27839613e+01]
 [1.93888691e-01 4.71300901e+01]
 [3.56757064e+01 1.67682477e+01]
 [3.01435576e+00 3.87437753e+01]
 [1.17329489e+02 4.34324222e+00]
 [4.66951383e+00 3.58988353e+01]
 [5.69893656e+01 1.08917859e+01]
 [2.62542348e+00 3.94629533e+01]
 [6.83382844e+01 8.64617576e+00]
 [2.13531304e+01 2.26859973e+01]
 [5.00504672e+01 1.25116603e+01]
 [1.88251444e+01 2.41843976e+01]
 [6.00929066e+00 3.48282781e+01]
 [5.13824242e-01 4.54694508e+01]
 [2.58119506e+00 3.96677531e+01]
 [4.03239394e+00 3.69383522e+01]
 [2.38404433e+01 2.15314788e+01]
 [3.69837635e+01 1.63225093e+01]
 [8.64919865e+01 6.15676129e+00]
 [3.54154819e+01 1.70003975e+01]
 [3.36542071e+01 1.74010150e+01]
 [3.20537255e+00 3.81544643e+01]
 [4.94481916e+00 3.56141364e+01]
 [2.40538698e+01 2.14695150e+01]
 [6.48609556e+01 9.26874806e+00]
 [5.05834735e+01 1.23675360e+01]
 [3.43372301e+01 1.71514592e+01]
 [1.93779981e+01 2.37564183e+01]
 [5.01455835e+01 1.24796289e+01]
 [5.40210633e+01 1.15365319e+01]
 [6.83013424e+00 3.33587758e+01]
 [3.12500802e+01 1.84325539e+01]
 [6.43486652e+01 9.37801384e+00]
 [1.71358718e+00 4.17938033e+01]
 [1.20306667e+01 2.85309140e+01]
 [2.25733983e+01 2.24263055e+01]
 [7.44505565e+01 7.63696884e+00]
 [5.89411434e+01 1.05818184e+01]
 [4.67329773e+01 1.33736789e+01]
 [3.88029074e+01 1.58309290e+01]
 [3.01727971e+01 1.87087766e+01]
 [1.34130912e+00 4.22112876e+01]
 [4.93661976e-01 4.58807307e+01]
 [2.15113580e+01 2.25891640e+01]
 [7.93024178e+01 7.29668767e+00]
 [3.35921562e-01 4.59875418e+01]
 [5.79757966e+01 1.06536827e+01]
 [9.12935351e+00 3.13889598e+01]
 [2.15758789e+01 2.25489721e+01]
 [2.66596827e+01 2.02184574e+01]
 [2.58182713e+01 2.08055238e+01]
 [7.79711709e+00 3.22085453e+01]
 [4.45625951e+01 1.40918550e+01]
 [9.29939777e+00 3.10579557e+01]
 [1.79399730e+01 2.52554634e+01]
 [6.96871304e+01 8.40558730e+00]
 [2.47211051e+01 2.10275627e+01]
 [1.42926711e+01 2.71591155e+01]
 [3.79945778e+01 1.59323796e+01]
 [8.62804999e+00 3.15900942e+01]
 [1.31969028e+01 2.76972815e+01]
 [1.41242585e+01 2.76082919e+01]
 [2.76770048e+01 1.99347921e+01]
 [2.32632100e+01 2.22242980e+01]
 [2.77386830e+00 3.89277638e+01]
 [4.67663491e+01 1.33526234e+01]
 [2.37216027e+01 2.17945128e+01]
 [4.21620745e+01 1.46265005e+01]
 [3.75361146e+00 3.72747338e+01]
 [5.38580768e+01 1.16485177e+01]
 [6.96135576e+01 8.42397176e+00]
 [3.26021873e+01 1.77876950e+01]
 [8.02485554e+01 7.11869063e+00]
 [3.27101692e+01 1.77589149e+01]
 [6.91123586e+01 8.55038487e+00]
 [7.01730799e+01 8.31113849e+00]
 [3.91416147e+01 1.55467138e+01]
 [1.79816284e+01 2.45904349e+01]
 [7.34291820e+01 7.93473231e+00]
 [1.14352050e+02 4.60422727e+00]
 [6.91922583e-01 4.44418788e+01]
 [1.65221373e+01 2.61863567e+01]
 [7.19408245e+01 8.01237546e+00]
 [2.02291111e+00 4.05086490e+01]
 [2.62728519e-01 4.64450476e+01]
 [5.34718436e+01 1.16612434e+01]
 [4.50652135e+01 1.38072019e+01]
 [1.21033246e+01 2.84498708e+01]
 [1.02984042e+00 4.31941739e+01]
 [4.28413418e+00 3.64353428e+01]
 [6.06772742e+01 1.00926354e+01]
 [5.17815690e+01 1.20756660e+01]
 [5.00753781e+01 1.24841183e+01]
 [1.18525391e+01 2.91312741e+01]
 [2.05031630e+01 2.31204647e+01]
 [5.52778958e+01 1.14322952e+01]
 [2.08699861e+01 2.29201545e+01]
 [1.19158618e+01 2.86011782e+01]
 [3.60147008e+01 1.66956781e+01]
 [7.43159884e+01 7.68993699e+00]
 [6.38598611e+01 9.47580348e+00]
 [8.01081681e+01 7.16318502e+00]
 [4.87059894e+01 1.28613771e+01]
 [1.67106948e-01 4.79630639e+01]
 [5.20064865e+00 3.55275701e+01]
 [1.25023140e+01 2.81906543e+01]
 [1.72424423e+01 2.54311878e+01]
 [3.78273935e+01 1.60730304e+01]
 [1.25750856e+02 4.12610616e+00]
 [6.21857805e+01 9.94441719e+00]
 [1.83751236e+00 4.10824453e+01]
 [2.93564835e+01 1.90299210e+01]
 [5.38598945e+01 1.16480445e+01]
 [4.16740043e+01 1.49223840e+01]
 [2.33827917e+01 2.18382632e+01]
 [4.64258687e+01 1.34445418e+01]
 [5.19714282e+01 1.20169675e+01]
 [6.77639384e+01 8.96807702e+00]
 [4.60527312e+01 1.36122341e+01]
 [9.16089807e+01 5.64355166e+00]
 [4.89991967e+01 1.27637253e+01]
 [1.15705400e+02 4.49049936e+00]
 [2.96976220e+01 1.89716231e+01]
 [5.80070548e+01 1.06517765e+01]
 [1.18557908e+02 4.31256757e+00]
 [2.81373743e+01 1.95294491e+01]
 [3.41734607e+01 1.72122054e+01]
 [5.32290081e+01 1.17538235e+01]
 [2.74282111e+00 3.89977150e+01]
 [8.22981562e+01 6.55778397e+00]
 [4.34234786e+01 1.42640905e+01]
 [7.48984142e-01 4.41461518e+01]
 [2.80325939e+01 1.96234614e+01]
 [5.82057553e+01 1.06263891e+01]
 [9.35480020e+01 5.56337341e+00]
 [6.28424766e+00 3.40070881e+01]
 [4.74735711e+00 3.57959156e+01]
 [4.20832216e+01 1.48210164e+01]
 [4.71518339e+01 1.33154637e+01]
 [3.34283728e+01 1.76746971e+01]
 [4.78038769e+01 1.30741081e+01]
 [2.53011772e+00 3.98752043e+01]
 [4.33998652e+01 1.43399857e+01]
 [9.05154559e+01 6.08862007e+00]
 [1.06965381e+01 2.96180022e+01]
 [2.17509926e+01 2.24813904e+01]
 [3.64032234e+01 1.64399096e+01]
 [2.14505505e+01 2.26132866e+01]
 [6.57030761e+01 9.16780988e+00]
 [6.98585901e+01 8.36707798e+00]
 [1.56127348e+01 2.61972043e+01]
 [9.88992372e+01 5.22306310e+00]
 [1.66899277e+01 2.56158896e+01]
 [5.52449853e+01 1.14788966e+01]
 [2.11030826e+01 2.28774607e+01]
 [6.97952428e+01 8.37579926e+00]
 [5.04261729e+01 1.24627080e+01]
 [9.66174103e+01 5.27591118e+00]
 [4.84963685e+01 1.29387962e+01]
 [6.10725171e+01 1.00834529e+01]
 [4.48670466e+01 1.38634970e+01]
 [4.25184416e+01 1.45218882e+01]
 [6.16295476e+01 9.99096693e+00]
 [1.04936287e+01 2.97585077e+01]
 [6.02449874e+00 3.48143377e+01]
 [3.41567489e+01 1.72577099e+01]
 [3.94623667e+01 1.54579711e+01]
 [1.14956409e+01 2.91764751e+01]
 [5.78138479e+00 3.49577835e+01]
 [2.70000111e+01 2.00081832e+01]
 [4.61699697e+01 1.35048000e+01]
 [9.23363258e+01 5.56992499e+00]
 [4.99731375e+01 1.25401585e+01]
 [4.72327344e+01 1.32142811e+01]
 [1.25970047e+01 2.80526608e+01]
 [1.04657916e+02 4.79100029e+00]
 [3.52011303e+01 1.70415408e+01]
 [5.05308011e+01 1.23691922e+01]
 [7.78828529e+01 7.37571396e+00]
 [7.88482271e+01 7.32153859e+00]
 [8.03772723e+01 6.86646989e+00]
 [3.16963771e+01 1.82430040e+01]
 [5.19406263e+01 1.20355630e+01]
 [5.65066458e+01 1.09872318e+01]
 [4.08671496e+00 3.67403047e+01]
 [9.07107864e+01 6.03731643e+00]
 [8.74645090e+01 6.13612164e+00]
 [1.48937414e+01 2.66139654e+01]
 [5.82196926e+01 1.06051343e+01]
 [6.31396037e+01 9.60225563e+00]
 [3.56393338e+01 1.69243252e+01]
 [1.57463750e+00 4.19673876e+01]]
