[[3.60699608e+01 1.65566552e+01]
 [7.76812641e+00 3.22621992e+01]
 [2.61940879e+01 2.05456462e+01]
 [3.44753316e+01 1.71025222e+01]
 [2.86511655e+01 1.95368564e+01]
 [3.38364045e+00 3.78835185e+01]
 [7.01718697e+00 3.32064912e+01]
 [2.06701379e+01 2.30235463e+01]
 [8.35413583e+01 6.42080819e+00]
 [6.42545421e-02 4.82357273e+01]
 [5.60857909e+01 1.11194220e+01]
 [6.81555654e+01 8.66305532e+00]
 [8.89085385e-01 4.35860832e+01]
 [6.14466549e-01 4.47011988e+01]
 [1.45298019e+01 2.68269711e+01]
 [5.83176055e+01 1.06016468e+01]
 [7.04643053e+01 8.30666886e+00]
 [7.07409588e+00 3.29968040e+01]
 [6.16784942e+01 9.95395502e+00]
 [1.04976551e+01 2.98948891e+01]
 [5.10129214e+01 1.23026655e+01]
 [3.09838326e+01 1.84529702e+01]
 [9.65869014e+01 5.29510110e+00]
 [7.47103428e+00 3.27839613e+01]
 [1.93888691e-01 4.71300901e+01]
 [3.56757064e+01 1.67682477e+01]
 [1.17329489e+02 4.34324222e+00]
 [4.66951383e+00 3.58988353e+01]
 [5.69893656e+01 1.08917859e+01]
 [2.62542348e+00 3.94629533e+01]
 [6.83382844e+01 8.64617576e+00]
 [4.34026601e+01 1.43443386e+01]
 [2.13531304e+01 2.26859973e+01]
 [5.00504672e+01 1.25116603e+01]
 [1.88251444e+01 2.41843976e+01]
 [6.00929066e+00 3.48282781e+01]
 [5.13824242e-01 4.54694508e+01]
 [4.03239394e+00 3.69383522e+01]
 [4.75859928e+01 1.32989730e+01]
 [3.69837635e+01 1.63225093e+01]
 [8.64919865e+01 6.15676129e+00]
 [3.54154819e+01 1.70003975e+01]
 [3.36542071e+01 1.74010150e+01]
 [3.20537255e+00 3.81544643e+01]
 [4.94481916e+00 3.56141364e+01]
 [2.83518875e+01 1.95538827e+01]
 [1.27649019e+01 2.80997480e+01]
 [2.40538698e+01 2.14695150e+01]
 [6.48609556e+01 9.26874806e+00]
 [5.05834735e+01 1.23675360e+01]
 [3.43372301e+01 1.71514592e+01]
 [1.93779981e+01 2.37564183e+01]
 [5.01455835e+01 1.24796289e+01]
 [6.33070848e+01 9.61319687e+00]
 [5.40210633e+01 1.15365319e+01]
 [6.83013424e+00 3.33587758e+01]
 [3.12500802e+01 1.84325539e+01]
 [6.43486652e+01 9.37801384e+00]
 [1.20306667e+01 2.85309140e+01]
 [7.44505565e+01 7.63696884e+00]
 [5.89411434e+01 1.05818184e+01]
 [4.67329773e+01 1.33736789e+01]
 [3.88029074e+01 1.58309290e+01]
 [3.01727971e+01 1.87087766e+01]
 [1.34130912e+00 4.22112876e+01]
 [4.93661976e-01 4.58807307e+01]
 [2.15113580e+01 2.25891640e+01]
 [3.35921562e-01 4.59875418e+01]
 [5.79757966e+01 1.06536827e+01]
 [4.76391019e+01 1.32669915e+01]
 [2.15758789e+01 2.25489721e+01]
 [2.66596827e+01 2.02184574e+01]
 [8.12972023e-01 4.41664531e+01]
 [7.79711709e+00 3.22085453e+01]
 [4.45625951e+01 1.40918550e+01]
 [6.96871304e+01 8.40558730e+00]
 [2.47211051e+01 2.10275627e+01]
 [8.62804999e+00 3.15900942e+01]
 [1.31969028e+01 2.76972815e+01]
 [1.05494764e+01 2.98658082e+01]
 [2.77386830e+00 3.89277638e+01]
 [4.67663491e+01 1.33526234e+01]
 [4.21620745e+01 1.46265005e+01]
 [3.75361146e+00 3.72747338e+01]
 [5.38580768e+01 1.16485177e+01]
 [6.96135576e+01 8.42397176e+00]
 [3.26021873e+01 1.77876950e+01]
 [3.27101692e+01 1.77589149e+01]
 [6.91123586e+01 8.55038487e+00]
 [7.01730799e+01 8.31113849e+00]
 [3.91416147e+01 1.55467138e+01]
 [1.79816284e+01 2.45904349e+01]
 [6.91922583e-01 4.44418788e+01]
 [7.19408245e+01 8.01237546e+00]
 [2.02291111e+00 4.05086490e+01]
 [2.62728519e-01 4.64450476e+01]
 [4.13293070e+00 3.68514178e+01]
 [5.34718436e+01 1.16612434e+01]
 [4.50652135e+01 1.38072019e+01]
 [1.21033246e+01 2.84498708e+01]
 [1.02984042e+00 4.31941739e+01]
 [4.28413418e+00 3.64353428e+01]
 [6.06772742e+01 1.00926354e+01]
 [5.17815690e+01 1.20756660e+01]
 [5.00753781e+01 1.24841183e+01]
 [3.64208919e+01 1.64783257e+01]
 [2.05031630e+01 2.31204647e+01]
 [5.52778958e+01 1.14322952e+01]
 [2.08699861e+01 2.29201545e+01]
 [1.19158618e+01 2.86011782e+01]
 [3.60147008e+01 1.66956781e+01]
 [1.41624463e+00 4.19642958e+01]
 [2.18207191e+00 4.01005677e+01]
 [1.11394377e+02 4.68970831e+00]
 [7.09630621e+01 8.18251721e+00]
 [7.32905725e+01 7.80331402e+00]
 [6.39186693e+01 9.46243930e+00]
 [2.99171409e+01 1.88154538e+01]
 [5.68011641e+00 3.48922452e+01]
 [5.79406439e+01 1.06615388e+01]
 [6.17388396e+01 9.88386160e+00]
 [2.76710956e+01 1.97216465e+01]
 [3.78735500e+01 1.60826086e+01]
 [3.39703682e+01 1.72797952e+01]
 [3.11710112e+01 1.84462971e+01]
 [1.14221603e+01 2.90338290e+01]
 [7.29884071e+01 7.85652240e+00]
 [6.65957702e+00 3.35761655e+01]
 [6.60622646e+01 9.04404406e+00]
 [7.26387335e+00 3.28149341e+01]
 [1.89935255e+01 2.39542084e+01]
 [8.98290597e+01 5.87262957e+00]
 [1.59957415e+00 4.15930845e+01]
 [4.90219390e+01 1.27469474e+01]
 [4.65904102e+00 3.60155754e+01]
 [3.07163213e+01 1.85980647e+01]
 [4.64265309e+01 1.34264990e+01]
 [1.51849824e+01 2.62457580e+01]
 [1.42757879e+01 2.68825864e+01]
 [3.72009529e+01 1.61897965e+01]
 [3.17354115e+01 1.81485282e+01]
 [2.43779936e+00 3.95935045e+01]
 [9.15401703e+00 3.10240831e+01]
 [4.90329696e+01 1.27447142e+01]
 [3.98748676e+01 1.53214381e+01]
 [5.05675235e+00 3.54073223e+01]
 [1.39730904e+01 2.73822381e+01]
 [7.92591256e+00 3.20759247e+01]
 [4.14497823e+01 1.48385144e+01]
 [1.69298285e+01 2.51770984e+01]
 [2.79712804e+01 1.96417636e+01]
 [5.75792510e+01 1.07423058e+01]
 [9.05147208e+00 3.10878785e+01]
 [6.86842505e+00 3.32339969e+01]
 [4.61139651e+01 1.36149424e+01]
 [1.63030094e+01 2.55336468e+01]
 [1.28464337e+01 2.78687432e+01]
 [3.97672525e+00 3.70862842e+01]
 [4.78486607e+01 1.30789748e+01]
 [2.37184900e+01 2.15006854e+01]
 [3.99554597e+00 3.70488245e+01]
 [6.00819875e-02 4.82947230e+01]
 [2.88822055e+00 3.87144616e+01]
 [5.37710108e-01 4.50197357e+01]
 [4.86124948e+01 1.29409779e+01]
 [1.05546994e+01 2.96721623e+01]
 [3.04608941e+01 1.86549541e+01]
 [2.48211394e+01 2.09974032e+01]
 [1.03094148e+01 3.00018891e+01]
 [6.13992663e+00 3.42359010e+01]
 [1.11413737e+01 2.92004353e+01]
 [4.41139604e+00 3.62529467e+01]
 [6.20321875e+01 9.81843026e+00]
 [5.52680288e+01 1.14341716e+01]
 [4.14209905e+01 1.48751103e+01]
 [9.37890541e+01 5.52172085e+00]
 [3.15233754e+01 1.82345226e+01]
 [8.38506838e+00 3.17778435e+01]
 [2.25063833e+01 2.22838229e+01]
 [6.78264349e+01 8.72474851e+00]
 [8.89502493e+01 6.04657099e+00]
 [9.26238256e+00 3.08951587e+01]
 [3.72758915e+01 1.61691440e+01]
 [2.23043604e+01 2.23785094e+01]
 [4.37060154e+01 1.41880846e+01]
 [1.06836660e+02 4.71504454e+00]
 [1.96093098e+01 2.37081908e+01]
 [5.17636519e+01 1.22282311e+01]
 [4.49910610e+01 1.38210555e+01]
 [4.81993599e+01 1.29719582e+01]
 [5.22413215e+01 1.19548892e+01]
 [3.91310139e+01 1.55511129e+01]
 [1.30228566e+02 4.12699553e+00]
 [5.20064855e+00 3.51781418e+01]
 [6.67310803e+01 8.95699329e+00]
 [1.25533824e+01 2.83516761e+01]
 [9.12170986e+00 3.10509563e+01]
 [1.19344438e+02 4.33439809e+00]
 [1.08881287e+02 4.71294172e+00]
 [9.68364107e+00 3.04431822e+01]
 [2.53916724e+01 2.08936374e+01]
 [9.88797634e-01 4.32189513e+01]
 [4.04906405e+01 1.51298781e+01]
 [1.80035832e+01 2.45022495e+01]
 [1.00101882e+02 5.20485850e+00]
 [2.73861574e+01 2.00937417e+01]
 [3.98296167e+01 1.53314320e+01]
 [4.07256424e+01 1.51263516e+01]
 [2.80762944e+01 1.95733772e+01]
 [1.01399720e+01 3.01263573e+01]
 [6.76142582e+01 8.77735369e+00]
 [6.04415060e+01 1.01422062e+01]
 [2.41580723e+01 2.14130202e+01]
 [1.38436192e+01 2.74105006e+01]
 [3.53606250e+01 1.70571791e+01]
 [3.98197080e+01 1.55149348e+01]
 [8.10262853e+00 3.18989401e+01]
 [2.93412438e+01 1.90471387e+01]
 [6.56958633e+01 9.11670806e+00]
 [7.90390287e+01 6.96736829e+00]
 [5.03500909e+01 1.24792766e+01]
 [1.75063489e+01 2.48215193e+01]
 [2.00221310e+01 2.34491028e+01]
 [1.76368093e+01 2.47927267e+01]
 [5.69674396e+01 1.10254036e+01]
 [3.21139703e+01 1.79618243e+01]
 [2.69758423e+01 2.01155545e+01]
 [3.57451966e+01 1.67035053e+01]
 [3.16816268e+01 1.81673057e+01]
 [1.96886024e+01 2.35465751e+01]
 [2.02577873e+01 2.33316582e+01]
 [3.43254014e+01 1.72181013e+01]
 [2.93939921e+00 3.86520941e+01]
 [1.50188524e+01 2.64850427e+01]
 [1.19497622e+01 2.85594274e+01]
 [9.46995571e+00 3.07218437e+01]
 [8.75123743e-01 4.38119344e+01]
 [2.45512789e+01 2.12271460e+01]
 [3.09551676e+01 1.84788993e+01]
 [1.10942755e+01 2.95603293e+01]
 [3.13589496e+01 1.83842341e+01]
 [6.53753124e+01 9.17383183e+00]
 [8.35165652e+01 6.48700085e+00]
 [1.11846411e+02 4.51612244e+00]
 [6.63818002e+01 9.02242229e+00]
 [7.86204423e-01 4.42473875e+01]
 [8.66035390e+00 3.13612336e+01]
 [1.36806839e+01 2.74264860e+01]
 [1.85122742e+01 2.43945546e+01]
 [5.89878771e+01 1.05703085e+01]
 [5.31541830e+01 1.18128218e+01]
 [2.25155583e+01 2.20921242e+01]
 [2.56358308e+01 2.07888149e+01]
 [4.24805852e+01 1.45785243e+01]
 [4.04270100e+01 1.52981269e+01]
 [6.04138778e+00 3.45874311e+01]
 [1.46330958e+01 2.67961470e+01]
 [3.85713520e+01 1.59191452e+01]
 [6.47340912e+00 3.36276120e+01]
 [2.28202590e+00 4.00359142e+01]
 [4.18186952e+01 1.48274550e+01]
 [3.73094665e+01 1.61366418e+01]
 [6.67499181e+01 8.94681981e+00]
 [1.79663902e+00 4.10467042e+01]
 [1.32380102e+01 2.76513802e+01]
 [1.32521626e+02 4.01163457e+00]
 [4.51359810e+00 3.61092965e+01]
 [1.79673061e+01 2.46636572e+01]
 [2.87057216e+00 3.88089562e+01]
 [3.43489307e-02 4.87191458e+01]
 [2.75409138e+01 1.99353793e+01]
 [1.01672004e+02 4.97462972e+00]
 [4.80792587e+01 1.30139847e+01]
 [3.71310803e+01 1.62283828e+01]
 [4.30427410e+01 1.45305088e+01]
 [3.71078578e+01 1.62925979e+01]
 [1.77669528e+01 2.46969918e+01]
 [8.48730576e+01 6.32153726e+00]
 [2.97736865e+01 1.90249787e+01]
 [6.60275130e-01 4.46316143e+01]
 [7.28798816e+01 7.86699867e+00]
 [2.27934044e+01 2.20562301e+01]
 [6.14206983e+01 9.96465559e+00]
 [6.11780835e+01 1.00257722e+01]
 [8.81852614e+00 3.12598920e+01]
 [4.90632894e+01 1.27417996e+01]
 [6.67936320e+01 8.93503339e+00]
 [3.79785139e+01 1.59204978e+01]
 [1.13069694e-01 4.81733413e+01]
 [1.16107629e+02 4.47749570e+00]
 [1.29966715e+00 4.23596271e+01]
 [1.89301763e+01 2.41048717e+01]
 [4.19317406e+01 1.46944529e+01]
 [2.92230311e+01 1.93781920e+01]
 [2.32202028e+01 2.17342796e+01]
 [3.34602926e+01 1.76540055e+01]
 [2.33470690e+01 2.17290956e+01]
 [5.26990184e+01 1.18637622e+01]
 [8.05753301e+01 6.79719298e+00]
 [2.11212291e+01 2.29078567e+01]
 [1.06753290e+02 4.89058912e+00]
 [3.54492344e+01 1.69605924e+01]
 [7.62717082e+00 3.23972147e+01]
 [5.97687674e+01 1.03087323e+01]
 [1.86447363e+01 2.42739400e+01]
 [6.37073957e+01 9.51906567e+00]
 [3.41813440e+01 1.72343849e+01]
 [5.39730071e+01 1.16462543e+01]
 [7.64634079e+01 7.32797393e+00]
 [4.11803273e+01 1.49192505e+01]
 [1.34320303e+01 2.74446465e+01]]
