[[1.86260211e-03 3.45560727e-03 1.79353495e+00]
 [3.81016124e-03 7.49858311e-03 2.02228296e+00]
 [1.86260211e-03 3.45560727e-03 1.89119102e+00]
 [2.20032016e-03 4.26701009e-03 1.74209194e+00]
 [1.40386939e-03 3.42973268e-03 2.60148914e+00]
 [6.59398950e-04 1.07491529e-03 1.38592546e+00]
 [1.38468619e-03 3.38378947e-03 2.65898459e+00]
 [7.59660767e-04 1.89031346e-03 2.80862901e+00]
 [4.28768775e-03 9.07215297e-03 2.25299232e+00]
 [1.61104052e-03 3.45560727e-03 2.57028119e+00]
 [2.86174657e-03 7.05050667e-03 2.52370517e+00]
 [4.16094706e-03 8.86437415e-03 2.24453184e+00]
 [3.77095848e-03 7.58807624e-03 2.02228296e+00]
 [4.43116513e-03 9.78606151e-03 2.25246663e+00]
 [1.81135518e-03 4.07479614e-03 2.07088112e+00]
 [4.42178141e-03 9.47578144e-03 2.27320880e+00]
 [1.18162782e-03 2.17103403e-03 2.09251691e+00]
 [4.91832127e-03 9.98885641e-03 2.67288706e+00]
 [4.44721173e-03 9.80671483e-03 2.57311552e+00]
 [1.54479831e-03 2.33122832e-03 1.64903411e+00]
 [3.42269681e-03 5.36248249e-03 1.28165758e+00]
 [6.79560078e-04 1.50338743e-03 2.47946943e+00]
 [1.27565768e-03 2.73224258e-03 2.00154485e+00]
 [5.22624077e-03 9.99402724e-03 2.42686639e+00]
 [3.77055369e-03 7.58807624e-03 1.97476337e+00]
 [1.11771056e-03 2.46521281e-03 2.47408280e+00]
 [8.14739649e-04 1.34058501e-03 1.36092378e+00]
 [2.18522765e-03 3.96950322e-03 1.84601361e+00]
 [7.66179869e-04 1.42419106e-03 1.73408500e+00]
 [6.59398950e-04 1.07491529e-03 1.40887515e+00]
 [2.18684658e-03 4.27337397e-03 2.02035176e+00]
 [5.34038131e-03 9.94905217e-03 2.85862666e+00]
 [1.16130149e-03 2.19230240e-03 1.51940588e+00]
 [6.48067730e-04 1.07491529e-03 1.40952834e+00]
 [4.08016114e-03 9.06825894e-03 2.15498753e+00]
 [2.43403921e-03 5.27519982e-03 1.74640163e+00]
 [4.92600655e-03 9.40438905e-03 1.76764311e+00]
 [7.59660767e-04 1.89031346e-03 2.81413143e+00]
 [1.30648776e-03 1.97793191e-03 1.34946231e+00]
 [1.86260211e-03 3.45560727e-03 1.90055434e+00]
 [4.35104470e-03 9.91032278e-03 2.94543648e+00]
 [1.71151453e-03 3.24653708e-03 1.79353495e+00]
 [1.31040624e-03 2.46091009e-03 1.97387001e+00]
 [4.42471337e-03 7.81200139e-03 1.99087799e+00]
 [3.18269304e-03 6.60402907e-03 2.30544684e+00]
 [2.82183757e-03 5.83463627e-03 1.96752447e+00]
 [1.03183791e-03 2.56556164e-03 2.75323098e+00]
 [1.20086060e-03 2.17103403e-03 2.12072966e+00]
 [1.42790333e-03 3.43440261e-03 2.59608093e+00]
 [3.77095848e-03 7.58807624e-03 2.11775925e+00]
 [4.43588383e-03 9.80671483e-03 2.53757091e+00]
 [3.64940907e-03 7.82511896e-03 2.40783067e+00]
 [1.10218742e-03 1.97793191e-03 1.86672600e+00]
 [1.18660047e-03 2.21090157e-03 1.73560677e+00]
 [2.85857451e-03 6.07740360e-03 2.45080659e+00]
 [1.86260211e-03 3.45560727e-03 1.89023735e+00]
 [2.19590040e-03 4.27337397e-03 1.97129253e+00]
 [7.95835435e-04 1.52246285e-03 1.73408500e+00]
 [7.87798876e-04 1.23336312e-03 1.74827709e+00]
 [4.44721173e-03 9.69232491e-03 2.36751231e+00]
 [1.61804921e-03 3.45572808e-03 2.56963077e+00]
 [7.95983932e-04 1.24481171e-03 1.73408500e+00]
 [1.18162782e-03 2.23186947e-03 1.43034752e+00]
 [3.31866535e-03 5.35259815e-03 1.37297388e+00]
 [5.09499835e-03 9.98096805e-03 2.32597594e+00]
 [1.16736049e-03 2.19230240e-03 1.51940588e+00]
 [7.88069065e-04 1.71708134e-03 2.30544043e+00]
 [2.18387709e-03 4.30818229e-03 2.02860791e+00]
 [4.43588383e-03 9.16247045e-03 1.90336999e+00]
 [1.45423122e-03 2.93503900e-03 1.95621471e+00]
 [4.45602915e-03 9.69362747e-03 2.36751231e+00]
 [2.80408201e-03 5.83463627e-03 1.96752447e+00]
 [1.03183791e-03 2.56556164e-03 2.74627505e+00]
 [2.90202558e-03 5.75208746e-03 2.02035176e+00]
 [3.41256140e-03 5.79963208e-03 1.47048837e+00]
 [2.86174657e-03 7.05050667e-03 2.52295085e+00]
 [7.33636585e-04 1.50870104e-03 2.00330349e+00]
 [3.04213290e-03 6.01058819e-03 1.99487235e+00]
 [6.10866173e-04 1.11675682e-03 1.97448157e+00]
 [2.85857451e-03 6.07740360e-03 2.25474649e+00]
 [1.54479831e-03 2.33122832e-03 1.63935731e+00]
 [1.21118144e-03 2.21090157e-03 1.89836408e+00]
 [1.38784482e-03 2.32669910e-03 1.94919830e+00]
 [1.54479831e-03 2.33122832e-03 1.65383455e+00]
 [5.51757653e-03 9.79284196e-03 1.64039599e+00]
 [6.53633699e-04 1.01574381e-03 1.40952834e+00]
 [6.50167895e-04 1.06741681e-03 1.48651366e+00]
 [3.10830695e-03 6.23212102e-03 1.87196656e+00]
 [3.52151111e-03 7.58807624e-03 2.02228296e+00]
 [4.07893404e-03 9.09964325e-03 2.13222872e+00]
 [4.26959540e-03 9.06825894e-03 2.17379098e+00]
 [2.17599492e-03 4.30143956e-03 1.91015158e+00]
 [3.46640865e-03 8.41858970e-03 2.30544684e+00]
 [1.71121548e-03 4.15936027e-03 2.76546663e+00]
 [3.69547589e-03 6.34495614e-03 1.95085517e+00]
 [2.12673810e-03 3.97316134e-03 1.83033332e+00]
 [4.99317855e-03 9.93615444e-03 2.40679755e+00]
 [4.73612904e-03 9.94630534e-03 2.09611359e+00]
 [4.42178141e-03 9.91416099e-03 2.36831386e+00]
 [4.33108797e-03 9.17130680e-03 2.02228296e+00]
 [4.43588383e-03 9.16247045e-03 1.89885885e+00]
 [1.27059763e-03 2.83971194e-03 2.03448915e+00]
 [7.23322022e-04 1.58163280e-03 2.57096547e+00]
 [1.38784482e-03 2.32669910e-03 1.94919592e+00]
 [5.09499835e-03 9.93615444e-03 2.41473658e+00]
 [4.76350075e-03 9.99619141e-03 2.22554964e+00]
 [4.01807146e-03 7.70404858e-03 1.71058702e+00]
 [1.71121548e-03 4.37283844e-03 2.97126953e+00]
 [2.85857451e-03 6.07740360e-03 2.21620638e+00]
 [1.22441258e-03 2.19827924e-03 2.07088112e+00]
 [1.50492966e-03 2.93503900e-03 1.95621471e+00]
 [7.07590386e-04 1.47997402e-03 2.30757709e+00]
 [1.86766216e-03 3.45560727e-03 1.78158194e+00]
 [2.26819053e-03 3.80492678e-03 1.71472924e+00]
 [7.87798876e-04 1.23336312e-03 1.74834611e+00]
 [1.57865366e-03 3.48379440e-03 2.38880032e+00]
 [3.66543097e-03 8.52686430e-03 2.30544684e+00]
 [3.55923322e-03 7.58807624e-03 2.02228296e+00]
 [3.07531527e-03 6.33249426e-03 2.45080659e+00]
 [1.52891120e-03 2.95493170e-03 2.03285074e+00]
 [3.32305122e-03 5.55371341e-03 1.37370316e+00]
 [2.31845850e-03 5.15677522e-03 2.30776825e+00]
 [6.82938147e-04 1.33324867e-03 2.00330349e+00]
 [2.82397884e-03 5.83463627e-03 1.96752447e+00]
 [6.52039101e-04 1.07491529e-03 1.49709730e+00]]
