[[0.84941772 1.93510482 8.71489829 1.09585355]
 [3.21318581 1.33503787 9.77714559 4.9345423 ]
 [0.97232762 1.16294751 9.74590864 2.59010306]
 [1.40780274 0.80894177 9.78886077 1.51009624]
 [0.94049677 1.16294751 9.98949599 3.55300098]
 [0.42501031 4.27441307 8.65190854 0.52291692]
 [0.89716098 1.93510482 9.09976567 1.09585355]
 [2.74677285 4.35037415 9.76499889 4.96073193]
 [1.21724084 0.84115831 9.21642821 4.58033896]
 [0.97232762 1.48422304 9.74590864 2.62428692]
 [1.32898206 2.41328339 9.7894606  4.60179138]
 [0.45327257 8.36723692 8.69475519 0.51590315]
 [1.94966613 0.8334141  9.44635207 3.07226108]
 [2.08722918 0.4991624  8.37029031 2.8330459 ]
 [1.40068377 1.9285781  9.79810217 4.8987433 ]
 [2.74677285 4.35037415 9.76337648 4.95577211]
 [0.97232762 1.48422304 9.65707594 4.51904612]
 [0.94049677 1.10290187 9.98949599 3.34531039]
 [1.58871066 1.5157577  9.93854955 4.22426338]
 [0.66787736 4.17805241 9.21642821 2.08324576]]
