[[2.08511002e+00 2.16097348e+00]
 [9.31301057e-01 1.03668218e+00]
 [1.98383737e+00 1.61645020e+00]
 [2.09597257e+00 2.05565850e+00]
 [7.01934693e-01 5.94304467e-01]
 [1.05814058e+00 7.96639978e-01]
 [1.63322451e+00 1.58117431e+00]
 [3.45448459e+00 2.99196855e+00]
 [9.94006692e-02 7.86329606e-02]
 [2.76410989e+00 2.52609268e+00]
 [2.92879636e+00 2.90878724e+00]
 [2.99588448e-01 3.64030367e-01]
 [2.22759393e-01 3.22482387e-01]
 [1.19923880e+00 1.48130914e+00]
 [2.62335155e+00 2.77442391e+00]
 [3.08389179e+00 2.84704896e+00]
 [8.80981278e-01 9.96190723e-01]
 [2.91007090e+00 2.63649595e+00]
 [3.39534418e+00 2.75580533e+00]
 [9.92849442e-01 1.28010303e+00]
 [2.63857323e+00 2.40648325e+00]
 [2.59505814e+00 2.31265173e+00]
 [2.07924359e+00 1.85005520e+00]
 [4.33304137e+00 2.84941797e+00]
 [3.91374707e+00 2.97141535e+00]
 [1.10716367e+00 8.01216059e-01]
 [9.16632146e-02 2.00174993e-01]
 [1.97425240e+00 2.24081549e+00]
 [7.27791156e-01 4.73190210e-01]
 [4.52904748e+00 2.96986554e+00]
 [7.33961867e-01 7.92892448e-01]
 [2.58633799e+00 2.74921756e+00]
 [4.37411048e-01 6.81929209e-01]
 [2.85357926e+00 2.99026028e+00]
 [2.46035901e+00 2.19027363e+00]
 [1.69354013e+00 1.57168841e+00]
 [2.42214223e+00 2.57795342e+00]
 [1.37059888e+00 1.68158997e+00]
 [1.33139423e-01 3.32761107e-01]
 [7.99168252e-01 6.07806376e-01]
 [2.63951989e+00 2.22023263e+00]
 [2.01610236e+00 2.27624079e+00]
 [3.58464501e+00 2.96197852e+00]
 [1.87437972e+00 2.31096758e+00]
 [2.00932962e+00 2.09192406e+00]
 [6.03835922e-01 6.60851963e-01]
 [6.91773449e-01 8.70433389e-01]
 [1.57382844e+00 1.88056681e+00]
 [2.86636136e+00 2.82828773e+00]
 [2.45772575e+00 2.57010749e+00]
 [2.09289013e+00 2.05039470e+00]
 [1.47644397e+00 1.63236415e+00]
 [2.43960746e+00 2.56606924e+00]
 [2.57087522e+00 2.62599818e+00]
 [9.19767208e-01 1.38851736e+00]
 [8.07553852e-01 1.02732192e+00]
 [2.89680270e+00 2.77411254e+00]
 [1.14602514e+00 1.30165013e+00]
 [3.15479600e+00 2.94277103e+00]
 [2.51754755e+00 2.89779920e+00]
 [2.49966186e+00 2.33129469e+00]
 [1.90540746e+00 1.97803481e+00]
 [3.54592002e-01 4.57811961e-01]
 [1.60513157e+00 1.67373598e+00]
 [3.49811591e+00 2.75477577e+00]
 [1.98643533e-01 2.11000325e-01]
 [2.69824555e+00 2.68578110e+00]
 [1.64180695e+00 1.64269281e+00]
 [1.93002006e+00 1.71462628e+00]
 [1.55851459e+00 2.00638982e+00]
 [1.99299633e-01 4.04379354e-01]
 [9.67081995e-01 1.00699140e+00]
 [3.01091827e+00 2.89070126e+00]
 [1.72839607e+00 1.78687529e+00]
 [2.24368629e+00 2.11294020e+00]
 [8.83394465e-01 1.17329737e+00]
 [5.75175060e-01 1.12022140e+00]
 [9.89163923e-01 1.28799217e+00]
 [6.13860647e-01 5.62709678e-01]
 [2.35248838e+00 2.48140801e+00]
 [2.29978366e+00 2.29161815e+00]
 [6.33566919e-01 7.32799990e-01]
 [2.73227295e+00 2.44932719e+00]
 [3.02153422e+00 2.87640755e+00]
 [1.96942004e+00 2.06686514e+00]
 [3.50266536e+00 2.79167946e+00]
 [1.95305249e+00 2.08881025e+00]
 [3.06556168e+00 2.80720880e+00]
 [2.98444262e+00 2.93877052e+00]
 [2.20503310e+00 2.21883589e+00]
 [1.38600052e+00 1.60449670e+00]
 [4.48021746e+00 2.91816106e+00]
 [3.52710224e-01 2.20399963e-01]
 [3.02606448e+00 2.97121859e+00]
 [4.44991104e-01 5.54716771e-01]
 [1.89312939e-01 1.72750517e-01]
 [8.26592452e-01 5.91589039e-01]
 [2.58099231e+00 2.58967945e+00]
 [2.32566972e+00 2.42024043e+00]
 [1.28330495e+00 1.17429109e+00]
 [2.89879067e-01 4.16449554e-01]
 [7.28927156e-01 7.34641916e-01]
 [2.78634115e+00 2.72132717e+00]
 [2.60156818e+00 2.48540444e+00]
 [2.52889693e+00 2.47457569e+00]
 [2.03144214e+00 2.23124759e+00]
 [1.55506534e+00 1.64546727e+00]
 [1.64573001e+00 1.58400419e+00]
 [1.15731468e+00 1.28046405e+00]
 [4.52048578e-01 3.86927952e-01]
 [5.26312633e-01 5.18182390e-01]
 [3.02711004e+00 2.92871479e+00]
 [3.09559817e+00 2.95633474e+00]
 [2.75997514e+00 2.89174767e+00]
 [3.48929893e-01 1.25632711e-01]
 [2.68001287e+00 2.70234934e+00]
 [1.17760978e+00 8.87805156e-01]
 [2.82866073e+00 2.72642410e+00]
 [1.86249383e+00 1.85711890e+00]
 [2.06835082e+00 2.05292887e+00]
 [1.09576903e+00 1.28640208e+00]
 [3.09696083e+00 2.94209711e+00]
 [1.02461073e+00 7.84262143e-01]
 [2.85504381e+00 2.89210840e+00]
 [8.76662959e-01 1.02344047e+00]
 [1.48064962e+00 1.59876768e+00]
 [3.70982118e+00 2.94864236e+00]
 [2.08050386e+00 1.59475040e+00]
 [3.62577640e-01 5.18103264e-01]
 [2.47747491e+00 2.47337883e+00]
 [1.69770434e+00 2.11349159e+00]
 [6.64531188e-01 8.50387297e-01]
 [1.39379204e+00 9.43942820e-01]
 [2.40722949e+00 2.41078388e+00]
 [1.40096318e+00 1.35408558e+00]
 [1.39810590e+00 1.27053016e+00]
 [2.21751921e+00 2.09352497e+00]
 [1.89054293e+00 2.08798953e+00]
 [5.14091837e-01 5.87502701e-01]
 [9.45691875e-01 1.18075024e+00]
 [2.48782192e+00 2.46353089e+00]
 [2.20220280e+00 2.26252508e+00]
 [7.33736899e-01 8.51949676e-01]
 [1.51090750e+00 1.10019594e+00]
 [1.00798317e+00 9.82572168e-01]
 [2.28852644e+00 2.26386668e+00]
 [1.37731013e+00 1.52822574e+00]
 [1.77451255e+00 1.96059310e+00]
 [2.71308206e+00 2.65216864e+00]
 [9.56360259e-01 1.16113870e+00]
 [3.48439163e+00 2.71742525e+00]
 [9.91161451e-01 8.57149486e-01]
 [2.23764190e+00 2.55371299e+00]
 [1.39179665e+00 1.46241390e+00]
 [1.64543583e-01 3.40233003e-01]
 [1.25480769e+00 1.27947884e+00]
 [2.52881674e+00 2.35950229e+00]
 [2.94454352e+00 2.52755463e+00]
 [1.68360545e+00 1.75928826e+00]
 [1.37059888e+00 1.46592874e+00]
 [1.23038137e+00 1.43319621e+00]
 [1.86249383e+00 1.98146822e+00]
 [3.05283510e+00 2.99026028e+00]
 [2.01708061e+00 1.81159315e+00]
 [4.28249044e+00 2.93886966e+00]
 [4.00853687e+00 2.80310637e+00]
 [2.73967350e+00 2.71233168e+00]
 [1.94437684e+00 1.92140361e+00]
 [1.89054293e+00 2.03160892e+00]
 [1.29767073e+00 1.66785944e+00]
 [3.84347372e-01 5.53573846e-01]
 [2.81185721e+00 2.91396780e+00]
 [1.51090750e+00 1.10702666e+00]
 [1.70341109e-01 3.42435539e-02]
 [2.53470845e+00 2.18096266e+00]
 [3.94903769e+00 2.97497364e+00]
 [2.31079048e+00 2.15093019e+00]
 [2.23591686e+00 2.43084865e+00]
 [3.10339557e+00 2.71952337e+00]
 [2.86636136e+00 2.91436651e+00]
 [2.67001752e+00 2.90878724e+00]
 [1.94334807e+00 2.25458345e+00]
 [3.40822669e+00 2.76912769e+00]
 [9.82753642e-01 9.82572168e-01]
 [8.00544696e-01 8.62828611e-01]
 [3.03081173e+00 2.94687434e+00]
 [3.39716272e+00 2.92665573e+00]
 [8.04316174e-01 1.37904153e+00]
 [4.23152585e+00 2.88285505e+00]
 [2.78965505e+00 2.89526405e+00]
 [5.94804501e-01 5.87502701e-01]
 [2.03339703e+00 2.19364971e+00]
 [2.21457503e+00 2.44446563e+00]
 [3.50324351e-01 5.66054841e-01]
 [2.27910266e+00 2.26386668e+00]
 [2.14287157e+00 2.26252508e+00]
 [1.34763212e+00 1.46827649e+00]
 [3.02450419e-02 1.00064025e-01]
 [3.04557867e+00 2.93929817e+00]
 [1.71673120e+00 2.08605043e+00]
 [4.58152777e+00 2.99793851e+00]
 [1.68103608e+00 1.71680369e+00]
 [7.01934693e-01 6.19692776e-01]
 [1.54320974e+00 1.71303950e+00]
 [3.85292024e+00 2.87895174e+00]
 [1.96969521e+00 1.78675047e+00]
 [4.56358844e+00 2.97462332e+00]
 [2.53708293e+00 2.76891335e+00]
 [2.89220561e+00 2.72642410e+00]
 [2.74941885e+00 2.31887916e+00]
 [2.78900092e+00 2.43191694e+00]
 [1.25480769e+00 1.30317247e+00]
 [3.06556168e+00 2.74657932e+00]
 [5.64277121e-01 4.42507516e-01]
 [2.19750059e+00 2.17570998e+00]
 [1.23160765e+00 1.28640208e+00]
 [2.50382209e+00 2.72925231e+00]
 [1.93002006e+00 2.34595776e+00]
 [2.01610236e+00 2.07366494e+00]
 [2.62960900e+00 2.71434671e+00]
 [2.62808417e+00 2.23605616e+00]
 [1.54615470e+00 1.60309763e+00]
 [3.00405322e+00 2.90130493e+00]
 [2.76411432e+00 2.79961069e+00]
 [2.03109183e+00 1.58327629e+00]
 [4.32969363e+00 2.95564935e+00]
 [2.92345807e+00 2.55441892e+00]
 [8.26592452e-01 7.98036590e-01]
 [2.42335638e+00 2.47337883e+00]
 [1.52867204e+00 2.05039470e+00]
 [9.07172207e-01 1.18249341e+00]
 [2.05467598e+00 1.85475380e+00]
 [1.96336405e+00 1.37386582e+00]
 [2.74304761e+00 2.89070126e+00]
 [2.10190815e+00 1.84543293e+00]
 [1.68313329e+00 1.32608232e+00]
 [2.56441504e+00 2.54044571e+00]
 [2.44509536e+00 2.13403276e+00]
 [2.21636797e+00 2.04035091e+00]
 [2.32566972e+00 2.37292795e+00]
 [1.45419035e+00 1.19482229e+00]
 [2.52889693e+00 2.63678107e+00]
 [1.41330762e+00 1.35549510e+00]
 [2.19434493e+00 2.57795342e+00]
 [2.86243459e+00 2.78142601e+00]
 [1.70555152e+00 1.99925374e+00]
 [2.71178832e+00 2.73305772e+00]
 [2.82866073e+00 2.79379536e+00]
 [2.56248699e+00 2.43957062e+00]
 [1.30786235e+00 1.28640208e+00]
 [2.86244259e+00 2.62809742e+00]
 [1.03227029e+00 1.23058838e+00]
 [2.99716498e+00 2.91872722e+00]
 [6.32521278e-01 7.66915373e-01]
 [2.15256504e-01 1.13039064e-01]
 [2.44730609e+00 2.81714186e+00]
 [2.09289013e+00 1.94073399e+00]
 [2.29656255e+00 2.03903334e+00]
 [1.94565050e+00 1.84434567e+00]
 [1.19590633e+00 8.16644080e-01]
 [3.92317033e-01 5.19201099e-01]
 [2.09498296e+00 1.86344757e+00]
 [1.42835144e+00 1.52621177e+00]
 [1.77653956e+00 2.00349633e+00]
 [3.06265416e+00 2.97229162e+00]
 [1.88990746e+00 1.88334186e+00]
 [1.37059888e+00 1.97280861e+00]
 [2.84429685e+00 2.43407734e+00]
 [2.68931842e+00 2.45376817e+00]
 [2.62335155e+00 2.56696097e+00]
 [2.58736248e+00 2.94547325e+00]
 [1.83537810e+00 1.99959184e+00]
 [1.39345998e-01 2.94062865e-01]
 [3.60821805e-01 5.83549242e-01]
 [3.36592979e+00 2.99724833e+00]
 [2.34247255e+00 2.48096477e+00]
 [9.21386492e-01 1.12237627e+00]
 [1.58772142e+00 1.71889237e+00]
 [2.32297473e-03 5.36258058e-02]
 [1.27743514e+00 1.44399940e+00]
 [5.23245358e-01 3.91253937e-01]
 [2.04201233e+00 1.89695632e+00]
 [1.95132352e+00 2.09534671e+00]
 [2.86002991e+00 2.99671316e+00]]
