[[6.36917561e-03 4.95779934e+01]
 [1.29176459e+02 4.06207776e+00]
 [1.18027584e+02 4.29144880e+00]
 [1.20523435e+02 4.17325384e+00]
 [1.25535128e+02 4.15730147e+00]
 [1.12821615e+02 4.39435964e+00]
 [7.54459304e+01 7.82435931e+00]
 [1.07337247e+02 4.60711499e+00]
 [7.17432269e+01 8.05458069e+00]
 [3.21701707e+01 1.79495033e+01]
 [1.12783288e+02 4.40077359e+00]
 [1.09029105e+02 4.56247355e+00]
 [1.04621398e+02 4.74443436e+00]
 [1.08086009e+01 2.95885720e+01]
 [8.55091532e+00 3.17337819e+01]
 [9.60333781e+01 5.32261794e+00]
 [1.27482483e+02 4.15176386e+00]
 [8.06167355e+01 6.81019563e+00]
 [5.49620012e+01 1.14003016e+01]
 [3.02741743e+01 1.87729908e+01]
 [1.14248507e+01 2.89618914e+01]
 [3.35391672e+01 1.74457472e+01]
 [5.27281733e+00 3.50814522e+01]
 [7.92731577e+01 7.04309336e+00]
 [4.62618152e+01 1.35091854e+01]
 [8.15965884e+01 6.63804915e+00]
 [2.77487058e+00 3.94152968e+01]
 [1.32097191e+01 2.77565052e+01]
 [2.78437935e+01 1.96565587e+01]
 [5.60857909e+01 1.11194220e+01]
 [9.40367095e+01 5.44640401e+00]
 [8.61579041e+01 6.23538763e+00]
 [4.87330524e+00 3.59491634e+01]
 [9.10289491e+00 3.09422895e+01]
 [5.17409295e+01 1.21094434e+01]
 [5.90853264e+00 3.44380036e+01]
 [9.55310136e+00 3.05389893e+01]
 [8.75873511e+00 3.12629434e+01]
 [2.90372564e-01 4.63354357e+01]
 [2.08855825e+01 2.29188360e+01]
 [4.77847247e-01 4.58151482e+01]
 [1.02988940e+01 3.00200151e+01]
 [4.94970561e-01 4.51713982e+01]
 [4.54610922e+01 1.37362240e+01]
 [1.07682315e-01 4.79794658e+01]
 [3.12732600e+01 1.83910683e+01]
 [2.87138815e+00 3.87358308e+01]
 [3.50506456e+01 1.68996013e+01]
 [8.28749051e+01 6.54512283e+00]
 [3.37598327e+00 3.78772252e+01]
 [3.43207582e+01 1.71562672e+01]
 [1.64329244e-01 4.73516501e+01]
 [6.84034017e+01 8.61870536e+00]
 [9.96235344e+01 5.03209988e+00]
 [2.21919600e+01 2.23447286e+01]
 [4.39657489e+00 3.63975673e+01]
 [2.59733343e+01 2.04945249e+01]
 [2.38721369e-01 4.70335556e+01]
 [5.10129214e+01 1.23026655e+01]
 [4.00039394e+01 1.52973814e+01]
 [2.43995344e+01 2.12583314e+01]
 [6.92906798e+01 8.47399715e+00]
 [2.04186638e+01 2.33226699e+01]
 [6.52754329e+00 3.35928684e+01]
 [2.55603403e+01 2.08849492e+01]
 [7.77711725e+00 3.22377188e+01]
 [8.75927678e+01 6.03322264e+00]
 [3.56321026e+01 1.67137994e+01]
 [7.76990467e-01 4.41166355e+01]
 [1.28911482e+00 4.25702303e+01]
 [2.41731847e+00 3.96234284e+01]
 [6.93105856e+00 3.33212685e+01]
 [2.71532036e+01 1.99743030e+01]
 [1.01102249e+02 4.93741413e+00]
 [2.50603387e+01 2.09789752e+01]
 [9.90533880e+00 3.02353231e+01]
 [3.93187749e+01 1.55001205e+01]
 [4.36655832e+01 1.41931885e+01]
 [1.35515279e+01 2.73924468e+01]
 [2.25060425e+01 2.21016972e+01]
 [3.13706591e+01 1.82430342e+01]
 [9.08545844e+01 5.80281793e+00]
 [8.35413583e+01 6.42080819e+00]
 [4.19523773e+01 1.49000882e+01]
 [1.53243206e+01 2.63136385e+01]
 [3.88250934e+01 1.56605314e+01]
 [5.03460128e+01 1.24537948e+01]
 [4.71351407e+01 1.32374560e+01]
 [2.00405964e+01 2.40687703e+01]
 [5.74323725e+01 1.07770946e+01]
 [6.99700176e+01 8.34946950e+00]
 [9.24118461e+01 5.56056439e+00]
 [6.62419594e+01 9.05303834e+00]
 [6.07792530e+01 1.01589917e+01]
 [1.09374434e+00 4.28786467e+01]
 [1.50886562e+01 2.66089981e+01]
 [2.08917421e+00 4.03516022e+01]
 [2.63279277e+01 2.03040754e+01]
 [2.86431035e+01 1.94730059e+01]
 [1.82038908e+01 2.43828560e+01]
 [1.43454017e+01 2.73906654e+01]
 [3.99558585e+00 3.69482378e+01]
 [4.06971753e+01 1.50753457e+01]
 [7.41773918e+00 3.26228479e+01]
 [4.28121636e+00 3.65945147e+01]
 [1.02805372e+02 4.85063528e+00]
 [9.36103941e+01 5.49032084e+00]
 [1.28953957e+02 4.09956700e+00]
 [2.95063818e+01 1.89784844e+01]
 [5.40593471e+01 1.16189151e+01]
 [9.98821386e-01 4.31944286e+01]
 [6.29498835e+01 9.63507653e+00]
 [4.44628041e+01 1.39702624e+01]
 [1.26997737e+01 2.81201579e+01]
 [8.63351358e-01 4.36523967e+01]
 [3.73405366e+01 1.61580579e+01]
 [7.72309681e+01 7.25547110e+00]
 [6.55561739e+01 9.16996429e+00]
 [9.82663750e+01 5.11658378e+00]
 [7.60124291e+01 7.61033430e+00]
 [8.96013688e+01 5.90337295e+00]
 [6.14117347e+01 1.00126510e+01]
 [5.85789714e+01 1.05359286e+01]
 [9.70540962e+01 5.21164608e+00]
 [6.68507879e+01 8.89913264e+00]
 [1.91258837e+00 4.07236209e+01]
 [7.07409588e+00 3.29968040e+01]
 [1.08992581e+02 4.56862197e+00]
 [6.50872284e+01 9.30973699e+00]
 [6.23220180e+01 9.78178735e+00]
 [2.02052067e+01 2.35772572e+01]
 [8.85549601e+01 5.97887816e+00]
 [3.20130733e+00 3.82301633e+01]
 [3.69856111e+01 1.62582503e+01]
 [7.08367074e+01 8.28587321e+00]
 [2.16164294e+01 2.26513899e+01]
 [1.44003962e+01 2.69890706e+01]
 [1.35985975e+00 4.21823388e+01]
 [2.70146344e+01 2.01529021e+01]
 [8.45840772e+01 6.39352705e+00]
 [1.70684343e+01 2.52423572e+01]
 [1.87899715e+01 2.42751330e+01]
 [4.92413574e+00 3.55785586e+01]
 [3.79773725e+01 1.59376690e+01]
 [7.81540430e+01 7.08187719e+00]
 [5.67115460e-02 4.84926973e+01]
 [5.28464347e+01 1.19501344e+01]
 [1.49123206e+00 4.17596793e+01]
 [1.60185571e+00 4.14608960e+01]
 [4.90545167e+01 1.27391731e+01]
 [4.35599843e-01 4.61176239e+01]
 [4.48806637e+01 1.39491278e+01]
 [4.26185668e+01 1.46450201e+01]
 [3.62759759e+00 3.74795906e+01]
 [3.83248819e+01 1.58953176e+01]
 [3.88167299e+00 3.71544890e+01]
 [3.37745808e+01 1.73495011e+01]
 [5.35238185e+01 1.16735889e+01]
 [9.90249460e+01 5.07038736e+00]
 [2.24623215e+00 4.00187452e+01]
 [6.00096432e+01 1.02454834e+01]
 [6.76393460e+01 8.75708050e+00]
 [6.17991133e+01 9.86324180e+00]
 [6.36526832e+00 3.40600845e+01]
 [2.87571122e+01 1.92704724e+01]
 [1.59816492e+01 2.59341133e+01]
 [1.62339588e+01 2.56973903e+01]
 [7.64521883e+01 7.32001832e+00]
 [1.17746505e+01 2.87350889e+01]
 [6.06216324e+00 3.43683982e+01]
 [1.21593352e+01 2.83828663e+01]
 [2.40916174e+01 2.14658537e+01]
 [6.42545421e-02 4.82357273e+01]
 [2.59764951e-02 4.88911374e+01]
 [3.63735879e+01 1.64474657e+01]
 [3.62365121e+01 1.65233560e+01]
 [1.60506817e-02 4.93456938e+01]
 [2.13362160e+01 2.26719844e+01]
 [6.52033868e+00 3.39844169e+01]
 [9.74757618e+01 5.18665429e+00]
 [4.86080682e+01 1.29294501e+01]
 [1.01801359e+02 4.90158152e+00]
 [5.29527488e+01 1.19412772e+01]
 [1.68620090e+00 4.12402660e+01]
 [7.76812641e+00 3.22621992e+01]
 [6.35092942e+01 9.52666716e+00]
 [9.17189358e-01 4.34956400e+01]
 [4.98544499e+01 1.26385062e+01]
 [7.78003686e+01 7.12767699e+00]
 [2.30904977e+01 2.18956283e+01]
 [8.54700722e+01 6.30345312e+00]
 [5.92744010e+01 1.03901510e+01]
 [4.21725751e+01 1.48440613e+01]
 [1.18949619e+01 2.85883372e+01]
 [6.44273798e+01 9.40859134e+00]
 [5.99290046e-01 4.48334948e+01]
 [6.61829223e-01 4.44557057e+01]
 [9.20676319e+01 5.67484267e+00]
 [1.77914305e+01 2.46288403e+01]
 [1.41207322e+00 4.19871946e+01]]
