[[2.08511002 2.16097348]
 [0.73377945 0.27701578]
 [0.93130106 1.03668218]
 [2.09597257 2.0556585 ]
 [0.70193469 0.59430447]
 [1.56712089 2.07696785]
 [1.05814058 0.79663998]
 [1.63322451 1.58117431]
 [3.45448459 2.99196855]
 [0.09940067 0.07863296]
 [2.76410989 2.52609268]
 [0.62086658 0.83755104]
 [2.92879636 2.90878724]
 [0.29958845 0.36403037]
 [1.1992388  1.48130914]
 [2.62335155 2.77442391]
 [0.88098128 0.99619072]
 [2.16838174 2.42208159]
 [3.39534418 2.75580533]
 [1.42788141 1.76050002]
 [0.99284944 1.28010303]
 [2.63857323 2.40648325]
 [2.59505814 2.31265173]
 [2.96716225 2.53152129]
 [1.10716367 0.80121606]
 [0.09166321 0.20017499]
 [1.9742524  2.24081549]
 [0.73396187 0.79289245]
 [0.43741105 0.68192921]
 [2.85357926 2.99026028]
 [1.69354013 1.57168841]
 [2.42214223 2.57795342]
 [1.37059888 1.68158997]
 [0.79916825 0.60780638]
 [1.85077089 1.59209232]
 [2.01610236 2.27624079]
 [3.58464501 2.96197852]
 [1.87437972 2.31096758]
 [2.00932962 2.09192406]
 [0.60383592 0.66085196]
 [0.69177345 0.87043339]
 [1.72849411 2.02491481]
 [1.57382844 1.88056681]
 [2.86636136 2.82828773]
 [2.24405123 1.78344256]
 [0.27386308 0.27701578]
 [2.76406245 2.45967604]
 [3.97580542 2.9924713 ]
 [2.83565178 2.84704896]
 [1.69315322 1.57168841]
 [4.42035622 2.96718407]
 [0.61011605 0.60780638]
 [1.90632622 1.61801027]
 [2.33256984 2.31821642]
 [2.24287225 2.26341916]
 [0.14728272 0.06834095]
 [1.98383737 1.89327455]
 [3.7943887  2.86747811]
 [1.34017316 1.53466825]
 [3.45448459 2.98262456]
 [2.76136897 2.65234186]
 [1.58064083 1.25491172]
 [3.48848355 2.90478473]
 [0.33514437 0.28991411]
 [0.89465572 1.24691762]
 [3.40151047 2.91854446]
 [2.02279078 1.7426    ]
 [1.90508062 1.90187889]
 [2.58633799 2.82250806]
 [2.88408849 2.99026028]
 [1.34963946 1.14287693]
 [1.32958543 1.61223575]
 [2.89917576 2.79370946]
 [1.77232782 1.78040287]
 [1.1992388  1.46338336]
 [1.41446574 1.68158997]
 [2.84105629 2.73678891]
 [2.65540573 2.6869813 ]
 [1.94673982 1.88088317]
 [3.24606265 2.86747811]
 [0.68066472 0.52504839]
 [2.14229055 2.16665219]
 [1.5804629  1.55479172]
 [1.58172808 1.93630512]
 [3.26279617 2.91425156]
 [2.70036815 2.92256844]
 [3.92251794 2.99197135]
 [0.16748956 0.14836795]
 [4.41452734 2.98143937]
 [2.10600228 2.31265173]
 [1.18981782 1.19187991]
 [2.21141729 1.83072244]
 [2.1117905  1.90041628]
 [2.46035901 2.17558692]
 [1.44778377 1.62828839]
 [0.70193469 0.54131606]
 [1.40185671 1.88056681]
 [1.4459943  1.24691762]
 [2.1948977  2.31372211]
 [0.23999415 0.07900282]
 [2.12421554 2.61211476]
 [2.15590878 2.67766225]
 [0.22275939 0.31370778]
 [2.57326606 2.17259914]
 [2.32054712 2.23519048]
 [0.22328688 0.33461612]
 [0.08704515 0.08240236]
 [0.93864671 1.12020574]
 [0.86331141 1.1312478 ]
 [0.59052118 0.52051327]
 [2.00932962 1.93789778]
 [2.12384263 2.20870789]
 [1.15665617 1.31937448]
 [1.40806741 1.20765322]
 [0.69706684 0.49928839]
 [2.37588267 2.59809078]
 [2.83928961 2.75610248]
 [2.68287167 2.65048078]
 [3.93791208 2.9966852 ]
 [0.64542891 0.58993253]
 [0.67839499 0.3032552 ]
 [0.43823405 0.53501228]
 [2.63927449 2.71623116]
 [3.5455089  2.96197852]
 [2.38614094 2.59656497]
 [1.59211302 2.07826627]
 [0.09580371 0.09880371]
 [2.52829811 2.56234633]
 [0.09166321 0.18984595]
 [4.76511343 2.98456947]
 [0.09940067 0.07766576]
 [1.18981782 1.54443819]
 [1.6061026  1.62562994]
 [1.68766799 1.7834782 ]
 [2.07422629 1.91742928]
 [2.33845957 2.53189767]
 [4.5997856  2.95683605]
 [1.43274436 1.88485314]
 [2.38728399 2.01017515]
 [0.69012467 0.90166221]
 [0.06966139 0.08240236]
 [0.08463847 0.01571951]
 [0.93984264 1.0737567 ]
 [3.95100439 2.99450699]
 [1.49675225 1.37248946]
 [2.9007053  2.58383627]
 [1.68085411 1.75276392]
 [1.86162451 1.45061893]
 [2.06743091 1.88492711]
 [4.20322837 2.9958997 ]
 [4.31390202 2.96098221]
 [2.76790672 2.81218921]
 [4.11578382 2.98967824]
 [1.95993388 1.85741756]
 [0.17213804 0.54909116]
 [2.78587363 2.82918252]
 [2.37211104 2.17838529]
 [2.35393681 1.91184415]
 [1.61698205 1.87119027]
 [0.67809275 0.96402556]
 [1.9325461  1.6845528 ]
 [1.33610438 1.469052  ]
 [0.91352159 1.18522061]
 [2.49450737 2.30333397]
 [0.21314615 0.34632572]
 [0.18066654 0.07900282]
 [1.40555456 1.61596327]
 [3.3871651  2.88378581]
 [1.56743454 1.54493754]
 [4.20457111 2.99867724]
 [2.12723619 2.31265173]
 [2.44007881 2.15451482]
 [2.12219959 2.56468028]
 [0.93864671 1.0353194 ]
 [1.29008217 1.55877054]
 [0.27802255 0.53501228]
 [2.51212525 2.61395977]
 [2.63857323 2.61802751]
 [1.8523487  1.94788927]
 [2.36214189 2.60568   ]
 [3.76206592 2.96598699]
 [1.06353314 1.11753845]
 [4.74668501 2.97141535]
 [1.32436727 1.25491172]
 [1.19284996 1.31937448]
 [1.44273223 1.7426    ]
 [2.34476878 2.71152587]
 [2.63857323 2.08669936]
 [2.39516095 2.41163796]
 [0.26600335 0.09011257]
 [2.6573249  2.26203403]
 [2.91871778 2.74921756]
 [1.95149853 1.63843737]
 [2.07122444 2.16622201]
 [1.1615562  1.26428825]
 [0.78739869 0.88948067]
 [0.60383592 0.61685933]
 [2.41300613 2.46824287]
 [1.16239352 1.23243405]
 [3.26455026 2.97984258]
 [1.69863359 1.8740488 ]
 [4.44022319 2.99440454]
 [1.23555742 1.21910772]
 [0.72767514 0.72784218]
 [4.66407457 2.96718407]
 [3.31139829 2.91854446]
 [2.00300332 2.0893988 ]
 [3.89883808 2.95021417]
 [2.38967602 2.60487704]
 [4.06310707 2.9966852 ]
 [1.56712089 2.06676625]
 [3.94442564 2.98509656]
 [1.40783127 1.97375905]
 [3.24006197 2.95046977]
 [1.95518535 1.86303826]
 [3.58562102 2.96197852]
 [3.08664657 2.95817618]
 [0.46152666 0.24214508]
 [2.91058923 2.77826001]
 [2.13775409 2.4630576 ]
 [1.40555456 1.59145415]
 [0.59052118 0.57170329]
 [0.99507409 1.25038693]
 [3.30191089 2.71449131]
 [2.29248815 2.18120324]
 [1.05057085 0.99619072]
 [1.870891   1.99158508]
 [2.95762237 2.9140161 ]
 [1.82224543 1.62562994]
 [1.26013037 1.44206052]
 [1.36603964 1.66862408]
 [2.38147503 2.79332851]
 [2.68866124 2.8603797 ]
 [1.16493472 1.26428825]
 [2.60322899 2.87387313]
 [2.36170277 2.60568   ]
 [2.24405123 2.24367277]
 [1.01687338 1.00293669]
 [2.63857323 2.46628506]
 [0.16934176 0.30405063]
 [3.51708049 2.96098221]
 [0.22275939 0.22606404]
 [2.24956067 1.79780923]
 [2.54327126 2.49068313]
 [1.25349172 1.40173747]
 [3.71798386 2.96961919]
 [2.36028423 2.29704381]
 [1.45398015 1.7426    ]
 [3.30650868 2.98111086]
 [0.96395922 0.77166817]
 [2.87446379 2.75610248]
 [0.89566416 1.24477479]
 [1.89153794 2.24081549]
 [2.48576212 2.6031208 ]
 [2.95465806 2.85692873]
 [2.15240473 2.01684227]
 [1.66940218 1.9348779 ]
 [1.39098512 1.58530796]
 [1.36659055 1.79035998]
 [2.63927449 2.90523421]
 [4.31893328 2.99303777]
 [1.83770508 2.07614082]
 [2.33256984 2.46066032]
 [0.8268464  0.52953028]
 [2.93288845 2.82918252]
 [3.26455026 2.97860345]
 [1.25033716 1.50513978]
 [3.37045325 2.9755357 ]
 [2.42436457 2.79007034]
 [4.70789414 2.97141535]
 [1.5456337  1.42370269]
 [0.73396187 0.71077754]
 [2.92820554 2.92744566]
 [0.99284944 1.21239995]
 [3.48848355 2.99505198]
 [0.93984264 0.99362666]
 [0.36637111 0.49964676]
 [2.9100709  2.71081479]
 [1.32827591 1.46338336]
 [4.06310707 2.98171765]
 [1.1992388  1.4365048 ]
 [3.39878554 2.93988226]
 [2.07549335 2.63661849]
 [0.09819444 0.01571951]
 [2.2943625  2.08910611]
 [0.29811071 0.28919133]
 [2.79487451 2.48417617]
 [3.85391804 2.97124034]
 [1.13828642 1.22765834]
 [2.508143   2.44973351]
 [0.63989937 0.66085196]
 [0.7150293  0.59430447]
 [0.26635374 0.42384427]
 [1.23555742 1.30343832]
 [2.95429642 2.90878724]
 [2.99127062 2.9572318 ]
 [4.0641725  2.9693211 ]
 [2.57531544 2.40552117]
 [2.00210565 1.7426    ]
 [1.57810212 1.77543476]
 [2.4648283  2.78187634]
 [4.88531828 2.99986018]
 [1.29849197 1.47946215]
 [4.07700437 2.9918601 ]
 [2.96580255 2.95992642]
 [2.32500741 2.74032626]
 [1.98383737 1.97785121]
 [2.4994898  2.76677966]
 [0.27386308 0.12609402]
 [2.57326606 2.10449617]
 [0.93864671 1.09352665]
 [3.54091831 2.96197852]
 [3.25742767 2.73574549]
 [2.91988405 2.82640146]
 [1.64685868 1.77961079]
 [1.94605851 1.98860902]
 [4.15920381 2.98060636]
 [3.39166914 2.96225725]
 [1.47050301 1.2581304 ]
 [1.60242103 1.92521555]
 [0.74047078 0.78328547]
 [0.71260406 0.99620829]
 [2.78178154 2.95736105]
 [1.72235484 1.78040287]
 [3.78500754 2.96436346]
 [2.65675716 2.71490567]
 [3.31139829 2.81620448]
 [1.13331254 1.23551519]
 [1.44273223 1.73939684]
 [0.28944198 0.24613222]
 [2.68287167 2.83836161]
 [3.88932477 2.99723578]
 [1.61077577 1.86791319]
 [3.20518387 2.77666968]
 [2.58982206 2.44121248]
 [2.47833345 2.63575467]
 [2.91871778 2.98857991]
 [2.14433025 2.17965966]
 [1.32958543 1.675334  ]
 [1.34997803 1.46080832]
 [0.6436661  0.52112651]
 [2.98111404 2.9655286 ]
 [2.95381861 2.96197852]]
