[[1.52610864e-02 2.65060857e+04]
 [4.48927166e-02 9.16056255e+03]
 [1.69870331e-02 2.59225653e+04]
 [3.39946541e-02 1.19017793e+04]
 [2.69897406e-02 1.55173060e+04]
 [3.70128177e-02 1.09776149e+04]
 [4.18541489e-02 9.65590185e+03]
 [1.07192317e-02 3.87363394e+04]
 [2.54769990e-02 1.74213262e+04]
 [3.15247391e-02 1.32695640e+04]
 [3.18475519e-02 1.27103137e+04]
 [5.58102404e-02 8.67738208e+03]
 [1.20622167e-02 3.74183468e+04]
 [3.13492445e-02 1.34289154e+04]
 [4.37664957e-02 9.35419140e+03]
 [9.94202140e-03 4.21205463e+04]
 [1.75662574e-02 2.46631743e+04]
 [5.80348224e-03 8.04541568e+04]
 [5.25064956e-03 9.90916651e+04]
 [2.57065886e-02 1.59723699e+04]
 [1.42412880e-02 3.02360048e+04]
 [1.96510836e-02 2.36005112e+04]
 [8.62407872e-03 4.80120660e+04]
 [2.84826754e-02 1.42657777e+04]
 [1.29877897e-02 3.30752248e+04]
 [1.24606059e-02 3.63709236e+04]
 [2.15610606e-02 1.97547574e+04]
 [2.90637842e-02 1.38857811e+04]
 [1.96536102e-02 2.35974784e+04]
 [1.78918203e-02 2.45030480e+04]
 [1.47104392e-02 3.00438323e+04]
 [3.67010392e-02 1.15651930e+04]
 [7.74250253e-03 5.67620169e+04]
 [3.37411184e-02 1.21877416e+04]
 [3.10516332e-02 1.36603355e+04]
 [1.97005031e-02 2.10184608e+04]
 [7.44284653e-02 8.55264924e+03]
 [3.68145572e-02 1.10924689e+04]
 [3.91411349e-02 1.04971556e+04]
 [4.68204918e-02 9.11045031e+03]
 [4.15272644e-02 9.98492874e+03]
 [2.13104840e-02 2.07137376e+04]
 [2.23367121e-02 1.94454657e+04]
 [2.27121550e-02 1.82200319e+04]
 [3.47456303e-02 1.18021022e+04]
 [2.54878129e-02 1.61541307e+04]
 [1.24876672e-02 3.34875253e+04]
 [3.35108997e-02 1.25819750e+04]
 [5.86132026e-03 7.83761416e+04]
 [2.73130698e-02 1.50145856e+04]
 [6.93174095e-03 5.82738654e+04]
 [8.43129639e-03 5.05119609e+04]
 [9.90768987e-03 4.57713987e+04]
 [4.83019549e-02 8.78129269e+03]
 [2.73087020e-02 1.52799850e+04]
 [1.11131510e-02 3.82905317e+04]
 [1.03019664e-02 4.19069249e+04]
 [2.02602885e-02 2.09145207e+04]
 [2.36830241e-02 1.74672230e+04]
 [3.97016479e-02 1.00864736e+04]
 [1.47528996e-02 2.83969321e+04]
 [6.66316797e-03 6.09036132e+04]
 [4.78797360e-02 8.96634650e+03]
 [3.61211617e-02 1.17731661e+04]
 [2.09806282e-02 2.07214518e+04]
 [5.64785502e-02 8.62204082e+03]
 [3.89886706e-02 1.07952893e+04]
 [9.33130498e-03 4.67333862e+04]
 [9.70507676e-03 4.66714302e+04]]
