[[1.86260211e-03 3.45560727e-03 1.79353495e+00]
 [4.30247271e-03 9.73802078e-03 2.35560178e+00]
 [3.66543097e-03 8.62346253e-03 2.38535544e+00]
 [5.81577407e-03 9.89751708e-03 1.40781245e+00]
 [3.81016124e-03 7.49858311e-03 2.02228296e+00]
 [2.95482286e-03 7.31606471e-03 2.89061688e+00]
 [4.44117107e-03 8.28135361e-03 1.85269631e+00]
 [4.32981507e-03 9.09311989e-03 2.21095800e+00]
 [1.15103041e-03 2.27001165e-03 2.19196477e+00]
 [3.93884008e-03 6.88955048e-03 1.80800322e+00]
 [3.72748802e-03 7.10354578e-03 1.91128685e+00]
 [6.05212895e-03 9.90406197e-03 2.54783250e+00]
 [1.01581476e-03 2.25806922e-03 2.94264094e+00]
 [2.69654701e-03 5.90546522e-03 1.76106815e+00]
 [4.06288428e-03 7.43749196e-03 1.57597376e+00]
 [4.79737567e-03 9.46676679e-03 2.10686741e+00]
 [8.48018217e-04 2.02463036e-03 2.70847595e+00]
 [9.04097157e-04 1.28975984e-03 1.21052505e+00]
 [2.37214058e-03 5.39490891e-03 2.49856157e+00]
 [1.86155670e-03 4.71819063e-03 2.96364884e+00]
 [1.32906238e-03 2.83462432e-03 2.60128235e+00]
 [2.92726562e-03 4.13690736e-03 1.42943139e+00]
 [1.08067485e-03 1.91272052e-03 1.77409247e+00]
 [6.56219990e-04 1.80729214e-03 2.38861388e+00]
 [1.50739659e-03 2.43763977e-03 2.09336914e+00]
 [1.84748152e-03 4.30973654e-03 2.74649084e+00]
 [3.31014434e-03 6.59709804e-03 1.93308698e+00]
 [3.60526305e-03 5.63706255e-03 1.47717119e+00]
 [2.15209660e-03 3.71923011e-03 1.77971078e+00]
 [7.81599479e-04 1.07231431e-03 1.21052505e+00]
 [2.69654701e-03 4.88948082e-03 1.79708451e+00]
 [8.10430090e-04 1.30242168e-03 2.31040257e+00]
 [8.71281294e-04 1.37896189e-03 1.31919682e+00]
 [2.40129766e-03 4.01434973e-03 1.49622293e+00]
 [9.94405629e-04 1.98006097e-03 1.74681426e+00]
 [1.15103041e-03 2.27001165e-03 2.14862610e+00]
 [4.32179835e-03 9.80967739e-03 2.41171058e+00]
 [6.31091467e-03 9.84583353e-03 2.74980510e+00]
 [1.23869183e-03 3.00136037e-03 2.38880032e+00]
 [3.02834609e-03 5.03509510e-03 1.63119010e+00]
 [6.06276222e-03 9.92138011e-03 2.54783250e+00]
 [3.23682556e-03 6.32712540e-03 1.94303988e+00]
 [4.56693611e-03 9.35427012e-03 1.83969327e+00]
 [4.48239270e-03 9.75222342e-03 2.22466877e+00]
 [7.43375487e-04 2.02577076e-03 1.84929823e+00]
 [2.74119775e-03 5.73150536e-03 2.34345957e+00]
 [1.98569888e-03 3.92578802e-03 1.68669248e+00]
 [3.60035278e-03 8.85823117e-03 2.53306714e+00]
 [1.84015742e-03 3.26981575e-03 1.76241993e+00]
 [3.52283154e-03 8.62346253e-03 2.42644079e+00]
 [4.28335214e-03 9.77231995e-03 2.67586352e+00]
 [4.40725089e-03 9.35736267e-03 2.21340372e+00]
 [3.20884886e-03 5.23352573e-03 1.49035227e+00]
 [3.23479197e-03 7.04206566e-03 2.30166251e+00]
 [3.81016124e-03 8.52194243e-03 2.02228296e+00]
 [3.70154178e-03 6.68506052e-03 1.98423188e+00]
 [1.90623056e-03 3.54940796e-03 1.97199750e+00]
 [8.80478517e-04 2.00154858e-03 1.91995617e+00]
 [1.55528584e-03 2.95569283e-03 1.78696186e+00]
 [7.04567709e-03 9.98209260e-03 2.68669462e+00]
 [3.27593899e-03 5.99122016e-03 1.76764382e+00]
 [2.97574715e-03 7.17594962e-03 2.82107963e+00]
 [3.32630656e-03 7.93804507e-03 2.41879255e+00]
 [2.98977892e-03 4.78823401e-03 1.25352932e+00]
 [1.99285118e-03 4.22079453e-03 2.55007336e+00]
 [1.61911955e-03 2.92493627e-03 2.01132433e+00]
 [4.38991361e-03 9.37525600e-03 2.16938323e+00]]
