[[1.54316189 1.35824331 9.99973865 4.99833711]
 [0.4349044  2.40562564 9.97205887 0.48006777]
 [0.49684523 2.06475181 9.97356756 0.65366248]
 [0.43891359 2.40546403 9.98174136 0.70244241]
 [0.82950962 1.45890495 9.99058654 1.33178047]
 [1.54629006 0.56272862 9.994788   4.9986026 ]
 [0.52901619 2.44221412 9.99260608 0.59613903]
 [0.43891359 2.40546403 9.98182719 0.50140488]
 [0.45120313 2.4585619  9.99248836 0.55648113]
 [1.12264111 0.97158316 9.97121037 3.68048554]
 [1.55380233 0.56272862 9.96714955 4.0074368 ]
 [0.48084057 2.5282968  9.99264036 0.84206704]
 [1.54316189 0.56272862 9.81260173 1.78649504]
 [0.83538836 1.21000455 9.99130242 1.19271775]
 [0.79508977 1.19401776 9.98117508 2.30591798]
 [0.61943226 1.58510366 9.9720037  1.27024931]
 [0.7748744  1.24508444 9.97603029 4.467116  ]
 [0.83663972 1.26000036 9.98969944 1.57494455]
 [1.60517207 0.56824337 9.99041544 3.14564944]
 [0.83663972 1.26934973 9.98994726 1.49879946]
 [1.54252849 0.56272862 9.99427882 4.13092899]
 [0.82950962 1.45890495 9.99058654 1.1032144 ]
 [0.50509723 2.01514826 9.98150343 0.52940967]
 [0.61325575 1.5871918  9.9818981  0.9690274 ]
 [0.77796537 1.2516772  9.72805073 3.6710208 ]
 [0.86143058 1.24905445 9.97565887 1.79700034]
 [0.84039653 1.27024528 9.89835056 3.01570467]
 [0.82950962 1.45890495 9.98860501 2.78183715]
 [1.67396557 0.56272862 9.99061027 4.68943232]
 [0.53058703 1.94808296 9.99244828 0.79403125]
 [0.83615935 1.25949143 9.99688598 3.28844036]
 [0.4349044  2.42895296 9.97579857 0.52144267]
 [0.80075701 1.4677247  9.97565887 2.42882213]
 [0.82700539 1.21000455 9.99134868 0.90292254]
 [0.48922355 2.56816519 9.99774551 0.73555382]
 [0.8365735  1.25949143 9.99645198 3.34076782]
 [0.83538836 1.22796521 9.99130242 1.00060868]
 [1.54316189 0.56272862 9.99041544 4.88328222]
 [0.8350561  1.26763566 9.97183631 2.18104577]
 [0.53058703 1.94808296 9.9984293  0.79947157]
 [0.43492731 2.40562564 9.97214979 0.48006777]
 [0.49684523 2.06475181 9.97356756 1.90644268]
 [0.90400793 1.01866389 9.98182826 2.75578081]
 [0.48084057 2.56816519 9.99779179 0.73431476]
 [0.83663972 1.26000036 9.99373596 1.06263057]
 [1.60156357 0.56272862 9.99040887 4.33381818]
 [0.61325575 1.5871918  9.9720037  0.89946589]
 [1.60469174 0.56272862 9.99478144 4.33381818]
 [0.80075701 1.4677247  9.97565887 2.08558012]
 [0.7748744  1.24508444 9.99636564 1.04448821]]
