[[0.96318551 0.13586378]
 [0.48413401 0.85425343]
 [0.51294996 0.80352166]
 [0.1550953  0.94541004]
 [0.56732512 0.7794775 ]
 [0.93321006 0.18873665]
 [0.95835041 0.13662819]
 [0.14274009 1.00783214]
 [0.81587004 0.50472472]
 [0.55118811 0.80023006]
 [0.80179808 0.56637904]
 [0.80694828 0.54588474]
 [0.78562143 0.57787949]
 [1.0439407  0.10132392]
 [0.86642314 0.48303682]
 [0.46624759 0.90714999]
 [0.91273043 0.4615616 ]
 [1.06483199 0.0765256 ]
 [0.21347602 0.94161135]
 [0.75503577 0.74981291]
 [0.15488649 0.95293108]
 [0.05661178 1.04336102]
 [0.94849723 0.1877928 ]]
