[[3.60699608e+01 1.65566552e+01]
 [7.76812641e+00 3.22621992e+01]
 [3.44753316e+01 1.71025222e+01]
 [2.86511655e+01 1.95368564e+01]
 [3.38364045e+00 3.78835185e+01]
 [7.01718697e+00 3.32064912e+01]
 [3.22853364e+01 1.82240390e+01]
 [2.06701379e+01 2.30235463e+01]
 [8.35413583e+01 6.42080819e+00]
 [6.42545421e-02 4.82357273e+01]
 [5.60857909e+01 1.11194220e+01]
 [6.81555654e+01 8.66305532e+00]
 [8.89085385e-01 4.35860832e+01]
 [6.14466549e-01 4.47011988e+01]
 [1.45298019e+01 2.68269711e+01]
 [5.83176055e+01 1.06016468e+01]
 [7.04643053e+01 8.30666886e+00]
 [2.37133311e+01 2.18482271e+01]
 [7.07409588e+00 3.29968040e+01]
 [6.16784942e+01 9.95395502e+00]
 [1.04976551e+01 2.98948891e+01]
 [5.10129214e+01 1.23026655e+01]
 [4.83307391e+01 1.30055861e+01]
 [3.09838326e+01 1.84529702e+01]
 [9.65869014e+01 5.29510110e+00]
 [7.47103428e+00 3.27839613e+01]
 [3.01435576e+00 3.87437753e+01]
 [1.17329489e+02 4.34324222e+00]
 [4.66951383e+00 3.58988353e+01]
 [5.69893656e+01 1.08917859e+01]
 [6.83382844e+01 8.64617576e+00]
 [4.34026601e+01 1.43443386e+01]
 [2.13531304e+01 2.26859973e+01]
 [4.18005687e+01 1.50087135e+01]
 [5.00504672e+01 1.25116603e+01]
 [6.00929066e+00 3.48282781e+01]
 [5.13824242e-01 4.54694508e+01]
 [4.03239394e+00 3.69383522e+01]
 [2.38404433e+01 2.15314788e+01]
 [3.69837635e+01 1.63225093e+01]
 [8.64919865e+01 6.15676129e+00]
 [3.54154819e+01 1.70003975e+01]
 [3.36542071e+01 1.74010150e+01]
 [3.20537255e+00 3.81544643e+01]
 [4.94481916e+00 3.56141364e+01]
 [2.83518875e+01 1.95538827e+01]
 [2.40538698e+01 2.14695150e+01]
 [6.48609556e+01 9.26874806e+00]
 [5.05834735e+01 1.23675360e+01]
 [3.43372301e+01 1.71514592e+01]
 [1.93779981e+01 2.37564183e+01]
 [5.01455835e+01 1.24796289e+01]
 [6.33070848e+01 9.61319687e+00]
 [5.40210633e+01 1.15365319e+01]
 [6.83013424e+00 3.33587758e+01]
 [3.12500802e+01 1.84325539e+01]
 [6.43486652e+01 9.37801384e+00]
 [1.71358718e+00 4.17938033e+01]
 [1.20306667e+01 2.85309140e+01]
 [2.25733983e+01 2.24263055e+01]
 [7.44505565e+01 7.63696884e+00]
 [5.89411434e+01 1.05818184e+01]
 [4.67329773e+01 1.33736789e+01]
 [3.88029074e+01 1.58309290e+01]
 [3.01727971e+01 1.87087766e+01]
 [1.34130912e+00 4.22112876e+01]
 [4.93661976e-01 4.58807307e+01]
 [2.15113580e+01 2.25891640e+01]
 [3.35921562e-01 4.59875418e+01]
 [5.79757966e+01 1.06536827e+01]
 [9.12935351e+00 3.13889598e+01]
 [2.15758789e+01 2.25489721e+01]
 [2.66596827e+01 2.02184574e+01]
 [1.08977338e+02 5.00396913e+00]
 [2.58182713e+01 2.08055238e+01]
 [8.12972023e-01 4.41664531e+01]
 [7.79711709e+00 3.22085453e+01]
 [4.45625951e+01 1.40918550e+01]
 [6.96871304e+01 8.40558730e+00]
 [2.47211051e+01 2.10275627e+01]
 [1.42926711e+01 2.71591155e+01]
 [3.79945778e+01 1.59323796e+01]
 [8.62804999e+00 3.15900942e+01]
 [1.31969028e+01 2.76972815e+01]
 [1.41242585e+01 2.76082919e+01]
 [2.76770048e+01 1.99347921e+01]
 [1.05494764e+01 2.98658082e+01]
 [2.77386830e+00 3.89277638e+01]
 [4.67663491e+01 1.33526234e+01]
 [2.37216027e+01 2.17945128e+01]
 [4.21620745e+01 1.46265005e+01]
 [3.75361146e+00 3.72747338e+01]
 [6.96135576e+01 8.42397176e+00]
 [3.26021873e+01 1.77876950e+01]
 [3.27101692e+01 1.77589149e+01]
 [6.91123586e+01 8.55038487e+00]
 [7.01730799e+01 8.31113849e+00]
 [3.91416147e+01 1.55467138e+01]
 [1.79816284e+01 2.45904349e+01]
 [5.32432904e+01 1.18283137e+01]
 [1.14352050e+02 4.60422727e+00]
 [6.91922583e-01 4.44418788e+01]
 [1.65221373e+01 2.61863567e+01]
 [7.19408245e+01 8.01237546e+00]
 [2.02291111e+00 4.05086490e+01]
 [2.62728519e-01 4.64450476e+01]
 [4.13293070e+00 3.68514178e+01]
 [5.34718436e+01 1.16612434e+01]
 [2.24910830e+01 2.25071271e+01]
 [4.50652135e+01 1.38072019e+01]
 [1.21033246e+01 2.84498708e+01]
 [1.02984042e+00 4.31941739e+01]
 [4.28413418e+00 3.64353428e+01]
 [6.06772742e+01 1.00926354e+01]
 [5.17815690e+01 1.20756660e+01]
 [5.00753781e+01 1.24841183e+01]
 [3.64208919e+01 1.64783257e+01]
 [9.05826760e+01 6.10585272e+00]
 [2.05031630e+01 2.31204647e+01]
 [5.52778958e+01 1.14322952e+01]
 [2.08699861e+01 2.29201545e+01]
 [1.19158618e+01 2.86011782e+01]
 [3.60147008e+01 1.66956781e+01]
 [1.41624463e+00 4.19642958e+01]
 [2.18207191e+00 4.01005677e+01]
 [1.11394377e+02 4.68970831e+00]
 [7.09630621e+01 8.18251721e+00]
 [7.32905725e+01 7.80331402e+00]
 [4.81591284e+01 1.31756947e+01]
 [6.39186693e+01 9.46243930e+00]
 [2.99171409e+01 1.88154538e+01]
 [5.50142592e-01 4.53919096e+01]
 [5.68011641e+00 3.48922452e+01]
 [5.79406439e+01 1.06615388e+01]
 [8.69985118e+00 3.15208134e+01]
 [8.11871399e+00 3.18820014e+01]
 [4.54540277e+01 1.36906600e+01]
 [1.75583057e+01 2.48246026e+01]
 [8.01887280e+01 6.93402891e+00]
 [7.93418941e-02 4.80291360e+01]
 [9.46306083e+01 5.43719911e+00]
 [3.38642898e+01 1.73268249e+01]
 [6.29589602e+01 9.66872037e+00]
 [1.07317076e+02 5.06634627e+00]
 [1.90879080e+01 2.40507769e+01]
 [2.88511224e+01 1.94765959e+01]
 [2.62095650e+01 2.03834727e+01]
 [5.93347341e+01 1.04167389e+01]
 [7.95260710e+01 6.96585029e+00]
 [4.92415662e+01 1.27239091e+01]
 [5.18957837e+00 3.52029951e+01]
 [5.67458159e+01 1.09875427e+01]
 [3.97606907e+01 1.53570005e+01]
 [6.64543174e+01 9.26471385e+00]
 [2.92816328e-02 4.88837571e+01]
 [5.23149546e+01 1.19344079e+01]
 [5.60834769e+01 1.11276688e+01]
 [1.24063925e+01 2.82097535e+01]
 [6.30887254e+01 9.65420668e+00]
 [3.39262283e+01 1.73041391e+01]
 [2.55485516e+01 2.08117001e+01]
 [7.63800238e+00 3.24495745e+01]
 [2.02851735e+01 2.32793585e+01]
 [9.45853237e+01 6.05483931e+00]
 [6.94158147e+01 8.44103197e+00]
 [7.06418685e+01 8.24448128e+00]
 [1.08156330e+02 5.02756766e+00]
 [4.15011342e+01 1.50572600e+01]
 [8.52234251e-01 4.40566716e+01]
 [6.13601474e+01 9.95464497e+00]
 [2.77274323e+01 1.97351340e+01]
 [1.15859113e+02 4.55398318e+00]
 [1.87170262e+01 2.41157944e+01]
 [3.56188229e+01 1.67315645e+01]
 [5.55280453e+01 1.11947983e+01]
 [1.10402967e+01 2.95959992e+01]
 [1.44341269e+01 2.69605303e+01]
 [2.16131575e-01 4.68283650e+01]
 [5.38259382e+01 1.15975369e+01]
 [8.34523850e+00 3.17428286e+01]
 [9.41277388e+01 6.07973887e+00]
 [2.28337221e+01 2.20139433e+01]
 [5.97602061e+01 1.03457147e+01]
 [5.66700696e+00 3.49137760e+01]
 [1.16187470e+01 2.88121265e+01]
 [2.70473050e+01 2.01727676e+01]
 [6.76933671e+00 3.34524702e+01]
 [7.53910495e+01 7.50162317e+00]
 [2.02714032e+01 2.33142099e+01]
 [1.23895836e+02 4.18206284e+00]
 [1.31099552e+01 2.79050973e+01]
 [3.66289140e+01 1.63647258e+01]
 [5.36870390e+01 1.16120457e+01]
 [2.39839379e+01 2.14939637e+01]
 [5.39530677e+01 1.15835534e+01]
 [3.15265523e+01 1.82302757e+01]
 [1.83477433e-01 4.70679415e+01]
 [5.07267532e+01 1.23221825e+01]
 [3.26070668e+00 3.81150442e+01]
 [5.15522595e+01 1.21218501e+01]
 [4.90862077e+01 1.27823174e+01]
 [1.26110447e+01 2.80907248e+01]
 [2.51268536e+00 3.94237256e+01]
 [2.16022447e+00 4.02909976e+01]
 [4.14240701e+00 3.67681976e+01]
 [1.15652341e+00 4.31024076e+01]
 [6.11297161e+01 1.00289712e+01]
 [4.41981497e+00 3.62745331e+01]
 [7.17346294e+01 8.10522425e+00]
 [9.19722946e+00 3.09404317e+01]
 [7.27767483e+01 7.98566995e+00]
 [8.39417711e+01 6.40564201e+00]
 [2.64240715e+00 3.91685649e+01]
 [5.28173025e+01 1.18927281e+01]
 [4.33566776e+01 1.43562158e+01]
 [6.74444078e+01 9.14548560e+00]
 [7.88245350e+01 7.19054660e+00]
 [2.41381808e+01 2.14665132e+01]
 [2.60601308e+01 2.05113736e+01]
 [3.63502708e+01 1.65073909e+01]
 [1.65575112e+01 2.57186404e+01]
 [4.41988656e+01 1.43231338e+01]
 [4.88356567e+01 1.28028808e+01]
 [6.03924836e+00 3.42281159e+01]
 [6.41654321e+01 9.44464637e+00]
 [3.63657186e+00 3.75282975e+01]
 [3.61552840e+01 1.65435785e+01]
 [9.98830716e+00 3.02039528e+01]
 [4.77406834e+01 1.32295211e+01]
 [8.14867914e+01 6.74459137e+00]
 [1.54459029e+01 2.62316393e+01]
 [4.74309387e+01 1.32478199e+01]
 [3.46101671e+01 1.70721771e+01]
 [1.50474558e+01 2.63759354e+01]
 [9.92286877e+01 5.28951934e+00]
 [2.13641237e+01 2.26592006e+01]
 [1.18248851e+02 4.32004913e+00]
 [1.02741538e+01 3.00483303e+01]
 [6.37758215e+01 9.49020620e+00]
 [1.72074202e+01 2.49781544e+01]
 [2.69335524e-01 4.64113289e+01]
 [5.69706794e+01 1.09044069e+01]
 [6.05918946e+01 1.01154571e+01]
 [3.79371391e+01 1.59360712e+01]
 [2.35441829e+01 2.18852727e+01]
 [6.75317581e+01 8.84502203e+00]
 [6.39987826e+00 3.37895176e+01]
 [1.00856046e+02 5.13144509e+00]
 [2.86841078e+01 1.95343488e+01]
 [5.42605413e-02 4.84125459e+01]
 [3.42040617e+01 1.72112713e+01]]
