[[1.52610864e-02 2.65060857e+04]
 [4.48927166e-02 9.16056255e+03]
 [3.39946541e-02 1.19017793e+04]
 [8.65147059e-03 5.46644892e+04]
 [3.70128177e-02 1.09776149e+04]
 [4.18541489e-02 9.65590185e+03]
 [1.07192317e-02 3.87363394e+04]
 [8.73430708e-03 4.97827473e+04]
 [3.18475519e-02 1.27103137e+04]
 [1.20622167e-02 3.74183468e+04]
 [2.89231505e-02 1.45152970e+04]
 [4.37664957e-02 9.35419140e+03]
 [9.94202140e-03 4.21205463e+04]
 [1.75662574e-02 2.46631743e+04]
 [2.57065886e-02 1.59723699e+04]
 [1.42412880e-02 3.02360048e+04]
 [3.47811770e-02 1.17897539e+04]
 [2.14202405e-02 1.91753969e+04]
 [3.96248617e-02 1.06026303e+04]
 [2.39009542e-02 1.78346238e+04]
 [3.33897288e-02 1.24790371e+04]
 [1.50205114e-02 2.79169551e+04]
 [2.81386913e-02 1.46754186e+04]
 [4.59713206e-02 8.80796193e+03]
 [1.62013262e-02 2.56493485e+04]
 [8.59720661e-03 5.72517291e+04]
 [5.26707688e-03 8.21595978e+04]
 [1.35105443e-02 3.06276376e+04]
 [2.84975525e-02 1.45512964e+04]
 [4.04047176e-02 1.00857881e+04]
 [3.06311600e-02 1.33538429e+04]
 [1.30778503e-02 3.22746090e+04]
 [4.33203553e-02 9.56068034e+03]
 [2.91021051e-02 1.43754211e+04]
 [3.37241650e-02 1.19142962e+04]
 [6.01980076e-03 7.96446031e+04]
 [1.86628511e-02 2.27802236e+04]
 [6.03233414e-03 6.89363071e+04]
 [6.15437186e-02 8.59827255e+03]
 [2.01014557e-02 2.18462962e+04]
 [1.10203267e-02 3.84405996e+04]
 [3.71908948e-02 1.09441702e+04]
 [2.30197530e-02 1.80196987e+04]
 [3.63796842e-02 1.14657154e+04]
 [6.20242270e-02 8.46804087e+03]
 [3.14855978e-02 1.30249315e+04]
 [7.21085147e-03 6.81654474e+04]
 [1.86391890e-02 2.42672638e+04]
 [1.29229062e-02 3.36433975e+04]
 [3.02598401e-02 1.36665892e+04]
 [7.65867074e-03 5.91387714e+04]
 [2.48325749e-02 1.65170020e+04]
 [1.30566103e-02 3.35304415e+04]
 [2.56274115e-02 1.64124924e+04]
 [8.86328770e-03 4.87026397e+04]
 [1.42505172e-02 2.89117868e+04]
 [2.03512803e-02 2.09105019e+04]
 [2.61408890e-02 1.57433474e+04]
 [1.29089872e-02 3.57429634e+04]
 [5.05709008e-02 8.60626358e+03]
 [2.69015927e-02 1.49789004e+04]
 [3.82232831e-02 1.07150058e+04]
 [1.01504465e-02 4.16851457e+04]
 [1.10396298e-02 3.83938460e+04]
 [1.52525308e-02 2.66006252e+04]
 [3.01125615e-02 1.38287860e+04]
 [5.73814491e-03 8.01281898e+04]
 [3.83534597e-02 1.06205220e+04]
 [5.24506071e-03 9.00845527e+04]
 [1.80402939e-02 2.46270015e+04]
 [4.02339548e-02 1.01893705e+04]
 [1.30653877e-02 3.32711071e+04]
 [1.50201830e-02 2.79180224e+04]]
