[[2.08511002e+00 2.16097348e+00]
 [9.31301057e-01 1.03668218e+00]
 [2.09597257e+00 2.05565850e+00]
 [2.08652401e+00 1.67606949e+00]
 [7.01934693e-01 5.94304467e-01]
 [1.05814058e+00 7.96639978e-01]
 [1.63322451e+00 1.58117431e+00]
 [3.45448459e+00 2.99196855e+00]
 [9.94006692e-02 7.86329606e-02]
 [2.76410989e+00 2.52609268e+00]
 [2.92879636e+00 2.90878724e+00]
 [2.99588448e-01 3.64030367e-01]
 [2.22759393e-01 3.22482387e-01]
 [2.62335155e+00 2.77442391e+00]
 [3.08389179e+00 2.84704896e+00]
 [8.80981278e-01 9.96190723e-01]
 [9.92849442e-01 1.28010303e+00]
 [2.63857323e+00 2.40648325e+00]
 [2.59505814e+00 2.31265173e+00]
 [2.07924359e+00 1.85005520e+00]
 [3.91374707e+00 2.97141535e+00]
 [1.23866451e+00 7.86519251e-01]
 [1.10716367e+00 8.01216059e-01]
 [9.16632146e-02 2.00174993e-01]
 [1.97425240e+00 2.24081549e+00]
 [4.52904748e+00 2.96986554e+00]
 [7.33961867e-01 7.92892448e-01]
 [2.58633799e+00 2.74921756e+00]
 [2.85357926e+00 2.99026028e+00]
 [2.46035901e+00 2.19027363e+00]
 [1.69354013e+00 1.57168841e+00]
 [2.42214223e+00 2.57795342e+00]
 [1.37059888e+00 1.68158997e+00]
 [1.33139423e-01 3.32761107e-01]
 [7.99168252e-01 6.07806376e-01]
 [2.63951989e+00 2.22023263e+00]
 [2.01610236e+00 2.27624079e+00]
 [3.58464501e+00 2.96197852e+00]
 [1.87437972e+00 2.31096758e+00]
 [2.00932962e+00 2.09192406e+00]
 [6.03835922e-01 6.60851963e-01]
 [6.91773449e-01 8.70433389e-01]
 [1.72849411e+00 2.02491481e+00]
 [1.10741028e+00 1.40173747e+00]
 [2.86636136e+00 2.82828773e+00]
 [2.45772575e+00 2.57010749e+00]
 [2.09289013e+00 2.05039470e+00]
 [1.47644397e+00 1.63236415e+00]
 [2.43960746e+00 2.56606924e+00]
 [2.92674229e+00 2.69461514e+00]
 [2.57087522e+00 2.62599818e+00]
 [2.14018735e+00 1.79780927e+00]
 [2.89680270e+00 2.77411254e+00]
 [1.14602514e+00 1.30165013e+00]
 [3.15479600e+00 2.94277103e+00]
 [2.49966186e+00 2.33129469e+00]
 [1.99609303e+00 2.39088676e+00]
 [1.90540746e+00 1.97803481e+00]
 [3.54592002e-01 4.57811961e-01]
 [8.28794145e-02 3.41389069e-01]
 [1.60513157e+00 1.67373598e+00]
 [1.98643533e-01 2.11000325e-01]
 [2.69824555e+00 2.68578110e+00]
 [2.23317523e+00 2.63110317e+00]
 [1.64180695e+00 1.64269281e+00]
 [1.93002006e+00 1.71462628e+00]
 [1.55851459e+00 2.00638982e+00]
 [9.67081995e-01 1.00699140e+00]
 [2.16177797e+00 2.54310140e+00]
 [3.01091827e+00 2.89070126e+00]
 [1.72839607e+00 1.78687529e+00]
 [2.24368629e+00 2.11294020e+00]
 [8.83394465e-01 1.17329737e+00]
 [1.17538818e+00 1.38480624e+00]
 [9.89163923e-01 1.28799217e+00]
 [6.13860647e-01 5.62709678e-01]
 [2.35248838e+00 2.48140801e+00]
 [2.29978366e+00 2.29161815e+00]
 [6.33566919e-01 7.32799990e-01]
 [2.73227295e+00 2.44932719e+00]
 [3.02153422e+00 2.87640755e+00]
 [1.96942004e+00 2.06686514e+00]
 [1.95305249e+00 2.08881025e+00]
 [2.98444262e+00 2.93877052e+00]
 [2.20503310e+00 2.21883589e+00]
 [1.38600052e+00 1.60449670e+00]
 [4.48021746e+00 2.91816106e+00]
 [3.52710224e-01 2.20399963e-01]
 [3.02606448e+00 2.97121859e+00]
 [4.44991104e-01 5.54716771e-01]
 [1.89312939e-01 1.72750517e-01]
 [8.26592452e-01 5.91589039e-01]
 [2.58099231e+00 2.58967945e+00]
 [2.32566972e+00 2.42024043e+00]
 [1.28330495e+00 1.17429109e+00]
 [2.89879067e-01 4.16449554e-01]
 [7.28927156e-01 7.34641916e-01]
 [2.78634115e+00 2.72132717e+00]
 [2.60156818e+00 2.48540444e+00]
 [2.52889693e+00 2.47457569e+00]
 [2.03144214e+00 2.23124759e+00]
 [1.55506534e+00 1.64546727e+00]
 [2.39868784e+00 2.84003004e+00]
 [1.64573001e+00 1.58400419e+00]
 [1.15731468e+00 1.28046405e+00]
 [1.95132352e+00 2.27947619e+00]
 [4.52048578e-01 3.86927952e-01]
 [5.26312633e-01 5.18182390e-01]
 [4.39533201e+00 2.92055658e+00]
 [3.02711004e+00 2.92871479e+00]
 [3.09559817e+00 2.95633474e+00]
 [2.75997514e+00 2.89174767e+00]
 [1.98231345e+00 1.88406970e+00]
 [9.90996147e-01 6.61782246e-01]
 [2.68001287e+00 2.70234934e+00]
 [1.17760978e+00 8.87805156e-01]
 [2.82866073e+00 2.72642410e+00]
 [1.86249383e+00 1.85711890e+00]
 [2.33775027e+00 2.00082763e+00]
 [2.06835082e+00 2.05292887e+00]
 [2.12862206e+00 1.80602352e+00]
 [1.09576903e+00 1.28640208e+00]
 [1.02461073e+00 7.84262143e-01]
 [2.85504381e+00 2.89210840e+00]
 [8.76662959e-01 1.02344047e+00]
 [1.48064962e+00 1.59876768e+00]
 [3.35447302e-01 5.95944793e-01]
 [3.70982118e+00 2.94864236e+00]
 [3.62577640e-01 5.18103264e-01]
 [2.47747491e+00 2.47337883e+00]
 [6.64531188e-01 8.50387297e-01]
 [2.09974127e+00 1.80836029e+00]
 [2.40722949e+00 2.41078388e+00]
 [1.40096318e+00 1.35408558e+00]
 [1.39810590e+00 1.27053016e+00]
 [2.21751921e+00 2.09352497e+00]
 [1.89054293e+00 2.08798953e+00]
 [5.14091837e-01 5.87502701e-01]
 [9.45691875e-01 1.18075024e+00]
 [1.37237056e+00 1.58014758e+00]
 [2.48782192e+00 2.46353089e+00]
 [2.20220280e+00 2.26252508e+00]
 [1.95386537e+00 1.40171570e+00]
 [7.33736899e-01 8.51949676e-01]
 [1.51090750e+00 1.10019594e+00]
 [1.00798317e+00 9.82572168e-01]
 [2.28852644e+00 2.26386668e+00]
 [1.37731013e+00 1.52822574e+00]
 [2.71308206e+00 2.65216864e+00]
 [9.56360259e-01 1.16113870e+00]
 [9.91161451e-01 8.57149486e-01]
 [2.23764190e+00 2.55371299e+00]
 [1.39179665e+00 1.46241390e+00]
 [1.25480769e+00 1.27947884e+00]
 [5.79133734e-01 8.11655981e-01]
 [2.52881674e+00 2.35950229e+00]
 [2.94454352e+00 2.52755463e+00]
 [1.68360545e+00 1.75928826e+00]
 [8.11224997e-01 5.83781206e-01]
 [7.54465382e-02 9.65832116e-02]
 [5.76467127e-01 6.24292230e-01]
 [2.13148409e-01 2.98320772e-01]
 [2.31237233e+00 2.60884226e+00]
 [1.17451110e+00 1.12214015e+00]
 [2.06139464e+00 1.83463230e+00]
 [2.43212287e+00 2.09743970e+00]
 [1.82085149e+00 1.69993667e+00]
 [1.00815880e+00 1.24938767e+00]
 [1.15470854e+00 8.59131395e-01]
 [1.13394660e+00 1.22454421e+00]
 [7.53698296e-01 7.31291932e-01]
 [2.71270117e+00 2.64745852e+00]
 [2.31042096e+00 2.26770329e+00]
 [2.39569639e+00 2.44222126e+00]
 [2.60890605e+00 2.36543740e+00]
 [8.96750083e-01 1.24068114e+00]
 [1.10876952e+00 1.40173747e+00]
 [5.26312633e-01 3.80916389e-01]
 [2.31304457e+00 1.96197880e+00]
 [6.76881926e-02 1.25632711e-01]
 [4.38458951e+00 2.87860691e+00]
 [3.15829046e+00 2.96473110e+00]
 [1.88127299e+00 2.09299065e+00]
 [2.65583687e+00 2.84003004e+00]
 [3.03558338e+00 2.73241842e+00]
 [2.72491892e+00 2.62572257e+00]
 [2.92238258e+00 2.70018356e+00]
 [2.53328248e-01 3.64030367e-01]
 [2.58633799e+00 2.86912168e+00]
 [3.44056714e+00 2.89339243e+00]
 [2.45732316e+00 2.20267323e+00]
 [2.95757971e+00 2.90878724e+00]
 [5.36868188e-01 5.97950000e-01]
 [2.23984260e+00 2.32035062e+00]
 [1.68208773e+00 1.32220727e+00]
 [1.97824136e+00 2.07325204e+00]
 [1.99357772e+00 1.84069126e+00]
 [1.92149298e+00 2.08881025e+00]
 [3.85802968e+00 2.90557338e+00]
 [9.90525163e-01 7.09742715e-01]
 [2.59066543e-03 9.69104693e-02]
 [8.96784590e-01 9.37504135e-01]
 [1.10330852e+00 1.52020756e+00]
 [2.34105570e+00 2.57010749e+00]
 [1.66547511e+00 1.34402203e+00]
 [3.43461173e+00 2.84360211e+00]
 [2.24806365e+00 2.55535665e+00]
 [1.31288714e+00 1.37982489e+00]
 [1.58698769e+00 1.73561752e+00]
 [1.15546506e+00 7.71207896e-01]
 [1.92029297e+00 1.81575236e+00]
 [2.87469864e+00 2.55411505e+00]
 [2.57298893e+00 2.60004811e+00]
 [3.41493780e+00 2.99196855e+00]
 [6.20866576e-01 3.87014899e-01]
 [3.79723865e-01 5.73365398e-01]
 [2.38125127e+00 2.67682179e+00]
 [2.44099230e+00 2.66164871e+00]
 [1.66057509e+00 1.64943898e+00]
 [1.06937438e+00 1.15748867e+00]
 [1.75655528e+00 2.05422547e+00]
 [3.95858241e+00 2.94864236e+00]
 [1.75154026e+00 1.69993667e+00]
 [1.15731468e+00 1.31056636e+00]
 [3.45111196e+00 2.79407906e+00]
 [4.03122099e+00 2.99522977e+00]
 [2.66793665e+00 2.64745852e+00]
 [3.78260653e+00 2.94498082e+00]
 [2.57087522e+00 2.62558586e+00]
 [1.12671136e+00 1.20149656e+00]
 [2.39304771e+00 2.20321747e+00]
 [1.97425240e+00 2.22989926e+00]
 [1.55860649e+00 1.98811112e+00]
 [8.41680835e-01 9.01593717e-01]
 [3.22874274e+00 2.91093509e+00]
 [1.31172976e+00 1.09514638e+00]
 [1.17451110e+00 1.07785368e+00]
 [2.77680840e+00 2.77578356e+00]
 [1.88132790e+00 1.83569316e+00]
 [2.79338206e+00 2.61255831e+00]
 [2.92782177e+00 2.98254014e+00]
 [1.87627074e+00 1.71926883e+00]
 [2.48982180e+00 2.33376639e+00]
 [1.03795397e+00 5.80746883e-01]
 [1.37964040e+00 1.52072375e+00]
 [7.52168992e-01 9.71997354e-01]
 [1.36448912e+00 1.63236415e+00]
 [2.67128468e+00 2.47337883e+00]
 [1.88290157e+00 1.79653721e+00]
 [2.89680270e+00 2.76901619e+00]
 [4.67576558e+00 2.98869146e+00]
 [2.33133237e+00 2.61139915e+00]
 [8.23865209e-01 1.04030131e+00]
 [1.13176906e+00 1.46241390e+00]
 [2.82923156e+00 2.91264950e+00]
 [4.10776901e+00 2.97360141e+00]
 [1.18776217e+00 1.03213870e+00]
 [2.59251915e+00 2.33949414e+00]
 [2.89879067e-01 3.50170330e-01]
 [2.38494240e+00 2.29501544e+00]
 [1.13788949e+00 7.97635978e-01]
 [2.94162971e+00 2.65436810e+00]
 [2.45454987e+00 2.53095861e+00]
 [2.14466167e+00 2.30171091e+00]
 [1.28559147e+00 1.24746202e+00]
 [2.31658387e+00 2.42024043e+00]
 [3.18682044e+00 2.79237817e+00]
 [1.85077089e+00 1.82128962e+00]
 [1.16633635e+00 1.42398763e+00]
 [1.48235494e+00 1.49042330e+00]
 [2.27626336e+00 2.29555187e+00]
 [2.27928001e+00 2.36067172e+00]
 [2.74835131e+00 2.97185187e+00]
 [1.61138396e+00 1.92559769e+00]
 [1.07056068e+00 1.11019694e+00]
 [1.89526908e+00 1.51356938e+00]
 [2.14437178e-01 2.89377135e-01]
 [2.32258695e+00 2.17661643e+00]
 [1.37340553e-02 9.65832116e-02]
 [5.74264836e-01 3.79470541e-01]
 [3.45236958e+00 2.75620031e+00]
 [5.75175060e-01 6.65310038e-01]
 [2.25866574e+00 2.30473994e+00]
 [2.54731767e+00 2.91854669e+00]
 [3.07610846e+00 2.96198606e+00]
 [2.86159056e+00 2.56134146e+00]
 [2.59124851e+00 2.85478175e+00]
 [1.63597123e-01 9.64794337e-02]
 [4.07224581e+00 2.90136211e+00]
 [2.92411918e+00 2.65216864e+00]
 [2.58294194e+00 2.40990849e+00]
 [1.98352562e+00 1.64784026e+00]
 [3.65014243e+00 2.87882414e+00]
 [2.61643887e+00 2.34538772e+00]
 [7.21518736e-01 8.50017891e-01]
 [3.45444759e+00 2.99196855e+00]
 [1.95211641e+00 1.83463230e+00]
 [2.27147601e+00 2.34109057e+00]
 [2.57087522e+00 2.43536261e+00]
 [1.86534003e+00 1.78794716e+00]
 [2.28908426e+00 2.22717694e+00]
 [1.57615914e+00 1.58943740e+00]
 [4.32033172e+00 2.89411272e+00]
 [2.74155157e+00 2.54316304e+00]
 [1.93028063e+00 1.44229785e+00]]
