[[0.62822678 4.53414591 9.09509548 1.55636897]
 [0.43379929 4.27441307 8.65190854 0.52291692]
 [1.68005678 1.30700616 9.63388057 2.58191717]
 [0.55867567 3.33434245 9.48881637 0.91937637]
 [1.18582585 2.56987231 9.60000241 1.2892189 ]
 [1.04256965 1.81511829 9.40087105 1.9611576 ]
 [1.25823323 1.90660622 9.63603167 2.93609384]
 [0.57152466 2.80940531 8.87781336 1.32397866]
 [0.5871331  2.14307755 9.18339729 3.73345349]
 [1.71380501 0.80953634 9.86084594 3.70089546]
 [0.51698931 5.09119176 9.31679967 0.77716925]
 [0.4417534  2.80940531 8.87781336 1.30606387]
 [1.8670093  1.30700616 9.63388057 4.87613652]
 [3.65008032 0.33475809 9.22337224 4.66670121]
 [0.33566706 4.60234678 8.65190854 0.38292144]
 [0.45043194 4.3590914  8.95984521 1.40800301]
 [1.04431582 1.00089361 8.46363701 3.0050823 ]
 [0.68470152 1.97952574 8.12945894 3.410492  ]
 [1.71200895 0.94990808 9.05728903 2.00023203]
 [0.55867567 3.33434245 9.61693513 0.91937637]
 [4.48971716 0.67534136 9.82763891 4.92459369]
 [0.38575928 4.29168118 9.29574171 1.40800301]]
