[[2.08511002e+00 2.16097348e+00]
 [9.31301057e-01 1.03668218e+00]
 [1.98383737e+00 1.61645020e+00]
 [2.09597257e+00 2.05565850e+00]
 [2.08652401e+00 1.67606949e+00]
 [7.01934693e-01 5.94304467e-01]
 [1.56712089e+00 2.07696785e+00]
 [1.05814058e+00 7.96639978e-01]
 [1.63322451e+00 1.58117431e+00]
 [3.45448459e+00 2.99196855e+00]
 [9.94006692e-02 7.86329606e-02]
 [2.76410989e+00 2.52609268e+00]
 [2.92879636e+00 2.90878724e+00]
 [2.99588448e-01 3.64030367e-01]
 [2.22759393e-01 3.22482387e-01]
 [1.19923880e+00 1.48130914e+00]
 [2.62335155e+00 2.77442391e+00]
 [3.08389179e+00 2.84704896e+00]
 [8.80981278e-01 9.96190723e-01]
 [2.91007090e+00 2.63649595e+00]
 [2.16838174e+00 2.42208159e+00]
 [1.42788141e+00 1.76050002e+00]
 [2.63857323e+00 2.40648325e+00]
 [2.59505814e+00 2.31265173e+00]
 [3.91374707e+00 2.97141535e+00]
 [1.10716367e+00 8.01216059e-01]
 [9.16632146e-02 2.00174993e-01]
 [1.97425240e+00 2.24081549e+00]
 [7.33961867e-01 7.92892448e-01]
 [2.58633799e+00 2.74921756e+00]
 [4.37411048e-01 6.81929209e-01]
 [2.85357926e+00 2.99026028e+00]
 [2.46035901e+00 2.19027363e+00]
 [1.69354013e+00 1.57168841e+00]
 [2.42214223e+00 2.57795342e+00]
 [1.37059888e+00 1.68158997e+00]
 [1.33139423e-01 3.32761107e-01]
 [4.02647636e-01 6.95106931e-01]
 [7.99168252e-01 6.07806376e-01]
 [1.85077089e+00 1.59209232e+00]
 [2.01610236e+00 2.27624079e+00]
 [3.58464501e+00 2.96197852e+00]
 [2.00932962e+00 2.09192406e+00]
 [6.03835922e-01 6.60851963e-01]
 [6.91773449e-01 8.70433389e-01]
 [1.72849411e+00 2.02491481e+00]
 [1.10741028e+00 1.40173747e+00]
 [2.86636136e+00 2.82828773e+00]
 [2.45772575e+00 2.57010749e+00]
 [2.09289013e+00 2.05039470e+00]
 [1.47644397e+00 1.63236415e+00]
 [2.43960746e+00 2.56606924e+00]
 [2.92674229e+00 2.69461514e+00]
 [2.57087522e+00 2.62599818e+00]
 [8.07553852e-01 1.02732192e+00]
 [2.89680270e+00 2.77411254e+00]
 [2.64972713e-01 5.98486638e-01]
 [2.40142083e+00 2.22023263e+00]
 [1.44390485e-02 5.88814188e-02]
 [1.22271145e+00 1.09966993e+00]
 [2.54357753e+00 2.72793597e+00]
 [1.45500339e+00 1.52151989e+00]
 [2.40696991e+00 2.02154702e+00]
 [4.21894064e-01 3.96045955e-01]
 [5.44973690e-01 6.60702678e-01]
 [1.04226572e+00 8.87962597e-01]
 [2.94087005e-01 3.64030367e-01]
 [2.43589805e+00 2.23670786e+00]
 [2.04088656e+00 1.87584493e+00]
 [2.03438411e+00 2.37761759e+00]
 [2.57272514e+00 2.76133798e+00]
 [6.11121963e-01 6.35077050e-01]
 [2.55032233e+00 2.55461426e+00]
 [1.14092911e+00 1.43453625e+00]
 [1.88053580e+00 2.10036327e+00]
 [2.18186019e+00 2.19027363e+00]
 [1.77773154e+00 1.62940947e+00]
 [7.95035575e-01 6.71154270e-01]
 [2.21441528e+00 2.05565850e+00]
 [2.24275931e+00 2.05920467e+00]
 [1.18759816e+00 1.42320804e+00]
 [6.24112716e-01 6.10035909e-01]
 [1.77254651e+00 1.69330611e+00]
 [1.28568693e+00 1.62467814e+00]
 [1.47302618e+00 1.37130147e+00]
 [2.77729177e+00 2.77740393e+00]
 [2.22759393e-01 1.87087691e-01]
 [2.67151003e+00 2.54822463e+00]
 [1.42513312e+00 1.38586660e+00]
 [2.02689393e+00 2.45910694e+00]
 [5.80098341e-01 6.21039296e-01]
 [2.52375656e+00 2.77531484e+00]
 [1.39229605e+00 1.37686981e+00]
 [2.79961611e+00 2.63649595e+00]
 [9.58187825e-01 1.40311602e+00]
 [2.52205628e+00 2.40648325e+00]
 [2.85417835e+00 2.94069764e+00]
 [2.26461088e+00 2.69935529e+00]
 [2.33071272e+00 2.53886597e+00]
 [2.54409158e+00 2.46658882e+00]
 [1.73362851e+00 1.39188537e+00]
 [2.81816445e+00 2.69461514e+00]
 [1.07257360e+00 8.25877148e-01]
 [2.12621925e+00 2.22123070e+00]
 [2.11199544e+00 2.48653742e+00]
 [1.09152267e+00 1.41322424e+00]
 [7.32734359e-01 8.75736211e-01]
 [1.77815560e+00 1.40173747e+00]
 [2.26677303e+00 2.61911157e+00]
 [1.52229460e+00 1.41920959e+00]
 [2.30965266e+00 2.09192406e+00]
 [2.55752697e+00 2.48110131e+00]
 [1.50245264e+00 1.38798690e+00]
 [1.77942648e+00 1.37221475e+00]
 [1.39072095e+00 1.32222993e+00]
 [7.42071422e-01 8.51401837e-01]
 [2.31896447e+00 2.59230908e+00]
 [4.20464981e+00 2.98613113e+00]
 [2.22383206e+00 2.01728813e+00]
 [1.69605157e+00 1.57851827e+00]
 [1.38402828e+00 1.27333934e+00]
 [2.81816445e+00 2.85776256e+00]
 [2.96060906e+00 2.86709836e+00]
 [2.16038283e+00 2.09236524e+00]
 [2.35714468e+00 2.22023263e+00]
 [2.33285701e+00 2.47125837e+00]
 [1.21225032e+00 1.53124783e+00]
 [1.58742109e+00 2.23368202e+00]
 [2.71356564e+00 2.69608358e+00]
 [3.20008230e+00 2.93955987e+00]
 [5.78827029e-01 7.38118103e-01]
 [2.06241635e+00 2.00806853e+00]
 [1.69762232e+00 1.92357829e+00]
 [3.67256424e+00 2.96076376e+00]
 [2.22281803e+00 2.55914386e+00]
 [2.60900286e+00 2.64847899e+00]
 [2.40696991e+00 2.06151384e+00]
 [4.49188529e-01 3.78988558e-01]
 [1.75603591e+00 1.92221086e+00]
 [2.75189335e-03 7.86329606e-02]
 [1.40648753e+00 1.32565563e+00]
 [3.59845523e+00 2.99000391e+00]
 [3.64535048e+00 2.96197852e+00]
 [3.60143959e+00 2.95930351e+00]
 [1.57188308e+00 1.80696887e+00]
 [2.34529878e+00 2.27319657e+00]
 [2.37578735e+00 2.54774385e+00]
 [2.25718645e-01 2.93812310e-01]
 [3.49996661e-01 4.38461496e-01]
 [4.50008516e+00 2.99818844e+00]
 [2.12811611e+00 1.91808108e+00]
 [2.82878129e+00 2.52601480e+00]
 [1.41532440e-01 3.39916773e-01]
 [9.16632146e-02 1.44852177e-01]
 [1.58062051e+00 1.23925407e+00]
 [3.83618634e+00 2.90472016e+00]
 [2.71323654e+00 2.40731381e+00]
 [1.32629353e+00 8.01115787e-01]
 [2.52775952e+00 2.53258361e+00]
 [2.18017943e+00 2.46598162e+00]
 [1.36788938e+00 1.65234849e+00]
 [1.38355670e+00 1.24106835e+00]
 [6.97578649e-02 2.35652872e-01]
 [1.66242750e+00 1.83262147e+00]
 [1.48209227e+00 1.41980734e+00]
 [2.21143646e-01 3.38099323e-01]
 [3.31607375e+00 2.88634920e+00]
 [1.35591113e+00 1.24325377e+00]
 [3.19462393e+00 2.68976912e+00]
 [2.79961611e+00 2.68546552e+00]
 [2.70984145e+00 2.70006061e+00]
 [2.87031268e-01 3.19680682e-01]
 [4.63090713e+00 2.99909810e+00]
 [1.51766481e+00 1.87101662e+00]
 [3.94569698e+00 2.87054842e+00]
 [1.39335971e+00 1.40044159e+00]
 [2.91138221e+00 2.74582296e+00]
 [2.51273951e+00 2.77089620e+00]
 [2.55032233e+00 2.55912188e+00]
 [4.20464981e+00 2.99823764e+00]
 [1.41824015e+00 1.29634539e+00]
 [1.26996264e+00 1.60167073e+00]
 [3.38161875e+00 2.95574890e+00]
 [1.15927182e+00 9.13768589e-01]
 [1.73448849e+00 1.63866539e+00]
 [7.48450895e-01 7.50949364e-01]
 [1.49875560e+00 1.51567881e+00]
 [2.79870874e+00 2.94544796e+00]
 [1.95875109e+00 1.96847539e+00]
 [3.11890854e-01 1.22189390e-01]
 [2.40231870e+00 2.06090360e+00]
 [8.02825793e-01 5.86359362e-01]
 [3.21741660e+00 2.86585292e+00]
 [2.97069451e-01 4.07786960e-01]
 [2.02007512e+00 1.93768105e+00]
 [2.25322044e+00 2.31096758e+00]
 [2.10632561e+00 2.07547268e+00]
 [2.69143151e-01 2.60826853e-01]
 [9.78167397e-01 7.39074080e-01]
 [1.69605157e+00 1.61333226e+00]
 [3.16995021e+00 2.80832853e+00]
 [1.77334856e+00 1.75520465e+00]
 [6.06048132e-03 3.10567815e-02]
 [1.35814514e+00 1.81164873e+00]
 [1.22271145e+00 1.04920393e+00]
 [4.06717756e+00 2.95859449e+00]
 [2.95724236e+00 2.75057909e+00]
 [4.32202824e+00 2.99818844e+00]
 [3.16622220e+00 2.71050623e+00]
 [2.96203176e-01 4.52149238e-01]
 [1.60805750e+00 1.99060041e+00]
 [1.57316926e+00 1.24913982e+00]
 [1.77890530e+00 1.79056279e+00]
 [2.34897036e+00 2.22477785e+00]
 [2.14466167e+00 1.62827277e+00]
 [2.55205068e+00 2.65914390e+00]
 [1.17751776e+00 1.43453625e+00]
 [3.01637851e+00 2.76873291e+00]
 [3.16622220e+00 2.85696569e+00]
 [1.81255120e+00 1.34464563e+00]
 [3.49996661e-01 2.92059714e-01]
 [5.48170384e-01 5.11254764e-01]
 [3.34038308e+00 2.97141535e+00]
 [2.28162324e+00 2.40880084e+00]
 [1.75047898e-03 1.19158295e-01]
 [9.71819957e-01 1.07798597e+00]
 [6.85057483e-01 7.71207896e-01]
 [1.36010411e+00 9.76573251e-01]
 [2.57945944e+00 2.59228971e+00]
 [9.59377473e-01 8.27451752e-01]
 [2.03204627e+00 1.89810423e+00]
 [3.21801362e+00 2.90207034e+00]
 [2.25475894e+00 2.08281429e+00]
 [4.21894064e-01 3.89630196e-01]
 [2.13971965e+00 1.87584493e+00]
 [1.69762232e+00 2.01944811e+00]
 [1.39551681e+00 1.24570760e+00]
 [1.15966120e+00 8.49340385e-01]
 [2.83046339e+00 2.85415628e+00]
 [1.05493180e+00 7.95339852e-01]
 [9.94751057e-01 7.71207896e-01]
 [1.28877805e+00 1.16565000e+00]
 [2.99195464e-01 3.64030367e-01]
 [1.39051792e+00 1.67353981e+00]
 [2.82105877e+00 2.77397091e+00]
 [3.04683862e+00 2.95854951e+00]
 [3.28096377e+00 2.95212942e+00]
 [6.03567402e-01 5.57565774e-01]
 [2.79798386e+00 2.56628027e+00]
 [2.33071272e+00 2.32967298e+00]
 [1.46856212e+00 1.62463690e+00]
 [1.68769885e+00 1.74407678e+00]
 [1.13522563e+00 1.35035251e+00]
 [4.10401081e+00 2.90478473e+00]
 [4.71916723e-01 4.64124374e-01]
 [1.65487150e+00 1.39040882e+00]
 [2.30774740e+00 2.66789542e+00]
 [3.16301470e+00 2.90971374e+00]
 [3.46600610e+00 2.95726687e+00]
 [2.91007090e+00 2.69539312e+00]
 [1.54545596e+00 1.54142851e+00]
 [2.28178789e+00 2.23670786e+00]
 [4.18768883e+00 2.97141535e+00]
 [4.45175269e-01 4.81028506e-01]
 [1.56906055e+00 1.43370069e+00]
 [3.34323280e+00 2.94585778e+00]
 [8.24919294e-02 1.18784992e-01]
 [2.20759418e+00 2.06567949e+00]
 [3.11111372e+00 2.85015105e+00]
 [2.32474991e+00 2.49895124e+00]
 [3.41697309e+00 2.98390944e+00]
 [2.42738824e-01 1.87087691e-01]
 [2.59135041e+00 2.34252855e+00]
 [6.12813370e-01 3.94168432e-01]
 [1.06033162e+00 8.02379058e-01]
 [3.18761827e+00 2.93955987e+00]
 [2.41324466e+00 2.63328909e+00]
 [2.65708285e+00 2.92600066e+00]
 [3.22238391e+00 2.99503346e+00]
 [5.66007821e-01 7.38118103e-01]
 [1.69231127e+00 1.63236415e+00]
 [1.22271145e+00 1.47301010e+00]
 [5.49148547e-01 7.86519251e-01]
 [3.54481943e+00 2.95051359e+00]
 [1.60470126e+00 1.88056681e+00]
 [4.50008516e+00 2.95374392e+00]
 [3.58807271e+00 2.96268248e+00]
 [2.83096764e+00 2.52609268e+00]
 [2.91202792e+00 2.72871225e+00]
 [1.50201511e+00 1.71748499e+00]
 [1.92289542e+00 1.96927006e+00]
 [4.37411048e-01 5.61189712e-01]
 [7.74350509e-01 8.94330247e-01]
 [4.44222391e-01 4.08020933e-01]
 [1.93603591e+00 1.80087646e+00]
 [1.07056068e+00 9.13230449e-01]
 [1.48144311e+00 1.61338982e+00]
 [1.13169600e+00 1.10943150e+00]
 [2.67269415e+00 2.48694270e+00]]
