[[0.43379929 4.15024734 6.35010748 0.50363733]
 [0.66408263 2.03227741 9.82763891 2.92122454]
 [0.88051432 1.31323234 9.3297327  4.55947318]
 [0.59801611 2.14485118 8.68367044 2.66290558]
 [0.43379929 3.6047057  8.65190854 0.52291692]
 [2.43142077 0.9663986  9.99733781 4.90381158]
 [0.76038971 1.88610715 9.8459175  4.31362296]
 [0.45853596 7.09819932 9.77007984 1.27847129]
 [0.92664631 1.89855496 9.96760199 3.03204377]
 [0.89936867 1.84125863 9.53701191 2.45269717]
 [0.66408263 1.81888315 9.81989643 2.92122454]
 [2.43142077 0.9663986  9.99993198 4.90381158]
 [0.63246121 4.26982084 9.43479497 0.86251839]
 [0.80505255 3.36164866 9.86076324 1.55440327]
 [0.47265041 4.02801016 9.02181941 1.05671285]
 [1.1956726  2.08432559 9.60055174 1.71105915]
 [0.44090088 4.7992604  8.60270544 1.38433254]
 [0.3234358  6.26277929 9.60055174 1.2054935 ]
 [0.36283591 4.15024734 9.48995051 0.57407949]
 [0.45193604 2.58386059 8.92402355 0.83329974]
 [1.02961646 1.95171536 9.89253046 3.32690141]
 [0.57190504 4.69118075 9.96680773 0.66029246]
 [1.35269493 2.38132775 9.89976899 1.75569711]
 [0.88051432 1.31323234 9.82700452 4.55947318]
 [0.54061617 3.33320372 9.60068902 4.96651057]]
