[[0.62822678 4.53414591 9.09509548 1.55636897]
 [1.52433924 1.41875043 9.37709581 4.04857475]
 [1.4989948  1.86709885 9.70171865 3.74195519]
 [3.65008032 0.60599795 9.20844951 4.64335094]
 [1.68005678 1.30700616 9.63388057 2.58191717]
 [0.55867567 3.33434245 9.48881637 0.91937637]
 [1.18582585 2.56987231 9.60000241 1.2892189 ]
 [1.04256965 1.81511829 9.40087105 1.9611576 ]
 [1.4909391  0.714824   9.08427503 4.37592995]
 [0.44943514 4.54721831 8.8528718  2.55614671]
 [0.55867567 3.33434245 9.48881637 1.23479654]
 [1.04256965 3.41008827 9.5083464  1.9611576 ]
 [0.5069017  2.50449736 9.4142013  0.58656697]
 [1.48202927 2.03040278 9.76912442 4.5621212 ]
 [1.67816403 1.33988264 9.38347928 2.59162217]
 [0.20389382 8.10478509 9.73520026 3.72074399]
 [0.43418618 5.48410573 9.5876503  2.84352542]
 [1.96537663 1.07776175 9.74064057 3.42927935]
 [0.93092764 2.35990712 9.46616878 2.92228899]
 [0.4307223  4.27441307 8.65190854 0.52291692]
 [1.39841018 3.014409   9.86771092 4.89629343]]
