[[3.60699608e+01 1.65566552e+01]
 [7.76812641e+00 3.22621992e+01]
 [2.61940879e+01 2.05456462e+01]
 [3.44753316e+01 1.71025222e+01]
 [2.86511655e+01 1.95368564e+01]
 [3.38364045e+00 3.78835185e+01]
 [7.01718697e+00 3.32064912e+01]
 [2.06701379e+01 2.30235463e+01]
 [8.35413583e+01 6.42080819e+00]
 [6.42545421e-02 4.82357273e+01]
 [6.81555654e+01 8.66305532e+00]
 [8.89085385e-01 4.35860832e+01]
 [6.14466549e-01 4.47011988e+01]
 [1.45298019e+01 2.68269711e+01]
 [5.83176055e+01 1.06016468e+01]
 [7.04643053e+01 8.30666886e+00]
 [7.07409588e+00 3.29968040e+01]
 [1.04976551e+01 2.98948891e+01]
 [5.10129214e+01 1.23026655e+01]
 [4.83307391e+01 1.30055861e+01]
 [3.09838326e+01 1.84529702e+01]
 [9.65869014e+01 5.29510110e+00]
 [8.61160919e+00 3.19010647e+01]
 [7.47103428e+00 3.27839613e+01]
 [1.93888691e-01 4.71300901e+01]
 [4.66951383e+00 3.58988353e+01]
 [5.69893656e+01 1.08917859e+01]
 [2.62542348e+00 3.94629533e+01]
 [6.83382844e+01 8.64617576e+00]
 [4.34026601e+01 1.43443386e+01]
 [2.13531304e+01 2.26859973e+01]
 [5.00504672e+01 1.25116603e+01]
 [1.88251444e+01 2.41843976e+01]
 [6.00929066e+00 3.48282781e+01]
 [5.13824242e-01 4.54694508e+01]
 [4.03239394e+00 3.69383522e+01]
 [4.75859928e+01 1.32989730e+01]
 [3.69837635e+01 1.63225093e+01]
 [8.64919865e+01 6.15676129e+00]
 [3.36542071e+01 1.74010150e+01]
 [3.20537255e+00 3.81544643e+01]
 [4.94481916e+00 3.56141364e+01]
 [2.83518875e+01 1.95538827e+01]
 [1.27649019e+01 2.80997480e+01]
 [2.40538698e+01 2.14695150e+01]
 [6.48609556e+01 9.26874806e+00]
 [5.05834735e+01 1.23675360e+01]
 [3.43372301e+01 1.71514592e+01]
 [1.93779981e+01 2.37564183e+01]
 [5.01455835e+01 1.24796289e+01]
 [6.33070848e+01 9.61319687e+00]
 [5.40210633e+01 1.15365319e+01]
 [6.83013424e+00 3.33587758e+01]
 [3.12500802e+01 1.84325539e+01]
 [1.20306667e+01 2.85309140e+01]
 [2.25733983e+01 2.24263055e+01]
 [7.44505565e+01 7.63696884e+00]
 [5.89411434e+01 1.05818184e+01]
 [3.88029074e+01 1.58309290e+01]
 [3.01727971e+01 1.87087766e+01]
 [1.34130912e+00 4.22112876e+01]
 [4.93661976e-01 4.58807307e+01]
 [2.15113580e+01 2.25891640e+01]
 [7.93024178e+01 7.29668767e+00]
 [3.35921562e-01 4.59875418e+01]
 [5.79757966e+01 1.06536827e+01]
 [4.76391019e+01 1.32669915e+01]
 [2.15758789e+01 2.25489721e+01]
 [2.66596827e+01 2.02184574e+01]
 [8.12972023e-01 4.41664531e+01]
 [7.79711709e+00 3.22085453e+01]
 [4.45625951e+01 1.40918550e+01]
 [6.96871304e+01 8.40558730e+00]
 [2.47211051e+01 2.10275627e+01]
 [3.79945778e+01 1.59323796e+01]
 [8.62804999e+00 3.15900942e+01]
 [6.34288930e+00 3.46317578e+01]
 [1.05494764e+01 2.98658082e+01]
 [2.77386830e+00 3.89277638e+01]
 [4.67663491e+01 1.33526234e+01]
 [4.21620745e+01 1.46265005e+01]
 [3.75361146e+00 3.72747338e+01]
 [6.96135576e+01 8.42397176e+00]
 [3.26021873e+01 1.77876950e+01]
 [8.02485554e+01 7.11869063e+00]
 [3.27101692e+01 1.77589149e+01]
 [7.01730799e+01 8.31113849e+00]
 [3.91416147e+01 1.55467138e+01]
 [1.79816284e+01 2.45904349e+01]
 [5.32432904e+01 1.18283137e+01]
 [6.91922583e-01 4.44418788e+01]
 [7.19408245e+01 8.01237546e+00]
 [2.02291111e+00 4.05086490e+01]
 [2.62728519e-01 4.64450476e+01]
 [4.13293070e+00 3.68514178e+01]
 [5.34718436e+01 1.16612434e+01]
 [4.50652135e+01 1.38072019e+01]
 [1.21033246e+01 2.84498708e+01]
 [1.02984042e+00 4.31941739e+01]
 [4.28413418e+00 3.64353428e+01]
 [6.06772742e+01 1.00926354e+01]
 [5.17815690e+01 1.20756660e+01]
 [5.00753781e+01 1.24841183e+01]
 [3.64208919e+01 1.64783257e+01]
 [2.05031630e+01 2.31204647e+01]
 [5.52778958e+01 1.14322952e+01]
 [2.08699861e+01 2.29201545e+01]
 [1.19158618e+01 2.86011782e+01]
 [1.41624463e+00 4.19642958e+01]
 [2.18207191e+00 4.01005677e+01]
 [7.09630621e+01 8.18251721e+00]
 [7.32905725e+01 7.80331402e+00]
 [6.39186693e+01 9.46243930e+00]
 [2.99171409e+01 1.88154538e+01]
 [5.68011641e+00 3.48922452e+01]
 [5.79406439e+01 1.06615388e+01]
 [8.69985118e+00 3.15208134e+01]
 [6.17388396e+01 9.88386160e+00]
 [2.76710956e+01 1.97216465e+01]
 [3.78735500e+01 1.60826086e+01]
 [3.39703682e+01 1.72797952e+01]
 [3.11710112e+01 1.84462971e+01]
 [1.14221603e+01 2.90338290e+01]
 [7.29884071e+01 7.85652240e+00]
 [6.65957702e+00 3.35761655e+01]
 [6.60622646e+01 9.04404406e+00]
 [7.26387335e+00 3.28149341e+01]
 [1.89935255e+01 2.39542084e+01]
 [1.87070036e+00 4.11537541e+01]
 [8.98290597e+01 5.87262957e+00]
 [1.59957415e+00 4.15930845e+01]
 [4.90219390e+01 1.27469474e+01]
 [4.65904102e+00 3.60155754e+01]
 [3.07163213e+01 1.85980647e+01]
 [4.64265309e+01 1.34264990e+01]
 [1.51849824e+01 2.62457580e+01]
 [1.42757879e+01 2.68825864e+01]
 [3.72009529e+01 1.61897965e+01]
 [3.17354115e+01 1.81485282e+01]
 [2.43779936e+00 3.95935045e+01]
 [9.15401703e+00 3.10240831e+01]
 [1.75210694e+01 2.48550859e+01]
 [4.90329696e+01 1.27447142e+01]
 [3.98748676e+01 1.53214381e+01]
 [5.05675235e+00 3.54073223e+01]
 [1.39730904e+01 2.73822381e+01]
 [7.92591256e+00 3.20759247e+01]
 [4.14497823e+01 1.48385144e+01]
 [1.69298285e+01 2.51770984e+01]
 [5.75792510e+01 1.07423058e+01]
 [6.86842505e+00 3.32339969e+01]
 [4.61139651e+01 1.36149424e+01]
 [1.63030094e+01 2.55336468e+01]
 [1.28464337e+01 2.78687432e+01]
 [3.97672525e+00 3.70862842e+01]
 [4.78486607e+01 1.30789748e+01]
 [2.37184900e+01 2.15006854e+01]
 [3.99554597e+00 3.70488245e+01]
 [6.00819875e-02 4.82947230e+01]
 [2.88822055e+00 3.87144616e+01]
 [5.37710108e-01 4.50197357e+01]
 [1.05546994e+01 2.96721623e+01]
 [3.04608941e+01 1.86549541e+01]
 [4.12578997e+01 1.50188493e+01]
 [2.48211394e+01 2.09974032e+01]
 [3.09542052e+01 1.84594088e+01]
 [3.90571034e+01 1.57437159e+01]
 [3.52431926e+01 1.68377131e+01]
 [1.16141261e+02 4.28797292e+00]
 [6.18755544e+01 9.86284712e+00]
 [4.42539003e+01 1.40950486e+01]
 [2.54169503e+01 2.07088305e+01]
 [3.14068181e+01 1.82512457e+01]
 [2.71791917e+01 1.99955717e+01]
 [2.41067095e+01 2.13154780e+01]
 [5.67796369e+01 1.09771849e+01]
 [1.66065439e+01 2.53367630e+01]
 [3.82033730e+01 1.58462449e+01]
 [5.79133011e+01 1.06876149e+01]
 [2.54589501e+01 2.07065156e+01]
 [9.37885508e+01 5.44599310e+00]
 [7.65366310e-03 4.93873254e+01]
 [6.22350065e+01 9.77709870e+00]
 [6.33397916e+01 9.55901651e+00]
 [5.74813128e+01 1.07998620e+01]
 [1.09426425e+02 4.58389855e+00]
 [2.35212577e+01 2.18169486e+01]
 [1.61738224e+01 2.56246349e+01]
 [8.36121650e+01 6.40894250e+00]
 [1.65459048e+00 4.13212958e+01]
 [5.14679935e+01 1.22017209e+01]
 [1.89969658e+00 4.07908829e+01]
 [4.67038289e+01 1.33702371e+01]
 [3.21970471e+01 1.79673697e+01]
 [7.68589127e+01 7.45096101e+00]
 [3.95797045e+01 1.55435794e+01]
 [5.73261892e+01 1.08176378e+01]
 [1.58603147e+01 2.58111030e+01]
 [7.17697215e+01 8.07426848e+00]
 [6.30970772e+01 9.63238246e+00]
 [3.34992364e+01 1.74819080e+01]
 [1.65177082e+01 2.54410842e+01]
 [3.76938363e+01 1.61737423e+01]
 [3.21730558e+01 1.80036325e+01]
 [1.23825292e+00 4.24421593e+01]
 [2.79698548e+01 1.96098368e+01]
 [1.65901279e+01 2.53620369e+01]
 [3.71454742e+01 1.62385822e+01]
 [8.91226932e+01 6.05763518e+00]
 [1.22331267e+02 4.23363572e+00]
 [1.12235109e+01 2.91228157e+01]
 [3.41087584e+01 1.72511998e+01]
 [8.54086085e-01 4.37162361e+01]
 [9.94601604e+01 5.26349845e+00]
 [8.30292942e+01 6.54463882e+00]
 [3.23884457e+00 3.81100894e+01]
 [4.49986846e+00 3.63311618e+01]
 [6.72088312e-01 4.45352549e+01]
 [3.52374404e+01 1.69870449e+01]
 [7.14907008e-03 4.94242762e+01]
 [4.06290723e+01 1.51074582e+01]
 [4.50018462e+01 1.38194551e+01]
 [6.02775242e+01 1.03090909e+01]
 [5.71874364e+01 1.08554586e+01]
 [6.14198782e+01 9.95106430e+00]
 [6.76611923e+01 8.81367293e+00]
 [6.43079873e+01 9.37484554e+00]
 [1.69943847e+01 2.51563437e+01]
 [8.50997099e+01 6.40220026e+00]
 [2.93366659e+01 1.90479351e+01]
 [2.31733611e+01 2.18332999e+01]
 [9.98340972e+01 5.10770955e+00]
 [6.04056365e+01 1.01615022e+01]
 [5.88855666e+01 1.05919078e+01]
 [6.60515979e+01 9.06039498e+00]
 [2.03979393e+01 2.31766007e+01]
 [1.51824465e+01 2.64276078e+01]
 [4.64524655e+01 1.34195393e+01]
 [5.93874195e+01 1.03846076e+01]
 [1.88984793e+01 2.40815300e+01]
 [1.34793731e+01 2.76479044e+01]
 [3.08362310e+01 1.84915730e+01]
 [4.85165281e+01 1.28876723e+01]
 [4.08231369e+00 3.69156659e+01]
 [5.97343940e+01 1.03245920e+01]
 [4.17821280e+01 1.47388331e+01]
 [3.40534612e+00 3.78026913e+01]
 [1.61543337e+01 2.56285657e+01]
 [6.90938796e+01 8.49748565e+00]
 [5.69840002e-02 4.83471519e+01]
 [1.10608037e+02 4.47992915e+00]
 [9.44604650e+01 5.39786553e+00]
 [1.07438008e+02 4.68337396e+00]
 [2.49106904e+01 2.09355968e+01]
 [1.73396420e-01 4.73883669e+01]
 [2.23195344e+01 2.24877698e+01]
 [8.09579562e+01 6.91056721e+00]
 [3.18865400e+00 3.83736355e+01]
 [2.04564550e+01 2.31331908e+01]
 [3.56701349e+01 1.66870861e+01]
 [2.01995595e+01 2.33071430e+01]
 [1.41998035e+00 4.19636971e+01]
 [8.55050231e+01 6.22160123e+00]
 [1.16781104e+00 4.28222574e+01]
 [3.15063399e+01 1.81907446e+01]
 [6.48331052e+01 9.27802132e+00]
 [5.14601437e+01 1.22410879e+01]
 [5.36676782e+01 1.16270126e+01]
 [6.79384721e+01 8.71323972e+00]
 [5.99994807e+00 3.48455413e+01]
 [6.10186930e+01 1.00413241e+01]
 [7.87831375e+00 3.21228506e+01]
 [2.75014142e+01 1.99938768e+01]
 [4.34251546e+01 1.42633598e+01]
 [6.04161533e+01 1.01447457e+01]
 [2.26908191e+01 2.20771812e+01]
 [5.04271660e+00 3.55781825e+01]
 [3.29644598e+01 1.77163478e+01]
 [1.00907371e+01 3.00728593e+01]
 [4.68110750e+01 1.33343965e+01]
 [5.55862688e+01 1.12989882e+01]
 [6.94029555e+01 8.45275246e+00]
 [8.98721813e+00 3.10570560e+01]
 [4.31454431e+00 3.63916046e+01]
 [1.31685428e+01 2.76553105e+01]
 [7.16368631e+01 8.17827688e+00]
 [5.92363266e+01 1.05655811e+01]
 [7.64222400e+00 3.24130064e+01]
 [4.53611716e+01 1.37396395e+01]
 [5.59753511e+01 1.10918138e+01]
 [3.63609213e+01 1.64899147e+01]
 [5.25049169e+01 1.20349595e+01]
 [4.96762027e+01 1.26109344e+01]
 [1.93123631e+01 2.37582673e+01]
 [7.50154234e+01 7.54006244e+00]
 [3.79992070e+01 1.59225113e+01]
 [5.03076383e-01 4.57811970e+01]
 [4.25560859e+01 1.45147871e+01]
 [2.55623052e+01 2.06441180e+01]
 [4.27456086e+01 1.44612018e+01]
 [2.65043557e+01 2.02226125e+01]
 [3.66382743e+01 1.64559604e+01]
 [6.46941967e+01 9.30085596e+00]
 [1.01175081e+02 4.98685267e+00]
 [1.23043280e+02 4.11504221e+00]]
