[[0.43379929 4.27441307 8.65190854 0.52291692]
 [1.4989948  1.86709885 9.70171865 3.74195519]
 [1.36438273 0.93245491 8.65502654 2.30850721]
 [0.55867567 3.33434245 9.48881637 0.91937637]
 [3.45315296 0.45987709 9.82653337 3.60077394]
 [0.34101932 3.90183123 9.64582082 2.60705459]
 [1.36438273 0.93245491 8.82868969 3.73811978]
 [2.65657573 3.14787632 9.75971492 4.90878873]
 [0.42876475 3.17481379 9.82593275 1.42486367]
 [3.64967931 0.22154241 9.79141827 4.64335094]
 [1.02564724 4.36663917 9.95455759 2.72708532]]
