[[0.62822678 4.53414591 9.09509548 1.55636897]
 [0.43379929 4.27441307 8.65190854 0.52291692]
 [1.52433924 1.41875043 9.37709581 4.04857475]
 [1.4989948  1.86709885 9.70171865 3.74195519]
 [3.65008032 0.60599795 9.20844951 4.64335094]
 [1.68005678 1.30700616 9.63388057 2.58191717]
 [0.55867567 3.33434245 9.48881637 0.91937637]
 [1.04256965 1.81511829 9.40087105 1.9611576 ]
 [0.454131   4.41948928 9.29574171 1.40800301]
 [1.25823323 1.90660622 9.63603167 2.93609384]
 [0.57152466 2.80940531 8.87781336 1.32397866]
 [0.52797523 5.26156423 9.81340468 2.07869755]
 [1.6856267  1.30700616 9.63388057 2.68676482]
 [2.10864369 1.85750985 9.40087105 4.90711624]
 [0.40606922 5.16464091 9.81939214 0.78018621]
 [0.454131   4.94194277 9.29148418 1.43564135]
 [3.16337773 0.45135475 9.8260813  3.29360848]
 [0.26621016 8.85835075 7.47081628 0.36510097]
 [0.78733333 2.82116308 8.91697139 4.87386807]
 [2.80250388 1.18876213 9.84515566 4.25718021]
 [1.04256965 1.81511829 9.40087105 1.87978863]
 [0.55867567 3.33434245 9.44810801 0.91937637]
 [1.96738037 0.87686957 9.35332216 3.39768103]
 [1.02679196 4.59675926 9.78238324 4.57948067]
 [0.72025024 4.90484079 9.94612342 1.70528635]
 [4.69832084 0.4984291  9.89108289 4.94178132]
 [1.85353546 8.54816103 9.98719337 4.98643796]
 [1.44479485 1.5157577  9.02295352 2.76510197]]
