[[1.86260211e-03 3.45560727e-03 1.79353495e+00]
 [1.98569888e-03 4.26701009e-03 1.68669248e+00]
 [3.66543097e-03 8.62346253e-03 2.38535544e+00]
 [3.81016124e-03 7.49858311e-03 2.02228296e+00]
 [4.44117107e-03 8.28135361e-03 1.85269631e+00]
 [4.32981507e-03 9.09311989e-03 2.21095800e+00]
 [1.15103041e-03 2.27001165e-03 2.19196477e+00]
 [3.93884008e-03 6.88955048e-03 1.80800322e+00]
 [8.96306989e-04 2.10770942e-03 2.00564877e+00]
 [3.72748802e-03 7.10354578e-03 1.91128685e+00]
 [4.06288428e-03 7.43749196e-03 1.57597376e+00]
 [3.14417222e-03 6.05896361e-03 2.18969427e+00]
 [3.23479197e-03 6.07441894e-03 2.30166251e+00]
 [4.79737567e-03 9.46676679e-03 2.10686741e+00]
 [8.48018217e-04 2.02463036e-03 2.70847595e+00]
 [4.93963846e-04 1.50455028e-03 1.79070095e+00]
 [2.72400850e-03 5.98788918e-03 2.74616699e+00]
 [2.37214058e-03 5.39490891e-03 2.49856157e+00]
 [3.01007943e-03 6.72420773e-03 2.03557345e+00]
 [1.86155670e-03 4.71819063e-03 2.96364884e+00]
 [1.32906238e-03 2.83462432e-03 2.60128235e+00]
 [7.01982756e-04 1.22360148e-03 2.60148914e+00]
 [1.53091623e-03 3.57378547e-03 2.55660178e+00]
 [1.84384442e-03 4.23282776e-03 2.69735901e+00]
 [2.90042275e-03 6.15249066e-03 1.99611125e+00]
 [1.46792373e-03 2.64297483e-03 1.84650413e+00]
 [4.61675073e-03 9.96984831e-03 2.54783250e+00]
 [1.86260211e-03 3.45028283e-03 1.84576597e+00]
 [1.23841198e-03 2.60412198e-03 2.68970913e+00]
 [1.32906238e-03 2.83462432e-03 2.56838612e+00]
 [1.98372758e-03 3.00205880e-03 1.42045916e+00]
 [1.08755487e-03 2.16733042e-03 2.19196477e+00]
 [1.90069453e-03 4.73031068e-03 2.96364884e+00]
 [1.90087050e-03 3.52630006e-03 1.77952982e+00]
 [8.96306989e-04 2.10770942e-03 1.95630803e+00]
 [1.93434283e-03 3.43025141e-03 2.04640273e+00]
 [1.88468400e-03 3.09210256e-03 1.81558635e+00]
 [1.32906238e-03 2.92651422e-03 2.66635462e+00]
 [7.61058003e-04 1.05818100e-03 1.89134591e+00]
 [7.87547982e-04 1.56432225e-03 1.50238525e+00]
 [2.67389064e-03 5.82886127e-03 2.08039273e+00]
 [1.61510770e-03 3.42440641e-03 1.75862362e+00]
 [5.36929067e-03 9.57106994e-03 1.82143525e+00]
 [2.37214058e-03 5.67883400e-03 2.22359459e+00]
 [4.93335555e-03 9.96984831e-03 2.95015285e+00]
 [3.51093300e-03 6.28023232e-03 1.62418596e+00]
 [4.33883376e-03 8.67554333e-03 1.88123478e+00]
 [8.16239827e-04 1.34132876e-03 1.42251900e+00]
 [3.72748802e-03 7.39214473e-03 1.91128685e+00]
 [4.91347754e-03 9.74149809e-03 2.46174360e+00]
 [2.63259384e-03 4.92570781e-03 1.70349876e+00]
 [8.47777334e-04 2.02463036e-03 2.76234018e+00]
 [2.53888621e-03 5.39448428e-03 1.85759032e+00]
 [1.65816243e-03 3.98965627e-03 2.72765829e+00]
 [8.10903429e-04 1.45248868e-03 2.64494213e+00]
 [7.46053467e-04 9.87363919e-04 1.89134591e+00]
 [1.86401289e-03 4.02924991e-03 2.20629497e+00]
 [2.80192635e-03 5.08929076e-03 2.08742348e+00]
 [3.08508394e-03 5.30697438e-03 1.51428033e+00]
 [9.97758151e-04 2.10770942e-03 1.86801827e+00]
 [3.30041174e-03 7.26706786e-03 1.83895600e+00]
 [3.16287344e-03 6.38343330e-03 1.89919717e+00]
 [4.54349928e-03 8.66751543e-03 2.02381469e+00]
 [3.66704775e-03 8.22788362e-03 2.51061334e+00]
 [1.01581476e-03 2.56706442e-03 2.94264094e+00]
 [1.00431018e-03 1.35079158e-03 2.00500724e+00]
 [4.10815966e-03 9.52781502e-03 2.33774663e+00]
 [3.74927784e-03 7.64612519e-03 2.20218042e+00]
 [3.90371253e-03 7.68030972e-03 1.93246757e+00]
 [1.98372758e-03 3.13390183e-03 1.42045916e+00]
 [4.26742552e-03 8.19542756e-03 1.90642017e+00]
 [1.86884443e-03 3.43253484e-03 1.70995355e+00]
 [5.12649747e-03 9.77916030e-03 2.20337451e+00]
 [4.79737567e-03 9.74244043e-03 2.10686741e+00]
 [4.88067880e-03 9.52930684e-03 1.84550532e+00]]
