[[0.78492906 0.54484695]
 [0.16004615 0.94849638]
 [0.77827586 0.57128289]
 [0.66393668 0.79054524]
 [0.5904848  0.80314246]
 [0.88338378 0.49249283]
 [0.7426184  0.75987037]
 [0.14458835 0.99556489]
 [0.48600247 0.92266673]
 [0.52367863 0.81194549]
 [0.51483172 0.87708139]
 [0.50047412 0.89013533]
 [0.51929397 0.86934049]
 [0.90914913 0.48058165]
 [0.99398464 0.12473927]
 [0.95633326 0.17186369]
 [0.12569831 0.99877835]
 [0.93905927 0.18395006]
 [0.83912711 0.50748875]
 [1.03868689 0.09398448]
 [0.17936595 0.94076796]
 [1.02354235 0.10265811]
 [0.49400506 0.91450984]
 [0.77004596 0.68665052]
 [0.91199161 0.45987062]
 [0.68194496 0.77721757]
 [0.06832097 1.04932889]
 [0.12082482 1.03000828]]
