[[2.08511002 2.16097348]
 [0.93130106 1.03668218]
 [1.98383737 1.6164502 ]
 [2.09597257 2.0556585 ]
 [0.70193469 0.59430447]
 [1.05814058 0.79663998]
 [1.63322451 1.58117431]
 [3.45448459 2.99196855]
 [0.09940067 0.07863296]
 [2.76410989 2.52609268]
 [2.92879636 2.90878724]
 [0.29958845 0.36403037]
 [0.22275939 0.32248239]
 [1.1992388  1.48130914]
 [2.62335155 2.77442391]
 [3.08389179 2.84704896]
 [1.95003857 1.457972  ]
 [0.88098128 0.99619072]
 [2.9100709  2.63649595]
 [1.42788141 1.76050002]
 [0.99284944 1.28010303]
 [2.63857323 2.40648325]
 [2.59505814 2.31265173]
 [2.07924359 1.8500552 ]
 [3.91374707 2.97141535]
 [2.2095214  1.74473222]
 [2.96716225 2.53152129]
 [0.09166321 0.20017499]
 [1.9742524  2.24081549]
 [4.52904748 2.96986554]
 [0.73396187 0.79289245]
 [2.58633799 2.74921756]
 [0.43741105 0.68192921]
 [2.85357926 2.99026028]
 [1.69354013 1.57168841]
 [2.52259585 2.02154702]
 [2.42214223 2.57795342]
 [1.37059888 1.68158997]
 [0.40264764 0.69510693]
 [0.79916825 0.60780638]
 [1.85077089 1.59209232]
 [2.01610236 2.27624079]
 [2.00932962 2.09192406]
 [0.60383592 0.66085196]
 [0.69177345 0.87043339]
 [1.72849411 2.02491481]
 [1.57382844 1.88056681]
 [2.86636136 2.82828773]
 [2.45772575 2.57010749]
 [2.09289013 2.0503947 ]
 [1.47644397 1.63236415]
 [2.43960746 2.56606924]
 [2.57087522 2.62599818]
 [2.8968027  2.77411254]
 [1.14602514 1.30165013]
 [1.91233729 1.40936712]
 [3.154796   2.94277103]
 [2.49966186 2.33129469]
 [1.99609303 2.39088676]
 [1.90540746 1.97803481]
 [0.354592   0.45781196]
 [1.60513157 1.67373598]
 [0.19864353 0.21100032]
 [2.69824555 2.6857811 ]
 [1.64180695 1.64269281]
 [1.93002006 1.71462628]
 [0.967082   1.0069914 ]
 [2.16177797 2.5431014 ]
 [3.01091827 2.89070126]
 [1.72839607 1.78687529]
 [1.5264415  1.11496373]
 [2.24368629 2.1129402 ]
 [1.17538818 1.38480624]
 [1.64922281 2.0492231 ]
 [0.98916392 1.28799217]
 [1.97441131 1.38473913]
 [2.80474378 2.34109057]
 [0.61386065 0.56270968]
 [2.35248838 2.48140801]
 [1.93494617 1.47864262]
 [2.29978366 2.29161815]
 [0.63356692 0.73279999]
 [2.73227295 2.44932719]
 [3.18195657 2.89175372]
 [0.08712715 0.16851929]
 [1.30817008 1.02552056]
 [1.10093301 1.07833708]
 [2.29940133 2.38426752]
 [3.35062091 2.96197852]
 [2.16838174 2.55335387]
 [0.24748657 0.16732568]
 [3.53956219 2.99518283]
 [2.92852204 2.80643977]
 [2.03001251 1.71614931]
 [2.2231292  2.38851332]
 [2.58802695 2.83106902]
 [0.09940067 0.03148722]
 [1.41281995 1.457972  ]
 [2.52174122 2.33129469]
 [2.73072452 2.47345457]
 [2.29978366 2.29907095]
 [0.5200606  0.40437935]
 [0.1643216  0.04317071]
 [2.36515785 2.55586736]
 [0.03379452 0.15279305]
 [3.1741045  2.84091128]
 [3.76125771 2.97141535]
 [3.18381889 2.94277103]
 [1.84880705 2.08959756]
 [3.5194513  2.96197852]
 [0.4951727  0.53965304]
 [2.10562916 2.09461169]
 [1.57382844 1.73031338]
 [4.18663398 2.99485756]
 [2.86750222 2.90878724]
 [3.0235805  2.73471798]
 [0.75392199 0.99664677]
 [1.03812831 0.71694663]
 [2.6361993  2.67110438]
 [2.31853144 2.83310494]
 [1.2440138  1.26332288]
 [1.27220325 0.93554834]
 [2.14221238 2.42595739]
 [2.80040217 2.91393243]
 [0.4349402  0.26937499]
 [0.19864353 0.25274406]
 [1.87455373 2.02491481]
 [1.34550599 1.42184157]
 [1.32239726 1.51195917]
 [3.01384453 2.95294119]
 [0.90478721 1.38480624]
 [2.9605035  2.90823315]
 [1.62983604 2.07674512]
 [2.15015756 2.33217603]
 [2.05205314 1.78508055]
 [0.75591425 0.67143304]
 [0.71259169 0.99679072]
 [2.0968381  2.10869318]
 [1.4420701  1.71539865]
 [1.20566944 0.8824281 ]
 [1.25830451 0.93555614]
 [4.71166786 2.96855054]
 [0.70961486 0.76828548]
 [2.16268674 2.1129402 ]
 [1.84845797 2.16376072]
 [2.30728697 2.19953557]
 [1.13461529 1.50187827]
 [0.19864353 0.2828488 ]
 [1.42788141 1.74441533]
 [4.13806156 2.97509522]
 [2.86636136 2.95118262]
 [2.14097399 2.58606652]
 [2.00078279 2.16097348]
 [0.04298138 0.04586353]
 [2.08652401 1.84764752]
 [2.17622982 2.10384406]
 [1.19197534 1.39256702]
 [2.91150123 2.89549007]
 [1.12221467 1.02732192]
 [2.42016865 2.67866613]
 [0.4089041  0.33183502]
 [1.12008465 1.02851554]
 [2.51790658 2.82508155]
 [3.35062091 2.96277396]
 [2.35447442 2.3024638 ]
 [0.30238327 0.57135656]
 [3.26117197 2.95281503]
 [3.0676295  2.97394141]
 [3.85694815 2.83312475]
 [1.7923415  2.20244851]
 [2.9100709  2.6376145 ]
 [3.47565751 2.98795583]
 [1.18687481 1.73834468]
 [1.06518525 0.96520263]
 [0.51660031 0.80671292]
 [2.62335155 2.79915808]
 [2.6094183  2.71183834]
 [0.0398752  0.04586353]
 [1.37237194 1.23779186]
 [1.78636343 1.98470539]
 [3.17383134 2.77304304]
 [0.94993746 1.11446484]
 [4.06412055 2.94484987]
 [0.50017048 0.54361751]
 [1.23637572 1.67658556]
 [2.17800481 2.49342466]
 [3.25932107 2.91514253]
 [0.08766308 0.17141196]
 [1.37059888 1.68423782]
 [2.45991433 2.49763182]
 [0.29728459 0.32248239]
 [2.53042842 2.98087325]
 [0.80755385 0.97553251]
 [3.40297795 2.99196855]
 [2.52605631 2.69477381]
 [2.61390985 2.84941797]
 [2.64273483 2.7587759 ]
 [4.52904748 2.99134776]
 [1.48655736 1.58584234]
 [1.97863015 1.63904045]
 [2.13913073 2.23147756]
 [1.37663679 1.04021871]
 [0.7019853  0.36980319]
 [2.55658607 2.96811797]
 [1.91279632 2.0053685 ]
 [2.14205308 2.17719089]
 [2.83830275 2.78483257]
 [3.06129951 2.93020343]
 [0.83329009 0.76716258]
 [3.53956219 2.99628145]
 [1.43607046 1.30165013]
 [2.12273478 1.86059042]
 [1.9899532  2.12067185]
 [3.0508597  2.74582296]
 [2.3920887  2.41717968]
 [3.36203666 2.91525875]
 [0.50727303 0.69757887]
 [0.26115897 0.16064501]
 [0.29958845 0.55360927]
 [2.44192883 2.02114597]
 [4.1798014  2.96904772]
 [0.88098128 0.95829203]
 [0.90478721 1.46100529]
 [1.83617197 1.74556599]
 [0.6317939  0.75567411]
 [1.71152524 1.54400312]
 [2.9605035  2.9125414 ]
 [2.22836478 2.5146845 ]
 [0.77464071 0.69537954]
 [0.07893378 0.03148722]
 [1.87437972 1.61823564]
 [0.13071312 0.21816212]
 [1.4203936  1.73997393]
 [2.1584949  1.80797297]
 [2.77339216 2.80165184]
 [0.1473822  0.17044813]
 [1.72917472 1.81808367]
 [1.08651864 0.56329542]
 [2.45299121 2.67262365]
 [3.77501025 2.99753002]
 [2.72809761 2.38851332]
 [0.96381139 0.9654864 ]
 [4.90401274 2.98226249]
 [0.6233585  0.86062495]
 [1.46502928 1.54228443]
 [2.15007969 2.63230118]
 [0.68379066 0.76828548]
 [4.21412156 2.99891111]
 [1.69373891 1.99347708]
 [1.96148162 2.48057174]
 [3.40415281 2.96197852]
 [0.95885849 0.67307037]
 [2.61514741 2.84573656]
 [1.51676552 1.35653981]
 [2.7002232  2.93019588]
 [2.12792734 2.15496739]
 [1.31076747 1.57331596]]
